1 1.42384e-05 2.00516e-05 4.20905e-07 -1.42383e-05 1 -6.73014e-06 -1.34243e-06 -2.00517e-05 6.72985e-06 1 -1.75852e-06
0.901485 -0.00960308 -0.432703 4.83438 0.000878933 0.999792 -0.0203575 0.219792 0.432809 0.0179717 0.901307 0.270177
0.847317 -0.0336483 -0.530021 5.59181 0.0176864 0.999225 -0.0351612 0.224651 0.530793 0.0204185 0.847255 0.67185
0.920992 -0.0702863 -0.383188 6.38147 0.0265391 0.992625 -0.118286 0.22465 0.388676 0.0987706 0.916065 1.42012
0.95661 -0.0913316 -0.276687 7.43208 0.0785666 0.995284 -0.056899 0.262992 0.280579 0.0326918 0.959274 1.81938
0.847618 -0.0535328 -0.527899 8.4559 0.0359122 0.998404 -0.0435832 0.249964 0.52939 0.0179839 0.848188 2.26993
0.555919 -0.0644144 -0.828737 9.18301 0.0887406 0.995894 -0.0178795 0.293258 0.826486 -0.0636031 0.559352 3.10406
0.163114 -0.0636621 -0.984551 9.29399 0.257414 0.966098 -0.0198223 0.402111 0.952435 -0.250204 0.173971 3.35136
-0.23825 0.0271277 -0.970825 9.54989 0.298412 0.953299 -0.0465953 0.454102 0.924222 -0.300808 -0.235218 3.82657
-0.553625 0.00956032 -0.832711 9.60325 0.218031 0.966718 -0.133858 0.479138 0.803718 -0.255664 -0.537284 4.13926
-0.546302 -0.00203011 -0.837586 9.65137 0.0686782 0.996521 -0.0472096 0.40484 0.834768 -0.0833146 -0.544262 4.82883
-0.603603 0.0821852 -0.793038 10.0284 0.0394703 0.996534 0.0732323 0.291001 0.796307 0.0129018 -0.604755 4.78578
-0.867017 0.111304 -0.485688 10.1553 0.0606257 0.991055 0.118892 0.24799 0.494576 0.0736361 -0.866009 4.55128
-0.992463 0.0213829 -0.120663 10.0764 0.0143322 0.998155 0.0590011 0.227171 0.121702 0.0568271 -0.990939 4.2286
-0.976119 -0.00410874 0.217196 9.65462 -0.00113616 0.999904 0.0138093 0.281864 -0.217232 0.0132328 -0.97603 3.65125
-0.819224 -0.00483613 0.573453 9.32313 0.0492575 0.995676 0.0787652 0.256805 -0.571354 0.0927732 -0.815443 3.16585
-0.587366 -0.0149244 0.809184 8.75447 0.00672642 0.999705 0.0233209 0.28203 -0.809293 0.0191408 -0.587093 2.36358
-0.573685 -0.0474862 0.817698 8.13513 -0.060941 0.998026 0.015203 0.310974 -0.816806 -0.0411097 -0.575446 1.60019
-0.83418 -0.0156771 0.551269 7.57312 -0.0133634 0.999877 0.00821326 0.30867 -0.55133 -0.000515463 -0.834287 0.709323
-0.959054 -0.0448125 0.279656 6.95481 -0.0295899 0.997853 0.0584217 0.27282 -0.281673 0.0477546 -0.958321 -0.151638
-0.816193 0.00303456 0.577772 6.24109 0.0120608 0.999858 0.0117864 0.243159 -0.577654 0.0165884 -0.816113 -0.785906
-0.906493 -0.0236888 0.421557 5.17499 -0.00540164 0.998994 0.0445217 0.249989 -0.422187 0.0380815 -0.905708 -1.18984
-0.995771 -0.0060994 0.0916693 4.48607 -0.00128216 0.998619 0.0525175 0.251749 -0.0918631 0.0521778 -0.994404 -1.67228
-0.921581 -0.0861261 -0.378511 4.56312 -0.115041 0.99187 0.0544068 0.248044 0.370748 0.0936846 -0.923996 -1.78484
-0.745112 -0.118036 -0.656411 4.71643 -0.190219 0.980946 0.0395296 0.254118 0.639238 0.154316 -0.753367 -1.81888
-0.46566 -0.0343373 -0.884297 4.92331 -0.205754 0.976065 0.0704469 0.232385 0.860712 0.214752 -0.461579 -1.82851
-0.0995621 -0.0605996 -0.993184 5.16629 -0.0956783 0.994102 -0.0510643 0.265619 0.990421 0.0899422 -0.104773 -1.66967
0.246703 -0.112895 -0.962493 5.1973 0.0210398 0.993581 -0.111149 0.326499 0.968863 0.00717016 0.247495 -1.16019
0.338301 -0.150889 -0.928862 5.2502 0.0417296 0.988496 -0.145378 0.348659 0.940112 0.0104205 0.340706 -0.781624
0.623775 -0.109325 0.773921 2.35005 -0.086783 0.97436 0.207586 0.138655 -0.776771 -0.19665 0.598293 -0.417093
0.582251 -0.208129 0.785917 2.48097 0.0592625 0.974971 0.214289 0.107031 -0.810846 -0.0781948 0.580012 -0.508608
0.465576 -0.239724 0.851922 2.63969 0.0622925 0.969104 0.238655 0.102584 -0.882813 -0.0580437 0.466124 -0.554741
0.61916 -0.356197 0.699832 2.97457 0.0288445 0.90092 0.433026 0.216876 -0.784735 -0.247926 0.568088 -0.88797
0.66535 -0.41534 0.620324 3.36917 0.0295191 0.844929 0.534064 0.270902 -0.745948 -0.337028 0.574434 -0.969715
0.798136 -0.44404 0.407194 3.66092 0.207782 0.837274 0.505765 0.23228 -0.565513 -0.319062 0.760523 -0.967046
0.864585 -0.174201 0.471325 3.99673 0.0799433 0.973723 0.213242 0.142498 -0.496087 -0.146686 0.855792 -0.631583
0.974328 -0.167001 0.150985 4.20985 0.136911 0.971899 0.191489 0.162028 -0.178721 -0.165901 0.969812 -0.248455
0.976959 -0.117763 -0.177997 4.36814 0.133727 0.987745 0.0804849 0.120274 0.166338 -0.102433 0.980734 0.0666612
0.863962 -0.0685919 -0.498863 4.33096 0.139731 0.984431 0.106639 0.131602 0.483781 -0.161838 0.860095 0.388563
0.702904 -0.309814 -0.640267 4.33809 0.447532 0.892282 0.0595544 0.240635 0.552848 -0.328401 0.76584 0.590415
0.721029 -0.474382 -0.505054 4.27309 0.645366 0.7251 0.240278 0.307178 0.252231 -0.499192 0.828968 0.70226
0.819788 -0.262196 -0.509117 4.13941 0.385037 0.910446 0.151112 0.197401 0.423903 -0.319908 0.847328 1.11885
0.795466 0.0166968 -0.605768 4.09921 0.0960913 0.983498 0.153291 0.0705903 0.598331 -0.180147 0.780735 1.40924
0.5744 -0.0286617 -0.818073 3.91611 0.120752 0.99142 0.0500494 0.0920638 0.809619 -0.127532 0.572933 1.57363
0.291619 0.00653788 -0.956512 3.92134 0.071725 0.997012 0.028682 0.0684273 0.953842 -0.0769701 0.290278 1.7501
-0.0328613 -0.0592533 -0.997702 4.10837 0.189127 0.979837 -0.0644216 0.150565 0.981403 -0.19081 -0.0209923 1.58608
-0.368632 -0.127025 -0.920856 4.21162 0.117379 0.97633 -0.181666 0.159985 0.922135 -0.175057 -0.344996 1.62819
-0.643074 -0.283688 -0.71132 4.58522 0.0412245 0.914684 -0.402062 0.239102 0.764693 -0.28788 -0.576515 1.6189
-0.852989 -0.270924 -0.446105 4.68171 -0.079531 0.912212 -0.401925 0.212041 0.515833 -0.307358 -0.799654 1.53548
-0.943344 -0.270124 -0.192706 4.59489 -0.184072 0.909219 -0.373416 0.227073 0.27608 -0.316788 -0.907428 1.55261
-0.989551 -0.112056 0.0907332 4.4259 -0.127541 0.973785 -0.188349 0.143227 -0.067249 -0.197953 -0.977902 1.39929
-0.856065 -0.10701 0.50567 4.34872 -0.183466 0.977538 -0.103728 0.136392 -0.483212 -0.181571 -0.856469 1.14695
-0.58999 -0.166454 0.790066 4.27256 -0.268908 0.963163 0.00211279 0.175654 -0.761314 -0.211209 -0.613018 1.07991
-0.292622 -0.157827 0.943113 4.3022 -0.298983 0.951936 0.0665376 0.161349 -0.908285 -0.262505 -0.325745 0.944493
0.0544473 -0.185733 0.981091 4.37234 -0.302074 0.933444 0.193477 0.197148 -0.951728 -0.306896 -0.00528162 0.651046
0.137745 -0.0857234 0.986751 4.519 -0.217118 0.969404 0.114525 0.151915 -0.966378 -0.230016 0.114919 0.25515
-0.256657 -0.0277066 0.966105 4.69325 -0.138779 0.990287 -0.00846809 0.0983347 -0.956487 -0.136248 -0.258009 -0.217179
-0.596129 0.0574432 0.800831 4.69778 -0.0483332 0.993061 -0.10721 0.0931723 -0.801432 -0.102618 -0.589216 -0.459945
-0.902332 -0.0581825 0.427096 4.72223 -0.152534 0.969834 -0.190143 0.162022 -0.403149 -0.236719 -0.883988 -0.565464
-0.975747 -0.190078 0.108572 4.51403 -0.211557 0.946239 -0.244694 0.188693 -0.0562243 -0.261729 -0.963502 -0.649473
-0.9568 -0.109739 -0.269241 4.24776 -0.029432 0.957834 -0.28581 0.189821 0.289253 -0.265539 -0.919686 -0.878766
-0.746082 -0.0424407 -0.6645 3.74232 0.0796993 0.9851 -0.152401 0.155923 0.661067 -0.166664 -0.731583 -0.915196
-0.48579 -0.144078 -0.862119 3.37804 0.14234 0.960115 -0.240662 0.212787 0.862408 -0.239625 -0.445906 -1.00702
-0.391839 -0.246049 -0.886523 2.78749 0.174658 0.92616 -0.334248 0.231674 0.903303 -0.28581 -0.319931 -0.898169
-0.339111 -0.237072 -0.910385 2.29455 0.198092 0.928034 -0.315455 0.21921 0.919654 -0.287314 -0.267744 -0.741209
-0.490397 -0.261001 -0.831498 1.75457 0.201884 0.894127 -0.399725 0.260921 0.847794 -0.36389 -0.385785 -0.693909
-0.594911 -0.256297 -0.761835 1.07674 0.0263197 0.941082 -0.337152 0.244615 0.803361 -0.220627 -0.553114 -0.840481
-0.50968 -0.131617 -0.850237 0.459408 0.103247 0.971731 -0.212316 0.149453 0.854147 -0.195997 -0.481683 -1.18543
-0.184434 -0.0959219 -0.978153 -0.0737119 0.122528 0.985218 -0.119718 0.118166 0.975177 -0.141931 -0.169955 -1.24597
0.168166 -0.0891693 -0.981717 -0.271811 0.187894 0.980541 -0.0568766 0.118915 0.967686 -0.174894 0.181648 -1.20763
0.626129 -0.145128 -0.766094 -0.462452 0.236472 0.971595 0.00920995 0.153348 0.742996 -0.186926 0.642662 -0.915811
0.867883 -0.141989 -0.476045 -0.508958 0.211481 0.972713 0.0954239 0.159709 0.449506 -0.183491 0.874229 -0.852868
0.951564 -0.253352 -0.17418 -0.481579 0.285734 0.937881 0.196811 0.139428 0.113497 -0.237047 0.964846 -0.741234
0.906225 -0.416649 0.0718361 -0.41024 0.359485 0.848753 0.3878 0.195597 -0.222548 -0.32561 0.91894 -0.551424
0.80478 -0.573434 0.153304 -0.54216 0.357963 0.674891 0.645278 0.265896 -0.473488 -0.46443 0.748407 -0.349061
0.736027 -0.671213 0.0879593 -0.313592 0.302689 0.442535 0.844122 0.340286 -0.605511 -0.594672 0.528886 -0.0245441
0.733979 -0.672076 -0.0979278 -0.0465519 0.469119 0.397413 0.788664 0.347941 -0.491124 -0.624802 0.606976 0.355004
0.746643 -0.625299 -0.226993 0.264484 0.618169 0.526127 0.584002 0.324443 -0.245749 -0.576361 0.779369 0.787514
0.782266 -0.493979 -0.379533 0.27193 0.617391 0.695959 0.3667 0.271195 0.0829973 -0.521177 0.849403 1.17657
0.678056 -0.38214 -0.62786 0.319635 0.447612 0.892236 -0.0596508 0.137836 0.582994 -0.240591 0.776037 1.37721
0.580614 -0.283569 -0.763201 0.295731 0.120507 0.956994 -0.263896 0.0737554 0.805211 0.0612511 0.589816 1.55741
0.356743 -0.197204 -0.913151 0.000590295 0.111161 0.979482 -0.168102 0.0474218 0.927566 -0.0415381 0.371345 1.89023
0.414019 -0.0822174 -0.906548 -0.117573 0.200126 0.979767 0.0025394 0.028763 0.887996 -0.182475 0.422096 2.44367
0.473919 -0.130701 -0.870814 -0.427535 0.277461 0.960713 0.00680749 0.0428331 0.835713 -0.244843 0.491565 2.82955
0.672118 -0.064502 -0.73763 -0.642612 0.197828 0.975628 0.0949447 0.0566646 0.713528 -0.209738 0.668497 3.35154
0.706378 -0.132579 -0.695308 -0.81008 0.184885 0.98276 0.000438425 0.0601049 0.683263 -0.128861 0.718712 3.97397
0.890379 -0.122064 -0.438549 -0.818476 0.209855 0.964967 0.157479 0.0992515 0.403963 -0.232248 0.884802 4.4175
0.820018 -0.239178 -0.519965 -0.80315 0.335163 0.937099 0.0975198 0.157428 0.463935 -0.254241 0.848602 4.88752
0.657055 -0.118144 -0.744527 -1.20389 0.198733 0.979852 0.0198984 0.0877269 0.727175 -0.161037 0.667296 5.42971
0.693823 -0.158263 -0.70254 -1.40486 0.308848 0.946675 0.0917561 0.147879 0.650556 -0.28064 0.705704 5.98975
0.681716 -0.214841 -0.699361 -1.57535 0.353931 0.933456 0.0582472 0.171401 0.640309 -0.287234 0.712391 6.50341
0.545906 -0.113695 -0.830096 -1.87551 0.319441 0.944158 0.0807601 0.140853 0.77456 -0.309255 0.551741 6.82688
0.233571 -0.0659122 -0.970103 -2.02049 0.18655 0.982203 -0.0218187 0.0810213 0.954276 -0.175877 0.24171 6.98559
-0.142464 -0.106353 -0.98407 -2.09751 0.160755 0.978524 -0.129027 0.101599 0.976659 -0.176576 -0.122308 7.15502
