0.999996 -0.00160163 0.00253157 -6.04002e-05 0.00160113 0.999999 0.000196887 -9.8053e-05 -0.00253188 -0.000192832 0.999997 -7.98903e-05
0.90257 -0.0111752 -0.430398 4.83463 0.00242546 0.999779 -0.0208728 0.227537 0.430537 0.0177953 0.902398 0.257899
0.848626 -0.0352216 -0.52782 5.59305 0.0191733 0.999173 -0.0358484 0.233703 0.528646 0.0203018 0.848599 0.657672
0.921935 -0.0716705 -0.380657 6.3846 0.0281381 0.992528 -0.118725 0.235139 0.386322 0.0987459 0.917063 1.40394
0.957193 -0.0928619 -0.274149 7.4361 0.0801615 0.99514 -0.057197 0.274958 0.278128 0.0327724 0.959985 1.80083
0.848943 -0.0550657 -0.525607 8.46126 0.0373035 0.99832 -0.0443385 0.262994 0.527166 0.0180339 0.849571 2.24822
0.557944 -0.0661413 -0.827239 9.19047 0.0896929 0.995786 -0.0191226 0.307522 0.825018 -0.0635281 0.561525 3.08043
0.165128 -0.065867 -0.98407 9.30169 0.257807 0.965959 -0.0213945 0.41734 0.951981 -0.250168 0.176488 3.32804
-0.236373 0.024805 -0.971346 9.5587 0.298155 0.953299 -0.0482107 0.469824 0.924787 -0.301008 -0.23273 3.8026
-0.551935 0.00731997 -0.833855 9.61283 0.21724 0.966695 -0.135306 0.494985 0.805093 -0.255827 -0.535143 4.11515
-0.544277 -0.003864 -0.838897 9.66283 0.0679264 0.996503 -0.0486606 0.420863 0.836151 -0.0834681 -0.542111 4.80461
-0.601577 0.0806563 -0.794732 10.0403 0.0386041 0.996662 0.0719283 0.306766 0.797881 0.0125904 -0.602683 4.75995
-0.865809 0.109931 -0.48815 10.1667 0.0593044 0.991236 0.11804 0.26392 0.496848 0.0732504 -0.864741 4.52512
-0.992163 0.0198556 -0.123361 10.0868 0.0126822 0.998197 0.0586651 0.243925 0.124304 0.0566409 -0.990626 4.20298
-0.976688 -0.00577216 0.214585 9.66337 -0.00282373 0.999897 0.0140441 0.297832 -0.214644 0.0131108 -0.976604 3.62673
-0.820833 -0.00629833 0.571133 9.33064 0.0477704 0.995679 0.0796359 0.272142 -0.569166 0.092651 -0.816986 3.14221
-0.589397 -0.0168736 0.807667 8.75821 0.0060185 0.999662 0.0252767 0.296441 -0.807821 0.0197589 -0.589096 2.3431
-0.576372 -0.0500054 0.815656 8.13612 -0.0614891 0.99795 0.0177308 0.325228 -0.81487 -0.0399344 -0.578266 1.58363
-0.835468 -0.0188099 0.549217 7.57023 -0.0154995 0.999823 0.0106648 0.323118 -0.54932 0.000397521 -0.835612 0.697052
-0.958671 -0.0489452 0.280274 6.94929 -0.0335949 0.997674 0.0593164 0.285896 -0.282526 0.0474492 -0.958085 -0.159392
-0.814477 -0.00474856 0.580177 6.23745 0.00195589 0.999938 0.0109299 0.255552 -0.580193 0.0100369 -0.814417 -0.795535
-0.904679 -0.0246997 0.425376 5.17275 -0.000755225 0.99841 0.0563671 0.253028 -0.426092 0.0506729 -0.903259 -1.19869
-0.995482 -0.00821949 0.0945918 4.48537 -0.00247054 0.998151 0.0607337 0.261736 -0.0949161 0.0602256 -0.993662 -1.68069
-0.921834 -0.0892463 -0.377169 4.56224 -0.119025 0.991291 0.0563474 0.260458 0.368855 0.0968355 -0.924429 -1.78974
-0.749669 -0.120451 -0.65076 4.71928 -0.19263 0.980438 0.0404359 0.266453 0.633159 0.155669 -0.758206 -1.81466
-0.468944 -0.0406527 -0.882292 4.92332 -0.205776 0.976479 0.0643792 0.246757 0.858922 0.211745 -0.46628 -1.82373
-0.100669 -0.0583571 -0.993207 5.15337 -0.0921417 0.994535 -0.0490958 0.276616 0.990644 0.0865734 -0.105496 -1.65912
0.246741 -0.109519 -0.962873 5.16381 0.0193937 0.993953 -0.108084 0.334633 0.968887 0.00799506 0.247372 -1.14493
0.338219 -0.15071 -0.928921 5.22913 0.0422853 0.98853 -0.144985 0.35201 0.940117 0.0097569 0.340712 -0.777009
0.622458 -0.108285 0.775126 2.34417 -0.0867212 0.974742 0.205811 0.142393 -0.777834 -0.195329 0.597345 -0.421515
0.581573 -0.207041 0.786706 2.47729 0.0595402 0.97531 0.212662 0.110403 -0.811312 -0.0768377 0.579542 -0.514856
0.464735 -0.238987 0.852588 2.63587 0.062778 0.969357 0.237499 0.105693 -0.883222 -0.0568503 0.465497 -0.560674
0.618535 -0.355316 0.700831 2.97061 0.0290665 0.901655 0.431479 0.220216 -0.785219 -0.246514 0.568033 -0.89476
0.664846 -0.41448 0.621439 3.36534 0.0295929 0.845896 0.532526 0.273985 -0.746394 -0.335658 0.574656 -0.976972
0.798108 -0.443018 0.408361 3.65721 0.207361 0.838322 0.5042 0.235103 -0.565708 -0.317728 0.760936 -0.97476
0.864567 -0.17266 0.471925 3.99327 0.079196 0.974199 0.211337 0.144503 -0.496238 -0.14534 0.855934 -0.639811
0.97518 -0.16406 0.148689 4.20821 0.134605 0.972475 0.190193 0.163868 -0.175799 -0.165458 0.970422 -0.259364
0.977069 -0.114725 -0.179372 4.36626 0.130346 0.988408 0.0778375 0.121488 0.168363 -0.099433 0.980697 0.0565179
0.862535 -0.0701052 -0.501118 4.3263 0.141157 0.984377 0.10525 0.133639 0.48591 -0.161518 0.858955 0.379587
0.700572 -0.311033 -0.642228 4.33262 0.448575 0.891901 0.0573761 0.241946 0.554958 -0.328284 0.764363 0.58102
0.718969 -0.474819 -0.507573 4.2672 0.646734 0.724529 0.238314 0.308253 0.254595 -0.499605 0.827995 0.69278
0.817899 -0.263433 -0.511513 4.13275 0.386423 0.910185 0.149132 0.197754 0.426285 -0.319635 0.846235 1.10896
0.793818 0.0149049 -0.607973 4.09216 0.0972859 0.983713 0.151141 0.0705728 0.600324 -0.179125 0.779439 1.3991
0.572197 -0.0306079 -0.819545 3.90864 0.121238 0.991481 0.0476179 0.0914737 0.811106 -0.126607 0.571033 1.56308
0.289186 0.00445881 -0.957263 3.9135 0.0714215 0.997102 0.0262206 0.0676699 0.954605 -0.0759517 0.288029 1.73953
-0.0356085 -0.061282 -0.997485 4.10075 0.188733 0.979745 -0.0669295 0.151845 0.981383 -0.190642 -0.0233213 1.57673
-0.371447 -0.128932 -0.919458 4.20337 0.116087 0.97609 -0.18377 0.161508 0.921168 -0.174998 -0.347599 1.61963
-0.646711 -0.283867 -0.707944 4.57254 0.0394852 0.91446 -0.402745 0.241536 0.761712 -0.288413 -0.580183 1.61619
-0.855276 -0.270716 -0.441832 4.67013 -0.0811276 0.912116 -0.401824 0.214124 0.511782 -0.307826 -0.802074 1.53324
-0.944372 -0.270021 -0.187753 4.582 -0.185851 0.909148 -0.372706 0.229365 0.271333 -0.317079 -0.908757 1.55095
-0.989206 -0.11174 0.0947908 4.41693 -0.127983 0.973876 -0.187582 0.144159 -0.0713541 -0.197689 -0.977664 1.39485
-0.85576 -0.105228 0.506559 4.34575 -0.181726 0.977848 -0.103871 0.13528 -0.484407 -0.180943 -0.855926 1.13939
-0.59014 -0.164627 0.790337 4.27052 -0.267238 0.96363 0.00117833 0.174452 -0.761786 -0.210513 -0.612671 1.0717
-0.293895 -0.155507 0.943103 4.30323 -0.299154 0.952072 0.0637616 0.15956 -0.907817 -0.263394 -0.32633 0.935685
0.054981 -0.183579 0.981466 4.37389 -0.303073 0.93351 0.191587 0.194548 -0.95138 -0.30799 -0.00431269 0.641931
0.140054 -0.0839369 0.98658 4.52155 -0.217993 0.969338 0.113416 0.148338 -0.965849 -0.230952 0.117462 0.246027
-0.255227 -0.0266546 0.966514 4.69538 -0.139552 0.990169 -0.00954459 0.0954433 -0.956757 -0.137315 -0.256438 -0.225652
-0.595041 0.0592262 0.80151 4.69803 -0.0471492 0.992991 -0.108379 0.0913106 -0.802311 -0.10228 -0.588078 -0.467677
-0.901724 -0.0553804 0.42875 4.72226 -0.150056 0.970195 -0.190273 0.160299 -0.405434 -0.235911 -0.883159 -0.57206
-0.97616 -0.186353 0.111284 4.51383 -0.20858 0.947228 -0.243421 0.187689 -0.0600485 -0.26083 -0.963515 -0.655447
-0.957194 -0.107164 -0.268879 4.24984 -0.0274636 0.958373 -0.284197 0.188492 0.288142 -0.264647 -0.920291 -0.885738
-0.747604 -0.0401389 -0.662931 3.74909 0.0802049 0.98541 -0.150113 0.152339 0.659284 -0.165396 -0.733477 -0.923676
-0.488205 -0.140994 -0.861264 3.38989 0.141716 0.960958 -0.237646 0.206536 0.861146 -0.238075 -0.449164 -1.01724
-0.394471 -0.240431 -0.886897 2.8038 0.174391 0.928035 -0.329149 0.223133 0.902209 -0.284507 -0.324154 -0.911148
-0.341753 -0.232296 -0.910628 2.30399 0.19797 0.929432 -0.31139 0.21551 0.918702 -0.286696 -0.271649 -0.756856
-0.492568 -0.254599 -0.8322 1.76195 0.201888 0.896735 -0.393837 0.260048 0.846533 -0.362003 -0.390302 -0.712793
-0.597475 -0.250768 -0.761669 1.07426 0.0253041 0.943476 -0.330474 0.251886 0.801488 -0.216723 -0.557358 -0.865321
-0.507797 -0.125378 -0.852304 0.449236 0.100467 0.973983 -0.203135 0.167278 0.855598 -0.18878 -0.48199 -1.21759
-0.185598 -0.0946111 -0.97806 -0.095692 0.120677 0.985625 -0.118243 0.146754 0.975188 -0.139975 -0.171512 -1.27677
0.167571 -0.0880845 -0.981917 -0.292852 0.185613 0.981007 -0.0563268 0.149521 0.968229 -0.172818 0.180738 -1.23846
0.625777 -0.144642 -0.766474 -0.48271 0.234148 0.97217 0.00770794 0.185372 0.744028 -0.184292 0.642229 -0.946494
0.867676 -0.143196 -0.476061 -0.526143 0.210539 0.973345 0.0909558 0.197141 0.450347 -0.179149 0.874696 -0.882753
0.950922 -0.255653 -0.174322 -0.498458 0.287639 0.938003 0.193429 0.178771 0.114064 -0.234077 0.965504 -0.77033
0.904882 -0.41969 0.0710529 -0.426918 0.363005 0.848031 0.386096 0.236903 -0.222296 -0.323579 0.919718 -0.579486
0.803075 -0.576361 0.151257 -0.558783 0.36207 0.673591 0.644346 0.307405 -0.473261 -0.462692 0.749626 -0.376481
0.734467 -0.673296 0.0850321 -0.330312 0.306791 0.441173 0.843354 0.382106 -0.605341 -0.593328 0.530588 -0.0518812
0.731816 -0.674046 -0.100539 -0.0630026 0.473107 0.396292 0.786843 0.390532 -0.490526 -0.62339 0.608909 0.327695
0.744161 -0.6277 -0.228512 0.248459 0.62162 0.525472 0.580919 0.367712 -0.244566 -0.574345 0.781227 0.760071
0.78045 -0.496737 -0.37967 0.256643 0.619305 0.697523 0.360448 0.315763 0.0857807 -0.516443 0.852014 1.1499
0.677886 -0.384593 -0.626545 0.305239 0.44356 0.893614 -0.0686204 0.183725 0.58628 -0.231394 0.776359 1.35056
0.582615 -0.284873 -0.761188 0.283415 0.114433 0.955983 -0.270187 0.120682 0.804652 0.0703103 0.589569 1.52759
0.359791 -0.198087 -0.911763 -0.0124092 0.103243 0.979655 -0.172096 0.0888047 0.927303 -0.0322151 0.372923 1.86089
0.416927 -0.0838186 -0.905067 -0.129724 0.193471 0.981104 -0.00173642 0.065224 0.888111 -0.17438 0.425265 2.41504
0.478004 -0.133861 -0.868098 -0.441172 0.270285 0.96278 0.000366488 0.0784746 0.835738 -0.234809 0.496394 2.80049
0.673949 -0.0658531 -0.735837 -0.649541 0.191748 0.977478 0.0881421 0.0856998 0.71346 -0.200498 0.671398 3.32559
0.707844 -0.134341 -0.693476 -0.815851 0.179968 0.983649 -0.00685648 0.0848483 0.683058 -0.11995 0.720447 3.94908
0.892339 -0.121381 -0.434739 -0.827101 0.204555 0.967327 0.149786 0.120168 0.402353 -0.222588 0.888013 4.39896
0.822128 -0.240423 -0.516045 -0.80766 0.330741 0.939496 0.0892064 0.173626 0.463375 -0.244016 0.851904 4.8655
0.660844 -0.120646 -0.740763 -1.20381 0.192888 0.981144 0.0122825 0.0984369 0.725314 -0.151001 0.671654 5.40486
0.69583 -0.160287 -0.700092 -1.40309 0.3038 0.948965 0.0846837 0.152597 0.650789 -0.271613 0.709013 5.9683
0.683461 -0.216768 -0.69706 -1.57071 0.349479 0.935515 0.0517388 0.172176 0.640894 -0.278969 0.715144 6.48007
0.549132 -0.116631 -0.827558 -1.87087 0.312577 0.94701 0.0739474 0.138312 0.775081 -0.299282 0.556489 6.8038
0.236929 -0.0674064 -0.969186 -2.01703 0.177814 0.983748 -0.0249505 0.0771793 0.955116 -0.166423 0.245064 6.96383
-0.14082 -0.102513 -0.984714 -2.10795 0.155809 0.979936 -0.124297 0.0990755 0.977698 -0.170931 -0.122022 7.12711
-0.399265 -0.126606 -0.908052 -2.31843 0.162902 0.964865 -0.206154 0.11613 0.902247 -0.230233 -0.364613 7.37863
-0.195458 -0.13814 -0.970934 -2.47335 0.105204 0.981364 -0.160803 0.10654 0.975053 -0.133576 -0.177283 7.91532
0.193902 -0.13698 -0.971411 -2.50775 0.16292 0.98095 -0.105805 0.0953117 0.967398 -0.137746 0.212525 8.1604
0.514949 -0.0802022 -0.85346 -2.61405 0.238727 0.969644 0.0529194 0.0924074 0.823308 -0.230995 0.518464 8.38911
0.706428 -0.00243845 -0.707781 -2.75981 0.113579 0.987425 0.10996 0.0668702 0.698613 -0.158067 0.697822 8.9081
0.860895 -0.165328 -0.481171 -2.89124 0.311454 0.919073 0.241454 0.073545 0.402312 -0.35773 0.842718 9.079
0.952408 -0.148822 -0.266027 -3.02078 0.212039 0.950429 0.22743 0.0568304 0.218993 -0.273014 0.936752 9.5404
0.956696 -0.0870858 -0.277757 -3.28168 0.165466 0.947741 0.272779 0.0451578 0.239486 -0.306926 0.92111 9.73208
0.886667 -0.163394 -0.432578 -3.43037 0.273107 0.93994 0.204758 0.0646991 0.373141 -0.299692 0.878038 10.1472
0.859702 -0.000886252 -0.510796 -3.70826 0.137154 0.963676 0.229168 0.00725132 0.492038 -0.267074 0.828595 10.6956
0.641587 -0.0883357 -0.761947 -3.78357 0.212565 0.974918 0.0659609 0.0312719 0.737009 -0.204283 0.644272 11.0458
0.575884 -0.253682 -0.777177 -3.88513 0.49539 0.864512 0.0848919 0.0875437 0.650343 -0.433894 0.62353 11.4025
0.176869 -0.449434 -0.875629 -3.93842 0.685086 0.694975 -0.218328 0.191832 0.706664 -0.561266 0.430821 11.4923
-0.154839 -0.471043 -0.868414 -3.96681 0.547121 0.691027 -0.472377 0.216578 0.822608 -0.54827 0.150719 11.6808
0.118674 -0.238929 -0.963758 -4.3413 0.41488 0.893761 -0.170489 0.0559262 0.902104 -0.379612 0.205193 12.0518
0.27642 -0.102111 -0.955597 -4.51905 0.105076 0.991589 -0.0755619 -0.0679946 0.955275 -0.0795236 0.284825 12.4289
0.386981 -0.0283172 -0.921653 -4.62793 -0.000257533 0.999525 -0.0308179 -0.0883983 0.922088 0.0121633 0.38679 12.6673
0.632322 -0.160962 -0.757799 -4.80401 0.207504 0.977625 -0.0345101 -0.00206644 0.746399 -0.135425 0.651574 12.9644
0.669469 -0.182713 -0.720019 -4.92318 0.257621 0.96623 -0.00565746 0.0159308 0.696737 -0.181704 0.693932 13.486
0.678044 -0.156918 -0.718076 -5.13561 0.220808 0.975306 -0.00463182 0.0309327 0.701071 -0.155416 0.69595 13.9837
0.81849 -0.197063 -0.539666 -5.21372 0.263641 0.963423 0.0480534 0.044837 0.510458 -0.181609 0.840506 14.3292
0.883471 -0.332402 -0.330132 -5.32435 0.384854 0.916773 0.106836 0.105708 0.267144 -0.22144 0.937869 14.8584
0.923463 -0.275512 -0.267037 -5.54996 0.309668 0.946112 0.0947498 0.0948578 0.226542 -0.170191 0.959017 15.3937
0.922934 -0.243901 -0.297834 -5.8083 0.292656 0.94717 0.131234 0.0912717 0.250091 -0.208283 0.945554 16.0621
0.918868 -0.359529 -0.162544 -5.91959 0.387597 0.89957 0.201353 0.145376 0.0738274 -0.248018 0.965938 16.5183
0.936027 -0.122897 -0.329774 -6.22414 0.165228 0.980814 0.10346 0.0726969 0.310732 -0.151329 0.938374 16.9929
0.927473 -0.158528 -0.338618 -6.32785 0.175046 0.984385 0.0185985 0.0682252 0.330382 -0.0765233 0.94074 17.5719
0.891067 0.0781636 -0.44709 -6.53224 -0.0760647 0.996845 0.022676 -0.0464446 0.447452 0.0138019 0.894201 18.0094
0.651601 0.186878 -0.735182 -6.68291 -0.209185 0.975867 0.0626549 -0.127165 0.729148 0.112963 0.674968 18.1744
0.157333 0.0464639 -0.986452 -6.86133 -0.0375313 0.998452 0.0410431 -0.044343 0.986832 0.0305654 0.158833 18.2144
-0.239347 -0.0854095 -0.96717 -7.05272 0.0286818 0.995067 -0.0949709 0.0501316 0.97051 -0.0504711 -0.235717 18.2046
-0.320952 -0.295544 -0.899802 -7.2471 0.175657 0.915006 -0.363193 0.152805 0.930663 -0.274624 -0.241759 18.3693
-0.323227 -0.356501 -0.876602 -7.35695 0.178776 0.886642 -0.426504 0.173615 0.929281 -0.294573 -0.222853 18.832
-0.117872 -0.246645 -0.961911 -7.66485 0.155879 0.952059 -0.26322 0.0974585 0.980718 -0.180968 -0.073774 19.3957
0.157489 -0.0901402 -0.983398 -7.79419 0.215224 0.97502 -0.0549047 0.050163 0.963782 -0.203004 0.172955 20.0628
0.000306278 -0.0474745 -0.998872 -7.89696 0.198511 0.978996 -0.046469 0.0232634 0.980099 -0.198273 0.00972405 20.5727
0.0268258 -0.032068 -0.999126 -8.00246 0.20358 0.978714 -0.0259469 -0.0174714 0.978691 -0.202706 0.0327832 20.8457
0.32579 -0.0783432 -0.94219 -8.2075 0.23912 0.970988 0.00194524 -0.0188631 0.914703 -0.225931 0.335072 21.3326
-0.0323397 -0.111524 -0.993235 -8.42194 0.244876 0.962583 -0.116055 0.00719078 0.969015 -0.246973 -0.00382007 21.6262
-0.414373 -0.12278 -0.901787 -8.77713 0.188303 0.957852 -0.216938 -0.019705 0.890414 -0.259702 -0.373788 21.9093
-0.663014 -0.200624 -0.721223 -8.88748 0.0152994 0.959587 -0.280995 0.0349571 0.748451 -0.197338 -0.63315 22.1842
-0.421032 -0.147798 -0.894923 -9.34124 0.13869 0.964544 -0.224546 -0.00677719 0.89638 -0.218658 -0.385605 22.6465
-0.0508924 -0.167085 -0.984628 -9.41653 0.238112 0.955444 -0.174439 0.0238458 0.969903 -0.243329 -0.00884008 23.0786
0.38378 -0.105114 -0.917422 -9.50454 0.31378 0.949229 0.0225032 -0.00423248 0.868479 -0.296505 0.397278 23.4752
0.541906 -0.26581 -0.797297 -9.50754 0.421233 0.906811 -0.0160172 0.0347771 0.727255 -0.327168 0.603375 23.9194
0.391517 -0.309473 -0.866568 -9.638 0.583969 0.811362 -0.0259195 0.0681632 0.711122 -0.495901 0.498385 24.4847
0.280005 -0.235687 -0.930617 -9.78559 0.362609 0.923548 -0.124794 0.0268202 0.888882 -0.302507 0.344061 25.0888
0.431393 -0.163916 -0.887148 -10.025 0.376295 0.926425 0.0118085 -0.00605075 0.81994 -0.338924 0.461334 25.6564
0.329702 -0.120902 -0.936311 -10.3829 0.371367 0.928422 0.0108855 -0.00674393 0.867976 -0.351304 0.351002 26.2565
0.0820821 -0.186399 -0.979039 -10.6493 0.299673 0.941509 -0.15413 0.0038158 0.950504 -0.280741 0.13314 26.5386
0.156876 -0.0133411 -0.987528 -10.9623 0.205699 0.978422 0.0194586 -0.0333126 0.96596 -0.206186 0.156235 26.9933
-0.12041 -0.0329643 -0.992177 -11.0567 0.108099 0.99307 -0.0461128 -0.0384826 0.986821 -0.112806 -0.116012 27.3032
-0.385292 -0.00440374 -0.922784 -11.4028 0.0738395 0.996635 -0.0355865 -0.0447274 0.919836 -0.0818491 -0.38367 27.3525
-0.703153 0.0241372 -0.710628 -11.6534 0.0105506 0.999668 0.023515 -0.0662338 0.71096 0.00903713 -0.703174 27.405
-0.60182 -0.14758 -0.784878 -11.967 0.0412956 0.975713 -0.215127 0.00627885 0.797563 -0.16188 -0.581109 27.3379
-0.746401 -0.179703 -0.640775 -12.2538 -0.0824142 0.9804 -0.17895 0.0282314 0.660374 -0.0807594 -0.746581 27.3122
-0.548557 -0.193902 -0.813319 -12.2944 0.091572 0.952953 -0.288954 0.0664084 0.831084 -0.232985 -0.504993 27.2012
-0.830969 -0.166631 -0.530778 -12.4982 -0.0379129 0.968833 -0.244798 0.0415665 0.555026 -0.183296 -0.811387 26.9634
-0.955562 -0.231049 -0.18308 -12.467 -0.18791 0.955923 -0.225612 0.0842467 0.227137 -0.181184 -0.95686 26.7827
-0.955971 -0.24964 0.154271 -12.4061 -0.277595 0.939766 -0.199452 0.0851103 -0.0951872 -0.233495 -0.967688 26.5852
-0.936347 -0.221238 0.272596 -12.5181 -0.254048 0.962886 -0.0911607 0.0915886 -0.242311 -0.154611 -0.9578 26.5056
-0.982745 -0.131515 0.130058 -12.4137 -0.155189 0.968864 -0.192924 0.0806137 -0.100636 -0.209778 -0.972556 26.5066
-0.910962 -0.147612 0.385174 -12.4534 -0.167049 0.985797 -0.0172904 0.0265425 -0.377151 -0.0800939 -0.922682 26.4745
-0.9504 -0.25227 0.181931 -12.6234 -0.289948 0.930285 -0.224723 0.0858128 -0.112557 -0.266328 -0.957288 26.3421
-0.941556 -0.336672 -0.0111442 -12.621 -0.310886 0.881227 -0.356074 0.148983 0.129701 -0.331799 -0.934391 26.1807
-0.915516 -0.304676 -0.262685 -12.9408 -0.172047 0.8868 -0.428935 0.144429 0.363636 -0.347503 -0.864298 26.0969
-0.862314 -0.115879 -0.492936 -12.9642 0.026418 0.961843 -0.272323 0.0763257 0.505684 -0.24785 -0.82635 26.1125
-0.605859 -0.133916 -0.78422 -13.1936 0.0409612 0.979173 -0.198852 0.0311496 0.794517 -0.152599 -0.587756 26.2828
-0.173662 -0.0402189 -0.983984 -13.2282 0.107589 0.99241 -0.0595516 0.00186739 0.978911 -0.116208 -0.168017 26.3725
0.18967 -0.0204544 -0.981635 -13.1987 0.100522 0.994934 -0.00130873 0.00415706 0.976689 -0.0984278 0.190765 26.2798
0.0401585 -0.254134 -0.966335 -13.3159 0.265401 0.935088 -0.234887 0.0690747 0.963302 -0.247033 0.104999 26.3885
0.438975 -0.253965 -0.86186 -13.2972 0.387316 0.91901 -0.0735319 0.096463 0.810732 -0.301533 0.501787 26.419
0.49726 -0.374241 -0.782736 -13.5228 0.409102 0.896731 -0.168847 0.157506 0.765093 -0.236258 0.599011 26.3451
0.283751 -0.234749 -0.929719 -13.8134 0.310489 0.939829 -0.142541 0.101771 0.907239 -0.248222 0.339564 26.4465
0.28243 -0.0992801 -0.954137 -14.0298 0.143401 0.987824 -0.0603377 0.00866169 0.948509 -0.119783 0.293228 26.287
0.290157 -0.0965775 -0.952093 -14.057 0.0345789 0.995303 -0.0904225 -0.0266275 0.956354 -0.0066856 0.292134 26.3527
0.592926 -0.067159 -0.802451 -14.1138 0.0912203 0.995703 -0.0159307 -0.0104069 0.800073 -0.0637541 0.596505 26.4331
0.749265 -0.233332 -0.619805 -14.2699 0.38505 0.914924 0.121043 0.121363 0.538831 -0.329349 0.775365 26.4172
0.81433 -0.362968 -0.452903 -14.2325 0.524747 0.79386 0.307289 0.241891 0.248005 -0.487894 0.83693 26.6755
0.913131 -0.330471 -0.238706 -14.5144 0.404013 0.811797 0.421614 0.210242 0.0544498 -0.48143 0.874792 26.7776
0.986925 -0.161018 -0.00725637 -14.4404 0.157724 0.955501 0.249282 0.014428 -0.0332055 -0.247167 0.968404 26.9508
0.96313 -0.0173984 0.268472 -14.5352 0.0012487 0.998185 0.060208 -0.0705816 -0.269032 -0.0576529 0.961404 26.8714
0.764349 0.0672382 0.641288 -14.586 -0.0468616 0.997711 -0.0487545 -0.111625 -0.643098 0.00721362 0.76575 26.6312
0.448035 0.0236057 0.893704 -14.5405 -0.0879916 0.995962 0.0178056 -0.04253 -0.889675 -0.086616 0.448303 26.3336
0.256832 -0.0960896 0.961667 -14.5703 -0.218056 0.963626 0.154521 0.0653026 -0.941535 -0.249383 0.226537 26.3709
-0.104266 -0.0499602 0.993294 -14.7792 -0.200093 0.979369 0.028256 0.0325858 -0.974213 -0.195805 -0.112112 26.4572
0.129605 -0.0775042 0.988532 -15.0638 -0.17627 0.979261 0.0998878 0.0459516 -0.975772 -0.187195 0.113256 26.6757
-0.0597813 -0.0806398 0.994949 -15.1676 -0.147197 0.986547 0.0711145 0.0065987 -0.987299 -0.142203 -0.070847 26.7073
0.00899715 -0.143402 0.989624 -15.4379 -0.157395 0.977124 0.143022 0.0637749 -0.987495 -0.157049 -0.0137794 26.9802
0.254067 -0.105702 0.961393 -15.4971 -0.12216 0.982543 0.14031 0.0330423 -0.959441 -0.153092 0.236719 27.2497
0.579055 -0.0562387 0.813347 -15.5079 -0.134355 0.977396 0.163235 0.0141667 -0.804142 -0.203799 0.55841 27.5232
0.87607 0.0403097 0.480497 -15.4791 -0.134123 0.977545 0.162534 -0.0228426 -0.463155 -0.206837 0.861804 27.9752
0.977932 -0.104803 0.180733 -15.341 0.062585 0.972306 0.225176 0.0421472 -0.199327 -0.208896 0.957409 28.2076
0.984212 -0.0946753 -0.149544 -15.5002 0.126805 0.966631 0.222587 0.0599292 0.123481 -0.238036 0.963375 28.5827
0.874379 -0.0520085 -0.482449 -15.644 0.133388 0.981699 0.135921 0.021174 0.466551 -0.183199 0.865314 28.7695
0.590792 -0.0225923 -0.806507 -15.7613 0.108221 0.992794 0.0514647 0.000594464 0.799533 -0.117686 0.58898 28.877
0.237409 0.00882874 -0.97137 -15.8909 0.0654088 0.997544 0.025053 -0.00752651 0.969205 -0.0694839 0.236249 28.9392
0.100089 0.082498 -0.991552 -16.0953 0.0677181 0.993681 0.0895108 -0.0390918 0.992671 -0.0761051 0.0938703 29.1173
0.0157202 0.12829 -0.991612 -16.4005 -0.0721518 0.989295 0.126847 -0.0838519 0.99727 0.0695526 0.0248083 29.5101
0.319395 0.314095 -0.894053 -16.5217 -0.191121 0.945434 0.26387 -0.144306 0.928148 0.0865941 0.361997 30.0273
0.58634 0.381356 -0.714684 -16.448 -0.336172 0.917249 0.213643 -0.206435 0.737017 0.114989 0.666021 30.5789
0.808462 0.285301 -0.514775 -16.5315 -0.205768 0.956471 0.206938 -0.110839 0.551407 -0.0613774 0.831976 30.8001
0.70652 0.0955565 -0.701212 -16.6493 0.0747703 0.975217 0.208232 0.02637 0.703732 -0.19955 0.681865 31.0278
0.487122 0.0102501 -0.873274 -16.8616 0.205482 0.970514 0.126012 0.076756 0.848816 -0.240825 0.470653 30.8466
0.0887176 0.118961 -0.988927 -17.0171 -0.0533651 0.991984 0.114541 -0.0277323 0.994626 0.0426124 0.0943548 30.7275
-0.260557 0.289456 -0.921046 -17.0789 -0.077271 0.944686 0.318745 -0.149261 0.962361 0.154221 -0.223778 30.564
-0.447059 0.367513 -0.815519 -17.0396 -0.0591087 0.89757 0.436892 -0.227127 0.892549 0.243521 -0.379544 30.7228
-0.404393 0.319023 -0.857141 -17.1703 0.0108019 0.938791 0.344317 -0.340566 0.914522 0.12998 -0.383087 31.0278
-0.298398 -0.00553582 -0.954425 -17.2229 0.197742 0.977928 -0.0674955 -0.289747 0.933733 -0.20887 -0.290717 31.1897
-0.355075 -0.115561 -0.927668 -17.292 0.207838 0.957736 -0.198859 -0.372008 0.911441 -0.263415 -0.31605 31.4192
-0.278944 0.153058 -0.948031 -17.5426 0.0570388 0.988114 0.142747 -0.543063 0.958612 -0.0142562 -0.284359 31.5169
-0.218666 0.280205 -0.934703 -17.9582 -0.0242989 0.956024 0.292281 -0.783829 0.975497 0.0866242 -0.202241 31.6116
0.12604 0.412485 -0.902203 -18.0345 -0.193829 0.902167 0.38539 -0.819394 0.972905 0.126299 0.19366 31.7573
0.390109 0.518057 -0.761204 -18.0767 -0.395458 0.840843 0.369589 -0.860121 0.831521 0.156844 0.53289 31.7977
0.75904 0.365172 -0.538987 -17.9091 -0.37883 0.921029 0.0905146 -0.980389 0.529476 0.135481 0.837436 31.9934
0.89971 0.384548 -0.206505 -17.8199 -0.389203 0.92095 0.0192697 -0.988958 0.197591 0.0630353 0.978256 32.0278
0.947667 0.292035 0.129008 -17.9589 -0.300149 0.95267 0.0482767 -1.05637 -0.108804 -0.0844719 0.990468 32.0575
0.964242 0.263822 0.0252038 -17.9864 -0.262863 0.964166 -0.0358671 -1.26002 -0.0337632 0.0279594 0.999039 32.3454
0.98203 0.18856 -0.00790377 -18.1254 -0.188714 0.981569 -0.0301625 -1.37174 0.00207065 0.031112 0.999514 32.5511
0.91279 0.296693 -0.280693 -18.337 -0.309156 0.951011 -0.000130187 -1.41963 0.266903 0.0868967 0.959798 32.7026
0.88669 0.193118 -0.420103 -18.3404 -0.261956 0.958528 -0.112269 -1.58123 0.381 0.209596 0.900505 32.9748
0.890095 0.279964 -0.359655 -18.5129 -0.292986 0.955928 0.0190196 -1.72828 0.349129 0.0884444 0.932892 33.2059
0.90599 0.235798 -0.351542 -18.6954 -0.211157 0.971527 0.107466 -1.74036 0.366872 -0.0231327 0.929984 33.2027
0.94444 -0.00894606 -0.328562 -18.7961 0.0971209 0.962589 0.252961 -1.63318 0.314008 -0.270817 0.909977 33.1401
0.926504 0.0795515 -0.367779 -18.7681 -0.00148716 0.978163 0.207833 -1.67558 0.376281 -0.192011 0.906391 33.2574
0.870288 0.221518 -0.439919 -18.854 -0.157091 0.971348 0.178343 -1.94196 0.46682 -0.0861023 0.880151 33.7087
0.690346 0.240287 -0.682411 -19.0226 -0.139027 0.969715 0.200808 -2.05007 0.709995 -0.043753 0.702846 33.8764
0.338749 0.368288 -0.865802 -18.961 -0.227322 0.924982 0.304521 -2.11352 0.913003 0.0936591 0.397057 33.9869
0.13866 0.403488 -0.904417 -18.9906 -0.180904 0.908193 0.377438 -2.29026 0.973677 0.111277 0.198922 34.1747
-0.0580677 0.388118 -0.919778 -18.8301 -0.136171 0.909643 0.392438 -2.32482 0.988982 0.148035 2.97059e-05 34.4096
-0.0382402 0.337084 -0.940697 -18.8048 -0.100763 0.935287 0.339242 -2.57608 0.994175 0.10776 -0.00179993 34.8202
0.0273043 0.322519 -0.946169 -19.0898 -0.107704 0.941961 0.317976 -2.74027 0.993808 0.0932237 0.060456 35.0876
0.396211 0.26319 -0.879629 -19.1391 -0.0771638 0.964191 0.253735 -2.85074 0.914911 -0.0326569 0.402332 35.4
0.614913 0.0877595 -0.783696 -19.3697 0.0701593 0.983759 0.165212 -2.92549 0.785468 -0.156575 0.598769 35.5747
0.664575 0.038957 -0.746206 -19.6182 0.0896345 0.987273 0.131371 -3.10136 0.741826 -0.154192 0.652625 35.9203
0.755922 0.160749 -0.63462 -19.6895 -0.065228 0.983055 0.171312 -3.28385 0.651404 -0.0881032 0.753598 36.3007
0.856275 0.279329 -0.434474 -19.8012 -0.254689 0.960122 0.115325 -3.48204 0.449361 0.0119059 0.893271 36.5009
0.94288 0.246598 -0.223977 -19.7335 -0.250511 0.968048 0.0112385 -3.64917 0.219592 0.0455123 0.97453 36.802
0.939889 0.324486 0.106385 -19.6803 -0.314277 0.943817 -0.102172 -3.80144 -0.133562 0.0625957 0.989062 36.9947
0.841094 0.385033 0.379883 -19.5275 -0.318994 0.920296 -0.226492 -3.84799 -0.436811 0.069321 0.896878 37.0636
0.814028 0.395183 0.425662 -19.4508 -0.248027 0.899187 -0.36048 -3.88211 -0.525206 0.187865 0.829979 37.1742
0.860686 0.356103 0.363882 -19.5936 -0.258851 0.9215 -0.289542 -3.98382 -0.438424 0.155013 0.8853 37.7009
0.624633 0.363744 0.691031 -19.4509 -0.0971131 0.914208 -0.393438 -3.98396 -0.774857 0.178646 0.606369 37.8342
0.230337 0.437434 0.86925 -19.4365 0.0660885 0.884175 -0.462457 -4.00201 -0.970864 0.163969 0.174749 37.8461
-0.189863 0.443693 0.875836 -19.5058 0.223498 0.888173 -0.401493 -3.98979 -0.956034 0.119519 -0.267796 37.7826
-0.522833 0.295878 0.799439 -19.6225 0.147732 0.955089 -0.256868 -3.92912 -0.839536 -0.0161961 -0.543062 37.8134
-0.511383 0.0287644 0.858871 -19.6459 -0.118664 0.987502 -0.103726 -3.82613 -0.851121 -0.154961 -0.501579 37.8888
-0.641851 -0.216986 0.735489 -19.6727 -0.45324 0.881011 -0.135618 -3.68551 -0.618547 -0.4204 -0.663825 37.9693
-0.821603 -0.288668 0.491567 -19.7083 -0.477417 0.819649 -0.316622 -3.66807 -0.311514 -0.49482 -0.811241 37.94
-0.85375 -0.422138 0.304813 -19.7021 -0.520403 0.710987 -0.472946 -3.64583 -0.0170694 -0.562403 -0.826687 37.9656
-0.763696 -0.436212 0.475907 -19.5749 -0.630367 0.662939 -0.403917 -3.65564 -0.139304 -0.608466 -0.781258 37.9223
-0.637433 -0.302249 0.708749 -19.4526 -0.547849 0.824597 -0.141069 -3.67205 -0.541794 -0.47821 -0.691212 37.7222
-0.627644 -0.134613 0.766774 -19.2077 -0.359076 0.923968 -0.131713 -3.72165 -0.690744 -0.357999 -0.628259 37.618
-0.384404 -0.0880303 0.918958 -19.2965 -0.255209 0.966782 -0.0141436 -3.76235 -0.887187 -0.239963 -0.394101 37.408
-0.424372 0.0445476 0.904392 -19.0502 -0.178503 0.975074 -0.131789 -3.81276 -0.887719 -0.217364 -0.405842 37.2235
-0.319715 -0.0514248 0.946117 -19.0748 -0.245859 0.968828 -0.0304224 -3.65525 -0.91506 -0.242338 -0.322392 36.7705
-0.528751 -0.1142 0.841059 -18.9832 -0.37335 0.92119 -0.109635 -3.60787 -0.762255 -0.371979 -0.529717 36.5819
-0.808642 -0.0189213 0.587996 -18.9893 -0.19949 0.949085 -0.243808 -3.51879 -0.553445 -0.314452 -0.771245 36.4009
-0.842186 0.0710827 0.534481 -19.2079 -0.0206648 0.986288 -0.163732 -3.41309 -0.538791 -0.148938 -0.829169 36.0706
-0.769894 -0.0015496 0.63817 -19.246 -0.116186 0.983625 -0.137779 -3.26361 -0.627506 -0.180222 -0.757467 35.8036
-0.516107 -0.0738645 0.853333 -19.351 -0.228669 0.971996 -0.0541659 -3.13248 -0.825436 -0.223086 -0.518545 35.5296
-0.187651 -0.0573252 0.980561 -19.3291 -0.253743 0.967239 0.00798714 -3.05326 -0.948895 -0.247312 -0.196049 35.4509
0.14403 -0.0422488 0.988671 -19.1307 -0.23429 0.969227 0.0755495 -2.97564 -0.961438 -0.242518 0.1297 35.3915
0.177604 -0.0344419 0.983499 -19.1215 -0.227222 0.970948 0.0750351 -2.78479 -0.957511 -0.2368 0.164619 35.0471
-0.0311836 -0.0782695 0.996444 -18.9269 -0.340789 0.938025 0.0630157 -2.63984 -0.939622 -0.337613 -0.0559245 34.8016
-0.226568 -0.222723 0.948189 -18.839 -0.410658 0.90459 0.114356 -2.57925 -0.883191 -0.363472 -0.296414 34.6655
-0.463158 -0.224661 0.857328 -18.8125 -0.335489 0.939797 0.0650295 -2.45368 -0.820324 -0.257505 -0.510646 34.3196
-0.631875 -0.379713 0.675686 -18.7712 -0.51596 0.856612 -0.00111831 -2.34161 -0.578376 -0.349334 -0.737189 34.2925
-0.655175 -0.300187 0.693277 -18.6992 -0.430425 0.902485 -0.0159951 -2.22135 -0.62087 -0.308883 -0.720494 34.0385
-0.647289 -0.28156 0.708337 -18.4586 -0.447093 0.892878 -0.0536462 -2.04142 -0.617353 -0.351417 -0.703833 33.8575
-0.70607 -0.167748 0.687987 -18.297 -0.280794 0.958217 -0.0545385 -1.93901 -0.650092 -0.231691 -0.723671 33.4977
-0.839253 -0.20998 0.50156 -18.1776 -0.283033 0.95631 -0.0732326 -1.75522 -0.464269 -0.203419 -0.862018 33.2521
-0.738036 -0.305782 0.601498 -18.2409 -0.382149 0.9241 0.000885599 -1.56223 -0.556115 -0.229209 -0.798874 32.8788
-0.469133 -0.298765 0.831056 -18.0755 -0.352578 0.92615 0.13392 -1.51832 -0.809693 -0.230186 -0.539825 32.7645
-0.162879 -0.27004 0.948973 -17.9371 -0.238052 0.944157 0.227811 -1.40582 -0.957498 -0.188799 -0.218067 32.7809
0.185225 -0.244244 0.95186 -17.8503 -0.188231 0.941867 0.278308 -1.33307 -0.9645 -0.230719 0.128483 32.6151
0.154295 -0.193896 0.968812 -17.6218 -0.223454 0.9483 0.225379 -1.17928 -0.962425 -0.25126 0.102991 32.4076
0.120332 -0.3205 0.939574 -17.5501 -0.316738 0.884591 0.34231 -0.955944 -0.940849 -0.338789 0.00493041 32.1024
0.0839489 -0.23048 0.969449 -17.2302 -0.312877 0.917586 0.245243 -0.892933 -0.946076 -0.323906 0.00491859 32.0169
-0.243652 -0.310089 0.918955 -17.1836 -0.350954 0.911489 0.214518 -0.713738 -0.904138 -0.270243 -0.330913 31.8553
-0.496078 -0.301126 0.814389 -17.2955 -0.381382 0.918182 0.107189 -0.573881 -0.780035 -0.257419 -0.570334 31.4479
-0.65544 -0.255143 0.710845 -17.1382 -0.372304 0.928055 -0.0101794 -0.426963 -0.657106 -0.271322 -0.703275 31.2344
-0.837683 -0.321555 0.441464 -17.2385 -0.389682 0.91824 -0.0705949 -0.402623 -0.382669 -0.231166 -0.894498 31.134
-0.937729 -0.0969179 0.333573 -17.2191 -0.161224 0.972024 -0.170811 -0.293957 -0.307687 -0.213954 -0.927121 30.6386
-0.766855 -0.137479 0.626923 -16.9891 -0.243985 0.965902 -0.0866297 -0.126496 -0.593636 -0.219392 -0.77425 30.6393
-0.747483 -0.0378219 0.663204 -16.4514 -0.196512 0.966282 -0.166379 0.0128095 -0.634549 -0.254693 -0.729712 30.4131
-0.476285 -0.12571 0.870259 -16.1862 -0.258105 0.966115 -0.00170212 0.0496628 -0.840556 -0.225428 -0.492592 30.4211
-0.127127 -0.158556 0.979132 -15.9509 -0.301053 0.946742 0.114223 0.0687646 -0.945096 -0.280249 -0.16809 30.4962
0.252571 -0.121907 0.959868 -15.808 -0.215497 0.960027 0.178631 0.046452 -0.943276 -0.251966 0.216204 30.603
0.54945 -0.205337 0.809902 -15.6315 -0.0889982 0.949433 0.30109 0.0836625 -0.830773 -0.237514 0.503392 30.6793
0.686549 -0.169424 0.707068 -15.3913 -0.0690853 0.952872 0.295402 0.0743231 -0.723794 -0.251656 0.642489 30.825
0.772595 -0.12941 0.62157 -15.3626 -0.0756759 0.953257 0.29253 0.0382599 -0.630373 -0.273045 0.726689 31.0613
0.897272 -0.21416 0.386056 -15.1501 0.0839348 0.941264 0.327073 0.0352116 -0.433427 -0.26107 0.862545 31.1879
0.950572 -0.127348 0.283189 -15.0474 0.0238467 0.939274 0.342338 -0.00955081 -0.309588 -0.318664 0.895884 31.6679
0.98046 -0.134428 -0.143621 -14.9455 0.165127 0.959207 0.229466 -0.00444588 0.106915 -0.248698 0.962662 32.0509
0.87508 -0.166017 -0.454614 -15.1801 0.284386 0.93644 0.205439 0.00239121 0.391612 -0.309061 0.866673 32.3244
0.587744 -0.218752 -0.778912 -15.4496 0.378344 0.925311 0.0256201 -0.00834204 0.715131 -0.309755 0.626609 32.5555
0.325541 -0.168941 -0.930313 -15.5842 0.307425 0.949362 -0.0648244 -0.00493472 0.894155 -0.264899 0.360993 32.752
0.109035 -0.0184002 -0.993868 -15.9047 0.245946 0.969241 0.00903786 -0.0563396 0.963131 -0.245423 0.110207 32.8864
-0.19539 -0.143433 -0.97018 -16.0276 0.173156 0.968661 -0.178082 -0.00911776 0.965319 -0.202788 -0.16443 33.1972
0.028777 -0.0309804 -0.999106 -16.3717 0.215038 0.976309 -0.0240798 -0.0428458 0.976182 -0.214152 0.0347572 33.4077
0.0864957 -0.0332631 -0.995697 -16.5903 0.134014 0.990747 -0.021456 -0.0339879 0.987197 -0.131581 0.0901531 33.8115
0.337536 0.113158 -0.934486 -16.9007 0.207087 0.959499 0.190987 -0.0811176 0.918251 -0.257985 0.300432 34.0866
0.470369 -0.101181 -0.87665 -16.8824 0.26753 0.963005 0.032396 -0.0173844 0.84094 -0.249769 0.480037 34.4636
0.732322 -0.133208 -0.667802 -16.9384 0.319877 0.93304 0.164666 -0.0220002 0.601152 -0.334203 0.725896 34.7897
0.803107 -0.244236 -0.543477 -16.959 0.3485 0.932382 0.0959785 0.00562498 0.483287 -0.266483 0.833919 35.2784
0.903115 -0.215697 -0.371291 -17.0532 0.316941 0.918233 0.23748 0.0189019 0.289708 -0.332149 0.897634 35.8192
0.819885 -0.234455 -0.522321 -17.1584 0.316912 0.945643 0.0729824 0.0150604 0.476818 -0.225367 0.84962 36.2824
0.639959 -0.231505 -0.732706 -17.4684 0.351303 0.936197 0.0110353 -0.00505315 0.683403 -0.264464 0.680456 36.748
0.449814 -0.211919 -0.867616 -17.691 0.378883 0.924974 -0.0294975 0.0085741 0.808773 -0.315457 0.496359 37.2738
0.12518 -0.220589 -0.967301 -18.0466 0.240032 0.952739 -0.186205 0.0135489 0.96266 -0.208874 0.172212 37.6884
-0.157278 -0.0897908 -0.983464 -18.2617 0.205737 0.971028 -0.121557 -0.0292869 0.965886 -0.221453 -0.134248 37.7693
-0.419072 -0.059661 -0.905991 -18.6741 0.0850737 0.990869 -0.104602 -0.049079 0.903959 -0.120912 -0.41017 37.885
-0.757 -0.110888 -0.643937 -18.7851 -0.0468469 0.992169 -0.115782 -0.0289642 0.651734 -0.0574805 -0.756267 37.838
-0.919906 -0.081681 -0.383537 -18.9971 0.0306784 0.960077 -0.278047 -0.0612021 0.390936 -0.267544 -0.880675 37.5846
-0.984885 -0.166703 -0.047033 -19.1732 -0.156269 0.972293 -0.173856 -0.0576845 0.0747123 -0.163879 -0.983647 37.4078
-0.924671 -0.259141 0.278979 -19.2339 -0.296603 0.949649 -0.100965 -0.0214608 -0.238768 -0.176106 -0.954975 37.3119
-0.803248 -0.24218 0.544189 -19.1454 -0.305584 0.951768 -0.0274913 -0.000899836 -0.511284 -0.188378 -0.838512 36.8648
-0.581383 -0.356905 0.731172 -19.1529 -0.364509 0.917679 0.158109 0.20733 -0.727412 -0.174597 -0.663618 36.3927
-0.410779 -0.425063 0.806587 -19.0813 -0.516773 0.83739 0.178114 0.416364 -0.751137 -0.343657 -0.563643 36.1821
-0.192506 -0.369925 0.908899 -19.1284 -0.372918 0.884312 0.280934 0.588274 -0.907675 -0.284864 -0.308187 35.826
-0.0361026 -0.305612 0.951472 -18.9668 -0.367429 0.889464 0.271753 0.740147 -0.92935 -0.339787 -0.144403 35.5846
0.296872 -0.190897 0.935642 -19.0657 -0.245696 0.931557 0.268021 0.831651 -0.922768 -0.309451 0.22965 35.4282
0.41189 0.100819 0.905639 -19.2637 -0.148093 0.988054 -0.0426396 0.702147 -0.899119 -0.116556 0.4219 35.4151
0.0618977 0.245758 0.967353 -19.3148 -0.0511009 0.968721 -0.242835 0.626256 -0.996773 -0.0344017 0.07252 35.1926
-0.356529 0.147091 0.922633 -19.2443 0.0170247 0.988388 -0.150995 0.792571 -0.934129 -0.0381267 -0.354894 34.7476
-0.638516 0.114681 0.761016 -19.2415 -0.0308692 0.984223 -0.174217 0.970905 -0.768989 -0.134733 -0.624903 34.4165
-0.594938 -0.052317 0.802067 -19.2456 -0.189815 0.9788 -0.0769514 1.20271 -0.781037 -0.198026 -0.592255 34.1484
-0.571087 -0.131011 0.810368 -18.9983 -0.270121 0.962197 -0.0348045 1.39211 -0.775174 -0.238774 -0.584887 34.0123
-0.338849 -0.253913 0.90593 -18.7022 -0.443584 0.892272 0.0841693 1.53433 -0.829707 -0.373335 -0.414978 34.1482
-0.175793 -0.317841 0.931705 -18.6598 -0.391114 0.89109 0.230191 1.54079 -0.903397 -0.323937 -0.28096 34.0802
-0.32722 -0.241374 0.9136 -18.5428 -0.284309 0.947175 0.148415 1.71484 -0.901163 -0.211181 -0.37856 33.7845
-0.611535 -0.108485 0.783745 -18.5946 -0.166447 0.986028 0.0066109 1.70901 -0.773512 -0.126409 -0.621048 33.418
-0.582923 -0.0936514 0.807112 -18.3231 -0.146114 0.989224 0.00925392 1.92617 -0.799282 -0.112536 -0.590326 33.1603
-0.141443 -0.101099 0.98477 -18.0518 -0.116233 0.989587 0.0848988 1.98702 -0.983099 -0.102454 -0.151721 33.2104
0.206125 -0.046901 0.977401 -17.8523 -0.0670258 0.995828 0.0619204 2.08678 -0.976228 -0.0782744 0.202121 33.1547
0.191631 -0.0297208 0.981017 -17.5493 -0.12905 0.9901 0.0552045 2.22618 -0.972946 -0.137179 0.185899 33.0261
-0.15701 -0.142209 0.977305 -17.4489 -0.112008 0.985758 0.125444 2.35056 -0.981225 -0.0897704 -0.170702 32.6229
-0.369871 -0.0398866 0.928227 -17.3086 -0.135637 0.990692 -0.0114767 2.48114 -0.919129 -0.130147 -0.371838 32.331
-0.72061 -0.0462505 0.691796 -17.4365 -0.0961169 0.994802 -0.0336122 2.58395 -0.686646 -0.0907146 -0.72131 32.0998
-0.863003 -0.0953792 0.496113 -17.6621 -0.0615139 0.994548 0.0841997 2.72847 -0.501439 0.0421468 -0.864166 31.9087
-0.93726 -0.0956519 0.335253 -17.6399 -0.062369 0.992116 0.108699 2.76339 -0.343007 0.0809702 -0.935836 31.7848
-0.853052 -0.170605 0.49315 -17.5238 -0.156981 0.985169 0.069273 2.9283 -0.497654 -0.0183217 -0.867182 31.5949
-0.892856 -0.0597527 0.446361 -17.25 -0.0187502 0.995232 0.0957219 3.0165 -0.449953 0.0770964 -0.889718 31.3851
-0.93868 -0.00516432 0.34475 -17.3393 0.0375784 0.992399 0.117184 3.14758 -0.342735 0.122953 -0.931351 31.1323
-0.989471 0.0617908 0.130876 -17.0369 0.0713139 0.995039 0.0693698 3.31838 -0.12594 0.0779727 -0.988969 31.0735
-0.98407 0.163093 -0.0707653 -16.9999 0.158117 0.984863 0.0710242 3.41433 0.0812777 0.0587035 -0.994961 30.7566
-0.907158 0.145944 -0.394671 -16.8386 0.0997607 0.98578 0.135228 3.53004 0.408794 0.0833001 -0.908817 30.7041
-0.685004 0.227199 -0.692206 -16.8239 0.158704 0.973847 0.162588 3.61163 0.711043 0.0015174 -0.703147 30.7757
-0.332136 0.248456 -0.90992 -16.8634 0.0523459 0.968053 0.245222 3.62218 0.941778 0.0338165 -0.334531 30.8167
0.0192677 0.269883 -0.9627 -16.6737 -0.0455675 0.962116 0.268807 3.60984 0.998775 0.0386886 0.0308357 30.7235
0.16039 0.2183 -0.962611 -16.3371 -0.0967902 0.974015 0.204759 3.64367 0.982297 0.0603299 0.177352 30.6366
0.0702183 0.309343 -0.948354 -16.232 -0.210996 0.933796 0.288972 3.57866 0.974961 0.179808 0.13084 30.5926
0.0376683 0.307433 -0.950824 -16.2309 -0.217122 0.931286 0.292514 3.58584 0.975417 0.195427 0.10183 30.585
-0.997672 0.0105697 0.0673654 -134.733 0.00171546 0.991491 -0.130161 11.5314 -0.068168 -0.129742 -0.989202 2.0849
-0.997826 0.0598719 0.0275464 -134.557 0.0567471 0.993075 -0.102864 11.4316 -0.0335144 -0.101077 -0.994314 1.75922
-0.972257 0.0848514 -0.217981 -134.523 0.107219 0.989886 -0.0929023 11.502 0.207893 -0.113697 -0.971521 1.134
-0.858452 0.232155 -0.457345 -134.67 0.200925 0.972644 0.116585 11.3902 0.471899 0.00819079 -0.881614 0.437936
-0.737759 0.315381 -0.596864 -134.9 0.234814 0.948837 0.211118 11.4045 0.632909 0.0156018 -0.774069 -0.152833
-0.494062 0.262957 -0.828708 -135.085 0.130675 0.964797 0.228233 11.4428 0.859551 0.00446984 -0.511031 -0.460136
-0.180052 0.337122 -0.924083 -135.309 -0.0270936 0.93738 0.347252 11.4259 0.983284 0.0875603 -0.159644 -0.568498
0.246307 0.32037 -0.914711 -135.333 -0.120488 0.946587 0.29909 11.4682 0.961673 0.0365441 0.271751 -0.605245
0.603058 0.101314 -0.791237 -135.263 0.0471023 0.985648 0.162107 11.6553 0.796306 -0.135029 0.589631 -0.741451
0.726702 -0.0870889 -0.68141 -135.085 0.215709 0.970689 0.105986 11.7448 0.652207 -0.224006 0.724187 -0.769702
0.74578 -0.0498713 -0.664323 -135.055 0.207016 0.965175 0.159943 11.6896 0.633211 -0.256808 0.730132 -0.769293
0.713355 0.132271 -0.688207 -135.167 0.053532 0.968873 0.241703 11.5902 0.698755 -0.209261 0.684069 -0.855299
0.477018 0.246878 -0.843508 -135.091 0.0090203 0.958313 0.28558 11.5237 0.878847 -0.143835 0.454905 -0.873829
0.191541 0.204495 -0.959945 -135.096 0.16988 0.956384 0.237633 11.5056 0.966671 -0.208592 0.148447 -1.10579
-0.15984 0.236485 -0.958398 -135.034 0.215262 0.955865 0.199959 11.5118 0.963387 -0.174345 -0.203691 -1.41253
-0.475895 0.238474 -0.846554 -134.97 0.244568 0.960457 0.133076 11.502 0.844814 -0.143709 -0.5154 -1.52925
-0.755403 0.287218 -0.588958 -134.992 0.292099 0.952172 0.0896992 11.5131 0.586553 -0.104275 -0.80317 -1.70769
-0.925541 0.289615 -0.243919 -134.982 0.298339 0.954459 0.00123201 11.4695 0.233168 -0.0716305 -0.969795 -1.88667
-0.869476 0.348155 0.350428 -134.902 0.328919 0.937314 -0.115126 11.2922 -0.368543 0.0151635 -0.929487 -2.19824
-0.658916 0.37202 0.653782 -134.944 0.326515 0.924444 -0.196955 11.0921 -0.677656 0.0836928 -0.730601 -2.41571
-0.601662 0.251269 0.758199 -134.772 0.192944 0.966841 -0.167305 10.9001 -0.775097 0.0456287 -0.630193 -2.74447
-0.817085 0.0610742 0.573273 -134.845 -0.0699106 0.976538 -0.20368 10.8395 -0.572263 -0.206502 -0.793645 -2.96795
-0.771315 -0.16214 0.615455 -134.66 -0.304269 0.943282 -0.132817 10.6963 -0.559012 -0.289707 -0.776901 -3.21213
-0.909017 -0.101848 0.404122 -134.681 -0.168616 0.976649 -0.133141 10.551 -0.381125 -0.189168 -0.904963 -3.50511
-0.908919 0.0421782 0.414835 -134.516 -0.0957273 0.947191 -0.306047 10.2076 -0.405837 -0.317883 -0.856882 -3.93303
-0.884173 0.0723069 0.461529 -134.589 0.0492989 0.996874 -0.061734 10.0591 -0.46455 -0.0318307 -0.884974 -4.15885
-0.931873 -0.0311371 0.361446 -134.621 0.00142192 0.995989 0.0894663 10.0134 -0.362782 0.0838851 -0.928091 -4.70134
-0.943302 0.0405006 0.329457 -134.708 0.0825761 0.989958 0.114735 9.96076 -0.321501 0.135435 -0.937174 -4.76717
-0.850058 -0.0604449 0.52321 -134.689 -0.0237423 0.996781 0.0765811 9.96765 -0.526154 0.0526761 -0.848756 -4.70817
-0.820056 -0.112132 0.56119 -134.924 -0.106324 0.993396 0.0431231 10.001 -0.56232 -0.0243046 -0.826563 -5.0128
-0.660764 -0.0621565 0.748016 -134.897 -0.0733526 0.997143 0.0180613 10.0104 -0.747001 -0.0429347 -0.663435 -5.52366
-0.38022 -0.0513489 0.923469 -134.751 -0.212224 0.976661 -0.0330725 10.0073 -0.900219 -0.208557 -0.382244 -5.91151
-0.185081 -0.0382315 0.981979 -134.501 -0.238876 0.971023 -0.00721779 9.90975 -0.953249 -0.235907 -0.18885 -6.71383
-0.11294 -0.0930595 0.989234 -134.165 -0.191133 0.979045 0.0702795 9.97057 -0.975045 -0.181138 -0.12836 -7.23942
-0.560314 -0.136422 0.816968 -133.769 -0.294699 0.954635 -0.042708 10 -0.77408 -0.26469 -0.575099 -7.82423
-0.83227 -0.134524 0.537801 -133.627 -0.234968 0.964262 -0.122425 10.0365 -0.502112 -0.228257 -0.834136 -8.08497
-0.859385 -0.135653 0.493008 -133.334 -0.227524 0.964906 -0.13111 9.94935 -0.45792 -0.224845 -0.860089 -8.87141
-0.79612 -0.0411961 0.603735 -133.188 -0.248636 0.931846 -0.26428 9.91926 -0.551701 -0.360509 -0.752103 -9.72884
-0.80575 -0.25917 0.532539 -133.171 -0.231897 0.965437 0.118979 9.91189 -0.544968 -0.027627 -0.838001 -10.189
