1 -0.000223409 -0.000237093 1.38847e-05 0.000223278 1 -0.000553787 -1.57068e-05 0.000237217 0.000553734 1 1.7544e-05
0.901373 -0.00984589 -0.432931 4.83427 0.000855956 0.99978 -0.0209553 0.220777 0.433042 0.018518 0.901184 0.27156
0.847175 -0.0338931 -0.530231 5.5916 0.0175972 0.999206 -0.0357548 0.225597 0.531022 0.02096 0.847099 0.67343
0.920885 -0.0705532 -0.383397 6.38107 0.0265468 0.992553 -0.118888 0.225373 0.38893 0.099304 0.9159 1.4219
0.956548 -0.0916285 -0.276803 7.43175 0.0787179 0.995242 -0.0574235 0.264257 0.280747 0.033139 0.959209 1.82054
0.847572 -0.053777 -0.527948 8.45567 0.0358477 0.998382 -0.0441453 0.250653 0.529467 0.0184906 0.848129 2.27066
0.555842 -0.0646415 -0.828771 9.18271 0.0884458 0.995912 -0.0183589 0.293702 0.826569 -0.0630966 0.559287 3.10486
0.162917 -0.0639095 -0.984568 9.2934 0.257009 0.966198 -0.0201897 0.403219 0.952578 -0.249753 0.173835 3.35284
-0.23846 0.0268852 -0.97078 9.54921 0.297907 0.953448 -0.0467719 0.455071 0.924331 -0.300356 -0.235368 3.82811
-0.553806 0.00929716 -0.832594 9.60253 0.217486 0.96684 -0.133866 0.479971 0.80374 -0.255213 -0.537464 4.14082
-0.546433 -0.00231075 -0.8375 9.65059 0.068143 0.996558 -0.0472101 0.405363 0.834726 -0.0828669 -0.544395 4.83037
-0.603671 0.0819502 -0.79301 10.028 0.03892 0.996546 0.0733562 0.290787 0.796283 0.0134191 -0.604776 4.78666
-0.867067 0.111061 -0.485655 10.155 0.0601635 0.991043 0.119221 0.247917 0.494546 0.074154 -0.865982 4.55214
-0.99248 0.0210537 -0.120581 10.0759 0.0139517 0.998134 0.0594425 0.228226 0.121607 0.0573132 -0.990922 4.22977
-0.976097 -0.00443866 0.217291 9.65415 -0.00135067 0.999896 0.0143578 0.283063 -0.217332 0.0137211 -0.976001 3.65241
-0.8192 -0.00504667 0.573485 9.32292 0.049382 0.995627 0.0793017 0.256696 -0.571377 0.0932838 -0.815369 3.16654
-0.587328 -0.0155757 0.809199 8.75415 0.00729721 0.999672 0.0245384 0.283216 -0.809316 0.020317 -0.587022 2.36461
-0.57344 -0.0482736 0.817824 8.13473 -0.0596098 0.998075 0.0171161 0.314232 -0.817076 -0.0389353 -0.575214 1.60176
-0.833706 -0.0175097 0.55193 7.57284 -0.0138979 0.999846 0.0107264 0.315005 -0.552033 0.00127204 -0.833821 0.711285
-0.958394 -0.048529 0.281292 6.95532 -0.0331936 0.997704 0.0590313 0.280289 -0.283511 0.0472382 -0.957805 -0.149014
-0.814496 -0.00528672 0.580145 6.24388 0.000471072 0.999952 0.00977369 0.251628 -0.580169 0.00823393 -0.814455 -0.786917
-0.905803 -0.028944 0.422709 5.17918 -0.0117849 0.998999 0.0431508 0.249603 -0.423535 0.0341046 -0.905237 -1.19162
-0.995605 -0.0105796 0.0930575 4.49119 -0.00576778 0.99864 0.0518253 0.249188 -0.0934792 0.0510608 -0.994311 -1.67263
-0.921754 -0.0895887 -0.377284 4.56863 -0.118622 0.991449 0.054383 0.248977 0.369185 0.0948819 -0.9245 -1.78258
-0.749776 -0.119312 -0.650846 4.72693 -0.191148 0.980729 0.0404178 0.257331 0.633481 0.154712 -0.758134 -1.8084
-0.468829 -0.0406832 -0.882352 4.92731 -0.204459 0.976807 0.0635987 0.238929 0.8593 0.210221 -0.466273 -1.81693
-0.105904 -0.0626032 -0.992404 5.15352 -0.0943752 0.994144 -0.0526417 0.270452 0.989888 0.0880833 -0.111192 -1.65258
0.24696 -0.109521 -0.962817 5.16532 0.0208657 0.993963 -0.107712 0.328349 0.968801 0.00651063 0.247754 -1.13858
0.338371 -0.1505 -0.9289 5.23276 0.0435052 0.988574 -0.144321 0.346721 0.940007 0.00842197 0.341052 -0.769991
0.622451 -0.107396 0.775256 2.34838 -0.0877708 0.974714 0.205498 0.139033 -0.777722 -0.195957 0.597285 -0.414629
0.581899 -0.205979 0.786744 2.48138 0.0585036 0.97549 0.212124 0.107241 -0.811154 -0.0774075 0.579688 -0.508398
0.46532 -0.237906 0.852572 2.63975 0.0619897 0.969596 0.236728 0.102391 -0.882969 -0.0573037 0.46592 -0.554336
0.618754 -0.354308 0.701148 2.975 0.02802 0.901904 0.431027 0.216364 -0.785085 -0.247054 0.567985 -0.888003
0.665013 -0.413538 0.621887 3.36984 0.0285066 0.84615 0.532182 0.269608 -0.746287 -0.33618 0.574489 -0.970138
0.798403 -0.442119 0.408759 3.66165 0.206229 0.838591 0.504217 0.23036 -0.565705 -0.31827 0.760711 -0.967849
0.86469 -0.171702 0.472048 3.99759 0.0780448 0.974274 0.21142 0.13956 -0.496206 -0.145971 0.855846 -0.632784
0.97526 -0.163292 0.149007 4.21276 0.133623 0.972435 0.19109 0.15877 -0.176103 -0.166452 0.970197 -0.252566
0.977216 -0.113841 -0.179135 4.37067 0.12962 0.988414 0.0789644 0.116494 0.16807 -0.100385 0.980651 0.0634901
0.862437 -0.0694158 -0.501382 4.33145 0.140823 0.984349 0.10595 0.12899 0.486181 -0.161981 0.858714 0.386939
0.700492 -0.310412 -0.642616 4.33777 0.448449 0.891925 0.0579988 0.238407 0.555162 -0.328808 0.76399 0.589052
0.719152 -0.474182 -0.507909 4.27232 0.646476 0.724566 0.238898 0.30479 0.254732 -0.500155 0.827621 0.70075
0.817866 -0.262801 -0.51189 4.13759 0.386182 0.910189 0.149732 0.194524 0.426567 -0.320143 0.845902 1.11689
0.793533 0.0154947 -0.60833 4.09677 0.0971294 0.983634 0.151754 0.0674781 0.600726 -0.179509 0.779041 1.40707
0.571803 -0.0300416 -0.819841 3.91317 0.121277 0.991445 0.0482558 0.0885348 0.811377 -0.127021 0.570555 1.57094
0.288688 0.00499921 -0.95741 3.91793 0.0716595 0.997069 0.0268138 0.0647988 0.954738 -0.0763484 0.287484 1.7474
-0.0359844 -0.0605868 -0.997514 4.10542 0.18917 0.979702 -0.066329 0.147828 0.981285 -0.191086 -0.0237928 1.58401
-0.371757 -0.12823 -0.919431 4.20823 0.116805 0.976082 -0.183359 0.15739 0.920952 -0.175559 -0.347887 1.62693
-0.6466 -0.283346 -0.708254 4.57908 0.0408757 0.914253 -0.403077 0.236677 0.761733 -0.28958 -0.579574 1.62324
-0.855263 -0.270131 -0.442214 4.67645 -0.0799101 0.911922 -0.402507 0.209187 0.511995 -0.308912 -0.80152 1.54031
-0.944452 -0.269514 -0.188077 4.58866 -0.18493 0.908889 -0.373793 0.224383 0.271683 -0.318248 -0.908243 1.55798
-0.989309 -0.111023 0.0945549 4.42265 -0.127313 0.973744 -0.188714 0.139456 -0.0711206 -0.198735 -0.977469 1.40206
-0.855776 -0.104304 0.506723 4.35002 -0.181349 0.977797 -0.104999 0.130958 -0.484521 -0.181749 -0.855691 1.14667
-0.590183 -0.16374 0.790489 4.27493 -0.267338 0.963603 1.86396e-06 0.170303 -0.761718 -0.211327 -0.612476 1.07896
-0.294135 -0.154995 0.943112 4.30889 -0.300073 0.951844 0.0628443 0.155404 -0.907436 -0.264518 -0.326481 0.943808
0.0547673 -0.183093 0.981569 4.37997 -0.304225 0.933245 0.191053 0.19004 -0.951025 -0.309081 -0.00458998 0.650197
0.13971 -0.0834899 0.986666 4.52804 -0.219213 0.969106 0.113044 0.143321 -0.965622 -0.232084 0.117092 0.254526
-0.255318 -0.0263215 0.966499 4.70114 -0.140709 0.989998 -0.0102094 0.0898476 -0.956563 -0.138602 -0.256468 -0.217446
-0.595014 0.0598179 0.801486 4.70324 -0.0476567 0.992846 -0.10948 0.0854842 -0.802301 -0.103338 -0.587907 -0.459856
-0.901818 -0.054824 0.428625 4.72747 -0.149985 0.969965 -0.191501 0.154375 -0.405252 -0.236986 -0.882954 -0.564324
-0.976284 -0.185846 0.111041 4.519 -0.208098 0.947027 -0.244611 0.181822 -0.0596991 -0.261918 -0.963242 -0.647754
-0.957183 -0.106574 -0.269153 4.25542 -0.0265273 0.958146 -0.28505 0.182539 0.288267 -0.265705 -0.919947 -0.877915
-0.747368 -0.0396431 -0.663227 3.75576 0.0813911 0.985237 -0.150608 0.146594 0.659406 -0.16654 -0.733108 -0.915096
-0.487827 -0.140667 -0.861532 3.39766 0.142995 0.960723 -0.237831 0.200805 0.861149 -0.239215 -0.448552 -1.00795
-0.394466 -0.240103 -0.886988 2.81271 0.175719 0.927738 -0.32928 0.217706 0.901953 -0.28575 -0.32377 -0.900993
-0.341339 -0.232003 -0.910858 2.31221 0.199273 0.929169 -0.311343 0.210527 0.918574 -0.287783 -0.27093 -0.747002
-0.492072 -0.254521 -0.832516 1.77143 0.203123 0.896343 -0.394094 0.25546 0.846526 -0.363026 -0.389367 -0.702192
-0.596889 -0.25099 -0.762054 1.08544 0.0263072 0.943176 -0.33125 0.247632 0.801892 -0.217767 -0.556369 -0.853181
-0.508484 -0.126405 -0.851743 0.465309 0.100781 0.973631 -0.20466 0.162606 0.855154 -0.189906 -0.482336 -1.19843
-0.184337 -0.0911783 -0.978625 -0.0697565 0.119769 0.986184 -0.114443 0.140629 0.975538 -0.138305 -0.17087 -1.26023
0.168248 -0.0851518 -0.98206 -0.268407 0.184133 0.981441 -0.0535522 0.144173 0.968394 -0.17182 0.180805 -1.22247
0.626338 -0.142245 -0.766464 -0.459664 0.232264 0.972608 0.00929884 0.180431 0.744147 -0.183846 0.642219 -0.931145
0.867569 -0.142317 -0.476518 -0.507896 0.210385 0.973245 0.0923658 0.192724 0.450623 -0.180386 0.874299 -0.86971
0.950964 -0.254791 -0.175355 -0.481183 0.287196 0.937859 0.194778 0.174488 0.114831 -0.235588 0.965045 -0.757945
0.905429 -0.418735 0.0697134 -0.410728 0.362265 0.847802 0.387292 0.232846 -0.221276 -0.325411 0.919318 -0.567779
0.804081 -0.575214 0.150272 -0.543315 0.361031 0.673254 0.64528 0.303687 -0.472346 -0.464605 0.749021 -0.365434
0.735662 -0.672052 0.084544 -0.315402 0.305624 0.440728 0.84401 0.378715 -0.60448 -0.595067 0.529622 -0.0405677
0.732887 -0.672785 -0.101171 -0.0489345 0.472092 0.395814 0.787693 0.387511 -0.489904 -0.625053 0.607703 0.339323
0.744875 -0.626493 -0.229494 0.261616 0.620924 0.525039 0.582055 0.365115 -0.24416 -0.576057 0.780093 0.772137
0.780646 -0.495885 -0.380381 0.268224 0.619057 0.697084 0.36172 0.313689 0.0857858 -0.517853 0.851157 1.16135
0.677856 -0.384271 -0.626776 0.315654 0.444158 0.893411 -0.0673865 0.181907 0.585863 -0.232709 0.776281 1.36153
0.582514 -0.284715 -0.761325 0.292787 0.11546 0.956131 -0.269225 0.119125 0.804579 0.0689247 0.589833 1.53805
0.359686 -0.197917 -0.911841 -0.00326541 0.104487 0.979642 -0.171418 0.0877719 0.927205 -0.0336189 0.373043 1.87128
0.416835 -0.0836573 -0.905124 -0.120651 0.194671 0.980868 -0.00100633 0.0649974 0.887892 -0.175782 0.425146 2.42544
0.477917 -0.133689 -0.868172 -0.432147 0.271402 0.962465 0.00119392 0.0788311 0.835426 -0.236194 0.496262 2.81084
0.673872 -0.065683 -0.735922 -0.640594 0.192661 0.977203 0.0891984 0.0868376 0.713287 -0.201892 0.671165 3.33589
0.70777 -0.134175 -0.693584 -0.806993 0.180826 0.983498 -0.00573485 0.0869104 0.682908 -0.121359 0.720353 3.95936
0.892316 -0.121279 -0.434814 -0.818243 0.205049 0.967022 0.151073 0.12302 0.402153 -0.223964 0.887758 4.4092
0.822097 -0.240309 -0.516147 -0.798886 0.331311 0.939178 0.0904329 0.177068 0.463022 -0.24535 0.851712 4.87565
0.660784 -0.120458 -0.740847 -1.19514 0.193794 0.980951 0.0133535 0.102594 0.725126 -0.152396 0.671541 5.41506
0.695818 -0.16009 -0.700149 -1.39454 0.30459 0.948611 0.0858056 0.157572 0.650432 -0.272964 0.708822 5.97838
0.683463 -0.216569 -0.69712 -1.56223 0.350253 0.935162 0.0528718 0.177894 0.64047 -0.280305 0.715002 6.4901
0.549062 -0.116435 -0.827631 -1.86241 0.313583 0.946605 0.0748631 0.144547 0.774723 -0.300636 0.556257 6.81385
0.236851 -0.0672068 -0.969219 -2.00854 0.179112 0.983525 -0.0244286 0.0836653 0.954893 -0.167812 0.244987 6.97397
-0.140917 -0.102149 -0.984738 -2.09849 0.157166 0.979741 -0.124122 0.105746 0.977467 -0.172258 -0.122007 7.13763
-0.399352 -0.126487 -0.90803 -2.30971 0.164206 0.964553 -0.206579 0.123314 0.901972 -0.231602 -0.364426 7.3888
-0.195531 -0.137938 -0.970948 -2.46479 0.106599 0.981203 -0.160862 0.114477 0.974887 -0.134955 -0.177152 7.92542
0.193799 -0.1368 -0.971456 -2.49942 0.16425 0.980777 -0.105346 0.103565 0.967194 -0.139146 0.212543 8.17044
0.514882 -0.0800113 -0.853519 -2.60578 0.2398 0.969331 0.0537907 0.101 0.823038 -0.23237 0.518278 8.39913
0.706397 -0.00221969 -0.707812 -2.75155 0.114403 0.987205 0.111078 0.0761918 0.698509 -0.159441 0.697613 8.91813
0.860958 -0.165029 -0.481162 -2.88304 0.311695 0.91868 0.242637 0.0835372 0.401992 -0.358876 0.842384 9.08932
0.952439 -0.148548 -0.266072 -3.01253 0.212066 0.950128 0.228659 0.0674663 0.218835 -0.274209 0.93644 9.55079
0.956684 -0.0869676 -0.277836 -3.27321 0.165717 0.947317 0.274094 0.0557816 0.239362 -0.308263 0.920695 9.74224
0.886684 -0.163096 -0.432655 -3.42137 0.273381 0.939571 0.206081 0.0758557 0.372899 -0.301008 0.87769 10.1576
0.8597 -0.000562018 -0.510799 -3.69993 0.137554 0.963313 0.230449 0.0192474 0.49193 -0.26838 0.828237 10.7057
0.64158 -0.0881348 -0.761976 -3.77562 0.213472 0.974648 0.0670085 0.0437913 0.736753 -0.205652 0.644129 11.0557
0.575891 -0.253498 -0.777231 -3.87734 0.496218 0.863939 0.0858949 0.100595 0.649706 -0.435142 0.623325 11.4123
0.176969 -0.449309 -0.875673 -3.93104 0.686056 0.694254 -0.217574 0.205047 0.705698 -0.562256 0.431113 11.5018
-0.154758 -0.470951 -0.868479 -3.95971 0.548318 0.690307 -0.472041 0.230032 0.821825 -0.549255 0.1514 11.6902
0.118669 -0.23876 -0.9638 -4.33372 0.416133 0.893262 -0.170049 0.0699595 0.901527 -0.380889 0.205359 12.0616
0.276363 -0.101971 -0.955628 -4.51124 0.106359 0.991492 -0.0750396 -0.0534158 0.95515 -0.0809018 0.284857 12.4389
0.386915 -0.0280771 -0.921688 -4.62004 0.000921882 0.999548 -0.0300619 -0.0734582 0.922115 0.0107817 0.386766 12.6774
0.632268 -0.160782 -0.757883 -4.79634 0.208447 0.977461 -0.0334662 0.0133295 0.746182 -0.136819 0.651531 12.9743
0.669428 -0.182532 -0.720103 -4.91557 0.258491 0.966003 -0.00456221 0.0320839 0.696454 -0.183086 0.693852 13.4958
0.678035 -0.156741 -0.718123 -5.12808 0.221679 0.975113 -0.00352833 0.0478317 0.700805 -0.156801 0.695907 13.9935
0.8185 -0.196773 -0.539757 -5.20569 0.264106 0.963231 0.0493434 0.0622226 0.510201 -0.182941 0.840373 14.3392
0.883543 -0.332135 -0.330208 -5.31636 0.384984 0.916559 0.108201 0.123805 0.266718 -0.222725 0.937686 14.8682
0.923488 -0.275328 -0.267139 -5.54209 0.309817 0.945927 0.096098 0.113695 0.226236 -0.17151 0.958854 15.4035
0.922937 -0.243793 -0.297914 -5.80057 0.292917 0.946902 0.132576 0.111013 0.249774 -0.209624 0.945341 16.0718
0.918922 -0.359366 -0.162599 -5.91188 0.387558 0.899273 0.202748 0.165799 0.0733603 -0.249326 0.965637 16.528
0.936041 -0.122644 -0.329826 -6.21644 0.165429 0.980633 0.104841 0.0939502 0.31058 -0.152698 0.938202 17.0026
0.927497 -0.158238 -0.338689 -6.32013 0.175237 0.984323 0.0199997 0.0902912 0.330215 -0.0779004 0.940686 17.5817
0.89101 0.0784655 -0.447152 -6.52461 -0.0757205 0.996839 0.0240407 -0.0237 0.447625 0.012438 0.894135 18.0193
0.651489 0.187119 -0.73522 -6.67536 -0.208349 0.975973 0.0637714 -0.104142 0.729488 0.111636 0.674822 18.1844
0.157245 0.0467104 -0.986454 -6.85376 -0.0362092 0.998482 0.041508 -0.0212398 0.986896 0.0291917 0.158698 18.2242
-0.239434 -0.0851371 -0.967173 -7.04539 0.0299167 0.995028 -0.0949953 0.0725366 0.970452 -0.0516798 -0.235697 18.2145
-0.320985 -0.295328 -0.899861 -7.23979 0.176842 0.914738 -0.363291 0.175437 0.930428 -0.275744 -0.241391 18.379
-0.323297 -0.35638 -0.876625 -7.34948 0.180078 0.886276 -0.426716 0.197431 0.929005 -0.295817 -0.222354 18.8415
-0.117885 -0.246375 -0.961978 -7.6574 0.157305 0.951868 -0.263063 0.122333 0.980489 -0.182336 -0.073455 19.4052
0.157489 -0.0898709 -0.983423 -7.78683 0.216551 0.974754 -0.0543995 0.0760572 0.963485 -0.204394 0.172974 20.0724
0.000291263 -0.0472485 -0.998883 -7.88957 0.199875 0.97873 -0.046237 0.0498809 0.979821 -0.199638 0.00972886 20.5823
0.0268207 -0.0317888 -0.999135 -7.99513 0.204964 0.978434 -0.0256282 0.00956035 0.978402 -0.204099 0.0327578 20.8553
0.32586 -0.0781307 -0.942184 -8.20038 0.240338 0.970686 0.00262832 0.00891883 0.914359 -0.227299 0.335086 21.3423
-0.0321949 -0.111335 -0.993261 -8.41509 0.246249 0.962259 -0.115842 0.0354336 0.968672 -0.248319 -0.00356362 21.6357
-0.414414 -0.122622 -0.90179 -8.77 0.189537 0.957526 -0.217301 0.00852324 0.890133 -0.260975 -0.373571 21.9188
-0.66308 -0.20046 -0.721208 -8.88036 0.0164572 0.959338 -0.281779 0.0635815 0.748368 -0.198711 -0.632819 22.1937
-0.421072 -0.147513 -0.894951 -9.33407 0.140118 0.964263 -0.224863 0.0228176 0.896139 -0.220082 -0.385355 22.6561
-0.0508871 -0.166778 -0.98468 -9.4093 0.239485 0.955153 -0.174154 0.0543295 0.969566 -0.244679 -0.008664 23.0881
0.383883 -0.104963 -0.917396 -9.49746 0.314954 0.948823 0.0232332 0.0268439 0.868008 -0.297856 0.397296 23.4848
0.542024 -0.265713 -0.797249 -9.50035 0.422222 0.906368 -0.015025 0.066497 0.726593 -0.328472 0.603463 23.9291
0.391663 -0.309392 -0.866531 -9.63076 0.584948 0.810684 -0.0250616 0.100721 0.710237 -0.49706 0.498493 24.4944
0.280129 -0.23559 -0.930605 -9.77832 0.363876 0.923135 -0.124165 0.0602692 0.888325 -0.303842 0.344322 25.0985
0.431526 -0.163794 -0.887106 -10.0177 0.37742 0.925956 0.0126263 0.0282549 0.819353 -0.34026 0.461393 25.6661
0.329749 -0.120897 -0.936295 -10.3756 0.37268 0.927889 0.0114408 0.0285686 0.867395 -0.352712 0.351027 26.2663
0.0821976 -0.186303 -0.979048 -10.6418 0.30106 0.941119 -0.153809 0.0395123 0.950056 -0.28211 0.133446 26.5484
0.156939 -0.0133373 -0.987518 -10.9549 0.20719 0.978102 0.019717 0.00313543 0.965631 -0.207698 0.156266 27.0032
-0.120532 -0.0330942 -0.992158 -11.0495 0.10998 0.992846 -0.0464781 -0.00173313 0.986598 -0.11472 -0.11603 27.3132
-0.385553 -0.00424015 -0.922676 -11.3959 0.0759491 0.99645 -0.0363156 -0.00849939 0.919555 -0.084078 -0.383862 27.3627
-0.703106 0.0243355 -0.710669 -11.6462 0.0124707 0.999683 0.0218942 -0.0297356 0.710976 0.00653137 -0.703186 27.4152
-0.602028 -0.147273 -0.784776 -11.9598 0.0431451 0.975407 -0.216145 0.0426877 0.797309 -0.163985 -0.580868 27.3479
-0.746765 -0.178704 -0.640629 -12.2454 -0.0806467 0.980449 -0.17949 0.0655672 0.66018 -0.0823721 -0.746577 27.3221
-0.548833 -0.193588 -0.813207 -12.287 0.0934999 0.952494 -0.28985 0.102642 0.830686 -0.235114 -0.50466 27.211
-0.831138 -0.165698 -0.530804 -12.4896 -0.03635 0.968719 -0.245482 0.0785093 0.554876 -0.184735 -0.811163 26.9733
-0.955855 -0.229858 -0.183048 -12.4577 -0.186402 0.955897 -0.226971 0.120884 0.227146 -0.182831 -0.956545 26.7927
-0.956426 -0.247999 0.154097 -12.3958 -0.276194 0.939628 -0.202028 0.122425 -0.094691 -0.235786 -0.967181 26.5949
-0.936173 -0.219253 0.27479 -12.5078 -0.25319 0.962803 -0.0943717 0.130307 -0.243877 -0.157922 -0.956862 26.5148
-0.98276 -0.129401 0.132051 -12.4026 -0.153908 0.968348 -0.196508 0.117838 -0.102443 -0.213444 -0.971569 26.5147
-0.910992 -0.145666 0.385844 -12.4404 -0.166321 0.985858 -0.0205039 0.063704 -0.377401 -0.0828529 -0.922336 26.4826
-0.950782 -0.250726 0.182072 -12.6143 -0.288808 0.929954 -0.227544 0.123756 -0.112267 -0.268928 -0.956595 26.3516
-0.941948 -0.335565 -0.011375 -12.6116 -0.309567 0.88109 -0.357559 0.184826 0.130007 -0.333281 -0.933821 26.1908
-0.915743 -0.303708 -0.263013 -12.9317 -0.170608 0.886649 -0.429822 0.180344 0.36374 -0.348735 -0.863757 26.1069
-0.86235 -0.114842 -0.493117 -12.9551 0.027991 0.961634 -0.272904 0.112282 0.505539 -0.249141 -0.82605 26.1226
-0.605926 -0.132948 -0.784334 -13.1844 0.0426241 0.979095 -0.198889 0.0681877 0.794379 -0.153944 -0.587592 26.2925
-0.173776 -0.039497 -0.983993 -13.2201 0.109076 0.992275 -0.0590926 0.0376155 0.978726 -0.117599 -0.168126 26.3823
0.188799 -0.0198324 -0.981815 -13.1916 0.102255 0.994758 -0.000430561 0.0382174 0.976677 -0.100315 0.189837 26.2896
0.0359323 -0.250468 -0.967458 -13.3106 0.26716 0.935256 -0.232209 0.100655 0.962982 -0.250122 0.100521 26.3986
0.436961 -0.251079 -0.863727 -13.2916 0.388174 0.918868 -0.0707299 0.128621 0.81141 -0.30437 0.498972 26.4292
0.496425 -0.372656 -0.784021 -13.5164 0.410298 0.896643 -0.166395 0.190523 0.764995 -0.23908 0.598016 26.3545
0.284346 -0.232965 -0.929986 -13.8083 0.313275 0.939356 -0.139527 0.134013 0.906094 -0.251668 0.340085 26.4567
0.283984 -0.0946922 -0.954142 -14.0281 0.147081 0.987636 -0.05424 0.0370756 0.947481 -0.124933 0.2944 26.2989
0.288872 -0.0939748 -0.952744 -14.0524 0.0367342 0.995526 -0.0870568 0.00558573 0.956663 -0.00985 0.291032 26.362
0.59273 -0.0667659 -0.802629 -14.1071 0.0923774 0.995617 -0.0146 0.0243767 0.800086 -0.0654909 0.596299 26.4423
0.749376 -0.233043 -0.61978 -14.2629 0.385632 0.914497 0.122409 0.156701 0.53826 -0.330737 0.775171 26.4262
0.814448 -0.362791 -0.452832 -14.2254 0.524928 0.793225 0.308617 0.277696 0.247234 -0.489057 0.83648 26.6844
0.913191 -0.330337 -0.238664 -14.5073 0.403957 0.811124 0.422962 0.246392 0.0538659 -0.482654 0.874153 26.7866
0.986955 -0.160837 -0.0072251 -14.4332 0.157493 0.95517 0.250692 0.0511027 -0.0334194 -0.24856 0.96804 26.9601
0.96317 -0.0170216 0.268355 -14.5281 0.000523462 0.998111 0.0614308 -0.0331812 -0.268894 -0.0590278 0.961359 26.8807
0.764811 0.068692 0.640582 -14.5779 -0.0491724 0.997623 -0.0482703 -0.0714223 -0.642375 0.00541868 0.766371 26.64
0.44891 0.0263473 0.893188 -14.5309 -0.0920464 0.995611 0.0168933 0.000157658 -0.888824 -0.0897984 0.449365 26.3418
0.253405 -0.0948011 0.962704 -14.5543 -0.221785 0.962984 0.153207 0.107607 -0.941593 -0.252336 0.223 26.381
-0.104206 -0.0472919 0.993431 -14.7685 -0.203641 0.978721 0.0252308 0.0748347 -0.973484 -0.199674 -0.111619 26.4631
