0.999995 -0.00212351 0.00244614 8.33258e-05 0.00212537 0.999997 -0.000758272 8.31482e-06 -0.00244453 0.000763467 0.999997 6.42006e-05
0.902532 -0.0117003 -0.430463 4.83463 0.00248529 0.999756 -0.0219633 0.229928 0.430615 0.0187528 0.902341 0.258677
0.848572 -0.0357462 -0.52787 5.59302 0.0191088 0.999135 -0.036941 0.236108 0.528734 0.0212602 0.848521 0.65852
0.921891 -0.0721962 -0.380664 6.38451 0.0282436 0.992394 -0.119816 0.237241 0.386419 0.099706 0.916918 1.40486
0.957135 -0.0934276 -0.27416 7.43602 0.0804454 0.995056 -0.0582454 0.277537 0.278246 0.0336938 0.959919 1.80153
0.848899 -0.055621 -0.52562 8.46117 0.037294 0.998272 -0.0454056 0.265721 0.527237 0.0189423 0.849507 2.24898
0.557856 -0.0666962 -0.827253 9.19032 0.0892458 0.995807 -0.020103 0.309899 0.825125 -0.0626144 0.561469 3.08126
0.164945 -0.0663977 -0.984065 9.30146 0.257022 0.966153 -0.022108 0.419552 0.952225 -0.24928 0.176428 3.32898
-0.23658 0.0242851 -0.971309 9.55842 0.297171 0.95359 -0.0485392 0.471741 0.925051 -0.300128 -0.232817 3.8036
-0.552091 0.00678987 -0.833756 9.61253 0.216188 0.966934 -0.135279 0.496644 0.805269 -0.254935 -0.535304 4.11616
-0.544351 -0.00441995 -0.838846 9.66254 0.0668503 0.996577 -0.0486322 0.421916 0.836189 -0.0825501 -0.542193 4.80556
-0.601634 0.0800942 -0.794746 10.04 0.0375304 0.996696 0.0720356 0.308069 0.79789 0.013512 -0.602652 4.76082
-0.865864 0.109372 -0.488177 10.1665 0.0583615 0.99123 0.118563 0.265513 0.496863 0.0741689 -0.864654 4.52595
-0.992176 0.0192929 -0.12335 10.0866 0.0120095 0.998155 0.0595198 0.245771 0.124271 0.0575727 -0.990577 4.20379
-0.976677 -0.00633514 0.21462 9.6632 -0.00317055 0.999881 0.0150862 0.299978 -0.21469 0.0140538 -0.976581 3.62758
-0.820836 -0.00686361 0.571122 9.33051 0.0478506 0.995586 0.0807372 0.274559 -0.569155 0.0936006 -0.816885 3.14302
-0.589376 -0.0171115 0.807677 8.75829 0.00616954 0.999651 0.0256806 0.29911 -0.807835 0.0201186 -0.589065 2.34371
-0.576203 -0.0502444 0.815761 8.13631 -0.0616277 0.997938 0.017935 0.327794 -0.81498 -0.0399393 -0.578111 1.58396
-0.835405 -0.0189355 0.549309 7.57068 -0.0156844 0.999821 0.010612 0.325317 -0.549412 0.000249688 -0.835552 0.696985
-0.958738 -0.0487923 0.280074 6.94993 -0.0334883 0.997686 0.0591731 0.28766 -0.282313 0.0473522 -0.958153 -0.159803
-0.814672 -0.0043054 0.579906 6.23788 0.00224524 0.999942 0.0105781 0.257237 -0.579918 0.00991968 -0.814615 -0.796021
-0.904653 -0.0252482 0.4254 5.1728 -0.000732081 0.998334 0.057696 0.254966 -0.426148 0.0518834 -0.903165 -1.1988
-0.995494 -0.00821753 0.0944653 4.48553 -0.00242397 0.998118 0.0612819 0.263711 -0.094791 0.0607768 -0.99364 -1.68071
-0.921773 -0.0886971 -0.37745 4.56248 -0.118511 0.991346 0.0564594 0.26232 0.369175 0.0967746 -0.924307 -1.78964
-0.749561 -0.119882 -0.650989 4.71966 -0.192172 0.980517 0.040706 0.268127 0.633425 0.155614 -0.757995 -1.81453
-0.468783 -0.0400816 -0.882404 4.92428 -0.205459 0.976518 0.0647948 0.248405 0.859086 0.211672 -0.46601 -1.82351
-0.100685 -0.0589067 -0.993173 5.15517 -0.0934479 0.994393 -0.0495056 0.278195 0.99052 0.0878255 -0.105625 -1.65906
0.247049 -0.109052 -0.962847 5.16493 0.0194158 0.994005 -0.107599 0.335727 0.968809 0.0078878 0.247685 -1.14478
0.338543 -0.150268 -0.928875 5.22997 0.0422796 0.988598 -0.14452 0.353173 0.94 0.00965401 0.341037 -0.777089
0.62221 -0.108132 0.775347 2.34465 -0.086845 0.974767 0.205637 0.144859 -0.778018 -0.195284 0.597119 -0.420852
0.581364 -0.206964 0.786881 2.47767 0.0595766 0.97534 0.212516 0.112733 -0.811459 -0.0766692 0.579358 -0.514317
0.464532 -0.238983 0.8527 2.63621 0.0629495 0.969373 0.237389 0.107995 -0.883316 -0.0565979 0.465349 -0.56021
0.618321 -0.355264 0.701047 2.9709 0.0290806 0.901732 0.431315 0.222629 -0.785388 -0.246304 0.567891 -0.894304
0.664638 -0.41443 0.621694 3.36562 0.0295486 0.845999 0.532365 0.27634 -0.746581 -0.33546 0.574529 -0.976613
0.797986 -0.442936 0.408688 3.65748 0.207232 0.838435 0.504065 0.237396 -0.565927 -0.317544 0.76085 -0.974492
0.864438 -0.172469 0.472229 3.99363 0.0790043 0.974246 0.211196 0.14669 -0.496492 -0.145257 0.855801 -0.639645
0.975183 -0.163657 0.149111 4.20869 0.134122 0.972532 0.190246 0.165958 -0.17615 -0.165525 0.970347 -0.259256
0.977182 -0.114338 -0.179003 4.36682 0.129957 0.988441 0.0780698 0.123509 0.168008 -0.0995511 0.980746 0.0565834
0.862711 -0.0698797 -0.500846 4.32703 0.140977 0.984377 0.10549 0.135775 0.485649 -0.161615 0.859084 0.379735
0.700743 -0.311074 -0.642022 4.33342 0.448637 0.891859 0.0575449 0.244831 0.554692 -0.328359 0.764524 0.58156
0.719071 -0.474913 -0.507341 4.26804 0.646741 0.724465 0.238488 0.31116 0.254289 -0.499608 0.828088 0.693327
0.818034 -0.263469 -0.511278 4.13369 0.386455 0.910143 0.14931 0.200742 0.425998 -0.319726 0.846346 1.10956
0.793982 0.0149085 -0.607758 4.09317 0.097351 0.983681 0.15131 0.0736147 0.600096 -0.179304 0.779573 1.39973
0.572417 -0.0305901 -0.819392 3.90969 0.121352 0.99146 0.0477615 0.0945543 0.810933 -0.126775 0.571241 1.56376
0.289442 0.00449029 -0.957185 3.9146 0.0715758 0.997088 0.0263212 0.0707815 0.954516 -0.0761297 0.288278 1.74021
-0.0352956 -0.0610815 -0.997509 4.10182 0.188856 0.979739 -0.0666758 0.154185 0.98137 -0.190738 -0.0230448 1.57694
-0.37116 -0.128701 -0.919607 4.20448 0.1163 0.976107 -0.183548 0.163819 0.921257 -0.175076 -0.347323 1.61982
-0.646436 -0.283526 -0.708331 4.57388 0.039889 0.914561 -0.402477 0.24367 0.761924 -0.28843 -0.579896 1.61629
-0.855142 -0.270402 -0.442284 4.67141 -0.0806797 0.912207 -0.401709 0.216171 0.512077 -0.307835 -0.801882 1.5333
-0.944372 -0.269679 -0.188241 4.58333 -0.185354 0.909244 -0.372718 0.231463 0.271671 -0.317093 -0.908651 1.55105
-0.989282 -0.111409 0.0943902 4.41807 -0.127586 0.973904 -0.187705 0.146269 -0.071015 -0.197736 -0.97768 1.39497
-0.85595 -0.105013 0.506282 4.34664 -0.181498 0.977874 -0.104021 0.137309 -0.484157 -0.180925 -0.856071 1.13946
-0.590441 -0.16442 0.790155 4.27141 -0.267089 0.963671 0.000944016 0.176509 -0.761605 -0.210485 -0.612906 1.07178
-0.29434 -0.15517 0.94302 4.30417 -0.299149 0.952105 0.0632932 0.161657 -0.907675 -0.263474 -0.326661 0.935745
0.0545242 -0.183261 0.981551 4.37477 -0.303221 0.933553 0.191143 0.196585 -0.951359 -0.308049 -0.00466734 0.641966
0.139626 -0.0835704 0.986672 4.52229 -0.218177 0.969348 0.112978 0.15027 -0.965869 -0.231044 0.117113 0.246021
-0.255614 -0.0262521 0.966422 4.69594 -0.139568 0.990162 -0.010018 0.0972893 -0.956652 -0.137442 -0.256764 -0.225728
-0.595318 0.0595776 0.801278 4.69847 -0.0469891 0.992959 -0.108741 0.0931711 -0.802115 -0.102387 -0.588327 -0.467735
-0.901923 -0.0550433 0.428375 4.7227 -0.149713 0.970194 -0.19055 0.162147 -0.405118 -0.235995 -0.883281 -0.572127
-0.976278 -0.185999 0.11084 4.51425 -0.208131 0.947283 -0.243592 0.189622 -0.0596891 -0.260883 -0.963523 -0.655443
-0.957108 -0.106825 -0.26932 4.25019 -0.0269948 0.958384 -0.284204 0.190502 0.288472 -0.264744 -0.92016 -0.885635
-0.747343 -0.0397531 -0.663248 3.74947 0.0806265 0.985406 -0.149912 0.154523 0.659528 -0.165511 -0.733232 -0.923392
-0.487845 -0.14063 -0.861528 3.3903 0.142044 0.960995 -0.2373 0.208823 0.861296 -0.23814 -0.448841 -1.01684
-0.39408 -0.240059 -0.887171 2.8043 0.17469 0.928124 -0.328738 0.225658 0.902322 -0.284529 -0.323819 -0.910543
-0.341335 -0.231926 -0.910879 2.3045 0.198244 0.929518 -0.31096 0.218329 0.918798 -0.286718 -0.271299 -0.756086
-0.492161 -0.254239 -0.832551 1.76253 0.202237 0.896838 -0.393423 0.263159 0.846686 -0.362 -0.389972 -0.711819
-0.597184 -0.250291 -0.762054 1.07482 0.0257145 0.943605 -0.330072 0.255409 0.801692 -0.21671 -0.55707 -0.864061
-0.50743 -0.124714 -0.85262 0.449527 0.100844 0.974077 -0.202497 0.17102 0.855772 -0.188735 -0.481699 -1.21614
-0.18569 -0.0951858 -0.977987 -0.0955611 0.119985 0.985652 -0.118713 0.150936 0.975255 -0.139388 -0.171604 -1.27514
0.167554 -0.0884848 -0.981884 -0.29269 0.185249 0.981049 -0.0567977 0.153548 0.968302 -0.172376 0.180771 -1.23683
0.625825 -0.144868 -0.766392 -0.482512 0.234064 0.972193 0.00736447 0.189176 0.744014 -0.183994 0.642331 -0.944828
0.867906 -0.142908 -0.475727 -0.525808 0.210308 0.973364 0.0912826 0.200946 0.450011 -0.179274 0.874843 -0.88106
0.951092 -0.255422 -0.173735 -0.497862 0.287286 0.938085 0.193555 0.183188 0.11354 -0.234 0.965584 -0.76965
0.904899 -0.419541 0.071723 -0.426151 0.36264 0.84818 0.386113 0.241291 -0.222824 -0.323383 0.919659 -0.578815
0.802948 -0.576358 0.15194 -0.557852 0.36173 0.673797 0.64432 0.31185 -0.473736 -0.462394 0.74951 -0.375722
0.734242 -0.67346 0.0856681 -0.329164 0.306473 0.441411 0.843345 0.386474 -0.605774 -0.592965 0.5305 -0.0512543
0.731723 -0.674245 -0.0998804 -0.0616254 0.472795 0.396529 0.786912 0.39481 -0.490965 -0.623024 0.608928 0.328175
0.744304 -0.627721 -0.227985 0.249558 0.621294 0.525618 0.581136 0.371489 -0.244958 -0.574187 0.78122 0.76149
0.780745 -0.496628 -0.379206 0.257897 0.618986 0.697656 0.360739 0.319615 0.0854028 -0.516368 0.852097 1.15134
0.678291 -0.384254 -0.626315 0.306529 0.443322 0.893762 -0.0682245 0.187584 0.585992 -0.231383 0.776579 1.35201
0.582939 -0.284391 -0.76112 0.28476 0.114258 0.956129 -0.269746 0.124563 0.804442 0.0702818 0.589859 1.52907
0.360151 -0.197632 -0.91172 -0.0109677 0.103194 0.979745 -0.171614 0.0928755 0.927169 -0.0322769 0.373251 1.86248
0.417308 -0.0834447 -0.904926 -0.128101 0.193417 0.981116 -0.00127569 0.0694242 0.887943 -0.174496 0.425567 2.41667
0.47841 -0.133486 -0.867931 -0.439416 0.27017 0.962812 0.000840983 0.0828689 0.835543 -0.234891 0.496683 2.80223
0.674274 -0.0654802 -0.735573 -0.647607 0.191545 0.97748 0.0885678 0.0902643 0.713208 -0.200614 0.671631 3.32739
0.708159 -0.133913 -0.693238 -0.81371 0.17972 0.983697 -0.00643271 0.0895817 0.682797 -0.120033 0.72068 3.95093
0.892575 -0.120966 -0.434369 -0.824778 0.204152 0.967362 0.15011 0.124983 0.402034 -0.222662 0.888139 4.40082
0.822442 -0.240044 -0.515721 -0.805161 0.330395 0.939584 0.089561 0.178475 0.463064 -0.24405 0.852063 4.86734
0.66118 -0.120222 -0.740532 -1.20118 0.192663 0.981182 0.0127277 0.103533 0.725067 -0.151088 0.671901 5.40684
0.696191 -0.159922 -0.699817 -1.40023 0.303551 0.949006 0.0851121 0.157865 0.650519 -0.271685 0.709233 5.97035
0.683842 -0.216408 -0.696798 -1.56768 0.349231 0.935583 0.0521688 0.177585 0.640623 -0.279019 0.715368 6.48217
0.549537 -0.116285 -0.827337 -1.86774 0.312422 0.947025 0.0744112 0.143909 0.774856 -0.29937 0.556755 6.806
0.237331 -0.0669943 -0.969116 -2.01389 0.177825 0.983758 -0.0244581 0.0828905 0.955014 -0.166528 0.24539 6.96609
-0.140416 -0.102086 -0.984816 -2.1048 0.155996 0.979966 -0.123825 0.104902 0.977726 -0.171014 -0.121677 7.12939
-0.398886 -0.126199 -0.908275 -2.31515 0.163212 0.964899 -0.205744 0.122061 0.902359 -0.23031 -0.364288 7.38098
-0.195086 -0.137729 -0.971068 -2.46988 0.105426 0.98141 -0.160376 0.112596 0.975103 -0.133663 -0.176939 7.91773
0.194301 -0.136573 -0.971388 -2.50419 0.162959 0.980995 -0.105328 0.1014 0.967311 -0.137831 0.212864 8.16282
0.515338 -0.0798255 -0.853261 -2.61042 0.238594 0.969651 0.0533879 0.0985754 0.823104 -0.231096 0.518744 8.39157
0.706711 -0.00204552 -0.7075 -2.75604 0.11336 0.987404 0.110379 0.073167 0.698362 -0.158209 0.698041 8.91061
0.861196 -0.164961 -0.480758 -2.88746 0.311027 0.919135 0.241771 0.079868 0.401999 -0.357741 0.842863 9.08197
0.952596 -0.148402 -0.265588 -3.01685 0.21154 0.950491 0.227634 0.0632661 0.218658 -0.273026 0.936827 9.54341
0.956856 -0.0867219 -0.277318 -3.27764 0.165027 0.947744 0.273033 0.0518251 0.239149 -0.307018 0.921166 9.73475
0.886924 -0.163036 -0.432186 -3.42622 0.272721 0.939982 0.205078 0.0715356 0.372812 -0.299755 0.878156 10.15
0.859933 -0.000499894 -0.510406 -3.70392 0.13679 0.963643 0.229521 0.0142718 0.491735 -0.267191 0.828737 10.6984
0.641931 -0.0879435 -0.761702 -3.77908 0.212362 0.974932 0.0664079 0.0383371 0.736768 -0.204386 0.644515 11.0486
0.576334 -0.253423 -0.776928 -3.88049 0.49521 0.864571 0.0853417 0.0947122 0.650082 -0.433928 0.623779 11.4054
0.177404 -0.44931 -0.875585 -3.9337 0.685114 0.695089 -0.217875 0.199019 0.706503 -0.561223 0.43114 11.4951
-0.154318 -0.470904 -0.868582 -3.96199 0.547309 0.691166 -0.471956 0.223796 0.822581 -0.548214 0.15107 11.6837
0.119158 -0.238646 -0.963768 -4.33646 0.414943 0.89382 -0.170023 0.0633811 0.902011 -0.379649 0.20553 12.0549
0.276783 -0.101673 -0.955538 -4.51416 0.10508 0.991626 -0.0750751 -0.0603832 0.95517 -0.0796285 0.285149 12.432
0.387287 -0.0278164 -0.92154 -4.62297 -0.000335101 0.99954 -0.0303117 -0.0807075 0.921959 0.0120481 0.387099 12.6705
0.632669 -0.160547 -0.757598 -4.7989 0.207305 0.977683 -0.034066 0.00573516 0.74616 -0.135502 0.651832 12.9676
0.669823 -0.182319 -0.71979 -4.91788 0.257399 0.966291 -0.00522605 0.0238603 0.696479 -0.181773 0.694172 13.4892
0.678379 -0.156514 -0.717847 -5.13014 0.220586 0.975358 -0.00420142 0.0390234 0.700816 -0.155497 0.696188 13.987
0.818793 -0.196647 -0.539359 -5.20816 0.263299 0.963498 0.0484249 0.0530473 0.510149 -0.181663 0.840682 14.3326
0.883753 -0.33202 -0.329763 -5.31858 0.384447 0.916912 0.107115 0.114036 0.2668 -0.221439 0.937967 14.8617
0.923692 -0.275099 -0.266672 -5.54401 0.309239 0.946227 0.0950042 0.103362 0.226197 -0.17022 0.959093 15.3972
0.923161 -0.243501 -0.297458 -5.80213 0.29223 0.947265 0.131497 0.0999877 0.249752 -0.208319 0.945636 16.0656
0.919083 -0.359167 -0.162126 -5.91324 0.387152 0.899716 0.201555 0.154194 0.0734754 -0.248013 0.965966 16.5219
0.936208 -0.122482 -0.329412 -6.21767 0.164826 0.980851 0.103744 0.0817203 0.310398 -0.151421 0.938469 16.9965
0.92767 -0.158066 -0.338296 -6.32119 0.174626 0.984454 0.0188786 0.0773794 0.330053 -0.0765885 0.94085 17.5756
0.891179 0.0786491 -0.446781 -6.52549 -0.0764357 0.996809 0.0230095 -0.0371393 0.447165 0.0136445 0.894347 18.0131
0.651739 0.187387 -0.73493 -6.67614 -0.209408 0.97579 0.0630962 -0.117767 0.728961 0.112778 0.675201 18.1783
0.157643 0.0469577 -0.986379 -6.85451 -0.0374752 0.998434 0.0415423 -0.0348539 0.986785 0.0304159 0.159156 18.2183
-0.239004 -0.0848781 -0.967302 -7.04586 0.0288814 0.99511 -0.0944543 0.0593172 0.970589 -0.050512 -0.235384 18.2089
-0.320542 -0.295123 -0.900086 -7.24013 0.175896 0.915154 -0.362704 0.162112 0.93076 -0.274583 -0.241434 18.3737
-0.322835 -0.356154 -0.876888 -7.34981 0.179051 0.886784 -0.426093 0.183433 0.929365 -0.294565 -0.222515 18.836
-0.11747 -0.24623 -0.962066 -7.65755 0.156054 0.952161 -0.262749 0.107502 0.980738 -0.181 -0.0734249 19.3998
0.157911 -0.0897395 -0.983367 -7.78671 0.215276 0.975036 -0.0544097 0.060346 0.963701 -0.203103 0.173288 20.0669
0.000727062 -0.0470709 -0.998891 -7.88932 0.198636 0.978994 -0.0459887 0.0335655 0.980073 -0.198383 0.0100618 20.5769
0.0272485 -0.0316626 -0.999127 -7.99475 0.203697 0.978703 -0.0254601 -0.00708773 0.978655 -0.202826 0.0331177 20.8499
0.326199 -0.0779655 -0.94208 -8.19962 0.239102 0.970991 0.00243183 -0.00832664 0.914562 -0.226047 0.335378 21.3369
-0.0319091 -0.11115 -0.993291 -8.41395 0.245027 0.962601 -0.115587 0.0178696 0.968991 -0.247071 -0.0034809 21.6306
-0.41399 -0.122392 -0.902016 -8.76909 0.188619 0.95788 -0.21654 -0.00879738 0.890525 -0.259783 -0.373467 21.9138
-0.662759 -0.200218 -0.72157 -8.8793 0.0157189 0.959661 -0.28072 0.0459539 0.748668 -0.197392 -0.632877 22.1887
-0.420667 -0.147399 -0.895161 -9.33293 0.13901 0.964588 -0.224156 0.00448806 0.896502 -0.218731 -0.38528 22.6512
-0.0504549 -0.166698 -0.984716 -9.40806 0.238266 0.955493 -0.173959 0.0351901 0.969888 -0.243402 -0.00849079 23.0833
0.384206 -0.104783 -0.917282 -9.49597 0.313723 0.949237 0.02297 0.00721236 0.868311 -0.296597 0.397575 23.4799
0.542348 -0.265482 -0.797106 -9.4988 0.421069 0.906895 -0.0155537 0.0462877 0.727021 -0.327202 0.603638 23.9242
0.392025 -0.309256 -0.866416 -9.62907 0.583887 0.811436 -0.025442 0.0798065 0.71091 -0.495915 0.498674 24.4895
0.280466 -0.235357 -0.930562 -9.77648 0.362601 0.923616 -0.124314 0.0386205 0.88874 -0.302557 0.344383 25.0936
0.431843 -0.163588 -0.88699 -10.0157 0.376199 0.926457 0.0122911 0.00594309 0.819747 -0.338993 0.461625 25.6613
0.330168 -0.120579 -0.936189 -10.3735 0.3713 0.928443 0.011366 0.00550061 0.867828 -0.35136 0.351313 26.2616
0.0825354 -0.186048 -0.979068 -10.6397 0.299761 0.94156 -0.153651 0.01622 0.950437 -0.280805 0.133482 26.5438
0.157288 -0.0129491 -0.987468 -10.9526 0.205746 0.978402 0.0199419 -0.0207041 0.965883 -0.206304 0.156555 26.9986
-0.120058 -0.0325277 -0.992234 -11.047 0.108192 0.993081 -0.0456465 -0.0258223 0.986854 -0.112832 -0.115708 27.3085
-0.385034 -0.00391767 -0.922894 -11.393 0.0740139 0.996639 -0.0351095 -0.0319692 0.91993 -0.0818254 -0.38345 27.3581
-0.702963 0.0246902 -0.710798 -11.6436 0.0109965 0.999655 0.0238487 -0.0533318 0.711142 0.00894843 -0.702992 27.4106
-0.601602 -0.147124 -0.78513 -11.9572 0.0416204 0.975784 -0.214742 0.0193444 0.797711 -0.161867 -0.58091 27.3436
-0.746236 -0.17921 -0.641104 -12.2439 -0.0819647 0.980488 -0.178674 0.0414873 0.660616 -0.0807852 -0.746365 27.3179
-0.548309 -0.193471 -0.813589 -12.2846 0.0918431 0.953055 -0.288533 0.0796355 0.831217 -0.232928 -0.504799 27.207
-0.830803 -0.166197 -0.531173 -12.4885 -0.0374378 0.968901 -0.2446 0.0549403 0.555306 -0.183329 -0.811188 26.9693
-0.955592 -0.230555 -0.183541 -12.4572 -0.187341 0.956047 -0.225561 0.0970004 0.227479 -0.18116 -0.956783 26.789
-0.95617 -0.24915 0.153829 -12.3964 -0.27704 0.939861 -0.199776 0.0984425 -0.0948034 -0.233637 -0.967691 26.591
-0.936581 -0.220704 0.272222 -12.5085 -0.253542 0.96298 -0.0915754 0.10497 -0.241933 -0.154788 -0.957867 26.5114
-0.982873 -0.130995 0.129619 -12.404 -0.154618 0.968888 -0.19326 0.0939204 -0.10027 -0.209992 -0.972548 26.5124
-0.911186 -0.147048 0.38486 -12.4438 -0.166605 0.985864 -0.0177693 0.0398914 -0.376807 -0.0803106 -0.922804 26.4804
-0.950612 -0.2518 0.181477 -12.6138 -0.289402 0.930377 -0.225046 0.0992237 -0.112175 -0.266451 -0.957299 26.348
-0.9417 -0.336252 -0.0116884 -12.6114 -0.310303 0.881408 -0.356133 0.161787 0.130053 -0.331744 -0.934362 26.1871
-0.915488 -0.304291 -0.263227 -12.9313 -0.171509 0.886956 -0.428827 0.157414 0.363959 -0.347441 -0.864187 26.1033
-0.862126 -0.115418 -0.493373 -12.9547 0.0269337 0.961895 -0.272088 0.0893259 0.505977 -0.247862 -0.826167 26.1189
-0.605575 -0.133477 -0.784515 -13.1841 0.041352 0.979223 -0.198525 0.0448285 0.794713 -0.152663 -0.587473 26.2889
-0.173322 -0.039774 -0.984062 -13.2186 0.107739 0.992422 -0.0590878 0.0155252 0.978954 -0.116263 -0.167723 26.3786
0.189881 -0.0199582 -0.981604 -13.1892 0.100328 0.994954 -0.00082214 0.0178053 0.976668 -0.0983268 0.190925 26.2858
0.0398473 -0.253447 -0.966528 -13.3063 0.264591 0.935443 -0.234387 0.0827017 0.963537 -0.246395 0.104335 26.3948
0.438997 -0.253333 -0.862035 -13.2876 0.386616 0.919325 -0.0732823 0.110083 0.811055 -0.301105 0.501524 26.4252
0.497487 -0.373705 -0.782848 -13.5132 0.408608 0.897014 -0.16854 0.171331 0.76521 -0.236032 0.598951 26.3512
0.284116 -0.234079 -0.929777 -13.8037 0.310361 0.939982 -0.14181 0.115735 0.907168 -0.248276 0.339713 26.4527
0.282788 -0.0981892 -0.954144 -14.0202 0.143512 0.987881 -0.0591272 0.0227332 0.948386 -0.12021 0.293452 26.2932
0.290179 -0.09583 -0.952162 -14.0474 0.0342652 0.995376 -0.0897367 -0.0125303 0.956359 -0.00658631 0.292121 26.3588
0.59319 -0.0666562 -0.802299 -14.1042 0.0909571 0.995735 -0.0154768 0.00369942 0.799908 -0.0637941 0.596722 26.4393
0.749609 -0.232978 -0.619523 -14.2603 0.384748 0.914998 0.121443 0.135481 0.538568 -0.329395 0.775528 26.4235
0.814653 -0.362754 -0.452492 -14.2228 0.524404 0.793959 0.307619 0.256011 0.247671 -0.487891 0.837031 26.6818
0.913335 -0.330251 -0.238229 -14.5047 0.403599 0.811881 0.42185 0.224505 0.0540977 -0.481439 0.874808 26.784
0.986994 -0.160611 -0.00679891 -14.4306 0.157213 0.955555 0.249396 0.0286837 -0.033559 -0.247222 0.968378 26.9572
0.963041 -0.0169232 0.268822 -14.5255 0.000737689 0.998186 0.0601962 -0.0562489 -0.269353 -0.0577732 0.961307 26.8779
0.764109 0.0677996 0.641515 -14.5764 -0.0473978 0.997674 -0.0489854 -0.0971537 -0.643344 0.00702375 0.765545 26.6377
0.447685 0.0241947 0.893864 -14.5309 -0.0885006 0.995925 0.0173677 -0.0279984 -0.889801 -0.0868827 0.448002 26.3401
0.256385 -0.0955739 0.961838 -14.5607 -0.218466 0.963619 0.153984 0.0798792 -0.941562 -0.249608 0.226177 26.3775
-0.104713 -0.0494154 0.993274 -14.7696 -0.200287 0.979348 0.0276079 0.0473093 -0.974125 -0.196049 -0.112448 26.4638
0.129173 -0.0769547 0.988632 -15.0542 -0.176611 0.979259 0.0993009 0.0608978 -0.975768 -0.18743 0.112903 26.6824
-0.0602001 -0.0800709 0.99497 -15.1579 -0.147423 0.98656 0.0704744 0.0216162 -0.98724 -0.142439 -0.0711953 26.7141
0.00857286 -0.142844 0.989708 -15.4281 -0.157664 0.977172 0.1424 0.0790162 -0.987456 -0.157263 -0.0141442 26.987
0.253659 -0.104934 0.961585 -15.4872 -0.122871 0.98255 0.139634 0.0484242 -0.959458 -0.153571 0.236339 27.2565
0.578452 -0.0528264 0.814004 -15.4978 -0.139383 0.976824 0.162442 0.0300068 -0.80372 -0.207423 0.557683 27.5302
0.876533 0.04191 0.479514 -15.467 -0.133108 0.978459 0.157798 0.00187689 -0.462571 -0.202143 0.86323 27.9824
0.978305 -0.103095 0.179696 -15.3288 0.0621739 0.973509 0.220032 0.0673503 -0.19762 -0.204086 0.958799 28.2156
0.984393 -0.0908589 -0.150713 -15.486 0.122667 0.968336 0.217437 0.0843362 0.126185 -0.232531 0.964369 28.591
0.874809 -0.0475766 -0.482127 -15.6352 0.126413 0.983108 0.13236 0.0455568 0.467685 -0.176736 0.866046 28.7761
0.590501 -0.0214863 -0.806751 -15.7524 0.102677 0.993522 0.0486936 0.0252433 0.800479 -0.111588 0.588882 28.8835
0.236389 0.0088202 -0.971618 -15.8821 0.0602054 0.997904 0.0237065 0.0174358 0.969791 -0.0641007 0.235363 28.9461
0.098996 0.082427 -0.991668 -16.0867 0.0624044 0.994088 0.0888578 -0.0149989 0.993129 -0.070681 0.0932668 29.1238
0.0146324 0.128055 -0.991659 -16.3923 -0.0775025 0.988927 0.126559 -0.0619001 0.996885 0.0750042 0.024395 29.5161
0.318355 0.313827 -0.894518 -16.514 -0.196044 0.94501 0.26177 -0.125085 0.927479 0.0920288 0.362373 30.0329
0.585596 0.381077 -0.715442 -16.4407 -0.340076 0.916672 0.209906 -0.190103 0.735817 0.120385 0.666394 30.5842
0.808129 0.284593 -0.515688 -16.5241 -0.208182 0.957022 0.201912 -0.09492 0.550988 -0.0558145 0.832645 30.8056
0.705712 0.0951003 -0.702087 -16.6423 0.0712903 0.97639 0.203914 0.0411241 0.704903 -0.193957 0.68227 31.0342
0.486163 0.00972243 -0.873814 -16.8545 0.201111 0.971853 0.122705 0.0921631 0.850412 -0.235388 0.470523 30.8529
0.0876042 0.11873 -0.989054 -17.0102 -0.0587083 0.991761 0.113855 -0.0123085 0.994424 0.0480915 0.0938529 30.7331
-0.261602 0.28917 -0.920839 -17.0718 -0.0824891 0.943875 0.319838 -0.133058 0.961644 0.15963 -0.223067 30.569
-0.448025 0.367045 -0.8152 -17.0328 -0.0639712 0.896336 0.438735 -0.211749 0.891729 0.248714 -0.378101 30.7273
-0.405428 0.318666 -0.856785 -17.1638 0.00582983 0.938153 0.346171 -0.32688 0.914108 0.135352 -0.382212 31.0316
-0.299658 -0.00515164 -0.954033 -17.2165 0.192677 0.979053 -0.0658056 -0.27695 0.934388 -0.203539 -0.292388 31.1938
-0.356226 -0.115066 -0.927288 -17.2858 0.202943 0.959172 -0.196984 -0.360552 0.912095 -0.258358 -0.318331 31.4229
-0.280053 0.153014 -0.947711 -17.5366 0.0518695 0.988185 0.144221 -0.531931 0.958582 -0.00876765 -0.284681 31.5191
-0.219872 0.280116 -0.934447 -17.9524 -0.0295732 0.955533 0.293396 -0.773213 0.97508 0.0921442 -0.201811 31.612
0.124951 0.412122 -0.90252 -18.0285 -0.199003 0.901574 0.384139 -0.809738 0.972001 0.131605 0.194666 31.7575
0.389397 0.51762 -0.761866 -18.0704 -0.399806 0.840154 0.366464 -0.850741 0.829774 0.161899 0.534101 31.7976
0.758812 0.364329 -0.539878 -17.9024 -0.381271 0.920519 0.0853139 -0.97192 0.52805 0.141102 0.837409 31.9927
0.89983 0.383691 -0.207576 -17.8132 -0.389562 0.920901 0.0134948 -0.980489 0.196335 0.0687209 0.978126 32.0272
0.947917 0.29176 0.127788 -17.9523 -0.299166 0.953242 0.0427734 -1.04843 -0.109333 -0.0787754 0.990879 32.0565
0.965019 0.260987 0.0249612 -17.9786 -0.259835 0.96475 -0.0417473 -1.25244 -0.0349768 0.0338012 0.998816 32.3431
0.982058 0.188356 -0.00915842 -18.1192 -0.188565 0.981408 -0.0357943 -1.3672 0.00224607 0.0368791 0.999317 32.5479
0.913199 0.294722 -0.281436 -18.3306 -0.309251 0.95095 -0.00760948 -1.4144 0.265389 0.0939833 0.95955 32.6984
0.886445 0.192174 -0.421052 -18.334 -0.263518 0.957435 -0.1178 -1.57858 0.380491 0.215378 0.899355 32.9704
0.89048 0.278248 -0.360032 -18.5056 -0.293275 0.955934 0.0134186 -1.72726 0.347901 0.0936395 0.932843 33.2006
0.905566 0.23563 -0.352744 -18.6896 -0.212946 0.971683 0.1024 -1.73991 0.366884 -0.0176151 0.9301 33.1968
0.944076 -0.00885539 -0.329608 -18.7907 0.0955588 0.964087 0.247801 -1.63163 0.315577 -0.26544 0.911017 33.1347
0.926111 0.0789272 -0.368901 -18.7619 -0.00284663 0.979303 0.202378 -1.67502 0.377239 -0.186374 0.907169 33.2519
0.869681 0.22153 -0.441111 -18.8484 -0.15962 0.971837 0.173363 -1.9443 0.467093 -0.0803603 0.880549 33.7017
0.689356 0.24026 -0.683421 -19.0184 -0.142847 0.96996 0.196906 -2.0522 0.7102 -0.0381132 0.702968 33.8688
0.337557 0.368111 -0.866343 -18.9574 -0.232141 0.924491 0.302368 -2.11597 0.912231 0.0990476 0.397523 33.979
0.13746 0.403267 -0.904699 -18.9873 -0.186066 0.907622 0.376299 -2.2937 0.972874 0.116608 0.199796 34.1658
-0.0591944 0.387774 -0.919852 -18.827 -0.141469 0.908909 0.392264 -2.32948 0.988171 0.153351 0.00105579 34.4008
-0.0393781 0.336786 -0.940758 -18.8022 -0.106087 0.934757 0.339078 -2.58294 0.993577 0.113155 -0.00108024 34.81
0.0261062 0.32231 -0.946274 -19.0876 -0.11302 0.941479 0.317559 -2.74861 0.99325 0.0986577 0.061006 35.0762
0.395138 0.263233 -0.880099 -19.1377 -0.0820651 0.964349 0.251587 -2.86033 0.914949 -0.0271862 0.402653 35.3879
0.614752 0.0897558 -0.783596 -19.3729 0.0645266 0.98445 0.163385 -2.93133 0.786076 -0.151004 0.599401 35.5616
0.663444 0.0408652 -0.747109 -19.6214 0.0847725 0.987973 0.129319 -3.10888 0.743408 -0.14913 0.652 35.9053
0.755134 0.162213 -0.635185 -19.6935 -0.0697896 0.983289 0.168142 -3.2938 0.651846 -0.0826403 0.753835 36.2851
0.855364 0.280646 -0.43542 -19.8056 -0.258267 0.959654 0.111183 -3.49311 0.449056 0.0173526 0.893335 36.484
0.942275 0.247621 -0.225393 -19.738 -0.252848 0.967488 0.00584799 -3.66352 0.219513 0.0514799 0.97425 36.7846
0.939713 0.325446 0.104996 -19.6855 -0.314578 0.943096 -0.107749 -3.81656 -0.134088 0.0682239 0.988618 36.9765
0.841451 0.38549 0.378626 -19.5328 -0.317159 0.919682 -0.231506 -3.86469 -0.437459 0.0747166 0.896129 37.0454
0.814551 0.395297 0.424554 -19.4562 -0.245525 0.89802 -0.365071 -3.89945 -0.52557 0.193131 0.828539 37.1559
0.861132 0.356744 0.362197 -19.5997 -0.257217 0.920266 -0.294872 -4.00386 -0.438511 0.16076 0.884231 37.6818
0.625825 0.364397 0.689607 -19.4572 -0.0933702 0.912797 -0.397598 -4.00487 -0.774355 0.184438 0.605275 37.8153
0.232026 0.43808 0.868475 -19.4428 0.0713565 0.88277 -0.464355 -4.023 -0.970089 0.169714 0.173566 37.8271
-0.187141 0.444929 0.875795 -19.5118 0.229521 0.886673 -0.401411 -4.01068 -0.955143 0.125893 -0.268053 37.7636
-0.521459 0.296177 0.800224 -19.6268 0.152448 0.955075 -0.254149 -3.95223 -0.839547 -0.0105354 -0.543185 37.7947
-0.510175 0.0292019 0.859575 -19.6495 -0.113868 0.988332 -0.101159 -3.85003 -0.8525 -0.149487 -0.500897 37.8706
-0.64114 -0.216114 0.736366 -19.6764 -0.449596 0.883397 -0.132189 -3.7097 -0.621935 -0.415819 -0.663545 37.9515
-0.821304 -0.287764 0.492597 -19.7118 -0.475464 0.822443 -0.312285 -3.69197 -0.315269 -0.490693 -0.812297 37.9223
-0.853833 -0.421226 0.30584 -19.7054 -0.520121 0.714149 -0.468472 -3.66976 -0.0210831 -0.55907 -0.828852 37.948
-0.763672 -0.435229 0.476845 -19.5782 -0.629391 0.666382 -0.399752 -3.67931 -0.143777 -0.605401 -0.782827 37.9049
-0.636857 -0.301335 0.709655 -19.4559 -0.544644 0.827323 -0.137474 -3.6949 -0.545688 -0.474061 -0.691007 37.7049
-0.626818 -0.133819 0.767588 -19.2109 -0.355036 0.92598 -0.128492 -3.74407 -0.693577 -0.353063 -0.627932 37.6007
-0.383208 -0.0874743 0.919511 -19.2992 -0.250238 0.968107 -0.0121901 -3.78373 -0.889119 -0.234768 -0.392876 37.3906
-0.423144 0.0450639 0.904941 -19.0528 -0.173518 0.976246 -0.129751 -3.83317 -0.889292 -0.211927 -0.405273 37.2062
-0.318466 -0.0508774 0.946568 -19.0766 -0.240741 0.97016 -0.0288503 -3.67321 -0.916855 -0.237066 -0.321212 36.754
-0.527754 -0.11347 0.841784 -18.9848 -0.369025 0.923251 -0.106908 -3.6248 -0.765046 -0.36706 -0.529123 36.5658
-0.807911 -0.0182677 0.589021 -18.9906 -0.196253 0.950805 -0.239697 -3.53467 -0.555665 -0.309251 -0.771751 36.3853
-0.841407 0.0715139 0.535649 -19.2088 -0.0175102 0.987077 -0.159289 -3.4271 -0.540118 -0.143406 -0.829281 36.0553
-0.769026 -0.00107556 0.639217 -19.2464 -0.112555 0.984602 -0.133756 -3.27616 -0.62923 -0.174809 -0.757305 35.7891
-0.514967 -0.0733356 0.854067 -19.3511 -0.224009 0.973225 -0.0515009 -3.1435 -0.827423 -0.21784 -0.517607 35.5156
-0.186374 -0.0567633 0.980838 -19.329 -0.248469 0.968599 0.00884225 -3.06391 -0.950541 -0.24206 -0.194625 35.4374
0.145284 -0.0417626 0.988508 -19.1302 -0.228957 0.97057 0.0746552 -2.98627 -0.962534 -0.237172 0.131446 35.3786
0.178831 -0.0339766 0.983293 -19.1205 -0.221907 0.972259 0.0739534 -2.79354 -0.958529 -0.231425 0.16633 35.0353
-0.0299394 -0.0776406 0.996532 -18.9256 -0.33559 0.93989 0.0631452 -2.64707 -0.941532 -0.332535 -0.0541951 34.7909
-0.225412 -0.222058 0.94862 -18.8375 -0.405728 0.906626 0.115818 -2.58571 -0.885762 -0.358775 -0.294459 34.6553
-0.462076 -0.224109 0.858056 -18.8106 -0.330858 0.941251 0.067666 -2.4582 -0.822811 -0.252628 -0.509078 34.3101
-0.631159 -0.379074 0.676714 -18.7692 -0.512637 0.858601 0.00283331 -2.34599 -0.582101 -0.34512 -0.736241 34.2837
-0.654383 -0.299605 0.694276 -18.6968 -0.426866 0.904233 -0.0121291 -2.22433 -0.624154 -0.3043 -0.719606 34.0304
-0.646517 -0.280935 0.70929 -18.4558 -0.443566 0.894853 -0.049877 -2.04343 -0.620697 -0.346863 -0.703151 33.8507
-0.705218 -0.167306 0.688967 -18.2936 -0.277093 0.959508 -0.0506261 -1.93903 -0.6526 -0.22661 -0.723022 33.4916
-0.838714 -0.209865 0.502509 -18.1733 -0.280614 0.957371 -0.068527 -1.75366 -0.466706 -0.198485 -0.861852 33.2472
-0.737379 -0.305509 0.602442 -18.2363 -0.379086 0.925347 0.00526444 -1.55879 -0.559076 -0.224495 -0.798145 32.8748
-0.468141 -0.298399 0.831747 -18.0709 -0.34804 0.927439 0.136839 -1.51428 -0.812227 -0.225421 -0.538027 32.761
-0.161686 -0.269703 0.949272 -17.9327 -0.232727 0.945218 0.228912 -1.40192 -0.959008 -0.183909 -0.215596 32.7782
0.186371 -0.243883 0.951728 -17.8455 -0.182889 0.943157 0.277501 -1.32822 -0.965307 -0.225779 0.131174 32.6129
0.155442 -0.193523 0.968704 -17.6168 -0.218132 0.949693 0.224727 -1.17331 -0.963461 -0.246237 0.105409 32.4065
0.121389 -0.320012 0.939605 -17.5447 -0.311639 0.886454 0.342171 -0.94826 -0.942415 -0.334354 0.00787738 32.1026
0.0849699 -0.230009 0.969472 -17.2246 -0.307839 0.919328 0.245093 -0.884806 -0.947637 -0.319267 0.00730948 32.0178
-0.242838 -0.309514 0.919364 -17.1777 -0.346672 0.912837 0.215748 -0.704309 -0.906007 -0.266327 -0.328971 31.8577
-0.495471 -0.300663 0.814929 -17.2889 -0.378263 0.919239 0.109166 -0.562002 -0.781937 -0.254168 -0.569186 31.4513
-0.65486 -0.254682 0.711545 -17.1315 -0.369275 0.929292 -0.00723608 -0.41438 -0.65939 -0.267494 -0.702604 31.2383
-0.83723 -0.32137 0.442456 -17.2318 -0.387759 0.919399 -0.065943 -0.389482 -0.385601 -0.226776 -0.894363 31.1379
-0.937355 -0.0967387 0.334674 -17.2119 -0.159658 0.973136 -0.165881 -0.278289 -0.309636 -0.208923 -0.927619 30.6428
-0.766293 -0.137082 0.627697 -16.9818 -0.24121 0.966891 -0.0833101 -0.111321 -0.595494 -0.215246 -0.773987 30.6447
-0.746907 -0.037315 0.663881 -16.4437 -0.193577 0.96738 -0.163412 0.0287044 -0.636127 -0.250566 -0.729766 30.4196
-0.475535 -0.125087 0.870758 -16.1784 -0.254057 0.967189 0.000194607 0.0653667 -0.842212 -0.22113 -0.491712 30.428
-0.126305 -0.15765 0.979384 -15.9431 -0.296438 0.948176 0.114397 0.0839048 -0.946663 -0.275878 -0.166493 30.5034
0.253468 -0.120797 0.959772 -15.8002 -0.211002 0.961378 0.176723 0.0608736 -0.944051 -0.247307 0.21819 30.6102
0.55037 -0.204088 0.809593 -15.6236 -0.0852609 0.950857 0.297661 0.0974331 -0.830556 -0.23285 0.505922 30.6869
0.687325 -0.167467 0.706781 -15.3836 -0.0664459 0.954481 0.290775 0.0864299 -0.723305 -0.24682 0.644911 30.8325
0.773253 -0.127645 0.621117 -15.3552 -0.0734848 0.95489 0.287722 0.0500174 -0.629825 -0.268125 0.728992 31.0687
0.89777 -0.21296 0.38556 -15.1425 0.0856756 0.943061 0.321396 0.0526166 -0.432051 -0.255507 0.864898 31.1952
0.951028 -0.126114 0.282207 -15.0395 0.0255155 0.941897 0.334932 0.0132638 -0.30805 -0.31133 0.898988 31.6752
0.979595 -0.138582 -0.145561 -14.946 0.167432 0.963338 0.209634 0.0115369 0.111173 -0.229728 0.966885 32.0559
0.874842 -0.166032 -0.455067 -15.1752 0.28243 0.938057 0.200705 0.00701382 0.393555 -0.30411 0.867544 32.3315
0.585836 -0.217133 -0.780801 -15.4428 0.374639 0.926877 0.0233371 -0.00589404 0.718639 -0.30619 0.624344 32.5637
0.325407 -0.164302 -0.93119 -15.5768 0.298935 0.952156 -0.0635377 -0.00446797 0.897078 -0.25769 0.358954 32.7606
0.108261 -0.0179626 -0.99396 -15.8996 0.240609 0.970583 0.00866679 -0.0536712 0.964566 -0.240094 0.109399 32.8931
-0.19635 -0.143164 -0.970026 -16.0229 0.167892 0.969765 -0.17711 -0.00779212 0.966053 -0.197635 -0.166378 33.2041
0.0278487 -0.0308102 -0.999137 -16.3673 0.209713 0.977461 -0.0242965 -0.0425493 0.977366 -0.208856 0.0336823 33.414
0.0854903 -0.0332719 -0.995783 -16.5864 0.12851 0.991462 -0.0220946 -0.0357099 0.988016 -0.12608 0.0890362 33.8177
0.336606 0.113214 -0.934815 -16.897 0.201794 0.96101 0.189048 -0.0844524 0.919769 -0.252274 0.300636 34.0922
0.470538 -0.101753 -0.876493 -16.8783 0.263148 0.96431 0.0293215 -0.0230458 0.842228 -0.244444 0.48052 34.4694
0.732616 -0.131717 -0.667776 -16.9369 0.317529 0.933933 0.164145 -0.0314238 0.602037 -0.332294 0.726038 34.7945
0.803025 -0.242563 -0.544348 -16.9577 0.346232 0.93334 0.0948646 -0.00546637 0.485051 -0.264649 0.833478 35.2835
0.903778 -0.21334 -0.371042 -17.0538 0.314587 0.918933 0.237901 0.00508641 0.290209 -0.331734 0.897625 35.8235
0.822169 -0.22823 -0.521488 -17.1597 0.316443 0.944758 0.0854231 -6.49945e-05 0.473184 -0.235253 0.848972 36.2867
0.641248 -0.228559 -0.732504 -17.4685 0.347931 0.937442 0.0120795 -0.0202855 0.683919 -0.262607 0.680656 36.7518
0.448493 -0.209697 -0.868839 -17.6911 0.373592 0.927078 -0.0309053 -0.00912127 0.811962 -0.310731 0.494129 37.2776
0.125742 -0.21755 -0.967916 -18.0414 0.236621 0.954078 -0.183701 -0.00633998 0.963431 -0.20593 0.171445 37.6939
-0.154364 -0.0888438 -0.984011 -18.261 0.201939 0.972087 -0.119446 -0.0487682 0.967157 -0.217149 -0.132114 37.7723
-0.419753 -0.0579638 -0.905786 -18.6754 0.0810598 0.991577 -0.101018 -0.0686765 0.904012 -0.115825 -0.411519 37.8878
-0.757677 -0.110488 -0.64321 -18.7865 -0.0499761 0.992494 -0.111616 -0.0498132 0.650714 -0.0524237 -0.757511 37.8417
-0.920341 -0.0812915 -0.382576 -18.9984 0.0287238 0.961472 -0.273397 -0.0818768 0.390061 -0.262608 -0.882547 37.5878
-0.984996 -0.166373 -0.0458488 -19.1746 -0.156528 0.973175 -0.168609 -0.0781222 0.0726709 -0.158903 -0.984616 37.4108
-0.924416 -0.258752 0.280184 -19.2354 -0.295157 0.950623 -0.0959093 -0.0417527 -0.241533 -0.171358 -0.955143 37.315
-0.802599 -0.241725 0.545348 -19.1465 -0.302608 0.952837 -0.0230108 -0.0192479 -0.514065 -0.183495 -0.837894 36.8683
-0.580437 -0.356485 0.732128 -19.1533 -0.360376 0.918699 0.161621 0.191418 -0.730221 -0.170031 -0.661715 36.3974
-0.409833 -0.424421 0.807406 -19.0814 -0.512529 0.839363 0.181064 0.401551 -0.754554 -0.339613 -0.561526 36.1881
-0.191312 -0.369365 0.909379 -19.128 -0.367845 0.885949 0.282463 0.575402 -0.909995 -0.280472 -0.305362 35.8328
-0.034873 -0.305016 0.951709 -18.9659 -0.362257 0.891383 0.272408 0.728485 -0.931426 -0.335264 -0.141579 35.5925
0.29806 -0.191142 0.935214 -19.0645 -0.240099 0.933234 0.267259 0.819494 -0.923857 -0.304204 0.232267 35.4371
0.412997 0.101158 0.905097 -19.2621 -0.142878 0.988703 -0.0453074 0.690622 -0.899455 -0.110606 0.422785 35.4227
0.0632849 0.246022 0.967196 -19.3134 -0.0454921 0.968843 -0.243464 0.616742 -0.996958 -0.0285922 0.0725051 35.1994
-0.355194 0.147348 0.923107 -19.2424 0.0222478 0.988552 -0.149234 0.785752 -0.934528 -0.0324698 -0.354406 34.7553
-0.637437 0.115056 0.761864 -19.2391 -0.0265095 0.984928 -0.170923 0.965921 -0.770046 -0.129149 -0.624779 34.4252
-0.593874 -0.0518576 0.802885 -19.2427 -0.185385 0.979888 -0.0738344 1.19918 -0.782909 -0.192691 -0.591543 34.1585
-0.570047 -0.130497 0.811182 -18.9951 -0.265729 0.963525 -0.0317321 1.38927 -0.777454 -0.233644 -0.583932 34.0238
-0.337789 -0.253264 0.906508 -18.6992 -0.438926 0.894368 0.0863166 1.53065 -0.832612 -0.368733 -0.413272 34.1609
-0.174623 -0.31728 0.932116 -18.6567 -0.386067 0.892921 0.231612 1.53748 -0.905792 -0.319414 -0.278416 34.093
-0.326008 -0.240895 0.91416 -18.5393 -0.27926 0.948376 0.150321 1.71317 -0.903179 -0.206283 -0.376451 33.7984
-0.610497 -0.10816 0.784598 -18.5906 -0.162079 0.986728 0.00991017 1.70938 -0.775257 -0.121117 -0.619925 33.4318
-0.581827 -0.0933052 0.807943 -18.3187 -0.141597 0.989847 0.0123433 1.9279 -0.800892 -0.107221 -0.589132 33.1756
-0.140178 -0.10087 0.984975 -18.0475 -0.110752 0.990152 0.0856379 1.9885 -0.983913 -0.0970834 -0.149969 33.2265
0.207051 -0.0470086 0.9772 -17.8482 -0.0611327 0.996271 0.0608789 2.08905 -0.976418 -0.0723439 0.203405 33.1726
0.192538 -0.029714 0.980839 -17.5448 -0.123513 0.990858 0.0542631 2.2285 -0.973485 -0.131594 0.187108 33.0443
-0.155793 -0.142018 0.977527 -17.4438 -0.106562 0.986252 0.126302 2.35522 -0.982025 -0.0844903 -0.168785 32.6416
-0.368757 -0.0396631 0.928679 -17.3032 -0.130544 0.991397 -0.00949423 2.48746 -0.920313 -0.124734 -0.370763 32.3505
-0.71983 -0.0461758 0.692613 -17.431 -0.092413 0.995278 -0.0296903 2.59163 -0.687972 -0.0853784 -0.720698 32.1195
-0.862463 -0.0955334 0.497021 -17.6565 -0.0588943 0.994296 0.0889183 2.73726 -0.502681 0.0474171 -0.863171 31.9287
-0.93688 -0.095853 0.336257 -17.6344 -0.0606197 0.991655 0.113781 2.77288 -0.344357 0.0862155 -0.934872 31.8048
-0.852496 -0.170702 0.494076 -17.518 -0.154389 0.985234 0.0740078 2.93882 -0.499414 -0.0131885 -0.866263 31.6161
-0.89243 -0.0600723 0.44717 -17.2441 -0.0165758 0.994793 0.100559 3.02823 -0.450882 0.0823292 -0.888779 31.4069
-0.938309 -0.00537285 0.345756 -17.3331 0.0393512 0.991725 0.122201 3.16069 -0.343552 0.128269 -0.930333 31.1546
-0.989334 0.0617028 0.131953 -17.0305 0.0719818 0.994612 0.0745997 3.33185 -0.12664 0.0833022 -0.988445 31.0969
-0.984144 0.163129 -0.0696374 -16.9931 0.157791 0.984519 0.0763245 3.42951 0.0810101 0.0641261 -0.994648 30.7806
-0.907601 0.145776 -0.393713 -16.8319 0.0974886 0.985327 0.140092 3.54539 0.408358 0.0887649 -0.908496 30.7292
-0.685813 0.227001 -0.69147 -16.8177 0.15476 0.97387 0.166215 3.62667 0.711133 0.00697994 -0.703023 30.8011
-0.3332 0.248235 -0.909592 -16.8573 0.0472411 0.967903 0.246843 3.63699 0.941672 0.0392781 -0.334232 30.842
0.0182687 0.26948 -0.962833 -16.6678 -0.050823 0.961999 0.268282 3.62523 0.998541 0.0440329 0.0312702 30.749
0.159478 0.217822 -0.962871 -16.3312 -0.101895 0.973776 0.203413 3.6597 0.981929 0.0656724 0.177491 30.6625
0.0694383 0.308632 -0.948644 -16.2261 -0.21596 0.933039 0.287748 3.59489 0.97393 0.184888 0.131441 30.6183
0.0376399 0.305597 -0.951417 -16.2261 -0.221337 0.930993 0.29028 3.6022 0.974471 0.199657 0.102682 30.6105
-0.997749 0.00959496 0.0663736 -134.736 0.00102067 0.99177 -0.128027 11.4511 -0.0670557 -0.127671 -0.989547 2.08977
-0.997892 0.0591161 0.0267761 -134.561 0.0561301 0.99329 -0.101119 11.3524 -0.0325742 -0.0994029 -0.994514 1.76368
-0.972132 0.0841375 -0.218814 -134.527 0.10626 0.990132 -0.0913629 11.4238 0.208967 -0.112068 -0.97148 1.13838
-0.858142 0.231505 -0.458255 -134.675 0.199456 0.972784 0.11793 11.3131 0.473085 0.00979917 -0.880962 0.442107
-0.736808 0.314905 -0.598288 -134.906 0.233113 0.94897 0.2124 11.328 0.634643 0.0170292 -0.772617 -0.149004
-0.493706 0.262543 -0.829051 -135.091 0.128289 0.964897 0.229165 11.366 0.860114 0.00678167 -0.510056 -0.453808
-0.178809 0.337472 -0.924197 -135.316 -0.0290442 0.937116 0.347809 11.3496 0.983455 0.0890338 -0.157763 -0.5564
0.247104 0.32 -0.914625 -135.339 -0.122469 0.946641 0.298114 11.3924 0.961218 0.0383484 0.273109 -0.599769
0.603487 0.100725 -0.790986 -135.27 0.0461892 0.985908 0.160787 11.5799 0.796034 -0.133568 0.59033 -0.73596
0.726817 -0.0876989 -0.681209 -135.092 0.215332 0.970906 0.104755 11.6695 0.652203 -0.222824 0.724555 -0.764227
0.745894 -0.0504891 -0.664149 -135.062 0.206671 0.965452 0.158714 11.6144 0.63319 -0.255643 0.730559 -0.763887
0.713691 0.13164 -0.68798 -135.174 0.0529269 0.969239 0.240362 11.515 0.698459 -0.207957 0.68477 -0.850023
0.477696 0.246246 -0.843309 -135.098 0.0077315 0.958699 0.284319 11.4487 0.878491 -0.142338 0.456062 -0.868845
0.192262 0.203864 -0.959935 -135.103 0.168153 0.956873 0.236892 11.4309 0.96683 -0.206962 0.14969 -1.10035
-0.158999 0.235714 -0.958727 -135.041 0.21248 0.956495 0.199926 11.4384 0.964143 -0.171922 -0.202166 -1.41017
