1 -0.000288544 0.000640925 -2.31176e-05 0.000289012 1 -0.000730509 -3.14697e-05 -0.000640714 0.000730694 1 1.2251e-05
0.901754 -0.00989586 -0.432136 4.83446 0.000839018 0.999776 -0.021144 0.221033 0.432248 0.0187041 0.901561 0.267353
0.847643 -0.0339411 -0.52948 5.59214 0.0175593 0.9992 -0.0359408 0.22583 0.530276 0.0211677 0.847561 0.668555
0.92123 -0.0705322 -0.382571 6.38226 0.02654 0.99253 -0.119078 0.225526 0.388112 0.0995451 0.91622 1.41633
0.956766 -0.091622 -0.276053 7.43311 0.0786576 0.995231 -0.0576995 0.263874 0.280023 0.0334913 0.959409 1.81494
0.847993 -0.0537969 -0.527271 8.45738 0.0357321 0.998375 -0.0443964 0.25014 0.528802 0.0188073 0.848537 2.26428
0.556492 -0.0647292 -0.828328 9.18508 0.0882232 0.995928 -0.0185556 0.293 0.826156 -0.0627517 0.559937 3.09791
0.163647 -0.0640967 -0.984434 9.29597 0.256737 0.966269 -0.0202354 0.402452 0.952526 -0.249429 0.174583 3.34583
-0.237739 0.0266178 -0.970964 9.55215 0.297634 0.953536 -0.046735 0.454169 0.924605 -0.300103 -0.234615 3.82092
-0.553171 0.00907464 -0.833018 9.60572 0.217267 0.966906 -0.133745 0.478978 0.804237 -0.254971 -0.536836 4.13359
-0.545773 -0.0023971 -0.837929 9.65432 0.0679086 0.99658 -0.0470822 0.40419 0.835177 -0.0825988 -0.543744 4.82308
-0.603045 0.0819364 -0.793488 10.0317 0.0386829 0.996544 0.0735055 0.289629 0.796769 0.0136326 -0.60413 4.77904
-0.866675 0.111087 -0.486347 10.1585 0.0599946 0.991026 0.119451 0.246831 0.495252 0.0743468 -0.865562 4.54441
-0.992383 0.0210657 -0.121378 10.0792 0.0138829 0.998119 0.0597216 0.227228 0.122408 0.0575816 -0.990808 4.22209
-0.976272 -0.00446255 0.2165 9.65695 -0.00132243 0.999892 0.0146468 0.282214 -0.216542 0.0140129 -0.976173 3.64509
-0.819651 -0.00513703 0.57284 9.32513 0.0494025 0.995601 0.079616 0.257412 -0.570729 0.0935571 -0.815792 3.1599
-0.587958 -0.0157222 0.808739 8.75573 0.00741696 0.999664 0.024826 0.284064 -0.808858 0.020595 -0.587644 2.35839
-0.574084 -0.0484515 0.817361 8.13569 -0.0594819 0.998078 0.0173861 0.315205 -0.816633 -0.0386371 -0.575863 1.596
-0.834154 -0.0176543 0.551248 7.57306 -0.0138799 0.999843 0.0110178 0.316117 -0.551356 0.00153921 -0.834268 0.705942
-0.958626 -0.0486437 0.280481 6.95484 -0.0332878 0.997688 0.0592575 0.28158 -0.282715 0.0474692 -0.958029 -0.153879
-0.814997 -0.00532753 0.57944 6.24316 0.000635128 0.999949 0.0100871 0.252821 -0.579464 0.008589 -0.814952 -0.791718
-0.906257 -0.0291673 0.42172 5.17791 -0.0119247 0.998984 0.043467 0.250791 -0.422559 0.0343634 -0.905684 -1.19513
-0.995688 -0.0109551 0.0921122 4.48921 -0.00617729 0.998628 0.0519951 0.250234 -0.0925555 0.0512019 -0.99439 -1.67501
-0.921386 -0.0900789 -0.378066 4.56636 -0.119182 0.991389 0.054247 0.250029 0.369924 0.095041 -0.924188 -1.78466
-0.749151 -0.120046 -0.651431 4.72418 -0.191742 0.980638 0.0397926 0.25822 0.634041 0.154717 -0.757664 -1.80964
-0.468084 -0.0405194 -0.882755 4.92567 -0.204752 0.976736 0.0637374 0.23991 0.859636 0.210581 -0.465491 -1.82022
-0.104916 -0.0625791 -0.99251 5.15211 -0.0946913 0.994112 -0.0526705 0.271335 0.989963 0.0884561 -0.110224 -1.65632
0.247793 -0.109552 -0.962599 5.16453 0.020554 0.993957 -0.10783 0.32902 0.968595 0.00693428 0.248548 -1.14261
0.339183 -0.150491 -0.928605 5.23222 0.0431726 0.988571 -0.14444 0.347238 0.939729 0.00890119 0.341804 -0.774097
0.6219 -0.107688 0.775657 2.34787 -0.0874544 0.974753 0.205447 0.139564 -0.778198 -0.195602 0.596781 -0.415966
0.581286 -0.206187 0.787143 2.48077 0.0588217 0.97548 0.212082 0.107835 -0.811571 -0.076979 0.579161 -0.509779
0.464654 -0.2381 0.852881 2.6391 0.0623048 0.969575 0.236734 0.103019 -0.883298 -0.0568607 0.465351 -0.555847
0.618164 -0.354631 0.701506 2.97409 0.0283359 0.901919 0.430976 0.217144 -0.785538 -0.246536 0.567583 -0.889715
0.664452 -0.413918 0.622234 3.36885 0.0288188 0.846181 0.532116 0.270473 -0.746775 -0.335634 0.574175 -0.972119
0.797948 -0.442485 0.40925 3.66066 0.206511 0.838613 0.504066 0.231271 -0.566244 -0.317704 0.760547 -0.970054
0.864303 -0.171961 0.472663 3.99685 0.0783181 0.97429 0.211249 0.140432 -0.496837 -0.145565 0.855549 -0.635256
0.975095 -0.163585 0.149766 4.21213 0.133834 0.972458 0.190822 0.159639 -0.176857 -0.166026 0.970133 -0.255008
0.977336 -0.114051 -0.178344 4.37039 0.129694 0.988432 0.0786257 0.117264 0.167314 -0.0999738 0.980822 0.0608201
0.862785 -0.0697516 -0.500737 4.33139 0.140916 0.984365 0.105682 0.129766 0.485536 -0.161742 0.859124 0.384375
0.700843 -0.310991 -0.641953 4.33789 0.448638 0.891846 0.0577436 0.238809 0.554565 -0.328473 0.764567 0.586219
0.719171 -0.474861 -0.507247 4.27251 0.646691 0.724446 0.238681 0.305164 0.254133 -0.499685 0.828089 0.69798
0.818119 -0.263383 -0.511186 4.13819 0.386422 0.910123 0.149511 0.194829 0.425864 -0.319851 0.846366 1.11424
0.794037 0.0150186 -0.607684 4.09768 0.0973452 0.983651 0.151508 0.0677501 0.600024 -0.179458 0.779593 1.40444
0.572487 -0.0304727 -0.819347 3.91421 0.121407 0.991444 0.0479556 0.0887375 0.810875 -0.126929 0.571289 1.56848
0.289517 0.00461139 -0.957162 3.91913 0.0716896 0.997075 0.0264879 0.0649913 0.954485 -0.0762872 0.288339 1.74493
-0.0352615 -0.0609553 -0.997517 4.10631 0.188978 0.979724 -0.0665483 0.148346 0.981348 -0.190856 -0.0230273 1.58164
-0.371084 -0.12862 -0.919649 4.20909 0.116537 0.976081 -0.183536 0.157944 0.921258 -0.17528 -0.347219 1.62453
-0.645999 -0.284045 -0.708522 4.57956 0.0404459 0.914148 -0.403357 0.237503 0.762266 -0.289225 -0.579051 1.6211
-0.854823 -0.27081 -0.442651 4.67692 -0.0803805 0.91183 -0.402624 0.210025 0.512657 -0.308592 -0.801221 1.53799
-0.944133 -0.270251 -0.18862 4.58909 -0.185458 0.908785 -0.373784 0.225226 0.272431 -0.317921 -0.908134 1.55585
-0.989311 -0.11155 0.0939148 4.42316 -0.127691 0.973728 -0.188542 0.140095 -0.0704156 -0.198519 -0.977564 1.39974
-0.85609 -0.104583 0.506135 4.35065 -0.181366 0.977824 -0.104718 0.131373 -0.483959 -0.181444 -0.856073 1.1439
-0.590714 -0.164036 0.790031 4.27557 -0.267224 0.963634 0.000275978 0.170686 -0.761346 -0.210952 -0.613067 1.07619
-0.294872 -0.155374 0.94282 4.30971 -0.299888 0.951887 0.0630766 0.155674 -0.907258 -0.264141 -0.327279 0.940669
0.0540915 -0.183578 0.981516 4.38056 -0.304034 0.933255 0.191307 0.190353 -0.951124 -0.308762 -0.00533263 0.646983
0.139081 -0.0839759 0.986714 4.52833 -0.218992 0.969121 0.113346 0.143699 -0.965764 -0.231846 0.116396 0.251161
-0.256127 -0.0265647 0.966278 4.70112 -0.14048 0.990033 -0.0100187 0.0904648 -0.956381 -0.138309 -0.257306 -0.220952
-0.59566 0.0596202 0.801021 4.70289 -0.0475015 0.992882 -0.109224 0.0862478 -0.801831 -0.10311 -0.588587 -0.463174
-0.90214 -0.0550956 0.427911 4.72707 -0.149934 0.970032 -0.1912 0.155165 -0.404553 -0.236647 -0.883366 -0.56766
-0.976326 -0.186107 0.110237 4.51856 -0.20812 0.947105 -0.244291 0.182618 -0.0589412 -0.26145 -0.963416 -0.650925
-0.956938 -0.106894 -0.269894 4.25474 -0.0267067 0.95821 -0.284818 0.183315 0.289061 -0.265345 -0.919802 -0.880829
-0.746867 -0.0399954 -0.66377 3.7551 0.0810585 0.98527 -0.150573 0.147126 0.660015 -0.166263 -0.732624 -0.917732
-0.487187 -0.14112 -0.86182 3.39697 0.142651 0.960743 -0.237959 0.201075 0.861568 -0.23887 -0.447931 -1.01042
-0.393726 -0.240539 -0.887198 2.81214 0.175441 0.927751 -0.329392 0.217583 0.902331 -0.285341 -0.323079 -0.903126
-0.340862 -0.232432 -0.910927 2.3118 0.198959 0.929172 -0.311536 0.210111 0.918819 -0.287427 -0.270475 -0.748805
-0.491902 -0.254691 -0.832565 1.77114 0.202818 0.896428 -0.394058 0.25448 0.846698 -0.362697 -0.389298 -0.703816
-0.597155 -0.250079 -0.762146 1.08534 0.0263584 0.943526 -0.330247 0.245628 0.801693 -0.217297 -0.55684 -0.855193
-0.507041 -0.122425 -0.853184 0.467434 0.101687 0.974452 -0.200257 0.160527 0.855903 -0.188296 -0.481638 -1.20468
-0.182686 -0.0885775 -0.979173 -0.0686855 0.119109 0.986604 -0.111472 0.140877 0.97593 -0.136993 -0.169688 -1.26392
0.169913 -0.0830722 -0.981951 -0.26756 0.18268 0.981825 -0.0514513 0.144932 0.968379 -0.170641 0.182001 -1.22522
0.627635 -0.14064 -0.765699 -0.458646 0.230385 0.973047 0.0101192 0.181315 0.743637 -0.182757 0.64312 -0.93296
0.86804 -0.142026 -0.475747 -0.507682 0.209756 0.973404 0.092124 0.193572 0.45001 -0.179758 0.874744 -0.869497
0.951158 -0.25461 -0.174561 -0.480946 0.286775 0.938079 0.194339 0.175237 0.114272 -0.234907 0.965278 -0.757692
0.905391 -0.418692 0.0704541 -0.41039 0.362098 0.848099 0.3868 0.233443 -0.221702 -0.324694 0.919468 -0.567475
0.803875 -0.575328 0.150938 -0.542843 0.361044 0.673648 0.644861 0.304202 -0.472686 -0.463893 0.749247 -0.364976
0.735351 -0.672319 0.0851231 -0.314699 0.305722 0.441209 0.843723 0.379001 -0.604808 -0.594409 0.529986 -0.0402143
0.732689 -0.673093 -0.100566 -0.0479948 0.47214 0.396296 0.787421 0.387522 -0.490154 -0.624416 0.608156 0.339519
0.744863 -0.626752 -0.228827 0.26282 0.620859 0.525468 0.581737 0.364823 -0.244363 -0.575383 0.780526 0.772132
0.78081 -0.496166 -0.379679 0.269615 0.618898 0.697378 0.361426 0.313184 0.0854525 -0.517187 0.851596 1.16139
0.678386 -0.384413 -0.626115 0.317113 0.443906 0.893518 -0.0676246 0.181284 0.585441 -0.23206 0.776793 1.36155
0.583207 -0.284639 -0.760822 0.294341 0.115179 0.956113 -0.26941 0.118409 0.804117 0.0694911 0.590396 1.53809
0.360483 -0.197959 -0.911518 -0.00143217 0.104192 0.97965 -0.17155 0.0869486 0.926928 -0.0331319 0.373773 1.87157
0.417597 -0.0838283 -0.904757 -0.118344 0.194396 0.980922 -0.00116044 0.0639902 0.887594 -0.175397 0.425926 2.42581
0.478637 -0.133891 -0.867744 -0.429506 0.271127 0.962543 0.0010323 0.0776999 0.835103 -0.235763 0.49701 2.81149
0.674488 -0.0658478 -0.735343 -0.637502 0.192419 0.97727 0.088983 0.0855317 0.71277 -0.201512 0.671827 3.33672
0.708361 -0.134261 -0.692964 -0.803366 0.180586 0.983541 -0.00596234 0.085389 0.682359 -0.120916 0.720948 3.96033
0.892707 -0.121283 -0.43401 -0.814241 0.204714 0.967134 0.15081 0.121233 0.401455 -0.223477 0.888196 4.41011
0.822539 -0.240416 -0.515392 -0.794466 0.331057 0.93929 0.0901989 0.175153 0.462417 -0.244817 0.852194 4.87661
0.661411 -0.120581 -0.740268 -1.19025 0.19355 0.981002 0.0131383 0.100598 0.72462 -0.151969 0.672184 5.41637
0.696381 -0.160313 -0.699538 -1.38916 0.304363 0.948704 0.0855753 0.155404 0.649936 -0.272507 0.709453 5.97988
0.684017 -0.216801 -0.696504 -1.55641 0.350032 0.935258 0.0526382 0.175558 0.639999 -0.279804 0.715619 6.49175
0.549732 -0.116685 -0.827151 -1.85632 0.313323 0.946705 0.074687 0.142099 0.774354 -0.300223 0.556994 6.81575
0.237671 -0.0673662 -0.969007 -2.00231 0.178804 0.983579 -0.0245237 0.081169 0.954747 -0.167433 0.245813 6.97598
-0.140095 -0.102413 -0.984827 -2.09208 0.156871 0.979778 -0.124203 0.10313 0.977632 -0.171891 -0.121196 7.13969
-0.398536 -0.126527 -0.908383 -2.30312 0.163937 0.96466 -0.206291 0.120592 0.902382 -0.231132 -0.363709 7.391
-0.194693 -0.138073 -0.971098 -2.45775 0.106282 0.981244 -0.160824 0.111622 0.975089 -0.134521 -0.176367 7.92783
0.194633 -0.136928 -0.971272 -2.49217 0.163938 0.980821 -0.105422 0.100669 0.967079 -0.13871 0.213348 8.17287
0.515589 -0.0802223 -0.853072 -2.59832 0.23954 0.969405 0.0536135 0.0980338 0.822671 -0.231987 0.519031 8.40166
0.706992 -0.00241026 -0.707217 -2.74366 0.114224 0.987254 0.110823 0.0730587 0.697936 -0.159133 0.698257 8.92078
0.861298 -0.165392 -0.480429 -2.8749 0.311641 0.918759 0.24241 0.079874 0.401305 -0.358508 0.842868 9.09222
0.952635 -0.14877 -0.265242 -3.00396 0.21199 0.950201 0.228424 0.0636538 0.218051 -0.273833 0.936733 9.55376
0.956922 -0.0870674 -0.276983 -3.26458 0.165457 0.947449 0.273797 0.0523015 0.238588 -0.307831 0.92104 9.74525
0.88701 -0.163334 -0.431897 -3.41234 0.273236 0.939676 0.205795 0.0722168 0.37223 -0.300552 0.878131 10.1608
0.860103 -0.000932907 -0.510119 -3.69049 0.137541 0.963388 0.230143 0.0154856 0.491228 -0.268109 0.828742 10.7092
0.642208 -0.0883452 -0.761423 -3.76589 0.213257 0.974711 0.0667754 0.039955 0.736268 -0.205263 0.644807 11.0592
0.576454 -0.253876 -0.77669 -3.86729 0.496004 0.864082 0.0856889 0.0966431 0.649369 -0.434637 0.624027 11.416
0.177569 -0.4498 -0.8753 -3.92092 0.685822 0.694437 -0.217727 0.201094 0.705774 -0.561638 0.431793 11.5055
-0.154055 -0.47143 -0.868344 -3.94943 0.548041 0.690487 -0.4721 0.226024 0.822143 -0.548617 0.15199 11.6939
0.119445 -0.239081 -0.963625 -4.32311 0.415831 0.893391 -0.170112 0.0658009 0.901564 -0.380386 0.206129 12.0656
0.277198 -0.101984 -0.955385 -4.5003 0.106027 0.991525 -0.0750783 -0.0577064 0.954945 -0.0804853 0.285662 12.443
0.387706 -0.0281363 -0.921354 -4.60889 0.000664685 0.999542 -0.0302444 -0.0778508 0.921783 0.0111135 0.387547 12.6816
0.63291 -0.160902 -0.757321 -4.78494 0.208203 0.977505 -0.0336821 0.00885113 0.745705 -0.136359 0.652174 12.9787
0.670029 -0.182689 -0.719503 -4.90372 0.258261 0.966063 -0.00479043 0.0274341 0.695961 -0.18261 0.694472 13.5003
0.678637 -0.156885 -0.717523 -5.11581 0.221452 0.975164 -0.00376637 0.0430126 0.700294 -0.156341 0.696525 13.9981
0.818917 -0.197016 -0.539035 -5.19311 0.264034 0.963265 0.0490561 0.057207 0.509569 -0.182496 0.840853 14.3439
0.883733 -0.332414 -0.32942 -5.30334 0.384996 0.916588 0.107908 0.118663 0.266072 -0.222187 0.937997 14.8731
0.923701 -0.275434 -0.266295 -5.52857 0.309703 0.945994 0.0958118 0.108422 0.225523 -0.170974 0.959118 15.4086
0.923208 -0.243807 -0.29706 -5.78642 0.292658 0.947024 0.132273 0.105585 0.249074 -0.209053 0.945653 16.0771
0.919021 -0.359496 -0.161752 -5.89734 0.387445 0.899399 0.202405 0.160187 0.0727159 -0.248684 0.965851 16.5334
0.936292 -0.12285 -0.329038 -6.20158 0.165407 0.98067 0.104528 0.0881259 0.309836 -0.152293 0.938514 17.0083
0.92776 -0.158436 -0.337876 -6.30481 0.175258 0.984326 0.0196646 0.084274 0.329464 -0.0774594 0.940985 17.5874
0.891407 0.0783334 -0.446382 -6.50888 -0.0757279 0.996847 0.023706 -0.0298836 0.446831 0.0126719 0.894528 18.0252
0.652134 0.187124 -0.734647 -6.65948 -0.208509 0.975957 0.0634989 -0.110383 0.728866 0.111771 0.675472 18.1904
0.158094 0.0466617 -0.986321 -6.83784 -0.0364998 0.998476 0.0413863 -0.0274972 0.986749 0.0294576 0.159556 18.2304
-0.238579 -0.0851626 -0.967382 -7.02921 0.0296983 0.995042 -0.0949219 0.0665888 0.970669 -0.051376 -0.234867 18.221
-0.320164 -0.295474 -0.900106 -7.22343 0.17665 0.914835 -0.363143 0.169476 0.930747 -0.275269 -0.240702 18.3858
-0.32245 -0.356494 -0.876891 -7.3329 0.1798 0.88644 -0.426493 0.191178 0.929353 -0.295188 -0.221735 18.8481
-0.117057 -0.246643 -0.962011 -7.64052 0.156948 0.951903 -0.263149 0.115726 0.980645 -0.181789 -0.0727171 19.4121
0.158299 -0.0901555 -0.983267 -7.76936 0.216228 0.974817 -0.0545695 0.0691842 0.963424 -0.203972 0.173807 20.0794
0.00112867 -0.0475181 -0.99887 -7.87169 0.199553 0.978791 -0.0463374 0.0428379 0.979886 -0.199275 0.0105871 20.5894
0.027646 -0.0320841 -0.999103 -7.977 0.204624 0.978502 -0.0257604 0.00241219 0.97845 -0.203728 0.0336168 20.8625
0.326644 -0.0783509 -0.941894 -8.1818 0.240047 0.970758 0.0024953 0.00162345 0.914156 -0.226914 0.3359 21.3496
-0.0313448 -0.111509 -0.993269 -8.39624 0.245901 0.962353 -0.115798 0.028063 0.968788 -0.247876 -0.00274461 21.6432
-0.4136 -0.122702 -0.902152 -8.75082 0.189289 0.957636 -0.21703 0.00136803 0.890564 -0.260531 -0.372852 21.9267
-0.662425 -0.200533 -0.721789 -8.86088 0.0162352 0.959436 -0.281458 0.0563313 0.748952 -0.198163 -0.632299 22.2017
-0.42029 -0.147777 -0.895275 -9.31428 0.139722 0.964342 -0.22477 0.0152201 0.896568 -0.219558 -0.384656 22.6644
-0.0500814 -0.167139 -0.98466 -9.3892 0.239162 0.955207 -0.174304 0.046348 0.969687 -0.244223 -0.00786469 23.0965
0.384631 -0.105227 -0.917053 -9.47703 0.314658 0.948924 0.0230894 0.0188304 0.867784 -0.297439 0.398096 23.4933
0.542655 -0.265986 -0.796729 -9.47955 0.421953 0.90649 -0.015236 0.058345 0.726279 -0.327914 0.604145 23.9376
0.392284 -0.309812 -0.8661 -9.60947 0.584685 0.810868 -0.0252329 0.0923606 0.71011 -0.496498 0.499233 24.503
0.280898 -0.235843 -0.930309 -9.7565 0.363546 0.923248 -0.124284 0.0517065 0.888218 -0.3033 0.345078 25.1072
0.432238 -0.164073 -0.886708 -9.99541 0.377105 0.926087 0.0124657 0.0194921 0.819123 -0.33977 0.462163 25.675
0.330507 -0.121175 -0.935992 -10.3527 0.372277 0.928053 0.0113076 0.0195907 0.86728 -0.352186 0.351839 26.2756
0.0830191 -0.186533 -0.978935 -10.6188 0.300689 0.941231 -0.153849 0.0304212 0.950102 -0.281583 0.134229 26.5579
0.157758 -0.0134791 -0.987386 -10.9314 0.206728 0.9782 0.0196761 -0.00612231 0.965596 -0.207225 0.157106 27.013
-0.119806 -0.0330233 -0.992248 -11.0257 0.108786 0.992992 -0.0461832 -0.0110536 0.986819 -0.113476 -0.115374 27.323
-0.384922 -0.00419062 -0.922939 -11.3719 0.0742105 0.996611 -0.0354755 -0.0178656 0.919961 -0.0821471 -0.383307 27.3727
-0.702879 0.0245863 -0.710885 -11.6225 0.0111319 0.99966 0.0235672 -0.039446 0.711223 0.00865135 -0.702914 27.4253
-0.601424 -0.147349 -0.785224 -11.9361 0.0418338 0.975689 -0.215131 0.0331975 0.797834 -0.162234 -0.580639 27.3584
-0.745937 -0.179283 -0.641432 -12.2229 -0.0816327 0.980437 -0.179105 0.0553333 0.660994 -0.081239 -0.74598 27.3328
-0.548238 -0.193651 -0.813593 -12.2635 0.0920218 0.952948 -0.288829 0.093433 0.831244 -0.233215 -0.504622 27.2218
-0.830541 -0.166245 -0.531568 -12.4676 -0.0370986 0.968807 -0.245025 0.0685615 0.555721 -0.183783 -0.810801 26.9843
-0.955475 -0.230631 -0.184055 -12.4364 -0.187171 0.955933 -0.226183 0.110574 0.228109 -0.181662 -0.956538 26.8039
-0.956165 -0.249463 0.15335 -12.3758 -0.277301 0.939637 -0.200464 0.111951 -0.0940848 -0.234201 -0.967625 26.606
-0.936655 -0.220998 0.27173 -12.4879 -0.253936 0.96281 -0.0922646 0.118415 -0.241234 -0.155422 -0.957941 26.5264
-0.982895 -0.131304 0.129137 -12.3834 -0.154893 0.968703 -0.193966 0.107363 -0.0996268 -0.210651 -0.972471 26.5273
-0.911353 -0.147307 0.384365 -12.4232 -0.167096 0.985769 -0.0184003 0.0533349 -0.376184 -0.0809949 -0.922998 26.4954
-0.950596 -0.252182 0.181032 -12.5933 -0.289745 0.930082 -0.225821 0.112569 -0.111426 -0.267117 -0.9572 26.3631
-0.941628 -0.336434 -0.0121709 -12.5909 -0.31023 0.881192 -0.356731 0.174987 0.130742 -0.332133 -0.934128 26.2021
-0.915306 -0.304404 -0.263731 -12.9109 -0.171215 0.886777 -0.429316 0.170582 0.364556 -0.347801 -0.86379 26.1185
-0.86185 -0.115471 -0.493844 -12.9343 0.0273068 0.961759 -0.272534 0.102493 0.506428 -0.248369 -0.825738 26.1342
-0.605146 -0.133511 -0.78484 -13.1636 0.0418771 0.979134 -0.198853 0.0581156 0.795013 -0.153202 -0.586928 26.3043
-0.172884 -0.0398071 -0.984137 -13.1978 0.108281 0.992358 -0.0591614 0.028869 0.978972 -0.116791 -0.167253 26.3939
0.189907 -0.0200842 -0.981597 -13.1683 0.100502 0.994936 -0.00091332 0.0309921 0.976645 -0.0984792 0.190964 26.3008
0.0385654 -0.252597 -0.966803 -13.2848 0.262838 0.936017 -0.234069 0.0957265 0.964069 -0.245085 0.10249 26.4091
0.438373 -0.252744 -0.862525 -13.2663 0.385506 0.919766 -0.0735868 0.123092 0.81192 -0.30025 0.500635 26.4398
0.497213 -0.373464 -0.783137 -13.4919 0.408105 0.897202 -0.168754 0.184555 0.765656 -0.235695 0.598513 26.3659
0.284148 -0.233738 -0.929853 -13.7825 0.309845 0.940176 -0.14165 0.128918 0.907335 -0.247861 0.339572 26.4673
0.283079 -0.0971698 -0.954162 -13.9988 0.142127 0.98812 -0.0584622 0.0358344 0.948507 -0.119063 0.293526 26.3076
0.28988 -0.0953796 -0.952298 -14.0262 0.0333821 0.995424 -0.0895374 0.000642068 0.956481 -0.00583465 0.291737 26.373
0.593439 -0.0668801 -0.802096 -14.0836 0.0915676 0.995682 -0.0152744 0.0166489 0.799654 -0.0643816 0.597 26.4546
0.749781 -0.233424 -0.619146 -14.2398 0.385397 0.914667 0.121874 0.147979 0.537864 -0.329996 0.775761 26.439
0.814617 -0.363282 -0.452134 -14.2022 0.524888 0.793411 0.308206 0.268589 0.246762 -0.48839 0.837009 26.6972
0.913191 -0.330855 -0.237945 -14.4841 0.404042 0.811273 0.422594 0.236982 0.0532207 -0.482049 0.874526 26.7996
0.986903 -0.16119 -0.00640304 -14.4098 0.157641 0.955229 0.250373 0.0416309 -0.0342412 -0.248103 0.968128 26.9731
0.962914 -0.0172977 0.269252 -14.5048 0.000818516 0.998125 0.0611957 -0.0432702 -0.269806 -0.0587058 0.961123 26.8936
0.763807 0.0675138 0.641903 -14.5558 -0.0477107 0.997699 -0.048164 -0.0842422 -0.643678 0.00616234 0.765271 26.6537
0.447222 0.0239346 0.894102 -14.5104 -0.0891008 0.995862 0.0179088 -0.0151363 -0.889974 -0.0876744 0.447504 26.3563
0.255923 -0.0959092 0.961928 -14.5401 -0.219143 0.963405 0.15436 0.0927583 -0.941531 -0.250304 0.225539 26.3936
-0.105196 -0.0497273 0.993207 -14.749 -0.201066 0.979185 0.0277293 0.0602231 -0.973913 -0.196783 -0.113005 26.48
0.128684 -0.0772631 0.988671 -15.0334 -0.177341 0.979097 0.0995972 0.0739285 -0.9757 -0.188149 0.112292 26.6988
-0.0607015 -0.0803563 0.994916 -15.1372 -0.148203 0.986432 0.0706289 0.0346411 -0.987092 -0.143162 -0.0717869 26.7305
0.00807276 -0.143136 0.98967 -15.4072 -0.158429 0.977019 0.142598 0.0922161 -0.987337 -0.157943 -0.0147896 27.0036
0.253166 -0.105145 0.961692 -15.4662 -0.123341 0.982456 0.139885 0.061813 -0.959528 -0.15403 0.235755 27.2732
0.57801 -0.0520205 0.81437 -15.4766 -0.137701 0.977437 0.160172 0.0436442 -0.804327 -0.204721 0.557805 27.5466
0.878914 0.0441073 0.474937 -15.4488 -0.13121 0.979658 0.151835 0.0141133 -0.458579 -0.195766 0.866822 28.0029
0.979515 -0.101204 0.174091 -15.312 0.0626972 0.974834 0.213934 0.0778804 -0.19136 -0.198636 0.96121 28.2383
0.983501 -0.0897001 -0.157095 -15.4702 0.122221 0.969712 0.211471 0.0937888 0.133368 -0.227182 0.964677 28.6186
0.872377 -0.0473454 -0.486536 -15.6219 0.125095 0.983779 0.128567 0.0589935 0.472557 -0.173022 0.864149 28.8017
0.587012 -0.0210242 -0.809305 -15.7434 0.0985239 0.994088 0.0456377 0.0381064 0.803561 -0.106526 0.585612 28.9036
0.231897 0.00799038 -0.972707 -15.8782 0.0557343 0.998214 0.0214872 0.0297513 0.971142 -0.059196 0.231038 28.962
0.0957867 0.0833809 -0.991903 -16.0853 0.0546264 0.994543 0.088878 -0.00236471 0.993902 -0.0626975 0.0907092 29.1399
0.0106504 0.126213 -0.991946 -16.3925 -0.0825672 0.988726 0.124917 -0.0505675 0.996529 0.0805718 0.0209514 29.529
0.315442 0.31212 -0.896146 -16.5167 -0.200782 0.944932 0.258436 -0.1176 0.927461 0.0984085 0.360739 30.0446
0.583856 0.378596 -0.718176 -16.4474 -0.343248 0.916771 0.204237 -0.183113 0.735726 0.127268 0.665214 30.5967
0.806658 0.285764 -0.517342 -16.5258 -0.212209 0.957009 0.197738 -0.0945905 0.551607 -0.0497224 0.832621 30.8158
0.7058 0.099055 -0.701452 -16.6421 0.063841 0.977253 0.202239 0.0373113 0.705529 -0.187521 0.683421 31.0436
0.484493 0.0116353 -0.874718 -16.8554 0.195722 0.973122 0.121352 0.0916371 0.852619 -0.229995 0.469194 30.863
0.0843736 0.117885 -0.989436 -17.0145 -0.0642597 0.991554 0.112658 -0.010714 0.99436 0.0540755 0.0912363 30.7437
-0.264505 0.28646 -0.920857 -17.0785 -0.0883715 0.943648 0.318933 -0.131165 0.960327 0.165737 -0.224285 30.5791
-0.45103 0.367141 -0.813498 -17.0345 -0.0687474 0.894474 0.441803 -0.215836 0.889857 0.255192 -0.378195 30.7379
-0.407951 0.315412 -0.856791 -17.1737 -6.11413e-05 0.938422 0.345491 -0.327317 0.913004 0.140996 -0.382811 31.039
-0.30252 -0.00556709 -0.953127 -17.2259 0.186616 0.980283 -0.0649571 -0.278969 0.934696 -0.19752 -0.295516 31.2036
-0.358637 -0.114459 -0.926433 -17.2953 0.197099 0.960794 -0.195004 -0.364087 0.912432 -0.252535 -0.322017 31.4342
-0.282403 0.154151 -0.946829 -17.5454 0.0493029 0.988032 0.146154 -0.536767 0.958028 -0.00540696 -0.286624 31.5253
-0.222405 0.280186 -0.933826 -17.9613 -0.0342628 0.954978 0.294692 -0.778535 0.974352 0.0975366 -0.202792 31.6164
0.122225 0.413019 -0.902484 -18.0354 -0.202749 0.900516 0.384659 -0.816928 0.971573 0.135963 0.193805 31.7588
0.387838 0.517598 -0.762676 -18.077 -0.401744 0.839636 0.365532 -0.85552 0.829568 0.164633 0.533584 31.7985
0.756671 0.365859 -0.541845 -17.9066 -0.385594 0.919013 0.0820544 -0.977718 0.527983 0.146844 0.836464 31.9945
0.898354 0.385656 -0.210307 -17.8171 -0.392854 0.919565 0.00814943 -0.9863 0.196534 0.075299 0.977601 32.0304
0.946753 0.295979 0.126706 -17.9559 -0.302472 0.952513 0.0350608 -1.05439 -0.110312 -0.071519 0.991321 32.0606
0.963997 0.264939 0.0227328 -17.9828 -0.263638 0.96341 -0.0483323 -1.26119 -0.0347061 0.040599 0.998573 32.3436
0.982132 0.18782 -0.0118151 -18.1258 -0.188151 0.981291 -0.0408299 -1.37549 0.00392534 0.0423234 0.999096 32.5462
0.911221 0.296948 -0.285478 -18.3366 -0.313179 0.94962 -0.0118671 -1.4242 0.267572 0.100219 0.958312 32.6961
0.884382 0.194571 -0.424276 -18.3409 -0.268967 0.955322 -0.122542 -1.59007 0.381477 0.22249 0.897203 32.9676
0.888709 0.280449 -0.362692 -18.5141 -0.297386 0.95471 0.00953228 -1.73848 0.348939 0.0993882 0.93186 33.1969
0.902837 0.240467 -0.356457 -18.6975 -0.219332 0.97059 0.0992376 -1.75136 0.369837 -0.011413 0.929026 33.1927
0.943456 -0.00536278 -0.331455 -18.7991 0.0912691 0.965428 0.244168 -1.64063 0.318687 -0.260614 0.911328 33.1316
0.924733 0.0817634 -0.371729 -18.7705 -0.00548855 0.979417 0.201773 -1.68568 0.380576 -0.184546 0.906148 33.2466
0.867799 0.223044 -0.444045 -18.8586 -0.16275 0.971891 0.170118 -1.95701 0.469507 -0.0753599 0.879707 33.696
0.687169 0.239964 -0.685723 -19.0308 -0.146414 0.970251 0.19281 -2.06916 0.711591 -0.0320935 0.70186 33.8614
0.334621 0.367758 -0.867631 -18.9701 -0.236072 0.924062 0.300631 -2.13449 0.912304 0.104225 0.396028 33.9705
0.134594 0.402743 -0.905363 -19.001 -0.190686 0.907127 0.37518 -2.31237 0.97238 0.122143 0.198892 34.1568
-0.0623787 0.387553 -0.919735 -18.8402 -0.144382 0.908332 0.39254 -2.34887 0.987554 0.157279 -0.000704987 34.3905
-0.0427213 0.336609 -0.940675 -18.8174 -0.109259 0.934313 0.339295 -2.60691 0.993095 0.117272 -0.0031376 34.8005
0.0232187 0.321734 -0.946545 -19.1039 -0.117554 0.941111 0.317003 -2.77176 0.992795 0.10391 0.0596725 35.0645
0.391687 0.263432 -0.881581 -19.1549 -0.084375 0.964384 0.250687 -2.88581 0.916222 -0.0238074 0.399964 35.3752
0.609908 0.089876 -0.787359 -19.3973 0.0605475 0.985359 0.159379 -2.9594 0.790156 -0.144879 0.595537 35.5468
0.659697 0.0432159 -0.750288 -19.6453 0.0816147 0.988321 0.128687 -3.14106 0.747087 -0.146129 0.648465 35.8877
0.752213 0.166219 -0.63761 -19.7178 -0.074509 0.98291 0.168334 -3.32696 0.654694 -0.0791156 0.751743 36.2671
0.853703 0.280559 -0.438723 -19.8325 -0.25668 0.959718 0.114263 -3.52883 0.453108 0.0150645 0.891328 36.4625
0.940833 0.248692 -0.230186 -19.7644 -0.255108 0.966911 0.0019496 -3.70325 0.223054 0.056888 0.973145 36.7669
0.939514 0.3277 0.099628 -19.7131 -0.316666 0.941909 -0.111938 -3.85533 -0.130523 0.073619 0.988708 36.9579
0.843278 0.387755 0.372194 -19.5595 -0.31772 0.918166 -0.236697 -3.90586 -0.433517 0.0813481 0.897466 37.0279
0.817215 0.395164 0.419529 -19.4844 -0.243737 0.896596 -0.36974 -3.94246 -0.522256 0.199902 0.829028 37.1395
0.863093 0.357222 0.357019 -19.6307 -0.25637 0.918944 -0.299694 -4.04869 -0.435137 0.167135 0.884715 37.6637
0.629727 0.36451 0.685986 -19.4889 -0.0903466 0.911447 -0.401375 -4.0507 -0.771545 0.190781 0.606895 37.798
0.237143 0.438235 0.867014 -19.4746 0.0758094 0.881402 -0.466243 -4.0689 -0.968512 0.176294 0.175796 37.8098
-0.182282 0.445088 0.876738 -19.5428 0.234754 0.88559 -0.400775 -4.05703 -0.954811 0.132764 -0.265914 37.7463
-0.520367 0.293874 0.801783 -19.6542 0.158163 0.955842 -0.247691 -4.00565 -0.839168 -0.00207815 -0.543869 37.7792
-0.50852 0.0282553 0.860586 -19.6758 -0.108361 0.989415 -0.0965156 -3.89747 -0.854204 -0.142334 -0.500076 37.8526
-0.639168 -0.216741 0.737895 -19.7024 -0.447183 0.885337 -0.127303 -3.75726 -0.625693 -0.411342 -0.662801 37.9335
-0.820117 -0.287541 0.494699 -19.7375 -0.474527 0.824891 -0.307211 -3.73894 -0.319737 -0.486698 -0.812954 37.9042
-0.853552 -0.420191 0.308041 -19.7309 -0.520354 0.717145 -0.463611 -3.71639 -0.0261052 -0.556006 -0.830768 37.93
-0.763819 -0.43344 0.478237 -19.6036 -0.628052 0.669917 -0.395931 -3.72576 -0.148767 -0.602777 -0.783919 37.8873
-0.637443 -0.298592 0.710288 -19.4801 -0.540748 0.830061 -0.136347 -3.74201 -0.548871 -0.471 -0.69058 37.6862
-0.625326 -0.134118 0.768752 -19.2362 -0.353685 0.926839 -0.126 -3.79047 -0.69561 -0.350687 -0.627013 37.5832
-0.381816 -0.0875655 0.920081 -19.3243 -0.24442 0.969626 -0.00914863 -3.82783 -0.891334 -0.228379 -0.391621 37.3737
-0.42142 0.0456197 0.905717 -19.0782 -0.165841 0.978015 -0.126425 -3.87695 -0.891573 -0.203483 -0.404589 37.1899
-0.317111 -0.0499569 0.947072 -19.1008 -0.234119 0.971829 -0.0271279 -3.71091 -0.919037 -0.23033 -0.319873 36.7383
-0.526605 -0.111696 0.84274 -19.009 -0.361706 0.926561 -0.103214 -3.6649 -0.769322 -0.359177 -0.528333 36.5519
-0.807661 -0.0184297 0.589359 -19.0139 -0.191978 0.953271 -0.233278 -3.57073 -0.55752 -0.301554 -0.773458 36.3707
-0.840736 0.0703203 0.53686 -19.232 -0.0132152 0.98857 -0.150183 -3.46292 -0.541284 -0.133359 -0.830197 36.0429
-0.767407 -0.00184013 0.641157 -19.2698 -0.108101 0.986052 -0.126557 -3.30911 -0.631981 -0.16643 -0.756902 35.7772
-0.514824 -0.073778 0.854115 -19.3733 -0.217954 0.974819 -0.0471688 -3.17343 -0.829128 -0.210441 -0.51794 35.5046
-0.184384 -0.0563232 0.981239 -19.3514 -0.241561 0.970331 0.0103056 -3.0956 -0.952707 -0.235129 -0.192519 35.4261
0.148758 -0.0398387 0.988071 -19.1537 -0.222478 0.972224 0.0726947 -3.01833 -0.963522 -0.230638 0.135763 35.3683
0.184027 -0.0333416 0.982356 -19.1435 -0.217405 0.973291 0.0737608 -2.82025 -0.958577 -0.227143 0.171863 35.0224
-0.0235299 -0.0739959 0.996981 -18.9472 -0.330067 0.941912 0.0621187 -2.67092 -0.943664 -0.327608 -0.0465866 34.7831
-0.221577 -0.218665 0.95031 -18.8584 -0.402589 0.908117 0.115087 -2.60838 -0.888158 -0.357084 -0.28925 34.6461
-0.460383 -0.224214 0.858939 -18.8304 -0.326426 0.942546 0.0710773 -2.4787 -0.825526 -0.247658 -0.507121 34.303
-0.631383 -0.378786 0.676665 -18.7873 -0.51136 0.859358 0.0039149 -2.37134 -0.582981 -0.343548 -0.73628 34.2741
-0.651687 -0.296265 0.698234 -18.7163 -0.423612 0.905776 -0.0110459 -2.24197 -0.629171 -0.302979 -0.715784 34.0221
-0.644839 -0.281847 0.710454 -18.4725 -0.440282 0.896788 -0.0438509 -2.06456 -0.624767 -0.341077 -0.702376 33.8431
-0.703139 -0.168305 0.690846 -18.3097 -0.2778 0.959388 -0.0490154 -1.95368 -0.65454 -0.226382 -0.721338 33.4842
-0.836836 -0.211585 0.504912 -18.1857 -0.279929 0.957984 -0.0625044 -1.76459 -0.470473 -0.193646 -0.860905 33.2424
-0.735487 -0.304471 0.605274 -18.2476 -0.375408 0.926805 0.0100416 -1.57061 -0.564029 -0.219839 -0.795954 32.8712
-0.46408 -0.298482 0.833989 -18.0834 -0.343864 0.928385 0.14092 -1.52965 -0.816325 -0.221381 -0.533482 32.7564
-0.156448 -0.269676 0.950157 -17.9449 -0.226802 0.946105 0.231182 -1.42024 -0.961293 -0.17933 -0.209179 32.774
0.191198 -0.241608 0.951351 -17.8563 -0.178284 0.944561 0.275715 -1.34102 -0.965224 -0.222327 0.137523 32.6102
0.159503 -0.193271 0.968094 -17.6267 -0.212333 0.95098 0.224838 -1.17832 -0.964092 -0.24142 0.110646 32.407
0.12503 -0.31687 0.940192 -17.5525 -0.3051 0.88943 0.340335 -0.954657 -0.944077 -0.329405 0.0145282 32.1064
0.0861268 -0.225566 0.970414 -17.2333 -0.303722 0.921723 0.241204 -0.897345 -0.94886 -0.31551 0.0108759 32.022
-0.236759 -0.305788 0.922192 -17.1725 -0.338022 0.915806 0.216888 -0.706695 -0.910871 -0.260371 -0.320189 31.8617
-0.492309 -0.298785 0.817533 -17.2732 -0.371636 0.921478 0.112979 -0.555423 -0.787095 -0.248204 -0.564691 31.455
-0.654831 -0.25626 0.711005 -17.1187 -0.364447 0.931224 -2.19608e-05 -0.399699 -0.662099 -0.259138 -0.703187 31.2294
