0.999994 -0.00109284 0.00331296 7.10891e-06 0.00107812 0.99999 0.00444155 0.000243901 -0.00331777 -0.00443795 0.999985 0.000129359
0.902904 -0.0106535 -0.42971 4.835 0.00379863 0.999852 -0.016807 0.226519 0.429825 0.0135428 0.90281 0.253387
0.849051 -0.0346876 -0.527171 5.59375 0.0209896 0.999269 -0.031946 0.233999 0.527894 0.0160587 0.849159 0.652538
0.922261 -0.0710499 -0.379982 6.38588 0.0292979 0.992984 -0.114561 0.238214 0.385455 0.0945226 0.917872 1.39818
0.957472 -0.0923085 -0.273362 7.43778 0.0808761 0.995323 -0.0528245 0.279482 0.27696 0.0284695 0.96046 1.79371
0.849415 -0.0545182 -0.524902 8.4633 0.0391808 0.998419 -0.0402958 0.268921 0.526269 0.0136618 0.850208 2.24028
0.558702 -0.0656776 -0.826764 9.19325 0.0930432 0.99553 -0.0162085 0.316737 0.824133 -0.067869 0.562315 3.07167
0.166084 -0.0655637 -0.98393 9.30473 0.261922 0.96488 -0.0200827 0.427592 0.950691 -0.254378 0.177424 3.3187
-0.235423 0.0250518 -0.97157 9.56219 0.30236 0.951948 -0.0487195 0.482035 0.923664 -0.305233 -0.231685 3.7928
-0.551129 0.00761582 -0.834385 9.6166 0.221087 0.965552 -0.137219 0.508543 0.804598 -0.260097 -0.533828 4.10518
-0.543527 -0.0034024 -0.839385 9.66715 0.0719087 0.996127 -0.0506008 0.437447 0.836306 -0.087862 -0.541177 4.79492
-0.600879 0.0812026 -0.795205 10.0445 0.0424493 0.996665 0.0696988 0.322946 0.798212 0.00812464 -0.602321 4.75045
-0.865348 0.11053 -0.488831 10.1707 0.0619759 0.991491 0.114475 0.279005 0.497325 0.0687651 -0.864835 4.5157
-0.992046 0.0204787 -0.124201 10.0905 0.01381 0.998428 0.0543179 0.25763 0.125118 0.0521706 -0.990769 4.19372
-0.976883 -0.00515437 0.213715 9.66661 -0.00319218 0.99995 0.00952544 0.309214 -0.213753 0.00862302 -0.97685 3.61762
-0.820161 -0.00600822 0.572102 9.35035 0.048697 0.995583 0.0802673 0.280444 -0.570057 0.0936917 -0.816245 3.1349
-0.588399 -0.0169216 0.808393 8.78036 0.00719035 0.999632 0.0261582 0.306939 -0.808539 0.0212041 -0.588061 2.33642
-0.574491 -0.0496822 0.817002 8.16108 -0.0596613 0.998043 0.0187394 0.338012 -0.816334 -0.0379778 -0.57633 1.5775
-0.834113 -0.0189863 0.551267 7.59915 -0.0147416 0.999818 0.0121297 0.339059 -0.551397 0.00199104 -0.834241 0.6909
-0.958131 -0.0502581 0.281885 6.98222 -0.0347059 0.997601 0.0598994 0.304314 -0.284219 0.0476085 -0.957577 -0.165833
-0.813863 -0.00811132 0.581 6.27567 -0.00122502 0.999924 0.0122439 0.273684 -0.581055 0.00925312 -0.813812 -0.802042
-0.904576 -0.0243505 0.425615 5.21576 -0.00442353 0.99885 0.047745 0.26808 -0.426288 0.0413063 -0.903644 -1.2061
-0.995418 -0.0096383 0.0951269 4.52618 -0.00431601 0.998422 0.0559974 0.273749 -0.0955165 0.0553303 -0.993889 -1.68822
-0.921918 -0.0923651 -0.376211 4.6008 -0.121612 0.99107 0.0546921 0.273291 0.3678 0.0961734 -0.924918 -1.79709
-0.749974 -0.1231 -0.649912 4.75881 -0.194375 0.980166 0.0386478 0.280653 0.632264 0.155312 -0.759026 -1.82078
-0.471532 -0.0353539 -0.88114 4.96843 -0.207619 0.975559 0.0719628 0.26264 0.85706 0.216874 -0.467348 -1.82599
-0.10037 -0.0582771 -0.993242 5.19747 -0.0716713 0.996113 -0.051203 0.289888 0.992365 0.0660477 -0.104157 -1.66213
0.245749 -0.113461 -0.96267 5.1996 0.0211526 0.993517 -0.111697 0.358176 0.969103 0.00708657 0.246556 -1.15402
0.337434 -0.15399 -0.928669 5.25862 0.0437993 0.988029 -0.147919 0.375922 0.94033 0.00923769 0.340139 -0.789411
0.622909 -0.10988 0.774539 2.37023 -0.0854403 0.974608 0.206976 0.156107 -0.777614 -0.195104 0.597704 -0.435978
0.581789 -0.208454 0.786174 2.50274 0.0606623 0.975028 0.213637 0.124606 -0.811075 -0.0766002 0.579905 -0.529386
0.465033 -0.240166 0.852094 2.66126 0.0637605 0.969086 0.238343 0.120269 -0.882995 -0.0565075 0.46597 -0.575215
0.618746 -0.356625 0.69998 2.99604 0.0302741 0.901186 0.432374 0.235163 -0.785008 -0.246338 0.568402 -0.908987
0.665008 -0.415799 0.620384 3.3905 0.0309242 0.8453 0.533396 0.28944 -0.746196 -0.335527 0.57499 -0.991127
0.797886 -0.444472 0.407214 3.68218 0.208975 0.837585 0.504758 0.250916 -0.565427 -0.317641 0.761181 -0.988925
0.864509 -0.174652 0.471296 4.01806 0.0810723 0.973862 0.21218 0.160739 -0.496035 -0.145222 0.856072 -0.653977
0.974641 -0.168501 0.147246 4.22646 0.138899 0.971458 0.192293 0.180212 -0.175445 -0.166964 0.970228 -0.276268
0.976578 -0.117373 -0.180332 4.39151 0.133079 0.988065 0.0775786 0.138115 0.169074 -0.0997599 0.980542 0.0428039
0.862011 -0.0717689 -0.501782 4.3564 0.142545 0.984299 0.104096 0.149129 0.486433 -0.161259 0.858707 0.368142
0.699319 -0.312535 -0.642864 4.36296 0.449899 0.891316 0.0560865 0.257345 0.555466 -0.328446 0.763924 0.570046
0.71752 -0.475867 -0.508641 4.29737 0.64813 0.723612 0.237304 0.323499 0.255133 -0.499935 0.82763 0.681769
0.816847 -0.264988 -0.512389 4.16281 0.387997 0.909686 0.148087 0.212735 0.426872 -0.31977 0.845889 1.09785
0.793187 0.0131469 -0.608836 4.12229 0.0987665 0.983753 0.149915 0.0854623 0.600915 -0.179043 0.779002 1.38795
0.571332 -0.0324411 -0.820078 3.93862 0.122315 0.991425 0.0459952 0.105996 0.811554 -0.126586 0.5704 1.55181
0.288309 0.0025948 -0.957534 3.9434 0.0719347 0.997112 0.0243613 0.0821905 0.954831 -0.0759035 0.28729 1.72826
-0.0368298 -0.0627185 -0.997351 4.13055 0.188392 0.979697 -0.0685652 0.166464 0.981403 -0.190419 -0.0242664 1.56538
-0.372585 -0.130417 -0.918788 4.23343 0.115212 0.975915 -0.185247 0.176245 0.920819 -0.174875 -0.348585 1.60866
-0.64768 -0.285852 -0.706257 4.60537 0.0379955 0.913682 -0.40465 0.256515 0.760964 -0.288918 -0.580913 1.60803
-0.855529 -0.272561 -0.440206 4.70214 -0.0830614 0.911459 -0.402917 0.229589 0.511049 -0.308143 -0.802419 1.52457
-0.944208 -0.271956 -0.185772 4.61494 -0.188186 0.908403 -0.373351 0.244429 0.270291 -0.317561 -0.908899 1.54288
-0.9889 -0.113753 0.0955846 4.44725 -0.130101 0.973654 -0.187273 0.159478 -0.0717634 -0.19763 -0.977646 1.38469
-0.855353 -0.10686 0.506905 4.37117 -0.183027 0.977726 -0.102727 0.151606 -0.484637 -0.180645 -0.855859 1.12602
-0.588975 -0.166389 0.790837 4.29624 -0.268316 0.963327 0.0028527 0.190884 -0.762309 -0.210514 -0.612021 1.05822
-0.292569 -0.157465 0.94319 4.33299 -0.299757 0.951736 0.0659098 0.176095 -0.908047 -0.263445 -0.32565 0.923554
0.0566446 -0.185695 0.980973 4.40493 -0.303033 0.933001 0.194112 0.211261 -0.951295 -0.308263 -0.00342229 0.630364
0.141251 -0.0865588 0.986182 4.55423 -0.217845 0.969035 0.116256 0.165392 -0.965708 -0.231256 0.118021 0.235132
-0.253945 -0.0293515 0.966773 4.7262 -0.140501 0.990057 -0.00684738 0.112897 -0.956959 -0.137571 -0.255544 -0.237562
-0.594319 0.0569635 0.80221 4.72652 -0.0485314 0.99313 -0.106475 0.10879 -0.802764 -0.102212 -0.587471 -0.48036
-0.901128 -0.0572871 0.429753 4.74942 -0.151904 0.970117 -0.189201 0.177889 -0.406072 -0.235776 -0.882902 -0.58505
-0.975726 -0.187974 0.112357 4.53975 -0.210402 0.946962 -0.242887 0.204901 -0.0607413 -0.260631 -0.963526 -0.6689
-0.957322 -0.107167 -0.268421 4.27395 -0.0280167 0.958752 -0.282861 0.205199 0.287663 -0.263269 -0.920837 -0.899378
-0.747789 -0.0417871 -0.66262 3.77981 0.0785703 0.985435 -0.150814 0.168621 0.659271 -0.164839 -0.733614 -0.935072
-0.488691 -0.144315 -0.860438 3.4271 0.14042 0.960357 -0.240826 0.221845 0.861083 -0.238513 -0.449053 -1.0261
-0.397246 -0.244526 -0.884536 2.84752 0.1738 0.92636 -0.334142 0.236051 0.901105 -0.286469 -0.325494 -0.917498
-0.343761 -0.235709 -0.908994 2.34298 0.197458 0.9282 -0.315364 0.225951 0.918062 -0.287898 -0.272536 -0.766346
-0.494803 -0.257815 -0.829881 1.80212 0.200725 0.895246 -0.3978 0.268071 0.845506 -0.36341 -0.39122 -0.722407
-0.598705 -0.253733 -0.759718 1.11317 0.0238186 0.942439 -0.333529 0.256622 0.800615 -0.217781 -0.558199 -0.876453
-0.509184 -0.128353 -0.851033 0.487915 0.0994094 0.973428 -0.20629 0.168844 0.854897 -0.189641 -0.482895 -1.23043
-0.186143 -0.0940311 -0.978013 -0.057848 0.125065 0.985045 -0.118511 0.147172 0.97453 -0.144375 -0.171599 -1.29164
0.166498 -0.0880907 -0.982099 -0.256671 0.189225 0.980344 -0.0558533 0.150643 0.967715 -0.176539 0.179895 -1.25391
0.624852 -0.145332 -0.767097 -0.448505 0.236823 0.971513 0.00884782 0.18797 0.743959 -0.187195 0.64147 -0.96271
0.866678 -0.145974 -0.477034 -0.4971 0.213323 0.972839 0.0898739 0.200821 0.450958 -0.179654 0.874278 -0.90044
0.949808 -0.258413 -0.176315 -0.470364 0.290853 0.936987 0.193545 0.182813 0.115191 -0.235113 0.965118 -0.788618
0.904016 -0.422062 0.0679632 -0.4002 0.365977 0.846239 0.387221 0.241562 -0.220944 -0.325181 0.919479 -0.598343
0.802695 -0.577865 0.147486 -0.533116 0.364473 0.67106 0.645629 0.311897 -0.472059 -0.464489 0.749273 -0.395959
0.734535 -0.67372 0.080991 -0.305589 0.30882 0.438179 0.844174 0.387747 -0.604225 -0.595064 0.529916 -0.0710201
0.731051 -0.674273 -0.104503 -0.0392302 0.475246 0.393281 0.787065 0.397556 -0.489598 -0.625049 0.607954 0.30895
0.742389 -0.62852 -0.231994 0.271306 0.624038 0.522706 0.580823 0.376319 -0.243794 -0.57597 0.780271 0.741825
0.778153 -0.498623 -0.381906 0.278047 0.622127 0.695404 0.359682 0.325005 0.0862334 -0.517482 0.851338 1.13109
0.676088 -0.387801 -0.62651 0.325976 0.446346 0.892078 -0.0705174 0.193502 0.586243 -0.231964 0.776217 1.33127
0.582011 -0.288472 -0.760294 0.303306 0.117049 0.954945 -0.272725 0.130717 0.804713 0.0697379 0.589554 1.50775
0.359217 -0.201758 -0.911184 0.00743037 0.105088 0.978887 -0.17532 0.0979483 0.927319 -0.0327764 0.372835 1.84095
0.416019 -0.0875027 -0.905136 -0.109964 0.195535 0.980684 -0.00493439 0.0742296 0.888085 -0.174933 0.425093 2.39507
0.476866 -0.137394 -0.868172 -0.421571 0.272474 0.96216 -0.00260429 0.0865266 0.835677 -0.235312 0.496257 2.78047
0.673109 -0.0694759 -0.736273 -0.630041 0.194637 0.977121 0.0857363 0.0932422 0.713471 -0.201015 0.671232 3.30552
0.707082 -0.138067 -0.693522 -0.796885 0.183025 0.983066 -0.00910653 0.092147 0.683036 -0.120493 0.720378 3.92877
0.891335 -0.126505 -0.435337 -0.811715 0.209715 0.966412 0.148553 0.128185 0.401922 -0.223707 0.887927 4.3765
0.821176 -0.244372 -0.515705 -0.79463 0.335283 0.93786 0.0894688 0.181592 0.461795 -0.246377 0.852082 4.84342
0.660004 -0.124373 -0.740895 -1.1852 0.195823 0.98059 0.00983213 0.105077 0.725292 -0.151573 0.671549 5.38452
0.694535 -0.163768 -0.700573 -1.38423 0.306744 0.948215 0.0824432 0.158687 0.650792 -0.272156 0.708803 5.9481
0.682 -0.220185 -0.697419 -1.55203 0.352361 0.934553 0.0495189 0.177902 0.640872 -0.279515 0.71495 6.45982
0.547843 -0.120109 -0.827914 -1.85213 0.315013 0.946417 0.0711481 0.143088 0.775007 -0.299782 0.556323 6.78351
0.236009 -0.0710539 -0.96915 -1.9978 0.179204 0.9834 -0.0284584 0.081384 0.955084 -0.166959 0.244825 6.94366
-0.142739 -0.106829 -0.983978 -2.08471 0.156287 0.979253 -0.128987 0.101203 0.977343 -0.172195 -0.123081 7.10851
-0.400639 -0.135275 -0.906195 -2.30321 0.162146 0.962962 -0.215436 0.118648 0.901774 -0.233248 -0.363866 7.35654
-0.196493 -0.142855 -0.970043 -2.45552 0.105266 0.980538 -0.165724 0.109353 0.974838 -0.134676 -0.177631 7.89445
0.193089 -0.140692 -0.971042 -2.48917 0.164196 0.980344 -0.10939 0.0983976 0.967345 -0.138319 0.212395 8.13996
0.513882 -0.0837918 -0.853759 -2.59545 0.241083 0.969216 0.0499855 0.0952762 0.823289 -0.231513 0.518263 8.36869
0.705588 -0.00609354 -0.708596 -2.74097 0.11659 0.987334 0.107605 0.069956 0.698965 -0.15854 0.697361 8.88776
0.859399 -0.168595 -0.48271 -2.87411 0.315048 0.918174 0.24021 0.0777425 0.402714 -0.358513 0.842194 9.05834
0.951482 -0.152768 -0.267102 -3.00545 0.216089 0.949721 0.226572 0.0624641 0.21906 -0.273297 0.936654 9.51899
0.95577 -0.0926853 -0.279128 -3.26794 0.171201 0.947017 0.271753 0.0514821 0.239151 -0.30752 0.920998 9.70967
0.886715 -0.164821 -0.431937 -3.41766 0.273915 0.939947 0.203644 0.0655859 0.372433 -0.298888 0.878612 10.1242
0.858726 -0.00406677 -0.512419 -3.68921 0.140499 0.963517 0.227806 0.0067106 0.492798 -0.267617 0.827968 10.675
0.640312 -0.0917923 -0.762611 -3.76522 0.215271 0.974491 0.0634525 0.0311427 0.737333 -0.204797 0.643738 11.0251
0.573882 -0.256777 -0.77764 -3.86696 0.497849 0.863347 0.0823248 0.0871567 0.650234 -0.434393 0.623296 11.3819
0.174166 -0.451651 -0.87503 -3.92003 0.686021 0.693136 -0.22122 0.191119 0.706429 -0.56176 0.430563 11.4719
-0.157152 -0.473261 -0.866791 -3.94797 0.546966 0.689076 -0.475397 0.215733 0.822272 -0.548815 0.150569 11.6608
0.116869 -0.242146 -0.963176 -4.32299 0.415782 0.89267 -0.173971 0.0541642 0.901924 -0.380139 0.205005 12.0312
0.275796 -0.106249 -0.955326 -4.501 0.106829 0.991103 -0.0793877 -0.0698724 0.955261 -0.0801613 0.284692 12.4079
0.386382 -0.0319577 -0.921785 -4.61024 0.00153249 0.99942 -0.0340069 -0.0907658 0.922338 0.011727 0.386207 12.6462
0.631362 -0.164608 -0.757817 -4.78606 0.210266 0.976943 -0.0370259 -0.00502606 0.746438 -0.135967 0.651416 12.9436
0.668335 -0.186315 -0.720149 -4.90538 0.260511 0.965438 -0.00800755 0.0127966 0.696751 -0.182255 0.693773 13.4651
0.677028 -0.160415 -0.718262 -5.11779 0.223582 0.974661 -0.00693158 0.0271897 0.701173 -0.155897 0.695738 13.9628
0.817468 -0.198962 -0.540519 -5.19405 0.265338 0.963019 0.0468094 0.0403955 0.511217 -0.181685 0.840028 14.3084
0.882018 -0.335092 -0.331298 -5.30772 0.387661 0.9157 0.10589 0.101651 0.267886 -0.221828 0.937566 14.8368
0.922295 -0.278797 -0.267665 -5.53312 0.313027 0.945057 0.0942371 0.090632 0.226686 -0.170701 0.958893 15.3722
0.92169 -0.247675 -0.298572 -5.79099 0.296492 0.946082 0.130462 0.0869234 0.250161 -0.20877 0.945428 16.0406
0.917129 -0.363262 -0.164058 -5.90339 0.391623 0.89785 0.201238 0.140708 0.0741971 -0.24881 0.965706 16.4966
0.935194 -0.126539 -0.330756 -6.21035 0.168926 0.980274 0.102602 0.0666215 0.311249 -0.151826 0.938122 16.9703
0.92645 -0.162048 -0.339752 -6.31563 0.178652 0.983748 0.0179498 0.0621257 0.331322 -0.0773272 0.940344 17.5488
0.890838 0.0742566 -0.448212 -6.52022 -0.0722174 0.997154 0.0216666 -0.0528214 0.448545 0.0130673 0.893665 17.9861
0.651813 0.183155 -0.735931 -6.66953 -0.206378 0.976615 0.0602662 -0.134377 0.729759 0.112598 0.674369 18.1515
0.156817 0.0428134 -0.986699 -6.84807 -0.0365305 0.998628 0.0375251 -0.0521972 0.986952 0.0301601 0.158166 18.1914
-0.239403 -0.0885189 -0.966877 -7.03835 0.0277378 0.994805 -0.0979438 0.0412243 0.970524 -0.0502671 -0.235704 18.1825
-0.321322 -0.298012 -0.898856 -7.23254 0.174307 0.91436 -0.365464 0.143288 0.93079 -0.274108 -0.241858 18.3473
-0.323712 -0.358515 -0.875602 -7.34189 0.177288 0.886056 -0.428339 0.164007 0.929397 -0.293892 -0.223266 18.8098
-0.119245 -0.248528 -0.961257 -7.65116 0.155416 0.951558 -0.265299 0.0857397 0.980626 -0.18103 -0.0748432 19.3725
0.155308 -0.0930058 -0.983478 -7.7807 0.216129 0.974638 -0.0580393 0.0391738 0.963933 -0.203545 0.17147 20.04
-0.00164118 -0.0502756 -0.998734 -7.88473 0.198788 0.978787 -0.0495981 0.0120059 0.980041 -0.198618 0.00838782 20.5496
0.0246429 -0.0348685 -0.999088 -7.98992 0.204011 0.978535 -0.0291192 -0.0289532 0.978658 -0.203108 0.0312275 20.8226
0.324699 -0.0812832 -0.942318 -8.19181 0.240477 0.970654 -0.000865256 -0.0305566 0.914736 -0.226325 0.334717 21.3109
-0.0334301 -0.114535 -0.992857 -8.40695 0.245091 0.962139 -0.119244 -0.00473436 0.968924 -0.247327 -0.0040929 21.6042
-0.415473 -0.124311 -0.901071 -8.76165 0.186631 0.957891 -0.218204 -0.0340127 0.890253 -0.258826 -0.374778 21.8876
-0.663272 -0.204872 -0.71979 -8.87129 0.0137778 0.958294 -0.285453 0.0209901 0.748252 -0.19925 -0.632786 22.1624
-0.423212 -0.15154 -0.893267 -9.32958 0.138315 0.963551 -0.228995 -0.0213056 0.895411 -0.220466 -0.386826 22.6224
-0.0529798 -0.170544 -0.983925 -9.41034 0.238792 0.954559 -0.178312 0.0102695 0.969624 -0.2444 -0.00984775 23.0521
0.38233 -0.108143 -0.917676 -9.48968 0.315417 0.948751 0.0196067 -0.0190294 0.868525 -0.296947 0.396846 23.453
0.539976 -0.268671 -0.797647 -9.4934 0.423451 0.905732 -0.0184176 0.020109 0.727403 -0.327819 0.602843 23.8971
0.389043 -0.311824 -0.86684 -9.62424 0.58564 0.810068 -0.028563 0.0533125 0.711106 -0.496544 0.497768 24.4623
0.2781 -0.238598 -0.930447 -9.77212 0.364049 0.922574 -0.127769 0.0117706 0.888892 -0.303196 0.34343 25.0663
0.429408 -0.166407 -0.887647 -10.0103 0.377994 0.925761 0.00930523 -0.0218635 0.820201 -0.339521 0.46043 25.6344
0.327598 -0.123635 -0.936693 -10.3707 0.373266 0.927689 0.00809903 -0.0232883 0.867958 -0.352289 0.350058 26.2336
0.0802754 -0.189253 -0.978641 -10.6368 0.300508 0.940724 -0.15727 -0.0133998 0.950395 -0.281464 0.132389 26.5156
0.155315 -0.016361 -0.987729 -10.9506 0.207091 0.978185 0.016361 -0.0512808 0.965914 -0.207091 0.155315 26.9699
-0.121628 -0.0359152 -0.991926 -11.047 0.111073 0.992576 -0.0495584 -0.0563787 0.986341 -0.116204 -0.116736 27.2795
-0.38649 -0.00742796 -0.922264 -11.3938 0.0772956 0.996189 -0.0404154 -0.0630801 0.919049 -0.086907 -0.384443 27.3289
-0.704036 0.0211913 -0.709848 -11.6462 0.0115888 0.999764 0.0183524 -0.0848824 0.71007 0.00469445 -0.704115 27.3806
-0.60265 -0.151035 -0.783582 -11.9586 0.0424298 0.974472 -0.220461 -0.0138782 0.796877 -0.166108 -0.580858 27.3133
-0.746556 -0.182436 -0.639821 -12.2481 -0.0828147 0.979673 -0.18271 0.00748968 0.660148 -0.0834166 -0.746489 27.2862
-0.550269 -0.194673 -0.811977 -12.2863 0.0962523 0.951171 -0.293274 0.0447779 0.829421 -0.239534 -0.504662 27.1762
-0.83127 -0.169361 -0.529441 -12.4928 -0.0391248 0.96792 -0.248195 0.0189846 0.554491 -0.185603 -0.811228 26.9373
-0.955203 -0.233691 -0.181593 -12.4621 -0.190345 0.95495 -0.227682 0.0608127 0.226619 -0.182917 -0.956653 26.7566
-0.955161 -0.251573 0.156139 -12.4015 -0.280066 0.938761 -0.200727 0.0621521 -0.0960793 -0.235456 -0.967124 26.5582
-0.935399 -0.223303 0.27416 -12.5136 -0.256668 0.962103 -0.0920856 0.0682051 -0.243207 -0.156505 -0.957265 26.4782
-0.982228 -0.133524 0.131908 -12.409 -0.157712 0.968173 -0.194338 0.0574627 -0.101762 -0.211688 -0.972025 26.4794
-0.910032 -0.149841 0.386509 -12.4486 -0.169826 0.985312 -0.0178705 0.00327122 -0.378154 -0.0819021 -0.922113 26.4473
-0.949539 -0.254151 0.183803 -12.6185 -0.292413 0.929284 -0.225669 0.0620033 -0.113451 -0.268028 -0.956708 26.3146
-0.940732 -0.339025 -0.00928472 -12.6158 -0.313478 0.879641 -0.357718 0.12412 0.129443 -0.333606 -0.933783 26.1544
-0.915246 -0.307173 -0.260709 -12.9356 -0.174308 0.885288 -0.431139 0.118435 0.363237 -0.349155 -0.8638 26.0705
-0.862774 -0.118703 -0.491457 -12.9587 0.0245222 0.96108 -0.275181 0.0502905 0.504994 -0.249471 -0.826284 26.0862
-0.606676 -0.136669 -0.783113 -13.1881 0.0404161 0.978534 -0.202084 0.00525701 0.793921 -0.15425 -0.588129 26.256
-0.175547 -0.0412878 -0.983605 -13.2217 0.109422 0.992111 -0.0611738 -0.0244153 0.978371 -0.118367 -0.169644 26.3469
0.188145 -0.0233322 -0.981864 -13.189 0.106336 0.994325 -0.00325206 -0.0245531 0.976368 -0.103796 0.189559 26.2543
0.0354287 -0.254725 -0.966364 -13.3069 0.278487 0.931185 -0.235242 0.0412867 0.959786 -0.260785 0.103928 26.3627
0.43533 -0.254719 -0.863485 -13.2884 0.397238 0.915068 -0.0696662 0.0688338 0.807892 -0.312681 0.499541 26.3929
0.494358 -0.375503 -0.783969 -13.5138 0.416873 0.893818 -0.165246 0.128298 0.762776 -0.245125 0.598403 26.3175
0.280999 -0.236384 -0.930141 -13.8053 0.318171 0.937325 -0.142089 0.0725312 0.905432 -0.256017 0.338598 26.4184
0.27953 -0.100785 -0.954833 -14.0219 0.1535 0.986375 -0.0591771 -0.0226435 0.947787 -0.130025 0.291192 26.2585
0.288641 -0.097242 -0.952487 -14.0449 0.0461483 0.995086 -0.0876063 -0.0582754 0.956325 -0.0186689 0.29171 26.3265
0.592858 -0.0715305 -0.802124 -14.1013 0.0961276 0.995212 -0.0177004 -0.0435677 0.799549 -0.0666124 0.596896 26.4081
0.747477 -0.235745 -0.62105 -14.2624 0.387955 0.913826 0.120052 0.0900808 0.53923 -0.330675 0.774522 26.3885
0.812598 -0.364505 -0.454775 -14.2268 0.527083 0.79261 0.306517 0.211593 0.248733 -0.488779 0.836198 26.646
0.912094 -0.331757 -0.240877 -14.5098 0.406192 0.810937 0.421175 0.179847 0.0556083 -0.481994 0.874408 26.7469
0.986957 -0.160745 -0.00871637 -14.4392 0.157869 0.955859 0.247812 -0.0140278 -0.0315031 -0.245956 0.968769 26.918
0.963492 -0.0205237 0.266951 -14.5334 0.0042226 0.998098 0.0614954 -0.100721 -0.267705 -0.0581231 0.961746 26.8385
0.765498 0.0644802 0.640199 -14.5825 -0.0452856 0.997898 -0.0463585 -0.141053 -0.641842 0.00649552 0.766809 26.5996
0.449455 0.0214061 0.893046 -14.5354 -0.0883627 0.995875 0.0206006 -0.0710973 -0.888922 -0.088171 0.449493 26.3034
0.258633 -0.0979518 0.960997 -14.5654 -0.219009 0.962993 0.157097 0.036779 -0.940821 -0.251098 0.22761 26.3407
-0.10245 -0.0519525 0.993381 -14.7744 -0.201936 0.978928 0.0303704 0.00370509 -0.974026 -0.197488 -0.110782 26.4267
0.131359 -0.0795034 0.988142 -15.0594 -0.177579 0.978769 0.102356 0.0167325 -0.9753 -0.188919 0.114452 26.6448
-0.0580796 -0.0827181 0.994879 -15.1631 -0.148964 0.986123 0.0732938 -0.0228154 -0.987136 -0.143944 -0.0695956 26.6763
0.0107153 -0.145438 0.989309 -15.4339 -0.159003 0.97653 0.145282 0.0341396 -0.98722 -0.15886 -0.0126614 26.9487
0.25542 -0.107151 0.960874 -15.4936 -0.124809 0.98187 0.142669 0.00382115 -0.95874 -0.156367 0.237416 27.218
0.576768 -0.0500288 0.815374 -15.5069 -0.156661 0.972823 0.170506 -0.0125329 -0.801745 -0.226079 0.553256 27.4893
0.876534 0.0427162 0.479441 -15.4722 -0.139815 0.975704 0.168683 -0.0131056 -0.460587 -0.21489 0.86121 27.9465
0.977954 -0.10229 0.182053 -15.335 0.0581023 0.970673 0.233277 0.0520599 -0.200576 -0.217556 0.955217 28.179
0.984253 -0.0935537 -0.149979 -15.4931 0.126097 0.966204 0.22483 0.102457 0.123876 -0.240202 0.962786 28.5587
0.87412 -0.0517651 -0.482944 -15.6374 0.133226 0.981723 0.135909 0.0736471 0.467081 -0.183141 0.86504 28.7463
0.590143 -0.0207969 -0.807031 -15.7558 0.112098 0.992095 0.0564063 0.036629 0.799478 -0.123755 0.587809 28.8529
0.237053 0.0113884 -0.97143 -15.8841 0.0729561 0.996899 0.0294901 0.0142915 0.968754 -0.0778625 0.235487 28.9115
0.0998549 0.0854589 -0.991325 -16.0887 0.0763472 0.992709 0.0932686 -0.0184498 0.992069 -0.0849982 0.0926023 29.0892
0.0151123 0.13126 -0.991233 -16.3944 -0.0631612 0.989491 0.130067 -0.0591104 0.997889 0.0606418 0.0232441 29.4822
0.318545 0.317112 -0.893291 -16.5168 -0.183277 0.945204 0.270184 -0.115673 0.930021 0.0776543 0.359209 29.9997
0.585243 0.384666 -0.713808 -16.4445 -0.331308 0.916916 0.222485 -0.173729 0.740085 0.106282 0.664062 30.551
0.808977 0.287241 -0.512883 -16.5334 -0.20129 0.9551 0.217408 -0.0763635 0.552303 -0.0726395 0.830472 30.7672
0.707135 0.0985795 -0.700173 -16.6482 0.0806666 0.972521 0.218393 0.0616509 0.702462 -0.210914 0.679752 30.9942
0.488041 0.0131494 -0.872721 -16.8599 0.213349 0.967758 0.13389 0.112136 0.846344 -0.251539 0.4695 30.8136
0.0882225 0.121938 -0.988609 -17.0121 -0.0440598 0.991985 0.118423 0.00940015 0.995126 0.0331104 0.092888 30.6985
-0.261306 0.292365 -0.919914 -17.073 -0.0672848 0.945191 0.319511 -0.113869 0.962908 0.145386 -0.227312 30.5368
-0.448008 0.370097 -0.813829 -17.0332 -0.0491491 0.898721 0.435759 -0.190493 0.892678 0.235222 -0.384444 30.6971
-0.405166 0.32178 -0.855744 -17.1643 0.0208261 0.939019 0.343233 -0.30071 0.914006 0.121244 -0.38716 31.003
-0.297809 -0.0034116 -0.954619 -17.2157 0.208104 0.975711 -0.0684085 -0.249305 0.931667 -0.219033 -0.289865 31.1636
-0.355086 -0.114004 -0.927856 -17.2835 0.218467 0.954933 -0.200937 -0.330318 0.908948 -0.274056 -0.314177 31.3942
-0.279394 0.15572 -0.947465 -17.5367 0.0669287 0.98752 0.142567 -0.49791 0.957841 -0.0235803 -0.286329 31.4936
-0.219199 0.282519 -0.933882 -17.9526 -0.0138093 0.956165 0.292501 -0.737153 0.975582 0.0770123 -0.205689 31.5905
0.124703 0.415187 -0.901149 -18.0313 -0.184827 0.902061 0.390031 -0.769834 0.974827 0.117919 0.189227 31.7361
0.388116 0.520741 -0.760391 -18.075 -0.388866 0.840557 0.377157 -0.810115 0.835553 0.14931 0.528732 31.7763
0.757807 0.368464 -0.538482 -17.9101 -0.375378 0.921232 0.102096 -0.930045 0.533685 0.124765 0.836429 31.9722
0.898421 0.387779 -0.206075 -17.8211 -0.390115 0.920248 0.0308875 -0.937512 0.201618 0.0526431 0.978049 32.0066
0.946538 0.295595 0.129189 -17.9598 -0.30478 0.950664 0.0578537 -1.0037 -0.105714 -0.094135 0.989931 32.0374
0.963994 0.264756 0.024907 -17.9864 -0.263885 0.963973 -0.0334754 -1.19375 -0.0328725 0.0256975 0.999129 32.3234
0.981134 0.193157 -0.00809418 -18.1281 -0.193272 0.980992 -0.0173252 -1.3154 0.00459383 0.0185627 0.999817 32.535
0.911601 0.30144 -0.279494 -18.3395 -0.309723 0.950706 0.0151591 -1.36158 0.270286 0.0727468 0.960028 32.6871
0.885839 0.196616 -0.420275 -18.3432 -0.260926 0.96008 -0.100816 -1.51788 0.383676 0.198967 0.901779 32.9602
0.889118 0.283915 -0.358972 -18.5161 -0.292335 0.955785 0.0318738 -1.66197 0.352149 0.0766003 0.932804 33.1934
0.904742 0.240658 -0.351461 -18.6993 -0.210462 0.969915 0.122357 -1.67339 0.370334 -0.0367328 0.928172 33.1908
0.944887 -0.00356554 -0.327377 -18.8001 0.096023 0.958984 0.2667 -1.56764 0.312998 -0.283437 0.906474 33.1256
0.926248 0.0831919 -0.367619 -18.7711 -0.000363425 0.975534 0.219847 -1.60742 0.376914 -0.203499 0.903617 33.244
0.869953 0.224542 -0.439049 -18.8569 -0.154275 0.969554 0.190169 -1.86871 0.468382 -0.0977039 0.878107 33.6985
0.689793 0.243678 -0.681768 -19.0256 -0.133819 0.968345 0.210713 -1.97577 0.711533 -0.054115 0.700566 33.8667
0.337619 0.371485 -0.864877 -18.964 -0.219362 0.924581 0.311498 -2.03896 0.915365 0.0845535 0.393646 33.9779
0.137706 0.406559 -0.903187 -18.994 -0.171474 0.907891 0.382532 -2.21394 0.975517 0.102196 0.194737 34.167
-0.0592001 0.390897 -0.918529 -18.8336 -0.12642 0.909798 0.395329 -2.24661 0.990209 0.139524 -0.00444302 34.4027
-0.039246 0.339984 -0.939612 -18.8094 -0.0910272 0.93521 0.342193 -2.49392 0.995075 0.09896 -0.00575542 34.8157
0.0266493 0.32577 -0.945074 -19.0952 -0.0975166 0.941747 0.321873 -2.65426 0.994877 0.0835827 0.0568649 35.0845
0.395992 0.266984 -0.878584 -19.1456 -0.0699121 0.962787 0.261061 -2.76154 0.915589 -0.0419542 0.399921 35.399
0.616057 0.0935888 -0.782122 -19.3788 0.0811487 0.980093 0.181197 -2.8389 0.78351 -0.175096 0.596199 35.5817
0.664654 0.0433092 -0.745895 -19.6222 0.0941749 0.9855 0.141139 -3.01456 0.741193 -0.164053 0.650938 35.9156
0.757082 0.162969 -0.632667 -19.6985 -0.0648871 0.982357 0.175399 -3.18835 0.650089 -0.0917393 0.7543 36.2975
0.859107 0.277262 -0.430186 -19.807 -0.24887 0.960792 0.12224 -3.38977 0.447212 0.00204327 0.894426 36.5002
0.942255 0.250702 -0.222046 -19.7367 -0.253025 0.967285 0.0184048 -3.5514 0.219396 0.0388411 0.974862 36.8035
0.936665 0.33326 0.107687 -19.6922 -0.325515 0.94185 -0.0834134 -3.70232 -0.129223 0.0430767 0.990679 36.9928
0.839582 0.389754 0.37841 -19.5384 -0.326763 0.918816 -0.221367 -3.7488 -0.433968 0.0622047 0.898778 37.0625
0.812671 0.398359 0.425296 -19.4564 -0.254923 0.899336 -0.355258 -3.7832 -0.524004 0.18029 0.832415 37.1755
0.858387 0.360329 0.365151 -19.598 -0.264242 0.920661 -0.28733 -3.87996 -0.439713 0.150152 0.885498 37.704
0.623449 0.36638 0.690708 -19.4556 -0.101883 0.913948 -0.392833 -3.87987 -0.775198 0.17454 0.607128 37.8367
0.229339 0.439992 0.868223 -19.4412 0.0616099 0.883647 -0.464083 -3.89789 -0.971395 0.159924 0.175547 37.8487
-0.189145 0.442662 0.876513 -19.5125 0.225698 0.888325 -0.399924 -3.88471 -0.955659 0.122184 -0.26793 37.7848
-0.522212 0.297295 0.799319 -19.6249 0.14036 0.95445 -0.263294 -3.81848 -0.841186 -0.0253033 -0.540153 37.8198
-0.511509 0.0302016 0.858747 -19.6464 -0.12661 0.985825 -0.110085 -3.71303 -0.849899 -0.165036 -0.500434 37.8965
-0.642899 -0.215672 0.73496 -19.6723 -0.458685 0.876867 -0.143917 -3.57042 -0.613423 -0.429639 -0.662663 37.9766
-0.82423 -0.286873 0.48821 -19.7065 -0.480447 0.810599 -0.334814 -3.55286 -0.299694 -0.510522 -0.805947 37.9481
-0.855387 -0.420571 0.302381 -19.7008 -0.517915 0.704364 -0.485423 -3.52941 -0.00883126 -0.571832 -0.820324 37.974
-0.765932 -0.434336 0.474026 -19.5739 -0.629273 0.657568 -0.414271 -3.53968 -0.131772 -0.615595 -0.776968 37.9309
-0.638586 -0.301027 0.70823 -19.4523 -0.552437 0.820026 -0.149569 -3.55974 -0.535743 -0.486766 -0.689956 37.7297
-0.628451 -0.133188 0.766362 -19.2077 -0.365179 0.920426 -0.1395 -3.61129 -0.6868 -0.367528 -0.62708 37.6253
-0.384803 -0.0866353 0.918924 -19.2966 -0.263745 0.964395 -0.019522 -3.65447 -0.884514 -0.249874 -0.393952 37.4153
-0.424633 0.0459644 0.904198 -19.0505 -0.186965 0.972731 -0.137252 -3.70723 -0.88585 -0.227335 -0.40446 37.2312
-0.320083 -0.0500434 0.946067 -19.0747 -0.254775 0.966364 -0.0350813 -3.55426 -0.912489 -0.252264 -0.322067 36.7767
-0.52925 -0.112873 0.840925 -18.9831 -0.380383 0.917494 -0.116249 -3.50897 -0.758422 -0.381398 -0.528518 36.5876
-0.809003 -0.0175138 0.587543 -18.9892 -0.203934 0.945833 -0.252608 -3.42172 -0.551294 -0.32418 -0.768754 36.4058
-0.842183 0.0725329 0.534291 -19.2078 -0.0249129 0.984618 -0.172936 -3.3193 -0.538616 -0.158955 -0.827421 36.074
-0.770048 -0.000108293 0.637986 -19.2455 -0.121456 0.981737 -0.14643 -3.17244 -0.626319 -0.190245 -0.755997 35.8056
-0.516413 -0.0724399 0.85327 -19.3504 -0.236327 0.969776 -0.0606983 -3.04395 -0.823084 -0.232996 -0.517924 35.5303
-0.188018 -0.0559791 0.980569 -19.3281 -0.26321 0.964728 0.00460595 -2.96543 -0.94624 -0.257229 -0.19612 35.4511
0.14369 -0.0413479 0.988759 -19.1277 -0.244566 0.966653 0.0759645 -2.88818 -0.958927 -0.252732 0.128786 35.3919
0.176874 -0.0353213 0.9836 -19.1143 -0.237754 0.968227 0.077523 -2.70123 -0.955086 -0.247566 0.162856 35.0472
-0.0315832 -0.0773516 0.996504 -18.9239 -0.350566 0.934521 0.0614295 -2.55922 -0.936005 -0.347401 -0.0566321 34.7982
-0.227228 -0.221683 0.948274 -18.8366 -0.419524 0.901041 0.110114 -2.50019 -0.878844 -0.372803 -0.297743 34.6612
-0.46368 -0.223313 0.857398 -18.8108 -0.343212 0.937431 0.0585488 -2.37826 -0.816827 -0.267122 -0.511312 34.3136
-0.63271 -0.378434 0.675622 -18.7696 -0.520911 0.853555 -0.00972615 -2.26665 -0.573 -0.358093 -0.737184 34.2855
-0.655903 -0.29885 0.693167 -18.6975 -0.435757 0.899733 -0.0244225 -2.14905 -0.616367 -0.318071 -0.720363 34.03
-0.647997 -0.280143 0.708251 -18.4567 -0.452321 0.889703 -0.061926 -1.97146 -0.612785 -0.360484 -0.703239 33.8471
-0.706571 -0.166137 0.687864 -18.2955 -0.286168 0.956104 -0.0630268 -1.87295 -0.647198 -0.241377 -0.723098 33.486
-0.839877 -0.206907 0.501793 -18.1779 -0.284789 0.955 -0.0828862 -1.69137 -0.462062 -0.212519 -0.861008 33.2387
-0.73901 -0.303247 0.601586 -18.241 -0.385284 0.922762 -0.00815173 -1.50254 -0.552649 -0.237806 -0.798766 32.8617
-0.469725 -0.296679 0.831469 -18.0745 -0.359149 0.924597 0.127013 -1.46036 -0.806456 -0.23896 -0.540858 32.747
-0.163115 -0.268078 0.949488 -17.9354 -0.246934 0.94284 0.223779 -1.34783 -0.955205 -0.197959 -0.219989 32.7627
0.185025 -0.242017 0.952467 -17.8492 -0.197426 0.940288 0.277274 -1.27716 -0.962699 -0.239345 0.126196 32.5949
0.154114 -0.191618 0.969294 -17.6204 -0.232546 0.946422 0.22407 -1.12582 -0.960298 -0.259938 0.101297 32.386
0.12059 -0.317923 0.940416 -17.549 -0.322234 0.883496 0.34 -0.906177 -0.938948 -0.344035 0.00409487 32.0756
0.0801678 -0.228647 0.970203 -17.2304 -0.322008 0.915207 0.242293 -0.844448 -0.943336 -0.331838 -0.000256021 31.9944
-0.243019 -0.310495 0.918985 -17.1873 -0.355279 0.910046 0.213524 -0.671242 -0.902618 -0.274606 -0.331471 31.8274
-0.491703 -0.301845 0.816773 -17.302 -0.384129 0.916984 0.107631 -0.536675 -0.781456 -0.260824 -0.566831 31.4162
-0.653846 -0.254062 0.712698 -17.142 -0.374803 0.927008 -0.0133946 -0.388166 -0.657274 -0.275879 -0.701343 31.2043
-0.838953 -0.317099 0.442273 -17.2396 -0.38899 0.917774 -0.0798578 -0.36275 -0.380584 -0.239037 -0.893318 31.1049
-0.938388 -0.0927771 0.332897 -17.2179 -0.159996 0.970467 -0.180539 -0.257487 -0.306316 -0.222678 -0.925519 30.6108
-0.765494 -0.136679 0.628759 -16.9908 -0.246407 0.964957 -0.0902323 -0.0903852 -0.594392 -0.224003 -0.772347 30.6086
-0.745515 -0.0380113 0.665404 -16.4538 -0.198741 0.965631 -0.167507 0.0482998 -0.636168 -0.257122 -0.727447 30.3827
-0.47395 -0.12752 0.871269 -16.1903 -0.258149 0.966105 0.000973136 0.0851429 -0.841861 -0.224456 -0.490804 30.3895
-0.124508 -0.164636 0.978465 -15.9511 -0.292605 0.948375 0.12234 0.102948 -0.948093 -0.271072 -0.166253 30.4653
0.254677 -0.126338 0.958738 -15.8084 -0.208131 0.961033 0.181928 0.0796702 -0.944363 -0.245876 0.218458 30.5704
0.551276 -0.208066 0.807962 -15.6323 -0.0845277 0.949494 0.302187 0.116385 -0.83003 -0.234883 0.505846 30.6455
0.687479 -0.167833 0.706544 -15.3866 -0.0758673 0.951005 0.299723 0.10103 -0.72223 -0.259657 0.641063 30.7916
0.773884 -0.127184 0.620425 -15.3504 -0.082952 0.950834 0.298386 0.068078 -0.627871 -0.282381 0.725285 31.0311
0.896679 -0.214305 0.387349 -15.144 0.0823962 0.940515 0.32961 0.0948362 -0.434945 -0.263639 0.860998 31.1514
0.950471 -0.124071 0.284976 -15.0436 0.0167407 0.935977 0.351663 0.0278727 -0.310362 -0.329475 0.891696 31.6294
0.980109 -0.136067 -0.144474 -14.9474 0.166497 0.959924 0.225443 0.023935 0.108009 -0.245013 0.963485 32.0117
0.879838 -0.15306 -0.449953 -15.178 0.287153 0.925586 0.246644 0.0164843 0.378719 -0.346212 0.858318 32.2909
0.588521 -0.21587 -0.77913 -15.4456 0.38389 0.922741 0.0343151 0.0403237 0.711527 -0.319296 0.625923 32.523
0.326366 -0.167988 -0.930196 -15.5767 0.311004 0.948374 -0.0621531 0.0471274 0.892615 -0.26901 0.361762 32.7168
0.110016 -0.014425 -0.993825 -15.902 0.254693 0.966918 0.0141601 -0.00389721 0.960743 -0.254679 0.110051 32.8577
-0.194532 -0.138877 -0.971015 -16.026 0.184917 0.966985 -0.175346 0.0461522 0.963308 -0.213667 -0.162429 33.1694
0.0297807 -0.0265012 -0.999205 -16.3703 0.224699 0.97424 -0.0191421 0.0166113 0.973973 -0.22395 0.0349683 33.3805
0.0876005 -0.0275229 -0.995775 -16.5901 0.147951 0.988891 -0.0143171 0.0300278 0.985107 -0.146072 0.0906994 33.7852
0.337868 0.118202 -0.933742 -16.8992 0.220631 0.954493 0.200663 -0.0124283 0.914968 -0.27381 0.296413 34.0649
0.472625 -0.0951101 -0.876116 -16.8841 0.282698 0.957982 0.0485055 0.0583541 0.83469 -0.270601 0.479654 34.4413
0.733997 -0.129734 -0.666647 -16.9349 0.323904 0.929629 0.175715 0.0661848 0.596938 -0.344904 0.724366 34.7568
0.805712 -0.238037 -0.542371 -16.957 0.352554 0.928548 0.116208 0.10269 0.475955 -0.284845 0.832064 35.2421
0.9014 -0.21914 -0.373437 -17.0489 0.317299 0.921164 0.225339 0.125276 0.294616 -0.321612 0.899871 35.7856
0.822293 -0.228373 -0.521229 -17.1539 0.320068 0.942936 0.0918002 0.113616 0.470521 -0.242316 0.848465 36.2477
0.641108 -0.229613 -0.732297 -17.4622 0.353044 0.935474 0.0157626 0.0908567 0.681425 -0.268639 0.680803 36.7102
0.449947 -0.209535 -0.868126 -17.6806 0.385306 0.922503 -0.0229568 0.106014 0.80566 -0.324165 0.495813 37.2358
0.127232 -0.218052 -0.967608 -18.0353 0.249211 0.95127 -0.181601 0.115314 0.960055 -0.218033 0.175373 37.6509
-0.160284 -0.098103 -0.982184 -18.2571 0.188422 0.97371 -0.128005 0.0657866 0.96892 -0.205582 -0.137585 37.7304
-0.419682 -0.0587152 -0.90577 -18.6713 0.0903636 0.990245 -0.10606 0.0494251 0.903162 -0.12636 -0.410282 37.8521
-0.757434 -0.107342 -0.644027 -18.7818 -0.0386331 0.992033 -0.11991 0.0737849 0.651767 -0.065943 -0.755547 37.8059
-0.919851 -0.0777852 -0.384478 -18.9935 0.0382329 0.957697 -0.285227 0.0446243 0.3904 -0.277066 -0.877965 37.5538
-0.985422 -0.16328 -0.0477792 -19.1675 -0.151794 0.970664 -0.186466 0.0510432 0.0768237 -0.176495 -0.981299 37.3778
-0.92636 -0.25469 0.277473 -19.2269 -0.296361 0.947549 -0.119671 0.088004 -0.23244 -0.19309 -0.953251 37.2818
-0.803978 -0.240492 0.54386 -19.1394 -0.309529 0.950153 -0.0374184 0.101257 -0.507751 -0.198424 -0.838341 36.8337
-0.582018 -0.355577 0.731314 -19.147 -0.371129 0.916356 0.150184 0.30446 -0.723546 -0.184002 -0.6653 36.3594
-0.41156 -0.423879 0.806811 -19.0753 -0.523874 0.834423 0.171154 0.511146 -0.745771 -0.352227 -0.565475 36.1467
-0.19305 -0.368767 0.909254 -19.1223 -0.382021 0.881812 0.276528 0.679553 -0.903765 -0.293971 -0.311111 35.7887
-0.0366947 -0.304371 0.951847 -18.9604 -0.377035 0.886312 0.268879 0.828958 -0.925472 -0.349013 -0.147281 35.5458
0.295738 -0.188212 0.936544 -19.0593 -0.256726 0.928671 0.267698 0.922634 -0.920125 -0.319604 0.226324 35.3881
0.409578 0.106569 0.906029 -19.2585 -0.164848 0.98545 -0.0413897 0.799218 -0.897257 -0.132405 0.421187 35.3764
0.0614779 0.248757 0.966613 -19.3095 -0.0635257 0.967457 -0.244933 0.714406 -0.996085 -0.0463468 0.0752797 35.1552
-0.356488 0.148639 0.922401 -19.238 0.00793079 0.98771 -0.156098 0.872927 -0.934266 -0.0483317 -0.353285 34.7083
-0.638541 0.116228 0.760761 -19.2349 -0.0377063 0.982617 -0.181772 1.04769 -0.768664 -0.144754 -0.623059 34.3754
-0.595208 -0.0508199 0.801963 -19.2386 -0.196869 0.976806 -0.0842146 1.27676 -0.779083 -0.208007 -0.591408 34.105
-0.571477 -0.129541 0.810329 -18.991 -0.277156 0.959906 -0.0420085 1.46439 -0.772398 -0.248594 -0.584468 33.967
-0.339439 -0.252561 0.906087 -18.695 -0.451595 0.888758 0.0785535 1.60753 -0.825132 -0.382521 -0.415734 34.1013
-0.176252 -0.316471 0.932084 -18.6527 -0.400122 0.888183 0.225905 1.61323 -0.899354 -0.333131 -0.283171 34.0332
-0.32765 -0.239968 0.913817 -18.5351 -0.293054 0.945316 0.143165 1.7841 -0.898201 -0.22089 -0.380056 33.7358
-0.611733 -0.106878 0.783811 -18.5869 -0.173301 0.984868 -0.000961484 1.77453 -0.771848 -0.136424 -0.620999 33.3695
-0.583145 -0.0920973 0.80713 -18.315 -0.15333 0.988173 0.00197527 1.98852 -0.797766 -0.122606 -0.59037 33.1094
-0.141407 -0.0993499 0.984954 -18.0434 -0.125096 0.988769 0.081775 2.0491 -0.982016 -0.111651 -0.152248 33.1592
0.206896 -0.0484292 0.977164 -17.8419 -0.0668641 0.995739 0.063507 2.14638 -0.976075 -0.0784765 0.202776 33.0989
0.190911 -0.0258029 0.981268 -17.5387 -0.142393 0.988353 0.0536924 2.28213 -0.971225 -0.149976 0.185013 32.9649
-0.157001 -0.140041 0.977619 -17.4395 -0.121005 0.985165 0.121689 2.40522 -0.980157 -0.0991917 -0.171618 32.5688
-0.369831 -0.0375151 0.928341 -17.2986 -0.142934 0.989587 -0.0169518 2.53293 -0.918039 -0.138961 -0.371342 32.2772
-0.720562 -0.0431799 0.692044 -17.4248 -0.100174 0.994071 -0.0422773 2.63388 -0.686116 -0.0997883 -0.720616 32.0452
-0.863034 -0.0918485 0.496726 -17.6486 -0.0631065 0.995231 0.0743818 2.77723 -0.501189 0.0328474 -0.864714 31.8529
-0.937319 -0.0922271 0.336046 -17.6255 -0.0623175 0.993159 0.0987506 2.81143 -0.342855 0.0716193 -0.936654 31.7291
-0.853464 -0.167071 0.493647 -17.5093 -0.158603 0.985557 0.0593458 2.97363 -0.496432 -0.0276444 -0.867635 31.5374
-0.89258 -0.0563611 0.447352 -17.2344 -0.019772 0.996095 0.0860461 3.05927 -0.450455 0.067958 -0.890209 31.3274
-0.938404 -0.00167229 0.345537 -17.3224 0.0377489 0.993507 0.107326 3.18851 -0.343473 0.113759 -0.932247 31.0737
-0.989122 0.0656435 0.13164 -17.0196 0.0740516 0.995446 0.0600228 3.35743 -0.1271 0.069118 -0.989479 31.0136
-0.983458 0.166963 -0.0702423 -16.9806 0.162718 0.984699 0.0623792 3.45047 0.0795825 0.0499176 -0.995578 30.6962
-0.906935 0.149411 -0.393884 -16.8209 0.106837 0.986001 0.128019 3.56515 0.407497 0.0740232 -0.910201 30.6417
-0.684976 0.229901 -0.691341 -16.8059 0.167457 0.973183 0.157711 3.64784 0.70906 -0.00774225 -0.705106 30.7131
-0.332562 0.251025 -0.90906 -16.8459 0.0621709 0.967663 0.244463 3.65937 0.94103 0.024782 -0.337414 30.7545
0.0190239 0.269267 -0.962878 -16.6554 -0.0347693 0.962648 0.268516 3.64496 0.999214 0.0283704 0.0276755 30.6614
0.1596 0.220087 -0.962335 -16.3188 -0.0872116 0.974163 0.208328 3.67725 0.983322 0.0506777 0.174671 30.5742
0.0688911 0.31193 -0.947604 -16.2133 -0.201577 0.934621 0.293001 3.61139 0.977047 0.17083 0.127265 30.5313
0.0365056 0.310168 -0.94998 -16.2106 -0.206575 0.932425 0.296498 3.61914 0.97775 0.185418 0.0981117 30.5251
-0.997516 0.0125463 0.0693107 -134.683 0.00332318 0.991296 -0.131612 11.6217 -0.0703586 -0.131055 -0.988875 1.9214
-0.997842 0.0587352 0.0293539 -134.507 0.0548469 0.991354 -0.119199 11.5268 -0.0361013 -0.117331 -0.992436 1.60952
-0.972726 0.0858307 -0.215492 -134.475 0.108316 0.989588 -0.0947804 11.5833 0.205113 -0.115536 -0.971895 0.984912
-0.86096 0.2298 -0.453806 -134.623 0.207332 0.973201 0.0994635 11.4746 0.464501 -0.00845448 -0.885532 0.291793
-0.739458 0.314459 -0.595246 -134.853 0.241276 0.949255 0.201747 11.4809 0.628481 0.00556472 -0.777805 -0.298654
-0.49624 0.262045 -0.827694 -135.038 0.140304 0.965035 0.221408 11.5161 0.856773 -0.00625708 -0.515655 -0.605683
-0.18292 0.335736 -0.924025 -135.262 -0.0153386 0.938794 0.344139 11.4979 0.983008 0.0771229 -0.166574 -0.714665
0.240621 0.318369 -0.91692 -135.286 -0.108516 0.947577 0.300537 11.5392 0.964534 0.0271854 0.262555 -0.753578
0.600357 0.100832 -0.79335 -135.217 0.0550963 0.984448 0.166813 11.7249 0.797832 -0.143858 0.585465 -0.891585
0.72513 -0.0870042 -0.683093 -135.04 0.220925 0.968941 0.111108 11.8143 0.652211 -0.23148 0.72183 -0.919967
0.744256 -0.0497066 -0.666042 -135.01 0.212095 0.963199 0.165119 11.7591 0.633323 -0.264155 0.727409 -0.919095
0.711394 0.132155 -0.690256 -135.12 0.0601904 0.967095 0.247192 11.6589 0.700211 -0.217398 0.680031 -1.00453
0.474318 0.246415 -0.845164 -135.042 0.0189808 0.956942 0.289657 11.5922 0.880149 -0.153431 0.449217 -1.02215
0.188329 0.203471 -0.960798 -135.047 0.185235 0.953386 0.238209 11.5718 0.964479 -0.222835 0.14186 -1.25205
-0.162778 0.235888 -0.95805 -134.984 0.227138 0.95388 0.196269 11.5728 0.960162 -0.185662 -0.20885 -1.55925
-0.47773 0.238132 -0.845616 -134.92 0.254088 0.958875 0.12648 11.5636 0.840959 -0.154438 -0.51859 -1.67416
-0.756825 0.286798 -0.587335 -134.942 0.298472 0.951076 0.0798093 11.5725 0.58149 -0.114902 -0.805399 -1.85277
-0.925441 0.290383 -0.243387 -134.935 0.301767 0.953329 -0.0100141 11.5313 0.22912 -0.0827139 -0.969877 -2.02548
-0.868922 0.351171 0.348789 -134.861 0.327045 0.936307 -0.127949 11.3591 -0.371506 0.00289159 -0.928426 -2.32342
-0.658532 0.375819 0.651993 -134.91 0.320303 0.923957 -0.209068 11.1654 -0.680986 0.071157 -0.728831 -2.52681
-0.601639 0.256208 0.756563 -134.746 0.185022 0.966103 -0.180034 10.9774 -0.777044 0.0316651 -0.628649 -2.8418
-0.818021 0.0658205 0.57141 -134.82 -0.0739104 0.973167 -0.217907 10.9148 -0.57042 -0.220486 -0.791206 -3.06305
-0.77361 -0.157236 0.613844 -134.636 -0.306118 0.940921 -0.144774 10.7666 -0.554815 -0.299907 -0.776039 -3.3059
-0.910256 -0.0970619 0.402509 -134.658 -0.169413 0.974344 -0.148165 10.618 -0.377801 -0.203059 -0.903346 -3.59584
-0.909817 0.0467245 0.412371 -134.495 -0.0969053 0.942256 -0.320567 10.2672 -0.403537 -0.331619 -0.852753 -4.0189
-0.884257 0.0771385 0.460585 -134.568 0.0474797 0.996003 -0.0756557 10.1169 -0.46458 -0.0450306 -0.884385 -4.24524
-0.933085 -0.0282333 0.358546 -134.592 0.000726575 0.996764 0.08038 10.0734 -0.359655 0.0752619 -0.930045 -4.80971
-0.944926 0.0446592 0.324224 -134.684 0.0822473 0.991258 0.103166 10.0302 -0.316782 0.124151 -0.940338 -4.85772
-0.854898 -0.0556681 0.515801 -134.667 -0.0268495 0.997642 0.0631701 10.0475 -0.518101 0.040155 -0.854376 -4.78185
-0.821063 -0.106206 0.560871 -134.903 -0.108185 0.993684 0.029791 10.0782 -0.560492 -0.0362175 -0.827367 -5.09271
-0.663032 -0.056314 0.74647 -134.876 -0.0803622 0.996758 0.00381625 10.0784 -0.744265 -0.0574577 -0.665408 -5.60746
-0.38116 -0.0435276 0.923484 -134.727 -0.219824 0.97451 -0.0447979 10.0666 -0.897995 -0.22008 -0.381012 -6.00933
-0.189587 -0.0285275 0.981449 -134.483 -0.257378 0.966068 -0.0216375 9.9836 -0.94753 -0.256706 -0.190496 -6.78293
-0.120042 -0.0898275 0.988697 -134.164 -0.202003 0.977274 0.0642635 9.98791 -0.972 -0.192006 -0.13546 -7.26697
-0.564363 -0.129328 0.815333 -133.751 -0.30339 0.951029 -0.059151 10.0373 -0.767756 -0.280747 -0.575962 -7.90428
-0.834523 -0.134408 0.534327 -133.603 -0.243725 0.9598 -0.139222 10.0566 -0.494134 -0.246413 -0.833734 -8.1655
-0.860396 -0.130665 0.49259 -133.313 -0.23002 0.962086 -0.146566 9.96408 -0.454763 -0.239411 -0.857831 -8.9497
-0.798833 -0.0399658 0.600224 -133.171 -0.253092 0.92751 -0.275081 9.91668 -0.54572 -0.371656 -0.751041 -9.81095
-0.806408 -0.255871 0.533138 -133.182 -0.232387 0.966133 0.112179 9.88537 -0.543785 -0.0334324 -0.838558 -10.2121
-0.957328 -0.280036 0.0714281 -133.385 -0.286081 0.953305 -0.0967894 9.89193 -0.0409882 -0.113093 -0.992739 -10.5609
-0.974817 0.075378 0.20988 -133.437 -0.0305098 0.887214 -0.460348 9.89044 -0.220909 -0.455159 -0.862572 -11.0008
-0.783912 0.393762 0.480034 -133.403 -0.00945994 0.765497 -0.64337 9.78559 -0.6208 -0.508887 -0.596357 -11.3443
-0.816473 0.00248194 0.577378 -133.592 -0.0840538 0.988827 -0.123112 9.91805 -0.571232 -0.149048 -0.807142 -11.748
-0.958646 -0.0933103 0.268871 -133.915 -0.0655883 0.991729 0.110323 9.95418 -0.276942 0.0881255 -0.956837 -12.1109
-0.996043 -0.00162236 0.0888524 -134.034 -0.0363975 0.919574 -0.391228 9.90284 -0.0810716 -0.392914 -0.915994 -12.4336
-0.951041 -0.280713 0.129311 -134.572 -0.306265 0.912163 -0.272323 9.97466 -0.0415081 -0.298594 -0.953477 -13.2382
-0.956208 -0.264674 -0.124952 -135.114 -0.222083 0.934177 -0.27927 9.92041 0.190643 -0.239291 -0.952048 -13.9146
-0.977391 -0.179641 0.111516 -135.578 -0.201773 0.950084 -0.237967 9.95407 -0.0632011 -0.255088 -0.96485 -14.5849
-0.895454 -0.426899 -0.126174 -136.086 -0.434332 0.899974 0.0374589 9.91668 0.0975621 0.088344 -0.991301 -14.9254
-0.82615 -0.339369 -0.449783 -136.61 -0.331186 0.93829 -0.0996417 9.90173 0.455842 0.0666426 -0.887562 -15.2386
-0.589063 -0.401589 -0.701235 -137.111 -0.353821 0.908346 -0.222977 9.8936 0.726509 0.116764 -0.677164 -15.3233
-0.45824 -0.12703 -0.879704 -137.462 0.104073 0.975258 -0.19504 9.88296 0.882715 -0.180928 -0.433682 -15.3369
-0.645974 0.149102 -0.748657 -137.612 0.465153 0.854513 -0.231171 9.81177 0.605269 -0.49757 -0.621348 -15.4613
-0.849317 0.229387 -0.475439 -137.887 0.413346 0.849181 -0.328689 9.80124 0.328337 -0.475682 -0.81604 -15.6164
-0.993822 0.0870562 -0.0688396 -138.185 0.103476 0.951083 -0.291092 9.80459 0.0401308 -0.296417 -0.954215 -15.7747
-0.930651 0.0519358 0.362205 -138.309 -0.0297889 0.975836 -0.216463 9.79779 -0.364695 -0.212241 -0.906615 -15.923
-0.841195 -0.0666159 0.536612 -138.584 -0.266484 0.914574 -0.304205 9.82658 -0.470507 -0.398894 -0.787088 -16.152
-0.544735 -0.072882 0.835435 -138.855 -0.326243 0.936157 -0.131054 9.77664 -0.772547 -0.343944 -0.533735 -16.3205
-0.287939 0.0249483 0.957324 -139.023 -0.341479 0.931273 -0.126978 9.80001 -0.894697 -0.363468 -0.25963 -16.6215
-0.0451154 -0.0684616 0.996633 -139.343 -0.329013 0.943007 0.0498841 9.81675 -0.943247 -0.325655 -0.0650689 -16.7034
0.108031 0.0216299 0.993912 -139.494 -0.270957 0.962554 0.00850363 9.80855 -0.95651 -0.270226 0.109846 -16.4464
0.418582 0.0201797 0.907955 -139.494 -0.224694 0.970972 0.0820076 9.83636 -0.879944 -0.238339 0.410966 -16.227
0.441537 -0.0768233 0.893948 -139.057 -0.236033 0.95129 0.198332 9.95803 -0.86564 -0.298572 0.401897 -16.1766
0.457663 -0.141441 0.877804 -138.588 -0.228015 0.935579 0.269632 9.93701 -0.859392 -0.323553 0.395929 -16.2101
0.152336 -0.167025 0.974113 -138.194 -0.331324 0.919952 0.209552 9.95236 -0.931138 -0.35467 0.0848029 -16.1796
0.419299 -0.189375 0.887877 -137.827 -0.181361 0.940815 0.286313 9.92248 -0.889548 -0.281077 0.360138 -16.1682
0.265654 -0.26594 0.926663 -137.287 -0.261759 0.905195 0.334819 9.94989 -0.927853 -0.331508 0.170857 -16.3373
0.568275 -0.172387 0.804578 -136.776 -0.110762 0.952883 0.282394 9.92295 -0.81535 -0.249594 0.522406 -16.4446
0.861077 -0.167422 0.480121 -136.404 0.0204401 0.954872 0.296314 9.89706 -0.508064 -0.245335 0.82564 -16.0861
0.981829 -0.119914 0.14708 -136.439 0.0871166 0.97337 0.21204 9.81419 -0.16859 -0.195374 0.96613 -15.9602
0.951373 -0.072407 -0.29941 -136.463 0.129721 0.975766 0.176217 9.7223 0.279395 -0.206488 0.937711 -15.7454
0.55087 -0.12278 -0.82551 -136.586 0.248051 0.968509 0.0214781 9.75923 0.796877 -0.2166 0.563978 -15.5801
0.496392 -0.202001 -0.844269 -136.971 0.408059 0.912701 0.0215464 9.81932 0.766213 -0.355207 0.535486 -15.3807
0.51439 -0.10954 -0.850531 -137.306 0.346151 0.933942 0.0890652 9.76767 0.784591 -0.340226 0.518328 -14.8574
0.561799 -0.134137 -0.816326 -137.337 0.319167 0.945515 0.0642871 9.77714 0.763226 -0.296661 0.574002 -14.485
0.337016 -0.115486 -0.934389 -136.945 0.372065 0.928002 0.0194995 9.77775 0.864863 -0.354225 0.355719 -14.7017
0.209858 0.0304986 -0.977256 -136.419 0.251621 0.964163 0.0841237 9.78524 0.9448 -0.263553 0.194663 -14.6571
0.411527 -0.0935392 -0.906585 -136.293 0.253674 0.967168 0.0153605 9.78513 0.875383 -0.236298 0.421744 -14.1464
0.306825 -0.0561629 -0.950107 -136.21 0.270845 0.962137 0.030592 9.73303 0.912415 -0.266719 0.310419 -13.5687
0.418407 -0.109063 -0.901688 -136.103 0.329017 0.943537 0.0385477 9.81198 0.846572 -0.312799 0.430666 -12.9115
0.754308 -0.0626934 -0.653521 -135.943 0.244662 0.950569 0.191204 9.77946 0.609229 -0.304119 0.73236 -12.5172
0.891514 -0.146632 -0.428604 -135.744 0.235046 0.958563 0.160967 9.82418 0.387241 -0.244246 0.889038 -11.9122
0.813861 -0.0940039 -0.573405 -135.643 0.0936422 0.995147 -0.0302333 9.77037 0.573465 -0.0290892 0.818714 -11.2884
0.943732 -0.0348827 -0.328867 -135.301 0.101094 0.97725 0.186447 9.84703 0.314882 -0.209202 0.925788 -10.5565
0.893549 0.0842576 -0.440988 -135.164 0.044682 0.960666 0.274087 9.77376 0.446736 -0.264614 0.854638 -10.1016
0.763228 -0.0710985 -0.642205 -135.02 0.142462 0.987984 0.0599287 9.82827 0.630228 -0.137229 0.764186 -9.38088
0.953737 -0.0923857 -0.286095 -134.876 0.103027 0.994428 0.0223331 9.89086 0.282437 -0.0507753 0.957941 -8.97537
0.775245 -0.0828629 -0.626202 -134.802 0.19724 0.973544 0.11536 9.88979 0.600076 -0.212945 0.77108 -8.65006
0.971287 -0.143515 -0.189747 -134.505 0.166164 0.980018 0.109333 9.88638 0.170265 -0.137723 0.975727 -8.50411
0.973716 -0.070429 0.216603 -134.194 0.0178242 0.971637 0.235804 9.86936 -0.227067 -0.225745 0.947354 -8.48043
0.738349 -0.0769829 0.67001 -133.952 -0.086846 0.97434 0.207654 9.88098 -0.668803 -0.211509 0.712717 -8.62171
0.428998 -0.134153 0.893288 -133.665 -0.0894059 0.977749 0.189774 9.85577 -0.89887 -0.161278 0.407458 -8.98077
0.0511167 -0.144046 0.98825 -133.383 -0.264798 0.952172 0.152484 9.80517 -0.962948 -0.269481 0.0105287 -9.34622
-0.129469 -0.244302 0.961017 -133.154 -0.261414 0.943297 0.204579 9.90223 -0.956504 -0.224736 -0.185992 -9.80225
-0.43828 -0.190531 0.878413 -133.209 -0.265087 0.961207 0.0762255 9.85624 -0.85886 -0.199448 -0.471785 -10.1403
-0.763143 -0.212897 0.610153 -133.29 -0.370347 0.917827 -0.142956 9.88529 -0.52958 -0.335065 -0.77928 -10.6352
-0.913006 -0.259098 0.315101 -133.477 -0.276167 0.961058 -0.00994543 9.85597 -0.300253 -0.0961006 -0.949006 -10.9124
-0.828381 -0.0436098 0.558465 -133.56 -0.179241 0.965185 -0.190501 9.80955 -0.530714 -0.257907 -0.807358 -11.4912
-0.960046 -0.13914 0.242798 -133.84 -0.189093 0.962134 -0.196323 9.87316 -0.206288 -0.234391 -0.950003 -11.8466
-0.97447 -0.108338 0.196648 -134.367 -0.154813 0.958585 -0.239055 9.84364 -0.162605 -0.263395 -0.950885 -12.3452
