0.999998 -0.00144285 0.00163796 -1.17875e-05 0.00145534 0.99997 -0.00765266 -0.000362743 -0.00162687 0.00765502 0.999969 -4.37336e-05
0.902181 -0.011051 -0.431217 4.83448 -0.00109761 0.99961 -0.027914 0.224503 0.431357 0.0256567 0.901816 0.264066
0.848149 -0.035104 -0.528594 5.59254 0.0148751 0.998987 -0.0424751 0.22741 0.529549 0.0281623 0.847812 0.664559
0.921585 -0.0716417 -0.381509 6.38341 0.0249394 0.991719 -0.125986 0.222839 0.387376 0.106592 0.915739 1.41154
0.956947 -0.092837 -0.275015 7.43461 0.0778765 0.994851 -0.0648522 0.259671 0.27962 0.0406429 0.95925 1.80937
0.84847 -0.0550052 -0.526378 8.45938 0.0330195 0.998149 -0.0510798 0.244088 0.528213 0.0259589 0.848715 2.25757
0.557206 -0.0660252 -0.827745 9.18784 0.0830699 0.996265 -0.0235478 0.281893 0.826209 -0.0556397 0.56061 3.09077
0.164292 -0.0655738 -0.98423 9.29884 0.250179 0.967933 -0.0227271 0.389734 0.954159 -0.2425 0.175429 3.33935
-0.237185 0.0251391 -0.971139 9.55543 0.290775 0.955672 -0.0462785 0.438402 0.926927 -0.29336 -0.233981 3.81455
-0.552645 0.00761407 -0.833382 9.60928 0.210841 0.968708 -0.130965 0.46106 0.806306 -0.248088 -0.536957 4.12733
-0.545026 -0.00372546 -0.838411 9.65866 0.061282 0.997138 -0.0442683 0.381431 0.836177 -0.0755069 -0.543238 4.81622
-0.602294 0.0807062 -0.794184 10.0361 0.0322687 0.996524 0.0767963 0.267666 0.797622 0.0206267 -0.602805 4.771
-0.866256 0.109919 -0.487359 10.1627 0.0553785 0.990611 0.124991 0.22669 0.496522 0.0812849 -0.86421 4.53594
-0.992277 0.0198277 -0.122448 10.0831 0.0117099 0.997707 0.0666633 0.209277 0.123489 0.0647146 -0.990234 4.21357
-0.976487 -0.00579014 0.215497 9.66026 -0.00107498 0.999758 0.0219912 0.267843 -0.215572 0.0212424 -0.976257 3.63739
-0.820296 -0.00642063 0.571904 9.32799 0.0524175 0.994885 0.086353 0.246096 -0.569533 0.100813 -0.815763 3.15237
-0.588585 -0.0156538 0.808284 8.7575 0.0107893 0.999571 0.0272151 0.278509 -0.808363 0.0247392 -0.588164 2.35335
-0.574949 -0.0478378 0.816789 8.13738 -0.0570045 0.998206 0.0183368 0.313274 -0.816201 -0.036018 -0.576644 1.59368
-0.834452 -0.0166607 0.550828 7.57436 -0.0127216 0.999859 0.0109705 0.317338 -0.550933 0.00214692 -0.834546 0.706304
-0.958417 -0.0476278 0.281368 6.95616 -0.0327494 0.997817 0.0573493 0.284408 -0.283485 0.0457499 -0.957885 -0.151102
-0.814216 -0.0059321 0.580532 6.24697 -0.00103908 0.999961 0.00876063 0.25432 -0.580561 0.00652983 -0.81419 -0.787538
-0.904727 -0.0246786 0.425277 5.18425 -0.00233292 0.998593 0.0529848 0.249468 -0.425986 0.0469447 -0.903511 -1.19109
-0.995471 -0.00837562 0.0947011 4.49582 -0.00292845 0.99834 0.0575129 0.25692 -0.0950257 0.0569751 -0.993843 -1.67318
-0.921991 -0.0895661 -0.37671 4.57172 -0.118223 0.991539 0.0536023 0.255864 0.368722 0.0939567 -0.924779 -1.78234
-0.749964 -0.120789 -0.650357 4.72955 -0.191028 0.980844 0.0381155 0.262146 0.633295 0.152822 -0.758672 -1.80662
-0.471201 -0.0340552 -0.881368 4.93662 -0.204199 0.976319 0.0714457 0.244819 0.858063 0.21364 -0.466996 -1.81237
-0.100092 -0.0585755 -0.993253 5.16446 -0.0787084 0.995603 -0.0507826 0.273354 0.99186 0.0730944 -0.104262 -1.6477
0.246393 -0.111612 -0.962722 5.1705 0.0235833 0.993743 -0.109172 0.338452 0.968883 0.00419526 0.247484 -1.13918
0.338012 -0.152216 -0.928751 5.23226 0.0460131 0.988327 -0.145234 0.357719 0.940016 0.00635619 0.34107 -0.773624
0.622535 -0.108335 0.775058 2.34654 -0.0871298 0.97462 0.206213 0.146185 -0.777727 -0.195905 0.597296 -0.417797
0.581687 -0.207128 0.786599 2.4794 0.0598469 0.975313 0.212563 0.114589 -0.811208 -0.0765697 0.579723 -0.511328
0.464904 -0.239125 0.852457 2.63783 0.0639285 0.969389 0.237061 0.11005 -0.88305 -0.0557142 0.46596 -0.557257
0.618586 -0.355259 0.700816 2.97276 0.0292953 0.901752 0.43126 0.224957 -0.785171 -0.246241 0.568218 -0.890918
0.664874 -0.414365 0.621485 3.36756 0.0295584 0.845968 0.532413 0.278467 -0.746371 -0.335618 0.57471 -0.973086
0.798148 -0.442904 0.408407 3.65945 0.20716 0.838322 0.504283 0.239285 -0.565725 -0.317887 0.760857 -0.970871
0.864582 -0.172614 0.471914 3.99552 0.0789097 0.974134 0.211744 0.148449 -0.496257 -0.145832 0.85584 -0.635895
0.975193 -0.164252 0.148394 4.2107 0.134366 0.971985 0.192849 0.167281 -0.175912 -0.168126 0.969943 -0.255409
0.977071 -0.114348 -0.179601 4.36886 0.130393 0.988214 0.0801932 0.125057 0.168315 -0.101773 0.980465 0.0607032
0.862499 -0.0691671 -0.501309 4.33137 0.141247 0.98415 0.107229 0.137002 0.485947 -0.163293 0.858598 0.385079
0.700638 -0.310269 -0.642526 4.33796 0.449118 0.891506 0.0592388 0.246299 0.554436 -0.330075 0.76397 0.586874
0.719302 -0.474085 -0.507787 4.27255 0.646706 0.723928 0.240207 0.312854 0.253723 -0.50117 0.827317 0.698487
0.817975 -0.262668 -0.511783 4.13783 0.386657 0.909768 0.151058 0.20323 0.425926 -0.321446 0.84573 1.1148
0.793604 0.0156779 -0.608233 4.09703 0.0978473 0.983368 0.153016 0.0766075 0.600515 -0.180948 0.778871 1.40517
0.571892 -0.0298495 -0.819785 3.91345 0.122347 0.991264 0.0492572 0.0979394 0.811154 -0.128468 0.570548 1.56903
0.288774 0.0051975 -0.957383 3.91821 0.0729973 0.996955 0.0274304 0.0744602 0.95461 -0.0778076 0.287515 1.74552
-0.0359553 -0.0602205 -0.997537 4.10561 0.190519 0.979463 -0.0659964 0.157424 0.981025 -0.192423 -0.0237437 1.58224
-0.371867 -0.127966 -0.919424 4.20841 0.118132 0.975877 -0.183602 0.167074 0.920739 -0.176889 -0.347779 1.62532
-0.64707 -0.283708 -0.707679 4.57938 0.0415131 0.913701 -0.40426 0.246812 0.7613 -0.290963 -0.579451 1.62313
-0.855379 -0.270631 -0.441685 4.67636 -0.0798635 0.911375 -0.403754 0.219213 0.511809 -0.310088 -0.801184 1.53986
-0.94449 -0.269915 -0.187307 4.58883 -0.185166 0.908278 -0.37516 0.234496 0.271388 -0.319652 -0.907839 1.55792
-0.989231 -0.111807 0.0944485 4.42195 -0.128123 0.973477 -0.189544 0.148958 -0.070751 -0.199604 -0.977319 1.40074
-0.856271 -0.105431 0.505652 4.34752 -0.182201 0.977672 -0.104689 0.139703 -0.483325 -0.181772 -0.856362 1.14325
-0.590048 -0.164757 0.790379 4.27295 -0.268247 0.96335 0.000556924 0.179165 -0.761503 -0.211688 -0.612618 1.0758
-0.29328 -0.15629 0.943165 4.30785 -0.302451 0.951044 0.0635476 0.164793 -0.906924 -0.266624 -0.326192 0.940822
0.0557406 -0.184508 0.981249 4.37929 -0.306158 0.932276 0.192691 0.19905 -0.950348 -0.311158 -0.00452294 0.647307
0.140501 -0.0851505 0.986412 4.52788 -0.22104 0.968451 0.115084 0.151881 -0.965091 -0.234206 0.117246 0.25195
-0.254692 -0.0274028 0.966634 4.69993 -0.142701 0.98972 -0.00954203 0.0982653 -0.956435 -0.14037 -0.255984 -0.220468
-0.594908 0.0586718 0.80165 4.70067 -0.0493431 0.992786 -0.109279 0.0940112 -0.802278 -0.104567 -0.587721 -0.463296
-0.90159 -0.0559416 0.42896 4.72293 -0.151674 0.969534 -0.19235 0.163177 -0.405131 -0.238483 -0.882607 -0.5685
-0.976014 -0.186959 0.111548 4.51255 -0.209412 0.946317 -0.246233 0.190622 -0.0595243 -0.263686 -0.96277 -0.652647
-0.957124 -0.106407 -0.269428 4.24507 -0.0260676 0.957955 -0.28573 0.190854 0.288504 -0.266456 -0.919656 -0.883626
-0.747293 -0.0410911 -0.663223 3.75054 0.081434 0.9849 -0.152778 0.15414 0.659486 -0.168178 -0.732662 -0.919047
-0.488066 -0.143651 -0.860904 3.39749 0.143718 0.959672 -0.241609 0.206843 0.860893 -0.241649 -0.447738 -1.01027
-0.396416 -0.243671 -0.885143 2.81767 0.177262 0.925676 -0.334217 0.221402 0.900795 -0.289392 -0.323759 -0.901599
-0.342989 -0.234328 -0.909642 2.31448 0.200909 0.927676 -0.314728 0.2128 0.917603 -0.290703 -0.271104 -0.749584
-0.493947 -0.256202 -0.830889 1.77317 0.204245 0.894676 -0.39729 0.256364 0.845163 -0.365945 -0.389595 -0.705833
-0.598181 -0.251787 -0.760778 1.0843 0.0273171 0.942399 -0.333375 0.247342 0.800896 -0.220201 -0.556846 -0.859755
-0.508358 -0.126278 -0.851837 0.458591 0.102819 0.973213 -0.205631 0.160068 0.854985 -0.192119 -0.481757 -1.21341
-0.185452 -0.0945716 -0.978092 -0.0875521 0.12426 0.985111 -0.118811 0.138536 0.974765 -0.143571 -0.170939 -1.27385
0.16723 -0.0883005 -0.981956 -0.286233 0.189197 0.980345 -0.0559349 0.14148 0.967594 -0.176429 0.180649 -1.23586
0.625473 -0.145124 -0.766631 -0.477718 0.23718 0.971418 0.00961839 0.178371 0.743323 -0.187846 0.642016 -0.944406
0.867297 -0.144495 -0.476358 -0.52588 0.213317 0.972509 0.0933889 0.190348 0.449769 -0.182611 0.874277 -0.881818
0.950438 -0.256952 -0.17505 -0.498584 0.289472 0.936773 0.196628 0.172411 0.113458 -0.237555 0.964725 -0.769563
0.904444 -0.420838 0.0698329 -0.427611 0.363648 0.846176 0.389545 0.231333 -0.223026 -0.326927 0.918356 -0.579134
0.802805 -0.577145 0.149694 -0.559903 0.361658 0.670959 0.647315 0.302355 -0.474033 -0.46553 0.747378 -0.376588
0.734372 -0.673617 0.0832978 -0.331794 0.305788 0.43791 0.845416 0.378607 -0.605963 -0.595379 0.527573 -0.0521184
0.731358 -0.674288 -0.102229 -0.0648334 0.472522 0.392911 0.788888 0.38885 -0.491771 -0.625265 0.605975 0.32756
0.743281 -0.628216 -0.229952 0.246303 0.621957 0.522336 0.583382 0.368115 -0.246378 -0.576637 0.778966 0.760176
0.779352 -0.497793 -0.380543 0.253944 0.620967 0.694761 0.362915 0.317599 0.0837303 -0.519143 0.850576 1.14997
0.677114 -0.386276 -0.626344 0.302317 0.447004 0.892027 -0.0668894 0.186379 0.584554 -0.234687 0.776672 1.35089
0.582477 -0.286728 -0.760597 0.280185 0.118597 0.955684 -0.269448 0.123956 0.804149 0.0667429 0.590669 1.52791
0.359694 -0.200013 -0.911381 -0.0155926 0.107444 0.979136 -0.172477 0.0927666 0.926864 -0.035883 0.37368 1.86134
0.41664 -0.0858039 -0.905013 -0.132808 0.197668 0.980267 -0.00193855 0.0710425 0.887321 -0.178084 0.425379 2.41557
0.477602 -0.135765 -0.868023 -0.444285 0.274357 0.961628 0.000551227 0.0851258 0.83464 -0.238411 0.496524 2.80102
0.673671 -0.0677917 -0.735916 -0.652572 0.195753 0.976585 0.0892337 0.0939344 0.712635 -0.204172 0.671167 3.32612
0.707596 -0.136281 -0.693351 -0.818893 0.183929 0.982924 -0.00549026 0.0950552 0.682259 -0.123642 0.720579 3.94958
0.891837 -0.123694 -0.435116 -0.830845 0.20832 0.966125 0.152336 0.131609 0.401533 -0.226502 0.887394 4.39884
0.821497 -0.242511 -0.516073 -0.811145 0.33436 0.937997 0.0914622 0.187154 0.461894 -0.24769 0.851648 4.86539
0.660536 -0.122598 -0.740717 -1.20664 0.196934 0.980326 0.0133598 0.113397 0.724506 -0.154697 0.671685 5.40536
0.695335 -0.162177 -0.700149 -1.40599 0.30759 0.947627 0.0859733 0.16935 0.649537 -0.275139 0.708802 5.96862
0.682882 -0.218623 -0.697048 -1.57358 0.353195 0.934044 0.0530624 0.190521 0.639473 -0.282429 0.715058 6.48034
0.548645 -0.118502 -0.827615 -1.87353 0.316547 0.945651 0.0744425 0.157271 0.773813 -0.302821 0.556338 6.80428
0.236706 -0.0694163 -0.969098 -2.0195 0.181893 0.982975 -0.0259821 0.096416 0.954403 -0.170122 0.245303 6.96457
-0.141865 -0.105815 -0.984214 -2.10879 0.1598 0.978781 -0.128265 0.117902 0.976903 -0.175473 -0.121945 7.12838
-0.399717 -0.129012 -0.907514 -2.32178 0.165627 0.963585 -0.209934 0.135733 0.901551 -0.234223 -0.363793 7.37866
-0.195923 -0.140314 -0.970529 -2.47596 0.108624 0.980514 -0.163685 0.12821 0.974585 -0.137493 -0.176863 7.9158
0.1937 -0.138935 -0.971173 -2.51018 0.166955 0.98015 -0.10692 0.118105 0.96675 -0.141432 0.21305 8.16109
0.514579 -0.0821507 -0.853499 -2.61646 0.24285 0.968605 0.0531858 0.115877 0.822334 -0.234641 0.518373 8.38983
0.706101 -0.00454527 -0.708097 -2.76248 0.117788 0.986802 0.111121 0.0920367 0.698246 -0.161868 0.697317 8.90874
0.859961 -0.16753 -0.48208 -2.89565 0.315243 0.917213 0.243603 0.098942 0.401359 -0.361461 0.84158 9.07924
0.95182 -0.151731 -0.266487 -3.02696 0.21582 0.948807 0.230624 0.0836659 0.217852 -0.277026 0.93584 9.53987
0.956124 -0.0910512 -0.278453 -3.28953 0.170507 0.94586 0.276183 0.0720277 0.238231 -0.311543 0.919884 9.73047
0.887302 -0.163934 -0.43107 -3.44031 0.274158 0.939102 0.207183 0.093433 0.370854 -0.302015 0.878211 10.1447
0.859208 -0.00286488 -0.511619 -3.71057 0.140935 0.962621 0.231295 0.0371669 0.491833 -0.270835 0.827495 10.6964
0.641006 -0.090245 -0.762212 -3.78559 0.216623 0.973963 0.0668602 0.062481 0.736332 -0.207971 0.643866 11.0468
0.574991 -0.255402 -0.777275 -3.88701 0.498938 0.862388 0.0857213 0.119885 0.648419 -0.437101 0.623295 11.4035
0.175697 -0.450739 -0.875194 -3.94002 0.687965 0.69212 -0.218343 0.224581 0.704156 -0.563741 0.431696 11.4931
-0.155771 -0.472341 -0.867542 -3.96796 0.549827 0.68817 -0.473404 0.24995 0.820625 -0.550741 0.152509 11.6819
0.117939 -0.240689 -0.96341 -4.34296 0.418475 0.891872 -0.171588 0.0898648 0.900538 -0.382926 0.205909 12.053
0.276126 -0.104313 -0.955444 -4.52124 0.109495 0.991035 -0.0765545 -0.0330139 0.954864 -0.0834777 0.285072 12.4301
0.386842 -0.0303344 -0.921647 -4.63036 0.00397372 0.999504 -0.0312291 -0.0526906 0.922137 0.00841835 0.386771 12.6685
0.63199 -0.162912 -0.75766 -4.80574 0.21157 0.976787 -0.0335514 0.0343403 0.745538 -0.139094 0.651787 12.9657
0.669033 -0.184646 -0.719931 -4.92486 0.26157 0.965174 -0.00446774 0.0540705 0.695684 -0.185323 0.694031 13.4872
0.677753 -0.158802 -0.717936 -5.13702 0.224669 0.974429 -0.00344154 0.070516 0.700124 -0.158966 0.696101 13.985
0.818128 -0.198003 -0.539872 -5.21344 0.266095 0.962639 0.0501865 0.0854124 0.509765 -0.184716 0.840249 14.3304
0.882702 -0.333979 -0.330597 -5.32692 0.38738 0.915386 0.109565 0.148367 0.266032 -0.22478 0.93739 14.8586
0.922744 -0.277436 -0.267532 -5.55301 0.312484 0.94486 0.097946 0.13928 0.225606 -0.173978 0.958558 15.3939
0.922194 -0.246217 -0.298221 -5.81189 0.295948 0.945706 0.134371 0.138045 0.248945 -0.212174 0.944991 16.062
0.917945 -0.361627 -0.163105 -5.92362 0.390048 0.897743 0.204742 0.193564 0.0723866 -0.251561 0.965131 16.518
0.935655 -0.12501 -0.330033 -6.22833 0.168403 0.979977 0.106232 0.121735 0.310145 -0.154975 0.937973 16.9928
0.926897 -0.160744 -0.339151 -6.33297 0.178481 0.983707 0.0215473 0.119478 0.330161 -0.080504 0.940485 17.5715
0.891007 0.0757453 -0.447626 -6.53751 -0.0720878 0.997079 0.0252294 0.00621314 0.448229 0.00978875 0.893865 18.0092
0.651884 0.184712 -0.735479 -6.68699 -0.204942 0.976703 0.0636461 -0.0746273 0.7301 0.10924 0.674552 18.175
0.157219 0.0442535 -0.986572 -6.86553 -0.0333432 0.998664 0.0394824 0.00798712 0.987001 0.0266881 0.158485 18.2146
-0.239357 -0.0877978 -0.966954 -7.05669 0.0320267 0.994647 -0.0982402 0.101831 0.970403 -0.0544828 -0.235264 18.205
-0.321346 -0.297666 -0.898962 -7.25112 0.178643 0.913211 -0.366242 0.204776 0.929959 -0.278283 -0.24028 18.3693
-0.323766 -0.358515 -0.875581 -7.36081 0.181754 0.884624 -0.429425 0.227676 0.928516 -0.298174 -0.221249 18.8316
-0.118391 -0.247561 -0.961612 -7.66766 0.158763 0.951245 -0.264438 0.151428 0.980193 -0.183976 -0.0733154 19.3957
0.156267 -0.0916706 -0.983452 -7.79689 0.218951 0.974127 -0.0560108 0.106981 0.963141 -0.206575 0.172296 20.0635
-0.000743235 -0.0488782 -0.998804 -7.90067 0.20194 0.97822 -0.0480211 0.081686 0.979398 -0.201734 0.0091434 20.5731
0.0255916 -0.0335727 -0.999109 -8.00574 0.207111 0.977929 -0.027556 0.0417347 0.977983 -0.206221 0.0319801 20.8464
0.325608 -0.0798999 -0.942123 -8.20733 0.242835 0.970066 0.00165683 0.0417669 0.913789 -0.22932 0.335264 21.3348
-0.0325014 -0.113244 -0.993035 -8.42234 0.248215 0.961519 -0.117774 0.0688766 0.96816 -0.250314 -0.00314189 21.6281
-0.415044 -0.124827 -0.901197 -8.78012 0.190878 0.95655 -0.220402 0.0434135 0.889553 -0.263495 -0.373184 21.91
-0.662793 -0.204078 -0.720457 -8.89036 0.0163378 0.957974 -0.286388 0.0992326 0.748625 -0.201586 -0.631604 22.1846
-0.422049 -0.150623 -0.893973 -9.34633 0.141289 0.963123 -0.228977 0.0579315 0.895495 -0.222948 -0.385204 22.646
-0.0520111 -0.169359 -0.984181 -9.4245 0.24201 0.954001 -0.176956 0.0901513 0.968879 -0.247385 -0.00863201 23.0767
0.383353 -0.106759 -0.917411 -9.50401 0.31747 0.948005 0.0223403 0.0620857 0.867325 -0.299815 0.397313 23.4776
0.541113 -0.267303 -0.797337 -9.50737 0.424687 0.905212 -0.0152532 0.102558 0.725836 -0.330364 0.603342 23.9216
0.390426 -0.310739 -0.866608 -9.63781 0.587094 0.809113 -0.0256242 0.137718 0.709146 -0.498776 0.498332 24.4868
0.279219 -0.237197 -0.93047 -9.78544 0.366198 0.92208 -0.125168 0.0982476 0.887658 -0.305787 0.344323 25.091
0.430449 -0.165108 -0.887385 -10.0232 0.379744 0.925012 0.0120958 0.0667777 0.818845 -0.342186 0.46087 25.6594
0.328722 -0.122164 -0.936492 -10.3834 0.374947 0.926985 0.0106875 0.0676375 0.866808 -0.354648 0.350525 26.2587
0.0813044 -0.187799 -0.978837 -10.6493 0.303117 0.940228 -0.155214 0.0787974 0.949479 -0.284082 0.13337 26.5408
0.156179 -0.0147761 -0.987618 -10.9629 0.20936 0.977664 0.0184804 0.0427546 0.965286 -0.209654 0.155784 26.9954
-0.1212 -0.0345411 -0.992027 -11.0592 0.111772 0.992563 -0.0482155 0.0387149 0.986315 -0.116725 -0.116438 27.3051
-0.386363 -0.00601972 -0.922327 -11.4066 0.0770135 0.996276 -0.0387634 0.0322349 0.919126 -0.0860083 -0.384461 27.3545
-0.703944 0.0226894 -0.709893 -11.6577 0.0123919 0.99973 0.0196651 0.0100987 0.710147 0.00504618 -0.704035 27.4065
-0.6026 -0.148875 -0.784034 -11.9714 0.0435234 0.974852 -0.21856 0.0819623 0.796856 -0.165828 -0.580966 27.3389
-0.746729 -0.180494 -0.64017 -12.2583 -0.0807987 0.979964 -0.18205 0.103186 0.660203 -0.0842167 -0.746351 27.3125
-0.550124 -0.196088 -0.811735 -12.2972 0.0939878 0.951326 -0.293505 0.141563 0.829777 -0.237757 -0.504917 27.2024
-0.831234 -0.167176 -0.530191 -12.5025 -0.0367034 0.968136 -0.247721 0.114789 0.55471 -0.186454 -0.810883 26.9636
-0.955616 -0.231233 -0.182563 -12.4714 -0.187516 0.955323 -0.228462 0.156143 0.227235 -0.184088 -0.956282 26.7829
-0.955807 -0.249763 0.155083 -12.411 -0.278207 0.938937 -0.202478 0.157044 -0.0950417 -0.236676 -0.966929 26.5847
-0.936095 -0.221404 0.273327 -12.5231 -0.255095 0.962322 -0.0941427 0.163151 -0.242185 -0.157851 -0.957303 26.5048
-0.982623 -0.131639 0.130855 -12.4186 -0.155799 0.968152 -0.195983 0.152224 -0.100889 -0.212964 -0.971837 26.5059
-0.910637 -0.147844 0.385854 -12.4584 -0.168519 0.985493 -0.0201123 0.0980335 -0.377283 -0.0833387 -0.922341 26.474
-0.950238 -0.25233 0.182696 -12.6282 -0.290558 0.929388 -0.227628 0.156848 -0.112358 -0.269384 -0.956456 26.3413
-0.941512 -0.336816 -0.0105477 -12.6252 -0.310832 0.880116 -0.358858 0.2191 0.130152 -0.33459 -0.933333 26.1807
-0.915624 -0.304789 -0.262175 -12.9449 -0.171278 0.885706 -0.431496 0.214229 0.363725 -0.350183 -0.863178 26.0969
-0.862547 -0.116061 -0.492487 -12.9683 0.0276094 0.961091 -0.274849 0.146161 0.505224 -0.250668 -0.825781 26.1126
-0.606296 -0.134247 -0.783826 -13.1978 0.0430385 0.978664 -0.200908 0.101912 0.794074 -0.155544 -0.587582 26.2827
-0.175015 -0.0410927 -0.983708 -13.2324 0.11027 0.992024 -0.0610587 0.0728436 0.978371 -0.11916 -0.169088 26.3742
0.187972 -0.022246 -0.981922 -13.2016 0.105051 0.994464 -0.00242 0.0738411 0.97654 -0.102697 0.189268 26.2803
0.0347981 -0.256935 -0.965802 -13.3185 0.271776 0.932401 -0.238257 0.139057 0.961731 -0.25419 0.102274 26.3891
0.434813 -0.256088 -0.86334 -13.3001 0.393588 0.916337 -0.0735813 0.166614 0.809954 -0.307807 0.499229 26.4193
0.494236 -0.376086 -0.783767 -13.5256 0.414477 0.89445 -0.167832 0.226328 0.76416 -0.241904 0.597948 26.344
0.281536 -0.235958 -0.930087 -13.8169 0.315603 0.938135 -0.142467 0.170892 0.906163 -0.253429 0.338588 26.4448
0.280448 -0.100327 -0.954612 -14.0335 0.149536 0.986947 -0.0597946 0.0768985 0.94815 -0.12598 0.291789 26.2848
0.287843 -0.0988474 -0.952563 -14.0604 0.0404406 0.995026 -0.0910337 0.0413587 0.956823 -0.0123188 0.290409 26.351
0.59227 -0.0685681 -0.802817 -14.1184 0.0950409 0.995362 -0.0148978 0.0586145 0.800115 -0.0674769 0.59604 26.432
0.748489 -0.233912 -0.620523 -14.2765 0.387493 0.91363 0.123002 0.190463 0.538157 -0.332515 0.774481 26.4142
0.81374 -0.363246 -0.453738 -14.2399 0.526162 0.792046 0.309543 0.311923 0.246941 -0.490628 0.835646 26.6718
0.912828 -0.330624 -0.239652 -14.5223 0.404767 0.810136 0.42408 0.280456 0.0539394 -0.484115 0.87334 26.7734
0.987162 -0.159535 -0.00773283 -14.4516 0.156353 0.955313 0.250859 0.0865438 -0.0326335 -0.248848 0.967993 26.9454
0.963332 -0.0191366 0.267628 -14.5451 0.00200322 0.997938 0.0641466 -0.00120358 -0.268303 -0.0612584 0.961385 26.8667
0.765098 0.0662293 0.640498 -14.5935 -0.0481155 0.997796 -0.0456991 -0.0418032 -0.642113 0.00414643 0.766599 26.6279
0.448682 0.0233694 0.893386 -14.5455 -0.0907083 0.995686 0.0195107 0.0277944 -0.889076 -0.0897916 0.448866 26.3316
0.257573 -0.0961923 0.961459 -14.5752 -0.220989 0.962795 0.155529 0.135834 -0.940649 -0.252532 0.226733 26.3687
-0.103515 -0.0500746 0.993367 -14.7842 -0.203217 0.978729 0.0281602 0.103331 -0.973646 -0.198954 -0.111489 26.4549
0.130351 -0.0776424 0.988423 -15.069 -0.17935 0.978636 0.100526 0.117309 -0.975111 -0.190377 0.113641 26.6732
-0.0590381 -0.0808139 0.994979 -15.1727 -0.150365 0.986066 0.0711679 0.0780207 -0.986866 -0.145409 -0.0703671 26.7048
0.00973795 -0.143563 0.989593 -15.4433 -0.160545 0.976577 0.143255 0.135984 -0.98698 -0.160269 -0.0135385 26.9773
0.254661 -0.105738 0.961232 -15.5027 -0.125602 0.981967 0.141295 0.106124 -0.958839 -0.156715 0.236787 27.2467
0.577961 -0.0547787 0.814224 -15.515 -0.142692 0.97559 0.166923 0.0887769 -0.803492 -0.212658 0.556037 27.5181
0.877332 0.0383729 0.478347 -15.481 -0.13064 0.978248 0.161131 0.0698235 -0.461759 -0.203857 0.863262 27.9723
0.97776 -0.106455 0.180702 -15.3439 0.0645491 0.972526 0.223665 0.130224 -0.199547 -0.207027 0.957769 28.2052
0.98383 -0.0968418 -0.150668 -15.5025 0.128393 0.96785 0.216291 0.165977 0.124878 -0.232139 0.964633 28.5827
0.872935 -0.0559306 -0.484619 -15.6437 0.131924 0.983457 0.124131 0.144757 0.469659 -0.172291 0.865873 28.7731
0.589067 -0.0255221 -0.807681 -15.7626 0.104365 0.993533 0.0447218 0.112166 0.801317 -0.110638 0.587921 28.8792
0.236015 0.00691708 -0.971725 -15.8926 0.0604953 0.99793 0.0217969 0.0936108 0.969865 -0.0639292 0.235108 28.9387
0.0988325 0.0809052 -0.99181 -16.0975 0.0627391 0.9942 0.087352 0.0585533 0.993124 -0.0708585 0.0931834 29.116
0.0147351 0.126599 -0.991845 -16.4032 -0.0772537 0.989131 0.125105 0.0110192 0.996903 0.0747802 0.0243551 29.5081
0.318854 0.312613 -0.894765 -16.5253 -0.195121 0.94547 0.260796 -0.0531212 0.927502 0.0914319 0.362465 30.0249
0.586176 0.379922 -0.715582 -16.4522 -0.338889 0.917232 0.209379 -0.118455 0.735903 0.119769 0.66641 30.5759
0.808339 0.283652 -0.515878 -16.5367 -0.206642 0.957225 0.202533 -0.0256517 0.55126 -0.0571133 0.832376 30.7964
0.705873 0.0940217 -0.702071 -16.6552 0.0732355 0.976153 0.204359 0.10942 0.704542 -0.195668 0.682154 31.024
0.486028 0.00876931 -0.873899 -16.8671 0.202726 0.971543 0.122497 0.161219 0.850105 -0.236699 0.47042 30.8435
0.087872 0.117346 -0.989196 -17.0215 -0.0579837 0.991956 0.112522 0.0594217 0.994443 0.0474697 0.0939693 30.7251
-0.261384 0.287867 -0.921309 -17.0828 -0.0823335 0.944364 0.318429 -0.0614661 0.961717 0.159087 -0.223141 30.5611
-0.447837 0.365973 -0.815785 -17.0435 -0.0640937 0.896907 0.437551 -0.140073 0.891815 0.248238 -0.378211 30.7198
-0.405254 0.317569 -0.857274 -17.1743 0.00576112 0.938596 0.344971 -0.255145 0.914186 0.134862 -0.3822 31.0241
-0.299477 -0.0069529 -0.954078 -17.2271 0.192555 0.978957 -0.0675757 -0.204971 0.934471 -0.20395 -0.291836 31.1856
-0.356242 -0.117034 -0.927035 -17.2962 0.202748 0.958806 -0.198957 -0.288517 0.912132 -0.258832 -0.317839 31.4146
-0.279932 0.151609 -0.947973 -17.5468 0.0518216 0.988398 0.142771 -0.46043 0.95862 -0.00915927 -0.284541 31.5114
-0.219492 0.278656 -0.934973 -17.9621 -0.0294765 0.956011 0.291846 -0.702334 0.975169 0.0916175 -0.201623 31.6045
0.12543 0.411075 -0.902931 -18.0386 -0.198381 0.90213 0.383152 -0.738936 0.972066 0.131066 0.194704 31.7503
0.389858 0.516699 -0.762256 -18.081 -0.399059 0.840785 0.36583 -0.780535 0.829917 0.161563 0.53398 31.7899
0.759248 0.363544 -0.539794 -17.9139 -0.379552 0.921118 0.0865023 -0.903333 0.528661 0.139203 0.837341 31.9846
0.900316 0.382808 -0.207095 -17.8249 -0.388357 0.92139 0.0148289 -0.911026 0.196492 0.0670762 0.978208 32.0188
0.948211 0.290529 0.128412 -17.9639 -0.298116 0.953514 0.0440279 -0.978275 -0.109651 -0.0800294 0.990743 32.0483
0.965422 0.259535 0.0245182 -17.9895 -0.25823 0.964962 -0.0465296 -1.17465 -0.0357352 0.0385894 0.998616 32.3321
0.982259 0.187337 -0.00851527 -18.1303 -0.187518 0.981705 -0.0330603 -1.29785 0.00216607 0.0340705 0.999417 32.5408
0.91309 0.296329 -0.280099 -18.3419 -0.308356 0.95127 0.00118281 -1.34875 0.2668 0.0852903 0.95997 32.693
0.886962 0.191274 -0.420372 -18.3449 -0.261884 0.958024 -0.116649 -1.5084 0.380414 0.213552 0.899823 32.963
0.890546 0.278273 -0.359851 -18.5176 -0.292403 0.956165 0.0157744 -1.65686 0.348467 0.0911738 0.932876 33.1938
0.905886 0.234774 -0.352494 -18.7 -0.210991 0.971828 0.105041 -1.66943 0.367224 -0.0207817 0.9299 33.1906
0.943809 -0.0100495 -0.33034 -18.8008 0.0974423 0.963566 0.249088 -1.56225 0.315801 -0.26728 0.910402 33.1268
0.926289 0.0779498 -0.368663 -18.7725 -0.00135988 0.979055 0.203594 -1.60462 0.376811 -0.188085 0.906993 33.245
0.870165 0.220533 -0.440657 -18.8588 -0.157782 0.971876 0.174817 -1.87344 0.466817 -0.0825916 0.880489 33.6955
0.690122 0.23887 -0.683135 -19.0271 -0.140897 0.970242 0.196924 -1.98176 0.709845 -0.0396501 0.703241 33.8629
0.338513 0.367056 -0.866417 -18.9655 -0.230791 0.925041 0.30172 -2.04518 0.912219 0.0978249 0.397852 33.9734
0.138311 0.402214 -0.905038 -18.9949 -0.184895 0.908242 0.375381 -2.2228 0.972977 0.115418 0.199987 34.1601
-0.0586639 0.386745 -0.920319 -18.8344 -0.141009 0.909453 0.391167 -2.258 0.988269 0.152721 0.00118269 34.3952
-0.0388742 0.33572 -0.941159 -18.8091 -0.105604 0.935216 0.337962 -2.51115 0.993648 0.112528 -0.000902384 34.8046
0.0269457 0.321251 -0.946611 -19.0941 -0.111866 0.941975 0.316494 -2.67689 0.993358 0.0973657 0.0613194 35.0711
0.396048 0.262343 -0.879956 -19.1435 -0.081041 0.964564 0.251093 -2.78822 0.914647 -0.0281326 0.403274 35.3845
0.61523 0.0878027 -0.783443 -19.3756 0.0740177 0.982955 0.168288 -2.8615 0.784865 -0.161525 0.598245 35.5711
0.663593 0.0368389 -0.747186 -19.6175 0.0880087 0.988007 0.126875 -3.03911 0.742899 -0.149952 0.652392 35.9023
0.755885 0.160758 -0.634661 -19.6945 -0.0678297 0.983398 0.168306 -3.2221 0.651182 -0.0841712 0.75424 36.2846
0.859684 0.272718 -0.431936 -19.8014 -0.250162 0.961993 0.10949 -3.42442 0.445379 0.0139272 0.895234 36.483
0.943642 0.244252 -0.223341 -19.7321 -0.25052 0.968111 0.000275714 -3.59333 0.216286 0.0556912 0.97474 36.7826
0.940596 0.322526 0.106092 -19.6858 -0.311361 0.943986 -0.109295 -3.74624 -0.1354 0.0697695 0.988331 36.972
0.841589 0.385009 0.378809 -19.5331 -0.316536 0.919855 -0.231671 -3.79639 -0.437645 0.075065 0.896009 37.0377
0.814384 0.393615 0.426434 -19.4512 -0.243604 0.898811 -0.364413 -3.83207 -0.526721 0.192891 0.827863 37.1498
0.860408 0.354663 0.365941 -19.5927 -0.25221 0.920331 -0.298966 -3.9368 -0.442819 0.164938 0.88131 37.677
0.624861 0.360651 0.692444 -19.4505 -0.0858211 0.913267 -0.398219 -3.93795 -0.776004 0.189405 0.601617 37.8097
0.229992 0.434436 0.870844 -19.436 0.0783398 0.883663 -0.461521 -3.95608 -0.970034 0.174368 0.169202 37.8215
-0.189538 0.436684 0.879421 -19.5078 0.240628 0.889002 -0.38958 -3.94295 -0.951931 0.137773 -0.273578 37.757
-0.522471 0.293908 0.800402 -19.6252 0.150893 0.955769 -0.252462 -3.88261 -0.839199 -0.0111288 -0.54371 37.7878
-0.51058 0.0269674 0.859407 -19.6491 -0.115487 0.988301 -0.0996236 -3.77944 -0.852039 -0.150116 -0.501492 37.8643
-0.640643 -0.218282 0.736159 -19.6765 -0.451348 0.882671 -0.131061 -3.63894 -0.621178 -0.416228 -0.663998 37.9454
-0.820547 -0.289751 0.492693 -19.7123 -0.477305 0.821577 -0.311755 -3.62131 -0.314454 -0.490975 -0.812442 37.9164
-0.852852 -0.422916 0.306244 -19.7062 -0.521758 0.713043 -0.468336 -3.59908 -0.0202987 -0.559206 -0.82878 37.9423
-0.762508 -0.436883 0.477194 -19.579 -0.630982 0.665167 -0.399268 -3.60829 -0.14298 -0.605546 -0.78286 37.8991
-0.636117 -0.303387 0.709444 -19.4564 -0.54633 0.826378 -0.136469 -3.62377 -0.544866 -0.474401 -0.691423 37.6987
-0.626548 -0.13603 0.76742 -19.2112 -0.35681 0.925467 -0.127267 -3.67253 -0.69291 -0.353562 -0.628387 37.5942
-0.383328 -0.0897208 0.919244 -19.2994 -0.251627 0.967768 -0.0104723 -3.71255 -0.888675 -0.235321 -0.393548 37.3841
-0.423436 0.042821 0.904913 -19.0529 -0.174989 0.976204 -0.128077 -3.76162 -0.888865 -0.212582 -0.405867 37.1995
-0.318653 -0.0531116 0.946382 -19.0775 -0.242014 0.969896 -0.0270565 -3.60192 -0.916455 -0.237659 -0.321914 36.7473
-0.527537 -0.115718 0.841614 -18.9859 -0.370643 0.92277 -0.105449 -3.55346 -0.764414 -0.367566 -0.529686 36.5589
-0.807887 -0.020529 0.588979 -18.9921 -0.198342 0.950565 -0.238928 -3.46349 -0.554958 -0.309846 -0.772021 36.3784
-0.84178 0.0692766 0.535358 -19.2106 -0.0196554 0.98714 -0.158644 -3.35669 -0.539463 -0.144066 -0.829593 36.0484
-0.769254 -0.00332267 0.638935 -19.2488 -0.1146 0.984488 -0.132855 -3.20596 -0.628582 -0.175421 -0.757702 35.7821
-0.515108 -0.0755882 0.853786 -19.3539 -0.225632 0.972929 -0.0499924 -3.07369 -0.826894 -0.218393 -0.518218 35.5087
-0.186545 -0.0590126 0.980673 -19.3322 -0.249486 0.968318 0.0108118 -2.994 -0.950241 -0.242647 -0.195357 35.4305
0.145069 -0.0439157 0.988446 -19.1338 -0.22942 0.970294 0.0767799 -2.91549 -0.962456 -0.237908 0.130684 35.3717
0.178615 -0.0361102 0.983256 -19.1248 -0.222318 0.972001 0.0760823 -2.72295 -0.958474 -0.232185 0.165586 35.0283
-0.0299228 -0.0798319 0.996359 -18.9303 -0.3363 0.939497 0.065176 -2.57662 -0.941279 -0.333125 -0.0549599 34.7835
-0.225218 -0.224195 0.948163 -18.8425 -0.406809 0.905915 0.117576 -2.51523 -0.885315 -0.359241 -0.295233 34.6478
-0.461977 -0.22628 0.85754 -18.8159 -0.332379 0.940608 0.0691391 -2.38795 -0.822254 -0.253087 -0.509751 34.3024
-0.630521 -0.381098 0.676171 -18.775 -0.514343 0.857576 0.00372144 -2.27569 -0.581286 -0.345438 -0.736735 34.276
-0.653962 -0.301682 0.693774 -18.703 -0.42864 0.903406 -0.0112031 -2.15407 -0.62338 -0.304706 -0.720106 34.0226
-0.646037 -0.282998 0.708906 -18.4626 -0.445302 0.894044 -0.0489054 -1.97286 -0.619953 -0.347272 -0.703605 33.8426
-0.705093 -0.169374 0.68859 -18.301 -0.278963 0.959012 -0.0497588 -1.86836 -0.651938 -0.227176 -0.723442 33.4835
-0.838337 -0.211243 0.502561 -18.1818 -0.282019 0.956982 -0.0681942 -1.68263 -0.466537 -0.198902 -0.861848 33.2397
-0.736994 -0.307191 0.602058 -18.2455 -0.380629 0.924709 0.0058812 -1.48866 -0.558535 -0.224826 -0.798431 32.8664
-0.467851 -0.300276 0.831234 -18.08 -0.349372 0.926745 0.138138 -1.44396 -0.811821 -0.225782 -0.538487 32.7521
-0.161736 -0.271618 0.948718 -17.9418 -0.233587 0.944592 0.230615 -1.33119 -0.95879 -0.184309 -0.216221 32.7692
0.186366 -0.245761 0.951246 -17.855 -0.182963 0.94259 0.27937 -1.25771 -0.965294 -0.226108 0.130702 32.6035
0.155545 -0.195404 0.968309 -17.6267 -0.218243 0.94922 0.226609 -1.10246 -0.963419 -0.246575 0.105001 32.3969
0.122482 -0.321855 0.938833 -17.5553 -0.310326 0.886104 0.344264 -0.878315 -0.942707 -0.33351 0.00865212 32.0914
0.0823855 -0.233357 0.968895 -17.2359 -0.308975 0.918316 0.247448 -0.814185 -0.947495 -0.319751 0.00355426 32.0095
-0.241479 -0.31369 0.918306 -17.1947 -0.346758 0.911727 0.220258 -0.634118 -0.906337 -0.265242 -0.328937 31.8461
-0.49044 -0.304464 0.81656 -17.3109 -0.378903 0.918286 0.114818 -0.491475 -0.784794 -0.253085 -0.565726 31.4372
-0.652315 -0.257244 0.712959 -17.1508 -0.370354 0.928883 -0.00369929 -0.342674 -0.661304 -0.26646 -0.701196 31.2264
-0.836935 -0.321268 0.443088 -17.2481 -0.387731 0.919426 -0.0657307 -0.318195 -0.386269 -0.226811 -0.894065 31.1271
-0.937477 -0.0974813 0.334118 -17.2261 -0.160321 0.973015 -0.165949 -0.207202 -0.308925 -0.20914 -0.927807 30.6335
-0.764447 -0.140074 0.629285 -17.0004 -0.242939 0.966743 -0.0799291 -0.0383256 -0.597161 -0.21398 -0.773054 30.6337
-0.74474 -0.0409775 0.666095 -16.4637 -0.195315 0.967792 -0.158838 0.104324 -0.638133 -0.248392 -0.728757 30.4093
-0.473132 -0.130202 0.871317 -16.1997 -0.253586 0.967289 0.00684421 0.140937 -0.843707 -0.217716 -0.490672 30.4168
-0.124654 -0.165221 0.978347 -15.9606 -0.291109 0.948733 0.123129 0.158109 -0.948534 -0.269458 -0.16636 30.4929
0.255219 -0.128632 0.958288 -15.8183 -0.201472 0.96228 0.182826 0.13364 -0.94566 -0.239729 0.219677 30.5978
0.551954 -0.212216 0.806419 -15.6429 -0.0728755 0.951098 0.300169 0.1692 -0.830684 -0.224448 0.509497 30.6731
0.688082 -0.172 0.704954 -15.397 -0.0647478 0.953073 0.295737 0.15345 -0.722739 -0.249135 0.644655 30.8191
0.774453 -0.131188 0.61888 -15.3612 -0.0728675 0.953254 0.293252 0.115353 -0.628421 -0.272206 0.728691 31.0583
0.896663 -0.215613 0.38666 -15.1565 0.0866225 0.941951 0.324383 0.123579 -0.434157 -0.257368 0.86329 31.1806
0.950603 -0.129743 0.281995 -15.0515 0.0283208 0.940921 0.337439 0.0900963 -0.309115 -0.312784 0.898117 31.6613
0.980706 -0.133703 -0.142613 -14.9515 0.164791 0.95788 0.235182 0.0797414 0.105161 -0.254146 0.961432 32.0456
0.87526 -0.165828 -0.454336 -15.1875 0.286559 0.934552 0.210942 0.0751043 0.38962 -0.314823 0.865495 32.3209
0.588302 -0.218581 -0.778539 -15.4573 0.3823 0.923564 0.029587 0.0595806 0.712564 -0.315042 0.626899 32.5504
0.325058 -0.170318 -0.930231 -15.5913 0.307054 0.949364 -0.0665245 0.0695516 0.894458 -0.264007 0.360895 32.7492
0.108299 -0.0192439 -0.993932 -15.9117 0.24134 0.970411 0.00750792 0.0200251 0.964379 -0.240689 0.109739 32.8833
-0.196265 -0.144438 -0.969855 -16.0347 0.168282 0.969455 -0.178432 0.0660009 0.966003 -0.198229 -0.165963 33.1941
0.0278474 -0.0319557 -0.999101 -16.379 0.210089 0.977352 -0.0254044 0.0308913 0.977286 -0.209193 0.0339302 33.4043
0.0856936 -0.0347373 -0.995716 -16.5979 0.129613 0.991288 -0.0234281 0.0378938 0.987855 -0.12705 0.0894495 33.8076
0.336622 0.111389 -0.935029 -16.9082 0.204307 0.960685 0.187998 -0.0102848 0.919209 -0.254317 0.30063 34.0823
0.469628 -0.102963 -0.87684 -16.8901 0.26589 0.963559 0.0292624 0.0527313 0.841874 -0.246886 0.479891 34.4601
0.731881 -0.134474 -0.668032 -16.946 0.319976 0.933355 0.162675 0.0520113 0.601636 -0.332813 0.726134 34.7844
0.801749 -0.245363 -0.544973 -16.9679 0.349713 0.932042 0.0948552 0.0812435 0.484664 -0.266634 0.833071 35.2728
0.899604 -0.223673 -0.375078 -17.0625 0.318162 0.924012 0.212072 0.0922098 0.299142 -0.310116 0.902409 35.8145
0.820652 -0.232791 -0.521862 -17.1671 0.318506 0.94458 0.0795097 0.0846384 0.474431 -0.231466 0.849317 36.2756
0.641104 -0.230504 -0.732021 -17.4752 0.354585 0.934884 0.016162 0.0569056 0.680629 -0.269925 0.681091 36.7401
0.448705 -0.212442 -0.868062 -17.6945 0.379823 0.924575 -0.0299405 0.0718537 0.808949 -0.316276 0.495552 37.2672
0.125964 -0.221776 -0.966928 -18.0519 0.239501 0.952658 -0.187302 0.0761141 0.96269 -0.207987 0.173116 37.6789
-0.157209 -0.0912653 -0.983339 -18.2687 0.204467 0.971138 -0.122821 0.0313265 0.966167 -0.220369 -0.134011 37.7619
-0.42018 -0.0622708 -0.905301 -18.6837 0.0805688 0.991143 -0.10557 0.00812612 0.903857 -0.117297 -0.411442 37.8776
-0.757661 -0.11231 -0.642912 -18.7955 -0.0508507 0.992246 -0.113408 0.0244191 0.650664 -0.0532326 -0.757498 37.8336
-0.920259 -0.082745 -0.382462 -19.0073 0.0276419 0.9612 -0.274465 -0.00925216 0.390333 -0.26315 -0.882265 37.5798
-0.984689 -0.168159 -0.0459474 -19.1833 -0.158227 0.972784 -0.169278 -0.00626783 0.0731624 -0.159416 -0.984497 37.4028
-0.923968 -0.260671 0.27988 -19.244 -0.297091 0.950013 -0.0959757 0.0297485 -0.240872 -0.171828 -0.955225 37.3069
-0.802332 -0.243847 0.544795 -19.1552 -0.304632 0.952206 -0.0224365 0.0519872 -0.513286 -0.183964 -0.838269 36.8595
-0.580212 -0.358526 0.731309 -19.1628 -0.362084 0.917837 0.162699 0.262356 -0.729554 -0.170395 -0.662357 36.3883
-0.409308 -0.426422 0.806617 -19.0914 -0.513898 0.838242 0.182369 0.472509 -0.753907 -0.339874 -0.562237 36.1787
-0.191211 -0.371406 0.908568 -19.1387 -0.36888 0.884983 0.284133 0.646091 -0.909596 -0.280823 -0.306223 35.8233
-0.0348165 -0.307063 0.951052 -18.9771 -0.363023 0.890513 0.274228 0.79952 -0.931129 -0.335706 -0.142476 35.5828
0.297744 -0.192581 0.935019 -19.0757 -0.241152 0.932504 0.268855 0.892817 -0.923685 -0.305532 0.231206 35.4261
0.412128 0.0983524 0.905802 -19.2735 -0.143731 0.988727 -0.0419605 0.762879 -0.899718 -0.112899 0.421618 35.4122
0.0624559 0.24369 0.96784 -19.3246 -0.0464558 0.969392 -0.241083 0.687043 -0.996966 -0.0299047 0.0718651 35.1899
-0.35594 0.145209 0.923158 -19.2543 0.0208702 0.988843 -0.147494 0.855346 -0.934276 -0.0332326 -0.354999 34.7459
-0.63794 0.112903 0.761765 -19.2516 -0.0283497 0.985081 -0.169742 1.03528 -0.769564 -0.129881 -0.625221 34.4157
-0.594055 -0.0540364 0.802608 -19.2559 -0.187146 0.979649 -0.0725614 1.26838 -0.782352 -0.19331 -0.592078 34.1487
-0.570057 -0.132671 0.810823 -19.0089 -0.267435 0.963095 -0.030436 1.45891 -0.776861 -0.234193 -0.5845 34.0138
-0.337459 -0.255318 0.906054 -18.7131 -0.440192 0.893595 0.0878576 1.60102 -0.832077 -0.36919 -0.413941 34.1504
-0.174445 -0.319263 0.931472 -18.6707 -0.387054 0.892062 0.233268 1.60788 -0.905405 -0.319838 -0.279188 34.0826
-0.326079 -0.243027 0.91357 -18.5538 -0.280547 0.947732 0.151979 1.78362 -0.902755 -0.206742 -0.377216 33.7877
-0.61069 -0.110245 0.784158 -18.6054 -0.163828 0.986426 0.0110949 1.77943 -0.774737 -0.121692 -0.620462 33.4213
-0.582106 -0.0954536 0.807491 -18.3341 -0.143331 0.989581 0.0136533 1.99838 -0.80038 -0.107791 -0.589722 33.1647
-0.140514 -0.102855 0.984722 -18.063 -0.111715 0.989885 0.0874529 2.0593 -0.983756 -0.0977199 -0.150583 33.2153
0.206621 -0.0487297 0.977207 -17.8636 -0.0629294 0.996029 0.0629741 2.1596 -0.976395 -0.0745068 0.202734 33.1578
0.192434 -0.0314207 0.980807 -17.5606 -0.124855 0.99058 0.0562304 2.29969 -0.973335 -0.133279 0.186699 33.03
-0.156008 -0.143959 0.977209 -17.4604 -0.107378 0.985931 0.128101 2.42655 -0.981902 -0.084946 -0.169271 32.6303
-0.368802 -0.0415685 0.928578 -17.3201 -0.131534 0.99128 -0.00786592 2.55882 -0.920154 -0.125041 -0.371054 32.3396
-0.719802 -0.0477143 0.692538 -17.4474 -0.0937124 0.995182 -0.0288359 2.66272 -0.687825 -0.0856556 -0.720805 32.109
-0.862454 -0.0968285 0.496787 -17.6726 -0.0602026 0.994187 0.0892608 2.80797 -0.502542 0.0470755 -0.86327 31.9186
-0.936826 -0.0971006 0.336049 -17.6496 -0.0619534 0.99157 0.1138 2.8439 -0.344267 0.0857915 -0.934944 31.7951
-0.85241 -0.172002 0.493773 -17.5342 -0.155715 0.985003 0.074304 3.00965 -0.499149 -0.0135506 -0.86641 31.6059
-0.892332 -0.0611307 0.447222 -17.2595 -0.0176074 0.994747 0.10084 3.09954 -0.451037 0.0821085 -0.88872 31.397
-0.938431 -0.00648117 0.345405 -17.3478 0.0381406 0.991768 0.122234 3.2319 -0.343354 0.127882 -0.930459 31.1452
-0.989413 0.0607825 0.131782 -17.0457 0.0710125 0.994699 0.0743685 3.4033 -0.126563 0.0829393 -0.988485 31.0869
-0.984285 0.162099 -0.070046 -17.007 0.156771 0.984717 0.0758668 3.50099 0.0812733 0.0636934 -0.994655 30.7712
-0.907639 0.144565 -0.394072 -16.848 0.0965389 0.985548 0.139195 3.61702 0.4085 0.0882957 -0.908478 30.7191
-0.685876 0.225789 -0.691804 -16.8335 0.154228 0.974154 0.165036 3.69862 0.711187 0.00649872 -0.702972 30.7914
-0.333152 0.246927 -0.909965 -16.8734 0.0471319 0.968253 0.245488 3.70923 0.941694 0.0388967 -0.334214 30.8328
0.0183919 0.268395 -0.963133 -16.6832 -0.0504538 0.962318 0.267204 3.69735 0.998557 0.0436793 0.0312404 30.7396
0.159593 0.216782 -0.963087 -16.3465 -0.101431 0.974028 0.202437 3.73191 0.981958 0.0653792 0.177436 30.6531
0.0696248 0.307756 -0.948915 -16.2411 -0.215735 0.933358 0.286881 3.66749 0.973966 0.18474 0.131379 30.609
0.0373909 0.305506 -0.951456 -16.2391 -0.221954 0.930878 0.290176 3.67535 0.97434 0.200329 0.102615 30.6021
-0.997472 0.0117408 0.0700814 -134.726 0.00293653 0.992224 -0.124433 11.5364 -0.0709973 -0.123912 -0.98975 2.05952
-0.997841 0.0585328 0.0297786 -134.546 0.054854 0.992177 -0.11214 11.4422 -0.0361095 -0.110264 -0.993246 1.73996
-0.972813 0.0857342 -0.21514 -134.512 0.106732 0.990391 -0.0879429 11.5028 0.205533 -0.108514 -0.972615 1.11462
-0.861137 0.229721 -0.453511 -134.659 0.203971 0.973255 0.105686 11.3987 0.46566 -0.00149262 -0.884962 0.420669
-0.739499 0.314395 -0.595229 -134.888 0.237318 0.949223 0.206533 11.4087 0.629938 0.0114726 -0.776561 -0.170659
-0.49606 0.262035 -0.827806 -135.074 0.135131 0.965058 0.224504 11.4454 0.857709 -0.000494464 -0.514136 -0.477678
-0.182775 0.335751 -0.924048 -135.297 -0.02153 0.938288 0.345184 11.4279 0.982919 0.0829857 -0.164267 -0.586805
0.240431 0.318359 -0.916974 -135.321 -0.115375 0.947361 0.298657 11.4698 0.963785 0.0339895 0.264506 -0.625624
0.600469 0.100651 -0.793288 -135.252 0.0512834 0.985157 0.163814 11.6568 0.798002 -0.139048 0.586395 -0.762161
0.725323 -0.0873395 -0.682846 -135.075 0.21891 0.969694 0.108498 11.7464 0.652675 -0.228178 0.722461 -0.790245
0.744444 -0.0500532 -0.665806 -135.045 0.210149 0.964071 0.162494 11.6912 0.633751 -0.260886 0.728216 -0.789538
0.711533 0.131918 -0.690158 -135.155 0.0572068 0.968081 0.24402 11.5913 0.70032 -0.21311 0.681275 -0.875336
0.474257 0.246304 -0.845231 -135.077 0.0135854 0.957906 0.28676 11.5248 0.880282 -0.147481 0.450947 -0.893276
0.188129 0.203492 -0.960832 -135.082 0.178344 0.954958 0.237167 11.5058 0.965816 -0.215977 0.143364 -1.12389
-0.1627 0.235824 -0.958079 -135.019 0.221039 0.955049 0.197542 11.5083 0.961598 -0.179633 -0.207513 -1.43077
-0.477431 0.238056 -0.845807 -134.956 0.249075 0.959782 0.12954 11.4989 0.842628 -0.148823 -0.517523 -1.54601
-0.756631 0.286758 -0.587605 -134.978 0.294961 0.951751 0.0846577 11.5089 0.58353 -0.109266 -0.804707 -1.72455
-0.925208 0.290324 -0.244341 -134.973 0.300444 0.953789 -0.00436092 11.4657 0.231784 -0.0774455 -0.96968 -1.89838
-0.86968 0.350389 0.347684 -134.901 0.328939 0.93656 -0.121054 11.2892 -0.368043 0.00908854 -0.929764 -2.19913
-0.659946 0.374073 0.651568 -134.953 0.325442 0.923985 -0.200844 11.0907 -0.677169 0.0795017 -0.73152 -2.40562
-0.602376 0.251746 0.757474 -134.791 0.19265 0.966762 -0.168099 10.9 -0.774616 0.0446681 -0.630853 -2.72433
-0.817415 0.0610717 0.572803 -134.866 -0.0699762 0.976473 -0.20397 10.8391 -0.571783 -0.206811 -0.79391 -2.94664
-0.771742 -0.161301 0.61514 -134.681 -0.302026 0.94421 -0.131327 10.6953 -0.559638 -0.287139 -0.777403 -3.19199
-0.90924 -0.101832 0.403625 -134.702 -0.168625 0.976602 -0.133469 10.5509 -0.380589 -0.189417 -0.905137 -3.48355
-0.90914 0.0421081 0.414357 -134.537 -0.0957501 0.947097 -0.306332 10.207 -0.405335 -0.318173 -0.857012 -3.91148
-0.884454 0.0723415 0.460985 -134.61 0.0491534 0.996857 -0.0621283 10.0578 -0.464031 -0.0322906 -0.88523 -4.13799
-0.932613 -0.031121 0.359534 -134.641 0.00146394 0.99594 0.0900051 10.0075 -0.360876 0.0844662 -0.928781 -4.68636
-0.944601 0.0411454 0.325631 -134.728 0.0831189 0.989759 0.116052 9.95054 -0.317521 0.136689 -0.938348 -4.75796
-0.853185 -0.0598167 0.518167 -134.707 -0.0223958 0.996688 0.078181 9.95297 -0.521127 0.0550981 -0.851699 -4.70494
-0.820166 -0.105096 0.56239 -134.944 -0.102921 0.99405 0.0356664 9.97826 -0.562792 -0.0286294 -0.826102 -5.01394
-0.661519 -0.058342 0.747656 -134.916 -0.0715377 0.997332 0.0145292 9.98656 -0.746509 -0.0438743 -0.663927 -5.52435
-0.379976 -0.0427008 0.92401 -134.769 -0.209728 0.976896 -0.0411005 9.97281 -0.900906 -0.209408 -0.380152 -5.91759
-0.188264 -0.0318974 0.9816 -134.52 -0.246176 0.969097 -0.0157238 9.88553 -0.950765 -0.244607 -0.190298 -6.70475
-0.120384 -0.0884697 0.988777 -134.185 -0.195211 0.978684 0.0637996 9.94898 -0.973345 -0.185339 -0.135088 -7.21979
-0.564116 -0.129424 0.815489 -133.788 -0.296365 0.953565 -0.0536728 9.96406 -0.770676 -0.27196 -0.576278 -7.82309
-0.832341 -0.129553 0.538911 -133.646 -0.233146 0.963932 -0.128365 9.97693 -0.502843 -0.232488 -0.832525 -8.08466
-0.860292 -0.129394 0.493108 -133.352 -0.223996 0.964825 -0.137616 9.89539 -0.457956 -0.228844 -0.859015 -8.87195
-0.79768 -0.0352421 0.602051 -133.211 -0.2433 0.932253 -0.267786 9.85207 -0.551826 -0.360087 -0.752214 -9.72802
-0.806237 -0.25518 0.533728 -133.21 -0.227333 0.966554 0.118715 9.85911 -0.546171 -0.0256216 -0.837282 -10.1424
-0.957251 -0.279317 0.075183 -133.424 -0.284935 0.955305 -0.0787694 9.83463 -0.049821 -0.0968243 -0.994054 -10.4743
-0.973844 0.0785249 0.213217 -133.469 -0.0254216 0.894838 -0.445666 9.8394 -0.225791 -0.43943 -0.869437 -10.9283
-0.785997 0.390486 0.4793 -133.393 -0.00105948 0.774426 -0.632663 9.78807 -0.618229 -0.49778 -0.608283 -11.3555
-0.817548 0.000110718 0.575861 -133.604 -0.0755855 0.991328 -0.107499 9.93566 -0.570879 -0.131412 -0.810449 -11.6945
-0.958116 -0.0993118 0.26861 -133.938 -0.0667365 0.98955 0.127816 9.99322 -0.278496 0.104537 -0.954731 -12.0448
-0.995074 -0.0100336 0.0986214 -134.069 -0.0479197 0.91959 -0.389945 9.98594 -0.0867788 -0.39275 -0.915542 -12.3404
-0.944664 -0.296391 0.140579 -134.609 -0.32487 0.904706 -0.275619 10.0689 -0.0454915 -0.306037 -0.950932 -13.1458
-0.95347 -0.280118 -0.111489 -135.149 -0.238234 0.926648 -0.290806 10.0054 0.184771 -0.250714 -0.950264 -13.8239
-0.972236 -0.202848 0.11666 -135.606 -0.226751 0.939823 -0.255572 10.0342 -0.0577975 -0.274929 -0.959726 -14.5039
-0.891232 -0.437254 -0.120479 -136.115 -0.444232 0.895127 0.037486 9.96959 0.0914533 0.0869295 -0.992008 -14.8426
-0.823338 -0.34919 -0.447416 -136.641 -0.341726 0.934418 -0.10043 9.93872 0.453143 0.0702059 -0.888669 -15.1569
-0.584421 -0.412576 -0.698737 -137.144 -0.365215 0.902688 -0.227537 9.91508 0.724617 0.122212 -0.678228 -15.24
-0.458823 -0.138255 -0.877706 -137.495 0.0929903 0.974924 -0.20218 9.8966 0.883649 -0.174383 -0.434461 -15.2529
-0.650242 0.140095 -0.746698 -137.646 0.453774 0.859892 -0.233825 9.8209 0.609322 -0.490875 -0.62271 -15.3769
-0.850942 0.226104 -0.474105 -137.923 0.405807 0.856073 -0.320092 9.7981 0.333495 -0.464775 -0.820223 -15.5296
-0.993829 0.087485 -0.0681905 -138.217 0.103348 0.953592 -0.282811 9.84223 0.0402842 -0.288113 -0.956749 -15.6627
-0.929716 0.0542317 0.364261 -138.341 -0.0244187 0.977844 -0.207907 9.8761 -0.367466 -0.20219 -0.907793 -15.8278
-0.840046 -0.0667961 0.538387 -138.615 -0.261919 0.919009 -0.294653 9.91303 -0.475101 -0.388536 -0.789505 -16.0568
-0.543166 -0.073903 0.836367 -138.887 -0.319814 0.939238 -0.124706 9.86985 -0.776331 -0.335218 -0.533797 -16.2297
-0.287343 0.0238015 0.957532 -139.052 -0.338547 0.93264 -0.124776 9.90297 -0.896002 -0.360023 -0.25993 -16.5424
-0.0426395 -0.0736307 0.996374 -139.373 -0.327139 0.943333 0.0557112 9.91125 -0.944014 -0.323577 -0.0643107 -16.619
0.102136 0.0185098 0.994598 -139.529 -0.262818 0.964803 0.00903369 9.84742 -0.959424 -0.262321 0.103406 -16.3787
0.41819 0.0153502 0.90823 -139.53 -0.212957 0.973648 0.0815995 9.85478 -0.883044 -0.227538 0.410439 -16.1377
0.441429 -0.0810685 0.893627 -139.093 -0.224236 0.954345 0.197344 9.98029 -0.868826 -0.287496 0.403097 -16.0878
0.457312 -0.147206 0.877038 -138.625 -0.215861 0.938337 0.270051 9.95584 -0.862711 -0.312816 0.397337 -16.1186
0.152655 -0.171855 0.973223 -138.23 -0.320301 0.923007 0.213228 9.97621 -0.934935 -0.344275 0.0858564 -16.0917
0.419037 -0.1942 0.886958 -137.863 -0.169503 0.942954 0.286541 9.94788 -0.892007 -0.270413 0.362215 -16.0809
0.265613 -0.270694 0.925297 -137.323 -0.25023 0.907523 0.337324 9.9797 -0.93104 -0.321135 0.173315 -16.2502
0.565835 -0.178278 0.805014 -136.81 -0.0992768 0.95451 0.281166 9.95762 -0.81852 -0.239013 0.522397 -16.3636
