0.999994 -0.00109284 0.00331296 7.10891e-06 0.00107812 0.99999 0.00444155 0.000243901 -0.00331777 -0.00443795 0.999985 0.000129359
0.902904 -0.0106535 -0.42971 4.835 0.00379863 0.999852 -0.016807 0.226519 0.429825 0.0135428 0.90281 0.253387
0.849051 -0.0346876 -0.527171 5.59375 0.0209896 0.999269 -0.031946 0.233999 0.527894 0.0160587 0.849159 0.652538
0.922261 -0.0710499 -0.379982 6.38588 0.0292979 0.992984 -0.114561 0.238214 0.385455 0.0945226 0.917872 1.39818
0.957485 -0.0922425 -0.27334 7.43789 0.0808231 0.99533 -0.0527728 0.27866 0.276931 0.028437 0.960469 1.79335
0.849431 -0.0544548 -0.524882 8.46342 0.0391456 0.998423 -0.0402327 0.268045 0.526245 0.013628 0.850224 2.23989
0.558729 -0.0656166 -0.82675 9.19339 0.0930372 0.995532 -0.0161365 0.315844 0.824115 -0.0679026 0.562337 3.07126
0.166126 -0.0655089 -0.983926 9.30489 0.261945 0.964875 -0.0200138 0.426702 0.950677 -0.25441 0.17745 3.31828
-0.23538 0.0251044 -0.971579 9.56236 0.302407 0.951936 -0.0486658 0.481144 0.923659 -0.305267 -0.231658 3.79237
-0.551094 0.00767044 -0.834408 9.61678 0.22115 0.965543 -0.137185 0.50766 0.804604 -0.260131 -0.533801 4.10475
-0.543501 -0.00334167 -0.839402 9.66735 0.0719728 0.996124 -0.0505669 0.436585 0.836318 -0.0878973 -0.541153 4.79449
-0.600855 0.0812654 -0.795216 10.0447 0.0425156 0.99666 0.0697273 0.322059 0.798226 0.00808691 -0.602303 4.75001
-0.865333 0.110588 -0.488845 10.1708 0.0620443 0.991487 0.11447 0.278101 0.497343 0.0687245 -0.864828 4.51526
-0.992043 0.0205188 -0.124214 10.0907 0.0138548 0.99843 0.0542771 0.256717 0.125133 0.0521243 -0.99077 4.19328
-0.976884 -0.0051319 0.213707 9.66677 -0.0031816 0.99995 0.00946902 0.308289 -0.213745 0.00857021 -0.976852 3.61718
-0.820166 -0.00598045 0.572095 9.3505 0.0486639 0.995592 0.080173 0.279499 -0.570052 0.0935955 -0.81626 3.13447
-0.588409 -0.0169027 0.808387 8.7805 0.0071338 0.999634 0.026094 0.30594 -0.808532 0.0211208 -0.588073 2.336
-0.574502 -0.0496653 0.816995 8.16121 -0.0597125 0.998041 0.0186819 0.336973 -0.816322 -0.038052 -0.576342 1.57709
-0.83412 -0.0189765 0.551257 7.59927 -0.0147757 0.999818 0.0120604 0.337975 -0.551386 0.00191462 -0.834248 0.690493
-0.958133 -0.0502627 0.281877 6.98232 -0.0347357 0.997605 0.0598166 0.303182 -0.284208 0.0475211 -0.957584 -0.166228
-0.813867 -0.00815581 0.580994 6.27578 -0.00132478 0.999925 0.0121809 0.272498 -0.58105 0.00914392 -0.813817 -0.802423
-0.904582 -0.0243231 0.425606 5.21587 -0.00444196 0.998855 0.0476429 0.266814 -0.426277 0.0412064 -0.903653 -1.20648
-0.995419 -0.00962751 0.0951176 4.52628 -0.00431461 0.998427 0.0559047 0.272465 -0.0955062 0.0552383 -0.993895 -1.68859
-0.921915 -0.0923698 -0.376219 4.6009 -0.121585 0.991078 0.0546111 0.272007 0.367818 0.0960895 -0.92492 -1.79746
-0.749968 -0.123103 -0.649919 4.7589 -0.194324 0.980178 0.0385812 0.27937 0.632287 0.15523 -0.759024 -1.82116
-0.47153 -0.0353278 -0.881142 4.96852 -0.207551 0.975574 0.071954 0.261347 0.857078 0.216811 -0.467344 -1.82635
-0.10036 -0.0582494 -0.993245 5.19757 -0.0715715 0.996121 -0.0511864 0.288578 0.992374 0.0659509 -0.10414 -1.66249
0.245756 -0.113467 -0.962668 5.19971 0.0212377 0.993517 -0.111682 0.356898 0.969099 0.00700163 0.246573 -1.15439
0.337443 -0.153943 -0.928673 5.25873 0.0438351 0.988037 -0.147855 0.374649 0.940325 0.00918432 0.340155 -0.789783
0.6229 -0.109867 0.774548 2.37033 -0.0855105 0.974594 0.207011 0.154992 -0.777614 -0.195179 0.59768 -0.436317
0.581781 -0.20844 0.786183 2.50284 0.060588 0.975025 0.213672 0.123481 -0.811086 -0.0766769 0.57988 -0.529725
0.465024 -0.24015 0.852103 2.66136 0.0636804 0.969085 0.238367 0.119139 -0.883005 -0.0565842 0.465941 -0.575554
0.618738 -0.356615 0.699992 2.99614 0.030202 0.901171 0.43241 0.233999 -0.785016 -0.246407 0.56836 -0.90934
0.665001 -0.41579 0.620397 3.3906 0.0308553 0.845279 0.533433 0.288264 -0.746205 -0.335591 0.574941 -0.991488
0.797883 -0.444463 0.407229 3.68227 0.208919 0.837566 0.504812 0.249737 -0.565452 -0.317703 0.761137 -0.989287
0.864505 -0.17464 0.471308 4.01816 0.0810216 0.973853 0.21224 0.159582 -0.49605 -0.145297 0.856051 -0.654335
0.974644 -0.168471 0.147262 4.22655 0.138858 0.971453 0.192346 0.179091 -0.175463 -0.16702 0.970215 -0.27663
0.976579 -0.117377 -0.180322 4.39161 0.133096 0.988056 0.0776592 0.137005 0.169053 -0.0998405 0.980537 0.0424427
0.862016 -0.0717738 -0.501775 4.35651 0.142589 0.984285 0.104167 0.148036 0.486413 -0.161341 0.858703 0.367782
0.699296 -0.312516 -0.642899 4.36301 0.449843 0.891349 0.056016 0.256928 0.555542 -0.328375 0.7639 0.569923
0.717511 -0.475841 -0.508678 4.29742 0.648102 0.723662 0.237227 0.323071 0.255229 -0.499888 0.82763 0.681649
0.816829 -0.264969 -0.512427 4.16284 0.387952 0.909718 0.148008 0.212269 0.426947 -0.319694 0.845879 1.09771
0.79316 0.0131594 -0.608871 4.12231 0.0987055 0.98377 0.149843 0.0849681 0.600961 -0.178948 0.778989 1.3878
0.571295 -0.032431 -0.820104 3.93863 0.122235 0.991437 0.045944 0.105487 0.811592 -0.126493 0.570367 1.55165
0.288266 0.00260258 -0.957547 3.9434 0.0718419 0.997119 0.0243379 0.0816643 0.954852 -0.0758078 0.287248 1.7281
-0.0368215 -0.0627237 -0.997351 4.13067 0.188476 0.979681 -0.0685708 0.165471 0.981387 -0.190501 -0.0242514 1.56503
-0.372577 -0.130422 -0.918791 4.23356 0.115288 0.9759 -0.185279 0.175255 0.920812 -0.174957 -0.348561 1.60829
-0.647674 -0.285854 -0.706262 4.6055 0.0380576 0.913659 -0.404697 0.255523 0.760967 -0.28899 -0.580874 1.60766
-0.855524 -0.272561 -0.440214 4.70226 -0.0830181 0.911435 -0.402981 0.228592 0.511064 -0.308214 -0.802383 1.5242
-0.944206 -0.271957 -0.185781 4.61506 -0.188163 0.908378 -0.373423 0.243432 0.270314 -0.317631 -0.908868 1.54251
-0.988902 -0.11375 0.0955744 4.44737 -0.130101 0.973639 -0.187351 0.158471 -0.0717438 -0.197706 -0.977632 1.38433
-0.85536 -0.10685 0.506895 4.37129 -0.183055 0.977713 -0.102801 0.150584 -0.484614 -0.180722 -0.855856 1.12566
-0.588985 -0.166383 0.790831 4.29636 -0.268371 0.963312 0.00279673 0.189859 -0.762282 -0.210589 -0.612029 1.05786
-0.292579 -0.157459 0.943188 4.3331 -0.299822 0.951718 0.0658778 0.175058 -0.908022 -0.263514 -0.325662 0.92319
0.056635 -0.185693 0.980974 4.40505 -0.303106 0.932979 0.194107 0.2102 -0.951272 -0.308332 -0.00344544 0.629999
0.141242 -0.0865592 0.986184 4.55435 -0.217921 0.969017 0.116263 0.1643 -0.965692 -0.231332 0.118003 0.234769
-0.253952 -0.0293673 0.966771 4.7263 -0.14059 0.990044 -0.00685613 0.111767 -0.956944 -0.13766 -0.255553 -0.237923
-0.594326 0.0569609 0.802204 4.72662 -0.0485994 0.993122 -0.106523 0.107639 -0.802754 -0.102296 -0.58747 -0.480721
-0.901131 -0.0572882 0.429745 4.74953 -0.151936 0.970098 -0.189273 0.176728 -0.406051 -0.235854 -0.88289 -0.585417
-0.975727 -0.187973 0.112348 4.53985 -0.210403 0.946942 -0.242963 0.203734 -0.0607167 -0.260704 -0.963508 -0.669267
-0.95732 -0.107147 -0.268436 4.27405 -0.0279748 0.958737 -0.282915 0.204011 0.287673 -0.263331 -0.920815 -0.899741
-0.747782 -0.0417683 -0.66263 3.77991 0.0786292 0.985425 -0.150849 0.167433 0.659272 -0.164904 -0.733598 -0.935427
-0.48868 -0.144298 -0.860447 3.4272 0.140486 0.960344 -0.240838 0.220649 0.861078 -0.238574 -0.449029 -1.02646
-0.397233 -0.244505 -0.884547 2.84763 0.17387 0.926347 -0.334141 0.234864 0.901097 -0.286528 -0.325464 -0.917848
-0.343751 -0.235701 -0.909 2.34309 0.197528 0.928182 -0.315373 0.224783 0.918051 -0.287963 -0.272506 -0.766693
-0.494794 -0.257808 -0.829888 1.80223 0.200791 0.895222 -0.39782 0.266906 0.845495 -0.363473 -0.391185 -0.722753
-0.598699 -0.253725 -0.759725 1.11328 0.0238849 0.942425 -0.333564 0.255429 0.800618 -0.21785 -0.558169 -0.876796
-0.509175 -0.128332 -0.851042 0.48802 0.0994811 0.973418 -0.206305 0.16763 0.854895 -0.189708 -0.482873 -1.23077
-0.186129 -0.0940055 -0.978018 -0.0577474 0.12515 0.985036 -0.118498 0.145968 0.974522 -0.144455 -0.171579 -1.29197
0.166513 -0.0880695 -0.982098 -0.256569 0.1893 0.980332 -0.0558157 0.149448 0.967698 -0.176617 0.179909 -1.25424
0.624864 -0.145315 -0.767091 -0.448398 0.23687 0.9715 0.00891371 0.186804 0.743934 -0.187271 0.641477 -0.963035
0.866683 -0.145969 -0.477026 -0.49699 0.213351 0.972826 0.0899438 0.19966 0.450934 -0.179727 0.874275 -0.900761
0.949812 -0.258406 -0.176306 -0.470253 0.290853 0.936971 0.193622 0.181664 0.11516 -0.235184 0.965104 -0.788939
0.904018 -0.422055 0.0679744 -0.400087 0.365949 0.846218 0.387293 0.240431 -0.22098 -0.325245 0.919448 -0.598668
0.802697 -0.57786 0.1475 -0.533001 0.364425 0.671031 0.645687 0.310786 -0.472093 -0.464538 0.749221 -0.396288
0.734535 -0.673718 0.0810058 -0.305471 0.308763 0.438141 0.844215 0.386659 -0.604255 -0.595094 0.529849 -0.0713567
0.731054 -0.674272 -0.104488 -0.039109 0.475197 0.393241 0.787114 0.396495 -0.48964 -0.625075 0.607892 0.308611
0.742396 -0.628517 -0.23198 0.27143 0.624008 0.52267 0.580887 0.375289 -0.243848 -0.576006 0.780228 0.741486
0.778166 -0.498614 -0.381893 0.278173 0.622118 0.695376 0.359752 0.324009 0.0861819 -0.517529 0.851315 1.13076
0.676104 -0.387781 -0.626505 0.3261 0.446368 0.892072 -0.0704496 0.192522 0.586207 -0.232021 0.776227 1.33095
0.582022 -0.288444 -0.760297 0.303429 0.117084 0.954958 -0.272665 0.129754 0.8047 0.0696782 0.589579 1.50743
0.359228 -0.201731 -0.911186 0.00755135 0.105138 0.97889 -0.175271 0.0970116 0.927308 -0.0328381 0.372855 1.84065
0.416032 -0.0874765 -0.905133 -0.109831 0.195581 0.980675 -0.00488097 0.0733347 0.888068 -0.174997 0.425101 2.39476
0.476881 -0.137369 -0.868167 -0.421436 0.272515 0.962148 -0.0025476 0.085669 0.835656 -0.235374 0.496265 2.78016
0.673121 -0.0694502 -0.736264 -0.629902 0.194664 0.97711 0.0858008 0.0924241 0.713452 -0.201079 0.671232 3.30522
0.707093 -0.138041 -0.693516 -0.796741 0.18305 0.983062 -0.00904008 0.0913737 0.683018 -0.120556 0.720384 3.92846
0.891344 -0.126483 -0.435325 -0.811568 0.209719 0.9664 0.148623 0.127443 0.4019 -0.22377 0.887921 4.37619
0.821188 -0.244352 -0.515696 -0.794474 0.33529 0.937851 0.0895299 0.180882 0.461769 -0.246428 0.852081 4.84311
0.660016 -0.124347 -0.740889 -1.18504 0.195851 0.980584 0.00989713 0.104408 0.725273 -0.151636 0.671554 5.38422
0.69455 -0.163739 -0.700564 -1.38406 0.306762 0.948203 0.0825111 0.158063 0.650766 -0.272215 0.708804 5.94779
0.682017 -0.220158 -0.697412 -1.55186 0.35238 0.934543 0.0495865 0.177316 0.640844 -0.279573 0.714953 6.45952
0.547858 -0.120085 -0.827908 -1.85196 0.315048 0.946401 0.0712073 0.142533 0.774981 -0.299842 0.556326 6.78321
0.236022 -0.0710289 -0.969148 -1.99763 0.179261 0.983391 -0.0284163 0.0808424 0.95507 -0.167024 0.244835 6.94336
-0.142726 -0.106806 -0.983983 -2.08454 0.156356 0.979244 -0.128971 0.100669 0.977334 -0.172259 -0.123064 7.10821
-0.400626 -0.135253 -0.906204 -2.30303 0.162217 0.96295 -0.215437 0.118139 0.901767 -0.233311 -0.363843 7.35625
-0.196482 -0.142835 -0.970048 -2.45534 0.105336 0.980532 -0.165714 0.108884 0.974833 -0.134741 -0.177611 7.89416
0.193102 -0.140666 -0.971043 -2.48899 0.164253 0.980339 -0.109349 0.0979472 0.967333 -0.138382 0.21241 8.13967
0.513895 -0.0837665 -0.853753 -2.59527 0.241122 0.969204 0.0500434 0.0948438 0.823269 -0.231576 0.518267 8.3684
0.705597 -0.00606927 -0.708587 -2.74079 0.116618 0.987323 0.107669 0.0695602 0.698951 -0.158605 0.69736 8.88747
0.85941 -0.168575 -0.482697 -2.87393 0.315053 0.918155 0.240278 0.0773606 0.402686 -0.358572 0.842182 9.05805
0.95149 -0.152747 -0.267088 -3.00526 0.21608 0.949707 0.226641 0.0621152 0.219037 -0.273359 0.936642 9.5187
0.955777 -0.0926645 -0.279113 -3.26775 0.171193 0.946998 0.271822 0.0511516 0.239131 -0.307583 0.920983 9.70939
0.886726 -0.164799 -0.431924 -3.41746 0.273917 0.939931 0.203715 0.0652793 0.372406 -0.298951 0.878602 10.1239
0.858733 -0.00405286 -0.512408 -3.68901 0.140519 0.963498 0.227872 0.00645581 0.49278 -0.267684 0.827957 10.6747
0.640324 -0.0917689 -0.762604 -3.76502 0.215303 0.97448 0.0635145 0.0309154 0.737313 -0.20486 0.64374 11.0249
0.573902 -0.256757 -0.777633 -3.86675 0.497876 0.863326 0.0823875 0.0869561 0.650197 -0.434447 0.623298 11.3816
0.174188 -0.45164 -0.875032 -3.91982 0.686065 0.693108 -0.22117 0.190928 0.70638 -0.561804 0.430585 11.4717
-0.15713 -0.473248 -0.866802 -3.94776 0.547026 0.689051 -0.475364 0.215554 0.822237 -0.548857 0.150608 11.6605
0.116888 -0.242125 -0.963178 -4.32278 0.415839 0.892651 -0.173931 0.0540196 0.901896 -0.380196 0.205025 12.031
0.275806 -0.106223 -0.955326 -4.50079 0.106885 0.991101 -0.0793426 -0.0699893 0.955252 -0.0802268 0.284705 12.4077
0.38639 -0.0319326 -0.921783 -4.61003 0.00158377 0.999422 -0.0339583 -0.090864 0.922334 0.0116612 0.386217 12.6459
0.631374 -0.164582 -0.757812 -4.78584 0.210297 0.976939 -0.0369618 -0.00509813 0.746419 -0.136029 0.651425 12.9433
0.668349 -0.186289 -0.720144 -4.90516 0.260537 0.965431 -0.00794175 0.0127618 0.696728 -0.182316 0.69378 13.4648
0.677041 -0.160388 -0.718256 -5.11756 0.223609 0.974655 -0.00686419 0.0271939 0.701153 -0.155961 0.695745 13.9625
0.817479 -0.198939 -0.540511 -5.19381 0.265351 0.963012 0.0468781 0.0404197 0.511192 -0.181747 0.84003 14.3081
0.882027 -0.335078 -0.331288 -5.30747 0.387665 0.91569 0.105961 0.101713 0.267852 -0.221889 0.937561 14.8365
0.922303 -0.278778 -0.267655 -5.53287 0.313023 0.945052 0.0943088 0.0907378 0.226656 -0.170763 0.958888 15.3719
0.921699 -0.247654 -0.29856 -5.79074 0.296486 0.946075 0.130532 0.0870832 0.250134 -0.20883 0.945422 16.0404
0.917139 -0.363243 -0.164045 -5.90313 0.391607 0.897842 0.201306 0.140899 0.074163 -0.248867 0.965694 16.4963
0.9352 -0.126521 -0.330746 -6.21009 0.168929 0.980266 0.102672 0.0668481 0.311229 -0.151892 0.938118 16.9701
0.926452 -0.16205 -0.339745 -6.31536 0.178683 0.983741 0.0180313 0.0623892 0.331299 -0.0774118 0.940345 17.5486
0.89084 0.0742785 -0.448203 -6.51996 -0.0722064 0.997153 0.021737 -0.0525214 0.448542 0.012999 0.893667 17.9858
0.651815 0.183177 -0.735924 -6.66926 -0.206343 0.976618 0.060328 -0.13406 0.729767 0.11253 0.674372 18.1513
0.156825 0.042836 -0.986697 -6.8478 -0.0364675 0.998629 0.0375579 -0.0518735 0.986953 0.0300923 0.158173 18.1911
-0.239393 -0.0884953 -0.966881 -7.03808 0.0278085 0.994804 -0.0979362 0.0415536 0.970524 -0.0503328 -0.235688 18.1822
-0.321309 -0.297992 -0.898867 -7.23227 0.174377 0.914349 -0.365458 0.143634 0.930781 -0.274167 -0.241825 18.3471
-0.323699 -0.358495 -0.875614 -7.34161 0.177358 0.886045 -0.428332 0.164387 0.929389 -0.293947 -0.22323 18.8096
-0.119232 -0.248506 -0.961264 -7.65088 0.155481 0.951552 -0.265281 0.0861604 0.980617 -0.181089 -0.0748179 19.3723
0.155325 -0.0929683 -0.983479 -7.78042 0.216166 0.974633 -0.0579921 0.0396524 0.963922 -0.203587 0.171481 20.0398
-0.00162567 -0.0502485 -0.998735 -7.88445 0.198842 0.978777 -0.049568 0.0125068 0.98003 -0.198671 0.00840033 20.5493
0.024653 -0.0348606 -0.999088 -7.98963 0.204086 0.97852 -0.029107 -0.0284277 0.978642 -0.203182 0.031238 20.8224
0.324712 -0.0812623 -0.942316 -8.19152 0.240533 0.970641 -0.000819995 -0.0299781 0.914717 -0.226391 0.334725 21.3107
-0.0334174 -0.114514 -0.992859 -8.40666 0.24516 0.962124 -0.119221 -0.00413179 0.968907 -0.247393 -0.00407741 21.6039
-0.415461 -0.12429 -0.90108 -8.76135 0.186696 0.957879 -0.218204 -0.0333886 0.890246 -0.258883 -0.374756 21.8874
-0.663264 -0.204849 -0.719804 -8.871 0.0138475 0.958285 -0.285478 0.0216333 0.748257 -0.199315 -0.63276 22.1622
-0.423205 -0.151524 -0.893274 -9.32928 0.138384 0.963538 -0.229006 -0.0206154 0.895403 -0.220531 -0.386806 22.6222
-0.0529746 -0.170538 -0.983926 -9.41004 0.238857 0.954544 -0.178305 0.0109931 0.969609 -0.244464 -0.00983233 23.0519
0.382343 -0.108122 -0.917673 -9.48937 0.315467 0.948733 0.0196559 -0.018271 0.868501 -0.297011 0.39685 23.4528
0.539999 -0.268637 -0.797644 -9.4931 0.423473 0.905723 -0.0183489 0.0209045 0.727374 -0.327872 0.60285 23.8969
0.389054 -0.311813 -0.866839 -9.62393 0.585686 0.810036 -0.0285138 0.0541453 0.711062 -0.496602 0.497772 24.4621
0.278119 -0.238567 -0.930449 -9.77181 0.364094 0.922564 -0.127714 0.0126509 0.888868 -0.303251 0.343444 25.0661
0.429411 -0.166404 -0.887646 -10.01 0.378048 0.925739 0.00934126 -0.0209387 0.820174 -0.339585 0.460431 25.6342
0.327623 -0.123578 -0.936692 -10.3703 0.37325 0.927695 0.00815909 -0.0223068 0.867956 -0.352293 0.35006 26.2334
0.0802876 -0.189235 -0.978644 -10.6365 0.300579 0.940706 -0.157239 -0.0124038 0.950372 -0.281536 0.132407 26.5154
0.155325 -0.0163407 -0.987728 -10.9503 0.207146 0.978173 0.0163921 -0.0502475 0.965901 -0.20715 0.155319 26.9697
-0.121619 -0.0359009 -0.991927 -11.0467 0.111121 0.992571 -0.0495486 -0.0553368 0.986337 -0.11625 -0.116726 27.2793
-0.386471 -0.00738049 -0.922272 -11.3935 0.0773727 0.996184 -0.0403944 -0.0620759 0.919051 -0.0869699 -0.384425 27.3287
-0.704034 0.0212047 -0.709849 -11.6459 0.0116273 0.999764 0.018333 -0.0838478 0.710071 0.0046534 -0.704115 27.3804
-0.60264 -0.151004 -0.783596 -11.9582 0.0424894 0.974469 -0.220464 -0.0128497 0.796881 -0.166155 -0.580838 27.3131
-0.746552 -0.182381 -0.639842 -12.2477 -0.0827413 0.979679 -0.182709 0.00853511 0.660162 -0.0834601 -0.746472 27.286
-0.550257 -0.194648 -0.811991 -12.286 0.0963358 0.951157 -0.293291 0.0458273 0.829419 -0.239609 -0.50463 27.176
-0.831264 -0.169309 -0.529467 -12.4924 -0.0390565 0.967922 -0.248196 0.0200217 0.554504 -0.185637 -0.811211 26.9371
-0.955207 -0.233663 -0.181605 -12.4618 -0.190308 0.954951 -0.227708 0.0618538 0.226631 -0.182948 -0.956644 26.7564
-0.955163 -0.251569 0.156129 -12.4011 -0.280068 0.938743 -0.200808 0.063195 -0.0960484 -0.235531 -0.967109 26.558
-0.935401 -0.223308 0.274151 -12.5132 -0.256692 0.962089 -0.0921671 0.0692521 -0.243176 -0.156586 -0.95726 26.478
-0.982228 -0.133528 0.131906 -12.4087 -0.15772 0.968162 -0.194386 0.058515 -0.101751 -0.211735 -0.972016 26.4792
-0.910034 -0.149849 0.3865 -12.4483 -0.169876 0.985302 -0.0179716 0.00432342 -0.378126 -0.0820119 -0.922114 26.4471
-0.949542 -0.254147 0.183789 -12.6182 -0.292413 0.929266 -0.22574 0.0630279 -0.113417 -0.268092 -0.956694 26.3144
-0.940739 -0.339005 -0.00929773 -12.6155 -0.313451 0.879637 -0.357754 0.125133 0.129459 -0.333638 -0.93377 26.1542
-0.915251 -0.307142 -0.260728 -12.9352 -0.174267 0.885293 -0.431146 0.119454 0.363244 -0.34917 -0.86379 26.0703
-0.862763 -0.118644 -0.49149 -12.9584 0.0246017 0.961076 -0.275187 0.0513111 0.505009 -0.249513 -0.826262 26.086
-0.606667 -0.136639 -0.783125 -13.1878 0.0404755 0.97853 -0.202089 0.00629346 0.793925 -0.154298 -0.588112 26.2558
-0.175536 -0.0412667 -0.983608 -13.2214 0.109482 0.992105 -0.0611616 -0.023393 0.978366 -0.118423 -0.169633 26.3467
0.188165 -0.0232756 -0.981862 -13.1887 0.106358 0.994323 -0.00318849 -0.0235458 0.976362 -0.103829 0.189572 26.2541
0.035451 -0.254692 -0.966372 -13.3066 0.278588 0.931167 -0.235194 0.0422952 0.959756 -0.260882 0.103965 26.3626
0.435356 -0.254685 -0.863482 -13.2881 0.397296 0.915049 -0.0695832 0.0698498 0.80785 -0.312764 0.499558 26.3927
0.494385 -0.375468 -0.783969 -13.5135 0.416914 0.893815 -0.165163 0.129322 0.762736 -0.245193 0.598426 26.3173
0.281034 -0.236334 -0.930143 -13.805 0.318214 0.937322 -0.142013 0.0735763 0.905406 -0.256074 0.338624 26.4182
0.279549 -0.100755 -0.95483 -14.0215 0.153559 0.986369 -0.0591251 -0.021604 0.947772 -0.130095 0.29121 26.2583
0.28865 -0.0972206 -0.952486 -14.0445 0.046194 0.995087 -0.0875698 -0.0572349 0.95632 -0.0187222 0.291722 26.3263
0.592866 -0.0715128 -0.80212 -14.101 0.0961523 0.99521 -0.0176592 -0.0425212 0.79954 -0.0666561 0.596902 26.4079
0.747475 -0.23576 -0.621046 -14.2621 0.388012 0.913795 0.120107 0.0910791 0.539192 -0.330751 0.774516 26.3884
0.812589 -0.364525 -0.454776 -14.2264 0.527124 0.792556 0.306587 0.212605 0.248676 -0.488853 0.836172 26.6458
0.912081 -0.331787 -0.240884 -14.5094 0.406228 0.810871 0.421268 0.180851 0.0555549 -0.482085 0.874361 26.7467
0.986974 -0.160648 -0.0086491 -14.4388 0.157756 0.955859 0.247886 -0.012975 -0.031555 -0.246021 0.968751 26.9178
0.963489 -0.0205021 0.266962 -14.533 0.00418202 0.998095 0.0615583 -0.0996662 -0.267716 -0.0581943 0.961739 26.8383
0.765491 0.0644902 0.640206 -14.5821 -0.0453436 0.997898 -0.0463046 -0.140006 -0.641847 0.00641654 0.766806 26.5994
0.449447 0.0214031 0.893051 -14.5351 -0.0884396 0.995868 0.0206418 -0.0700663 -0.888918 -0.0882584 0.449482 26.3033
0.258643 -0.0979881 0.96099 -14.5651 -0.219078 0.962968 0.157153 0.0378239 -0.940802 -0.251179 0.227598 26.3405
-0.102457 -0.0519591 0.993379 -14.7741 -0.202017 0.978911 0.0303663 0.00474868 -0.974008 -0.197568 -0.110793 26.4265
0.131353 -0.0795098 0.988142 -15.0591 -0.177659 0.978753 0.10237 0.0177913 -0.975286 -0.188999 0.114436 26.6447
-0.0580864 -0.0827242 0.994878 -15.1627 -0.149046 0.98611 0.0732931 -0.0217544 -0.987123 -0.144025 -0.0696093 26.6762
0.0107086 -0.145445 0.989308 -15.4336 -0.159084 0.976516 0.145286 0.0352213 -0.987207 -0.158939 -0.0126809 26.9485
0.255413 -0.107155 0.960876 -15.4932 -0.124888 0.981856 0.142692 0.00492758 -0.958732 -0.156447 0.237396 27.2179
0.576757 -0.0500063 0.815384 -15.5066 -0.156731 0.972809 0.170524 -0.011358 -0.80174 -0.226147 0.553237 27.4892
0.876527 0.0427398 0.479452 -15.4718 -0.139877 0.975684 0.168746 -0.0119167 -0.460582 -0.214975 0.861191 27.9463
0.977954 -0.102275 0.182062 -15.3346 0.0580733 0.970661 0.233334 0.053353 -0.200585 -0.217617 0.955201 28.1789
0.984257 -0.0935327 -0.149965 -15.4927 0.126082 0.96619 0.2249 0.103762 0.123859 -0.240268 0.962772 28.5584
0.874126 -0.0517524 -0.482935 -15.637 0.133232 0.981716 0.135951 0.0750642 0.467069 -0.18318 0.865038 28.746
0.590157 -0.0207763 -0.807021 -15.7553 0.112121 0.99209 0.0564504 0.0380502 0.799465 -0.123798 0.587818 28.8527
0.237075 0.0114145 -0.971424 -15.8837 0.0729838 0.996896 0.0295254 0.0157259 0.968746 -0.0778979 0.235506 28.9113
0.0998683 0.0854802 -0.991322 -16.0883 0.0763879 0.992704 0.0932949 -0.0170126 0.992064 -0.0850422 0.09261 29.0891
0.0151259 0.131284 -0.991229 -16.394 -0.0631199 0.989491 0.130091 -0.0576438 0.997891 0.0605986 0.0232536 29.4821
0.318555 0.317138 -0.893278 -16.5164 -0.18325 0.945198 0.270221 -0.114179 0.930023 0.0776132 0.359213 29.9996
0.585244 0.384684 -0.713798 -16.4441 -0.331287 0.916914 0.222525 -0.172211 0.740094 0.10624 0.664059 30.5509
0.808978 0.287253 -0.512875 -16.533 -0.201281 0.955094 0.217444 -0.0748253 0.552305 -0.0726756 0.830468 30.7671
0.707141 0.0985899 -0.700166 -16.6478 0.080683 0.972512 0.218426 0.0632022 0.702455 -0.210949 0.679749 30.9941
0.48805 0.0131623 -0.872716 -16.8595 0.213373 0.967748 0.133921 0.113679 0.846333 -0.251575 0.469501 30.8134
0.0882381 0.121966 -0.988604 -17.0117 -0.0440189 0.991983 0.118454 0.0109289 0.995126 0.0330651 0.0928995 30.6984
-0.261297 0.292386 -0.91991 -17.0726 -0.0672376 0.945191 0.31952 -0.112345 0.962914 0.145342 -0.227316 30.5367
-0.447999 0.370119 -0.813823 -17.0328 -0.0490996 0.898723 0.43576 -0.188969 0.892685 0.235178 -0.384454 30.6969
-0.405155 0.321802 -0.855741 -17.1638 0.0208758 0.939018 0.343235 -0.299167 0.91401 0.121199 -0.387166 31.0029
-0.2978 -0.00339314 -0.954622 -17.2153 0.208152 0.975702 -0.0684023 -0.24774 0.931659 -0.219077 -0.289857 31.1635
-0.355074 -0.113984 -0.927863 -17.2831 0.218518 0.954923 -0.20093 -0.328734 0.90894 -0.2741 -0.31416 31.3941
-0.279383 0.155743 -0.947465 -17.5363 0.0669789 0.987515 0.142576 -0.496329 0.957841 -0.0236267 -0.286326 31.4935
-0.21919 0.282542 -0.933877 -17.9522 -0.0137609 0.956162 0.292514 -0.735554 0.975585 0.0769672 -0.205693 31.5904
0.124711 0.415213 -0.901136 -18.0309 -0.18479 0.902055 0.390063 -0.768235 0.974833 0.117875 0.189224 31.736
0.388115 0.520762 -0.760377 -18.0746 -0.388838 0.840551 0.377198 -0.808517 0.835567 0.149267 0.528723 31.7762
0.757805 0.368477 -0.538475 -17.9097 -0.375368 0.921231 0.102135 -0.928444 0.533695 0.124728 0.836429 31.9721
0.898418 0.38779 -0.206069 -17.8207 -0.390118 0.920245 0.0309244 -0.93591 0.201626 0.0526083 0.978049 32.0065
0.946533 0.295606 0.129198 -17.9594 -0.304795 0.950657 0.057888 -1.00209 -0.105711 -0.094172 0.989928 32.0373
0.963989 0.264771 0.0249141 -17.986 -0.263902 0.96397 -0.0334287 -1.19215 -0.0328674 0.02565 0.999131 32.3233
0.981133 0.193165 -0.00808937 -18.1277 -0.19328 0.980991 -0.0172946 -1.31377 0.00459489 0.0185318 0.999818 32.5349
0.911598 0.301456 -0.279486 -18.3391 -0.309725 0.950704 0.0152103 -1.35995 0.270294 0.0726983 0.960029 32.687
0.885838 0.196627 -0.420271 -18.3428 -0.260923 0.960084 -0.100785 -1.51623 0.383679 0.198938 0.901784 32.9601
0.889116 0.283929 -0.358967 -18.5157 -0.292331 0.955784 0.0319199 -1.66031 0.352158 0.0765567 0.932804 33.1934
0.904742 0.240665 -0.351456 -18.6989 -0.210456 0.969912 0.122391 -1.67173 0.370337 -0.0367666 0.92817 33.1907
0.944891 -0.0035514 -0.327366 -18.7997 0.0960221 0.95897 0.26675 -1.56599 0.312987 -0.283484 0.906464 33.1255
0.92625 0.0832024 -0.36761 -18.7707 -0.000362318 0.975527 0.219881 -1.60576 0.376908 -0.203532 0.903612 33.2439
0.869954 0.22455 -0.439042 -18.8565 -0.154272 0.96955 0.190192 -1.86702 0.468381 -0.0977261 0.878105 33.6984
0.689804 0.243668 -0.681759 -19.0253 -0.133786 0.968346 0.210731 -1.97408 0.711527 -0.0541534 0.700569 33.8667
0.337645 0.371478 -0.86487 -18.9636 -0.219315 0.924588 0.311508 -2.03726 0.915367 0.0845004 0.393653 33.9778
0.137712 0.406595 -0.90317 -18.9936 -0.171442 0.907879 0.382574 -2.21222 0.975522 0.102156 0.194733 34.167
-0.0591915 0.390919 -0.91852 -18.8332 -0.126374 0.909796 0.39535 -2.24488 0.990215 0.139479 -0.00444999 34.4027
-0.0392389 0.340005 -0.939605 -18.809 -0.0909823 0.935207 0.342213 -2.49217 0.995079 0.0989155 -0.00576207 34.8157
0.0266613 0.325814 -0.945058 -19.0948 -0.0974592 0.941737 0.32192 -2.65248 0.994882 0.0835218 0.0568615 35.0844
0.39601 0.267009 -0.878568 -19.1452 -0.069884 0.962778 0.261102 -2.75976 0.915583 -0.042001 0.399929 35.399
0.616067 0.0936162 -0.782111 -19.3785 0.0811977 0.980075 0.181271 -2.83705 0.783497 -0.175181 0.596191 35.5818
0.664664 0.0433339 -0.745885 -19.6218 0.0942143 0.985487 0.141209 -3.01269 0.741179 -0.16413 0.650934 35.9157
0.757088 0.163009 -0.63265 -19.698 -0.0648452 0.98234 0.17551 -3.18645 0.650087 -0.0918527 0.754288 36.2977
0.859103 0.277299 -0.430171 -19.8066 -0.248856 0.960782 0.122349 -3.38785 0.447227 0.00194023 0.894418 36.5004
0.942237 0.250789 -0.222023 -19.7362 -0.253047 0.967273 0.018698 -3.54946 0.219447 0.0385644 0.974862 36.8037
0.936589 0.333459 0.107727 -19.6917 -0.325781 0.941804 -0.0828948 -3.7003 -0.1291 0.042543 0.990719 36.9931
0.839579 0.389762 0.378408 -19.538 -0.326813 0.918818 -0.221282 -3.74671 -0.433936 0.0621152 0.8988 37.0629
0.812668 0.398369 0.425292 -19.4559 -0.254987 0.89935 -0.355177 -3.7811 -0.523978 0.180197 0.832452 37.1759
0.858359 0.360402 0.365145 -19.5975 -0.264418 0.920672 -0.287135 -3.8778 -0.439663 0.149914 0.885564 37.7044
0.623426 0.366452 0.69069 -19.4551 -0.102125 0.913964 -0.392733 -3.87769 -0.775184 0.174304 0.607213 37.837
0.229326 0.440062 0.868191 -19.4407 0.0613485 0.883654 -0.464104 -3.89571 -0.971415 0.159693 0.175647 37.849
-0.18915 0.442781 0.876451 -19.512 0.225371 0.888313 -0.400135 -3.88257 -0.955735 0.121841 -0.267815 37.7851
-0.522222 0.297309 0.799307 -19.6245 0.140305 0.954444 -0.263346 -3.81647 -0.841189 -0.0253789 -0.540146 37.8201
-0.511515 0.0302125 0.858743 -19.646 -0.126655 0.985815 -0.110126 -3.71107 -0.849889 -0.165095 -0.500433 37.8967
-0.642902 -0.215663 0.73496 -19.6719 -0.458708 0.876849 -0.143955 -3.56848 -0.613403 -0.429681 -0.662654 37.9767
-0.824175 -0.286941 0.488262 -19.7061 -0.48046 0.810687 -0.334582 -3.55092 -0.299822 -0.510345 -0.806012 37.9482
-0.855373 -0.420586 0.302398 -19.7004 -0.517936 0.704388 -0.485365 -3.52748 -0.00886749 -0.571791 -0.820351 37.9741
-0.765933 -0.434336 0.474023 -19.5736 -0.629272 0.657568 -0.414272 -3.53774 -0.13177 -0.615594 -0.776969 37.931
-0.638594 -0.301016 0.708228 -19.4519 -0.552456 0.820005 -0.149613 -3.55782 -0.535715 -0.486807 -0.689948 37.7298
-0.628456 -0.133177 0.76636 -19.2073 -0.365209 0.920408 -0.139543 -3.60937 -0.686779 -0.367578 -0.627073 37.6254
-0.38481 -0.0866253 0.918922 -19.2962 -0.263792 0.964381 -0.0195554 -3.65255 -0.884497 -0.249929 -0.393954 37.4154
-0.424639 0.0459747 0.904195 -19.0501 -0.187012 0.972717 -0.137286 -3.70532 -0.885837 -0.227393 -0.404456 37.2314
-0.32009 -0.0500336 0.946065 -19.0743 -0.254824 0.96635 -0.0351105 -3.55238 -0.912473 -0.252319 -0.322069 36.7769
-0.529257 -0.112864 0.840921 -18.9827 -0.380421 0.917473 -0.11629 -3.5071 -0.758397 -0.381451 -0.528515 36.5877
-0.809008 -0.0175042 0.587538 -18.9888 -0.203956 0.945815 -0.252659 -3.41986 -0.551279 -0.324235 -0.768741 36.4059
-0.842186 0.0725435 0.534285 -19.2074 -0.0249356 0.984607 -0.172993 -3.31745 -0.53861 -0.159015 -0.827414 36.0741
-0.770052 -9.7816e-05 0.637981 -19.2451 -0.121484 0.981725 -0.146483 -3.17061 -0.626308 -0.190304 -0.755992 35.8057
-0.51642 -0.0724297 0.853267 -19.35 -0.23637 0.969763 -0.0607392 -3.04213 -0.823067 -0.233054 -0.517925 35.5304
-0.188025 -0.0559692 0.980568 -19.3277 -0.263263 0.964713 0.00458338 -2.96363 -0.946224 -0.257285 -0.196125 35.4512
0.143686 -0.0413387 0.98876 -19.1273 -0.24462 0.966639 0.0759618 -2.8864 -0.958914 -0.252785 0.12878 35.392
0.176863 -0.0353059 0.983602 -19.114 -0.237804 0.968215 0.0775134 -2.69945 -0.955075 -0.247614 0.162846 35.0472
-0.0315905 -0.0773421 0.996504 -18.9234 -0.350616 0.934503 0.0614151 -2.55745 -0.935986 -0.34745 -0.0566388 34.7983
-0.227236 -0.221673 0.948275 -18.8362 -0.419569 0.901023 0.110086 -2.49844 -0.878821 -0.372851 -0.297752 34.6613
-0.463687 -0.223303 0.857397 -18.8104 -0.343254 0.937419 0.0585098 -2.37653 -0.816805 -0.267174 -0.511319 34.3136
-0.632718 -0.378426 0.67562 -18.7692 -0.520936 0.85354 -0.00977378 -2.26491 -0.57297 -0.358138 -0.737186 34.2855
-0.655909 -0.298841 0.693164 -18.6971 -0.435783 0.899719 -0.0244689 -2.14733 -0.616341 -0.318119 -0.720364 34.03
-0.648004 -0.280134 0.708249 -18.4563 -0.452346 0.889687 -0.0619702 -1.96976 -0.612759 -0.360531 -0.703238 33.8471
-0.706576 -0.166127 0.68786 -18.2951 -0.286193 0.956094 -0.0630703 -1.87127 -0.647182 -0.241425 -0.723098 33.486
-0.839886 -0.206891 0.501784 -18.1775 -0.284794 0.954995 -0.0829329 -1.68971 -0.462043 -0.212559 -0.861008 33.2387
-0.739012 -0.303242 0.601586 -18.2405 -0.3853 0.922755 -0.0081841 -1.5009 -0.552634 -0.237839 -0.798766 32.8617
-0.469726 -0.296675 0.83147 -18.0741 -0.359178 0.924589 0.126989 -1.45872 -0.806442 -0.238996 -0.540862 32.7469
-0.163117 -0.268072 0.949489 -17.935 -0.246975 0.942833 0.223764 -1.34619 -0.955194 -0.198 -0.219999 32.7627
0.185027 -0.242016 0.952467 -17.8488 -0.197459 0.94028 0.277278 -1.27554 -0.962691 -0.239378 0.126189 32.5948
0.154116 -0.191617 0.969294 -17.62 -0.232579 0.946413 0.224074 -1.1242 -0.960289 -0.259971 0.101292 32.3859
0.120602 -0.317939 0.940409 -17.5486 -0.322234 0.883488 0.34002 -0.904603 -0.938946 -0.344039 0.00409994 32.0754
0.0801596 -0.228637 0.970206 -17.23 -0.32206 0.915192 0.242282 -0.842842 -0.94332 -0.331885 -0.000273287 31.9943
-0.243183 -0.310491 0.918944 -17.1871 -0.355655 0.909944 0.213332 -0.66946 -0.902425 -0.274948 -0.331711 31.8273
-0.491759 -0.301763 0.816769 -17.3017 -0.384279 0.916948 0.107409 -0.53501 -0.781347 -0.261048 -0.566878 31.4161
-0.653924 -0.253997 0.712649 -17.1418 -0.374924 0.926955 -0.013651 -0.386563 -0.657126 -0.276116 -0.701388 31.2042
-0.83898 -0.317057 0.442253 -17.2392 -0.388972 0.917775 -0.0799388 -0.361182 -0.380543 -0.239091 -0.893321 31.1048
-0.938398 -0.0927522 0.332877 -17.2175 -0.159983 0.97046 -0.180593 -0.25596 -0.306293 -0.222722 -0.925516 30.6106
-0.765553 -0.136602 0.628703 -16.9906 -0.246498 0.964908 -0.0905017 -0.088934 -0.594278 -0.224258 -0.772361 30.6084
-0.745594 -0.0378737 0.665324 -16.4537 -0.198941 0.965508 -0.167981 0.0496148 -0.636013 -0.257605 -0.727411 30.3824
-0.474127 -0.12718 0.871223 -16.1905 -0.258988 0.96588 5.39992e-05 0.0863853 -0.841504 -0.225611 -0.490888 30.389
-0.124866 -0.164053 0.978517 -15.9521 -0.294474 0.947924 0.121347 0.104311 -0.947467 -0.272995 -0.166673 30.4645
0.25452 -0.12602 0.958822 -15.8087 -0.209216 0.960818 0.181819 0.0811503 -0.944165 -0.246878 0.218181 30.5699
0.55127 -0.208052 0.80797 -15.6319 -0.0845868 0.949483 0.302204 0.117877 -0.830028 -0.23494 0.505823 30.6452
0.687476 -0.167828 0.706549 -15.3862 -0.0758988 0.950996 0.299742 0.102504 -0.72223 -0.259691 0.641049 30.7914
0.773878 -0.127166 0.620436 -15.35 -0.0830141 0.950816 0.298425 0.0695283 -0.62787 -0.28245 0.725259 31.0309
0.896677 -0.214283 0.387366 -15.1436 0.0823412 0.940502 0.329661 0.0962673 -0.434959 -0.263704 0.860971 31.1512
0.950469 -0.124055 0.28499 -15.0432 0.0167064 0.935962 0.351704 0.0293938 -0.31037 -0.329522 0.891675 31.6292
0.98011 -0.136063 -0.144469 -14.947 0.166493 0.959922 0.225457 0.0254553 0.108002 -0.245026 0.963482 32.0116
0.879854 -0.153029 -0.449932 -15.1776 0.287158 0.925557 0.246747 0.0179898 0.378679 -0.346303 0.858299 32.2909
0.588519 -0.215879 -0.779129 -15.4451 0.383872 0.922749 0.0342873 0.0420283 0.711539 -0.319265 0.625926 32.5229
0.326346 -0.168032 -0.930196 -15.5762 0.310897 0.948403 -0.0622475 0.0488299 0.89266 -0.268881 0.361748 32.7166
0.110012 -0.0144232 -0.993826 -15.9015 0.254712 0.966913 0.0141628 -0.00227413 0.960739 -0.254698 0.110046 32.8575
-0.194531 -0.138874 -0.971016 -16.0256 0.184934 0.966982 -0.175346 0.0477825 0.963305 -0.213684 -0.162425 33.1692
0.0297817 -0.0264938 -0.999205 -16.3699 0.224727 0.974234 -0.0191336 0.0182396 0.973967 -0.223979 0.0349682 33.3803
0.0876043 -0.0275234 -0.995775 -16.5897 0.14795 0.988891 -0.014317 0.0316781 0.985107 -0.146071 0.0907032 33.785
0.337856 0.118167 -0.93375 -16.8987 0.220552 0.954525 0.200597 -0.0107339 0.914992 -0.273714 0.29643 34.0646
0.472626 -0.0951155 -0.876115 -16.8837 0.282689 0.957985 0.0484949 0.0600233 0.834692 -0.270588 0.479657 34.4411
0.734003 -0.129728 -0.666641 -16.9345 0.323913 0.929621 0.17574 0.0679057 0.596925 -0.344928 0.724366 34.7566
0.805701 -0.238065 -0.542376 -16.9566 0.352538 0.928565 0.116121 0.104443 0.475987 -0.284767 0.832073 35.242
0.90141 -0.219123 -0.373424 -17.0484 0.317299 0.921149 0.225403 0.127046 0.294587 -0.321667 0.89986 35.7854
0.822296 -0.228372 -0.521225 -17.1535 0.320069 0.942936 0.0918039 0.115362 0.470517 -0.242318 0.848467 36.2475
0.641112 -0.229612 -0.732294 -17.4617 0.353051 0.935471 0.0157721 0.0927212 0.681418 -0.268648 0.680806 36.7101
0.449958 -0.209524 -0.868123 -17.6801 0.385333 0.922493 -0.0229244 0.107925 0.80564 -0.324201 0.49582 37.2356
0.127234 -0.218058 -0.967607 -18.0349 0.249207 0.95127 -0.181607 0.117262 0.960056 -0.218028 0.175375 37.6507
-0.160262 -0.0980609 -0.982192 -18.2566 0.188547 0.97369 -0.127977 0.0677529 0.968899 -0.205699 -0.137556 37.7302
-0.419672 -0.058691 -0.905776 -18.6708 0.0904482 0.990236 -0.106071 0.0514191 0.903158 -0.126441 -0.410266 37.8519
-0.757424 -0.107303 -0.644046 -18.7813 -0.0385701 0.992034 -0.119921 0.0757414 0.651783 -0.0659901 -0.755529 37.8057
-0.919841 -0.0777335 -0.384514 -18.993 0.038318 0.957681 -0.28527 0.0465502 0.390416 -0.277137 -0.877935 37.5537
-0.985427 -0.163247 -0.0477988 -19.167 -0.151752 0.970657 -0.18654 0.0529692 0.0768483 -0.176567 -0.981284 37.3777
-0.926387 -0.25462 0.277446 -19.2264 -0.296328 0.947536 -0.119857 0.0899312 -0.232372 -0.193249 -0.953236 37.2817
-0.803986 -0.240476 0.543855 -19.139 -0.309545 0.950146 -0.0374785 0.103135 -0.507729 -0.19848 -0.838342 36.8336
-0.582024 -0.355567 0.731314 -19.1466 -0.371163 0.91635 0.150138 0.306314 -0.723523 -0.184053 -0.665311 36.3593
-0.411569 -0.423871 0.806811 -19.0749 -0.523911 0.834408 0.171113 0.512987 -0.74574 -0.352273 -0.565487 36.1465
-0.193058 -0.368758 0.909256 -19.1218 -0.382071 0.881799 0.276499 0.681378 -0.903742 -0.29402 -0.31113 35.7886
-0.0367024 -0.304362 0.951849 -18.96 -0.377086 0.886296 0.26886 0.830765 -0.925451 -0.349061 -0.1473 35.5457
0.29573 -0.188204 0.936549 -19.0589 -0.256765 0.92866 0.267697 0.924373 -0.920117 -0.319639 0.226308 35.3879
0.409575 0.10657 0.906031 -19.258 -0.164852 0.985449 -0.041389 0.800933 -0.897258 -0.132409 0.421183 35.3763
0.0614693 0.248765 0.966611 -19.3091 -0.0635689 0.967452 -0.244939 0.716174 -0.996083 -0.0463902 0.0752823 35.1551
-0.356492 0.14865 0.922397 -19.2376 0.00788076 0.987705 -0.156129 0.874691 -0.934265 -0.0483897 -0.353281 34.7082
-0.638544 0.116239 0.760756 -19.2345 -0.0377426 0.982608 -0.181816 1.04943 -0.768659 -0.14481 -0.623052 34.3752
-0.595213 -0.0508096 0.80196 -19.2382 -0.196907 0.976795 -0.0842571 1.27849 -0.779069 -0.208062 -0.591406 34.1048
-0.571484 -0.129531 0.810326 -18.9906 -0.277193 0.959894 -0.0420506 1.46611 -0.77238 -0.248648 -0.584469 33.9668
-0.339446 -0.252552 0.906087 -18.6945 -0.451635 0.888741 0.0785222 1.60925 -0.825108 -0.382566 -0.415741 34.1011
-0.176258 -0.316463 0.932086 -18.6522 -0.400165 0.88817 0.225881 1.61494 -0.899334 -0.333175 -0.283184 34.0331
-0.327656 -0.239958 0.913817 -18.5347 -0.293101 0.945307 0.143133 1.7858 -0.898183 -0.220942 -0.380068 33.7356
-0.611737 -0.106868 0.783809 -18.5864 -0.173336 0.984862 -0.00100257 1.77621 -0.771837 -0.136476 -0.621001 33.3693
-0.58315 -0.0920864 0.807128 -18.3145 -0.153368 0.988167 0.00193287 1.99017 -0.797756 -0.122661 -0.590373 33.1092
-0.141408 -0.0993448 0.984954 -18.0429 -0.125133 0.988765 0.081764 2.05075 -0.982011 -0.111689 -0.152251 33.159
0.2069 -0.0484622 0.977161 -17.8414 -0.0667696 0.995744 0.0635213 2.14803 -0.976081 -0.0783873 0.202784 33.0988
0.190914 -0.0258248 0.981267 -17.5382 -0.142327 0.988362 0.0537025 2.2838 -0.971234 -0.149913 0.185016 32.9647
-0.157001 -0.140039 0.977619 -17.4391 -0.121036 0.985162 0.121682 2.40684 -0.980154 -0.0992227 -0.171621 32.5686
-0.369829 -0.0375136 0.928342 -17.2981 -0.142964 0.989582 -0.0169653 2.53454 -0.918035 -0.138994 -0.37134 32.277
-0.720563 -0.0431713 0.692044 -17.4244 -0.100194 0.994068 -0.0423105 2.63548 -0.686112 -0.0998258 -0.720614 32.045
-0.863038 -0.0918329 0.496722 -17.6481 -0.0631134 0.995234 0.0743393 2.77883 -0.501181 0.0328078 -0.86472 31.8527
-0.937323 -0.0922084 0.33604 -17.6251 -0.0623152 0.993164 0.098704 2.81301 -0.342844 0.0715771 -0.936661 31.7288
-0.85347 -0.167055 0.493641 -17.5088 -0.158609 0.985559 0.0593033 2.97522 -0.49642 -0.0276824 -0.867641 31.5371
-0.892585 -0.0563364 0.447346 -17.2339 -0.019772 0.9961 0.0859925 3.06084 -0.450446 0.0679106 -0.890217 31.3272
-0.938406 -0.00165067 0.34553 -17.3219 0.0377518 0.993512 0.107274 3.19005 -0.343465 0.113711 -0.932256 31.0734
-0.989121 0.0656755 0.131627 -17.0191 0.0740758 0.995448 0.0599685 3.35897 -0.127089 0.0690665 -0.989484 31.0133
-0.983453 0.166987 -0.0702529 -16.9801 0.162746 0.984697 0.0623279 3.45199 0.0795858 0.0498632 -0.99558 30.6959
-0.906931 0.149428 -0.393888 -16.8204 0.106869 0.986001 0.127988 3.56668 0.407499 0.0739819 -0.910204 30.6415
-0.684966 0.229922 -0.691345 -16.8054 0.167502 0.973178 0.157694 3.64937 0.709059 -0.00778676 -0.705106 30.7128
-0.33255 0.251046 -0.909058 -16.8454 0.0622185 0.967659 0.244469 3.6609 0.941031 0.0247379 -0.337414 30.7542
0.0190309 0.269287 -0.962872 -16.6549 -0.0347319 0.962643 0.268537 3.64647 0.999215 0.0283319 0.0276728 30.6611
0.159607 0.220109 -0.962329 -16.3183 -0.0871736 0.97416 0.208357 3.67876 0.983324 0.0506344 0.174671 30.5739
0.0688958 0.311952 -0.947596 -16.2128 -0.201535 0.934622 0.293028 3.61288 0.977055 0.170785 0.127261 30.531
0.0365085 0.310191 -0.949973 -16.2101 -0.206533 0.932426 0.296524 3.62062 0.977758 0.185375 0.0981061 30.5248
-0.997517 0.0125758 0.0692959 -134.683 0.00334729 0.991282 -0.131713 11.6245 -0.0703482 -0.131154 -0.988863 1.92155
-0.997841 0.0587659 0.0293394 -134.507 0.0548755 0.991341 -0.119298 11.5295 -0.036096 -0.11743 -0.992425 1.60966
-0.972721 0.08586 -0.215505 -134.475 0.108366 0.989574 -0.0948697 11.586 0.205113 -0.115635 -0.971883 0.98505
-0.860949 0.22983 -0.453812 -134.622 0.207405 0.973193 0.0993901 11.4773 0.46449 -0.00855304 -0.885537 0.291944
-0.739443 0.314489 -0.595248 -134.852 0.241364 0.949245 0.201684 11.4835 0.628464 0.00546228 -0.77782 -0.298503
-0.496226 0.262075 -0.827693 -135.038 0.140411 0.965026 0.221379 11.5186 0.856764 -0.0063634 -0.515669 -0.605534
-0.182909 0.335767 -0.924016 -135.261 -0.0152293 0.938791 0.34415 11.5004 0.983012 0.0770203 -0.1666 -0.714511
0.240628 0.3184 -0.916908 -135.286 -0.108429 0.947569 0.300591 11.5417 0.964542 0.0270889 0.262535 -0.753428
0.600367 0.10086 -0.793339 -135.216 0.0551528 0.984431 0.166892 11.7274 0.79782 -0.143951 0.585458 -0.891454
0.725143 -0.0869784 -0.683082 -135.039 0.220962 0.968923 0.111192 11.8168 0.652183 -0.231565 0.721827 -0.919845
0.744269 -0.0496814 -0.666029 -135.009 0.21213 0.963176 0.165203 11.7616 0.633296 -0.26424 0.727402 -0.918969
0.711403 0.132182 -0.690241 -135.12 0.0602341 0.967071 0.247275 11.6614 0.700198 -0.217489 0.680016 -1.00439
0.474328 0.246442 -0.84515 -135.042 0.0190528 0.95692 0.289727 11.5947 0.880142 -0.153528 0.449198 -1.02201
0.188345 0.203498 -0.960789 -135.047 0.185324 0.953357 0.238254 11.5743 0.964459 -0.222931 0.141847 -1.25191
-0.16276 0.235915 -0.958047 -134.983 0.227243 0.953853 0.196277 11.5752 0.960141 -0.185763 -0.208859 -1.55911
-0.477712 0.238161 -0.845618 -134.92 0.254196 0.958851 0.12645 11.566 0.840937 -0.154546 -0.518594 -1.67402
-0.756809 0.286827 -0.587343 -134.942 0.29856 0.951054 0.0797404 11.5749 0.581466 -0.115009 -0.805401 -1.85263
-0.925427 0.290414 -0.243401 -134.935 0.301826 0.953309 -0.0101211 11.5337 0.229098 -0.0828311 -0.969873 -2.02534
-0.868917 0.351202 0.348769 -134.861 0.327028 0.936295 -0.128075 11.3614 -0.371531 0.00277028 -0.928416 -2.32326
-0.658535 0.375853 0.651971 -134.91 0.320246 0.923952 -0.209177 11.1676 -0.68101 0.0710403 -0.72882 -2.52664
-0.601651 0.256237 0.756544 -134.745 0.184963 0.966099 -0.180117 10.9795 -0.777049 0.0315654 -0.628648 -2.84162
-0.818024 0.0658564 0.571402 -134.82 -0.0739039 0.973155 -0.217962 10.9168 -0.570417 -0.220527 -0.791197 -3.06285
-0.773636 -0.157168 0.613828 -134.636 -0.306109 0.940906 -0.144888 10.7686 -0.554783 -0.299989 -0.77603 -3.30572
-0.910259 -0.0970183 0.402511 -134.657 -0.169389 0.97434 -0.148217 10.62 -0.377803 -0.203097 -0.903336 -3.59563
-0.909813 0.0467734 0.412374 -134.495 -0.0968733 0.942247 -0.320604 10.2692 -0.403554 -0.331638 -0.852737 -4.01867
-0.884257 0.0771693 0.460581 -134.568 0.0474773 0.995998 -0.0757267 10.1189 -0.464582 -0.0450947 -0.884381 -4.24501
-0.933086 -0.0282547 0.358542 -134.592 0.00068976 0.996767 0.0803448 10.0752 -0.359653 0.0752159 -0.93005 -4.80955
-0.944919 0.0445912 0.324252 -134.683 0.0821456 0.991277 0.103064 10.0319 -0.316828 0.124023 -0.940339 -4.8577
-0.854852 -0.0557796 0.515865 -134.667 -0.0270565 0.997644 0.0630377 10.0491 -0.518166 0.0399304 -0.854347 -4.78198
-0.821036 -0.106249 0.560902 -134.902 -0.108201 0.993681 0.0298454 10.0798 -0.560529 -0.036186 -0.827344 -5.09248
-0.662839 -0.0564916 0.746628 -134.876 -0.0806608 0.996734 0.00380641 10.08 -0.744404 -0.0577006 -0.665231 -5.6075
-0.381144 -0.0435943 0.923487 -134.727 -0.21986 0.974505 -0.0447387 10.0682 -0.897993 -0.22009 -0.381011 -6.00905
-0.189563 -0.0286039 0.981452 -134.482 -0.257403 0.966064 -0.0215608 9.98524 -0.947528 -0.256716 -0.190493 -6.78261
-0.120033 -0.0898802 0.988693 -134.163 -0.202008 0.97727 0.0643169 9.98953 -0.972 -0.192004 -0.135461 -7.26669
-0.564332 -0.129419 0.81534 -133.751 -0.303445 0.951016 -0.0590724 10.039 -0.767757 -0.280747 -0.575961 -7.90396
-0.834534 -0.134383 0.534316 -133.603 -0.24365 0.959829 -0.139148 10.0582 -0.494153 -0.24631 -0.833753 -8.16512
-0.860373 -0.130661 0.492632 -133.312 -0.229988 0.962105 -0.14649 9.96577 -0.454824 -0.239336 -0.857819 -8.94936
-0.798811 -0.0400361 0.600249 -133.171 -0.253141 0.927516 -0.275015 9.91842 -0.54573 -0.371633 -0.751045 -9.81061
-0.806402 -0.255902 0.533132 -133.182 -0.232418 0.966124 0.112188 9.88701 -0.543781 -0.0334409 -0.838561 -10.2118
-0.957346 -0.279986 0.0713946 -133.385 -0.286022 0.953335 -0.0966628 9.8937 -0.0409988 -0.11296 -0.992753 -10.5606
-0.974895 0.0757232 0.209392 -133.437 -0.0298263 0.887511 -0.45982 9.89273 -0.220657 -0.454521 -0.862972 -11
-0.783829 0.393811 0.48013 -133.402 -0.00949723 0.765493 -0.643374 9.78686 -0.620904 -0.508855 -0.596275 -11.3441
-0.816171 0.00212146 0.577807 -133.591 -0.0847738 0.988732 -0.123376 9.91813 -0.571558 -0.149679 -0.806795 -11.7482
-0.958561 -0.0936263 0.269062 -133.914 -0.0660506 0.991757 0.109793 9.9525 -0.277124 0.0874716 -0.956844 -12.112
-0.995863 -0.00324471 0.0908134 -134.032 -0.0388221 0.918763 -0.392897 9.89866 -0.0821611 -0.394797 -0.915087 -12.4362
-0.950976 -0.281009 0.129146 -134.572 -0.306622 0.91118 -0.275197 9.96994 -0.0403426 -0.301305 -0.952674 -13.2382
-0.956373 -0.264512 -0.124034 -135.116 -0.221511 0.933351 -0.282468 9.91149 0.190484 -0.24267 -0.951224 -13.9156
-0.977338 -0.178927 0.113115 -135.582 -0.201767 0.949036 -0.242118 9.94147 -0.0640286 -0.259454 -0.963631 -14.5828
-0.895618 -0.426363 -0.126817 -136.087 -0.433629 0.900403 0.0352287 9.90534 0.0991661 0.086543 -0.9913 -14.927
-0.82648 -0.337893 -0.450289 -136.611 -0.329256 0.938907 -0.100217 9.89286 0.456642 0.0654332 -0.887241 -15.2394
-0.589616 -0.399574 -0.701922 -137.111 -0.352166 0.909278 -0.221793 9.88828 0.726865 0.11642 -0.676841 -15.3236
-0.45782 -0.125113 -0.880198 -137.462 0.10522 0.975465 -0.193383 9.87938 0.882797 -0.181148 -0.433423 -15.3371
-0.64507 0.150467 -0.749162 -137.612 0.466325 0.854199 -0.229968 9.80943 0.605331 -0.497698 -0.621185 -15.4613
-0.849264 0.229475 -0.475491 -137.887 0.41346 0.849131 -0.328676 9.80229 0.328331 -0.475729 -0.816015 -15.6161
-0.993817 0.0870927 -0.0688622 -138.185 0.103521 0.951052 -0.291175 9.80577 0.0401323 -0.296504 -0.954188 -15.7743
-0.930655 0.0519834 0.362185 -138.309 -0.0297702 0.975817 -0.216552 9.79904 -0.364684 -0.212318 -0.906602 -15.9227
-0.841216 -0.0665622 0.536586 -138.584 -0.266474 0.914542 -0.30431 9.82782 -0.470475 -0.398977 -0.787065 -16.1517
-0.544762 -0.0728361 0.835421 -138.855 -0.326301 0.936122 -0.131159 9.77792 -0.772504 -0.344049 -0.533731 -16.3203
-0.287962 0.0249826 0.957316 -139.023 -0.34155 0.931238 -0.127041 9.80131 -0.894663 -0.363555 -0.259628 -16.6212
-0.0451274 -0.0684501 0.996633 -139.343 -0.329057 0.942992 0.0498663 9.81813 -0.943231 -0.325699 -0.0650788 -16.7031
0.108039 0.0215962 0.993912 -139.494 -0.270962 0.962552 0.00853898 9.80991 -0.956508 -0.270235 0.109845 -16.4461
0.418582 0.0201827 0.907955 -139.493 -0.224738 0.970961 0.0820246 9.83696 -0.879933 -0.238386 0.410962 -16.2271
0.441569 -0.0768557 0.893929 -139.057 -0.236066 0.951269 0.198394 9.95847 -0.865615 -0.298631 0.401908 -16.1768
0.457647 -0.141404 0.877818 -138.587 -0.228146 0.935543 0.269646 9.93767 -0.859365 -0.323673 0.395888 -16.2102
0.152338 -0.167015 0.974115 -138.194 -0.33141 0.919922 0.209551 9.95294 -0.931107 -0.354754 0.0847884 -16.1797
0.419306 -0.189375 0.887874 -137.827 -0.181431 0.940792 0.286344 9.92308 -0.889531 -0.281154 0.360121 -16.1683
0.265656 -0.265937 0.926663 -137.287 -0.261831 0.90517 0.33483 9.95047 -0.927832 -0.331579 0.170834 -16.3374
0.568286 -0.172399 0.804568 -136.776 -0.110828 0.952857 0.282454 9.92358 -0.815333 -0.249683 0.522389 -16.4447
0.861075 -0.167442 0.480118 -136.404 0.0204422 0.954862 0.296347 9.89844 -0.508067 -0.245362 0.825631 -16.0858
0.981827 -0.119924 0.147087 -136.439 0.0871224 0.973367 0.212054 9.81574 -0.1686 -0.195386 0.966125 -15.9599
0.95139 -0.0723643 -0.299368 -136.463 0.129635 0.975798 0.176107 9.72507 0.279379 -0.206355 0.937745 -15.7449
0.550891 -0.122746 -0.825501 -136.586 0.24802 0.968516 0.021502 9.76172 0.796872 -0.216586 0.563991 -15.5796
0.496465 -0.201894 -0.844252 -136.971 0.408057 0.912699 0.0216963 9.82155 0.766168 -0.355274 0.535507 -15.3804
0.5144 -0.109502 -0.85053 -137.305 0.346093 0.933962 0.0890732 9.76994 0.78461 -0.340181 0.518328 -14.857
0.561796 -0.134154 -0.816326 -137.337 0.319101 0.945543 0.0642162 9.77937 0.763256 -0.296566 0.574011 -14.4847
0.337007 -0.115516 -0.934389 -136.945 0.37198 0.928037 0.0194318 9.78001 0.864903 -0.354122 0.355725 -14.7013
0.209867 0.0305592 -0.977252 -136.418 0.251518 0.964186 0.0841648 9.78747 0.944825 -0.26346 0.194665 -14.6567
0.411515 -0.0935607 -0.906588 -136.293 0.253553 0.967201 0.015276 9.78735 0.875423 -0.236155 0.42174 -14.146
0.306832 -0.056145 -0.950106 -136.209 0.270797 0.96215 0.0305959 9.7352 0.912427 -0.266674 0.310422 -13.5683
0.418411 -0.109057 -0.901687 -136.103 0.328936 0.943566 0.0385147 9.81407 0.846601 -0.312712 0.430671 -12.9111
0.75432 -0.062674 -0.653508 -135.942 0.244641 0.950572 0.191216 9.78127 0.609222 -0.304113 0.732368 -12.5169
0.891525 -0.146601 -0.428591 -135.744 0.235022 0.958564 0.160996 9.82589 0.38723 -0.244261 0.889039 -11.9119
0.813869 -0.0939695 -0.573399 -135.643 0.093624 0.99515 -0.0301989 9.77208 0.573456 -0.029106 0.818719 -11.2881
0.94373 -0.0348988 -0.32887 -135.3 0.1011 0.977255 0.186416 9.84868 0.314884 -0.209175 0.925794 -10.5562
0.893552 0.0842604 -0.440983 -135.164 0.0446742 0.960668 0.274081 9.77545 0.446732 -0.264606 0.854643 -10.1013
0.763232 -0.0710963 -0.642201 -135.019 0.142453 0.987986 0.0599232 9.82994 0.630225 -0.137219 0.764191 -9.38059
0.953737 -0.0923987 -0.28609 -134.875 0.103049 0.994425 0.0223649 9.89245 0.282429 -0.0508116 0.957942 -8.97514
0.775247 -0.0828709 -0.626198 -134.801 0.19725 0.973542 0.115362 9.89139 0.60007 -0.212951 0.771082 -8.64979
0.971288 -0.143518 -0.189744 -134.505 0.166172 0.980013 0.109364 9.88802 0.170256 -0.137754 0.975724 -8.50385
0.973717 -0.0704504 0.216593 -134.194 0.0178476 0.971637 0.235805 9.87101 -0.227062 -0.225741 0.947356 -8.48018
0.738349 -0.077001 0.670008 -133.952 -0.0868435 0.974335 0.207678 9.88263 -0.668804 -0.211524 0.712712 -8.62145
0.428996 -0.134172 0.893286 -133.665 -0.0894147 0.977743 0.189799 9.85741 -0.89887 -0.161296 0.407451 -8.98051
0.0511085 -0.144037 0.988252 -133.382 -0.264837 0.952163 0.152473 9.8068 -0.962938 -0.269518 0.0105174 -9.34597
-0.129441 -0.244329 0.961014 -133.154 -0.261331 0.94331 0.204629 9.90385 -0.956531 -0.224655 -0.185953 -9.802
-0.438266 -0.190539 0.878418 -133.208 -0.265105 0.961202 0.0762281 9.85787 -0.858861 -0.199465 -0.471775 -10.1401
-0.763108 -0.212903 0.610196 -133.289 -0.370362 0.917824 -0.142935 9.88704 -0.529621 -0.335068 -0.77925 -10.6349
-0.91264 -0.259473 0.31585 -133.477 -0.276721 0.960896 -0.010194 9.85737 -0.300854 -0.0967058 -0.948754 -10.9123
-0.827411 -0.0439642 0.559873 -133.558 -0.180318 0.964943 -0.190712 9.80994 -0.53186 -0.258753 -0.806332 -11.4913
-0.958839 -0.140102 0.246979 -133.836 -0.191332 0.961472 -0.197395 9.87228 -0.209807 -0.236525 -0.948703 -11.8477
-0.974373 -0.109033 0.196747 -134.366 -0.155898 0.957861 -0.241244 9.84043 -0.162152 -0.265734 -0.950312 -12.3433
-0.979679 -0.00889158 0.200375 -135.102 -0.0583772 0.968407 -0.242446 9.78455 -0.191889 -0.249217 -0.949247 -12.7044
