1 1.42384e-05 2.00516e-05 4.20905e-07 -1.42383e-05 1 -6.73014e-06 -1.34243e-06 -2.00517e-05 6.72985e-06 1 -1.75852e-06
0.901485 -0.00960308 -0.432703 4.83438 0.000878933 0.999792 -0.0203575 0.219792 0.432809 0.0179717 0.901307 0.270177
0.847317 -0.0336483 -0.530021 5.59181 0.0176864 0.999225 -0.0351612 0.224651 0.530793 0.0204185 0.847255 0.67185
0.920992 -0.0702863 -0.383188 6.38147 0.0265391 0.992625 -0.118286 0.22465 0.388676 0.0987706 0.916065 1.42012
0.95661 -0.0913316 -0.276687 7.43208 0.0785666 0.995284 -0.056899 0.262992 0.280579 0.0326918 0.959274 1.81938
0.847648 -0.0534788 -0.527856 8.45604 0.0358463 0.998406 -0.0435886 0.249404 0.529346 0.0180261 0.848215 2.26946
0.555968 -0.0643649 -0.828708 9.18319 0.0886785 0.9959 -0.0178575 0.292627 0.82646 -0.0635604 0.559396 3.10356
0.163114 -0.0636621 -0.984551 9.29399 0.257414 0.966098 -0.0198223 0.402111 0.952435 -0.250204 0.173971 3.35136
-0.23825 0.0271277 -0.970825 9.54989 0.298412 0.953299 -0.0465953 0.454102 0.924222 -0.300808 -0.235218 3.82657
-0.553625 0.00956032 -0.832711 9.60325 0.218031 0.966718 -0.133858 0.479138 0.803718 -0.255664 -0.537284 4.13926
-0.546302 -0.00203011 -0.837586 9.65137 0.0686782 0.996521 -0.0472096 0.40484 0.834768 -0.0833146 -0.544262 4.82883
-0.603559 0.0822388 -0.793066 10.0287 0.039471 0.996529 0.0732982 0.290259 0.796341 0.0129367 -0.604709 4.78523
-0.866988 0.11136 -0.485728 10.1556 0.0606521 0.991046 0.118952 0.24725 0.494625 0.0736691 -0.865979 4.55073
-0.992461 0.0213825 -0.12068 10.0765 0.01433 0.998155 0.0590083 0.227149 0.121719 0.0568341 -0.990936 4.22842
-0.976123 -0.00410997 0.21718 9.65469 -0.00113594 0.999904 0.0138169 0.281846 -0.217216 0.0132403 -0.976034 3.65108
-0.819233 -0.00483624 0.57344 9.3232 0.0492605 0.995675 0.0787722 0.25679 -0.571341 0.0927808 -0.815452 3.16568
-0.587304 -0.0149181 0.809229 8.75475 0.00660528 0.999708 0.0232234 0.282328 -0.80934 0.0189844 -0.587034 2.36387
-0.574392 -0.046699 0.817247 8.13503 -0.0614222 0.998016 0.0138586 0.311773 -0.816273 -0.0422369 -0.576121 1.60138
-0.834623 -0.0143919 0.550633 7.57187 -0.0137903 0.999891 0.00523159 0.309509 -0.550649 -0.00322697 -0.834731 0.711913
-0.95903 -0.0432648 0.279982 6.95242 -0.0295757 0.99816 0.0529362 0.27166 -0.281757 0.0424868 -0.958545 -0.146735
-0.816221 0.00498834 0.577718 6.23931 0.0105789 0.999924 0.00631239 0.240165 -0.577643 0.0112639 -0.816212 -0.780297
-0.906447 -0.0217693 0.421758 5.17368 -0.00599606 0.999233 0.0386894 0.247363 -0.422276 0.032541 -0.905883 -1.18349
-0.995717 -0.00451862 0.092343 4.48533 -0.000225811 0.998921 0.0464453 0.248183 -0.0924532 0.0462255 -0.994643 -1.66533
-0.922084 -0.0848913 -0.377563 4.56293 -0.111437 0.992564 0.0489837 0.244092 0.370597 0.0872417 -0.924687 -1.77712
-0.74599 -0.117181 -0.655567 4.71732 -0.185389 0.982027 0.0354248 0.249804 0.639633 0.147961 -0.754306 -1.81123
-0.466681 -0.0337288 -0.883782 4.92435 -0.20058 0.977271 0.0686197 0.227738 0.86138 0.209293 -0.46284 -1.82113
-0.100715 -0.0600834 -0.993099 5.16736 -0.0909154 0.994554 -0.0509513 0.261592 0.990753 0.0851565 -0.105629 -1.66288
0.245403 -0.112517 -0.962869 5.19801 0.0247393 0.993645 -0.109809 0.32482 0.969105 0.00312663 0.246627 -1.15428
0.336717 -0.150755 -0.929459 5.25057 0.0445892 0.988546 -0.144185 0.348391 0.940549 0.0071058 0.339583 -0.776373
0.623958 -0.10918 0.773793 2.34995 -0.0887282 0.973891 0.20896 0.139887 -0.776404 -0.19904 0.597979 -0.416719
0.58243 -0.206385 0.786245 2.48081 0.0592099 0.975434 0.212185 0.10605 -0.810722 -0.077029 0.580342 -0.508685
0.463265 -0.238836 0.85343 2.64103 0.0621218 0.969383 0.237565 0.10192 -0.88404 -0.0570391 0.463919 -0.555275
0.620165 -0.355647 0.699221 2.97385 0.026454 0.900302 0.434461 0.217259 -0.784025 -0.25094 0.567744 -0.88779
0.66664 -0.414306 0.61963 3.36846 0.027445 0.844374 0.53505 0.270743 -0.744874 -0.33968 0.574264 -0.969102
0.799491 -0.442727 0.405964 3.66007 0.206187 0.837048 0.506792 0.231762 -0.564181 -0.321471 0.760497 -0.965762
0.865875 -0.172991 0.469398 3.995 0.0785562 0.973685 0.213931 0.14208 -0.494054 -0.148364 0.856679 -0.629347
0.974846 -0.165796 0.148954 4.2071 0.135879 0.971852 0.192461 0.161691 -0.176671 -0.16738 0.969934 -0.24558
0.97673 -0.116768 -0.179899 4.36455 0.133123 0.98773 0.0816592 0.119937 0.168156 -0.103708 0.98029 0.0700858
0.863896 -0.0674283 -0.499136 4.32796 0.141467 0.98359 0.111975 0.136691 0.483395 -0.167346 0.859258 0.393479
0.703094 -0.30896 -0.640471 4.33523 0.449797 0.890832 0.0640434 0.247236 0.550765 -0.33311 0.765307 0.594515
0.721482 -0.4736 -0.50514 4.27025 0.646043 0.722935 0.244935 0.314436 0.249182 -0.503059 0.827551 0.705991
0.819984 -0.261303 -0.509261 4.13631 0.386507 0.909012 0.155915 0.206909 0.422184 -0.324681 0.846371 1.1231
0.79536 0.0175517 -0.605883 4.09592 0.0984985 0.982552 0.157765 0.0816109 0.59808 -0.185159 0.779754 1.41411
0.574214 -0.0278063 -0.818233 3.91279 0.124396 0.990782 0.0536275 0.104081 0.8092 -0.132578 0.57238 1.57834
0.291348 0.00739593 -0.956589 3.91795 0.0763166 0.996603 0.030949 0.0813372 0.953568 -0.0820206 0.289794 1.75491
-0.0330876 -0.0581094 -0.997762 4.10503 0.194639 0.97882 -0.0634608 0.163117 0.980317 -0.196303 -0.0210764 1.59095
-0.368993 -0.126051 -0.920845 4.2083 0.122878 0.975448 -0.182764 0.173242 0.921274 -0.180591 -0.344444 1.63325
-0.643372 -0.282407 -0.711561 4.58231 0.0465536 0.913319 -0.404574 0.257216 0.764137 -0.293417 -0.574457 1.62549
-0.853308 -0.26913 -0.44658 4.68118 -0.0751781 0.911046 -0.405392 0.235773 0.515959 -0.312351 -0.797636 1.53907
-0.943549 -0.268716 -0.193664 4.59039 -0.180732 0.907641 -0.378845 0.244548 0.27758 -0.322457 -0.90497 1.5624
