0.999998 -0.00179117 0.00111165 7.37923e-05 0.00180169 0.999953 -0.0095399 -0.000381008 -0.00109451 0.00954188 0.999954 -9.25557e-05
0.901974 -0.0114098 -0.43164 4.83434 -0.00160567 0.999555 -0.0297772 0.225589 0.431788 0.0275513 0.901554 0.266985
0.847875 -0.0354605 -0.52901 5.59221 0.0141565 0.998919 -0.0442701 0.228006 0.530008 0.0300466 0.84746 0.667858
0.921376 -0.0720402 -0.381938 6.3827 0.0245125 0.991487 -0.127878 0.222276 0.387899 0.108462 0.915298 1.41522
0.956772 -0.0932085 -0.275497 7.43369 0.0776691 0.994738 -0.0668114 0.25871 0.280275 0.0425257 0.958977 1.81366
0.848178 -0.0553841 -0.526808 8.45822 0.0322917 0.998076 -0.0529384 0.242628 0.528726 0.0278896 0.848334 2.26237
0.556738 -0.0663494 -0.828034 9.18622 0.0816424 0.99635 -0.0249432 0.279068 0.826666 -0.0537159 0.560123 3.09602
0.163693 -0.0658004 -0.984314 9.29705 0.248374 0.968381 -0.0234304 0.386451 0.954733 -0.240643 0.17486 3.34487
-0.237782 0.0249505 -0.970998 9.55337 0.288876 0.956253 -0.0461694 0.434289 0.927368 -0.291476 -0.234587 3.82029
-0.553149 0.00739582 -0.83305 9.60705 0.209061 0.969194 -0.130213 0.456358 0.806424 -0.246186 -0.537655 4.13315
-0.545491 -0.00404638 -0.838107 9.65609 0.0594475 0.997283 -0.0435069 0.375394 0.836006 -0.073556 -0.543768 4.82191
-0.602729 0.0803326 -0.793892 10.0336 0.0304888 0.996511 0.077688 0.261851 0.797364 0.0226199 -0.603075 4.77666
-0.866542 0.109515 -0.486941 10.1604 0.0540867 0.990489 0.126515 0.221373 0.496166 0.0832934 -0.864223 4.5416
-0.992349 0.0194241 -0.121928 10.081 0.0110996 0.997583 0.0685855 0.204561 0.122966 0.0667074 -0.990166 4.21916
-0.976365 -0.00617666 0.216038 9.65837 -0.00100748 0.999711 0.0240291 0.264121 -0.216124 0.0232435 -0.976089 3.64286
-0.819988 -0.00685631 0.57234 9.32638 0.0532594 0.994676 0.08822 0.243219 -0.569898 0.102822 -0.815257 3.15761
-0.588194 -0.0157321 0.808567 8.75579 0.0117303 0.99954 0.027981 0.277591 -0.808635 0.025943 -0.587739 2.35826
-0.574416 -0.0475123 0.817184 8.13638 -0.0559849 0.998257 0.0186872 0.31374 -0.816647 -0.0350157 -0.576075 1.59865
-0.834051 -0.0162695 0.551447 7.5743 -0.0121623 0.999864 0.0111041 0.31938 -0.551553 0.00255456 -0.834136 0.711207
-0.958226 -0.0474672 0.282045 6.95706 -0.0327389 0.997854 0.0567076 0.287528 -0.284132 0.0451049 -0.957724 -0.146354
-0.814057 -0.00620794 0.580751 6.24998 -0.00153803 0.999962 0.00853319 0.257043 -0.580782 0.00605329 -0.814036 -0.782866
-0.90448 -0.0250771 0.425779 5.18917 -0.00192913 0.9985 0.0547106 0.251435 -0.426512 0.0486632 -0.903172 -1.1866
-0.995431 -0.00907143 0.0950541 4.49973 -0.00355791 0.998309 0.0580137 0.259445 -0.0954197 0.0574105 -0.99378 -1.6689
-0.921983 -0.0905531 -0.376493 4.57439 -0.118808 0.99153 0.0524641 0.258438 0.368553 0.0931013 -0.924933 -1.77784
-0.749927 -0.12199 -0.650175 4.73246 -0.191302 0.980848 0.0366191 0.264711 0.633255 0.151841 -0.758902 -1.80166
-0.471442 -0.0344966 -0.881222 4.94197 -0.203935 0.976415 0.0708796 0.247254 0.857994 0.213128 -0.467358 -1.80709
-0.100672 -0.0589821 -0.99317 5.17037 -0.0807749 0.99543 -0.0509287 0.275772 0.991635 0.0750961 -0.104976 -1.64347
0.246122 -0.111811 -0.962768 5.17386 0.0240717 0.993723 -0.109252 0.340105 0.96894 0.00371386 0.247269 -1.13494
0.337806 -0.152505 -0.928778 5.23367 0.0465798 0.988285 -0.145335 0.359825 0.940063 0.00583264 0.340952 -0.770251
0.622814 -0.109322 0.774694 2.345 -0.0868402 0.974411 0.20732 0.148075 -0.777535 -0.196397 0.597384 -0.416323
0.581904 -0.208164 0.786165 2.47786 0.0602498 0.975065 0.213586 0.116664 -0.811023 -0.0769201 0.579935 -0.510116
0.465143 -0.240091 0.852055 2.63665 0.0643842 0.969144 0.237936 0.112334 -0.882891 -0.0558156 0.466249 -0.555916
0.618849 -0.356113 0.700149 2.97121 0.0297205 0.901308 0.432158 0.22753 -0.784947 -0.246632 0.568358 -0.889564
0.665076 -0.415195 0.620715 3.36546 0.0300477 0.845398 0.53329 0.281327 -0.746171 -0.336028 0.57473 -0.971754
0.79806 -0.443827 0.407574 3.65687 0.207876 0.837644 0.505115 0.242356 -0.565586 -0.318387 0.760751 -0.969592
0.864542 -0.173956 0.471493 3.99244 0.0798194 0.973803 0.212924 0.151973 -0.496181 -0.146447 0.855779 -0.634635
0.97463 -0.168002 0.147894 4.19765 0.137624 0.970906 0.195963 0.171556 -0.176513 -0.170637 0.969395 -0.258219
0.976869 -0.115757 -0.179797 4.36559 0.131985 0.987933 0.0810454 0.129329 0.168246 -0.102901 0.98036 0.0623155
0.862421 -0.0695652 -0.501388 4.33072 0.141953 0.984003 0.107643 0.141194 0.48588 -0.164007 0.8585 0.38787
0.700396 -0.310548 -0.642655 4.33752 0.449761 0.891162 0.0595367 0.250633 0.554221 -0.33074 0.763839 0.589723
0.719073 -0.47425 -0.507958 4.27208 0.647102 0.723438 0.240617 0.317235 0.253363 -0.501722 0.827093 0.70129
0.817793 -0.262943 -0.511933 4.13732 0.38722 0.909464 0.151443 0.207861 0.425764 -0.32208 0.845571 1.11767
0.793499 0.0153964 -0.608377 4.09655 0.0985086 0.983247 0.153367 0.0814189 0.600546 -0.181627 0.778689 1.40811
0.571725 -0.0301601 -0.81989 3.91294 0.1231 0.991165 0.0493798 0.102807 0.811157 -0.129161 0.570387 1.57193
0.288595 0.00487593 -0.957439 3.91769 0.0737597 0.996902 0.0273098 0.0794509 0.954606 -0.0785019 0.287341 1.74845
-0.0362322 -0.0604474 -0.997514 4.10511 0.191184 0.979313 -0.0662888 0.162341 0.980885 -0.193111 -0.0239261 1.58512
-0.372148 -0.128262 -0.919268 4.20805 0.118641 0.975708 -0.184167 0.17208 0.92056 -0.177601 -0.347891 1.62834
-0.647307 -0.284536 -0.70713 4.58032 0.0415223 0.913172 -0.405453 0.252246 0.761098 -0.291814 -0.579288 1.62731
-0.85545 -0.271463 -0.441035 4.67702 -0.0803028 0.910839 -0.404875 0.224683 0.511621 -0.310934 -0.800977 1.54388
-0.944366 -0.270787 -0.186676 4.58986 -0.185917 0.907707 -0.376168 0.239933 0.271308 -0.320534 -0.907551 1.56218
-0.989072 -0.112721 0.0950322 4.422 -0.129191 0.9732 -0.190242 0.154023 -0.071041 -0.20044 -0.977127 1.40428
-0.855622 -0.106212 0.506587 4.34585 -0.183353 0.977451 -0.104747 0.144385 -0.484039 -0.182508 -0.855802 1.14552
-0.589307 -0.165674 0.79074 4.27094 -0.269387 0.963032 0.00100851 0.183838 -0.761675 -0.212421 -0.612151 1.07772
-0.292913 -0.157001 0.943161 4.30751 -0.303343 0.950726 0.0640527 0.169249 -0.906744 -0.267339 -0.326105 0.943316
0.0562231 -0.185203 0.981091 4.37945 -0.306814 0.931893 0.193498 0.203292 -0.950108 -0.311891 -0.00442889 0.649978
0.14081 -0.085956 0.986298 4.52865 -0.221625 0.968205 0.11602 0.155897 -0.964912 -0.234925 0.117283 0.254883
-0.254423 -0.027983 0.966688 4.70043 -0.143484 0.989611 -0.00911695 0.102209 -0.95639 -0.141024 -0.255795 -0.217739
-0.594567 0.0579403 0.801955 4.70069 -0.0503208 0.992764 -0.109034 0.0979095 -0.80247 -0.105183 -0.587349 -0.46067
-0.901371 -0.0565259 0.429342 4.72345 -0.152533 0.969348 -0.19261 0.166926 -0.405294 -0.239102 -0.882364 -0.565629
-0.975883 -0.187435 0.111891 4.51359 -0.209997 0.946053 -0.246749 0.19408 -0.0596051 -0.264295 -0.962598 -0.649572
-0.957223 -0.106594 -0.269002 4.24774 -0.0262207 0.957802 -0.28623 0.193722 0.288161 -0.266933 -0.919625 -0.880038
-0.747476 -0.0415275 -0.66299 3.7537 0.0813932 0.984799 -0.15345 0.156466 0.659284 -0.168663 -0.732733 -0.915308
-0.488277 -0.144158 -0.8607 3.4011 0.143872 0.959469 -0.24232 0.208553 0.860747 -0.24215 -0.447747 -1.00632
-0.396776 -0.243957 -0.884903 2.82171 0.177613 0.925412 -0.334763 0.222434 0.900568 -0.289996 -0.323851 -0.897449
-0.343243 -0.234916 -0.909395 2.31719 0.201277 0.927327 -0.315518 0.213875 0.917427 -0.291339 -0.271016 -0.746095
-0.494228 -0.256775 -0.830545 1.77643 0.204469 0.894246 -0.398142 0.256975 0.844945 -0.366593 -0.389459 -0.702093
-0.598392 -0.252529 -0.760366 1.08747 0.027412 0.942021 -0.334433 0.247148 0.800734 -0.220965 -0.556775 -0.855817
-0.508707 -0.127058 -0.851513 0.462328 0.102992 0.972967 -0.206709 0.159441 0.854757 -0.192853 -0.481869 -1.20926
-0.185955 -0.0948611 -0.977968 -0.0831778 0.123959 0.985111 -0.119124 0.137552 0.974707 -0.14338 -0.171428 -1.27005
0.16673 -0.0885787 -0.982016 -0.281863 0.189204 0.980322 -0.0563023 0.140467 0.967679 -0.176414 0.180208 -1.23221
0.625077 -0.145412 -0.766899 -0.473478 0.237498 0.971342 0.00940172 0.177323 0.743555 -0.188014 0.641698 -0.940907
0.867067 -0.144822 -0.476677 -0.521632 0.213929 0.972343 0.0937187 0.189497 0.449921 -0.183235 0.874069 -0.878514
0.950278 -0.257264 -0.175463 -0.494389 0.289943 0.936515 0.197162 0.171682 0.113602 -0.238233 0.964541 -0.766256
0.904367 -0.421086 0.0693315 -0.423542 0.363894 0.845778 0.39018 0.230788 -0.222938 -0.327636 0.918125 -0.575874
0.802819 -0.57727 0.149137 -0.555954 0.361696 0.670396 0.647878 0.301901 -0.473981 -0.466186 0.747002 -0.37344
0.734459 -0.673592 0.0827347 -0.327998 0.305708 0.437219 0.845803 0.378471 -0.605899 -0.595914 0.527042 -0.0489394
0.73133 -0.674232 -0.102795 -0.0611879 0.472517 0.392203 0.789243 0.38909 -0.491817 -0.62577 0.605416 0.330823
0.743101 -0.628233 -0.230488 0.249793 0.622118 0.521685 0.583793 0.368785 -0.246516 -0.577207 0.7785 0.763559
0.779061 -0.497907 -0.38099 0.257281 0.621348 0.694228 0.363283 0.318561 0.0836131 -0.519747 0.850219 1.15335
0.676741 -0.386569 -0.626567 0.305607 0.447626 0.89173 -0.0666938 0.187523 0.58451 -0.235333 0.776509 1.35434
0.582175 -0.287149 -0.760669 0.283401 0.119309 0.955603 -0.269424 0.125234 0.804262 0.0660974 0.590588 1.53136
0.359362 -0.20039 -0.911429 -0.0124759 0.108117 0.979036 -0.172625 0.0941104 0.926914 -0.0365059 0.373494 1.86471
0.416287 -0.0861208 -0.905145 -0.12985 0.198329 0.980133 -0.0020418 0.07265 0.887339 -0.178666 0.425097 2.41892
0.477236 -0.136046 -0.868181 -0.441448 0.275003 0.961443 0.000507861 0.0868506 0.834637 -0.238994 0.496248 2.80427
0.67337 -0.0681076 -0.736162 -0.649915 0.196422 0.976442 0.0893303 0.0958638 0.712735 -0.204751 0.670885 3.32929
0.707308 -0.13662 -0.693579 -0.816416 0.18459 0.982801 -0.00534578 0.0972626 0.68238 -0.124247 0.720361 3.95271
0.891634 -0.123999 -0.435446 -0.828445 0.208897 0.965946 0.15268 0.133998 0.401685 -0.227098 0.887173 4.40201
0.821217 -0.242793 -0.516386 -0.808957 0.334947 0.937758 0.0917593 0.189855 0.461967 -0.248316 0.851426 4.86851
0.660232 -0.122944 -0.740931 -1.20463 0.197615 0.980187 0.0134478 0.116295 0.724598 -0.155298 0.671447 5.40835
0.695017 -0.16246 -0.700399 -1.40419 0.308227 0.947408 0.086103 0.172495 0.649575 -0.275725 0.708539 5.97151
0.682546 -0.218905 -0.697289 -1.57195 0.353828 0.933796 0.0531937 0.193894 0.639481 -0.283028 0.714814 6.48316
0.548271 -0.118785 -0.827822 -1.872 0.317213 0.945429 0.0744315 0.160711 0.773805 -0.303405 0.556031 6.80703
0.236339 -0.0697433 -0.969164 -2.01796 0.182526 0.982851 -0.0262177 0.0998829 0.954373 -0.170701 0.245016 6.96732
-0.142248 -0.106153 -0.984122 -2.10706 0.160305 0.978637 -0.128733 0.121341 0.976764 -0.176071 -0.122192 7.13119
-0.40007 -0.129334 -0.907313 -2.32023 0.165995 0.963393 -0.210522 0.139241 0.901327 -0.234833 -0.363955 7.38141
-0.196279 -0.140683 -0.970403 -2.47465 0.109105 0.980375 -0.164197 0.132019 0.974459 -0.138104 -0.177078 7.91844
0.193328 -0.139283 -0.971197 -2.50903 0.167587 0.980013 -0.107187 0.122064 0.966715 -0.142038 0.212806 8.16367
0.51423 -0.0824424 -0.853681 -2.61539 0.243508 0.968441 0.0531561 0.119926 0.822357 -0.235212 0.518077 8.39237
0.705829 -0.0049217 -0.708365 -2.76148 0.1185 0.986705 0.111221 0.0963238 0.6984 -0.162444 0.697029 8.91129
0.859714 -0.167801 -0.482426 -2.89456 0.315825 0.916938 0.243885 0.103253 0.40143 -0.362034 0.8413 9.08183
0.951662 -0.151998 -0.266899 -3.02586 0.216307 0.948592 0.231051 0.0881677 0.218059 -0.277615 0.935618 9.54252
0.955976 -0.0912715 -0.278891 -3.28833 0.170981 0.945651 0.276605 0.076498 0.238487 -0.312113 0.919625 9.7331
0.88707 -0.164215 -0.431439 -3.43947 0.274732 0.93886 0.207518 0.098054 0.370984 -0.302614 0.87795 10.1472
0.858991 -0.00317455 -0.511981 -3.71005 0.141571 0.962465 0.231557 0.0420713 0.492029 -0.271387 0.827198 10.6987
0.640692 -0.0905776 -0.762436 -3.78531 0.217304 0.973808 0.0669166 0.0675854 0.736405 -0.208553 0.643594 11.049
0.5746 -0.255597 -0.777499 -3.88691 0.49952 0.862046 0.0857719 0.125167 0.648317 -0.437661 0.623008 11.4056
0.175237 -0.450841 -0.875234 -3.94014 0.688421 0.691637 -0.218435 0.229925 0.703824 -0.564252 0.431569 11.4951
-0.156202 -0.472434 -0.867414 -3.96815 0.550217 0.6877 -0.473635 0.255413 0.820282 -0.551248 0.152521 11.6838
0.117505 -0.240927 -0.963404 -4.34308 0.419027 0.891562 -0.171853 0.09535 0.900338 -0.383499 0.205718 12.055
0.275784 -0.104679 -0.955503 -4.52133 0.110157 0.990945 -0.0767676 -0.027414 0.954887 -0.0840841 0.284818 12.4322
0.386555 -0.0307372 -0.921754 -4.63051 0.0046532 0.999497 -0.0313782 -0.0470133 0.922255 0.0078403 0.386503 12.6705
0.631675 -0.163249 -0.75785 -4.80607 0.212237 0.976645 -0.0334782 0.0401403 0.745615 -0.139697 0.65157 12.9676
0.668714 -0.184963 -0.720146 -4.92535 0.262232 0.964995 -0.00434682 0.06012 0.695741 -0.185938 0.693809 13.4891
0.677455 -0.159134 -0.718144 -5.13769 0.225329 0.974277 -0.003328 0.0767601 0.700201 -0.159564 0.695887 13.9868
0.817859 -0.198321 -0.540163 -5.21399 0.266736 0.962445 0.050502 0.0917214 0.509861 -0.185385 0.840044 14.3322
0.882462 -0.334277 -0.330936 -5.32775 0.387891 0.91512 0.109978 0.154975 0.266084 -0.225419 0.937222 14.8604
0.92255 -0.277755 -0.26787 -5.55402 0.312982 0.944647 0.0984065 0.146131 0.22571 -0.174623 0.958416 15.3955
0.922003 -0.246524 -0.298558 -5.81313 0.296456 0.945484 0.134808 0.145208 0.249049 -0.212803 0.944823 16.0636
0.917764 -0.361909 -0.163494 -5.92502 0.39046 0.897453 0.205228 0.200938 0.0724545 -0.252189 0.964962 16.5196
0.935487 -0.125375 -0.330372 -6.22989 0.168979 0.979834 0.106638 0.129221 0.31034 -0.155584 0.937807 16.9943
0.926715 -0.161134 -0.339463 -6.33471 0.179062 0.983593 0.0219458 0.127246 0.330358 -0.0811226 0.940363 17.5729
0.890893 0.075313 -0.447925 -6.53936 -0.0714423 0.997117 0.0255588 0.0141372 0.448559 0.00923066 0.893706 18.0106
0.651737 0.184276 -0.735718 -6.68884 -0.204247 0.976842 0.0637371 -0.0666545 0.730425 0.108728 0.674282 18.1764
0.15692 0.0438283 -0.986638 -6.86742 -0.032705 0.998697 0.0391624 0.0159133 0.98707 0.0261226 0.158149 18.2159
-0.239669 -0.0881717 -0.966842 -7.0586 0.032502 0.994581 -0.0987582 0.109707 0.97031 -0.0550936 -0.235505 18.2062
-0.321692 -0.297941 -0.898746 -7.25312 0.179067 0.912929 -0.366737 0.212688 0.929758 -0.278912 -0.240331 18.3704
-0.324104 -0.358777 -0.875349 -7.36296 0.182175 0.884307 -0.4299 0.235834 0.928315 -0.298799 -0.221248 18.8327
-0.118794 -0.24786 -0.961485 -7.66986 0.159271 0.951046 -0.264847 0.159732 0.980062 -0.184599 -0.0735018 19.3967
0.155861 -0.0920093 -0.983484 -7.79939 0.219559 0.973972 -0.056324 0.115601 0.963069 -0.207154 0.172006 20.0644
-0.00114213 -0.0492192 -0.998787 -7.90333 0.202504 0.978083 -0.0484305 0.090551 0.979281 -0.202314 0.00885 20.5741
0.0251835 -0.0339151 -0.999107 -8.00846 0.207675 0.977798 -0.0279571 0.0507131 0.977874 -0.206785 0.0316677 20.8473
0.325258 -0.0802006 -0.942218 -8.21019 0.243458 0.96991 0.00148491 0.0509561 0.913748 -0.229873 0.334996 21.3357
-0.0328505 -0.113509 -0.992994 -8.42531 0.248715 0.961347 -0.118119 0.0781705 0.968019 -0.250853 -0.00334948 21.6289
-0.415352 -0.12516 -0.901009 -8.78324 0.191247 0.956337 -0.221008 0.0528429 0.88933 -0.264111 -0.37328 21.9107
-0.663077 -0.204344 -0.72012 -8.89354 0.0165219 0.957788 -0.286999 0.108763 0.748369 -0.2022 -0.631711 22.1852
-0.422417 -0.150923 -0.893748 -9.34967 0.141612 0.962943 -0.229538 0.0674745 0.895271 -0.223526 -0.385391 22.6465
-0.0524238 -0.169682 -0.984104 -9.42801 0.242534 0.95379 -0.177375 0.0998173 0.968725 -0.247977 -0.00884779 23.0771
0.383007 -0.107005 -0.917527 -9.50749 0.318066 0.947808 0.0222345 0.0719649 0.86726 -0.30035 0.397052 23.478
0.540786 -0.2675 -0.797492 -9.51096 0.425236 0.904955 -0.0151899 0.112675 0.725758 -0.330908 0.603138 23.9221
0.390058 -0.310855 -0.866732 -9.64157 0.587588 0.808755 -0.0256276 0.148062 0.70894 -0.499285 0.498115 24.4872
0.278872 -0.237405 -0.930521 -9.78935 0.366746 0.921847 -0.12528 0.108892 0.88754 -0.306328 0.344145 25.0914
0.430113 -0.165321 -0.887509 -10.0273 0.380315 0.924778 0.0120487 0.0776464 0.818757 -0.342716 0.460633 25.6597
0.3284 -0.122348 -0.936581 -10.3876 0.375495 0.926764 0.0105967 0.0786977 0.866693 -0.355161 0.35029 26.259
0.0809719 -0.188013 -0.978823 -10.6536 0.303633 0.940024 -0.155443 0.0899174 0.949342 -0.284616 0.133202 26.541
0.155875 -0.0150014 -0.987663 -10.9674 0.209889 0.977554 0.0182772 0.0540206 0.96522 -0.210148 0.155525 26.9955
-0.121369 -0.034743 -0.991999 -11.0639 0.112137 0.992509 -0.0484806 0.0502293 0.986253 -0.117124 -0.116564 27.3054
-0.386665 -0.00647287 -0.922197 -11.4115 0.0770881 0.996249 -0.0393147 0.0441034 0.918993 -0.086292 -0.384716 27.3551
-0.704098 0.0217257 -0.70977 -11.6628 0.012117 0.999754 0.0185819 0.022133 0.709999 0.00448321 -0.704188 27.4072
-0.602931 -0.149458 -0.783669 -11.9765 0.0435033 0.974674 -0.219356 0.0937036 0.796607 -0.166349 -0.581159 27.3394
-0.74662 -0.181903 -0.639899 -12.2638 -0.0810981 0.979604 -0.183847 0.11452 0.660289 -0.0853693 -0.746144 27.313
-0.55021 -0.195849 -0.811734 -12.3024 0.0945622 0.951239 -0.293604 0.152749 0.829655 -0.238303 -0.504861 27.2027
-0.831179 -0.168837 -0.52975 -12.508 -0.0373674 0.967589 -0.249751 0.125658 0.554747 -0.187793 -0.810549 26.9641
-0.955289 -0.232969 -0.182066 -12.4771 -0.188954 0.954642 -0.23012 0.16671 0.227419 -0.185429 -0.955979 26.7834
-0.955389 -0.250999 0.155666 -12.4166 -0.279632 0.93836 -0.20319 0.167112 -0.0950704 -0.237654 -0.966686 26.5848
-0.935681 -0.222635 0.273743 -12.5287 -0.256551 0.961889 -0.0946129 0.172858 -0.242247 -0.158757 -0.957138 26.5048
-0.982374 -0.132916 0.131434 -12.4241 -0.157258 0.967768 -0.196709 0.162202 -0.101052 -0.213911 -0.971612 26.5061
-0.910296 -0.149129 0.386163 -12.4638 -0.170067 0.985221 -0.0204231 0.1078 -0.37741 -0.0842648 -0.922204 26.4741
-0.949811 -0.253509 0.183281 -12.6337 -0.291948 0.928794 -0.228272 0.16631 -0.112362 -0.270324 -0.95619 26.3413
-0.940923 -0.338479 -0.00980076 -12.631 -0.312447 0.87899 -0.360213 0.228566 0.130539 -0.335871 -0.932818 26.1811
-0.915289 -0.306541 -0.261303 -12.9507 -0.172547 0.884571 -0.433315 0.222944 0.36397 -0.351521 -0.86253 26.0973
-0.862608 -0.117964 -0.491927 -12.9739 0.0266594 0.96048 -0.277071 0.154871 0.50517 -0.252118 -0.825373 26.1132
-0.606423 -0.135954 -0.783433 -13.2034 0.0430958 0.978206 -0.203113 0.110532 0.793973 -0.156935 -0.587348 26.2831
-0.17534 -0.0413312 -0.98364 -13.2377 0.111145 0.9919 -0.0614906 0.0826476 0.978214 -0.120109 -0.169326 26.3735
0.187607 -0.0226845 -0.981982 -13.2063 0.105313 0.994435 -0.00285221 0.084568 0.976582 -0.10288 0.188951 26.2803
0.0338233 -0.258007 -0.965551 -13.3228 0.269836 0.932583 -0.239745 0.151341 0.962312 -0.252432 0.101163 26.3901
0.433918 -0.256967 -0.863529 -13.3046 0.393051 0.916436 -0.0752052 0.178345 0.810695 -0.306779 0.498659 26.4201
0.49358 -0.376742 -0.783865 -13.5303 0.414477 0.894265 -0.168816 0.237384 0.764583 -0.24157 0.597542 26.3445
0.280799 -0.236966 -0.930053 -13.8215 0.315842 0.937882 -0.143603 0.180642 0.906309 -0.253426 0.3382 26.445
0.279701 -0.101788 -0.954676 -14.0373 0.149541 0.986847 -0.0614059 0.0857602 0.948369 -0.125588 0.291244 26.2851
0.288394 -0.0997077 -0.952306 -14.0614 0.0422149 0.99492 -0.0913852 0.0511363 0.956581 -0.0138466 0.291138 26.352
0.592033 -0.0690315 -0.802952 -14.1227 0.0958069 0.995288 -0.0149266 0.0686072 0.800199 -0.0680913 0.595857 26.4314
0.748147 -0.23431 -0.620785 -14.281 0.388215 0.913305 0.123143 0.200247 0.538112 -0.333127 0.774249 26.4132
0.813397 -0.36355 -0.454111 -14.2446 0.526749 0.791552 0.309807 0.321857 0.246822 -0.491199 0.835346 26.6707
0.912627 -0.330865 -0.240085 -14.527 0.405217 0.809708 0.424466 0.290266 0.0539581 -0.484666 0.873034 26.7722
0.987105 -0.159865 -0.00815637 -14.4564 0.156759 0.9551 0.251419 0.0964055 -0.032403 -0.249455 0.967844 26.9441
0.963415 -0.0195731 0.2673 -14.5498 0.00227719 0.997892 0.0648635 0.00842349 -0.268006 -0.0618818 0.961428 26.8655
0.765311 0.0653597 0.640333 -14.5984 -0.0480243 0.997856 -0.0444551 -0.0334891 -0.641866 0.00327046 0.766809 26.6272
0.449068 0.0220854 0.893225 -14.5507 -0.0908818 0.995639 0.0210731 0.0347418 -0.888864 -0.0906411 0.449116 26.3312
0.258148 -0.0973709 0.961186 -14.5806 -0.221469 0.96245 0.156979 0.142691 -0.940378 -0.253397 0.22689 26.3682
-0.102945 -0.0513319 0.993362 -14.7896 -0.204226 0.978482 0.0293985 0.109991 -0.973496 -0.199844 -0.111213 26.4543
0.130884 -0.0788733 0.988255 -15.0745 -0.180032 0.978366 0.101927 0.12378 -0.974914 -0.191259 0.113853 26.6726
-0.0585385 -0.0820659 0.994906 -15.1782 -0.151313 0.98583 0.0724143 0.0843879 -0.986751 -0.146303 -0.0701266 26.7042
0.0102504 -0.144795 0.989409 -15.4489 -0.161403 0.976246 0.144541 0.142235 -0.986835 -0.161175 -0.0133634 26.9765
0.255121 -0.106926 0.960979 -15.5084 -0.126028 0.981711 0.142691 0.112359 -0.958661 -0.157514 0.236979 27.246
0.578371 -0.0551508 0.813907 -15.5208 -0.142396 0.97557 0.167293 0.0927974 -0.80325 -0.212655 0.556388 27.5175
0.877286 0.0391007 0.478373 -15.4869 -0.132162 0.977826 0.162446 0.0770548 -0.461414 -0.205734 0.863001 27.9749
0.977826 -0.105779 0.180741 -15.3502 0.0635353 0.972224 0.225263 0.138632 -0.199549 -0.208785 0.957387 28.2079
0.983699 -0.0971649 -0.151313 -15.5083 0.128736 0.968021 0.215317 0.188392 0.125552 -0.231287 0.96475 28.5881
0.873357 -0.0555971 -0.483897 -15.6523 0.132277 0.983201 0.125774 0.158137 0.468775 -0.173854 0.86604 28.7747
0.58922 -0.0247744 -0.807593 -15.7701 0.106559 0.993182 0.0472779 0.11882 0.800915 -0.113914 0.587842 28.8804
0.236214 0.00755878 -0.971672 -15.8982 0.0644725 0.997644 0.0234342 0.094115 0.96956 -0.0681816 0.235171 28.9388
0.0989768 0.0816847 -0.991731 -16.1028 0.0671716 0.993803 0.0885593 0.0585563 0.99282 -0.0753815 0.0928766 29.1161
0.0147616 0.127413 -0.99174 -16.4086 -0.0727176 0.989358 0.126024 0.0129407 0.997243 0.0702567 0.0238697 29.5085
0.318707 0.313384 -0.894548 -16.5311 -0.190985 0.945638 0.263238 -0.0491047 0.928413 0.0869494 0.361233 30.0254
0.58607 0.381014 -0.715087 -16.4588 -0.33611 0.917348 0.213314 -0.112241 0.73726 0.115331 0.665693 30.576
0.809494 0.283353 -0.514228 -16.5483 -0.203537 0.956956 0.206901 -0.016286 0.550719 -0.0628202 0.832323 30.793
0.706371 0.0946136 -0.70149 -16.6638 0.076409 0.975044 0.20845 0.11944 0.703706 -0.200843 0.681513 31.0217
0.48665 0.00928368 -0.873548 -16.8755 0.206758 0.97031 0.125496 0.170479 0.848777 -0.241686 0.470282 30.8412
0.0878076 0.118049 -0.989118 -17.0272 -0.0533509 0.992085 0.113667 0.0674681 0.994708 0.0427895 0.0934106 30.7251
-0.261633 0.288622 -0.921003 -17.0876 -0.0775244 0.944874 0.318125 -0.0547505 0.962049 0.154632 -0.224835 30.5621
-0.448394 0.366482 -0.81525 -17.0474 -0.0594427 0.897835 0.436301 -0.132782 0.891857 0.244095 -0.3808 30.7217
-0.405802 0.318108 -0.856815 -17.1783 0.0104925 0.939034 0.343664 -0.246442 0.913901 0.13047 -0.3844 31.0265
-0.299066 -0.00708922 -0.954206 -17.2301 0.198075 0.977731 -0.0693444 -0.196912 0.933448 -0.209743 -0.291002 31.1876
-0.356389 -0.117613 -0.926906 -17.2978 0.208518 0.957013 -0.201607 -0.280457 0.910773 -0.265127 -0.316545 31.4174
-0.280202 0.151925 -0.947843 -17.5503 0.0566536 0.988293 0.141661 -0.449812 0.958268 -0.0140051 -0.285529 31.5149
-0.219675 0.278787 -0.934891 -17.9654 -0.0239612 0.956468 0.290852 -0.691613 0.975279 0.0862939 -0.203432 31.6093
0.124837 0.411644 -0.902754 -18.044 -0.193721 0.902473 0.384727 -0.725874 0.973082 0.126855 0.192406 31.7544
0.389131 0.517416 -0.76214 -18.0874 -0.395443 0.841067 0.369095 -0.766648 0.831987 0.157757 0.531894 31.794
0.759085 0.364507 -0.539374 -17.922 -0.37769 0.921434 0.0911617 -0.887506 0.530226 0.134517 0.837117 31.9886
0.899968 0.383789 -0.206795 -17.8331 -0.388313 0.921312 0.0199241 -0.894928 0.198169 0.0623701 0.978181 32.023
0.947843 0.291763 0.128324 -17.9718 -0.299857 0.952744 0.0486387 -0.962579 -0.108069 -0.0845808 0.990539 32.0533
0.965029 0.260992 0.0245622 -17.9975 -0.259819 0.964712 -0.0427062 -1.15673 -0.0348414 0.034831 0.998786 32.3373
0.982113 0.188095 -0.00857763 -18.1383 -0.188267 0.981687 -0.0290903 -1.27816 0.00294882 0.0301849 0.99954 32.5466
0.912667 0.297722 -0.280001 -18.35 -0.30869 0.951149 0.00516524 -1.32911 0.26786 0.0817193 0.959986 32.699
0.886736 0.192359 -0.420354 -18.3533 -0.261029 0.958827 -0.11187 -1.48728 0.381527 0.208924 0.900438 32.9702
0.890156 0.279798 -0.359632 -18.5257 -0.292256 0.956121 0.0204855 -1.63441 0.349583 0.0868691 0.932869 33.2018
0.905747 0.235477 -0.352382 -18.7084 -0.210255 0.971572 0.108816 -1.64638 0.367988 -0.0244698 0.929509 33.1983
0.944224 -0.00794222 -0.329208 -18.8099 0.0969081 0.962142 0.254737 -1.53975 0.314721 -0.272432 0.909248 33.1345
0.926023 0.0791765 -0.369069 -18.7809 -0.000382476 0.97795 0.20884 -1.58156 0.377466 -0.19325 0.905634 33.2528
0.870335 0.220462 -0.440357 -18.866 -0.155444 0.971467 0.179135 -1.84785 0.467285 -0.0874567 0.879771 33.7046
0.689873 0.239754 -0.683076 -19.0349 -0.13801 0.969818 0.201014 -1.95657 0.710653 -0.0444029 0.70214 33.8727
0.337969 0.367807 -0.866311 -18.9732 -0.226834 0.925173 0.304304 -2.02028 0.913413 0.0936638 0.396111 33.9834
0.137844 0.402944 -0.904785 -19.0027 -0.180364 0.908443 0.377094 -2.19711 0.973893 0.11121 0.1979 34.1709
-0.0592996 0.38731 -0.92004 -18.8422 -0.136165 0.909909 0.391821 -2.23141 0.98891 0.148513 -0.00121904 34.4063
-0.0394862 0.336322 -0.940919 -18.8173 -0.100746 0.935515 0.338618 -2.4826 0.994128 0.108164 -0.00305692 34.8169
0.0265178 0.32202 -0.946362 -19.1027 -0.107083 0.942162 0.31759 -2.64671 0.993896 0.0929177 0.059467 35.084
0.39583 0.263363 -0.879749 -19.1528 -0.0771923 0.964146 0.253896 -2.75705 0.915074 -0.03259 0.401968 35.3976
0.61537 0.0899529 -0.783089 -19.386 0.0763086 0.982002 0.172767 -2.83463 0.784536 -0.166072 0.597431 35.5814
0.664036 0.0399047 -0.746635 -19.6291 0.0903267 0.98698 0.133084 -3.01391 0.742224 -0.155814 0.651786 35.9149
0.757008 0.159034 -0.633757 -19.7041 -0.0681835 0.983859 0.165445 -3.19156 0.649839 -0.0820315 0.755633 36.2935
0.859885 0.273445 -0.431075 -19.8122 -0.249735 0.96182 0.111957 -3.39516 0.445231 0.0113842 0.895343 36.4943
0.943328 0.245922 -0.222833 -19.7415 -0.251194 0.967925 0.00482917 -3.56055 0.216873 0.0514187 0.974845 36.7946
0.939079 0.326631 0.106967 -19.6963 -0.316708 0.943252 -0.0998571 -3.71383 -0.133514 0.0598964 0.989235 36.9823
0.840923 0.386393 0.378878 -19.5427 -0.319418 0.919564 -0.228852 -3.76209 -0.43683 0.0714263 0.896704 37.0504
0.813807 0.394971 0.426281 -19.4603 -0.246676 0.898949 -0.361996 -3.7973 -0.526183 0.189442 0.829001 37.1631
0.859894 0.355937 0.365911 -19.6019 -0.254848 0.920422 -0.296439 -3.89984 -0.442306 0.161655 0.882175 37.6906
0.624462 0.361871 0.692168 -19.4595 -0.0891453 0.913426 -0.397121 -3.9007 -0.775951 0.186284 0.60266 37.8235
0.229726 0.435613 0.870326 -19.445 0.0748761 0.883681 -0.462061 -3.9188 -0.970371 0.171314 0.170388 37.8352
-0.189518 0.437209 0.879165 -19.5163 0.239041 0.888997 -0.390569 -3.90513 -0.952335 0.136137 -0.272992 37.7714
-0.522302 0.29347 0.800672 -19.6291 0.146418 0.955836 -0.25483 -3.83985 -0.840096 -0.0158659 -0.542205 37.8076
-0.510615 0.0263834 0.859404 -19.6509 -0.120455 0.987477 -0.101884 -3.73484 -0.85133 -0.155543 -0.501043 37.8857
-0.640843 -0.218932 0.735791 -19.6772 -0.455337 0.880067 -0.134719 -3.59281 -0.618052 -0.421367 -0.663673 37.9674
-0.822462 -0.289467 0.489658 -19.7114 -0.480762 0.813831 -0.326415 -3.57486 -0.304012 -0.503873 -0.80851 37.9391
-0.853454 -0.422924 0.30455 -19.7057 -0.520981 0.707955 -0.476842 -3.55138 -0.01394 -0.565628 -0.824543 37.9652
-0.763479 -0.436542 0.475952 -19.5789 -0.630941 0.661508 -0.405365 -3.56065 -0.137887 -0.609785 -0.78048 37.9222
-0.636183 -0.304053 0.7091 -19.4572 -0.549819 0.823433 -0.140204 -3.57883 -0.541267 -0.479072 -0.691028 37.7207
-0.626718 -0.136655 0.76717 -19.2124 -0.361062 0.923368 -0.130481 -3.62856 -0.69055 -0.358771 -0.628032 37.6158
-0.383364 -0.0903325 0.919169 -19.301 -0.256757 0.9664 -0.012113 -3.67024 -0.887191 -0.240647 -0.393676 37.4052
-0.423484 0.0422259 0.904919 -19.0547 -0.180121 0.975044 -0.129791 -3.72028 -0.887816 -0.21796 -0.40531 37.2208
-0.318664 -0.05374 0.946343 -19.0793 -0.24726 0.968537 -0.0282598 -3.56304 -0.91505 -0.242998 -0.321925 36.7678
-0.527388 -0.116321 0.841624 -18.9878 -0.375164 0.920664 -0.107845 -3.51558 -0.762308 -0.372623 -0.529186 36.5791
-0.807947 -0.0211011 0.588877 -18.9941 -0.201823 0.948823 -0.242905 -3.42657 -0.553614 -0.315104 -0.770857 36.3981
-0.841828 0.0687176 0.535354 -19.2129 -0.0230531 0.98638 -0.162861 -3.32189 -0.539254 -0.149442 -0.828777 36.0672
-0.769268 -0.00390159 0.638914 -19.2512 -0.118472 0.983511 -0.136638 -3.1726 -0.627846 -0.180805 -0.757046 35.8003
-0.515101 -0.0761647 0.853739 -19.3564 -0.230443 0.971677 -0.0523506 -3.04188 -0.825571 -0.223704 -0.518063 35.5261
-0.186552 -0.0596705 0.980631 -19.3344 -0.254847 0.966926 0.0103555 -2.96254 -0.948816 -0.247979 -0.195589 35.4477
0.145119 -0.0450434 0.988388 -19.1343 -0.234748 0.968871 0.0786207 -2.8841 -0.961163 -0.243432 0.130028 35.3893
0.178302 -0.03901 0.983202 -19.1216 -0.227836 0.970422 0.0798205 -2.6938 -0.957235 -0.238241 0.16414 35.0463
-0.0297735 -0.0808858 0.996279 -18.9315 -0.341684 0.937501 0.0659026 -2.5485 -0.939343 -0.338451 -0.0555501 34.799
-0.225181 -0.225062 0.947967 -18.8445 -0.411963 0.903697 0.116694 -2.48779 -0.882938 -0.36425 -0.296212 34.6626
-0.46195 -0.226886 0.857394 -18.8189 -0.33718 0.939065 0.066831 -2.36242 -0.820312 -0.258223 -0.510303 34.3162
-0.630396 -0.381636 0.675984 -18.7782 -0.517884 0.855451 -1.30315e-06 -2.25036 -0.578271 -0.350082 -0.736916 34.2892
-0.653901 -0.302237 0.693589 -18.7064 -0.432405 0.901558 -0.0148013 -2.13003 -0.620838 -0.30959 -0.720219 34.0349
-0.645942 -0.283472 0.708804 -18.4663 -0.448983 0.892001 -0.0524249 -1.94973 -0.617393 -0.352104 -0.703455 33.8539
-0.705147 -0.169788 0.688433 -18.3053 -0.282743 0.957707 -0.0534095 -1.8471 -0.650249 -0.232311 -0.723331 33.4939
-0.838499 -0.210446 0.502625 -18.1881 -0.283581 0.956186 -0.0727309 -1.66235 -0.465297 -0.20352 -0.86144 33.2481
-0.737267 -0.306585 0.602033 -18.2523 -0.382905 0.923786 0.00152024 -1.47003 -0.556616 -0.229401 -0.79847 32.8738
-0.468014 -0.300068 0.831217 -18.0859 -0.353408 0.925652 0.135173 -1.42636 -0.809979 -0.230496 -0.539265 32.7595
-0.161744 -0.27161 0.948719 -17.9472 -0.238587 0.94362 0.229474 -1.31366 -0.957557 -0.189235 -0.217428 32.7763
0.186162 -0.245411 0.951376 -17.8615 -0.187899 0.941539 0.279641 -1.2408 -0.964385 -0.230821 0.129166 32.6098
0.155376 -0.195031 0.968412 -17.6332 -0.223159 0.948046 0.226734 -1.08667 -0.962319 -0.251338 0.103781 32.4024
0.12183 -0.320461 0.939395 -17.5634 -0.314471 0.885223 0.342765 -0.863182 -0.941417 -0.337171 0.00707165 32.0956
0.0817806 -0.23185 0.969308 -17.244 -0.313171 0.917326 0.245839 -0.7998 -0.946169 -0.323664 0.00241063 32.0138
-0.241448 -0.313033 0.918539 -17.2023 -0.349261 0.911145 0.218706 -0.624239 -0.905384 -0.268003 -0.329324 31.8482
-0.490086 -0.304529 0.816748 -17.3182 -0.379661 0.918016 0.114474 -0.486788 -0.784649 -0.253985 -0.565524 31.4371
-0.65233 -0.256701 0.713141 -17.158 -0.371485 0.928422 -0.00561556 -0.336096 -0.660654 -0.268585 -0.700998 31.2271
-0.837362 -0.320086 0.443136 -17.2551 -0.388297 0.91887 -0.0700203 -0.310065 -0.384772 -0.230701 -0.893716 31.1282
-0.937662 -0.0961446 0.333986 -17.233 -0.160494 0.972159 -0.17073 -0.200235 -0.308273 -0.213689 -0.926987 30.6352
-0.764427 -0.139537 0.629429 -17.0073 -0.244002 0.966291 -0.0821205 -0.0330048 -0.596753 -0.216357 -0.772706 30.6339
-0.744675 -0.040541 0.666195 -16.4705 -0.196276 0.967319 -0.160532 0.108905 -0.637914 -0.250302 -0.728295 30.4093
-0.473436 -0.129279 0.871289 -16.2062 -0.255122 0.966897 0.00483784 0.146308 -0.843072 -0.219995 -0.490746 30.4171
-0.125051 -0.164283 0.978455 -15.9668 -0.293386 0.948215 0.12171 0.164636 -0.94778 -0.271845 -0.166773 30.4937
0.255026 -0.127748 0.958458 -15.8245 -0.204219 0.961758 0.182526 0.141511 -0.945122 -0.242285 0.219185 30.599
0.551904 -0.211212 0.806717 -15.6489 -0.0756968 0.95071 0.300699 0.178333 -0.830465 -0.227023 0.508712 30.6746
0.688083 -0.171187 0.705151 -15.4031 -0.0668815 0.952675 0.29654 0.163555 -0.722544 -0.251206 0.64407 30.8207
0.774428 -0.130333 0.619092 -15.3671 -0.0749659 0.952753 0.294351 0.124794 -0.628205 -0.274365 0.728068 31.0596
0.896769 -0.214719 0.386913 -15.1627 0.083796 0.940963 0.327974 0.125062 -0.434493 -0.261695 0.861819 31.1779
0.950571 -0.128077 0.282864 -15.0592 0.0241515 0.938706 0.34387 0.0843297 -0.309568 -0.320041 0.8954 31.6583
0.979659 -0.138629 -0.145088 -14.9658 0.168459 0.961023 0.219219 0.0890954 0.109043 -0.239201 0.964828 32.0412
0.875467 -0.164756 -0.454327 -15.1943 0.28677 0.9338 0.213963 0.0906685 0.388998 -0.317605 0.864758 32.3215
0.586222 -0.22003 -0.779699 -15.4627 0.378516 0.925297 0.0234718 0.0892913 0.716289 -0.308889 0.625714 32.5523
0.324775 -0.171448 -0.930122 -15.5941 0.304229 0.950104 -0.0689019 0.0916422 0.895526 -0.260592 0.360729 32.7455
0.108401 -0.0178682 -0.993947 -15.9191 0.246077 0.969205 0.009414 0.0375299 0.963169 -0.245608 0.10946 32.8855
-0.1958 -0.142414 -0.970248 -16.0436 0.175134 0.968414 -0.177488 0.0840365 0.964878 -0.204675 -0.164674 33.1976
0.0282978 -0.0299696 -0.99915 -16.3879 0.215625 0.976201 -0.0231744 0.05126 0.976066 -0.214786 0.0340865 33.408
0.0865393 -0.0312612 -0.995758 -16.608 0.139057 0.990102 -0.0189985 0.0598012 0.986496 -0.136823 0.0900298 33.8127
0.336556 0.114665 -0.934656 -16.9175 0.213354 0.957461 0.194288 0.0126044 0.917175 -0.264802 0.297775 34.0922
0.4711 -0.0986854 -0.876542 -16.9025 0.276649 0.960114 0.0405912 0.0796115 0.837574 -0.261617 0.47961 34.4695
0.732323 -0.133313 -0.66778 -16.9534 0.320842 0.932528 0.165686 0.0757902 0.600635 -0.335588 0.725684 34.7852
0.803519 -0.242897 -0.543469 -16.9761 0.350749 0.930837 0.102555 0.103923 0.480971 -0.273026 0.833141 35.2712
0.900159 -0.222238 -0.374598 -17.0683 0.317903 0.923132 0.216254 0.119527 0.297743 -0.313749 0.901616 35.8141
0.82117 -0.231309 -0.521705 -17.172 0.319028 0.944052 0.0835884 0.11046 0.473182 -0.235079 0.849021 36.2762
0.640234 -0.231555 -0.73245 -17.4817 0.351288 0.936202 0.0110915 0.0885006 0.683153 -0.264402 0.680731 36.7373
0.448353 -0.212431 -0.868247 -17.6984 0.380274 0.924394 -0.0297987 0.10424 0.808932 -0.316812 0.495237 37.2633
0.125576 -0.221682 -0.966999 -18.0543 0.240908 0.952355 -0.18704 0.108684 0.96239 -0.20947 0.172998 37.6772
-0.159884 -0.0989716 -0.982162 -18.2764 0.18737 0.97383 -0.128634 0.0570168 0.96919 -0.204594 -0.137156 37.7577
-0.420361 -0.0620344 -0.905234 -18.6907 0.0813362 0.991068 -0.105686 0.0363267 0.903704 -0.118055 -0.411561 37.879
-0.757631 -0.110985 -0.643178 -18.8013 -0.0474106 0.992191 -0.115363 0.0596379 0.650959 -0.0569088 -0.756977 37.8328
-0.920197 -0.0812187 -0.382938 -19.0128 0.0312235 0.959894 -0.278618 0.0310567 0.390209 -0.26834 -0.880756 37.58
-0.984875 -0.166886 -0.0465833 -19.1864 -0.156234 0.971608 -0.177679 0.0376114 0.0749128 -0.167713 -0.982985 37.4035
-0.925157 -0.258088 0.278342 -19.2458 -0.297694 0.948279 -0.110206 0.0747586 -0.235503 -0.184819 -0.954139 37.3077
-0.802538 -0.244131 0.544364 -19.1584 -0.307827 0.951051 -0.0273009 0.0917474 -0.511053 -0.18948 -0.838405 36.8598
-0.580222 -0.35911 0.731015 -19.1666 -0.366472 0.916667 0.159436 0.299262 -0.727352 -0.175388 -0.663474 36.3874
-0.409149 -0.427008 0.806388 -19.0957 -0.518315 0.836086 0.179749 0.508219 -0.750964 -0.344419 -0.563408 36.1768
-0.191124 -0.3721 0.908302 -19.1431 -0.374074 0.883139 0.283079 0.679831 -0.907491 -0.285669 -0.307982 35.8204
-0.034781 -0.307711 0.950844 -18.9818 -0.368257 0.88842 0.274039 0.832132 -0.929073 -0.340624 -0.144217 35.579
0.297287 -0.19192 0.935301 -19.0811 -0.246271 0.93103 0.269322 0.925643 -0.922481 -0.310403 0.229518 35.4224
0.410745 0.102513 0.905969 -19.2803 -0.153715 0.987221 -0.0420157 0.800434 -0.898699 -0.122004 0.421254 35.4097
0.0622789 0.244853 0.967558 -19.3305 -0.0532918 0.968873 -0.241755 0.719151 -0.996635 -0.0365066 0.0733889 35.1874
-0.356087 0.144759 0.923172 -19.2592 0.0155147 0.988708 -0.149051 0.883085 -0.934324 -0.0387523 -0.354311 34.7419
-0.638034 0.112415 0.761758 -19.2566 -0.0328492 0.984411 -0.172786 1.06111 -0.769307 -0.135267 -0.624395 34.4106
-0.594073 -0.054578 0.802557 -19.2611 -0.191731 0.978549 -0.0753779 1.29275 -0.781227 -0.198655 -0.591794 34.1424
-0.570031 -0.133203 0.810753 -19.0142 -0.271976 0.961731 -0.0332145 1.48267 -0.775302 -0.239439 -0.584445 34.0064
-0.337294 -0.255882 0.905956 -18.7187 -0.445019 0.891374 0.0860797 1.62569 -0.829572 -0.374134 -0.414528 34.1422
-0.174277 -0.319794 0.931321 -18.6764 -0.392191 0.890084 0.232244 1.63221 -0.903224 -0.324781 -0.280541 34.0742
-0.326081 -0.243595 0.913418 -18.5594 -0.285708 0.94644 0.150406 1.80637 -0.901134 -0.211926 -0.378213 33.7785
-0.610698 -0.110687 0.78409 -18.6109 -0.168306 0.985702 0.0080602 1.80013 -0.773771 -0.127045 -0.620595 33.4121
-0.582174 -0.0959382 0.807384 -18.3398 -0.147977 0.988932 0.0108101 2.01766 -0.799485 -0.113181 -0.589927 33.1542
-0.140488 -0.103123 0.984697 -18.0684 -0.116391 0.989385 0.0870079 2.07896 -0.983217 -0.102386 -0.151 33.2046
0.207625 -0.0521332 0.976818 -17.8678 -0.057188 0.996224 0.0653243 2.17737 -0.976535 -0.0694252 0.20386 33.1461
0.191774 -0.0289797 0.981011 -17.5655 -0.134198 0.989401 0.0554615 2.31588 -0.972221 -0.142286 0.185853 33.0142
-0.156126 -0.143659 0.977234 -17.4655 -0.112629 0.985503 0.126881 2.44311 -0.981295 -0.0902555 -0.170042 32.6176
-0.368901 -0.0410881 0.92856 -17.3247 -0.135914 0.990669 -0.0101597 2.57417 -0.919478 -0.129952 -0.371043 32.327
-0.719847 -0.0468011 0.692553 -17.4511 -0.0964622 0.994788 -0.0330385 2.67688 -0.687397 -0.0905878 -0.72061 32.096
-0.862484 -0.0955934 0.496974 -17.6752 -0.0616148 0.994528 0.0843676 2.8213 -0.50232 0.0421448 -0.863654 31.9051
-0.936861 -0.096049 0.336253 -17.6522 -0.0626072 0.992074 0.108946 2.85679 -0.344052 0.0810157 -0.935449 31.7819
-0.852559 -0.170758 0.493947 -17.5364 -0.157118 0.98514 0.0693769 3.02119 -0.498454 -0.0184601 -0.86672 31.5916
-0.892186 -0.0601717 0.447642 -17.2617 -0.0188367 0.995181 0.0962285 3.1099 -0.451275 0.0774217 -0.88902 31.3828
-0.938338 -0.0054846 0.345677 -17.3499 0.0374913 0.992363 0.117515 3.24125 -0.343682 0.123229 -0.930966 31.1304
-0.989315 0.0619424 0.131978 -17.0478 0.0716135 0.994985 0.0698347 3.41174 -0.12699 0.07854 -0.98879 31.0719
-0.984094 0.163291 -0.0699617 -17.0089 0.158319 0.984791 0.0715636 3.50807 0.0805833 0.0593491 -0.994979 30.7556
-0.907583 0.145625 -0.39381 -16.8497 0.0995229 0.985811 0.135176 3.62388 0.407908 0.0834904 -0.909198 30.7024
-0.686037 0.226159 -0.691524 -16.835 0.158027 0.974089 0.161798 3.70603 0.710197 0.00171996 -0.704 30.7747
-0.333357 0.247271 -0.909797 -16.8751 0.0518477 0.968341 0.244186 3.71708 0.941374 0.03423 -0.335624 30.8162
0.0186565 0.26543 -0.96395 -16.6843 -0.0441844 0.963394 0.264422 3.70429 0.998849 0.0376584 0.0297014 30.7232
0.159386 0.216254 -0.96324 -16.3478 -0.0960284 0.974482 0.202888 3.73877 0.982535 0.0601609 0.176085 30.6365
0.0690749 0.308185 -0.948815 -16.2419 -0.210717 0.934136 0.288076 3.67366 0.975104 0.180033 0.129465 30.593
0.0368221 0.306242 -0.951241 -16.2385 -0.216025 0.931819 0.291627 3.68173 0.975693 0.194754 0.100467 30.5873
-0.997487 0.0115486 0.0698986 -134.721 0.00292031 0.992488 -0.122304 11.4787 -0.070786 -0.121793 -0.990028 1.9933
-0.997863 0.0581264 0.0298534 -134.544 0.0545204 0.992439 -0.109969 11.3865 -0.0360197 -0.108106 -0.993487 1.68082
-0.972869 0.08534 -0.21504 -134.511 0.105895 0.990657 -0.0859337 11.4488 0.205697 -0.106374 -0.972817 1.0564
-0.861251 0.229339 -0.453486 -134.658 0.202628 0.973347 0.107418 11.346 0.466034 0.000624983 -0.884766 0.36233
-0.739669 0.314072 -0.595188 -134.887 0.235829 0.949305 0.207858 11.3573 0.630297 0.0133834 -0.776238 -0.22819
-0.496301 0.261732 -0.827757 -135.073 0.133383 0.96514 0.225198 11.3947 0.857843 0.00135748 -0.51391 -0.534983
-0.182998 0.335445 -0.924115 -135.296 -0.0234161 0.938234 0.345208 11.3773 0.982834 0.0848116 -0.16384 -0.644137
0.240286 0.318048 -0.91712 -135.321 -0.117333 0.947389 0.297804 11.4194 0.963585 0.03605 0.264962 -0.682769
0.600228 0.100323 -0.793513 -135.251 0.0503186 0.985401 0.162645 11.6067 0.798245 -0.137552 0.586417 -0.819245
0.725008 -0.0876233 -0.683144 -135.074 0.218508 0.969896 0.107495 11.6964 0.653159 -0.227207 0.722329 -0.847216
0.744139 -0.0503234 -0.666126 -135.044 0.209774 0.964321 0.161491 11.6412 0.634233 -0.259908 0.728146 -0.846545
0.7113 0.131619 -0.690455 -135.155 0.0565188 0.968421 0.242831 11.5414 0.700612 -0.211749 0.681399 -0.932544
0.474059 0.245985 -0.845434 -135.076 0.0120929 0.958273 0.285597 11.475 0.88041 -0.145614 0.451304 -0.950709
0.187887 0.203198 -0.960942 -135.081 0.176357 0.955486 0.236527 11.4565 0.966228 -0.213909 0.143688 -1.18082
-0.163006 0.235552 -0.958094 -135.018 0.219153 0.955467 0.19762 11.4594 0.961978 -0.177756 -0.207369 -1.48803
-0.47772 0.237811 -0.845713 -134.955 0.247521 0.9601 0.130158 11.4502 0.842922 -0.147153 -0.517522 -1.60308
-0.756868 0.286506 -0.587423 -134.977 0.293759 0.952018 0.0858355 11.4605 0.58383 -0.107595 -0.804715 -1.78161
-0.925352 0.290184 -0.243962 -134.971 0.300077 0.953908 -0.00355617 11.4174 0.231685 -0.076498 -0.969778 -1.95487
-0.869483 0.350466 0.3481 -134.9 0.328875 0.936533 -0.121437 11.2407 -0.368567 0.00889388 -0.929559 -2.2545
-0.659439 0.374474 0.651851 -134.951 0.324796 0.923918 -0.202193 11.0417 -0.677973 0.0783848 -0.730896 -2.45964
-0.602018 0.252535 0.757496 -134.789 0.191645 0.966638 -0.16995 10.85 -0.775143 0.0428575 -0.630331 -2.77675
-0.817347 0.061915 0.572809 -134.863 -0.0703724 0.976036 -0.205915 10.7886 -0.571832 -0.208614 -0.793403 -2.99865
-0.771824 -0.16011 0.615348 -134.678 -0.301428 0.944253 -0.132389 10.6439 -0.559847 -0.287664 -0.777059 -3.24359
-0.909314 -0.100981 0.403671 -134.699 -0.168582 0.976328 -0.135516 10.4988 -0.380431 -0.191278 -0.904812 -3.53491
-0.909168 0.0430177 0.414202 -134.535 -0.0957171 0.946432 -0.308391 10.154 -0.40528 -0.320026 -0.856348 -3.96208
-0.884458 0.0735524 0.460786 -134.608 0.0500177 0.996753 -0.0630989 10.0076 -0.463931 -0.0327609 -0.885265 -4.18642
-0.933178 -0.0280845 0.358316 -134.64 0.00389184 0.996094 0.0882087 9.98213 -0.359394 0.0837089 -0.929424 -4.72041
-0.944942 0.0436226 0.324317 -134.728 0.0846088 0.989944 0.113366 9.95046 -0.316111 0.134564 -0.939131 -4.77746
-0.854303 -0.0577158 0.516561 -134.708 -0.0216923 0.996909 0.07551 9.97806 -0.519323 0.053303 -0.852914 -4.71014
-0.820438 -0.107512 0.561536 -134.938 -0.106024 0.993735 0.0353544 10.0167 -0.561819 -0.0305302 -0.826696 -5.03388
-0.662273 -0.0588783 0.746946 -134.913 -0.0735656 0.997201 0.0133785 10.0203 -0.745643 -0.0460893 -0.66475 -5.54379
-0.380465 -0.0450364 0.923698 -134.761 -0.213571 0.976093 -0.0403777 10.0118 -0.899796 -0.212638 -0.380988 -5.95084
-0.188917 -0.0309022 0.981507 -134.515 -0.250226 0.968026 -0.017685 9.93421 -0.949577 -0.24894 -0.190609 -6.72572
-0.119389 -0.0928235 0.988499 -134.195 -0.194861 0.978447 0.0683446 9.95299 -0.973538 -0.18446 -0.134904 -7.21412
-0.564271 -0.130367 0.815232 -133.784 -0.298648 0.952815 -0.0543441 9.9991 -0.76968 -0.274132 -0.57658 -7.84503
-0.834272 -0.136626 0.534157 -133.636 -0.241545 0.961461 -0.131336 10.0179 -0.495627 -0.238593 -0.835121 -8.10924
-0.860876 -0.131964 0.491404 -133.347 -0.227541 0.963676 -0.139832 9.9316 -0.455102 -0.232192 -0.859633 -8.89572
-0.798616 -0.0381851 0.600628 -133.207 -0.247876 0.930279 -0.270442 9.88047 -0.548424 -0.36486 -0.752401 -9.75106
-0.805602 -0.257373 0.533633 -133.216 -0.229504 0.965955 0.11941 9.86889 -0.546198 -0.0262738 -0.837244 -10.1515
-0.956786 -0.28191 0.0713242 -133.419 -0.28761 0.953596 -0.0890761 9.87426 -0.0429031 -0.10574 -0.993468 -10.5016
-0.974961 0.0726194 0.210184 -133.471 -0.0315422 0.890459 -0.453969 9.86974 -0.220127 -0.449232 -0.865872 -10.9423
-0.784154 0.392361 0.480787 -133.437 -0.00295276 0.772387 -0.635146 9.78746 -0.620559 -0.499472 -0.604511 -11.2777
-0.815844 0.00299585 0.578264 -133.627 -0.0747444 0.991052 -0.110588 9.94411 -0.573421 -0.133444 -0.80832 -11.6668
-0.958017 -0.0975652 0.2696 -133.95 -0.0660409 0.990127 0.123641 10.0108 -0.279001 0.100646 -0.955002 -12.0322
-0.995023 -0.00780355 0.0993387 -134.073 -0.0464556 0.918285 -0.393185 10.0041 -0.088153 -0.395843 -0.914077 -12.3471
-0.945107 -0.294337 0.14191 -134.613 -0.32346 0.904297 -0.278605 10.0854 -0.0463247 -0.309214 -0.949864 -13.1545
-0.954166 -0.27821 -0.110299 -135.151 -0.236193 0.926365 -0.293361 10.0208 0.183794 -0.253863 -0.949618 -13.8336
-0.972478 -0.201296 0.117326 -135.607 -0.225605 0.93934 -0.258345 10.0485 -0.0582057 -0.277704 -0.958902 -14.5152
-0.891974 -0.436139 -0.119018 -136.116 -0.442757 0.895958 0.0349952 9.9837 0.0913719 0.0839107 -0.992275 -14.8545
-0.824371 -0.348242 -0.446251 -136.64 -0.339669 0.934981 -0.102153 9.95307 0.45281 0.0673656 -0.889059 -15.1714
-0.586167 -0.412062 -0.697577 -137.143 -0.362901 0.903336 -0.228663 9.93014 0.72437 0.119117 -0.679043 -15.2571
-0.460444 -0.137236 -0.877017 -137.495 0.0956196 0.974561 -0.202701 9.91207 0.882524 -0.177192 -0.435608 -15.2712
-0.651035 0.141419 -0.745757 -137.645 0.455822 0.858451 -0.235136 9.83627 0.606943 -0.493014 -0.623344 -15.3959
-0.851156 0.226451 -0.473554 -137.921 0.40692 0.854545 -0.322751 9.81357 0.331586 -0.46741 -0.819499 -15.551
-0.99394 0.0866187 -0.0676778 -138.213 0.102343 0.953881 -0.282201 9.82322 0.0401126 -0.287417 -0.956965 -15.7206
-0.929477 0.0517281 0.365234 -138.334 -0.0276703 0.977552 -0.208868 9.82969 -0.36784 -0.204245 -0.907181 -15.8819
-0.839482 -0.0676773 0.539157 -138.608 -0.263519 0.918434 -0.29502 9.86093 -0.475214 -0.389742 -0.788843 -16.1108
-0.542466 -0.0748016 0.836741 -138.878 -0.320848 0.93897 -0.124068 9.81382 -0.776394 -0.335769 -0.533359 -16.2842
-0.286633 0.0235618 0.957751 -139.045 -0.339192 0.932449 -0.124452 9.84433 -0.895986 -0.360534 -0.259278 -16.5956
-0.0401045 -0.0680306 0.996877 -139.366 -0.328392 0.943155 0.0511531 9.84541 -0.94369 -0.325315 -0.0601655 -16.6664
0.108884 0.0212229 0.993828 -139.525 -0.264776 0.964273 0.00841697 9.82968 -0.958143 -0.264058 0.110613 -16.3976
0.419584 0.0170921 0.907556 -139.524 -0.215585 0.973091 0.0813438 9.86736 -0.881744 -0.229786 0.411978 -16.1696
0.442203 -0.0793175 0.893401 -139.087 -0.227092 0.953724 0.197076 9.99238 -0.86769 -0.290032 0.403727 -16.1171
0.458732 -0.144683 0.876717 -138.618 -0.218699 0.93792 0.269215 9.96969 -0.861241 -0.315235 0.398612 -16.1515
0.153668 -0.169904 0.973406 -138.224 -0.322592 0.922504 0.211946 9.98729 -0.933981 -0.346582 0.0869496 -16.1207
0.420141 -0.192369 0.886835 -137.857 -0.172111 0.942643 0.286012 9.95858 -0.890988 -0.272799 0.362934 -16.1094
0.266747 -0.268772 0.925531 -137.317 -0.252718 0.907217 0.33629 9.9892 -0.930043 -0.323603 0.174074 -16.2781
0.56874 -0.175153 0.803652 -136.806 -0.101726 0.954584 0.280039 9.96408 -0.816203 -0.241021 0.525092 -16.386
0.862272 -0.169299 0.477309 -136.43 0.0264972 0.956261 0.291312 9.92472 -0.505751 -0.238543 0.829043 -16.0354
0.981849 -0.120607 0.14638 -136.474 0.0891451 0.97467 0.205115 9.83276 -0.16741 -0.188343 0.96773 -15.8971
0.950959 -0.0752129 -0.300034 -136.497 0.130182 0.977215 0.167643 9.7399 0.280589 -0.19848 0.939082 -15.6832
0.55041 -0.124373 -0.825578 -136.618 0.245925 0.969123 0.0179594 9.7769 0.797853 -0.212915 0.564002 -15.521
0.494902 -0.205023 -0.844416 -137.002 0.403839 0.914714 0.014594 9.8374 0.769407 -0.348231 0.53549 -15.3233
0.512623 -0.112856 -0.851165 -137.335 0.341504 0.936338 0.0815255 9.78087 0.787777 -0.332468 0.518529 -14.8011
0.560257 -0.137501 -0.816826 -137.368 0.314978 0.947412 0.0565588 9.78723 0.766094 -0.28897 0.574104 -14.4285
0.335272 -0.118782 -0.934603 -136.975 0.366163 0.930458 0.0130993 9.79107 0.868054 -0.346609 0.35545 -14.6449
0.208507 0.0270459 -0.977647 -136.449 0.244126 0.966536 0.0788042 9.8005 0.947063 -0.2551 0.194927 -14.6001
0.410219 -0.0969999 -0.906814 -136.323 0.247915 0.968744 0.00852582 9.79626 0.877644 -0.22831 0.421445 -14.0893
0.305439 -0.059588 -0.950345 -136.24 0.26422 0.964152 0.024466 9.73963 0.91482 -0.258573 0.310234 -13.512
0.416826 -0.112415 -0.902008 -136.135 0.323646 0.945647 0.0317056 9.81395 0.849417 -0.305147 0.430553 -12.8541
0.753213 -0.0663306 -0.654423 -135.975 0.242314 0.952915 0.182308 9.78126 0.611518 -0.295893 0.733821 -12.4599
0.890546 -0.150321 -0.429338 -135.777 0.235006 0.960148 0.151287 9.82228 0.389486 -0.235625 0.890383 -11.8541
0.813439 -0.0976558 -0.573393 -135.675 0.091509 0.995015 -0.0396446 9.764 0.574406 -0.0202222 0.81832 -11.2312
0.94382 -0.0382886 -0.328233 -135.334 0.101913 0.978575 0.178896 9.83281 0.314351 -0.202297 0.927501 -10.5014
0.89328 0.0808362 -0.442172 -135.197 0.044061 0.963213 0.265104 9.75925 0.447335 -0.256294 0.856857 -10.0456
0.762503 -0.0748706 -0.642638 -135.053 0.139652 0.988913 0.0504859 9.80712 0.631733 -0.128241 0.764505 -9.32295
0.953102 -0.0971919 -0.28662 -134.908 0.10534 0.99435 0.0131075 9.86416 0.283726 -0.0426852 0.957955 -8.91589
0.774305 -0.0870504 -0.626797 -134.836 0.195258 0.975029 0.105797 9.85835 0.601935 -0.204306 0.771967 -8.59065
0.970617 -0.146954 -0.190544 -134.542 0.168331 0.980515 0.101263 9.85843 0.17195 -0.130362 0.976442 -8.44061
