1 -0.000293613 -0.000368102 4.01585e-06 0.00029317 0.999999 -0.00120289 -6.66425e-05 0.000368455 0.00120278 0.999999 -9.02606e-05
0.901316 -0.00991909 -0.433049 4.83421 0.000637619 0.999767 -0.0215728 0.220888 0.433162 0.0191678 0.901112 0.272229
0.847102 -0.0339683 -0.530343 5.59148 0.0173115 0.999189 -0.0363466 0.2255 0.531148 0.0216082 0.847003 0.674202
0.920827 -0.0706433 -0.383519 6.38085 0.0263606 0.992482 -0.119521 0.224844 0.389079 0.0999483 0.915766 1.42278
0.956469 -0.0916682 -0.277064 7.43129 0.078532 0.995213 -0.058167 0.263011 0.281069 0.0338766 0.959089 1.82249
0.847433 -0.0538169 -0.528168 8.45508 0.0354689 0.998365 -0.044818 0.249096 0.529717 0.0192467 0.847956 2.2729
0.555602 -0.0646686 -0.82893 9.18191 0.0878168 0.995958 -0.0188388 0.291539 0.826798 -0.0623271 0.559036 3.10732
0.162665 -0.0638856 -0.984611 9.29251 0.256271 0.96639 -0.0203655 0.400861 0.95282 -0.249014 0.17357 3.35542
-0.238719 0.0269299 -0.970715 9.5482 0.297181 0.953682 -0.0466256 0.452352 0.924498 -0.299608 -0.235665 3.8308
-0.55403 0.00932735 -0.832444 9.60144 0.216839 0.967039 -0.133481 0.477013 0.803761 -0.254458 -0.537791 4.14354
-0.546658 -0.00232884 -0.837353 9.64931 0.067473 0.996622 -0.0468209 0.40187 0.834633 -0.0820938 -0.544654 4.83304
-0.603884 0.0819049 -0.792853 10.0267 0.0382774 0.996539 0.0737921 0.287341 0.796153 0.0142135 -0.604929 4.78934
-0.867205 0.110998 -0.485422 10.1538 0.0597403 0.99099 0.119877 0.244659 0.494354 0.0749586 -0.866023 4.55483
-0.992516 0.0209895 -0.120298 10.0748 0.0138089 0.99809 0.0602164 0.225217 0.121332 0.0581045 -0.99091 4.23242
-0.976031 -0.00449514 0.217585 9.65321 -0.0012292 0.999885 0.015143 0.280487 -0.217628 0.0145126 -0.975924 3.65498
-0.819005 -0.00526323 0.573762 9.32193 0.0496765 0.995553 0.0800422 0.255923 -0.571631 0.0940575 -0.815102 3.16941
-0.587001 -0.015223 0.809443 8.75362 0.00743908 0.99968 0.0241955 0.281915 -0.809552 0.0202243 -0.5867 2.36731
-0.572991 -0.0477132 0.818171 8.1348 -0.0605744 0.998039 0.0157804 0.311403 -0.81732 -0.0405183 -0.574758 1.60421
-0.833437 -0.0158495 0.552388 7.57371 -0.0133594 0.999874 0.00853247 0.309407 -0.552453 -0.000268321 -0.833544 0.713407
-0.958448 -0.0447269 0.281738 6.95687 -0.0295581 0.997887 0.0578639 0.272776 -0.283731 0.0471319 -0.957745 -0.147149
-0.813659 0.00343414 0.581332 6.2462 0.0108461 0.999898 0.00927394 0.243005 -0.581241 0.013851 -0.813613 -0.785
-0.905634 -0.0224952 0.423464 5.1804 -0.00493613 0.999084 0.0425167 0.249856 -0.424032 0.0364143 -0.904915 -1.19101
-0.995566 -0.00457894 0.0939538 4.49103 0.000275359 0.998668 0.051589 0.252309 -0.0940649 0.0513862 -0.994239 -1.67224
-0.92268 -0.084313 -0.376235 4.56687 -0.113154 0.992044 0.0551844 0.248998 0.368589 0.0934899 -0.924879 -1.782
-0.747208 -0.115464 -0.654483 4.71858 -0.188112 0.981264 0.0416479 0.255457 0.637412 0.154236 -0.754929 -1.81341
-0.469814 -0.0336614 -0.882123 4.91212 -0.2041 0.97634 0.0714456 0.233413 0.858847 0.213607 -0.465568 -1.81188
-0.104455 -0.059129 -0.99277 5.14583 -0.0948545 0.994273 -0.0492383 0.266599 0.989996 0.0890256 -0.109465 -1.64924
0.246169 -0.110233 -0.962938 5.16592 0.0207043 0.993883 -0.108482 0.327943 0.969006 0.00676812 0.246946 -1.13692
0.337389 -0.151373 -0.929115 5.23608 0.0434853 0.988439 -0.145247 0.348806 0.94036 0.00860186 0.340071 -0.766997
0.623173 -0.109871 0.774328 2.34888 -0.0861347 0.974418 0.207583 0.139268 -0.777326 -0.196057 0.597767 -0.414467
0.582191 -0.208436 0.78588 2.48168 0.0599928 0.974959 0.214142 0.108047 -0.810836 -0.0775241 0.580117 -0.508057
0.465551 -0.239943 0.851874 2.64022 0.0629409 0.969086 0.23856 0.103661 -0.88278 -0.0574439 0.466261 -0.554054
0.619122 -0.3565 0.699711 2.97525 0.0295883 0.900974 0.432862 0.218276 -0.784737 -0.247291 0.568361 -0.887406
0.665336 -0.415585 0.620175 3.37001 0.0302315 0.845045 0.53384 0.272515 -0.745932 -0.336434 0.574803 -0.969365
0.798139 -0.444207 0.407007 3.66194 0.208351 0.837386 0.505347 0.234017 -0.5653 -0.318536 0.760901 -0.966966
0.864732 -0.174303 0.471017 3.99796 0.0803927 0.97379 0.212765 0.144111 -0.495757 -0.146119 0.856081 -0.631766
0.975023 -0.165532 0.148083 4.21386 0.135991 0.972081 0.191217 0.163676 -0.175601 -0.166303 0.970313 -0.252695
0.976587 -0.118486 -0.179552 4.36939 0.13432 0.987806 0.0787175 0.121756 0.168036 -0.100992 0.980594 0.0666976
0.862853 -0.0680575 -0.500851 4.33154 0.139577 0.984447 0.10669 0.132653 0.4858 -0.161965 0.858933 0.388276
0.701811 -0.308899 -0.641906 4.33845 0.447345 0.892369 0.0596654 0.241488 0.554386 -0.329027 0.764459 0.588874
0.720628 -0.473139 -0.506788 4.27321 0.645186 0.72524 0.240337 0.308051 0.253831 -0.500166 0.827891 0.700586
0.818954 -0.26129 -0.510923 4.1386 0.384817 0.91053 0.151168 0.198281 0.425712 -0.320411 0.846231 1.11689
0.794192 0.0173081 -0.607421 4.09776 0.0958719 0.983506 0.153375 0.071455 0.600057 -0.180044 0.779433 1.40716
0.572676 -0.0281647 -0.819298 3.91432 0.12057 0.991435 0.0501942 0.0929529 0.810867 -0.127528 0.571167 1.57117
0.289573 0.00692711 -0.957131 3.91916 0.0715951 0.997016 0.0288764 0.0693026 0.954474 -0.0768877 0.288213 1.74764
-0.0351393 -0.058541 -0.997666 4.10616 0.189247 0.979831 -0.06416 0.151713 0.981301 -0.19106 -0.0233519 1.58522
-0.370865 -0.126193 -0.920073 4.20911 0.11759 0.97637 -0.181313 0.161108 0.921212 -0.175434 -0.347262 1.62786
-0.644935 -0.281328 -0.710573 4.5811 0.0422954 0.915216 -0.400738 0.240001 0.763066 -0.288504 -0.578356 1.62181
-0.854536 -0.268638 -0.444524 4.67824 -0.0782914 0.912698 -0.401064 0.212641 0.513457 -0.307922 -0.800966 1.53852
-0.944419 -0.267572 -0.190994 4.59089 -0.182345 0.909778 -0.3729 0.227876 0.273539 -0.317347 -0.908002 1.55582
-0.989505 -0.110341 0.0933035 4.4237 -0.126351 0.973979 -0.188149 0.144053 -0.0701151 -0.197963 -0.977699 1.40107
-0.854939 -0.106438 0.507691 4.34981 -0.183004 0.97768 -0.103204 0.136866 -0.485374 -0.181143 -0.855336 1.147
-0.589067 -0.166221 0.790804 4.27423 -0.268614 0.963245 0.00237752 0.176186 -0.762133 -0.21102 -0.612065 1.07991
-0.293127 -0.156738 0.943138 4.30825 -0.300275 0.951647 0.064827 0.163006 -0.907696 -0.264198 -0.326018 0.943267
0.0554221 -0.183941 0.981373 4.37918 -0.30327 0.933348 0.192067 0.198376 -0.951292 -0.308265 -0.00405577 0.649664
0.140068 -0.0834456 0.986619 4.52717 -0.217964 0.969401 0.112933 0.152669 -0.965853 -0.230866 0.117594 0.253962
-0.254668 -0.0261565 0.966675 4.70072 -0.138612 0.990299 -0.00972132 0.0989125 -0.957043 -0.136469 -0.255823 -0.217657
-0.594404 0.0584727 0.802038 4.70387 -0.0476798 0.993036 -0.107734 0.0941251 -0.802752 -0.102278 -0.587477 -0.460221
-0.901256 -0.0563447 0.429608 4.72926 -0.151332 0.970001 -0.190255 0.163186 -0.406 -0.236482 -0.882746 -0.566243
-0.975825 -0.187737 0.111897 4.52199 -0.210133 0.946685 -0.244197 0.190332 -0.0600869 -0.261807 -0.963248 -0.651451
-0.957777 -0.108157 -0.266394 4.25731 -0.0289074 0.958077 -0.28505 0.19197 0.286056 -0.265313 -0.92075 -0.880297
-0.748424 -0.0411763 -0.661941 3.75628 0.0799017 0.985203 -0.151626 0.158691 0.65839 -0.166371 -0.73406 -0.918348
-0.48883 -0.142955 -0.860586 3.39668 0.142244 0.960219 -0.240303 0.216068 0.860704 -0.239881 -0.449049 -1.01139
-0.395535 -0.245209 -0.885113 2.81008 0.174431 0.926107 -0.334514 0.235316 0.901735 -0.286703 -0.323536 -0.90458
-0.341502 -0.234664 -0.910115 2.31057 0.198617 0.928444 -0.313917 0.223455 0.918655 -0.287968 -0.270457 -0.748811
-0.49179 -0.257396 -0.831799 1.7695 0.202801 0.895173 -0.39691 0.267265 0.846767 -0.363886 -0.388037 -0.702477
-0.597236 -0.25107 -0.761757 1.08413 0.028122 0.942605 -0.332725 0.257414 0.801573 -0.220137 -0.555897 -0.848007
-0.512129 -0.125771 -0.84965 0.467186 0.10488 0.972661 -0.207197 0.170741 0.852481 -0.195223 -0.484937 -1.19652
-0.187133 -0.0924348 -0.977976 -0.0660784 0.122293 0.985626 -0.116558 0.147403 0.974693 -0.141411 -0.173139 -1.26052
0.165726 -0.0867849 -0.982346 -0.264363 0.186704 0.980867 -0.0551565 0.150493 0.968337 -0.174267 0.178758 -1.22334
0.624364 -0.144259 -0.767697 -0.455866 0.235092 0.971935 0.00856189 0.186793 0.744917 -0.185825 0.640755 -0.932578
0.866415 -0.145618 -0.477619 -0.502714 0.213534 0.972707 0.0907948 0.198121 0.451362 -0.180654 0.873863 -0.871296
0.949885 -0.257829 -0.176757 -0.475824 0.290446 0.937003 0.194077 0.179779 0.115583 -0.235689 0.964931 -0.759316
0.904366 -0.421335 0.0678155 -0.405501 0.365336 0.846499 0.387259 0.23814 -0.220571 -0.325448 0.919474 -0.568909
0.803184 -0.577142 0.147658 -0.538352 0.363855 0.67151 0.645511 0.308396 -0.471705 -0.464738 0.749342 -0.366536
0.735041 -0.673118 0.0814032 -0.310899 0.308252 0.438692 0.844115 0.384056 -0.6039 -0.595367 0.529946 -0.0414931
0.731639 -0.673684 -0.104185 -0.0446522 0.474676 0.393776 0.787162 0.39357 -0.489273 -0.625372 0.607883 0.338615
0.742962 -0.627856 -0.231958 0.265717 0.623477 0.52311 0.581061 0.372015 -0.243483 -0.576327 0.780105 0.771654
0.778469 -0.497827 -0.382301 0.272469 0.621696 0.69545 0.360338 0.320287 0.0864852 -0.518187 0.850884 1.16105
0.67574 -0.387105 -0.627316 0.320402 0.446542 0.892062 -0.0694637 0.188431 0.586495 -0.233183 0.775661 1.36144
0.581293 -0.288176 -0.760956 0.297807 0.117681 0.955128 -0.271813 0.125367 0.80514 0.0684529 0.589122 1.53811
0.358377 -0.201367 -0.911601 0.00158571 0.105954 0.978925 -0.174585 0.092945 0.927545 -0.0340203 0.37216 1.87107
0.41524 -0.0869928 -0.905543 -0.116295 0.196347 0.980526 -0.0041606 0.069915 0.88827 -0.176073 0.424234 2.42513
0.476125 -0.13674 -0.868681 -0.42817 0.273139 0.961973 -0.00171736 0.082732 0.835883 -0.236453 0.495369 2.8102
0.672464 -0.0688946 -0.736916 -0.637196 0.195125 0.976936 0.0867254 0.090094 0.713945 -0.202111 0.670398 3.33503
0.706402 -0.137652 -0.694296 -0.804238 0.18353 0.98298 -0.00815672 0.0901084 0.683602 -0.121663 0.719643 3.95832
0.890541 -0.127499 -0.43667 -0.816213 0.211367 0.965981 0.149012 0.130005 0.402816 -0.224999 0.887195 4.40838
0.819799 -0.245251 -0.517476 -0.797607 0.335896 0.93781 0.0876741 0.182836 0.463792 -0.245693 0.851195 4.87471
0.659331 -0.123957 -0.741564 -1.19392 0.196428 0.980459 0.010756 0.104444 0.72574 -0.152756 0.670795 5.41364
0.694068 -0.163104 -0.70119 -1.39398 0.307212 0.947963 0.0835867 0.158367 0.651069 -0.273429 0.708058 5.97677
0.681563 -0.219525 -0.698055 -1.56227 0.352831 0.934314 0.0506712 0.178215 0.641078 -0.280831 0.714249 6.48831
0.547171 -0.119419 -0.828458 -1.86277 0.315597 0.946153 0.072058 0.144056 0.775243 -0.300887 0.555396 6.81171
0.235254 -0.0705619 -0.969369 -2.00888 0.180267 0.983224 -0.0278218 0.0827472 0.95507 -0.168201 0.244027 6.97167
-0.142525 -0.107899 -0.983893 -2.09959 0.1573 0.978938 -0.130141 0.106746 0.977212 -0.173315 -0.12255 7.13416
-0.401773 -0.136414 -0.905522 -2.31177 0.161813 0.962707 -0.216823 0.125959 0.90133 -0.233639 -0.364716 7.38671
-0.19692 -0.142527 -0.970004 -2.46571 0.106204 0.980454 -0.165623 0.113859 0.97465 -0.135633 -0.177934 7.92276
0.192227 -0.140178 -0.971287 -2.50095 0.165144 0.980251 -0.108788 0.101288 0.967355 -0.13949 0.21158 8.16771
0.513204 -0.0831802 -0.854226 -2.60755 0.241773 0.968997 0.0508973 0.0982195 0.823509 -0.23265 0.517404 8.39629
0.705327 -0.00536407 -0.708861 -2.75324 0.116951 0.987149 0.108898 0.0726051 0.699168 -0.159711 0.696891 8.91533
0.859185 -0.168646 -0.483073 -2.88525 0.315715 0.917699 0.241147 0.0798702 0.402647 -0.359703 0.841718 9.08623
0.951095 -0.15342 -0.268106 -3.01555 0.217343 0.949118 0.227896 0.0643214 0.219501 -0.275021 0.936046 9.54725
0.955359 -0.0935651 -0.280239 -3.27684 0.172765 0.946374 0.272999 0.0526235 0.239668 -0.309228 0.920292 9.73843
0.885287 -0.166087 -0.434375 -3.42389 0.276687 0.938855 0.204929 0.0711102 0.373779 -0.301607 0.87711 10.1541
0.858429 -0.00294496 -0.512923 -3.70054 0.140187 0.963259 0.229087 0.012821 0.493403 -0.26856 0.827302 10.7022
0.640261 -0.0910944 -0.762737 -3.77985 0.215745 0.974301 0.0647403 0.0372979 0.737238 -0.206007 0.64346 11.0519
0.573551 -0.255999 -0.778141 -3.88225 0.498306 0.862983 0.0833791 0.0938376 0.650177 -0.435574 0.62253 11.4082
0.174424 -0.450512 -0.875566 -3.93662 0.686628 0.692991 -0.219785 0.197387 0.705775 -0.562852 0.430208 11.4973
-0.157019 -0.472036 -0.867483 -3.96595 0.548047 0.689073 -0.474154 0.221993 0.821577 -0.549873 0.150501 11.6855
0.116402 -0.2414 -0.963419 -4.33928 0.416723 0.892372 -0.173249 0.0615463 0.90155 -0.381312 0.20447 12.0569
0.275307 -0.106459 -0.955444 -4.51633 0.107743 0.991005 -0.0793753 -0.0623564 0.9553 -0.0810898 0.2843 12.4342
0.386104 -0.0311529 -0.921929 -4.62521 0.00239767 0.99946 -0.0327686 -0.0826455 0.922452 0.0104416 0.38597 12.6729
0.630793 -0.164104 -0.758399 -4.80241 0.210856 0.976854 -0.0359961 0.00377297 0.746753 -0.137207 0.650795 12.9693
0.667815 -0.185792 -0.720767 -4.92222 0.261034 0.965304 -0.00696904 0.0222422 0.697054 -0.183491 0.693142 13.4907
0.676607 -0.159804 -0.718794 -5.13537 0.224198 0.974528 -0.00561989 0.037396 0.701383 -0.157349 0.6952 13.988
0.81732 -0.200228 -0.540275 -5.21226 0.267531 0.96235 0.048066 0.0517541 0.510309 -0.183825 0.840115 14.3341
0.882325 -0.334795 -0.330779 -5.32495 0.387757 0.915442 0.107755 0.112574 0.266733 -0.223337 0.937536 14.8631
0.922078 -0.279214 -0.267976 -5.55052 0.313742 0.944723 0.0952116 0.100635 0.226578 -0.171868 0.958709 15.3985
0.921237 -0.248383 -0.299378 -5.80901 0.297788 0.945473 0.131919 0.0955688 0.250288 -0.21068 0.944971 16.0668
0.917001 -0.363424 -0.164417 -5.92154 0.392013 0.897268 0.203066 0.151275 0.0737269 -0.250666 0.965262 16.5224
0.935315 -0.125721 -0.330728 -6.22651 0.168646 0.980137 0.104357 0.0805512 0.311038 -0.153382 0.937939 16.9965
0.927892 -0.160852 -0.336369 -6.33225 0.177765 0.983872 0.0198844 0.0766174 0.327745 -0.0782451 0.94152 17.5768
0.890672 0.075169 -0.44839 -6.53329 -0.072506 0.9971 0.0231316 -0.0378665 0.448828 0.0119083 0.893539 18.0125
0.651387 0.18384 -0.736137 -6.68577 -0.205939 0.97662 0.0616677 -0.118341 0.730263 0.11143 0.674018 18.1775
0.156533 0.0432321 -0.986726 -6.86443 -0.0352039 0.998651 0.0381699 -0.0364224 0.987045 0.0287618 0.157844 18.217
-0.238891 -0.0896768 -0.966897 -7.05589 0.0297169 0.994585 -0.099587 0.0538435 0.970592 -0.0525236 -0.234933 18.2071
-0.320178 -0.299733 -0.898691 -7.2507 0.176738 0.913077 -0.367498 0.154876 0.930726 -0.276497 -0.239372 18.3714
-0.321437 -0.360734 -0.875528 -7.35997 0.180889 0.884177 -0.430708 0.17568 0.929493 -0.296819 -0.218955 18.8336
-0.117253 -0.248759 -0.961442 -7.66655 0.1574 0.951228 -0.265312 0.107617 0.980549 -0.182439 -0.0723796 19.4004
0.155014 -0.0898199 -0.983821 -7.79887 0.219006 0.974204 -0.0544346 0.0592613 0.963331 -0.207025 0.170686 20.0657
-0.00048184 -0.0485388 -0.998821 -7.90254 0.200949 0.978442 -0.0476454 0.0337295 0.979602 -0.200735 0.00928237 20.577
0.0261827 -0.0352831 -0.999034 -8.00704 0.204771 0.978375 -0.0291868 -0.00679485 0.97846 -0.203809 0.0328414 20.8485
0.323525 -0.0801105 -0.942822 -8.21477 0.241439 0.970416 0.000393531 -0.00825519 0.914898 -0.227761 0.333296 21.3339
-0.0345675 -0.113134 -0.992978 -8.43002 0.246707 0.961858 -0.118176 0.0163927 0.968473 -0.24906 -0.00533814 21.6267
-0.415291 -0.126515 -0.900848 -8.77925 0.189093 0.956646 -0.221523 -0.018088 0.889819 -0.262341 -0.373363 21.9109
-0.663504 -0.205821 -0.719306 -8.89205 0.013819 0.957881 -0.286834 0.034647 0.748045 -0.200255 -0.632713 22.1861
-0.421275 -0.150978 -0.894278 -9.34437 0.141008 0.963152 -0.229031 -0.00415086 0.895904 -0.222585 -0.384462 22.6476
-0.050758 -0.168485 -0.984396 -9.41819 0.241421 0.954365 -0.175794 0.0320901 0.969092 -0.246576 -0.00776582 23.0789
0.381567 -0.106298 -0.918209 -9.51524 0.316073 0.94849 0.0215425 0.00651617 0.868622 -0.298441 0.39551 23.4741
0.539615 -0.265911 -0.798816 -9.51987 0.42291 0.906032 -0.0159169 0.0468143 0.727985 -0.329238 0.601365 23.9178
0.389072 -0.308975 -0.867846 -9.65153 0.585418 0.810313 -0.0260382 0.080962 0.711273 -0.497922 0.49615 24.4828
0.277272 -0.235817 -0.931402 -9.80014 0.364216 0.922857 -0.125229 0.040285 0.889082 -0.304509 0.341771 25.0867
0.428799 -0.164046 -0.888381 -10.0409 0.377992 0.925738 0.0115029 0.00803758 0.82052 -0.340733 0.458963 25.6537
0.327324 -0.119968 -0.937265 -10.4026 0.37159 0.928332 0.010947 0.00857663 0.86878 -0.351862 0.348445 26.2514
0.0795026 -0.186281 -0.979275 -10.668 0.300768 0.941083 -0.154598 0.0187749 0.950378 -0.282244 0.130846 26.534
0.154481 -0.0127727 -0.987913 -10.9837 0.20605 0.978346 0.0195712 -0.017484 0.966271 -0.206582 0.153768 26.9869
-0.123739 -0.0346061 -0.991711 -11.0827 0.107242 0.993072 -0.0480346 -0.0247359 0.986503 -0.112297 -0.119171 27.2942
-0.387129 -0.00588652 -0.922007 -11.4276 0.0716788 0.996761 -0.03646 -0.0365657 0.919235 -0.0802031 -0.385453 27.3462
-0.701581 0.0212931 -0.712272 -11.6801 0.0082457 0.999729 0.0217646 -0.062242 0.712542 0.00939649 -0.701566 27.3991
-0.603867 -0.14729 -0.783358 -11.9897 0.0404266 0.975855 -0.214648 0.0107554 0.796059 -0.161287 -0.583332 27.3306
-0.746542 -0.179195 -0.640752 -12.2804 -0.0834769 0.980665 -0.176998 0.0322771 0.66008 -0.0786482 -0.747066 27.3079
-0.549605 -0.195877 -0.812137 -12.3203 0.0902591 0.952512 -0.290815 0.0708784 0.830534 -0.233136 -0.505826 27.1949
-0.829899 -0.166109 -0.532611 -12.5201 -0.0384809 0.969418 -0.242379 0.0427774 0.556585 -0.180655 -0.810911 26.9622
-0.956331 -0.227766 -0.183174 -12.4804 -0.185339 0.957148 -0.222524 0.0924075 0.226008 -0.178858 -0.957565 26.7838
