1 2.19566e-05 7.16719e-06 -1.44373e-07 -2.19566e-05 1 -8.33941e-06 -2.18173e-06 -7.16737e-06 8.33925e-06 1 -3.6951e-07
0.90148 -0.00959558 -0.432715 4.83438 0.000871266 0.999792 -0.0203556 0.219753 0.43282 0.0179731 0.901301 0.270241
0.84731 -0.0336408 -0.530032 5.5918 0.017679 0.999225 -0.0351585 0.224606 0.530804 0.0204197 0.847248 0.671923
0.920988 -0.0702799 -0.383201 6.38145 0.0265313 0.992625 -0.118284 0.224598 0.388688 0.0987713 0.91606 1.4202
0.956605 -0.091337 -0.276703 7.43205 0.0785716 0.995283 -0.0568993 0.263031 0.280595 0.0326891 0.959269 1.81951
0.847598 -0.0535532 -0.52793 8.4558 0.0359343 0.998403 -0.0435851 0.25011 0.529421 0.0179719 0.848169 2.27027
0.555885 -0.06443 -0.828758 9.18288 0.0887556 0.995893 -0.0178912 0.293438 0.826507 -0.0636115 0.559321 3.10443
0.163095 -0.0636632 -0.984554 9.29393 0.257418 0.966097 -0.0198275 0.402159 0.952437 -0.250208 0.173954 3.35152
-0.238267 0.0271262 -0.970821 9.54982 0.298413 0.953298 -0.0466024 0.454151 0.924218 -0.300809 -0.235234 3.82674
-0.553639 0.00955814 -0.832702 9.60318 0.21803 0.966718 -0.133865 0.479186 0.803708 -0.255667 -0.537297 4.13942
-0.546316 -0.00203488 -0.837577 9.65128 0.0686788 0.996521 -0.0472174 0.404892 0.834759 -0.0833194 -0.544276 4.829
-0.603635 0.0821669 -0.793016 10.0282 0.0394657 0.996535 0.0732134 0.291206 0.796284 0.0128972 -0.604786 4.78619
-0.867037 0.111282 -0.485657 10.1551 0.0606134 0.991057 0.118876 0.248197 0.494543 0.0736325 -0.866029 4.5517
-0.992473 0.0212819 -0.120601 10.0761 0.0142407 0.998159 0.0589486 0.228356 0.121633 0.0567875 -0.990949 4.22934
-0.976105 -0.00420566 0.217261 9.65432 -0.00123874 0.999904 0.0137904 0.282984 -0.217298 0.0131917 -0.976016 3.65196
-0.819191 -0.00493685 0.5735 9.32287 0.0491566 0.995679 0.0787866 0.257874 -0.571411 0.0927325 -0.815408 3.16653
-0.587287 -0.015048 0.809239 8.75428 0.00667912 0.999703 0.0234369 0.282974 -0.809351 0.0191692 -0.587012 2.36447
-0.573517 -0.0477579 0.817801 8.13508 -0.0610719 0.998014 0.0154528 0.311789 -0.816914 -0.0410822 -0.575294 1.60138
-0.833951 -0.0160718 0.551604 7.5733 -0.0136313 0.999871 0.00852404 0.309283 -0.55167 -0.000410457 -0.834063 0.710749
-0.958789 -0.045124 0.280514 6.95554 -0.029924 0.997854 0.0582372 0.272377 -0.28254 0.0474431 -0.958081 -0.149396
-0.815375 0.00268149 0.578927 6.24313 0.0116213 0.999864 0.0117365 0.242372 -0.578817 0.0162975 -0.815295 -0.784235
-0.905762 -0.0241709 0.423097 5.17832 -0.00591819 0.998996 0.0444016 0.248751 -0.423745 0.0377134 -0.904996 -1.18961
-0.99561 -0.006708 0.0933547 4.49095 -0.00183381 0.998635 0.0521997 0.250084 -0.0935774 0.0517993 -0.994264 -1.67317
-0.922116 -0.0868914 -0.377031 4.56892 -0.115458 0.991855 0.0537943 0.246396 0.369286 0.0931359 -0.924637 -1.78553
-0.746027 -0.119107 -0.655177 4.72297 -0.190574 0.980911 0.0386757 0.252386 0.638064 0.153713 -0.754485 -1.81938
-0.467195 -0.0353561 -0.883447 4.92905 -0.205713 0.976126 0.0697223 0.230851 0.85989 0.21431 -0.463314 -1.82812
-0.10149 -0.0611371 -0.992956 5.17084 -0.0953587 0.994112 -0.0514616 0.264342 0.990256 0.0894642 -0.106722 -1.6683
0.245177 -0.112958 -0.962875 5.19997 0.0213957 0.993578 -0.111112 0.325448 0.969242 0.00664055 0.246019 -1.15828
0.337545 -0.15062 -0.929181 5.25141 0.0419633 0.988542 -0.144999 0.347777 0.940374 0.00995203 0.339998 -0.779126
0.624696 -0.108748 0.773259 2.35005 -0.0871738 0.974353 0.207455 0.138742 -0.775987 -0.197004 0.599194 -0.41638
0.582019 -0.207449 0.786269 2.48133 0.0590113 0.975138 0.213599 0.106512 -0.811031 -0.0779198 0.57979 -0.508247
0.465571 -0.239667 0.851941 2.63994 0.0617203 0.969083 0.238892 0.102658 -0.882856 -0.0586395 0.465969 -0.55447
0.619108 -0.356405 0.699772 2.97462 0.0273829 0.900338 0.434329 0.217244 -0.784829 -0.249735 0.567165 -0.887901
0.665379 -0.415291 0.620325 3.36919 0.0283732 0.844441 0.534897 0.270937 -0.745966 -0.338309 0.573657 -0.969495
0.798212 -0.443834 0.407271 3.66093 0.207061 0.83707 0.506399 0.232055 -0.565671 -0.319884 0.76006 -0.966473
0.864593 -0.17389 0.471425 3.99669 0.0794287 0.973711 0.213491 0.142257 -0.496155 -0.147138 0.855675 -0.630624
0.974482 -0.16666 0.150365 4.2092 0.136705 0.971958 0.191337 0.161321 -0.178036 -0.165899 0.969938 -0.247545
0.97676 -0.117613 -0.179182 4.36663 0.133614 0.987801 0.0799778 0.118917 0.167589 -0.10206 0.98056 0.0676396
0.863578 -0.0687546 -0.499505 4.33067 0.14007 0.984379 0.106667 0.130554 0.484368 -0.162081 0.859719 0.388626
0.702355 -0.310048 -0.640756 4.3378 0.447721 0.892223 0.0590348 0.239569 0.553393 -0.328343 0.765472 0.589977
0.720577 -0.474411 -0.505671 4.27269 0.645622 0.72503 0.239798 0.30607 0.252864 -0.499265 0.82873 0.701795
0.819374 -0.262402 -0.509677 4.13879 0.385267 0.910426 0.150644 0.196105 0.424494 -0.319795 0.847075 1.11828
0.795076 0.0163097 -0.606291 4.09851 0.0963132 0.983559 0.152761 0.0691879 0.598814 -0.179851 0.780433 1.4086
0.573846 -0.0290566 -0.818448 3.91529 0.120783 0.991445 0.0494873 0.0905215 0.810007 -0.127253 0.572446 1.5729
0.291005 0.00612519 -0.956702 3.92043 0.0715719 0.997038 0.0281538 0.0668339 0.954041 -0.0766659 0.289705 1.74936
-0.0336571 -0.0593951 -0.997667 4.10743 0.189365 0.979772 -0.0647181 0.149768 0.98133 -0.191101 -0.021729 1.58587
-0.369406 -0.127203 -0.920521 4.21075 0.1175 0.976242 -0.182056 0.159266 0.921809 -0.175414 -0.345684 1.62798
-0.64418 -0.283784 -0.710281 4.58534 0.0410827 0.914447 -0.402615 0.23887 0.76377 -0.288537 -0.57741 1.61841
-0.853703 -0.270851 -0.444782 4.68203 -0.079813 0.912062 -0.402211 0.212176 0.514608 -0.307869 -0.800247 1.53496
-0.943666 -0.270108 -0.191143 4.59529 -0.184488 0.909006 -0.373728 0.227025 0.274697 -0.317411 -0.90763 1.55197
-0.989422 -0.112042 0.0921419 4.42642 -0.127804 0.973759 -0.188305 0.143678 -0.068626 -0.198089 -0.977779 1.3983
-0.855472 -0.106743 0.506729 4.34939 -0.183354 0.977571 -0.103616 0.137896 -0.484303 -0.181552 -0.855856 1.14558
