0.999994 -0.0024747 0.00254628 6.04255e-05 0.00247254 0.999997 0.000852105 6.74359e-05 -0.00254838 -0.000845803 0.999996 -1.26546e-05
0.902574 -0.012046 -0.430366 4.83456 0.0034937 0.999781 -0.020657 0.232097 0.430521 0.0171409 0.902418 0.257736
0.848617 -0.0360927 -0.527774 5.59298 0.0202607 0.999155 -0.0357514 0.239182 0.528619 0.0196462 0.848632 0.657495
0.921918 -0.0725328 -0.380535 6.38454 0.0291962 0.992531 -0.11845 0.2418 0.386284 0.0980912 0.917149 1.40375
0.957132 -0.0937705 -0.274053 7.43607 0.0812367 0.995077 -0.0567579 0.283111 0.278027 0.0320616 0.960038 1.80026
0.848932 -0.0559652 -0.52553 8.46126 0.0384588 0.998283 -0.0441844 0.272391 0.527101 0.0172983 0.849627 2.24761
0.55791 -0.067047 -0.827189 9.19045 0.0907994 0.995679 -0.0194628 0.318194 0.824919 -0.0642497 0.561587 3.07975
0.164923 -0.0667552 -0.984045 9.30159 0.258656 0.965715 -0.0221618 0.42829 0.951786 -0.250874 0.176535 3.32728
-0.236601 0.0239277 -0.971312 9.55858 0.298617 0.953101 -0.0492608 0.481351 0.92458 -0.301705 -0.23265 3.80178
-0.552095 0.00643057 -0.833756 9.6127 0.217323 0.966515 -0.136452 0.506792 0.804961 -0.25653 -0.535006 4.1143
-0.5443 -0.00477518 -0.838877 9.6628 0.0680408 0.996438 -0.0498199 0.43322 0.836127 -0.0841948 -0.542036 4.80382
-0.601575 0.0797471 -0.794826 10.0403 0.0386388 0.996745 0.0707618 0.319431 0.797881 0.0118574 -0.602698 4.75923
-0.865839 0.109036 -0.488298 10.1668 0.0588845 0.991389 0.116962 0.276532 0.496846 0.0725174 -0.864803 4.52442
-0.992169 0.0189549 -0.123456 10.0869 0.0118761 0.998256 0.0578237 0.256229 0.124337 0.0559047 -0.990664 4.20229
-0.976693 -0.00667539 0.214535 9.66341 -0.00386523 0.999901 0.0135157 0.30933 -0.214604 0.0123714 -0.976623 3.62603
-0.820883 -0.00716714 0.571052 9.33061 0.0466815 0.995733 0.0796015 0.282658 -0.569186 0.0920011 -0.817046 3.14186
-0.589426 -0.0177694 0.807627 8.75816 0.00488225 0.999661 0.0255577 0.306152 -0.807808 0.0190074 -0.589139 2.34245
-0.576359 -0.0508959 0.81561 8.136 -0.0626305 0.997874 0.0180111 0.333796 -0.814793 -0.0407012 -0.578321 1.583
-0.835478 -0.0196882 0.549171 7.57006 -0.0166606 0.999806 0.0104973 0.330485 -0.549271 -0.000379276 -0.835644 0.696481
-0.958643 -0.0498019 0.28022 6.94909 -0.0346363 0.997668 0.0588177 0.292035 -0.282496 0.0466794 -0.958132 -0.159875
-0.814449 -0.0055719 0.580209 6.23724 0.000897503 0.999941 0.0108625 0.260741 -0.580235 0.00936771 -0.814395 -0.795722
-0.904681 -0.0255729 0.425321 5.17255 -0.00180856 0.998419 0.0561841 0.257033 -0.426085 0.0500595 -0.903297 -1.19897
-0.995477 -0.00909017 0.0945635 4.48523 -0.00340081 0.998183 0.0601524 0.264761 -0.0949385 0.0595587 -0.9937 -1.681
-0.921752 -0.0900985 -0.377169 4.56216 -0.11955 0.991283 0.055367 0.263473 0.368892 0.0961253 -0.924488 -1.79001
-0.74954 -0.121296 -0.650751 4.7192 -0.192833 0.980442 0.0393575 0.269662 0.63325 0.154986 -0.758271 -1.81487
-0.468822 -0.0414743 -0.882318 4.92327 -0.205584 0.976588 0.0633322 0.250145 0.859035 0.211082 -0.466372 -1.82389
-0.100583 -0.0592263 -0.993164 5.15331 -0.0916613 0.994533 -0.0500249 0.280327 0.990697 0.0860031 -0.105462 -1.65928
0.246667 -0.110393 -0.962792 5.16368 0.0202928 0.993861 -0.108756 0.338659 0.968888 0.00728871 0.247393 -1.14513
0.338127 -0.151566 -0.928815 5.22896 0.0432323 0.988406 -0.145551 0.356361 0.940107 0.0090601 0.340759 -0.777218
0.622566 -0.109131 0.774921 2.34417 -0.0867263 0.974508 0.206914 0.144425 -0.777747 -0.196023 0.59723 -0.421764
0.581533 -0.207899 0.78651 2.47732 0.0594192 0.975067 0.213806 0.112349 -0.81135 -0.0776016 0.579387 -0.515197
0.464701 -0.239855 0.852363 2.63592 0.0625798 0.969103 0.238587 0.107879 -0.883254 -0.0575309 0.465353 -0.560868
0.61852 -0.356107 0.700443 2.97054 0.0290014 0.90115 0.432537 0.222304 -0.785233 -0.247219 0.567707 -0.895181
0.664822 -0.415225 0.620967 3.36525 0.029598 0.845268 0.533522 0.276353 -0.746415 -0.336318 0.574243 -0.977426
0.797935 -0.443748 0.407906 3.65714 0.207618 0.837684 0.505154 0.237723 -0.565857 -0.318392 0.760547 -0.975189
0.86452 -0.173498 0.471702 3.99327 0.0796062 0.97395 0.212332 0.147886 -0.496254 -0.146015 0.855811 -0.639951
0.975074 -0.164885 0.148473 4.20819 0.135317 0.972216 0.191014 0.167651 -0.175843 -0.166162 0.970294 -0.25956
0.976948 -0.115562 -0.179495 4.36624 0.131295 0.988241 0.0783605 0.125667 0.168329 -0.100121 0.980633 0.0564075
0.862407 -0.0709476 -0.501219 4.32625 0.142275 0.98419 0.10549 0.137931 0.485811 -0.162286 0.858866 0.379239
0.700074 -0.311988 -0.642308 4.33245 0.449797 0.891289 0.0573239 0.247128 0.554598 -0.329039 0.7643 0.580987
0.718264 -0.475589 -0.50785 4.26696 0.647723 0.723596 0.238461 0.313458 0.254069 -0.500224 0.827783 0.69269
0.81747 -0.264408 -0.511694 4.13262 0.387664 0.909631 0.149289 0.203163 0.42598 -0.320405 0.846098 1.10895
0.793698 0.0138468 -0.608155 4.09216 0.0986469 0.983578 0.151138 0.0761818 0.600261 -0.17995 0.779298 1.3992
0.572045 -0.0316755 -0.81961 3.90861 0.122537 0.99134 0.047212 0.0970221 0.811017 -0.12744 0.570973 1.56316
0.289085 0.00338382 -0.957297 3.9135 0.0725348 0.997042 0.0254284 0.0733716 0.954551 -0.0767884 0.287985 1.73963
-0.0357804 -0.0621209 -0.997427 4.10068 0.189466 0.979543 -0.0678038 0.156877 0.981235 -0.191404 -0.0232786 1.57636
-0.371579 -0.129758 -0.919289 4.20324 0.116421 0.975856 -0.1848 0.166635 0.921073 -0.175692 -0.347501 1.61943
-0.646785 -0.284634 -0.707568 4.57231 0.0394744 0.914012 -0.403763 0.246981 0.76165 -0.289079 -0.579934 1.61593
-0.855233 -0.271484 -0.441444 4.66994 -0.0814972 0.911664 -0.402775 0.219593 0.511795 -0.30849 -0.80181 1.53301
-0.944226 -0.270783 -0.187385 4.58179 -0.186467 0.908689 -0.373515 0.234773 0.271416 -0.317742 -0.908501 1.55071
-0.989092 -0.112569 0.0950033 4.41682 -0.128887 0.973637 -0.188197 0.149308 -0.0713135 -0.198389 -0.977526 1.39467
-0.855581 -0.106071 0.506685 4.34569 -0.182815 0.977627 -0.104038 0.140177 -0.484314 -0.181643 -0.855831 1.13922
-0.589874 -0.165449 0.790364 4.2704 -0.268271 0.963342 0.00144 0.179242 -0.76163 -0.211182 -0.612635 1.07155
-0.29359 -0.156308 0.943066 4.30314 -0.300054 0.95175 0.0643365 0.164274 -0.907619 -0.264082 -0.326325 0.935497
0.0552905 -0.184364 0.981302 4.37379 -0.303705 0.933132 0.192426 0.199114 -0.95116 -0.308666 -0.00439907 0.641721
0.140291 -0.084758 0.986476 4.5215 -0.218564 0.9691 0.114348 0.152749 -0.965685 -0.23165 0.117431 0.245855
-0.255051 -0.0275103 0.966536 4.69539 -0.140451 0.990048 -0.00888282 0.0997079 -0.956673 -0.138016 -0.256377 -0.225726
-0.59496 0.0583672 0.801633 4.69808 -0.0482443 0.992968 -0.108105 0.0953641 -0.802306 -0.102992 -0.587961 -0.467797
-0.901573 -0.0562053 0.42896 4.72225 -0.151125 0.969978 -0.190536 0.1643 -0.405372 -0.236609 -0.883 -0.572227
-0.975978 -0.18715 0.111544 4.5138 -0.209459 0.946881 -0.244013 0.191451 -0.0599517 -0.261516 -0.963336 -0.655642
-0.957185 -0.107969 -0.268587 4.24981 -0.0280767 0.958092 -0.285083 0.191862 0.288111 -0.265336 -0.920103 -0.885947
-0.747714 -0.0409783 -0.662756 3.7491 0.0800317 0.985257 -0.151209 0.155248 0.659181 -0.166103 -0.73341 -0.923892
-0.488376 -0.141799 -0.861036 3.38985 0.14191 0.960669 -0.238698 0.20906 0.861017 -0.238764 -0.449044 -1.01752
-0.394667 -0.241188 -0.886604 2.80372 0.174675 0.927641 -0.330108 0.225293 0.902068 -0.285151 -0.323979 -0.911422
-0.341967 -0.233068 -0.91035 2.30393 0.198332 0.929032 -0.312353 0.217303 0.918544 -0.287366 -0.271474 -0.757196
-0.492775 -0.25534 -0.83185 1.76184 0.202069 0.896264 -0.394815 0.261423 0.846369 -0.362646 -0.39006 -0.713198
-0.597543 -0.251538 -0.761361 1.07414 0.0253737 0.943114 -0.3315 0.252598 0.801435 -0.217404 -0.557169 -0.865739
-0.507931 -0.126204 -0.852102 0.449167 0.100621 0.973744 -0.2042 0.167312 0.855501 -0.189459 -0.481897 -1.21798
-0.185688 -0.0954786 -0.977959 -0.0957452 0.121176 0.985446 -0.119218 0.146209 0.975108 -0.140643 -0.171415 -1.27722
0.167413 -0.0889345 -0.981867 -0.292902 0.186419 0.980812 -0.0570536 0.14883 0.968102 -0.173487 0.18078 -1.23891
0.625569 -0.145471 -0.766487 -0.482786 0.235194 0.97192 0.00749387 0.184717 0.743873 -0.184961 0.642216 -0.946959
0.867479 -0.143978 -0.476183 -0.526233 0.211547 0.973108 0.0911557 0.196578 0.450253 -0.179811 0.874609 -0.8832
0.950683 -0.256419 -0.174504 -0.498537 0.288508 0.937613 0.194024 0.178082 0.113866 -0.234802 0.965351 -0.770841
0.904587 -0.420383 0.0707121 -0.427049 0.363583 0.847437 0.386857 0.236414 -0.222552 -0.324236 0.919425 -0.58004
0.802786 -0.576907 0.150706 -0.558976 0.362373 0.672759 0.645043 0.30696 -0.473519 -0.46322 0.749138 -0.377093
0.734227 -0.673648 0.0843209 -0.330574 0.306937 0.440162 0.843829 0.382098 -0.605558 -0.593681 0.529946 -0.0525443
0.731435 -0.67436 -0.101206 -0.0632802 0.473339 0.395256 0.787225 0.391034 -0.49087 -0.623708 0.608305 0.327031
0.74365 -0.628122 -0.229013 0.248191 0.622051 0.524511 0.581327 0.368802 -0.245024 -0.574761 0.780777 0.759432
0.77993 -0.497306 -0.379993 0.25641 0.620023 0.696708 0.36079 0.317155 0.0853214 -0.516996 0.851725 1.1493
0.677496 -0.385339 -0.626509 0.305111 0.444588 0.893109 -0.0685433 0.185308 0.585953 -0.232101 0.776395 1.35007
0.582498 -0.285672 -0.760978 0.283343 0.115543 0.955799 -0.270365 0.122374 0.804578 0.0695612 0.589758 1.52714
0.359679 -0.198912 -0.911628 -0.0124642 0.10427 0.979462 -0.172574 0.0905087 0.927232 -0.0329839 0.373032 1.86047
0.416735 -0.0846577 -0.905077 -0.129771 0.194528 0.980895 -0.00218081 0.0672632 0.88797 -0.175154 0.425242 2.41463
0.477751 -0.134677 -0.868111 -0.441246 0.271348 0.962481 1.483e-05 0.0805444 0.835539 -0.235567 0.49637 2.80006
0.673766 -0.0666783 -0.73593 -0.649631 0.192878 0.977265 0.0880412 0.0880202 0.713329 -0.201264 0.671309 3.32514
0.707655 -0.135167 -0.693508 -0.816067 0.181051 0.983449 -0.00693273 0.0873091 0.682968 -0.120654 0.720415 3.94866
0.892149 -0.122173 -0.434907 -0.827387 0.205579 0.967069 0.150049 0.122935 0.402253 -0.223274 0.887886 4.39852
0.821826 -0.241197 -0.516165 -0.808009 0.331754 0.939123 0.089371 0.17674 0.463186 -0.244687 0.851814 4.86502
0.660647 -0.121454 -0.740807 -1.20411 0.193948 0.980937 0.0121381 0.101592 0.72521 -0.151697 0.671608 5.40441
0.695544 -0.161058 -0.700199 -1.40346 0.304831 0.948642 0.0846002 0.155988 0.650613 -0.272286 0.708917 5.96781
0.683141 -0.217521 -0.697139 -1.57113 0.350485 0.935142 0.0516657 0.175782 0.640686 -0.279632 0.715072 6.47955
0.548846 -0.117422 -0.827635 -1.8711 0.313645 0.946677 0.0736817 0.142307 0.774851 -0.300023 0.556409 6.80328
0.236729 -0.0682241 -0.969177 -2.0174 0.178688 0.983573 -0.0255916 0.0807598 0.955003 -0.167122 0.245031 6.96336
-0.141 -0.103305 -0.984605 -2.1084 0.156352 0.979736 -0.125185 0.102608 0.977585 -0.171596 -0.121991 7.12663
-0.399446 -0.127388 -0.907863 -2.31886 0.163202 0.964599 -0.207156 0.119755 0.902113 -0.230913 -0.364516 7.37812
-0.195599 -0.13898 -0.970786 -2.47379 0.105734 0.981148 -0.161767 0.110412 0.974967 -0.134287 -0.177217 7.9148
0.193709 -0.137811 -0.971332 -2.50818 0.163769 0.980735 -0.106485 0.0993274 0.967293 -0.138447 0.212546 8.15989
0.514703 -0.0810075 -0.853533 -2.6145 0.239742 0.969413 0.0525652 0.0964896 0.823167 -0.231683 0.518381 8.3886
0.706292 -0.00328772 -0.707913 -2.76029 0.114698 0.987308 0.10985 0.0711835 0.698567 -0.158782 0.697705 8.90759
0.860628 -0.166045 -0.481403 -2.89179 0.312405 0.918707 0.241622 0.077813 0.402148 -0.358339 0.842538 9.07891
0.952228 -0.149567 -0.266253 -3.02134 0.212941 0.950132 0.227827 0.0613077 0.2189 -0.273639 0.936592 9.54032
0.956543 -0.0878719 -0.278037 -3.28219 0.166447 0.947447 0.273201 0.049629 0.239418 -0.307607 0.9209 9.73157
0.886419 -0.164157 -0.432798 -3.43096 0.274096 0.9396 0.204996 0.0691891 0.373006 -0.30034 0.877874 10.1467
0.859559 -0.0016882 -0.511033 -3.70877 0.138233 0.963484 0.229325 0.0120502 0.491985 -0.26776 0.828405 10.6951
0.641368 -0.089152 -0.762036 -3.78412 0.213634 0.974697 0.0657738 0.0362507 0.736891 -0.204982 0.644185 11.0452
0.575449 -0.254396 -0.777265 -3.88544 0.496379 0.863962 0.084723 0.0934271 0.649974 -0.434572 0.623442 11.402
0.176243 -0.449996 -0.875467 -3.93919 0.685727 0.694201 -0.218779 0.196795 0.706199 -0.561773 0.430922 11.4916
-0.155353 -0.4716 -0.86802 -3.9676 0.547557 0.690246 -0.473013 0.221644 0.82222 -0.548775 0.150996 11.6802
0.118291 -0.239688 -0.963617 -4.34161 0.415688 0.893257 -0.171158 0.06193 0.901782 -0.380317 0.2053 12.0513
0.27628 -0.102954 -0.955547 -4.51959 0.105998 0.991444 -0.0761747 -0.0626605 0.955214 -0.0802405 0.284829 12.4284
0.386933 -0.0291567 -0.921647 -4.62847 0.000722721 0.999509 -0.0313165 -0.0829856 0.922108 0.0114513 0.386764 12.6668
0.632107 -0.161781 -0.757805 -4.80463 0.208566 0.977393 -0.0346889 0.00340823 0.746285 -0.136125 0.651558 12.9638
0.669234 -0.183519 -0.720032 -4.9235 0.258727 0.965934 -0.00572042 0.0225661 0.696553 -0.182463 0.693917 13.4855
0.677819 -0.157737 -0.718109 -5.13631 0.22188 0.975062 -0.00474634 0.0368499 0.700949 -0.156117 0.695915 13.9831
0.818244 -0.197856 -0.53975 -5.21445 0.264685 0.96313 0.0481992 0.0509439 0.510312 -0.182302 0.840445 14.3286
0.883135 -0.333158 -0.33027 -5.32517 0.385782 0.916338 0.107224 0.1121 0.266917 -0.222105 0.937777 14.8577
0.923191 -0.276297 -0.267168 -5.55079 0.310604 0.945759 0.0952091 0.101434 0.22637 -0.17088 0.958935 15.3931
0.922675 -0.244686 -0.297994 -5.80916 0.293608 0.946816 0.131655 0.0981023 0.249931 -0.208968 0.945445 16.0614
0.918539 -0.360268 -0.162763 -5.92052 0.388418 0.899092 0.201903 0.152438 0.0735999 -0.248677 0.965786 16.5176
0.935869 -0.123722 -0.329911 -6.22503 0.166243 0.980601 0.103848 0.079847 0.310663 -0.152033 0.938283 16.9922
0.927308 -0.159352 -0.338683 -6.32877 0.17606 0.984196 0.0189799 0.0756972 0.330306 -0.0772287 0.940709 17.5712
0.891107 0.0773237 -0.447156 -6.53309 -0.0749973 0.99692 0.0229337 -0.0388346 0.447552 0.0130991 0.894162 18.0087
0.65174 0.186041 -0.735271 -6.6837 -0.208112 0.976106 0.0625094 -0.119559 0.729331 0.112278 0.674885 18.1739
0.157314 0.0456167 -0.986495 -6.86218 -0.0366905 0.998513 0.0403215 -0.0368665 0.986867 0.0298518 0.158754 18.2137
-0.239413 -0.0861908 -0.967085 -7.05367 0.0291299 0.994966 -0.0958871 0.0570369 0.970481 -0.0511277 -0.235697 18.2043
-0.321131 -0.296246 -0.899507 -7.24814 0.176013 0.914595 -0.364053 0.159666 0.930534 -0.275234 -0.241562 18.3689
-0.323426 -0.357234 -0.87623 -7.35803 0.179167 0.88613 -0.427402 0.181109 0.929136 -0.295225 -0.222593 18.8312
-0.118053 -0.247432 -0.961687 -7.66589 0.156473 0.951725 -0.264077 0.105099 0.980602 -0.181653 -0.073638 19.3949
0.157256 -0.0909524 -0.983361 -7.79523 0.216042 0.974799 -0.0556119 0.0581665 0.963637 -0.203701 0.172942 20.062
8.59086e-05 -0.0482954 -0.998833 -7.898 0.199213 0.978813 -0.0473103 0.0315446 0.979956 -0.198977 0.00970518 20.572
0.0266019 -0.0328831 -0.999105 -8.00348 0.204299 0.978542 -0.0267667 -0.00908943 0.978547 -0.203405 0.0327491 20.8449
0.32554 -0.0791345 -0.942211 -8.20864 0.240015 0.970768 0.00139387 -0.0107413 0.914558 -0.226599 0.335017 21.3319
-0.0325982 -0.112306 -0.993139 -8.42312 0.24551 0.962322 -0.11688 0.0153363 0.968846 -0.247636 -0.00379769 21.6254
-0.414579 -0.123564 -0.901585 -8.77831 0.188568 0.957571 -0.217947 -0.0116487 0.890262 -0.260367 -0.373689 21.9085
-0.663066 -0.20142 -0.720953 -8.88861 0.0152731 0.959278 -0.28205 0.0435459 0.748405 -0.198029 -0.632988 22.1834
-0.421197 -0.148601 -0.894713 -9.34237 0.138973 0.964263 -0.225575 0.00175357 0.896259 -0.219352 -0.385493 22.6457
-0.0511454 -0.167881 -0.98448 -9.41771 0.238762 0.955128 -0.17528 0.0326158 0.96973 -0.244021 -0.0087668 23.0778
0.383464 -0.105895 -0.917465 -9.50582 0.314697 0.948937 0.0220031 0.00427104 0.868286 -0.297161 0.397208 23.4743
0.541511 -0.266558 -0.797316 -9.50877 0.422206 0.906354 -0.0162622 0.0440591 0.726985 -0.327825 0.603343 23.9186
0.390993 -0.310121 -0.866574 -9.63929 0.584796 0.810755 -0.0262883 0.0777372 0.710731 -0.49649 0.498356 24.4838
0.279648 -0.236458 -0.930529 -9.78688 0.363481 0.923131 -0.125342 0.0366978 0.888639 -0.303178 0.344099 25.0879
0.431036 -0.164671 -0.887182 -10.0263 0.377236 0.926047 0.0113948 0.00402621 0.819695 -0.339589 0.46128 25.6556
0.329348 -0.121672 -0.936337 -10.3843 0.37226 0.928071 0.0103416 0.00345752 0.867728 -0.351967 0.350951 26.2556
0.08178 -0.187172 -0.978917 -10.6506 0.300416 0.941154 -0.154854 0.0139905 0.950296 -0.281419 0.133197 26.5377
0.156654 -0.0141538 -0.987552 -10.9637 0.206518 0.978263 0.0187389 -0.023083 0.965821 -0.206883 0.156171 26.9924
-0.120542 -0.0337812 -0.992133 -11.0581 0.108727 0.992959 -0.0470195 -0.0281134 0.986736 -0.113539 -0.116021 27.3023
-0.385384 -0.00520067 -0.922741 -11.4043 0.0741979 0.996571 -0.0366057 -0.0351668 0.919768 -0.0825728 -0.383677 27.3515
-0.70319 0.0233154 -0.71062 -11.6548 0.0104816 0.999694 0.022428 -0.0568249 0.710925 0.00832271 -0.703219 27.4041
-0.60188 -0.148375 -0.784682 -11.9684 0.0413963 0.97547 -0.216204 0.0159251 0.797513 -0.162612 -0.580974 27.3369
-0.746359 -0.180527 -0.640592 -12.2552 -0.0825628 0.980189 -0.180035 0.0376179 0.660403 -0.0814818 -0.746478 27.3112
-0.548661 -0.194664 -0.813067 -12.2959 0.0917312 0.952627 -0.289978 0.0751423 0.830998 -0.233683 -0.504812 27.2001
-0.830962 -0.167442 -0.530533 -12.4997 -0.0382127 0.968558 -0.245836 0.0504903 0.555015 -0.184007 -0.811233 26.9624
-0.955423 -0.231795 -0.182861 -12.4683 -0.188516 0.955622 -0.22638 0.0924607 0.22722 -0.181816 -0.95672 26.7821
-0.955729 -0.250428 0.154494 -12.4076 -0.278475 0.939392 -0.199986 0.0933083 -0.0950483 -0.234155 -0.967542 26.5842
-0.936116 -0.222055 0.272725 -12.5195 -0.255023 0.962585 -0.0916097 0.100164 -0.242178 -0.155308 -0.957721 26.5045
-0.982607 -0.132332 0.130277 -12.4152 -0.156099 0.968606 -0.193483 0.0887565 -0.100583 -0.210453 -0.972416 26.5055
-0.910798 -0.148455 0.385237 -12.4548 -0.168101 0.985612 -0.0176186 0.0351526 -0.377079 -0.0808058 -0.922649 26.4735
-0.950146 -0.253049 0.182176 -12.6249 -0.290837 0.929885 -0.225228 0.0936622 -0.112409 -0.266983 -0.957123 26.341
-0.941319 -0.337344 -0.0108263 -12.6224 -0.311535 0.880748 -0.356691 0.156679 0.129863 -0.332387 -0.93416 26.1801
-0.915396 -0.305355 -0.262314 -12.9423 -0.172527 0.886336 -0.429702 0.151818 0.36371 -0.348091 -0.86403 26.0962
-0.862357 -0.116622 -0.492687 -12.9656 0.0260726 0.96159 -0.27325 0.0837068 0.50563 -0.248485 -0.826192 26.1119
-0.605936 -0.134735 -0.78402 -13.1951 0.041001 0.978954 -0.199922 0.0384727 0.794456 -0.153286 -0.587659 26.2818
-0.173794 -0.0410494 -0.983926 -13.2295 0.108156 0.992291 -0.0605023 0.0097432 0.978825 -0.116933 -0.168014 26.3715
0.189569 -0.0212423 -0.981638 -13.2002 0.101391 0.994845 -0.00194801 0.0114946 0.976618 -0.0991597 0.190745 26.2787
0.0400857 -0.254782 -0.966167 -13.3174 0.266275 0.934702 -0.235437 0.076407 0.963063 -0.247828 0.10531 26.3874
0.438749 -0.254641 -0.861776 -13.2988 0.388301 0.918578 -0.073732 0.103825 0.810383 -0.302279 0.501903 26.4179
0.496961 -0.374928 -0.782597 -13.5244 0.410076 0.896261 -0.168978 0.164635 0.764766 -0.236948 0.599156 26.3439
0.283485 -0.235505 -0.929609 -13.8149 0.311388 0.939456 -0.143042 0.108731 0.907014 -0.248919 0.339656 26.4454
0.282285 -0.100106 -0.954093 -14.0313 0.14432 0.987654 -0.0609271 0.0153106 0.948413 -0.120496 0.293247 26.2859
0.290142 -0.0973473 -0.952019 -14.0584 0.0355351 0.995223 -0.0909351 -0.0198986 0.956323 -0.00744594 0.292216 26.3517
0.592817 -0.0679698 -0.802464 -14.1152 0.0922643 0.995603 -0.0161691 -0.00368818 0.800035 -0.0644535 0.596482 26.432
0.748924 -0.23407 -0.619939 -14.2713 0.386056 0.914493 0.121094 0.128439 0.538585 -0.330022 0.77525 26.416
0.81387 -0.363623 -0.453204 -14.2341 0.525625 0.79319 0.307518 0.249185 0.247656 -0.488495 0.836683 26.6743
0.912784 -0.33114 -0.239107 -14.516 0.404831 0.811166 0.422044 0.217369 0.0541999 -0.482033 0.874475 26.7764
0.986793 -0.161812 -0.00751607 -14.4417 0.158533 0.955188 0.249966 0.0217343 -0.0332683 -0.247856 0.968225 26.9497
0.963144 -0.0182307 0.268368 -14.5366 0.0018701 0.99813 0.0610932 -0.0639411 -0.26898 -0.0583396 0.961377 26.8704
0.764423 0.0663943 0.641287 -14.5874 -0.0466607 0.997772 -0.047682 -0.105221 -0.643024 0.00652631 0.765818 26.6301
0.44816 0.0227594 0.893664 -14.5419 -0.0882216 0.995922 0.0188782 -0.036321 -0.88959 -0.0873009 0.44834 26.3325
0.257069 -0.0969029 0.961522 -14.5717 -0.218506 0.963365 0.155508 0.0720217 -0.941366 -0.250075 0.226477 26.3698
-0.104043 -0.0507899 0.993275 -14.7806 -0.200877 0.979186 0.0290281 0.0391871 -0.974076 -0.196506 -0.11208 26.456
0.129808 -0.0783344 0.98844 -15.0652 -0.176854 0.97906 0.100817 0.0524665 -0.97564 -0.187896 0.113236 26.6746
-0.0596032 -0.0814785 0.994891 -15.1689 -0.147952 0.986376 0.0719174 0.0130459 -0.987197 -0.14291 -0.0708461 26.7062
0.00918385 -0.144232 0.989501 -15.4393 -0.158091 0.976889 0.143861 0.0701855 -0.987382 -0.157752 -0.0138301 26.979
0.254221 -0.106535 0.961261 -15.4986 -0.122603 0.982346 0.141296 0.0390572 -0.959344 -0.153774 0.236671 27.2485
0.57917 -0.0570924 0.813205 -15.5094 -0.134411 0.977204 0.164335 0.0203147 -0.80405 -0.204481 0.558293 27.522
0.876189 0.0394949 0.480346 -15.4805 -0.133789 0.9774 0.163679 -0.0162126 -0.463026 -0.207679 0.861671 27.9744
0.977885 -0.105608 0.180522 -15.3425 0.0632293 0.972039 0.226146 0.0491344 -0.199358 -0.20973 0.95722 28.2069
0.984101 -0.0955596 -0.149708 -15.5021 0.127796 0.966351 0.223235 0.067329 0.123339 -0.238818 0.9632 28.5817
0.874444 -0.0529248 -0.482231 -15.6467 0.134461 0.981528 0.1361 0.0301951 0.466121 -0.183853 0.865407 28.7683
0.590804 -0.0232074 -0.806481 -15.7627 0.108844 0.992741 0.0511684 0.010491 0.79944 -0.118011 0.589041 28.8763
0.23741 0.00855053 -0.971372 -15.8911 0.0654332 0.997549 0.0247733 0.00308373 0.969203 -0.0694414 0.236269 28.9393
0.0999595 0.0821656 -0.991593 -16.0952 0.0676605 0.993716 0.0891621 -0.0277764 0.992688 -0.0760043 0.0937721 29.1175
0.0156198 0.127937 -0.991659 -16.4004 -0.0722399 0.989333 0.126499 -0.0726717 0.997265 0.0696615 0.0246953 29.5103
0.319307 0.313699 -0.894223 -16.5216 -0.191034 0.945557 0.263493 -0.133209 0.928197 0.0866918 0.36185 30.0276
0.58625 0.381029 -0.714932 -16.4477 -0.336014 0.917367 0.213384 -0.195898 0.73716 0.115131 0.665838 30.5793
0.808472 0.28468 -0.515102 -16.5319 -0.205165 0.956652 0.206698 -0.0999862 0.551617 -0.0614284 0.831833 30.8003
0.706356 0.0948504 -0.701473 -16.6502 0.0753959 0.975263 0.207792 0.0373271 0.70383 -0.199663 0.681732 31.0278
0.486801 0.0096191 -0.87346 -16.8623 0.205928 0.970492 0.125456 0.087398 0.848893 -0.240942 0.470456 30.8466
0.088595 0.118531 -0.98899 -17.0172 -0.0533643 0.992033 0.114116 -0.0168491 0.994637 0.0426667 0.0942145 30.7277
-0.260748 0.2891 -0.921104 -17.0786 -0.0774018 0.944777 0.318441 -0.138906 0.962299 0.154328 -0.223972 30.5643
-0.447267 0.367072 -0.815605 -17.0393 -0.0593325 0.897715 0.436564 -0.216642 0.892431 0.243652 -0.379738 30.7232
-0.40462 0.318617 -0.857185 -17.17 0.0105865 0.938911 0.343997 -0.330136 0.914424 0.130114 -0.383275 31.0282
-0.298791 -0.00605814 -0.954299 -17.2226 0.197335 0.977975 -0.0679939 -0.278628 0.933693 -0.208632 -0.291015 31.1897
-0.355572 -0.116196 -0.927398 -17.2918 0.207498 0.957667 -0.199545 -0.361519 0.911325 -0.263385 -0.316409 31.4193
-0.279237 0.152709 -0.948001 -17.5423 0.056837 0.98817 0.142438 -0.532253 0.958539 -0.0141075 -0.284613 31.5169
-0.218942 0.279701 -0.93479 -17.9579 -0.0245495 0.956151 0.291842 -0.773212 0.975429 0.0868451 -0.202475 31.6114
0.125905 0.412098 -0.902399 -18.0343 -0.193828 0.902325 0.385021 -0.809413 0.972923 0.126434 0.193483 31.7574
0.390037 0.517684 -0.761495 -18.0767 -0.395359 0.841036 0.369255 -0.850107 0.831602 0.157041 0.532706 31.7977
0.759251 0.364447 -0.539182 -17.9094 -0.378187 0.921324 0.0902023 -0.970244 0.529635 0.135425 0.837345 31.9933
0.900021 0.38375 -0.206633 -17.8203 -0.388412 0.921286 0.0191871 -0.978651 0.197731 0.06299 0.97823 32.0277
0.947888 0.291472 0.128658 -17.9589 -0.299573 0.952842 0.0484571 -1.04642 -0.108467 -0.0844743 0.990504 32.0575
0.964569 0.262624 0.0252154 -17.9864 -0.261657 0.964485 -0.036132 -1.24893 -0.033809 0.0282541 0.999029 32.3451
0.982176 0.187793 -0.00795133 -18.1256 -0.187949 0.981729 -0.0297367 -1.36191 0.0022217 0.0307011 0.999526 32.551
0.913171 0.295493 -0.280719 -18.337 -0.308097 0.951354 -0.000809446 -1.40915 0.266824 0.0872281 0.95979 32.7023
0.886897 0.192243 -0.420067 -18.3404 -0.261118 0.958724 -0.112545 -1.57129 0.381092 0.209503 0.900487 32.9747
0.890421 0.278892 -0.359681 -18.5129 -0.291937 0.956254 0.0187506 -1.71843 0.349176 0.0883084 0.932887 33.2058
0.906101 0.23508 -0.351737 -18.6953 -0.210257 0.971687 0.107781 -1.73075 0.367116 -0.0237054 0.929873 33.2026
0.944359 -0.00979176 -0.328772 -18.796 0.0980326 0.962507 0.252921 -1.62361 0.313969 -0.271079 0.909912 33.14
0.926481 0.0787408 -0.368011 -18.768 -0.000655026 0.978203 0.20765 -1.66596 0.37634 -0.192143 0.906338 33.2573
0.870329 0.220988 -0.440103 -18.8539 -0.156439 0.971439 0.178418 -1.9326 0.466962 -0.0864332 0.880043 33.7087
0.690297 0.239758 -0.682646 -19.0224 -0.138566 0.969843 0.200508 -2.04061 0.710134 -0.0438187 0.702702 33.8763
0.338655 0.367914 -0.865998 -18.9608 -0.227134 0.925129 0.304213 -2.10399 0.913084 0.0936747 0.396866 33.9868
0.13853 0.403084 -0.904617 -18.9903 -0.180761 0.908372 0.377076 -2.28075 0.973722 0.111283 0.198699 34.1746
-0.0582449 0.387734 -0.919929 -18.8298 -0.136217 0.909788 0.392084 -2.31519 0.988965 0.148146 -0.000174721 34.4096
-0.0384316 0.3367 -0.940827 -18.8045 -0.100798 0.935414 0.338881 -2.56644 0.994164 0.107858 -0.00201062 34.8201
0.0271344 0.322077 -0.946324 -19.0895 -0.107583 0.942115 0.31756 -2.73074 0.993826 0.0931915 0.0602137 35.0875
0.39598 0.263034 -0.87978 -19.1388 -0.0771193 0.964237 0.253574 -2.84114 0.915015 -0.032562 0.402104 35.4003
0.614976 0.0869953 -0.783732 -19.3689 0.0719944 0.98355 0.165668 -2.91612 0.785253 -0.158306 0.598596 35.5774
0.664562 0.0381351 -0.746259 -19.6174 0.0909435 0.987145 0.131432 -3.0922 0.741678 -0.155212 0.652551 35.922
0.755938 0.161914 -0.634304 -19.6911 -0.0664104 0.982899 0.171752 -3.2735 0.651266 -0.0877091 0.753764 36.3009
0.859433 0.27413 -0.431542 -19.799 -0.249535 0.961643 0.113908 -3.47388 0.446215 0.00978826 0.894872 36.5029
0.943341 0.245777 -0.222936 -19.7288 -0.250631 0.968059 0.00670897 -3.64049 0.217464 0.049546 0.97481 36.803
0.940162 0.323726 0.106288 -19.6823 -0.313277 0.943953 -0.10397 -3.79293 -0.133989 0.0644512 0.988885 36.9924
0.841201 0.385855 0.37881 -19.5295 -0.31937 0.919854 -0.227755 -3.84119 -0.43633 0.0706072 0.897012 37.0593
0.814017 0.394529 0.426291 -19.4482 -0.246968 0.899365 -0.360762 -3.87628 -0.525722 0.188386 0.829534 37.1717
0.859825 0.356173 0.365843 -19.5893 -0.256335 0.920792 -0.293998 -3.97844 -0.441579 0.159008 0.88302 37.6995
0.62438 0.362211 0.692064 -19.4471 -0.0917793 0.913871 -0.395496 -3.97899 -0.77571 0.183423 0.603846 37.8322
0.229691 0.435942 0.870171 -19.4327 0.07178 0.884052 -0.461843 -3.99705 -0.970613 0.168542 0.171767 37.844
-0.189609 0.438894 0.878306 -19.5044 0.233375 0.889042 -0.393878 -3.9841 -0.953722 0.130292 -0.270997 37.7797
-0.522643 0.29484 0.799946 -19.6213 0.147502 0.955418 -0.255773 -3.92245 -0.839695 -0.0156841 -0.542832 37.8109
-0.510992 0.0278311 0.859135 -19.6448 -0.118996 0.987562 -0.102768 -3.81877 -0.851309 -0.154747 -0.501325 37.8871
-0.641275 -0.217614 0.735806 -19.6721 -0.453631 0.880933 -0.134817 -3.67767 -0.618858 -0.420239 -0.663637 37.9673
-0.82113 -0.289158 0.49207 -19.7078 -0.477985 0.819545 -0.316033 -3.66016 -0.31189 -0.494706 -0.811166 37.9381
-0.85337 -0.422474 0.305411 -19.7017 -0.521014 0.710813 -0.472535 -3.63782 -0.0174561 -0.562371 -0.826701 37.964
-0.763175 -0.436504 0.476474 -19.5746 -0.630913 0.662732 -0.403405 -3.6474 -0.139687 -0.608482 -0.781177 37.9207
-0.636811 -0.302793 0.709076 -19.4521 -0.54826 0.824451 -0.140323 -3.66387 -0.54211 -0.478118 -0.691029 37.7204
-0.627125 -0.135303 0.767078 -19.207 -0.359441 0.923943 -0.130889 -3.71332 -0.691026 -0.357803 -0.628061 37.6161
-0.383882 -0.088907 0.919092 -19.2953 -0.255425 0.966739 -0.0131689 -3.75444 -0.887351 -0.239815 -0.393823 37.4064
-0.423925 0.0436504 0.904645 -19.0489 -0.178754 0.975158 -0.130819 -3.8046 -0.887882 -0.217166 -0.405591 37.222
-0.319208 -0.0523011 0.94624 -19.0735 -0.246011 0.96882 -0.0294411 -3.64699 -0.915197 -0.242183 -0.322122 36.7691
-0.528163 -0.114995 0.841321 -18.9819 -0.373724 0.921147 -0.108709 -3.59951 -0.762479 -0.371838 -0.529492 36.5804
-0.808277 -0.0197575 0.58847 -18.9881 -0.200182 0.949123 -0.243089 -3.51039 -0.553728 -0.314284 -0.77111 36.3994
-0.841997 0.0701455 0.534903 -19.2066 -0.0213908 0.98639 -0.163024 -3.40493 -0.539058 -0.148707 -0.829037 36.069
-0.769594 -0.00246896 0.638529 -19.2448 -0.11682 0.983659 -0.136995 -3.25541 -0.627757 -0.180024 -0.757306 35.8021
-0.515617 -0.0747622 0.853551 -19.3499 -0.22902 0.971966 -0.0532133 -3.12432 -0.825645 -0.222918 -0.518284 35.5281
-0.187106 -0.0582072 0.980614 -19.3281 -0.253716 0.967237 0.00900302 -3.04471 -0.94901 -0.247113 -0.195743 35.4493
0.144501 -0.0431297 0.988564 -19.1296 -0.233973 0.96923 0.0764865 -2.96674 -0.961445 -0.242349 0.129964 35.3901
0.178063 -0.035321 0.983385 -19.1206 -0.226885 0.970955 0.075957 -2.77579 -0.957505 -0.236641 0.164877 35.0458
-0.0305699 -0.0790987 0.996398 -18.926 -0.340642 0.938011 0.0640127 -2.6307 -0.939696 -0.337458 -0.0556193 34.8003
-0.225913 -0.223497 0.948162 -18.8382 -0.41076 0.904421 0.115317 -2.57037 -0.883312 -0.363415 -0.296125 34.6645
-0.462588 -0.225504 0.857415 -18.8117 -0.335803 0.93962 0.065954 -2.44473 -0.820518 -0.257413 -0.510382 34.3184
-0.631205 -0.38044 0.675904 -18.7706 -0.516493 0.856292 -0.000362935 -2.33263 -0.578633 -0.349328 -0.73699 34.2915
-0.654575 -0.300968 0.693505 -18.6986 -0.430978 0.902234 -0.0152334 -2.21227 -0.621119 -0.308857 -0.72029 34.0376
-0.646674 -0.282321 0.708595 -18.4581 -0.447655 0.892641 -0.0528871 -2.03209 -0.61759 -0.351407 -0.70363 33.8567
-0.705598 -0.16858 0.688268 -18.2966 -0.281405 0.958078 -0.0538243 -1.92947 -0.650341 -0.23166 -0.723457 33.497
-0.838963 -0.210285 0.501918 -18.1774 -0.283354 0.956233 -0.0730051 -1.74543 -0.464599 -0.203469 -0.861829 33.252
-0.737399 -0.306384 0.601973 -18.2407 -0.382803 0.923829 0.00127552 -1.55264 -0.556511 -0.229497 -0.798515 32.8786
-0.468408 -0.299523 0.831192 -18.0752 -0.353052 0.92586 0.134678 -1.50861 -0.809906 -0.230369 -0.539427 32.7641
-0.162304 -0.270862 0.948837 -17.937 -0.238193 0.943905 0.228709 -1.39598 -0.95756 -0.188886 -0.217717 32.7805
0.185967 -0.244985 0.951524 -17.8501 -0.188134 0.941621 0.279205 -1.32325 -0.964376 -0.230937 0.12902 32.615
0.155064 -0.19465 0.968538 -17.6217 -0.223391 0.948094 0.226306 -1.16927 -0.962316 -0.251455 0.103532 32.4076
0.122063 -0.321103 0.939145 -17.55 -0.316971 0.884059 0.343466 -0.946385 -0.940548 -0.339607 0.00613055 32.1024
0.08433 -0.23078 0.969345 -17.2306 -0.312978 0.917442 0.245651 -0.883243 -0.946009 -0.324099 0.00513897 32.0171
-0.243578 -0.311293 0.918568 -17.1843 -0.351216 0.911124 0.215638 -0.704366 -0.904056 -0.270091 -0.331261 31.8553
-0.495824 -0.30202 0.814212 -17.296 -0.381892 0.917885 0.107918 -0.5645 -0.779946 -0.257433 -0.570449 31.4479
-0.655238 -0.255814 0.71079 -17.1387 -0.372733 0.927888 -0.00965407 -0.41727 -0.657064 -0.271261 -0.703338 31.2344
-0.83753 -0.32147 0.441815 -17.2385 -0.389638 0.918268 -0.0704768 -0.392683 -0.383049 -0.231174 -0.894333 31.1342
-0.937557 -0.0969527 0.334046 -17.2187 -0.161354 0.972013 -0.170751 -0.283897 -0.308142 -0.213989 -0.926961 30.639
-0.766693 -0.138229 0.626957 -16.9898 -0.24455 0.965805 -0.0861186 -0.116696 -0.593614 -0.219349 -0.774279 30.6394
-0.747355 -0.0390333 0.663277 -16.4528 -0.197253 0.966301 -0.165391 0.0229201 -0.634469 -0.254439 -0.72987 30.4129
-0.475925 -0.128144 0.8701 -16.1889 -0.258418 0.966033 0.000923223 0.0598547 -0.840663 -0.22441 -0.492874 30.4204
-0.125977 -0.163431 0.978479 -15.9556 -0.299135 0.946685 0.119608 0.0787827 -0.945858 -0.277629 -0.168148 30.4947
0.253107 -0.124767 0.959359 -15.8109 -0.213587 0.959973 0.181197 0.0561327 -0.943566 -0.250769 0.216327 30.602
0.549714 -0.206278 0.809484 -15.6327 -0.0886881 0.949144 0.302094 0.092996 -0.830632 -0.237857 0.503463 30.6789
0.686652 -0.170235 0.706774 -15.393 -0.0691823 0.952483 0.29663 0.0825933 -0.723687 -0.252578 0.642247 30.8238
0.772691 -0.130202 0.621286 -15.3643 -0.0756281 0.952885 0.293753 0.0466794 -0.630261 -0.273967 0.726439 31.0601
0.897182 -0.21496 0.38582 -15.1517 0.0842467 0.940819 0.328271 0.0432708 -0.433552 -0.262015 0.862196 31.1862
0.95054 -0.128116 0.28295 -15.0489 0.0243232 0.938875 0.343398 -0.000525341 -0.309649 -0.319531 0.895554 31.6663
0.980405 -0.135168 -0.143304 -14.9472 0.1659 0.958794 0.230632 0.00592512 0.106225 -0.249886 0.962431 32.0496
0.874916 -0.166769 -0.454654 -15.1814 0.285412 0.936027 0.205895 0.0138684 0.391231 -0.309904 0.866543 32.3236
0.588063 -0.218883 -0.778635 -15.4509 0.381733 0.92383 0.028604 -0.00102911 0.713065 -0.314051 0.626825 32.5548
0.325317 -0.169859 -0.930224 -15.585 0.308372 0.949012 -0.0654459 0.00560174 0.89391 -0.265564 0.361109 32.7521
0.108583 -0.0185444 -0.993914 -15.9055 0.24599 0.969233 0.00878983 -0.0455727 0.963171 -0.245447 0.109803 32.8871
-0.195923 -0.143667 -0.970038 -16.0287 0.173142 0.9686 -0.178424 0.00173974 0.965213 -0.202911 -0.164896 33.1978
0.0282375 -0.031119 -0.999117 -16.3729 0.215038 0.976302 -0.0243309 -0.0321422 0.976197 -0.214161 0.0342602 33.4083
0.0860457 -0.03377 -0.995719 -16.5918 0.134182 0.990712 -0.0220048 -0.0231088 0.987214 -0.131714 0.0897779 33.8119
0.337331 0.112315 -0.934662 -16.9021 0.207583 0.959544 0.190224 -0.0698919 0.918214 -0.258188 0.300369 34.0864
0.470049 -0.102299 -0.876692 -16.8838 0.268129 0.962871 0.0314054 -0.00572293 0.840928 -0.249829 0.480026 34.4632
0.731747 -0.134692 -0.668135 -16.9397 0.32025 0.933275 0.162598 -0.00780767 0.601652 -0.33295 0.726057 34.789
0.801487 -0.245792 -0.545165 -16.9611 0.349397 0.932315 0.0933335 0.0204275 0.485325 -0.265285 0.833117 35.2774
0.902399 -0.217553 -0.37195 -17.0547 0.318064 0.918649 0.234347 0.0323892 0.290709 -0.329779 0.898184 35.8184
0.815606 -0.243252 -0.524991 -17.16 0.313243 0.948502 0.0471583 0.0304169 0.486484 -0.202912 0.8498 36.282
0.640219 -0.232029 -0.732313 -17.4702 0.353034 0.935531 0.0122198 0.00523399 0.682266 -0.266355 0.680859 36.7463
0.450398 -0.21047 -0.867666 -17.6923 0.384543 0.922789 -0.0242284 0.0203116 0.805772 -0.322742 0.496557 37.2721
0.125345 -0.222515 -0.966838 -18.0476 0.23832 0.952743 -0.188374 0.0266143 0.963064 -0.206805 0.172452 37.6867
-0.157006 -0.0907766 -0.983417 -18.2626 0.206188 0.97081 -0.122532 -0.0167873 0.965834 -0.222007 -0.133706 37.768
-0.418818 -0.0607432 -0.906036 -18.6762 0.0853453 0.990711 -0.105871 -0.0368528 0.904051 -0.121667 -0.409744 37.8836
-0.757424 -0.111171 -0.643389 -18.7876 -0.0470184 0.992127 -0.116077 -0.0182193 0.651228 -0.0576683 -0.756688 37.8378
-0.920127 -0.0819422 -0.38295 -18.9997 0.0303232 0.960021 -0.27828 -0.0513882 0.390443 -0.267666 -0.880857 37.5841
-0.984811 -0.167282 -0.0465103 -19.1756 -0.156924 0.97218 -0.173898 -0.0487069 0.0743063 -0.163958 -0.983665 37.4072
-0.924357 -0.259831 0.279378 -19.2363 -0.29733 0.949446 -0.100735 -0.0128864 -0.23908 -0.176183 -0.954882 37.3113
-0.802809 -0.243032 0.544457 -19.1477 -0.306276 0.951564 -0.0268541 0.00739894 -0.511559 -0.188313 -0.838359 36.864
-0.58082 -0.357741 0.731211 -19.1553 -0.364959 0.917361 0.158916 0.215637 -0.727635 -0.17456 -0.663382 36.392
-0.410065 -0.425772 0.806576 -19.0838 -0.517051 0.837033 0.17898 0.424762 -0.751335 -0.343648 -0.563384 36.1814
-0.191897 -0.370697 0.908713 -19.131 -0.372964 0.884 0.281856 0.596694 -0.907785 -0.28483 -0.307893 35.8253
-0.0355033 -0.306371 0.95125 -18.9694 -0.367344 0.889215 0.272681 0.748813 -0.929407 -0.339755 -0.144114 35.584
0.297197 -0.19176 0.935362 -19.0681 -0.245403 0.931376 0.268916 0.840863 -0.922741 -0.309461 0.229744 35.4278
0.41165 0.0997175 0.90587 -19.2656 -0.147854 0.988135 -0.0415847 0.711632 -0.899268 -0.116818 0.421509 35.4146
0.0620308 0.244752 0.967599 -19.3171 -0.0509608 0.968979 -0.241834 0.634847 -0.996772 -0.0343085 0.0725793 35.192
-0.356267 0.146123 0.922888 -19.2468 0.0168339 0.98854 -0.150019 0.801012 -0.934232 -0.0379111 -0.354644 34.7469
-0.638261 0.113759 0.761369 -19.2441 -0.0313745 0.984355 -0.173378 0.979404 -0.769181 -0.134548 -0.624706 34.4158
-0.594524 -0.0532104 0.802315 -19.2483 -0.190274 0.978779 -0.0760812 1.21125 -0.781241 -0.197892 -0.592032 34.1478
-0.570596 -0.131876 0.810573 -19.0012 -0.270558 0.962106 -0.0339272 1.40092 -0.775383 -0.238666 -0.584653 34.0118
-0.338187 -0.254664 0.905967 -18.7052 -0.443825 0.892065 0.0850817 1.54342 -0.829849 -0.373317 -0.414711 34.1477
-0.175167 -0.318588 0.931568 -18.6628 -0.391187 0.890824 0.231097 1.54994 -0.903487 -0.323936 -0.280671 34.0798
-0.326673 -0.24223 0.91357 -18.5459 -0.284483 0.946974 0.149363 1.72413 -0.901307 -0.211103 -0.378261 33.7841
-0.611151 -0.1094 0.783917 -18.5976 -0.166939 0.985939 0.00744569 1.7183 -0.773709 -0.126316 -0.620821 33.4176
-0.582545 -0.0945753 0.807277 -18.3262 -0.146546 0.989152 0.0101327 1.93578 -0.799478 -0.1124 -0.590085 33.16
-0.140988 -0.102018 0.984741 -18.055 -0.116345 0.989491 0.0858526 1.99681 -0.983151 -0.102466 -0.151375 33.2101
0.206243 -0.0478239 0.977331 -17.8557 -0.0669531 0.995774 0.0628553 2.097 -0.976207 -0.0783988 0.20217 33.1542
0.191811 -0.0305683 0.980956 -17.5527 -0.129067 0.990048 0.0560888 2.23661 -0.972908 -0.137368 0.185957 33.0253
-0.156413 -0.143106 0.977269 -17.4523 -0.112211 0.985616 0.126369 2.36086 -0.981297 -0.0898944 -0.170221 32.6226
-0.369154 -0.0407066 0.928476 -17.3119 -0.13606 0.990643 -0.010664 2.49146 -0.919355 -0.130265 -0.371238 32.3308
-0.720064 -0.0468039 0.692328 -17.4389 -0.0965635 0.994774 -0.0331816 2.59409 -0.687156 -0.0907464 -0.72082 32.0996
-0.862643 -0.0958073 0.496657 -17.6637 -0.0618515 0.994509 0.0844153 2.73842 -0.502018 0.0421013 -0.863832 31.9086
-0.937063 -0.0960204 0.335699 -17.6409 -0.0626561 0.99208 0.108869 2.77344 -0.343494 0.0809834 -0.935657 31.7849
-0.852705 -0.170997 0.493613 -17.5252 -0.157323 0.9851 0.0694851 2.93832 -0.49814 -0.0184062 -0.866901 31.5949
-0.892632 -0.0602006 0.446748 -17.2508 -0.0190752 0.995199 0.0959927 3.02671 -0.450382 0.0771643 -0.889495 31.3855
-0.938547 -0.00548878 0.345107 -17.3392 0.0373556 0.992385 0.117375 3.1578 -0.343123 0.123054 -0.931195 31.133
-0.989419 0.0615628 0.131378 -17.0366 0.0711364 0.995045 0.0694639 3.32862 -0.12645 0.0780746 -0.988896 31.0742
-0.984127 0.162958 -0.0702808 -16.9981 0.157999 0.984872 0.0711643 3.42468 0.0808143 0.0589304 -0.994986 30.758
-0.907356 0.145592 -0.394345 -16.8392 0.0994511 0.985823 0.135137 3.54048 0.408429 0.0833993 -0.908972 30.7047
-0.685266 0.226808 -0.692076 -16.8249 0.158397 0.973938 0.162342 3.62211 0.71086 0.00162448 -0.703332 30.7763
-0.332366 0.248076 -0.90994 -16.8646 0.0521701 0.968147 0.244889 3.63263 0.941707 0.033921 -0.334721 30.8172
0.0190686 0.269421 -0.962834 -16.6751 -0.0456087 0.962241 0.268352 3.62046 0.998777 0.0387965 0.0306365 30.7242
0.160185 0.217817 -0.962755 -16.3385 -0.0967696 0.974116 0.204287 3.65448 0.982332 0.0604418 0.177117 30.6373
0.0700859 0.308775 -0.948549 -16.2333 -0.211 0.933961 0.288436 3.58958 0.97497 0.179929 0.130609 30.5935
0.0378514 0.30643 -0.95114 -16.2332 -0.217043 0.931621 0.291504 3.5972 0.975428 0.195404 0.101772 30.586
-0.99768 0.0096591 0.0673878 -134.743 0.000775916 0.991432 -0.130621 11.4151 -0.0680721 -0.130265 -0.98914 2.07965
-0.997879 0.0589853 0.0275523 -134.567 0.0558465 0.993072 -0.10339 11.3153 -0.0334599 -0.101632 -0.994259 1.7537
-0.972335 0.0839707 -0.217977 -134.532 0.106488 0.989891 -0.0936817 11.3854 0.207907 -0.114302 -0.971447 1.12863
-0.858586 0.231306 -0.457523 -134.68 0.200451 0.972851 0.11567 11.273 0.471857 0.00760196 -0.881642 0.432474
-0.737895 0.314562 -0.597128 -134.91 0.234568 0.949119 0.210123 11.2864 0.632842 0.0149817 -0.774136 -0.15859
-0.49406 0.262132 -0.82897 -135.095 0.130785 0.965024 0.227207 11.3244 0.859535 0.00383751 -0.511063 -0.465912
-0.179912 0.336327 -0.9244 -135.319 -0.0266368 0.937724 0.346358 11.3072 0.983322 0.086937 -0.159749 -0.57423
0.246483 0.319551 -0.91495 -135.343 -0.119685 0.946887 0.298463 11.3498 0.961728 0.0359402 0.271637 -0.610632
0.603061 0.100448 -0.791345 -135.273 0.0481244 0.985652 0.161786 11.5369 0.796242 -0.13565 0.589574 -0.746967
0.726539 -0.0879473 -0.681473 -135.096 0.216771 0.970465 0.105864 11.6262 0.652036 -0.224638 0.724146 -0.775628
0.745624 -0.0507264 -0.664433 -135.066 0.208083 0.964963 0.15984 11.571 0.633045 -0.257438 0.730055 -0.775175
0.713343 0.131414 -0.688384 -135.177 0.0546059 0.968853 0.241541 11.4714 0.698685 -0.209892 0.683948 -0.861117
0.47707 0.246033 -0.843725 -135.101 0.00997176 0.958439 0.285122 11.4054 0.878809 -0.144437 0.45479 -0.879277
0.191464 0.203646 -0.960141 -135.106 0.170653 0.956431 0.23689 11.3868 0.96655 -0.209206 0.14837 -1.11159
-0.159926 0.235642 -0.958591 -135.044 0.215721 0.955961 0.199006 11.3928 0.96327 -0.174962 -0.203716 -1.41836
-0.475971 0.23764 -0.846746 -134.98 0.244687 0.960569 0.132042 11.383 0.844737 -0.144339 -0.51535 -1.53509
-0.755561 0.286398 -0.589155 -135.002 0.291822 0.95235 0.0887055 11.3939 0.586487 -0.104906 -0.803136 -1.71353
-0.925717 0.288841 -0.244168 -134.993 0.297748 0.954644 0.000448341 11.3503 0.233224 -0.0722857 -0.969733 -1.89254
-0.869846 0.347455 0.350205 -134.913 0.32804 0.937585 -0.11543 11.1728 -0.368453 0.0144749 -0.929534 -2.20413
-0.659399 0.371319 0.653694 -134.955 0.325566 0.92479 -0.196903 10.9726 -0.677643 0.0829829 -0.730694 -2.42156
-0.601982 0.25042 0.758227 -134.784 0.19187 0.967095 -0.167071 10.7809 -0.775115 0.0449072 -0.630222 -2.75006
-0.817117 0.0601537 0.573325 -134.857 -0.0710692 0.976442 -0.203739 10.7201 -0.572075 -0.207224 -0.793592 -2.9735
-0.771138 -0.163025 0.615442 -134.671 -0.305399 0.942906 -0.132892 10.5769 -0.558639 -0.290433 -0.776898 -3.21809
-0.908929 -0.102752 0.404091 -134.692 -0.169718 0.976413 -0.133469 10.4313 -0.380845 -0.189895 -0.904929 -3.51083
-0.908901 0.0412821 0.414964 -134.527 -0.0968487 0.946983 -0.306338 10.0877 -0.40561 -0.31862 -0.856716 -3.9385
-0.884414 0.0713204 0.461222 -134.6 0.0480657 0.996919 -0.0619891 9.93903 -0.464222 -0.032655 -0.885117 -4.1642
-0.932709 -0.0326122 0.359152 -134.632 -0.000495795 0.996018 0.0891541 9.89282 -0.360629 0.0829767 -0.929011 -4.70668
-0.944836 0.0387103 0.325248 -134.72 0.0799538 0.990211 0.114411 9.83998 -0.317635 0.134105 -0.938682 -4.7723
-0.853169 -0.0632003 0.517792 -134.7 -0.0270838 0.996661 0.0770238 9.84696 -0.520931 0.0516905 -0.852032 -4.71343
-0.81865 -0.11314 0.563037 -134.94 -0.105534 0.993344 0.0461617 9.87289 -0.564512 -0.0216295 -0.825141 -5.01643
-0.660979 -0.0637813 0.747689 -134.911 -0.0738995 0.997071 0.0197254 9.88443 -0.746756 -0.0422157 -0.663757 -5.52675
-0.378568 -0.0525986 0.924078 -134.764 -0.210584 0.977095 -0.0306539 9.87896 -0.901299 -0.206201 -0.380973 -5.91376
-0.183871 -0.0387758 0.982185 -134.514 -0.240071 0.970733 -0.00661904 9.78936 -0.953183 -0.237012 -0.187798 -6.71211
-0.113423 -0.0942407 0.989067 -134.19 -0.192458 0.97872 0.0711844 9.85282 -0.974728 -0.18228 -0.129147 -7.20258
-0.558965 -0.137493 0.817712 -133.779 -0.297012 0.953922 -0.0426326 9.88364 -0.774172 -0.2667 -0.574046 -7.8269
-0.830313 -0.135487 0.540577 -133.639 -0.23529 0.964531 -0.119657 9.90601 -0.505191 -0.226545 -0.832742 -8.08469
-0.858149 -0.136427 0.494942 -133.343 -0.227208 0.96542 -0.127831 9.82995 -0.460387 -0.222153 -0.859472 -8.87202
-0.796092 -0.0422876 0.603696 -133.2 -0.247691 0.932943 -0.261279 9.80206 -0.552165 -0.357532 -0.753183 -9.72221
-0.805747 -0.261096 0.531602 -133.201 -0.233496 0.964923 0.120011 9.79003 -0.544289 -0.0274282 -0.838449 -10.1408
-0.956041 -0.283222 0.0759611 -133.416 -0.288659 0.954576 -0.0738933 9.7806 -0.0515824 -0.092572 -0.994369 -10.4734
-0.973484 0.0732926 0.216694 -133.457 -0.0304627 0.89731 -0.440348 9.79055 -0.226716 -0.435273 -0.871285 -10.9309
-0.785929 0.386833 0.482365 -133.383 -0.00913899 0.772773 -0.634617 9.70257 -0.618249 -0.503172 -0.603809 -11.3621
-0.816933 -0.00703728 0.57669 -133.597 -0.0878241 0.989782 -0.112333 9.80778 -0.570007 -0.142415 -0.809203 -11.7053
-0.958385 -0.0994048 0.267614 -133.933 -0.0691741 0.990345 0.120134 9.81827 -0.276972 0.0966227 -0.956007 -12.0616
-0.995884 -0.0101769 0.0900585 -134.061 -0.0450529 0.917795 -0.39449 9.76391 -0.0786405 -0.396924 -0.914477 -12.3652
-0.946435 -0.29594 0.129152 -134.606 -0.321123 0.90451 -0.280612 9.84683 -0.0337751 -0.307054 -0.951092 -13.161
-0.952469 -0.278961 -0.122411 -135.152 -0.233415 0.926489 -0.295187 9.78288 0.195758 -0.252584 -0.947565 -13.8321
-0.973314 -0.201971 0.108942 -135.615 -0.224133 0.938561 -0.262428 9.81182 -0.0492455 -0.279842 -0.958782 -14.5029
-0.89139 -0.434267 -0.129755 -136.129 -0.441422 0.896757 0.03119 9.74766 0.102814 0.0850794 -0.991055 -14.8362
