1 -0.000160923 0.000117049 1.45831e-05 0.000160949 1 -0.000225473 -2.48592e-05 -0.000117012 0.000225492 1 1.52593e-05
0.90152 -0.00978177 -0.432628 4.83438 0.000947755 0.999787 -0.0206304 0.220556 0.432737 0.0181887 0.901337 0.269772
0.847361 -0.0338258 -0.529939 5.59185 0.0177226 0.999215 -0.0354414 0.225463 0.530721 0.0206398 0.847295 0.671381
0.921023 -0.0704587 -0.383082 6.38157 0.0266219 0.99259 -0.118557 0.22544 0.388597 0.0989957 0.916074 1.41958
0.956622 -0.0915112 -0.276585 7.43221 0.0786793 0.99526 -0.0571648 0.263861 0.280505 0.0329236 0.959288 1.81874
0.8477 -0.0536589 -0.527756 8.45625 0.0358781 0.998392 -0.0438816 0.250252 0.529262 0.0182635 0.848262 2.26863
0.556044 -0.0645444 -0.828643 9.18348 0.0885813 0.995904 -0.0181318 0.293419 0.826419 -0.0633202 0.559484 3.10265
0.163167 -0.063856 -0.98453 9.29424 0.257216 0.966146 -0.0200351 0.402984 0.952479 -0.249968 0.174068 3.35057
-0.238211 0.0269233 -0.97084 9.55017 0.298156 0.953373 -0.0467183 0.454919 0.924315 -0.300591 -0.235131 3.82577
-0.553595 0.00934586 -0.832734 9.60357 0.21774 0.966778 -0.133901 0.479888 0.803817 -0.255446 -0.537238 4.13846
-0.54623 -0.00221912 -0.837632 9.65177 0.0684045 0.996538 -0.0472475 0.40544 0.834838 -0.0831058 -0.544187 4.82802
-0.603479 0.0820637 -0.793145 10.0291 0.0391788 0.99654 0.0732984 0.290811 0.796416 0.0131595 -0.604606 4.78424
-0.866944 0.11119 -0.485845 10.1561 0.0603803 0.991049 0.119067 0.247871 0.494735 0.0738891 -0.865897 4.54971
-0.99245 0.0211801 -0.120808 10.0769 0.0140937 0.998146 0.0592148 0.228111 0.121838 0.0570651 -0.990908 4.22736
-0.976148 -0.00432156 0.217061 9.65505 -0.00129295 0.9999 0.0140929 0.282855 -0.2171 0.0134761 -0.976056 3.65009
-0.819313 -0.00504097 0.573324 9.3235 0.0492181 0.995652 0.0790898 0.257842 -0.57123 0.0930173 -0.815502 3.16472
-0.587486 -0.0155728 0.809084 8.75457 0.00706705 0.999678 0.0243727 0.284137 -0.809203 0.0200365 -0.587187 2.36288
-0.573627 -0.0482777 0.817692 8.13497 -0.059853 0.998063 0.016939 0.314926 -0.816927 -0.0392247 -0.575406 1.60012
-0.833844 -0.0174924 0.551722 7.57284 -0.014056 0.999847 0.0104568 0.315425 -0.551821 0.000964344 -0.833962 0.709741
-0.958467 -0.0484934 0.281051 6.95509 -0.0332706 0.997722 0.0586876 0.280484 -0.283257 0.0468994 -0.957897 -0.150394
-0.814661 -0.00510516 0.579915 6.24379 0.00052743 0.999954 0.00954382 0.251509 -0.579937 0.00808085 -0.814621 -0.788627
-0.90603 -0.0289685 0.422221 5.17873 -0.0119405 0.999007 0.042919 0.24952 -0.423045 0.0338444 -0.905476 -1.19264
-0.995639 -0.0107829 0.0926655 4.49025 -0.00602518 0.998656 0.0514702 0.248844 -0.093096 0.0506874 -0.994366 -1.67288
-0.921618 -0.0899549 -0.377529 4.56743 -0.118821 0.991456 0.0538265 0.248549 0.369462 0.0944658 -0.924432 -1.78249
-0.749546 -0.119958 -0.650992 4.72522 -0.191274 0.980741 0.0395098 0.256702 0.633715 0.154132 -0.758056 -1.80735
-0.468633 -0.0404054 -0.882468 4.92692 -0.204208 0.976852 0.0637173 0.238284 0.859466 0.210067 -0.466036 -1.81803
-0.105613 -0.0623376 -0.992451 5.15331 -0.0942121 0.994171 -0.0524199 0.269699 0.989934 0.0879647 -0.11087 -1.65402
0.247238 -0.109261 -0.962775 5.16541 0.0209363 0.993992 -0.107427 0.327584 0.968729 0.0064032 0.24804 -1.1403
0.338647 -0.150275 -0.928836 5.23292 0.0435777 0.988609 -0.144058 0.345996 0.939904 0.00830812 0.341338 -0.771744
0.622346 -0.107406 0.775339 2.3483 -0.0879857 0.974664 0.205642 0.139134 -0.777782 -0.196199 0.597128 -0.415147
0.58177 -0.205973 0.786841 2.48125 0.0582758 0.975473 0.212264 0.107323 -0.811263 -0.0776348 0.579504 -0.508848
0.465178 -0.237905 0.852649 2.6396 0.0617441 0.969583 0.236846 0.102465 -0.883061 -0.0575296 0.465718 -0.554818
0.618626 -0.354328 0.701251 2.97481 0.0277884 0.901843 0.431169 0.216342 -0.785194 -0.247246 0.56775 -0.888561
0.664893 -0.413576 0.621991 3.36962 0.0282893 0.846066 0.532327 0.269559 -0.746403 -0.336345 0.574243 -0.970764
0.798314 -0.442155 0.408893 3.66143 0.206062 0.838514 0.504413 0.230311 -0.565891 -0.318423 0.760509 -0.968499
0.864605 -0.171709 0.472201 3.99741 0.0778984 0.974239 0.211636 0.1396 -0.496376 -0.146198 0.855708 -0.633454
0.975222 -0.163305 0.149242 4.21246 0.133557 0.972402 0.191302 0.158979 -0.176364 -0.166629 0.970119 -0.253067
0.977257 -0.11386 -0.178899 4.37052 0.129656 0.988391 0.0791964 0.116738 0.167805 -0.10059 0.980675 0.0628584
0.86252 -0.0694952 -0.501228 4.3313 0.14104 0.984288 0.106232 0.129432 0.48597 -0.16232 0.85877 0.386414
0.700349 -0.310972 -0.642501 4.33753 0.449001 0.891655 0.0578648 0.240041 0.554896 -0.32901 0.764097 0.588753
0.718839 -0.474683 -0.507884 4.27206 0.646952 0.724155 0.238855 0.306422 0.254406 -0.500275 0.827649 0.700445
0.817729 -0.263375 -0.511814 4.13748 0.386768 0.909947 0.14969 0.196203 0.426299 -0.320359 0.845955 1.11665
0.793594 0.0149114 -0.608265 4.09679 0.0977468 0.983591 0.151641 0.0692176 0.600545 -0.179797 0.779114 1.40686
0.571891 -0.0306185 -0.819758 3.91321 0.121831 0.991391 0.0479646 0.0902198 0.811232 -0.127303 0.570698 1.57077
0.288831 0.00442874 -0.95737 3.91801 0.0720975 0.997049 0.0263636 0.0665375 0.954661 -0.0766386 0.28766 1.74723
-0.0358093 -0.0606792 -0.997515 4.10551 0.189519 0.97963 -0.0663947 0.148702 0.981224 -0.191425 -0.0235801 1.58353
-0.371608 -0.128355 -0.919474 4.20826 0.117099 0.976007 -0.183572 0.158306 0.920975 -0.175886 -0.347662 1.62649
-0.646428 -0.283725 -0.708259 4.57869 0.0409634 0.914041 -0.403548 0.237812 0.761874 -0.289877 -0.57924 1.62329
-0.855149 -0.270446 -0.442242 4.67612 -0.0799287 0.911709 -0.402986 0.210274 0.512183 -0.309265 -0.801264 1.54026
-0.94432 -0.269916 -0.188164 4.58823 -0.185154 0.908661 -0.374236 0.225503 0.27199 -0.318559 -0.908043 1.55805
-0.989289 -0.111276 0.0944678 4.42245 -0.12757 0.973642 -0.189068 0.140314 -0.0709392 -0.199094 -0.977409 1.40186
-0.855833 -0.104308 0.506626 4.35015 -0.181485 0.977743 -0.105273 0.131467 -0.484369 -0.18204 -0.855715 1.14591
-0.590326 -0.163748 0.790381 4.27512 -0.267537 0.963547 -0.000196564 0.17074 -0.761537 -0.211572 -0.612616 1.07812
-0.294403 -0.155024 0.943024 4.30937 -0.300298 0.951781 0.062713 0.155649 -0.907275 -0.264726 -0.326761 0.942569
0.0547576 -0.183313 0.981528 4.38031 -0.30441 0.933143 0.191259 0.190731 -0.950966 -0.30926 -0.00470556 0.649495
0.139765 -0.0837776 0.986634 4.52836 -0.219387 0.96903 0.113361 0.143918 -0.965575 -0.232298 0.117056 0.253803
-0.255596 -0.0262863 0.966426 4.70147 -0.140929 0.989966 -0.0103457 0.0897562 -0.956457 -0.138842 -0.256736 -0.218797
-0.595207 0.059868 0.801339 4.70335 -0.0478256 0.992814 -0.109696 0.0854001 -0.802148 -0.103617 -0.588067 -0.46099
-0.901932 -0.0547762 0.428391 4.7276 -0.149971 0.969922 -0.191729 0.154255 -0.405004 -0.237173 -0.883018 -0.5655
-0.976331 -0.185772 0.11075 4.51916 -0.207963 0.947003 -0.24482 0.1817 -0.0593993 -0.262057 -0.963223 -0.648901
-0.95711 -0.10656 -0.269415 4.25548 -0.0263737 0.958089 -0.285253 0.18232 0.28852 -0.265913 -0.919808 -0.878944
-0.747234 -0.0397104 -0.663373 3.75584 0.0815456 0.985191 -0.150829 0.146203 0.659539 -0.1668 -0.73293 -0.916126
-0.487666 -0.140782 -0.861604 3.39777 0.143204 0.960645 -0.238019 0.200173 0.861205 -0.239459 -0.448314 -1.00906
-0.394213 -0.24018 -0.887079 2.81288 0.175988 0.927654 -0.329374 0.216855 0.902011 -0.285959 -0.323424 -0.902125
-0.3415 -0.232197 -0.910748 2.31253 0.199349 0.929062 -0.311616 0.209984 0.918498 -0.287974 -0.270986 -0.747774
-0.492472 -0.25442 -0.832311 1.77179 0.203189 0.896282 -0.3942 0.254396 0.846277 -0.363249 -0.389698 -0.703156
-0.597587 -0.249831 -0.761889 1.08587 0.0268815 0.943441 -0.330449 0.245293 0.801354 -0.217953 -0.557072 -0.855036
-0.507519 -0.122311 -0.852916 0.468065 0.102214 0.974338 -0.200544 0.160139 0.855557 -0.18896 -0.481993 -1.2048
-0.183232 -0.0884238 -0.979085 -0.0679398 0.119698 0.98653 -0.111497 0.140475 0.975755 -0.137624 -0.17018 -1.26441
0.16938 -0.0828797 -0.98206 -0.266809 0.183225 0.981734 -0.0512507 0.144573 0.968369 -0.171257 0.181472 -1.22585
0.627237 -0.140423 -0.766065 -0.458031 0.230735 0.972959 0.0105728 0.181149 0.743865 -0.18339 0.642676 -0.933748
0.867815 -0.141756 -0.476237 -0.507021 0.209848 0.973332 0.0926723 0.193465 0.4504 -0.18036 0.87442 -0.870399
0.951084 -0.254418 -0.175244 -0.480235 0.286799 0.937985 0.194757 0.17516 0.114827 -0.235491 0.965069 -0.758678
0.90556 -0.418433 0.0698172 -0.409798 0.361972 0.847974 0.38719 0.233449 -0.221216 -0.325352 0.919353 -0.568436
0.804208 -0.574996 0.150432 -0.542386 0.360839 0.67347 0.645162 0.304303 -0.472277 -0.464562 0.749091 -0.366061
0.735785 -0.67189 0.0847637 -0.314482 0.305449 0.440966 0.843949 0.379227 -0.604419 -0.595074 0.529684 -0.0411748
0.733047 -0.672642 -0.100972 -0.048003 0.471914 0.396052 0.78768 0.387915 -0.489836 -0.625057 0.607754 0.338762
0.745109 -0.626337 -0.229159 0.262621 0.620597 0.525274 0.582191 0.36546 -0.244277 -0.576011 0.78009 0.77157
0.780878 -0.49574 -0.380094 0.269214 0.618795 0.6972 0.361946 0.314028 0.0855705 -0.517836 0.851189 1.16086
0.678134 -0.384097 -0.626581 0.316584 0.444075 0.893474 -0.0670927 0.182226 0.585604 -0.232751 0.776463 1.36112
0.582763 -0.284475 -0.761224 0.29372 0.11547 0.956209 -0.268943 0.119459 0.804397 0.0688315 0.590092 1.53768
0.359963 -0.197727 -0.911774 -0.00224769 0.104591 0.979676 -0.17116 0.0882223 0.927086 -0.0337523 0.373327 1.87101
0.417119 -0.0835111 -0.905007 -0.119487 0.194762 0.98085 -0.000743736 0.0655734 0.887738 -0.17595 0.425396 2.4252
0.478208 -0.13354 -0.868035 -0.430875 0.27145 0.962451 0.00147864 0.0795533 0.835244 -0.236335 0.496501 2.81069
0.674108 -0.0655353 -0.73572 -0.639155 0.192659 0.977177 0.0894814 0.0876902 0.713065 -0.202063 0.671349 3.33579
0.707999 -0.133977 -0.693389 -0.805381 0.180784 0.983508 -0.00544031 0.0879103 0.682682 -0.121502 0.720543 3.9593
0.892516 -0.120934 -0.434501 -0.816449 0.20472 0.967047 0.151362 0.123979 0.401878 -0.224044 0.887862 4.40902
0.822339 -0.240059 -0.515878 -0.796974 0.331112 0.939217 0.0907539 0.178139 0.462735 -0.245444 0.851841 4.87552
0.661027 -0.120281 -0.740659 -1.19314 0.19378 0.98095 0.0136425 0.103961 0.724908 -0.152543 0.671743 5.4151
0.696063 -0.159964 -0.699935 -1.39237 0.304562 0.948594 0.086085 0.159102 0.650184 -0.273094 0.709 5.97847
0.683714 -0.216448 -0.696912 -1.55992 0.350226 0.935156 0.0531518 0.179551 0.640217 -0.280417 0.715184 6.49023
0.549342 -0.116318 -0.827462 -1.86001 0.313615 0.946572 0.0751442 0.146325 0.774512 -0.300784 0.556471 6.81407
0.237151 -0.0670575 -0.969156 -2.00612 0.179247 0.983507 -0.0241891 0.0855069 0.954793 -0.167982 0.245259 6.97425
-0.140633 -0.102111 -0.984782 -2.096 0.157405 0.97971 -0.124064 0.10758 0.977469 -0.172457 -0.121706 7.13789
-0.399031 -0.126164 -0.908216 -2.30709 0.164489 0.964572 -0.206262 0.125194 0.902063 -0.231696 -0.364141 7.38903
-0.195242 -0.13779 -0.971028 -2.4621 0.106827 0.981203 -0.160713 0.116528 0.97492 -0.13511 -0.176852 7.9258
0.194101 -0.136631 -0.97142 -2.49667 0.164392 0.98078 -0.105099 0.105729 0.967109 -0.139294 0.212832 8.17085
0.515159 -0.0798752 -0.853365 -2.60296 0.239851 0.969303 0.0540658 0.103235 0.822851 -0.232532 0.518503 8.39957
0.706605 -0.00212358 -0.707605 -2.74859 0.114452 0.987171 0.111328 0.0785573 0.698291 -0.159652 0.697783 8.91861
0.861135 -0.165008 -0.480853 -2.87992 0.311688 0.918597 0.242963 0.085479 0.401619 -0.3591 0.842466 9.08996
0.952552 -0.148412 -0.265742 -3.00925 0.211905 0.95009 0.228964 0.0695393 0.218498 -0.274412 0.93646 9.55142
0.956818 -0.0866704 -0.277466 -3.26995 0.165362 0.947311 0.274332 0.0583361 0.23907 -0.308368 0.920736 9.74275
0.886854 -0.162953 -0.432362 -3.41805 0.273232 0.939557 0.206339 0.0784978 0.372605 -0.301128 0.877774 10.1582
0.859846 -0.000574826 -0.510553 -3.69651 0.137615 0.963249 0.230679 0.0221054 0.491657 -0.268608 0.828325 10.7065
0.64182 -0.0880191 -0.761787 -3.77208 0.213503 0.974624 0.0672691 0.0467749 0.736535 -0.205818 0.644325 11.0565
0.576173 -0.25344 -0.777041 -3.87368 0.49622 0.86391 0.0861717 0.103668 0.649454 -0.435233 0.623523 11.4131
0.177299 -0.44933 -0.875595 -3.92736 0.686152 0.694238 -0.217324 0.208176 0.705521 -0.56226 0.431397 11.5026
-0.154414 -0.470959 -0.868535 -3.95598 0.548496 0.690309 -0.471832 0.233227 0.821771 -0.549246 0.151726 11.691
0.119001 -0.23868 -0.963779 -4.32991 0.416273 0.893242 -0.169813 0.0732732 0.901419 -0.380987 0.205652 12.0625
0.276661 -0.10173 -0.955568 -4.50732 0.10647 0.991504 -0.07473 -0.0500116 0.955051 -0.0810648 0.285142 12.4398
0.38717 -0.0279368 -0.921585 -4.61607 0.00106565 0.999554 -0.0298526 -0.0700239 0.922008 0.0105759 0.387027 12.6784
0.632518 -0.160615 -0.75771 -4.79227 0.208456 0.977469 -0.0331848 0.0168824 0.745968 -0.136959 0.651747 12.9753
0.669676 -0.182377 -0.719912 -4.91135 0.258479 0.966007 -0.00427862 0.0357588 0.69622 -0.183217 0.694053 13.4969
0.678274 -0.156588 -0.717931 -5.12373 0.221672 0.975116 -0.00325527 0.0516417 0.700575 -0.156937 0.696107 13.9946
0.818671 -0.196703 -0.539523 -5.20123 0.264125 0.963212 0.0496093 0.066023 0.509917 -0.183115 0.840508 14.3404
0.883663 -0.332081 -0.329943 -5.31175 0.384938 0.916547 0.108467 0.127776 0.266389 -0.222856 0.937749 14.8694
0.92363 -0.275125 -0.26686 -5.53728 0.309627 0.945959 0.0963937 0.117864 0.225919 -0.171659 0.958902 15.4047
0.923125 -0.24347 -0.297594 -5.79552 0.292579 0.946971 0.132828 0.115448 0.249473 -0.209687 0.945407 16.073
0.919063 -0.359153 -0.162273 -5.90672 0.387281 0.89935 0.202936 0.170304 0.0730551 -0.249356 0.965652 16.5293
0.936148 -0.122556 -0.329555 -6.21126 0.16537 0.980618 0.10508 0.0985364 0.310289 -0.152869 0.938271 17.0041
0.927604 -0.158185 -0.338419 -6.31482 0.175235 0.984319 0.0202225 0.0950155 0.329913 -0.0780613 0.940778 17.5832
0.891133 0.0785327 -0.446895 -6.51917 -0.0756802 0.996837 0.0242635 -0.0188645 0.447387 0.0121991 0.894257 18.0208
0.651668 0.187258 -0.735026 -6.66987 -0.208262 0.975977 0.0640006 -0.0992623 0.729353 0.111371 0.675012 18.186
0.157505 0.0468488 -0.986406 -6.84824 -0.0360098 0.998482 0.0416725 -0.0163149 0.986861 0.0289566 0.158953 18.2259
-0.239149 -0.0849253 -0.967262 -7.03957 0.0302621 0.995032 -0.0948456 0.0778169 0.970511 -0.0519537 -0.235391 18.2163
-0.320684 -0.295106 -0.900042 -7.23386 0.177219 0.914753 -0.363072 0.180835 0.93046 -0.275936 -0.241048 18.3809
-0.322971 -0.356128 -0.876848 -7.3436 0.180362 0.886359 -0.426424 0.202811 0.929064 -0.295872 -0.222036 18.8431
-0.117588 -0.24634 -0.962024 -7.65161 0.157479 0.951861 -0.262986 0.12771 0.980496 -0.182423 -0.0731343 19.4071
0.157787 -0.0898347 -0.983378 -7.78083 0.216694 0.97473 -0.0542753 0.0815292 0.963404 -0.204529 0.173266 20.0743
0.000600527 -0.0471966 -0.998885 -7.88346 0.200064 0.978697 -0.0461225 0.0554547 0.979783 -0.199813 0.0100301 20.5843
0.0271222 -0.0317647 -0.999127 -7.98892 0.205128 0.978402 -0.0255374 0.0152003 0.978359 -0.204256 0.0330522 20.8573
0.326158 -0.0780256 -0.94209 -8.19402 0.24046 0.970655 0.00285746 0.0146987 0.914221 -0.227467 0.335349 21.3443
-0.0318558 -0.11116 -0.993292 -8.40863 0.246405 0.96225 -0.115588 0.0413451 0.968643 -0.248434 -0.00326296 21.6378
-0.414105 -0.122333 -0.901971 -8.76337 0.18985 0.957525 -0.21703 0.0149035 0.89021 -0.261113 -0.373291 21.921
-0.662863 -0.200196 -0.721481 -8.87362 0.0167758 0.959379 -0.281621 0.0700373 0.748553 -0.19878 -0.632578 22.1959
-0.420759 -0.147482 -0.895104 -9.32728 0.140256 0.964257 -0.224805 0.0292434 0.896265 -0.220133 -0.385034 22.6584
-0.0505925 -0.166801 -0.984692 -9.40243 0.239679 0.955113 -0.174105 0.0605909 0.969533 -0.244818 -0.00834285 23.0905
0.384191 -0.104867 -0.917279 -9.49049 0.31502 0.948795 0.0234717 0.0332938 0.867848 -0.297978 0.397554 23.4872
0.54232 -0.265612 -0.797082 -9.49327 0.422222 0.906372 -0.0147592 0.0730211 0.726373 -0.328541 0.603691 23.9315
0.391984 -0.309356 -0.866399 -9.62349 0.584973 0.810673 -0.0248 0.107359 0.710039 -0.497099 0.498736 24.4968
0.280456 -0.235471 -0.930536 -9.7709 0.363944 0.923142 -0.12391 0.0670487 0.888194 -0.303912 0.344599 25.101
0.43184 -0.163687 -0.886973 -10.0102 0.377438 0.925945 0.0128842 0.0351665 0.819179 -0.340341 0.461642 25.6687
0.330082 -0.120761 -0.936196 -10.3678 0.372644 0.927901 0.0116952 0.0356486 0.867284 -0.352728 0.351284 26.2691
0.0825279 -0.186156 -0.979048 -10.634 0.301158 0.941129 -0.15356 0.046679 0.949996 -0.282175 0.133732 26.5512
0.157219 -0.0131339 -0.987476 -10.947 0.207197 0.978095 0.0199794 0.0104332 0.965583 -0.207743 0.156497 27.0061
-0.120539 -0.0326381 -0.992172 -11.0415 0.109445 0.99293 -0.0459595 0.0056213 0.986657 -0.114128 -0.116115 27.3163
-0.385818 -0.00371855 -0.922567 -11.3878 0.0750334 0.996553 -0.0353957 -0.00112645 0.919519 -0.0828796 -0.384209 27.3662
-0.70356 0.0249435 -0.710198 -11.6384 0.0118769 0.999657 0.0233439 -0.0225896 0.710537 0.0079889 -0.703615 27.4186
-0.602145 -0.146854 -0.784765 -11.952 0.0425956 0.975629 -0.215253 0.050135 0.79725 -0.163041 -0.581215 27.3512
-0.746441 -0.178951 -0.640938 -12.2387 -0.0810246 0.980438 -0.179378 0.0723135 0.6605 -0.0819637 -0.746339 27.3254
-0.549088 -0.193016 -0.813171 -12.2792 0.092847 0.952856 -0.288867 0.110381 0.830591 -0.234114 -0.505282 27.2143
-0.830934 -0.165847 -0.531077 -12.4831 -0.0365351 0.968743 -0.24536 0.0854022 0.55517 -0.184475 -0.811021 26.9767
-0.955657 -0.230296 -0.183531 -12.4517 -0.186822 0.955888 -0.226662 0.127288 0.227634 -0.182324 -0.956525 26.7963
-0.956162 -0.249203 0.15379 -12.3909 -0.277204 0.93955 -0.201009 0.128529 -0.0944013 -0.234828 -0.967442 26.5984
-0.936575 -0.220785 0.272178 -12.503 -0.253929 0.96276 -0.0928063 0.134989 -0.241552 -0.156034 -0.957761 26.5188
-0.982872 -0.131055 0.129568 -12.3985 -0.154794 0.968612 -0.1945 0.123901 -0.100011 -0.211225 -0.972307 26.5198
-0.911197 -0.147111 0.38481 -12.4383 -0.167149 0.98575 -0.0189471 0.0698362 -0.376539 -0.0815853 -0.922801 26.4879
-0.950583 -0.251917 0.181467 -12.6083 -0.289668 0.929974 -0.226366 0.129059 -0.111734 -0.267744 -0.956989 26.3555
-0.941777 -0.336036 -0.0116817 -12.6058 -0.309948 0.88108 -0.357254 0.191394 0.130343 -0.332833 -0.933934 26.1944
-0.915572 -0.303986 -0.263287 -12.9257 -0.170802 0.886647 -0.429748 0.187007 0.36408 -0.348495 -0.863711 26.1106
-0.862161 -0.115101 -0.493387 -12.9492 0.0277819 0.961645 -0.272887 0.118935 0.505872 -0.24898 -0.825895 26.1263
-0.605645 -0.133193 -0.784509 -13.1786 0.0424578 0.979078 -0.199004 0.0747026 0.794602 -0.153834 -0.587319 26.2963
-0.173624 -0.0394399 -0.984022 -13.2129 0.108912 0.9923 -0.0589885 0.0455494 0.978771 -0.117414 -0.167991 26.3858
0.188671 -0.0194945 -0.981847 -13.1832 0.101193 0.994867 -0.000307825 0.047625 0.976813 -0.0992981 0.189675 26.2926
0.0349185 -0.25034 -0.967528 -13.2998 0.264329 0.935956 -0.232631 0.112503 0.9638 -0.247622 0.098854 26.4007
0.436239 -0.250887 -0.864148 -13.2814 0.386135 0.919623 -0.0720643 0.139859 0.81277 -0.302241 0.498052 26.4315
0.495903 -0.372343 -0.784501 -13.5067 0.40855 0.897219 -0.167587 0.201417 0.766268 -0.237401 0.597054 26.3569
0.283165 -0.23306 -0.930323 -13.7975 0.310444 0.940075 -0.141012 0.145961 0.907437 -0.248883 0.338548 26.4582
0.282479 -0.0969335 -0.954364 -14.0136 0.142641 0.988066 -0.0581369 0.0527791 0.948609 -0.119709 0.292934 26.2985
0.2881 -0.0948345 -0.952893 -14.0412 0.0340838 0.995469 -0.0887668 0.0178745 0.956994 -0.00690454 0.290027 26.3632
0.592807 -0.0665314 -0.802591 -14.0989 0.0918692 0.995663 -0.0146801 0.0337593 0.800087 -0.0650309 0.596349 26.4455
0.749524 -0.232993 -0.61962 -14.255 0.385506 0.914546 0.122435 0.165045 0.538145 -0.330635 0.775294 26.4299
0.814559 -0.362843 -0.452591 -14.2175 0.524876 0.793214 0.308734 0.285781 0.24698 -0.489036 0.836567 26.6882
0.913244 -0.330396 -0.23838 -14.4994 0.403879 0.811088 0.423105 0.254258 0.0535548 -0.482675 0.874161 26.7905
0.986956 -0.160839 -0.00691168 -14.4254 0.15741 0.955136 0.250875 0.0589886 -0.0337488 -0.248691 0.967995 26.9642
0.963069 -0.0170595 0.268712 -14.5203 0.000480216 0.998098 0.0616441 -0.0259839 -0.269253 -0.0592385 0.961246 26.8846
0.764136 0.0676851 0.641494 -14.571 -0.0481851 0.997691 -0.0478707 -0.0671764 -0.643252 0.00566928 0.765633 26.645
0.447627 0.0241232 0.893895 -14.5254 -0.0896223 0.995813 0.0180056 0.00164874 -0.889718 -0.0881727 0.447914 26.3478
0.256334 -0.0956594 0.961843 -14.5551 -0.219677 0.963285 0.154348 0.109559 -0.941294 -0.25086 0.225909 26.385
-0.104766 -0.0494872 0.993265 -14.7641 -0.201558 0.97909 0.0275214 0.0770961 -0.973857 -0.197318 -0.11255 26.4714
0.129121 -0.0770243 0.988633 -15.0486 -0.177863 0.979011 0.0995048 0.0909568 -0.975547 -0.18869 0.112712 26.69
-0.0602526 -0.0801373 0.994961 -15.1523 -0.148705 0.98637 0.0704401 0.051704 -0.987044 -0.143712 -0.0713482 26.7217
0.00852108 -0.14291 0.989699 -15.4225 -0.15894 0.976959 0.142439 0.109468 -0.987251 -0.158517 -0.0143894 26.9946
0.253502 -0.104985 0.961621 -15.4816 -0.123826 0.982393 0.139896 0.0791899 -0.959377 -0.154538 0.236039 27.2642
0.57717 -0.0527859 0.814916 -15.4921 -0.137331 0.977423 0.160578 0.0608528 -0.804994 -0.204594 0.55689 27.5387
0.876329 0.0404374 0.480013 -15.4639 -0.128323 0.98006 0.151708 0.0300765 -0.464307 -0.194543 0.864044 27.9995
0.978121 -0.104523 0.179874 -15.3267 0.065154 0.975033 0.212284 0.0918343 -0.197572 -0.19592 0.960511 28.2368
0.984048 -0.093419 -0.151403 -15.4819 0.124299 0.969889 0.209439 0.107971 0.127279 -0.224917 0.966029 28.6151
0.874963 -0.0506453 -0.481534 -15.6324 0.126293 0.98396 0.12599 0.0728843 0.467429 -0.171051 0.867324 28.7965
0.591853 -0.024027 -0.805687 -15.7538 0.0986391 0.994202 0.0428109 0.0514625 0.799987 -0.10481 0.590792 28.8976
0.238232 0.00504274 -0.971195 -15.8892 0.054865 0.99832 0.0186418 0.0423988 0.969657 -0.0577257 0.237555 28.956
0.102393 0.0804488 -0.991486 -16.0953 0.053395 0.994843 0.0862354 0.00936279 0.99331 -0.0617703 0.0975695 29.135
0.0176466 0.124254 -0.992094 -16.3998 -0.0840017 0.988924 0.122363 -0.0402024 0.996309 0.0811783 0.0278887 29.526
0.322343 0.310439 -0.894272 -16.5205 -0.201317 0.945568 0.25568 -0.108321 0.924968 0.0976154 0.367294 30.0421
0.589813 0.37722 -0.714021 -16.4475 -0.342861 0.917518 0.201511 -0.174451 0.731141 0.125956 0.670498 30.5933
0.810982 0.28316 -0.511986 -16.5251 -0.211105 0.957752 0.195308 -0.0861495 0.545659 -0.0503082 0.836496 30.8122
0.710661 0.0953994 -0.697036 -16.6404 0.0644848 0.97776 0.199566 0.0452127 0.700573 -0.186772 0.688705 31.0408
0.490005 0.00775488 -0.871685 -16.8547 0.195582 0.973489 0.118604 0.099273 0.849496 -0.228602 0.475498 30.862
0.091388 0.115791 -0.98906 -17.0138 -0.0654837 0.991766 0.110057 -0.00363823 0.99366 0.0547094 0.0982179 30.7448
-0.257668 0.285266 -0.923163 -17.0785 -0.0904137 0.944114 0.316976 -0.124133 0.961994 0.165141 -0.217476 30.5807
-0.444714 0.366721 -0.817157 -17.0332 -0.0711291 0.894997 0.440364 -0.209004 0.892844 0.25396 -0.371933 30.739
-0.401637 0.314099 -0.86025 -17.1701 -0.00237334 0.938983 0.343954 -0.321272 0.915796 0.140186 -0.376385 31.041
-0.296586 -0.00920428 -0.954962 -17.2213 0.184532 0.980556 -0.0667618 -0.273336 0.937008 -0.196022 -0.28912 31.2061
-0.352872 -0.118427 -0.928147 -17.289 0.194935 0.960887 -0.196717 -0.358967 0.91514 -0.250344 -0.315985 31.437
-0.275902 0.151702 -0.949139 -17.538 0.0472637 0.988413 0.14424 -0.5323 0.960023 -0.00506365 -0.279875 31.5295
-0.215616 0.278559 -0.935903 -17.9527 -0.0361871 0.95551 0.292732 -0.775202 0.975808 0.0969851 -0.195943 31.6231
0.129484 0.41174 -0.902056 -18.0258 -0.203846 0.901337 0.382151 -0.813867 0.970402 0.134398 0.20064 31.7657
0.394623 0.516712 -0.75979 -18.0673 -0.402 0.84065 0.36291 -0.852457 0.826238 0.162223 0.539458 31.8052
0.761334 0.364709 -0.536058 -17.8957 -0.38455 0.91967 0.0795446 -0.974211 0.522007 0.145581 0.840425 31.9991
0.900721 0.383944 -0.203194 -17.8061 -0.390922 0.920403 0.00625851 -0.982567 0.189423 0.0737957 0.979119 32.034
0.946649 0.292897 0.134416 -17.9454 -0.29983 0.953381 0.0341554 -1.05078 -0.118146 -0.0726351 0.990336 32.064
0.964373 0.262811 0.0302661 -17.9691 -0.261157 0.964019 -0.0496417 -1.25827 -0.0422235 0.0399689 0.998308 32.3479
0.982601 0.185677 -0.00429825 -18.1103 -0.185691 0.9817 -0.0422453 -1.37321 -0.00362437 0.0423084 0.999098 32.5513
0.913928 0.295335 -0.278411 -18.3198 -0.311299 0.95021 -0.0139166 -1.42267 0.260438 0.0993876 0.960361 32.7028
0.887805 0.193847 -0.417404 -18.3216 -0.267324 0.955484 -0.124851 -1.58894 0.374621 0.222425 0.900103 32.9742
0.891918 0.278847 -0.355986 -18.4929 -0.295725 0.955245 0.00731829 -1.73813 0.342095 0.0987467 0.934463 33.2046
0.906059 0.237987 -0.349884 -18.6762 -0.217619 0.971197 0.0970508 -1.75141 0.362903 -0.0117924 0.931752 33.2016
0.945495 -0.0095949 -0.325496 -18.7786 0.0931279 0.965785 0.242047 -1.6409 0.312037 -0.259167 0.914038 33.1415
0.927491 0.0780222 -0.365614 -18.749 -0.00375562 0.979875 0.199579 -1.68601 0.373827 -0.183734 0.909118 33.2561
0.871598 0.220102 -0.438031 -18.8331 -0.161271 0.972543 0.167785 -1.95822 0.462934 -0.0755999 0.883163 33.7058
0.692487 0.237422 -0.681243 -19.0035 -0.145752 0.970865 0.190201 -2.07154 0.706553 -0.0324192 0.706917 33.8732
0.341502 0.366299 -0.865564 -18.9417 -0.236527 0.924785 0.29804 -2.13701 0.909633 0.102948 0.402455 33.982
0.14168 0.401482 -0.904842 -18.9709 -0.191693 0.907888 0.372819 -2.31526 0.971175 0.120631 0.20559 34.1684
-0.0551896 0.386473 -0.920648 -18.8085 -0.145897 0.909036 0.390344 -2.35167 0.987759 0.155862 0.00621579 34.4008
-0.0355808 0.335194 -0.941477 -18.7823 -0.110738 0.93495 0.337055 -2.61023 0.993213 0.11625 0.00385237 34.8103
0.0302146 0.320329 -0.946824 -19.0664 -0.118848 0.941688 0.314799 -2.77615 0.992453 0.103016 0.0665232 35.0761
0.398328 0.260947 -0.879341 -19.115 -0.0847098 0.965047 0.248008 -2.8907 0.913323 -0.0242998 0.40651 35.3871
0.614941 0.0866551 -0.783797 -19.3572 0.0606409 0.985804 0.156565 -2.96631 0.786238 -0.143809 0.600957 35.5629
0.664414 0.0399173 -0.746298 -19.6026 0.0819244 0.988665 0.125817 -3.14903 0.742861 -0.144734 0.653613 35.9049
0.756735 0.163376 -0.632978 -19.6721 -0.0738083 0.983429 0.165591 -3.33565 0.649542 -0.0785896 0.756253 36.2843
0.857325 0.27839 -0.433005 -19.785 -0.255387 0.960355 0.111786 -3.53807 0.446958 0.0147468 0.894433 36.48
0.942916 0.246825 -0.223578 -19.7143 -0.253244 0.967402 -3.8861e-05 -3.71262 0.21628 0.0566564 0.974686 36.7832
0.939348 0.325991 0.106558 -19.6614 -0.31426 0.942559 -0.113237 -3.86494 -0.137351 0.0728822 0.987837 36.9739
0.841058 0.386154 0.378822 -19.5072 -0.315089 0.918949 -0.237175 -3.91511 -0.439704 0.0801151 0.894562 37.0426
0.814227 0.394433 0.425978 -19.4313 -0.241056 0.897211 -0.370007 -3.9517 -0.528135 0.198585 0.825614 37.1535
0.860732 0.356188 0.363691 -19.5738 -0.253677 0.919529 -0.300192 -4.05904 -0.441349 0.166124 0.881824 37.6786
0.624724 0.363687 0.690979 -19.4311 -0.0877383 0.912001 -0.400694 -4.06092 -0.775901 0.189698 0.601659 37.8119
0.230421 0.43737 0.86926 -19.4166 0.0778025 0.882158 -0.464483 -4.0791 -0.969976 0.174657 0.169239 37.8236
-0.189251 0.44394 0.875843 -19.4852 0.235749 0.886416 -0.398358 -4.06725 -0.953208 0.13109 -0.272414 37.7604
-0.526308 0.291779 0.798665 -19.5963 0.15824 0.956482 -0.245157 -4.0158 -0.83544 -0.00264751 -0.549575 37.7934
-0.513988 0.0251798 0.857428 -19.6177 -0.108244 0.989675 -0.0939507 -3.90765 -0.85094 -0.141101 -0.505955 37.8669
-0.642365 -0.221411 0.73372 -19.644 -0.447695 0.885441 -0.124757 -3.76756 -0.622043 -0.408622 -0.6679 37.9481
-0.821195 -0.292654 0.489889 -19.6792 -0.475913 0.824926 -0.304965 -3.74919 -0.314873 -0.483581 -0.816703 37.9189
-0.852529 -0.425569 0.303456 -19.6725 -0.522255 0.716977 -0.461729 -3.72658 -0.0210737 -0.552119 -0.833499 37.9445
-0.763399 -0.439011 0.473805 -19.5454 -0.629561 0.669781 -0.393758 -3.73558 -0.144482 -0.598884 -0.787695 37.901
-0.639923 -0.303542 0.705947 -19.4233 -0.541368 0.830067 -0.133826 -3.75142 -0.545361 -0.467816 -0.695507 37.6993
-0.629203 -0.13848 0.764805 -19.1801 -0.354069 0.927038 -0.123436 -3.79926 -0.691909 -0.34846 -0.632327 37.5946
-0.387242 -0.0911747 0.917459 -19.2695 -0.243975 0.969759 -0.00660511 -3.83657 -0.889112 -0.226395 -0.397776 37.3858
-0.427028 0.0421536 0.903256 -19.0246 -0.165491 0.978398 -0.123899 -3.88489 -0.888966 -0.202389 -0.410827 37.2002
-0.322739 -0.0535667 0.944971 -19.0505 -0.233502 0.972044 -0.0246473 -3.71823 -0.917233 -0.228607 -0.326225 36.749
-0.53096 -0.116077 0.839409 -18.9601 -0.361742 0.926829 -0.100651 -3.67178 -0.766306 -0.357091 -0.534099 36.5621
-0.810961 -0.0225079 0.584667 -18.9664 -0.192937 0.953656 -0.2309 -3.57737 -0.552374 -0.300055 -0.777721 36.3811
-0.844315 0.0673051 0.531603 -19.1869 -0.0142585 0.988907 -0.147849 -3.46957 -0.535657 -0.132411 -0.833989 36.0549
-0.771384 -0.00507103 0.63635 -19.2268 -0.108853 0.986282 -0.124092 -3.31546 -0.626992 -0.164992 -0.761354 35.7897
-0.519904 -0.0772794 0.850722 -19.3325 -0.217893 0.974953 -0.044597 -3.17962 -0.825968 -0.208553 -0.523721 35.518
-0.190226 -0.0599745 0.979907 -19.3112 -0.240609 0.970539 0.0126925 -3.10162 -0.951799 -0.23336 -0.199052 35.4394
0.142795 -0.0434565 0.988798 -19.1141 -0.220794 0.972461 0.0746239 -3.02383 -0.964811 -0.228976 0.129267 35.3804
0.178088 -0.0369358 0.983321 -19.1066 -0.215652 0.973537 0.0756248 -2.82524 -0.960093 -0.225524 0.16541 35.0347
-0.029125 -0.0781927 0.996513 -18.9122 -0.32878 0.942213 0.0643228 -2.67515 -0.943957 -0.32576 -0.0531502 34.7943
-0.226634 -0.222975 0.948113 -18.8245 -0.401806 0.908151 0.117531 -2.61221 -0.887237 -0.354321 -0.295411 34.6568
-0.465184 -0.227875 0.855381 -18.7991 -0.326247 0.942412 0.0736365 -2.48201 -0.822901 -0.244811 -0.512738 34.3137
-0.634156 -0.382912 0.671733 -18.7564 -0.511895 0.859024 0.00641554 -2.37449 -0.579492 -0.339788 -0.740765 34.2847
-0.654943 -0.300168 0.693505 -18.6873 -0.424103 0.905574 -0.0085635 -2.24462 -0.625449 -0.299726 -0.720401 34.0324
-0.648053 -0.285941 0.705879 -18.4451 -0.440722 0.896689 -0.041382 -2.06645 -0.621121 -0.337914 -0.707123 33.852
-0.706869 -0.171856 0.68615 -18.285 -0.278384 0.959343 -0.0465091 -1.95461 -0.65026 -0.223889 -0.725972 33.4921
-0.839338 -0.215149 0.499222 -18.1633 -0.281227 0.95776 -0.0600608 -1.76434 -0.465213 -0.190806 -0.86439 33.2492
-0.738394 -0.307571 0.600146 -18.2277 -0.375945 0.92656 0.0123087 -1.57051 -0.559857 -0.216533 -0.799796 32.8792
-0.46866 -0.301685 0.830267 -18.0643 -0.343557 0.928132 0.143318 -1.52926 -0.813834 -0.218077 -0.538625 32.7636
-0.162236 -0.272679 0.948328 -17.9258 -0.225689 0.945839 0.233353 -1.41964 -0.960596 -0.176169 -0.21499 32.7805
0.185351 -0.244825 0.951686 -17.8384 -0.176417 0.944442 0.27732 -1.34015 -0.966707 -0.219295 0.131862 32.6163
0.153699 -0.196603 0.968361 -17.6104 -0.210562 0.95098 0.226495 -1.1767 -0.965422 -0.238713 0.104767 32.4119
0.119396 -0.320714 0.939621 -17.5382 -0.30324 0.889389 0.3421 -0.95296 -0.945405 -0.325776 0.00893602 32.1116
