0.999993 -0.00258599 0.00262627 0.000122266 0.00258678 0.999997 -0.000298639 1.49971e-05 -0.00262548 0.00030543 0.999997 6.50755e-05
0.902608 -0.012159 -0.430292 4.83461 0.00309976 0.999759 -0.0217485 0.232293 0.430452 0.0182965 0.902428 0.257703
0.848658 -0.0362067 -0.527701 5.59307 0.0197464 0.999128 -0.0367957 0.239003 0.528573 0.0208068 0.848633 0.65741
0.921947 -0.0726437 -0.380442 6.38469 0.0288556 0.992407 -0.119568 0.240848 0.386239 0.0992578 0.917043 1.40361
0.957227 -0.0936578 -0.27376 7.43671 0.0808619 0.995055 -0.0576836 0.280805 0.277809 0.0330795 0.960067 1.79827
0.849101 -0.0558552 -0.525269 8.46203 0.0378431 0.998271 -0.0449789 0.26955 0.526873 0.0183138 0.849746 2.24529
0.558164 -0.0669643 -0.827024 9.1915 0.0899213 0.995749 -0.0199375 0.314442 0.824843 -0.0632387 0.561813 3.07725
0.165263 -0.0667331 -0.983989 9.30271 0.257685 0.965973 -0.0222325 0.424283 0.951991 -0.249885 0.176836 3.32485
-0.236283 0.0239321 -0.97139 9.55986 0.297718 0.953399 -0.0489288 0.476845 0.924951 -0.300761 -0.232397 3.79933
-0.551822 0.00645141 -0.833937 9.61408 0.216579 0.966769 -0.135833 0.501968 0.805348 -0.255569 -0.534882 4.11186
-0.544034 -0.00469629 -0.83905 9.66438 0.067264 0.996522 -0.0491912 0.427702 0.836363 -0.0831995 -0.541826 4.80129
-0.601325 0.0798565 -0.795004 10.0419 0.0379053 0.996724 0.0714481 0.313918 0.798105 0.0128286 -0.602382 4.75647
-0.86568 0.109165 -0.48855 10.1682 0.058479 0.991304 0.117882 0.27124 0.49717 0.0734782 -0.864536 4.52158
-0.992129 0.0190891 -0.123754 10.0883 0.0118658 0.998197 0.0588448 0.25127 0.124654 0.0569133 -0.990567 4.19946
-0.97676 -0.00654477 0.214236 9.66461 -0.00352083 0.999889 0.0144935 0.305006 -0.214307 0.0134024 -0.976674 3.62338
-0.821066 -0.00703046 0.57079 9.33174 0.0473102 0.995646 0.0803179 0.279201 -0.56887 0.0929505 -0.817158 3.13897
-0.589654 -0.0175764 0.807465 8.75895 0.00575952 0.999646 0.0259656 0.303256 -0.807636 0.0199613 -0.589344 2.3402
-0.576651 -0.0507273 0.815414 8.13656 -0.0617995 0.997919 0.0183771 0.331696 -0.81465 -0.0397951 -0.578586 1.58108
-0.835654 -0.0194867 0.548911 7.57029 -0.016015 0.99981 0.011113 0.329237 -0.549023 0.000495833 -0.835807 0.694883
-0.958704 -0.0495487 0.280058 6.94903 -0.0341505 0.997638 0.0596003 0.291616 -0.28235 0.0475749 -0.958131 -0.161182
-0.814495 -0.0052491 0.580146 6.23706 0.00163938 0.999934 0.0113489 0.26088 -0.580168 0.0101947 -0.814433 -0.797109
-0.904825 -0.025443 0.425022 5.17242 -0.00132379 0.998376 0.0569473 0.257871 -0.425781 0.0509647 -0.90339 -1.2002
-0.995497 -0.00886821 0.094382 4.48507 -0.0031082 0.998133 0.0610015 0.266152 -0.0947468 0.0604334 -0.993665 -1.68195
-0.921763 -0.0897869 -0.377215 4.56212 -0.119575 0.99123 0.0562562 0.264913 0.368856 0.0969605 -0.924416 -1.79098
-0.749555 -0.120985 -0.650792 4.71924 -0.193118 0.980353 0.0401737 0.270975 0.633145 0.155792 -0.758193 -1.81588
-0.468822 -0.0411855 -0.882332 4.92347 -0.206133 0.976432 0.0639499 0.251328 0.858903 0.211859 -0.466262 -1.82488
-0.100248 -0.0590872 -0.993206 5.15374 -0.0923351 0.99448 -0.0498432 0.281262 0.990669 0.0867111 -0.105151 -1.66025
0.246735 -0.110052 -0.962814 5.16404 0.0194024 0.993893 -0.108633 0.339241 0.968889 0.00812251 0.247363 -1.14602
0.338204 -0.151267 -0.928836 5.2292 0.0423705 0.988444 -0.145547 0.356611 0.940118 0.00986926 0.340705 -0.778159
0.62244 -0.108916 0.775053 2.34417 -0.0862224 0.9747 0.206216 0.145271 -0.777904 -0.195184 0.597301 -0.422573
0.58144 -0.20768 0.786636 2.47726 0.0600377 0.975188 0.213083 0.11335 -0.811371 -0.0766672 0.579482 -0.51589
0.464567 -0.23964 0.852497 2.63583 0.0632346 0.969208 0.237988 0.108745 -0.883278 -0.0566539 0.465415 -0.56171
0.618424 -0.355922 0.700621 2.97046 0.0295816 0.901464 0.431841 0.223556 -0.785287 -0.246336 0.568016 -0.895835
0.664735 -0.415059 0.621171 3.36518 0.0301238 0.845681 0.532837 0.277584 -0.746472 -0.335484 0.574657 -0.978088
0.79792 -0.443574 0.408125 3.65706 0.207936 0.838089 0.50435 0.238878 -0.565762 -0.317567 0.760963 -0.975928
0.864473 -0.173273 0.471872 3.99322 0.0797958 0.974113 0.211511 0.148451 -0.496305 -0.145192 0.855921 -0.641029
0.975106 -0.164574 0.148603 4.20821 0.135143 0.972411 0.190139 0.167895 -0.175796 -0.165323 0.970445 -0.260622
0.976993 -0.115321 -0.179404 4.36631 0.130919 0.988348 0.0776438 0.125558 0.16836 -0.0993449 0.980707 0.0552549
0.862506 -0.0707158 -0.501082 4.32629 0.141622 0.984352 0.104854 0.137671 0.485826 -0.161401 0.859024 0.378303
0.700259 -0.311887 -0.642155 4.33248 0.449844 0.891243 0.0576809 0.247433 0.554326 -0.329261 0.764401 0.580748
0.718429 -0.47555 -0.507653 4.26702 0.647673 0.723525 0.238813 0.313809 0.253732 -0.500363 0.827803 0.692443
0.817619 -0.264303 -0.51151 4.13273 0.387651 0.909578 0.149648 0.203671 0.425706 -0.320642 0.846146 1.10877
0.793827 0.0139921 -0.607982 4.09231 0.0986909 0.983519 0.151493 0.076787 0.600082 -0.180262 0.779364 1.39906
0.572219 -0.0315191 -0.819495 3.90879 0.122687 0.991306 0.04754 0.0977121 0.810872 -0.127745 0.571111 1.56305
0.289276 0.00355076 -0.957239 3.91371 0.0727814 0.997017 0.0256928 0.074116 0.954475 -0.0771015 0.288155 1.73953
-0.0355984 -0.0618954 -0.997448 4.10088 0.188601 0.979729 -0.067527 0.155609 0.981408 -0.190523 -0.0232033 1.57547
-0.371413 -0.129534 -0.919388 4.20349 0.115761 0.976033 -0.184279 0.165328 0.921223 -0.174873 -0.347517 1.61837
-0.646722 -0.284377 -0.707729 4.57255 0.039036 0.914337 -0.403067 0.245564 0.761726 -0.2883 -0.580221 1.61494
-0.855221 -0.271234 -0.44162 4.67016 -0.0816694 0.912001 -0.401976 0.218211 0.511788 -0.307711 -0.802114 1.53199
-0.944265 -0.270527 -0.18756 4.58201 -0.186405 0.909037 -0.3727 0.233402 0.271324 -0.316966 -0.908799 1.54971
-0.989134 -0.112306 0.0948702 4.41702 -0.128544 0.973835 -0.187409 0.148112 -0.0713408 -0.197567 -0.97769 1.3936
-0.855681 -0.105839 0.506565 4.34587 -0.182188 0.977806 -0.103451 0.139204 -0.484373 -0.180811 -0.855973 1.13813
-0.590028 -0.165229 0.790295 4.2706 -0.267502 0.963556 0.00173784 0.178335 -0.76178 -0.21038 -0.612724 1.07046
-0.293743 -0.156041 0.943062 4.30329 -0.299213 0.952016 0.064324 0.163486 -0.907847 -0.263282 -0.326338 0.934438
0.0551299 -0.184105 0.981359 4.37393 -0.302933 0.933443 0.192134 0.198549 -0.951416 -0.307878 -0.00431073 0.640684
0.140153 -0.0844808 0.986519 4.5216 -0.217804 0.969318 0.113951 0.152468 -0.965877 -0.230838 0.117452 0.244767
-0.255163 -0.0272228 0.966515 4.69544 -0.139602 0.990167 -0.00896636 0.0997343 -0.956767 -0.137215 -0.256454 -0.226926
-0.595043 0.0586405 0.801552 4.69807 -0.0474073 0.993037 -0.107843 0.0956391 -0.802294 -0.102171 -0.58812 -0.468954
-0.901649 -0.0559452 0.428836 4.72226 -0.15053 0.97019 -0.189928 0.164656 -0.405426 -0.235801 -0.883192 -0.57333
-0.976043 -0.186894 0.111405 4.51381 -0.209126 0.947151 -0.243251 0.191937 -0.0600552 -0.260721 -0.963544 -0.656707
-0.957173 -0.107713 -0.268733 4.24981 -0.0280398 0.95834 -0.28425 0.192615 0.288155 -0.264541 -0.920318 -0.886989
-0.747643 -0.0407035 -0.662852 3.7491 0.0797063 0.985405 -0.150413 0.156179 0.6593 -0.165289 -0.733487 -0.924923
-0.488271 -0.141535 -0.861138 3.38987 0.141344 0.960907 -0.238075 0.210176 0.861169 -0.237962 -0.449178 -1.01847
-0.394551 -0.240942 -0.886722 2.80379 0.174067 0.927938 -0.329593 0.22643 0.902236 -0.28439 -0.324179 -0.912361
-0.341842 -0.232804 -0.910465 2.30398 0.197675 0.929341 -0.31185 0.218536 0.918732 -0.28658 -0.271668 -0.758057
-0.492657 -0.255082 -0.831999 1.7619 0.201523 0.896644 -0.39423 0.262796 0.846568 -0.361887 -0.390333 -0.71398
-0.597478 -0.251274 -0.7615 1.07418 0.02489 0.943368 -0.330814 0.254336 0.801499 -0.216608 -0.557387 -0.866489
-0.507846 -0.125978 -0.852187 0.449092 0.100078 0.973923 -0.203614 0.169481 0.855615 -0.18869 -0.481995 -1.21879
-0.185337 -0.0954231 -0.978031 -0.0958948 0.120335 0.98558 -0.118963 0.148643 0.975279 -0.139739 -0.171181 -1.27801
0.167723 -0.0888509 -0.981822 -0.293023 0.185554 0.980975 -0.0570765 0.151246 0.968214 -0.172608 0.181018 -1.23964
0.625785 -0.14535 -0.766333 -0.482801 0.234451 0.972102 0.0070732 0.1869 0.743926 -0.184094 0.642404 -0.947616
0.867567 -0.14374 -0.476095 -0.526185 0.210966 0.973287 0.0905865 0.198628 0.450356 -0.17903 0.874716 -0.883906
0.950766 -0.25618 -0.174401 -0.498478 0.288152 0.93789 0.193212 0.180254 0.114072 -0.233954 0.965533 -0.771482
0.904672 -0.420172 0.0708724 -0.426956 0.363535 0.847839 0.386019 0.238397 -0.222283 -0.323456 0.919764 -0.580629
0.802856 -0.576752 0.150929 -0.558849 0.362575 0.673329 0.644334 0.308798 -0.473246 -0.462584 0.749703 -0.377608
0.734273 -0.673564 0.0845844 -0.330406 0.307276 0.440874 0.843334 0.383584 -0.60533 -0.593246 0.530692 -0.0530071
0.731533 -0.67429 -0.100952 -0.0630851 0.473576 0.395996 0.78671 0.39211 -0.490494 -0.623314 0.609012 0.32656
0.743805 -0.628014 -0.228805 0.248408 0.622065 0.525195 0.580694 0.369407 -0.244517 -0.574255 0.781309 0.758922
0.780107 -0.497145 -0.379842 0.256644 0.619731 0.697307 0.360134 0.317409 0.0858279 -0.516343 0.85207 1.14875
0.67766 -0.385071 -0.626496 0.305325 0.443845 0.893439 -0.0690531 0.185382 0.586327 -0.231273 0.776359 1.34939
0.582567 -0.28537 -0.761038 0.283549 0.11463 0.955825 -0.270662 0.122294 0.804659 0.0704412 0.589545 1.52642
0.35975 -0.198608 -0.911666 -0.0122532 0.103315 0.979554 -0.172629 0.0902199 0.927311 -0.032086 0.372913 1.85973
0.41683 -0.0843725 -0.90506 -0.129543 0.193602 0.981077 -0.00229462 0.0665073 0.888128 -0.174265 0.425277 2.41387
0.477871 -0.134383 -0.86809 -0.440997 0.270437 0.962738 -0.000162958 0.079538 0.835765 -0.234686 0.496406 2.79933
0.673854 -0.0663925 -0.735875 -0.649361 0.19203 0.977467 0.0876559 0.0865898 0.713474 -0.200377 0.67142 3.32443
0.707758 -0.134866 -0.693462 -0.815662 0.180257 0.983592 -0.00731826 0.0855691 0.683071 -0.119822 0.720456 3.94792
0.892243 -0.121866 -0.4348 -0.82694 0.204944 0.967297 0.149445 0.120809 0.402369 -0.222451 0.88804 4.39781
0.821964 -0.240911 -0.516079 -0.807512 0.331102 0.939405 0.0888244 0.174219 0.463408 -0.243885 0.851923 4.86435
0.660756 -0.121155 -0.740759 -1.20361 0.193133 0.981102 0.0118097 0.0987593 0.725329 -0.150868 0.671667 5.4037
0.695681 -0.160783 -0.700126 -1.4029 0.304073 0.948918 0.0842246 0.152748 0.650821 -0.271483 0.709034 5.96716
0.683291 -0.217252 -0.697076 -1.57053 0.349741 0.935442 0.0512831 0.172168 0.640932 -0.278837 0.715161 6.47893
0.548975 -0.117143 -0.827589 -1.87066 0.312772 0.946985 0.0734321 0.138109 0.775113 -0.299159 0.556511 6.80266
0.236849 -0.0679306 -0.969169 -2.0168 0.177816 0.983733 -0.0254963 0.0768762 0.955136 -0.166295 0.245075 6.96268
-0.140886 -0.103026 -0.984651 -2.10775 0.155606 0.979905 -0.124794 0.0987172 0.977721 -0.170799 -0.122024 7.12597
-0.399334 -0.127087 -0.907955 -2.31824 0.162577 0.964834 -0.206552 0.11561 0.902276 -0.230095 -0.36463 7.37751
-0.195502 -0.138685 -0.970848 -2.47313 0.10498 0.981303 -0.161319 0.105876 0.975068 -0.133458 -0.177288 7.91419
0.193827 -0.137512 -0.97135 -2.5075 0.1629 0.980893 -0.106357 0.0945967 0.967416 -0.137618 0.212524 8.15926
0.514833 -0.0807268 -0.853481 -2.6138 0.238898 0.96963 0.0523938 0.0916046 0.823332 -0.230869 0.518483 8.38798
0.706375 -0.00299651 -0.707831 -2.75956 0.113899 0.987441 0.109484 0.0659076 0.698614 -0.157958 0.697845 8.90696
0.860754 -0.16578 -0.481269 -2.89105 0.311796 0.919059 0.241068 0.072425 0.402351 -0.357558 0.842773 9.07829
0.952312 -0.149278 -0.266115 -3.02057 0.212448 0.95041 0.227126 0.0555701 0.219014 -0.272831 0.936801 9.53969
0.956614 -0.087579 -0.277884 -3.28141 0.165929 0.947735 0.272517 0.0438148 0.239494 -0.306803 0.921149 9.73096
0.886522 -0.163916 -0.432677 -3.43011 0.273549 0.939886 0.204414 0.0632479 0.37316 -0.299576 0.878069 10.1461
0.859636 -0.00140483 -0.510905 -3.70794 0.137552 0.963708 0.228792 0.00556832 0.492042 -0.266953 0.828632 10.6945
0.641483 -0.0888658 -0.761973 -3.78325 0.212823 0.974895 0.0654711 0.0295002 0.737025 -0.204164 0.644291 11.0446
0.575627 -0.254152 -0.777213 -3.88483 0.495617 0.864431 0.0843962 0.0856708 0.650397 -0.433781 0.623552 11.4014
0.176501 -0.449825 -0.875503 -3.93817 0.6851 0.694793 -0.218862 0.189917 0.706743 -0.561178 0.430806 11.4912
-0.155129 -0.471428 -0.868154 -3.96655 0.546936 0.690836 -0.472871 0.214627 0.822676 -0.54818 0.150672 11.6797
0.118458 -0.239422 -0.963662 -4.34097 0.414833 0.893677 -0.171041 0.0537261 0.902154 -0.379497 0.205184 12.0507
0.276377 -0.10264 -0.955553 -4.51866 0.105108 0.991544 -0.0761056 -0.0703371 0.955284 -0.0794023 0.284828 12.4277
0.386996 -0.0288367 -0.92163 -4.62753 -0.000173829 0.999509 -0.0313464 -0.0908319 0.922081 0.0122911 0.386801 12.6662
0.632222 -0.161486 -0.757771 -4.80365 0.207746 0.977557 -0.0349971 -0.00462949 0.746416 -0.135298 0.651581 12.9633
0.669342 -0.183231 -0.720005 -4.92281 0.257889 0.966155 -0.00613022 0.0132386 0.69676 -0.181578 0.693941 13.4849
0.677935 -0.157445 -0.718064 -5.13524 0.221085 0.975241 -0.00510549 0.0280655 0.701089 -0.155292 0.695959 13.9826
0.818359 -0.197579 -0.539677 -5.21337 0.264014 0.96334 0.0476632 0.0418976 0.510476 -0.181488 0.840522 14.3281
0.883272 -0.332891 -0.330172 -5.32402 0.385288 0.916625 0.106545 0.102643 0.267177 -0.221319 0.937888 14.8573
0.923305 -0.276006 -0.267073 -5.54962 0.31012 0.94599 0.0944921 0.0916013 0.226568 -0.17007 0.959032 15.3927
0.922788 -0.244388 -0.297887 -5.80795 0.293094 0.947072 0.130959 0.0877931 0.250116 -0.208156 0.945576 16.061
0.91867 -0.359995 -0.162634 -5.91926 0.38806 0.899417 0.201145 0.141781 0.0738643 -0.247897 0.965966 16.5173
0.935941 -0.123431 -0.329817 -6.22375 0.165697 0.980765 0.103168 0.0688863 0.310739 -0.151209 0.938391 16.9918
0.927385 -0.159055 -0.338614 -6.32746 0.1755 0.984309 0.0183008 0.0642879 0.33039 -0.0763986 0.940747 17.5708
0.891115 0.07763 -0.447089 -6.53178 -0.0756422 0.996885 0.0223273 -0.0505486 0.447429 0.0139227 0.894211 18.0083
0.651721 0.186358 -0.735208 -6.6824 -0.208929 0.975952 0.0621772 -0.131368 0.729115 0.113084 0.674984 18.1733
0.157369 0.0459315 -0.986471 -6.86086 -0.0375642 0.998473 0.0404979 -0.0486472 0.986825 0.0306829 0.158854 18.2133
-0.239338 -0.0858729 -0.967131 -7.05232 0.0283947 0.995036 -0.0953775 0.0453292 0.970521 -0.0502889 -0.235712 18.2039
-0.321012 -0.295966 -0.899642 -7.24675 0.175339 0.914922 -0.363558 0.147884 0.930703 -0.274448 -0.241806 18.3686
-0.323305 -0.356963 -0.876386 -7.3566 0.178495 0.886494 -0.426928 0.168976 0.929308 -0.294458 -0.222892 18.831
-0.117941 -0.247154 -0.961772 -7.66444 0.155694 0.951951 -0.263722 0.092587 0.980739 -0.180846 -0.0737932 19.3946
0.157387 -0.0906667 -0.983366 -7.79375 0.215191 0.974996 -0.0554538 0.0451289 0.963806 -0.202884 0.172962 20.0617
0.000212553 -0.048006 -0.998847 -7.89649 0.198397 0.978994 -0.0470096 0.0181181 0.980122 -0.198158 0.00973234 20.5716
0.0267302 -0.0325968 -0.999111 -8.00197 0.203477 0.978721 -0.0264877 -0.0227122 0.978715 -0.202589 0.0327941 20.8446
0.32567 -0.0788859 -0.942187 -8.207 0.239193 0.970971 0.00138183 -0.0242979 0.914727 -0.225814 0.335085 21.3315
-0.0324581 -0.112046 -0.993173 -8.42145 0.244735 0.962555 -0.11659 0.0016061 0.969046 -0.246849 -0.0038212 21.6251
-0.414455 -0.123279 -0.901682 -8.77664 0.187981 0.957819 -0.217359 -0.0254741 0.890444 -0.259585 -0.373799 21.9082
-0.66301 -0.20112 -0.721088 -8.88701 0.0148602 0.95951 -0.281282 0.0291004 0.748463 -0.197208 -0.633176 22.1832
-0.42109 -0.148307 -0.894812 -9.34074 0.138351 0.964495 -0.224963 -0.0129416 0.896405 -0.218528 -0.385621 22.6455
-0.051005 -0.167597 -0.984535 -9.41604 0.237961 0.955386 -0.174963 0.0175713 0.969934 -0.243205 -0.00884791 23.0775
0.383618 -0.105638 -0.91743 -9.50402 0.313882 0.949208 0.0219507 -0.0106414 0.868513 -0.296386 0.397291 23.4741
0.54168 -0.266319 -0.797281 -9.50703 0.421449 0.906701 -0.0165336 0.0283062 0.727299 -0.327057 0.603382 23.9184
0.391199 -0.309934 -0.866547 -9.6375 0.58411 0.811243 -0.0264597 0.0615422 0.711181 -0.495808 0.498394 24.4836
0.279816 -0.236199 -0.930544 -9.78507 0.362653 0.923456 -0.125349 0.0200586 0.888924 -0.30239 0.344056 25.0877
0.431199 -0.164424 -0.887148 -10.0244 0.37643 0.926377 0.0112688 -0.0130167 0.819981 -0.338808 0.461346 25.6554
0.329518 -0.121409 -0.936311 -10.3824 0.371436 0.928401 0.0103372 -0.013995 0.868017 -0.351186 0.35102 26.2554
0.0819299 -0.186919 -0.978953 -10.6487 0.299606 0.94144 -0.154682 -0.00360468 0.950539 -0.280627 0.133134 26.5376
0.156783 -0.0138698 -0.987536 -10.9617 0.205672 0.978438 0.0189108 -0.0409686 0.96598 -0.206073 0.156255 26.9923
-0.120418 -0.0334246 -0.99216 -11.0561 0.108018 0.993058 -0.0465649 -0.0462908 0.986829 -0.112778 -0.115971 27.3021
-0.385248 -0.00474781 -0.922801 -11.4022 0.073767 0.996628 -0.0359237 -0.0528011 0.91986 -0.0819118 -0.383599 27.3513
-0.703097 0.023771 -0.710697 -11.6528 0.0102943 0.999677 0.0232524 -0.0743891 0.71102 0.00903261 -0.703114 27.4039
-0.601787 -0.147966 -0.78483 -11.9664 0.0410687 0.975655 -0.215433 -0.00198783 0.7976 -0.161877 -0.581059 27.3368
-0.746331 -0.180152 -0.64073 -12.2532 -0.0828037 0.980325 -0.179184 0.019861 0.660404 -0.0806758 -0.746564 27.3111
-0.548523 -0.19425 -0.813259 -12.2938 0.0914338 0.952872 -0.289267 0.0580143 0.831121 -0.233029 -0.504911 27.2001
-0.830929 -0.167079 -0.530699 -12.4977 -0.0383429 0.968774 -0.244962 0.0331033 0.555055 -0.183198 -0.811389 26.9624
-0.955473 -0.231466 -0.183015 -12.4664 -0.188366 0.955859 -0.225503 0.0752117 0.227133 -0.180988 -0.956898 26.7821
-0.955822 -0.250151 0.154364 -12.4056 -0.278097 0.939666 -0.199224 0.0767413 -0.0952147 -0.233351 -0.96772 26.5842
-0.936211 -0.221765 0.272633 -12.5177 -0.25452 0.96279 -0.0908595 0.0831838 -0.242339 -0.154454 -0.957818 26.5046
-0.982661 -0.13205 0.130151 -12.4132 -0.155714 0.968823 -0.192703 0.0722688 -0.100647 -0.209628 -0.972587 26.5055
-0.910873 -0.148158 0.385174 -12.4529 -0.167494 0.985728 -0.0169328 0.0181892 -0.377168 -0.079938 -0.922688 26.4735
-0.950244 -0.252779 0.182042 -12.6229 -0.290449 0.930187 -0.224482 0.0773667 -0.112589 -0.266186 -0.957324 26.3411
-0.941414 -0.337074 -0.0110073 -12.6205 -0.311331 0.88114 -0.355901 0.139996 0.129664 -0.331623 -0.934459 26.1802
-0.915427 -0.305077 -0.26253 -12.9404 -0.172512 0.886728 -0.428897 0.135312 0.363639 -0.347334 -0.864364 26.0963
-0.862306 -0.116296 -0.492853 -12.9637 0.0259629 0.961838 -0.272385 0.0671971 0.505722 -0.247675 -0.826379 26.1119
-0.605864 -0.134412 -0.784132 -13.1931 0.0405595 0.979124 -0.199175 0.0224128 0.794534 -0.152477 -0.587764 26.2818
-0.173669 -0.0407294 -0.983962 -13.2277 0.107477 0.992393 -0.060048 -0.00692112 0.978922 -0.116181 -0.16797 26.3715
0.189759 -0.0207439 -0.981612 -13.1982 0.100686 0.994917 -0.00156101 -0.00463853 0.976654 -0.0985384 0.190883 26.2787
0.0408098 -0.253732 -0.966413 -13.3154 0.266142 0.935036 -0.234255 0.0600973 0.96307 -0.247643 0.105687 26.3875
0.43939 -0.253832 -0.861688 -13.2967 0.387641 0.918913 -0.0730239 0.0875221 0.810352 -0.30194 0.502157 26.4179
0.497431 -0.374324 -0.782588 -13.5224 0.40935 0.896647 -0.168689 0.148608 0.76485 -0.236442 0.59925 26.3441
0.283789 -0.235051 -0.929631 -13.8129 0.310632 0.939745 -0.142781 0.0928463 0.907178 -0.248253 0.339704 26.4456
0.282449 -0.0997393 -0.954083 -14.0295 0.143432 0.987791 -0.0608012 -0.000360613 0.948499 -0.119673 0.293306 26.286
0.290363 -0.09669 -0.952019 -14.0565 0.0348115 0.995291 -0.0904674 -0.0355314 0.956283 -0.00687282 0.292362 26.3519
0.592927 -0.0675954 -0.802414 -14.1132 0.0914367 0.995677 -0.0163106 -0.019472 0.800048 -0.063699 0.596545 26.4321
0.749091 -0.233794 -0.619841 -14.2694 0.385366 0.914841 0.12066 0.112152 0.538846 -0.329251 0.775396 26.4162
0.814053 -0.363409 -0.453047 -14.2321 0.525163 0.79371 0.306965 0.232662 0.248034 -0.48781 0.836971 26.6745
0.912914 -0.33092 -0.238913 -14.514 0.4045 0.811671 0.42139 0.200831 0.0544721 -0.481334 0.874843 26.7766
0.986839 -0.161541 -0.00737501 -14.4398 0.158263 0.955441 0.249167 0.00502924 -0.0332042 -0.247055 0.968432 26.9498
0.963125 -0.0179349 0.268455 -14.5346 0.00179818 0.998183 0.0602352 -0.0800534 -0.269048 -0.0575313 0.961407 26.8704
0.764362 0.066695 0.641328 -14.5854 -0.0463605 0.997746 -0.0485063 -0.121134 -0.643118 0.00734413 0.765732 26.6302
0.448074 0.0230544 0.893699 -14.5399 -0.0876058 0.995988 0.0182298 -0.052012 -0.889694 -0.0864616 0.448296 26.3326
0.256941 -0.0966255 0.961584 -14.5698 -0.217766 0.963612 0.155018 0.0557989 -0.941573 -0.249231 0.22655 26.3699
-0.104167 -0.0505043 0.993277 -14.7787 -0.199998 0.979372 0.028823 0.022953 -0.974243 -0.195651 -0.112119 26.4561
0.129691 -0.0780484 0.988478 -15.0634 -0.176045 0.979247 0.100417 0.0361278 -0.975801 -0.18704 0.113259 26.6747
-0.0597117 -0.0811877 0.994909 -15.1671 -0.147075 0.986525 0.0716765 -0.00328484 -0.987321 -0.142046 -0.0708477 26.7063
0.00907222 -0.143945 0.989544 -15.4374 -0.157234 0.977069 0.143572 0.0536983 -0.98752 -0.156893 -0.0137689 26.9792
0.254129 -0.106294 0.961312 -15.4966 -0.121799 0.982512 0.140837 0.0228966 -0.95947 -0.152878 0.236738 27.2487
0.579179 -0.0574251 0.813176 -15.5075 -0.132861 0.977529 0.163661 0.00395959 -0.804301 -0.202828 0.558534 27.5221
0.875213 0.0446365 0.481675 -15.476 -0.138551 0.977148 0.161199 -0.0352916 -0.463472 -0.20782 0.861397 27.9755
0.978127 -0.100298 0.182231 -15.337 0.0577602 0.972583 0.225269 0.0288469 -0.199829 -0.209816 0.957103 28.208
0.985024 -0.0881302 -0.14819 -15.4933 0.120216 0.967172 0.223891 0.0481371 0.123594 -0.238353 0.963282 28.5836
0.876078 -0.0445154 -0.48011 -15.6419 0.126287 0.982153 0.139378 0.0102276 0.465337 -0.182738 0.866065 28.7693
0.592239 -0.0182895 -0.805555 -15.7585 0.105602 0.992881 0.0550955 -0.00899123 0.798812 -0.117698 0.589954 28.8772
0.238252 0.0120999 -0.971128 -15.8878 0.0654112 0.997452 0.0284755 -0.0158871 0.968998 -0.070307 0.236853 28.9402
0.100862 0.0856616 -0.991206 -16.092 0.0682322 0.993345 0.0927896 -0.0465062 0.992558 -0.0769911 0.0943459 29.1185
0.0160336 0.13152 -0.991184 -16.3971 -0.0713608 0.988934 0.130068 -0.0899314 0.997322 0.0686462 0.0252415 29.5116
0.319228 0.317157 -0.893031 -16.5181 -0.191346 0.944499 0.267036 -0.149506 0.92816 0.085633 0.362197 30.029
0.58566 0.384355 -0.713634 -16.4442 -0.337466 0.916113 0.216458 -0.211329 0.736966 0.114056 0.666237 30.5805
0.808328 0.287767 -0.513611 -16.5272 -0.207515 0.955676 0.208859 -0.114712 0.550948 -0.0622444 0.832215 30.8015
0.707142 0.098113 -0.700232 -16.6445 0.0732796 0.974824 0.21059 0.0230654 0.703264 -0.20023 0.682149 31.0294
0.488252 0.0126727 -0.87261 -16.8568 0.204734 0.970327 0.128647 0.0737556 0.848347 -0.241466 0.47117 30.8481
0.0890393 0.122144 -0.98851 -17.0128 -0.0528109 0.991635 0.117773 -0.0307381 0.994627 0.0417177 0.0947451 30.7293
-0.260348 0.292579 -0.920118 -17.075 -0.0756252 0.943874 0.321531 -0.152227 0.962549 0.153294 -0.223609 30.5661
-0.446899 0.37037 -0.814314 -17.0357 -0.0569358 0.896649 0.439065 -0.230056 0.892771 0.242581 -0.379624 30.7249
-0.404031 0.321961 -0.856213 -17.1666 0.0128637 0.937919 0.346615 -0.342847 0.914655 0.129029 -0.38309 31.0301
-0.297456 -0.0022193 -0.954733 -17.219 0.199495 0.977779 -0.0644274 -0.291726 0.93366 -0.209629 -0.290403 31.192
-0.354036 -0.112318 -0.928463 -17.2883 0.209803 0.957921 -0.195882 -0.373688 0.911395 -0.264143 -0.315574 31.4217
-0.278343 0.156288 -0.947681 -17.5395 0.0587605 0.987595 0.145612 -0.543658 0.958683 -0.015156 -0.284074 31.5194
-0.218387 0.283465 -0.933785 -17.9559 -0.0227757 0.955141 0.295275 -0.782943 0.975596 0.0857519 -0.202135 31.6145
0.125835 0.415369 -0.900907 -18.0321 -0.193381 0.900976 0.38839 -0.818301 0.973021 0.125345 0.193698 31.7603
0.389301 0.520699 -0.759814 -18.0742 -0.395955 0.839387 0.372357 -0.858947 0.831664 0.155893 0.532947 31.8007
0.75839 0.367694 -0.538187 -17.9065 -0.380539 0.920136 0.092406 -0.979624 0.529183 0.134722 0.837744 31.9963
0.898819 0.386973 -0.205854 -17.8172 -0.391424 0.919985 0.0203559 -0.98832 0.197259 0.0622798 0.978371 32.0307
0.946699 0.294871 0.129664 -17.9566 -0.303082 0.951729 0.0485095 -1.05544 -0.109101 -0.0852229 0.990371 32.0605
0.964067 0.264329 0.0265576 -17.9832 -0.263346 0.964048 -0.0355152 -1.25773 -0.0349905 0.0272452 0.999016 32.3485
0.981402 0.191817 -0.0075566 -18.1238 -0.191958 0.980962 -0.0294149 -1.37085 0.00177045 0.0303184 0.999539 32.5543
0.912601 0.298119 -0.279793 -18.3351 -0.310679 0.950515 -0.000570758 -1.41623 0.265778 0.0874469 0.96006 32.7054
0.886193 0.195816 -0.419902 -18.3386 -0.264152 0.958109 -0.110685 -1.57871 0.380638 0.209007 0.900794 32.9784
0.890064 0.281694 -0.358378 -18.5103 -0.294143 0.955541 0.0205481 -1.72534 0.348233 0.0871252 0.93335 33.2099
0.905454 0.23897 -0.350781 -18.6943 -0.213753 0.970725 0.109557 -1.73746 0.366692 -0.0242181 0.930027 33.2065
0.944948 -0.00598223 -0.327165 -18.7951 0.0942811 0.962409 0.254714 -1.62919 0.313343 -0.271537 0.909991 33.1439
0.926736 0.0819705 -0.366662 -18.7663 -0.00365986 0.977833 0.209353 -1.6719 0.375695 -0.192673 0.906493 33.2613
0.869932 0.224729 -0.438993 -18.8529 -0.15967 0.970542 0.180428 -1.93805 0.466608 -0.0868662 0.880188 33.7129
0.690081 0.243448 -0.681558 -19.0228 -0.140725 0.968889 0.203596 -2.04428 0.709919 -0.0445852 0.70287 33.8809
0.338307 0.371366 -0.864659 -18.9618 -0.227591 0.92385 0.30774 -2.10755 0.913099 0.0926784 0.397065 33.9913
0.138476 0.406488 -0.903101 -18.9919 -0.180475 0.906975 0.380559 -2.28402 0.973783 0.110289 0.198955 34.1794
-0.0580999 0.391049 -0.918534 -18.8313 -0.135117 0.908542 0.395341 -2.31888 0.989125 0.147078 5.08983e-05 34.4143
-0.0381535 0.340085 -0.93962 -18.8067 -0.0997716 0.93431 0.342214 -2.56987 0.994279 0.106804 -0.0017164 34.825
0.0273954 0.325622 -0.945103 -19.0922 -0.106921 0.940989 0.321105 -2.7329 0.99389 0.0922548 0.0605946 35.0927
0.396432 0.266437 -0.878552 -19.1421 -0.0777249 0.963266 0.257056 -2.84251 0.914768 -0.03362 0.402578 35.4052
0.616351 0.0924642 -0.782024 -19.3767 0.0677287 0.983178 0.169628 -2.91166 0.784553 -0.157516 0.599721 35.5801
0.665019 0.0435385 -0.745556 -19.6249 0.0876104 0.986858 0.135776 -3.08617 0.74167 -0.155612 0.652465 35.9256
0.756045 0.165163 -0.633339 -19.697 -0.0680485 0.982229 0.174914 -3.26858 0.650973 -0.0891454 0.753848 36.3066
0.855312 0.283702 -0.433538 -19.8093 -0.258123 0.958852 0.118219 -3.4663 0.449238 0.0107926 0.893347 36.5069
0.941803 0.250684 -0.223975 -19.7418 -0.254374 0.967022 0.0127092 -3.63502 0.219775 0.0450039 0.974512 36.8082
0.938519 0.328485 0.106208 -19.6895 -0.318352 0.942488 -0.101822 -3.78699 -0.133547 0.0617498 0.989117 37.0011
0.839803 0.388446 0.379262 -19.5369 -0.32253 0.918935 -0.227008 -3.83516 -0.436698 0.0683186 0.89701 37.07
0.813135 0.398246 0.424513 -19.4602 -0.251333 0.898037 -0.361055 -3.8695 -0.525017 0.186893 0.830318 37.1806
0.85972 0.359791 0.362536 -19.6033 -0.262642 0.920166 -0.290368 -3.97011 -0.438065 0.154418 0.885581 37.7074
0.624458 0.367447 0.689228 -19.4606 -0.100206 0.912825 -0.395864 -3.97071 -0.774604 0.178136 0.606842 37.8407
0.230894 0.441018 0.86729 -19.4462 0.0644836 0.88248 -0.465909 -3.98881 -0.97084 0.163502 0.175321 37.8526
-0.187809 0.44784 0.874166 -19.5153 0.224038 0.886074 -0.405808 -3.97667 -0.956313 0.119632 -0.266746 37.7891
-0.522417 0.299298 0.798437 -19.6304 0.148907 0.954008 -0.260185 -3.91764 -0.839588 -0.017032 -0.542957 37.8198
-0.512026 0.0322065 0.858366 -19.6527 -0.117507 0.987276 -0.107138 -3.81492 -0.850895 -0.155722 -0.501726 37.895
-0.643697 -0.213914 0.734776 -19.679 -0.451346 0.881493 -0.138771 -3.67402 -0.618014 -0.420964 -0.663963 37.9751
-0.823411 -0.285877 0.490172 -19.7144 -0.474691 0.820316 -0.318983 -3.65637 -0.310905 -0.495335 -0.811161 37.9457
-0.855589 -0.419795 0.302884 -19.708 -0.517395 0.712048 -0.474647 -3.63404 -0.0164134 -0.562814 -0.826421 37.9713
-0.765992 -0.434043 0.474197 -19.5808 -0.627737 0.664034 -0.406207 -3.6443 -0.138572 -0.608822 -0.78111 37.928
-0.639592 -0.299421 0.708003 -19.4589 -0.545933 0.825337 -0.144139 -3.66151 -0.541183 -0.478713 -0.691343 37.728
-0.629184 -0.131372 0.766074 -19.2142 -0.357286 0.924193 -0.134955 -3.71212 -0.690271 -0.358619 -0.628425 37.6237
-0.385588 -0.0846836 0.918777 -19.303 -0.254518 0.966906 -0.017695 -3.75279 -0.886873 -0.240668 -0.394381 37.414
-0.425251 0.0479225 0.903806 -19.057 -0.177673 0.974747 -0.135281 -3.80419 -0.887465 -0.218111 -0.405997 37.2294
-0.320855 -0.0480826 0.945907 -19.0811 -0.245411 0.968823 -0.0339967 -3.64698 -0.914782 -0.243044 -0.322652 36.7763
-0.53029 -0.111058 0.840511 -18.9895 -0.372052 0.921308 -0.112999 -3.60006 -0.76182 -0.372636 -0.52988 36.5876
-0.809512 -0.0156608 0.586895 -18.9953 -0.197046 0.948908 -0.246468 -3.51104 -0.553049 -0.315164 -0.771238 36.4066
-0.842398 0.0745234 0.533677 -19.2137 -0.0181028 0.985917 -0.16625 -3.40481 -0.538551 -0.14971 -0.829186 36.0763
-0.77048 0.00187334 0.637461 -19.2513 -0.11394 0.983488 -0.140606 -3.25541 -0.627198 -0.180966 -0.757544 35.8092
-0.517152 -0.0704918 0.852986 -19.356 -0.227466 0.972083 -0.0575749 -3.12412 -0.825114 -0.2238 -0.518749 35.5351
-0.188842 -0.0539813 0.980523 -19.3338 -0.253788 0.96725 0.00437289 -3.04509 -0.948647 -0.248019 -0.196357 35.4563
0.142854 -0.0389621 0.988977 -19.1349 -0.235454 0.9692 0.0721934 -2.96847 -0.961329 -0.243172 0.12928 35.3967
0.176453 -0.0311614 0.983816 -19.1251 -0.228492 0.9709 0.0717336 -2.77792 -0.957421 -0.237451 0.164198 35.0522
-0.032693 -0.0751055 0.99664 -18.9301 -0.341362 0.938047 0.0594923 -2.63364 -0.939363 -0.33827 -0.0563057 34.8066
-0.228292 -0.219676 0.948486 -18.8421 -0.410505 0.905099 0.110823 -2.57343 -0.882818 -0.364059 -0.296805 34.6704
-0.464587 -0.221429 0.857396 -18.8153 -0.334461 0.940392 0.0616329 -2.44817 -0.819935 -0.258132 -0.510954 34.3244
-0.633868 -0.376829 0.675434 -18.7736 -0.514163 0.857683 -0.00401498 -2.33625 -0.577796 -0.349828 -0.737409 34.2972
-0.656876 -0.297123 0.692988 -18.7013 -0.428574 0.903308 -0.0189407 -2.21641 -0.620354 -0.309438 -0.720701 34.043
-0.649053 -0.278566 0.707906 -18.46 -0.445285 0.893597 -0.0566279 -2.03745 -0.616808 -0.351974 -0.704033 33.8618
-0.707244 -0.164503 0.687564 -18.2981 -0.278809 0.958628 -0.0574326 -1.93585 -0.64967 -0.232318 -0.723849 33.5018
-0.840401 -0.206985 0.500883 -18.1776 -0.280697 0.956817 -0.0755682 -1.75243 -0.463612 -0.204104 -0.86221 33.256
-0.739614 -0.302794 0.601071 -18.2407 -0.380069 0.924956 -0.00171859 -1.55962 -0.555445 -0.22972 -0.799193 32.8825
-0.470707 -0.295697 0.831263 -18.0753 -0.351524 0.92701 0.130705 -1.51638 -0.809238 -0.230685 -0.540294 32.7681
-0.164121 -0.266874 0.949654 -17.9366 -0.238153 0.94495 0.224394 -1.40439 -0.95726 -0.189335 -0.218643 32.7844
0.184081 -0.241128 0.952875 -17.8495 -0.189509 0.942546 0.275124 -1.332 -0.964469 -0.231223 0.127809 32.6185
0.15304 -0.190775 0.969631 -17.6207 -0.224632 0.948788 0.222129 -1.17912 -0.962351 -0.251805 0.102349 32.4107
0.118662 -0.317602 0.94077 -17.5485 -0.317845 0.88546 0.33902 -0.956089 -0.940688 -0.339248 0.00412214 32.1051
0.0822622 -0.227452 0.970309 -17.2284 -0.313897 0.918142 0.241835 -0.894264 -0.945887 -0.324471 0.00413193 32.0192
-0.245242 -0.307328 0.91946 -17.1812 -0.350918 0.91225 0.21132 -0.71566 -0.903722 -0.27083 -0.331569 31.8574
-0.497415 -0.298917 0.814388 -17.2926 -0.380746 0.918737 0.104664 -0.576049 -0.779494 -0.258014 -0.570805 31.4499
-0.656878 -0.252526 0.710452 -17.1351 -0.370893 0.928587 -0.0128641 -0.429485 -0.656468 -0.271952 -0.703628 31.2363
-0.839158 -0.318638 0.440777 -17.2354 -0.387231 0.919104 -0.0727965 -0.40469 -0.381924 -0.23177 -0.89466 31.1361
-0.938425 -0.0937772 0.332511 -17.2159 -0.158349 0.972159 -0.172722 -0.296398 -0.307057 -0.214739 -0.927148 30.6407
-0.767878 -0.134744 0.626264 -16.9854 -0.242219 0.966119 -0.0891247 -0.129937 -0.593037 -0.22013 -0.7745 30.6409
-0.748387 -0.0351031 0.662332 -16.4474 -0.194819 0.966183 -0.168925 0.00752813 -0.634005 -0.255456 -0.729918 30.4142
-0.477587 -0.122658 0.86998 -16.182 -0.257194 0.966347 -0.00494557 0.0433563 -0.840096 -0.226116 -0.493062 30.422
-0.128784 -0.155228 0.979448 -15.9466 -0.301304 0.947106 0.110485 0.0614789 -0.944791 -0.280883 -0.168743 30.4969
0.251137 -0.11817 0.960711 -15.8037 -0.217253 0.960316 0.174913 0.0384542 -0.943256 -0.252644 0.215498 30.6035
0.548571 -0.201333 0.811502 -15.6268 -0.0920698 0.950127 0.297964 0.0747423 -0.831019 -0.238169 0.502675 30.6796
0.685758 -0.164791 0.708928 -15.3868 -0.0731661 0.953489 0.292414 0.0638293 -0.724142 -0.252395 0.641806 30.8248
0.771822 -0.124935 0.623444 -15.3582 -0.0800617 0.953607 0.290214 0.0276054 -0.630778 -0.273908 0.726012 31.0611
0.897107 -0.211147 0.388093 -15.1464 0.0798763 0.941446 0.327565 0.0221368 -0.434533 -0.262861 0.861444 31.1869
0.950311 -0.1273 0.284082 -15.0439 0.0223611 0.938123 0.345579 -0.0223631 -0.310496 -0.322055 0.894356 31.6668
0.980184 -0.137138 -0.142945 -14.9484 0.166521 0.961265 0.219637 -0.0136675 0.107288 -0.239088 0.965053 32.0476
0.876466 -0.163539 -0.452838 -15.1758 0.282238 0.936512 0.208057 -0.00901809 0.390062 -0.310163 0.866978 32.324
0.588335 -0.21456 -0.779632 -15.4427 0.377335 0.92559 0.030021 -0.0188816 0.715178 -0.311845 0.625518 32.5569
0.327978 -0.161493 -0.93078 -15.5763 0.303469 0.95107 -0.0580803 -0.0154598 0.894616 -0.263414 0.360938 32.754
0.110742 -0.0150284 -0.993736 -15.899 0.246182 0.969139 0.0127782 -0.062535 0.962876 -0.246055 0.111025 32.8874
-0.194175 -0.140165 -0.970902 -16.0216 0.174505 0.969018 -0.174793 -0.0142661 0.965321 -0.203368 -0.163699 33.1983
0.0302113 -0.0278132 -0.999156 -16.3658 0.215632 0.976256 -0.0206557 -0.0465607 0.976007 -0.214826 0.0354914 33.409
0.0876172 -0.0301068 -0.995699 -16.5842 0.134337 0.99077 -0.0181367 -0.0364326 0.987055 -0.13217 0.0908529 33.813
0.338879 0.116048 -0.933645 -16.8944 0.206411 0.959016 0.194121 -0.0824005 0.917908 -0.258498 0.301037 34.0883
0.47288 -0.0989145 -0.875557 -16.8748 0.266842 0.963093 0.0353152 -0.0186444 0.83975 -0.250336 0.481822 34.4651
0.734694 -0.129261 -0.665971 -16.933 0.319143 0.932123 0.171156 -0.0249258 0.598643 -0.338287 0.726078 34.7904
0.805018 -0.239926 -0.54257 -16.9529 0.346742 0.93238 0.102164 0.00428086 0.481369 -0.270376 0.833775 35.2792
0.905296 -0.21097 -0.368687 -17.048 0.313615 0.917362 0.245138 0.0186962 0.286503 -0.337548 0.896648 35.8193
0.824013 -0.225603 -0.519718 -17.1531 0.316948 0.943893 0.0927899 0.0169924 0.469624 -0.241184 0.849284 36.2827
0.643383 -0.22674 -0.731196 -17.4613 0.351489 0.935999 0.0190285 0.00126802 0.680084 -0.26925 0.681902 36.7484
0.450852 -0.208357 -0.86794 -17.6828 0.379163 0.924989 -0.0250952 0.0172902 0.808064 -0.317777 0.496035 37.2746
0.128105 -0.215861 -0.967984 -18.0324 0.243907 0.952906 -0.180219 0.0240481 0.961301 -0.213011 0.174722 37.6915
-0.152066 -0.0863556 -0.984591 -18.2518 0.208762 0.970895 -0.117397 -0.0181527 0.966072 -0.223397 -0.129613 37.7706
-0.417856 -0.0550249 -0.906845 -18.6659 0.0880541 0.991012 -0.100705 -0.0368702 0.904236 -0.121932 -0.409256 37.8869
-0.756736 -0.10729 -0.644857 -18.7772 -0.0434158 0.992511 -0.114183 -0.0180443 0.652278 -0.0584097 -0.755726 37.8409
-0.919573 -0.0785114 -0.384996 -18.9896 0.0342331 0.960099 -0.277557 -0.0510562 0.391426 -0.268413 -0.880193 37.5875
-0.985389 -0.163395 -0.0480712 -19.1662 -0.152779 0.972722 -0.174557 -0.0477237 0.0752818 -0.164662 -0.983473 37.4108
-0.925801 -0.255872 0.278247 -19.227 -0.293557 0.950402 -0.102763 -0.0116973 -0.238152 -0.176819 -0.954997 37.3149
-0.804482 -0.23889 0.54382 -19.1387 -0.303148 0.952469 -0.0300512 0.00781403 -0.510793 -0.189034 -0.838664 36.8679
-0.582885 -0.35374 0.731514 -19.1457 -0.363007 0.918795 0.155053 0.215573 -0.72696 -0.175167 -0.663962 36.3957
-0.412824 -0.422245 0.807022 -19.0734 -0.515886 0.838617 0.17488 0.424156 -0.750625 -0.344137 -0.564032 36.1849
-0.19411 -0.366918 0.909776 -19.1201 -0.372897 0.885397 0.277525 0.595942 -0.907342 -0.285382 -0.308687 35.8286
-0.0376857 -0.302639 0.95236 -18.9579 -0.367949 0.890281 0.268352 0.746977 -0.929082 -0.340307 -0.144907 35.5871
0.295649 -0.18851 0.936513 -19.0565 -0.246914 0.931945 0.265539 0.837374 -0.922835 -0.309745 0.228982 35.4312
0.41096 0.104316 0.905666 -19.2546 -0.149947 0.987637 -0.0457171 0.709065 -0.899237 -0.117014 0.421521 35.4179
0.0614161 0.249215 0.966499 -19.3064 -0.0519319 0.967813 -0.246254 0.633936 -0.99676 -0.0350681 0.0723815 35.1952
-0.356741 0.15056 0.921991 -19.2356 0.0175851 0.987835 -0.154508 0.799918 -0.934038 -0.038906 -0.355049 34.7501
-0.638848 0.118092 0.760216 -19.2323 -0.029205 0.983714 -0.177353 0.978019 -0.768779 -0.135504 -0.624994 34.4188
-0.595838 -0.0489528 0.801611 -19.2357 -0.188311 0.97883 -0.0801963 1.20961 -0.780715 -0.198736 -0.592442 34.1506
-0.572273 -0.127717 0.810057 -18.9877 -0.268689 0.962474 -0.0380695 1.39804 -0.774797 -0.239439 -0.585114 34.0144
-0.340682 -0.250938 0.906072 -18.6911 -0.442996 0.892882 0.080719 1.53928 -0.829271 -0.373887 -0.415354 34.15
-0.177476 -0.314865 0.932396 -18.6487 -0.391131 0.891962 0.226761 1.54554 -0.903061 -0.324444 -0.281455 34.0821
-0.328497 -0.238115 0.913997 -18.5312 -0.283819 0.947862 0.144931 1.71899 -0.900853 -0.2118 -0.378951 33.7861
-0.61237 -0.105098 0.783554 -18.5831 -0.164881 0.986308 0.00343476 1.71308 -0.773186 -0.12709 -0.621314 33.4197
-0.583682 -0.090213 0.806955 -18.3109 -0.144657 0.989464 0.00598433 1.9291 -0.798993 -0.113239 -0.590582 33.1616
-0.142255 -0.0977409 0.984993 -18.0394 -0.116426 0.989857 0.0814091 1.98911 -0.982959 -0.103098 -0.152192 33.2117
0.205154 -0.0437446 0.977752 -17.8399 -0.0679741 0.995952 0.0588214 2.0885 -0.976366 -0.0785293 0.20135 33.1567
0.190447 -0.0265757 0.981338 -17.5362 -0.130253 0.990111 0.0520914 2.22612 -0.973018 -0.137743 0.185102 33.0271
-0.15786 -0.138867 0.977648 -17.4355 -0.112148 0.986178 0.12197 2.35017 -0.981072 -0.0903876 -0.171252 32.6235
-0.370794 -0.0365633 0.927995 -17.295 -0.135023 0.99073 -0.0149152 2.48015 -0.918848 -0.130831 -0.372294 32.3314
-0.721278 -0.0429576 0.691312 -17.4227 -0.0942251 0.994882 -0.0364882 2.5833 -0.686207 -0.091457 -0.721634 32.1
-0.863485 -0.0920928 0.495896 -17.6481 -0.0590836 0.994889 0.0818807 2.72849 -0.500902 0.0414034 -0.864513 31.9087
-0.937641 -0.0923809 0.335105 -17.6259 -0.0595929 0.992486 0.106862 2.76322 -0.342459 0.0802284 -0.936101 31.7846
-0.853834 -0.167403 0.492893 -17.5094 -0.15459 0.985705 0.0669843 2.92762 -0.49706 -0.0190027 -0.867508 31.5947
-0.893172 -0.0566293 0.446136 -17.2354 -0.0163776 0.995478 0.0935706 3.0148 -0.449418 0.076268 -0.89006 31.3845
-0.938728 -0.00184153 0.344654 -17.3244 0.0403725 0.992514 0.115265 3.14598 -0.342286 0.122117 -0.931626 31.1316
-0.989295 0.0651758 0.130566 -17.0214 0.0745272 0.994894 0.068061 3.31578 -0.125463 0.0770631 -0.989101 31.0723
-0.983479 0.166504 -0.0710298 -16.9842 0.161569 0.984349 0.0703731 3.41135 0.0816355 0.0577343 -0.994989 30.7553
-0.906598 0.149232 -0.394728 -16.8226 0.103076 0.985362 0.135787 3.52633 0.409213 0.0824171 -0.908709 30.703
-0.68417 0.230245 -0.692025 -16.8079 0.161453 0.973133 0.164152 3.608 0.711227 0.0005784 -0.702962 30.7744
-0.331537 0.251515 -0.909298 -16.8473 0.0542007 0.967295 0.247795 3.61869 0.941884 0.0328687 -0.334327 30.8153
0.0195864 0.272559 -0.96194 -16.6579 -0.0446918 0.961401 0.271496 3.60571 0.998809 0.0376732 0.0310115 30.7221
0.16059 0.220974 -0.961967 -16.3213 -0.0963096 0.973474 0.207539 3.63852 0.982311 0.059318 0.177612 30.6349
0.0701882 0.311574 -0.947626 -16.2165 -0.210173 0.933263 0.291285 3.57314 0.975141 0.178721 0.130989 30.591
0.038297 0.307103 -0.950906 -16.2158 -0.215674 0.931715 0.292219 3.58036 0.975714 0.193894 0.101916 30.5833
-0.997733 0.00980561 0.0665826 -134.74 0.00105787 0.991492 -0.130165 11.4286 -0.0672925 -0.129799 -0.989254 2.13518
-0.99789 0.0590943 0.0268961 -134.564 0.0560445 0.993132 -0.102701 11.329 -0.0327804 -0.100977 -0.994349 1.80896
-0.97219 0.0840751 -0.21858 -134.53 0.106472 0.989978 -0.0927744 11.3993 0.208589 -0.113467 -0.971399 1.18387
-0.858261 0.231473 -0.458048 -134.678 0.20017 0.972806 0.116538 11.2876 0.472567 0.00833263 -0.881255 0.487744
-0.737409 0.31475 -0.597629 -134.908 0.234002 0.949043 0.211094 11.3018 0.633617 0.0158159 -0.773485 -0.102924
-0.493346 0.262359 -0.829324 -135.094 0.12981 0.964958 0.228046 11.3401 0.860093 0.00485098 -0.510115 -0.410123
-0.179176 0.336597 -0.924445 -135.318 -0.02779 0.937545 0.346753 11.3231 0.983424 0.0878202 -0.158632 -0.518286
0.247015 0.319727 -0.914745 -135.342 -0.120684 0.946799 0.298341 11.3655 0.961467 0.0367002 0.272459 -0.554944
0.603465 0.100523 -0.791027 -135.272 0.0472882 0.985764 0.161346 11.5527 0.795986 -0.134773 0.590121 -0.691142
0.726859 -0.0879184 -0.681136 -135.094 0.216069 0.970685 0.105281 11.6423 0.651913 -0.223697 0.724548 -0.719473
0.745934 -0.0507132 -0.664086 -135.064 0.207396 0.965208 0.159249 11.5871 0.632905 -0.256518 0.730499 -0.719081
0.71369 0.13145 -0.688017 -135.176 0.0538419 0.969033 0.240991 11.4877 0.698389 -0.209037 0.684512 -0.805069
0.477554 0.246103 -0.843431 -135.1 0.00905721 0.958539 0.284818 11.4213 0.878556 -0.143655 0.455525 -0.823668
0.192052 0.203684 -0.960015 -135.105 0.169633 0.956611 0.236897 11.4032 0.966613 -0.208347 0.149168 -1.05568
-0.159217 0.235711 -0.958692 -135.043 0.214631 0.956117 0.199433 11.4096 0.96363 -0.174012 -0.202821 -1.36249
-0.475169 0.237774 -0.847159 -134.98 0.243546 0.960721 0.133043 11.4 0.845517 -0.143104 -0.514414 -1.47936
-0.754983 0.286568 -0.589813 -135.002 0.291144 0.952429 0.0900731 11.4111 0.587567 -0.103717 -0.802501 -1.65777
-0.925309 0.28922 -0.245265 -134.994 0.297548 0.954701 0.00324052 11.3678 0.235092 -0.0699798 -0.969451 -1.83709
-0.870057 0.348019 0.349119 -134.916 0.330451 0.937296 -0.110808 11.1911 -0.365792 0.0189573 -0.930504 -2.14974
-0.65977 0.371676 0.653117 -134.96 0.330864 0.924021 -0.191608 10.992 -0.67471 0.0896757 -0.732615 -2.36865
-0.60177 0.250114 0.758496 -134.791 0.199267 0.966684 -0.160672 10.8024 -0.773412 0.0544557 -0.631561 -2.69951
-0.816959 0.0605275 0.573511 -134.864 -0.0656433 0.978253 -0.196751 10.7373 -0.572948 -0.198385 -0.795219 -2.9297
-0.771245 -0.161781 0.615637 -134.681 -0.304223 0.943235 -0.13325 10.5928 -0.559133 -0.290059 -0.776683 -3.15732
-0.908455 -0.102018 0.405342 -134.698 -0.167576 0.977303 -0.1296 10.445 -0.38292 -0.185661 -0.904932 -3.46283
