0.999995 -0.00262992 0.00153144 3.25138e-05 0.00264361 0.999956 -0.0090048 -0.000444972 -0.00150769 0.0090088 0.999958 2.68188e-06
0.90213 -0.0122275 -0.43129 4.83422 -0.000625088 0.99956 -0.029646 0.229759 0.431463 0.0270142 0.901726 0.264961
0.84807 -0.0362889 -0.52864 5.59224 0.0151559 0.998905 -0.0442567 0.23301 0.529667 0.0295207 0.847692 0.665539
0.921511 -0.0728432 -0.381461 6.38303 0.0255114 0.991484 -0.127703 0.228351 0.387515 0.107948 0.915521 1.4126
0.956821 -0.0940527 -0.275042 7.43414 0.0786531 0.99468 -0.0665188 0.265894 0.279835 0.0420137 0.959128 1.81059
0.848375 -0.0563285 -0.52639 8.45879 0.0331974 0.998027 -0.0532941 0.251527 0.528353 0.0277386 0.848571 2.25878
0.557016 -0.0673382 -0.827767 9.18712 0.0823244 0.996275 -0.025649 0.288804 0.826412 -0.0538586 0.560485 3.09212
0.163879 -0.0667335 -0.984221 9.29802 0.249047 0.96819 -0.0241788 0.396096 0.954526 -0.241155 0.175285 3.34095
-0.237646 0.0239955 -0.971055 9.5545 0.289185 0.956111 -0.0471459 0.444417 0.927306 -0.292019 -0.234155 3.81623
-0.552993 0.00645069 -0.833161 9.60828 0.209035 0.969062 -0.13124 0.466707 0.806538 -0.246735 -0.537232 4.12906
-0.545193 -0.00494053 -0.838296 9.65769 0.0594438 0.997238 -0.0445371 0.386174 0.8362 -0.0741129 -0.543394 4.81785
-0.602415 0.0793927 -0.794225 10.0353 0.0300495 0.996591 0.0768294 0.272693 0.797617 0.0224171 -0.602747 4.77239
-0.866376 0.108605 -0.48744 10.1619 0.0533431 0.990607 0.125903 0.232303 0.496535 0.083078 -0.864032 4.53728
-0.992303 0.0185146 -0.122439 10.0824 0.0101849 0.997612 0.0683107 0.215368 0.123411 0.0665379 -0.990122 4.21488
-0.976464 -0.00709396 0.215564 9.65951 -0.00194724 0.999708 0.0240786 0.274434 -0.215672 0.0230921 -0.976193 3.63876
-0.820307 -0.0077189 0.571871 9.32731 0.0524231 0.994685 0.0886228 0.253153 -0.569516 0.102677 -0.815542 3.15367
-0.588516 -0.0166186 0.808315 8.75693 0.0111309 0.999527 0.028654 0.286528 -0.808409 0.0258606 -0.588053 2.35459
-0.574763 -0.0486379 0.816873 8.13688 -0.0567771 0.998197 0.019485 0.321715 -0.816348 -0.0351804 -0.576489 1.59478
-0.834359 -0.0173962 0.550947 7.57404 -0.0130986 0.999845 0.0117335 0.326223 -0.551066 0.00257328 -0.834457 0.707202
-0.958381 -0.0483817 0.281363 6.95602 -0.0335076 0.997786 0.0574404 0.293344 -0.283519 0.045622 -0.957881 -0.150424
-0.814222 -0.00695687 0.580511 6.24684 -0.00206971 0.999957 0.00908055 0.262667 -0.580549 0.0061921 -0.814201 -0.786954
-0.904696 -0.0259588 0.425265 5.18404 -0.00285759 0.998489 0.0548701 0.256493 -0.426047 0.0484256 -0.903404 -1.1905
-0.995462 -0.00947694 0.0946841 4.49565 -0.0039658 0.998296 0.058225 0.263685 -0.0950745 0.0575853 -0.993803 -1.67261
-0.921877 -0.0904673 -0.376774 4.57158 -0.118975 0.99148 0.0530394 0.262666 0.368766 0.0937226 -0.924785 -1.78177
-0.749757 -0.121797 -0.650407 4.72944 -0.1916 0.980768 0.0372067 0.268969 0.633367 0.152514 -0.758674 -1.80603
-0.470955 -0.0352306 -0.881453 4.93671 -0.204399 0.976368 0.0701846 0.252093 0.858151 0.213222 -0.467027 -1.81169
-0.100088 -0.0598533 -0.993177 5.16421 -0.0806999 0.995389 -0.051854 0.281214 0.991701 0.0749593 -0.104456 -1.6472
0.246387 -0.1126 -0.962608 5.17018 0.0241398 0.993633 -0.11005 0.345686 0.968871 0.00387775 0.247536 -1.13867
0.337981 -0.153249 -0.928592 5.23191 0.0466875 0.988169 -0.146088 0.365371 0.939994 0.00602136 0.341137 -0.773126
0.622626 -0.109367 0.774839 2.34644 -0.0864077 0.974521 0.206985 0.151234 -0.777734 -0.195826 0.597312 -0.417253
0.581631 -0.208208 0.786355 2.47933 0.0607002 0.975102 0.213287 0.119819 -0.811185 -0.0763222 0.579788 -0.510825
0.464842 -0.240232 0.85218 2.63776 0.0648596 0.96914 0.237824 0.115489 -0.883015 -0.0552786 0.466079 -0.556774
0.618556 -0.356222 0.700353 2.97258 0.0301665 0.901438 0.431857 0.230932 -0.785161 -0.246 0.568336 -0.890352
0.664843 -0.415249 0.620929 3.36732 0.0304285 0.845614 0.532927 0.284841 -0.746363 -0.335419 0.574836 -0.972508
0.797935 -0.443767 0.407885 3.65925 0.208081 0.837921 0.50457 0.245912 -0.565687 -0.317741 0.760946 -0.970309
0.8645 -0.17362 0.471696 3.99542 0.0798532 0.97397 0.212144 0.15532 -0.49625 -0.145732 0.855861 -0.635354
0.975059 -0.16519 0.148229 4.21058 0.135257 0.971782 0.193252 0.17423 -0.175969 -0.168383 0.969888 -0.254874
0.976955 -0.115252 -0.179654 4.36879 0.131325 0.988085 0.080264 0.132129 0.168263 -0.102007 0.98045 0.0612478
0.862376 -0.0699856 -0.501407 4.33131 0.142049 0.984064 0.106957 0.144063 0.485932 -0.163462 0.858575 0.385656
0.700256 -0.311008 -0.642585 4.33781 0.449796 0.891191 0.0588335 0.253397 0.554368 -0.330231 0.763952 0.587436
0.71876 -0.474682 -0.507998 4.27234 0.647349 0.723447 0.239924 0.319917 0.253622 -0.5013 0.827269 0.699036
0.817647 -0.263424 -0.511919 4.13771 0.387413 0.909493 0.150776 0.210252 0.425869 -0.321606 0.845698 1.11537
0.793515 0.0148611 -0.60837 4.09701 0.0986105 0.98335 0.152642 0.0836447 0.600508 -0.181115 0.778837 1.40575
0.57178 -0.0306733 -0.819834 3.91341 0.122961 0.991217 0.0486717 0.104851 0.81114 -0.128637 0.57053 1.56961
0.288701 0.00436832 -0.957409 3.91819 0.0734003 0.996946 0.0266821 0.0814062 0.954602 -0.0779772 0.287498 1.74611
-0.0361281 -0.0610236 -0.997482 4.10552 0.190651 0.979381 -0.0668214 0.16449 0.980993 -0.192585 -0.0237489 1.58281
-0.371977 -0.128784 -0.919265 4.20832 0.117981 0.975738 -0.184436 0.174246 0.920713 -0.177062 -0.347758 1.62589
-0.647096 -0.284581 -0.707306 4.57929 0.0411007 0.913355 -0.405085 0.25442 0.7613 -0.2912 -0.579331 1.6237
-0.855276 -0.27155 -0.441321 4.6763 -0.0805478 0.911006 -0.404451 0.22686 0.511874 -0.31037 -0.801034 1.54042
-0.944304 -0.270806 -0.186958 4.58878 -0.18601 0.907923 -0.375601 0.242097 0.271458 -0.319906 -0.907728 1.55849
-0.989102 -0.112799 0.0946251 4.42193 -0.129144 0.973318 -0.18967 0.156253 -0.0707056 -0.199823 -0.977278 1.40132
-0.856063 -0.106471 0.505786 4.34745 -0.183131 0.977553 -0.104176 0.146697 -0.483341 -0.181806 -0.856345 1.14381
-0.589764 -0.165763 0.79038 4.27283 -0.268887 0.963171 0.00136433 0.186127 -0.761497 -0.211718 -0.612615 1.07635
-0.292977 -0.157296 0.943092 4.30774 -0.303084 0.950784 0.0644238 0.171904 -0.90681 -0.266961 -0.326232 0.941373
0.0560508 -0.185522 0.98104 4.37915 -0.306432 0.931966 0.193749 0.206162 -0.950241 -0.311482 -0.0046124 0.647845
0.14072 -0.0862248 0.986288 4.52778 -0.22123 0.968272 0.116214 0.159044 -0.965016 -0.23455 0.11718 0.252501
-0.254551 -0.0284838 0.96664 4.6999 -0.143327 0.989638 -0.00858165 0.105553 -0.956379 -0.14073 -0.255996 -0.219896
-0.594859 0.0575973 0.801764 4.70066 -0.0501753 0.992824 -0.10855 0.10131 -0.802263 -0.1048 -0.5877 -0.462722
-0.901424 -0.0570217 0.429165 4.72288 -0.152804 0.969396 -0.192151 0.17051 -0.405074 -0.238788 -0.88255 -0.567924
-0.975773 -0.188051 0.11182 4.5125 -0.210559 0.945996 -0.246489 0.197731 -0.0594287 -0.264062 -0.962673 -0.652058
-0.957091 -0.107519 -0.269103 4.24511 -0.0270604 0.957724 -0.286412 0.197587 0.288521 -0.26684 -0.919539 -0.883013
-0.747392 -0.0422939 -0.663036 3.75053 0.0808044 0.984777 -0.153902 0.160247 0.659451 -0.168601 -0.732597 -0.918434
-0.488245 -0.144853 -0.860601 3.39733 0.143491 0.959383 -0.242887 0.212437 0.860829 -0.242077 -0.447629 -1.00969
-0.396624 -0.244842 -0.884727 2.81741 0.177183 0.925233 -0.335484 0.226283 0.900719 -0.28982 -0.323588 -0.901036
-0.343198 -0.235403 -0.909286 2.31427 0.200886 0.927287 -0.315885 0.21717 0.917529 -0.291074 -0.270954 -0.748999
-0.494151 -0.257215 -0.830455 1.77293 0.204023 0.894245 -0.398373 0.260185 0.845098 -0.366288 -0.389414 -0.705253
-0.598206 -0.252784 -0.760427 1.08416 0.0269612 0.942056 -0.334371 0.250554 0.800889 -0.220525 -0.556728 -0.859118
-0.508453 -0.127327 -0.851624 0.458562 0.10256 0.973013 -0.206708 0.162528 0.85496 -0.192443 -0.481672 -1.21276
-0.185595 -0.0958468 -0.977941 -0.0875488 0.123617 0.985047 -0.120004 0.140317 0.97482 -0.143162 -0.170972 -1.27321
0.167005 -0.0895326 -0.981883 -0.286242 0.189134 0.980283 -0.0572177 0.142954 0.967646 -0.176151 0.180645 -1.23522
0.625196 -0.146305 -0.766632 -0.477779 0.237855 0.971262 0.00861663 0.17949 0.74334 -0.187735 0.642029 -0.943751
0.867059 -0.145606 -0.476453 -0.526 0.214486 0.972271 0.0931966 0.19136 0.449671 -0.182999 0.874247 -0.881161
0.950104 -0.258049 -0.175253 -0.498673 0.290625 0.936376 0.196819 0.173506 0.113313 -0.237931 0.96465 -0.768885
0.904017 -0.421825 0.069407 -0.427762 0.364603 0.845554 0.390004 0.232595 -0.223201 -0.327264 0.918193 -0.578471
0.802403 -0.577887 0.148984 -0.560122 0.362353 0.670134 0.647782 0.303561 -0.474184 -0.465797 0.747116 -0.375954
0.734019 -0.674118 0.0823496 -0.332096 0.30637 0.436907 0.845724 0.380178 -0.606097 -0.595548 0.527227 -0.0515289
0.730819 -0.674739 -0.103112 -0.0651428 0.473147 0.391896 0.789018 0.390876 -0.491972 -0.625416 0.605655 0.328145
0.742576 -0.628812 -0.230601 0.246022 0.622696 0.521391 0.583439 0.370666 -0.246641 -0.576842 0.778731 0.760768
0.778643 -0.498592 -0.380948 0.253728 0.621892 0.693976 0.362832 0.320322 0.0834638 -0.519426 0.85043 1.15058
0.676602 -0.387314 -0.626257 0.302257 0.448033 0.891481 -0.0672936 0.189244 0.58436 -0.235052 0.776707 1.35155
0.582346 -0.287856 -0.760271 0.280212 0.119624 0.955373 -0.270097 0.126868 0.804091 0.0663434 0.590792 1.52861
0.359578 -0.201171 -0.911172 -0.0155238 0.108261 0.978884 -0.173397 0.0954597 0.926813 -0.036295 0.373764 1.86206
0.416419 -0.0869464 -0.905006 -0.132702 0.198522 0.980092 -0.00281457 0.0738262 0.887234 -0.178491 0.42539 2.4163
0.477295 -0.136875 -0.868017 -0.444189 0.27525 0.961373 -0.000244489 0.0877148 0.834522 -0.238805 0.496534 2.80175
0.673451 -0.0689323 -0.736011 -0.652485 0.196835 0.97642 0.088656 0.0964958 0.712545 -0.204578 0.671139 3.32684
0.707389 -0.137424 -0.693337 -0.818795 0.185034 0.982714 -0.00599574 0.0976788 0.682175 -0.124049 0.720589 3.95032
0.891598 -0.124834 -0.435282 -0.830774 0.20954 0.965882 0.152201 0.134367 0.401431 -0.226911 0.887336 4.39955
0.821108 -0.243612 -0.516174 -0.811144 0.335517 0.937607 0.0912171 0.190153 0.461747 -0.248084 0.851613 4.86608
0.660315 -0.123742 -0.740724 -1.20656 0.198004 0.980118 0.012776 0.11618 0.724416 -0.155102 0.671688 5.40608
0.694986 -0.16328 -0.700239 -1.40597 0.308663 0.947325 0.0854524 0.172141 0.649401 -0.275526 0.708776 5.96932
0.682478 -0.219712 -0.697101 -1.57358 0.354252 0.933672 0.052547 0.193325 0.639319 -0.282812 0.715045 6.48103
0.548285 -0.119602 -0.827695 -1.87348 0.317505 0.945387 0.0737138 0.15986 0.773676 -0.303213 0.556316 6.80499
0.236507 -0.0705603 -0.969064 -2.01938 0.182564 0.982823 -0.0270062 0.0988967 0.954324 -0.170529 0.245326 6.96531
-0.142056 -0.107048 -0.984053 -2.10874 0.160079 0.978565 -0.129559 0.12026 0.976829 -0.175931 -0.121875 7.12911
-0.399906 -0.130154 -0.907268 -2.32168 0.165539 0.963331 -0.211163 0.137967 0.901483 -0.234634 -0.363697 7.3794
-0.196043 -0.141492 -0.970333 -2.47587 0.108814 0.980285 -0.164928 0.130525 0.974539 -0.137919 -0.176782 7.91653
0.193515 -0.140088 -0.971044 -2.51007 0.16759 0.979926 -0.107972 0.120511 0.966678 -0.141843 0.213107 8.16183
0.514305 -0.0832776 -0.853554 -2.61634 0.243789 0.968411 0.0524101 0.118257 0.822227 -0.235042 0.518361 8.39057
0.705967 -0.00572897 -0.708222 -2.76232 0.118937 0.986725 0.110577 0.0944435 0.698187 -0.162297 0.697277 8.90949
0.859589 -0.168638 -0.482357 -2.89546 0.31645 0.916853 0.24339 0.101252 0.401206 -0.361858 0.841483 9.08
0.951561 -0.152874 -0.26676 -3.02671 0.21706 0.948502 0.230712 0.0860132 0.217753 -0.27744 0.935741 9.54067
0.955919 -0.0921854 -0.278785 -3.28921 0.171759 0.945612 0.276255 0.0741193 0.238156 -0.311961 0.919762 9.73128
0.88696 -0.165121 -0.43132 -3.44017 0.275447 0.938756 0.207044 0.0955242 0.370717 -0.302445 0.878121 10.1455
0.859043 -0.00403224 -0.511888 -3.71034 0.142192 0.962497 0.231043 0.0391975 0.491759 -0.271262 0.8274 10.6971
0.640763 -0.0913796 -0.762281 -3.78537 0.217677 0.97377 0.0662437 0.0646043 0.736234 -0.208377 0.643847 11.0476
0.57442 -0.256406 -0.777366 -3.88686 0.499871 0.861911 0.0850784 0.122047 0.648206 -0.437453 0.623269 11.4042
0.174928 -0.45153 -0.874941 -3.93999 0.688439 0.691389 -0.219164 0.226745 0.703883 -0.564006 0.431794 11.4938
-0.156377 -0.473122 -0.867007 -3.96796 0.549968 0.687427 -0.47432 0.252163 0.820415 -0.550999 0.152704 11.6826
0.117466 -0.241724 -0.963209 -4.34276 0.418978 0.891438 -0.172617 0.0917761 0.900366 -0.383287 0.20599 12.0538
0.276011 -0.105479 -0.955349 -4.52088 0.110225 0.990876 -0.0775561 -0.0311731 0.954813 -0.0838966 0.285119 12.4309
0.386848 -0.0315161 -0.921605 -4.63 0.00482551 0.999471 -0.0321534 -0.0508772 0.922131 0.00799126 0.386796 12.6693
0.631752 -0.164052 -0.757612 -4.80547 0.212615 0.976539 -0.034165 0.0360788 0.745442 -0.139496 0.65181 12.9665
0.668736 -0.185772 -0.719917 -4.9246 0.262642 0.96488 -0.0050139 0.055882 0.695565 -0.185727 0.694042 13.488
0.6775 -0.15994 -0.717923 -5.13678 0.22575 0.974177 -0.00398927 0.0722874 0.700022 -0.159368 0.696111 13.9858
0.817805 -0.199203 -0.53992 -5.21324 0.267383 0.962294 0.0499615 0.0871757 0.509609 -0.185224 0.840232 14.3312
0.882233 -0.335101 -0.330715 -5.32678 0.388579 0.914875 0.109587 0.150278 0.26584 -0.22519 0.937347 14.8594
0.922371 -0.27858 -0.267629 -5.55283 0.313697 0.944447 0.0980476 0.14115 0.225447 -0.17439 0.958521 15.3946
0.921844 -0.247344 -0.298369 -5.81167 0.297154 0.945319 0.134431 0.139889 0.248804 -0.212586 0.944936 16.0628
0.917486 -0.362683 -0.163341 -5.92347 0.391159 0.897204 0.204986 0.195478 0.0722053 -0.251964 0.965039 16.5188
0.935457 -0.126187 -0.330148 -6.22812 0.169661 0.979758 0.106248 0.123509 0.310058 -0.155403 0.93793 16.9936
0.926683 -0.161942 -0.339165 -6.33276 0.179756 0.983475 0.0215564 0.121396 0.33007 -0.080943 0.94048 17.5722
0.8911 0.0745367 -0.447645 -6.53716 -0.0708072 0.997175 0.0250865 0.008069 0.44825 0.00934194 0.893859 18.01
0.652137 0.183546 -0.735546 -6.68653 -0.203841 0.976971 0.0630637 -0.0728849 0.730182 0.108809 0.674533 18.1758
0.157271 0.0430567 -0.986616 -6.86516 -0.0327221 0.998728 0.0383691 0.00953253 0.987013 0.0262498 0.15848 18.2154
-0.239382 -0.0889873 -0.966839 -7.05642 0.0321635 0.994518 -0.0994983 0.103133 0.970393 -0.0549151 -0.235207 18.2058
-0.321545 -0.298758 -0.898528 -7.25096 0.178666 0.912734 -0.367418 0.205918 0.929886 -0.278678 -0.240108 18.3701
-0.323971 -0.359569 -0.875073 -7.36067 0.181776 0.884067 -0.430562 0.228888 0.92844 -0.298557 -0.221051 18.8323
-0.118577 -0.248724 -0.961289 -7.66743 0.159093 0.950853 -0.265648 0.152529 0.980117 -0.184434 -0.0731792 19.3965
0.156018 -0.0928294 -0.983382 -7.79661 0.219547 0.973929 -0.0571048 0.108204 0.963046 -0.20699 0.172331 20.0643
-0.000971349 -0.0500417 -0.998747 -7.90036 0.202359 0.978075 -0.0492027 0.0830243 0.979311 -0.202154 0.00917636 20.5739
0.0253563 -0.0347368 -0.999075 -8.00538 0.207556 0.977801 -0.0287295 0.043061 0.977894 -0.206636 0.0320032 20.8472
0.325339 -0.0810376 -0.942119 -8.20696 0.243568 0.969884 0.00068478 0.0430082 0.91369 -0.229693 0.335279 21.3356
-0.0327642 -0.114342 -0.992901 -8.42201 0.248538 0.961296 -0.118904 0.0699742 0.968068 -0.250669 -0.0030778 21.6289
-0.415255 -0.125946 -0.900944 -8.77972 0.190767 0.956293 -0.22161 0.0442651 0.889478 -0.263895 -0.373079 21.9109
-0.662811 -0.205222 -0.720115 -8.89 0.0158899 0.957637 -0.287538 0.100091 0.748618 -0.202026 -0.631472 22.1854
-0.422218 -0.15178 -0.893697 -9.34595 0.141183 0.962842 -0.230224 0.0584487 0.895432 -0.223379 -0.385101 22.6469
-0.0522908 -0.170513 -0.983967 -9.42419 0.242373 0.953687 -0.178146 0.0907596 0.968773 -0.247802 -0.00854147 23.0775
0.383009 -0.107837 -0.917429 -9.50363 0.318228 0.947772 0.0214497 0.0626478 0.8672 -0.300167 0.397322 23.4784
0.540659 -0.268308 -0.797307 -9.50701 0.42554 0.904799 -0.0159203 0.103264 0.725675 -0.330679 0.603364 23.9224
0.389791 -0.311644 -0.866569 -9.63749 0.587781 0.808589 -0.0264036 0.138461 0.708927 -0.49906 0.498359 24.4876
0.278835 -0.238219 -0.930324 -9.78507 0.366817 0.921711 -0.126072 0.0990729 0.887523 -0.306105 0.344388 25.0918
0.43004 -0.166159 -0.887388 -10.0228 0.380525 0.924702 0.0112616 0.067549 0.818698 -0.342517 0.460887 25.6602
0.328337 -0.123175 -0.936495 -10.3829 0.375606 0.926728 0.00979783 0.0681713 0.866669 -0.35497 0.350544 26.2595
0.0809939 -0.188835 -0.978663 -10.6489 0.303542 0.939921 -0.156239 0.0791661 0.949369 -0.284411 0.133447 26.5417
0.155976 -0.0158371 -0.987634 -10.9625 0.209878 0.977572 0.0174699 0.042917 0.965206 -0.210007 0.155801 26.9963
-0.121277 -0.0355661 -0.991981 -11.0587 0.112116 0.992472 -0.0492906 0.0387892 0.986267 -0.117194 -0.116377 27.3059
-0.386393 -0.00699626 -0.922308 -11.4061 0.0771361 0.996223 -0.0398724 0.0319047 0.919103 -0.0865496 -0.384394 27.3554
-0.703922 0.0217036 -0.709946 -11.6571 0.012024 0.999754 0.0186412 0.00947381 0.710176 0.00458554 -0.70401 27.4074
-0.60261 -0.14985 -0.783841 -11.9709 0.0433225 0.974621 -0.219629 0.0810298 0.796859 -0.166308 -0.580824 27.3398
-0.746619 -0.181456 -0.640026 -12.2578 -0.0812716 0.979754 -0.182967 0.10186 0.660269 -0.0845909 -0.74625 27.3134
-0.550075 -0.19692 -0.811566 -12.2967 0.0939676 0.951036 -0.294451 0.140209 0.829812 -0.238231 -0.504637 27.2032
-0.831176 -0.168111 -0.529987 -12.502 -0.0373027 0.967909 -0.248518 0.113046 0.554757 -0.186792 -0.810773 26.9644
-0.955426 -0.232175 -0.182365 -12.471 -0.188383 0.955039 -0.228937 0.154337 0.227319 -0.184378 -0.956206 26.7838
-0.955517 -0.250757 0.155271 -12.4106 -0.279236 0.938616 -0.202553 0.155206 -0.094948 -0.2369 -0.966883 26.5855
-0.935832 -0.222414 0.273404 -12.5227 -0.256128 0.962055 -0.0940659 0.161155 -0.242108 -0.158056 -0.957289 26.5057
-0.982461 -0.132666 0.131038 -12.4182 -0.156861 0.96796 -0.196083 0.150354 -0.100826 -0.213199 -0.971792 26.5068
-0.910468 -0.148875 0.385854 -12.4579 -0.169559 0.985319 -0.0199262 0.0960961 -0.377223 -0.0835672 -0.922344 26.4749
-0.949936 -0.253306 0.182913 -12.6278 -0.291577 0.929058 -0.227671 0.154698 -0.112266 -0.269606 -0.956404 26.3422
-0.941197 -0.337705 -0.0102165 -12.6248 -0.311731 0.879672 -0.359168 0.216963 0.13028 -0.334863 -0.933217 26.1816
-0.915446 -0.305659 -0.261783 -12.9445 -0.172043 0.885292 -0.432041 0.211754 0.363812 -0.350472 -0.863024 26.0977
-0.862557 -0.116999 -0.492246 -12.9678 0.0269395 0.960896 -0.275596 0.143672 0.505241 -0.250978 -0.825676 26.1135
-0.606314 -0.135214 -0.783646 -13.1974 0.0427499 0.978471 -0.201906 0.0992552 0.794076 -0.155919 -0.58748 26.2836
-0.175081 -0.0421686 -0.983651 -13.232 0.111058 0.99186 -0.062288 0.070259 0.97827 -0.120148 -0.168973 26.375
0.187917 -0.0232476 -0.98191 -13.2012 0.10592 0.994369 -0.00327176 0.0712205 0.976457 -0.103389 0.189322 26.2812
0.034614 -0.25779 -0.965581 -13.318 0.273055 0.931839 -0.238993 0.136564 0.961375 -0.255384 0.102645 26.39
0.434505 -0.256964 -0.863235 -13.2996 0.394836 0.915777 -0.073866 0.164112 0.809512 -0.308741 0.499369 26.4202
0.493902 -0.376955 -0.78356 -13.5252 0.415543 0.893903 -0.168109 0.223474 0.763797 -0.242573 0.598141 26.3449
0.281242 -0.236978 -0.929916 -13.8164 0.316362 0.937753 -0.143296 0.167731 0.90599 -0.25389 0.338706 26.4457
0.28029 -0.101555 -0.954528 -14.0329 0.15012 0.98679 -0.0609053 0.073354 0.948104 -0.126223 0.291833 26.2858
0.287833 -0.0999228 -0.952453 -14.0598 0.0414027 0.99491 -0.091865 0.0379385 0.956785 -0.0129923 0.290505 26.3521
0.592179 -0.0696896 -0.802787 -14.118 0.0960991 0.995251 -0.0155094 0.0551193 0.800055 -0.0679628 0.596064 26.433
0.748056 -0.234958 -0.620651 -14.2762 0.388572 0.913223 0.12262 0.186767 0.537982 -0.332894 0.774439 26.415
0.813152 -0.364143 -0.454075 -14.2397 0.527175 0.791441 0.309367 0.308382 0.24672 -0.490939 0.835528 26.6726
0.912366 -0.331553 -0.240127 -14.5221 0.40583 0.809558 0.424167 0.276632 0.0537628 -0.484446 0.873168 26.7742
0.986983 -0.160623 -0.0080203 -14.4512 0.157464 0.955023 0.251271 0.0828187 -0.0327003 -0.249263 0.967884 26.9463
0.963327 -0.020331 0.267559 -14.5446 0.00303863 0.997888 0.0648861 -0.00509247 -0.268314 -0.0616935 0.961354 26.8676
0.765148 0.0651088 0.640554 -14.5929 -0.0474726 0.997871 -0.0447216 -0.0458806 -0.642102 0.00380986 0.76661 26.6289
0.448756 0.0223164 0.893375 -14.5449 -0.0904404 0.99569 0.0205574 0.0236447 -0.889066 -0.0900225 0.44884 26.3326
0.257781 -0.097193 0.961303 -14.5747 -0.220929 0.96264 0.156572 0.131659 -0.940606 -0.252741 0.226677 26.3697
-0.103322 -0.0511226 0.993333 -14.7837 -0.203559 0.978627 0.0291925 0.0989617 -0.973596 -0.199186 -0.11152 26.4558
0.130516 -0.0786713 0.98832 -15.0685 -0.179431 0.978511 0.101586 0.112689 -0.975074 -0.190594 0.113596 26.6742
-0.0589021 -0.0818481 0.994903 -15.1722 -0.15065 0.985948 0.0721923 0.0733018 -0.986831 -0.14563 -0.0704048 26.7058
0.00988475 -0.144588 0.989443 -15.4428 -0.160757 0.976391 0.144286 0.131046 -0.986945 -0.160486 -0.013592 26.9783
0.254787 -0.106826 0.961078 -15.5022 -0.125427 0.981832 0.142384 0.101168 -0.958828 -0.156823 0.23676 27.2477
0.578347 -0.0565105 0.813831 -15.5142 -0.140565 0.975774 0.167648 0.0835397 -0.80359 -0.211355 0.556393 27.5192
0.877443 0.0376282 0.478202 -15.4783 -0.130197 0.978176 0.161927 0.0714741 -0.461673 -0.204343 0.863193 27.9748
0.977712 -0.107287 0.180467 -15.3414 0.0653425 0.97238 0.22407 0.133769 -0.199523 -0.207284 0.957718 28.2078
0.983627 -0.0977004 -0.151437 -15.4981 0.129317 0.967903 0.215504 0.173655 0.125522 -0.231558 0.964689 28.5865
0.873213 -0.0571095 -0.48398 -15.6428 0.132839 0.983397 0.123632 0.149328 0.468884 -0.172248 0.866302 28.775
0.589219 -0.0265273 -0.807538 -15.7613 0.105159 0.993477 0.044094 0.115339 0.801101 -0.110901 0.588165 28.8814
0.236129 0.00605718 -0.971703 -15.8908 0.0611428 0.997906 0.0210786 0.0955872 0.969796 -0.0643899 0.235265 28.9408
0.0989142 0.0800725 -0.991869 -16.0955 0.0633271 0.99423 0.0865785 0.0602002 0.993079 -0.0713761 0.0932728 29.1181
0.0149249 0.125789 -0.991945 -16.4011 -0.0767257 0.989274 0.124296 0.0125847 0.996941 0.0742525 0.0244161 29.5104
0.319111 0.311862 -0.894936 -16.5231 -0.194353 0.945771 0.260276 -0.051503 0.927575 0.0908769 0.362417 30.0273
0.58652 0.379193 -0.715686 -16.4498 -0.337996 0.917606 0.209182 -0.116577 0.736039 0.11921 0.66636 30.5784
0.808576 0.282847 -0.515948 -16.5343 -0.205576 0.95742 0.202694 -0.0242186 0.55131 -0.0578274 0.832294 30.7988
0.705878 0.0932238 -0.702172 -16.6529 0.0743496 0.976074 0.20433 0.110714 0.70442 -0.196439 0.682059 31.0264
0.485971 0.00795636 -0.873939 -16.8649 0.203719 0.971383 0.122125 0.162428 0.849901 -0.237387 0.470443 30.8458
0.088026 0.116547 -0.989277 -17.0193 -0.0573554 0.992077 0.111774 0.0610061 0.994466 0.0469014 0.0940132 30.7275
-0.261226 0.28711 -0.921591 -17.0804 -0.0820202 0.944686 0.317554 -0.0599684 0.961787 0.158542 -0.223227 30.5636
-0.447727 0.365229 -0.816179 -17.041 -0.063981 0.897353 0.436651 -0.138435 0.891878 0.24772 -0.378401 30.7223
-0.405199 0.316785 -0.85759 -17.1717 0.00592091 0.938938 0.344036 -0.253447 0.914209 0.134326 -0.382332 31.0266
-0.299596 -0.00776924 -0.954034 -17.2245 0.192813 0.97884 -0.0685206 -0.20322 0.93438 -0.204479 -0.291759 31.1881
-0.356375 -0.117836 -0.926883 -17.2936 0.202945 0.95857 -0.199894 -0.286705 0.912036 -0.259344 -0.317696 31.4171
-0.279909 0.150779 -0.948112 -17.544 0.0520997 0.98852 0.141824 -0.458779 0.958612 -0.00969866 -0.284551 31.5141
-0.219409 0.27787 -0.935226 -17.9591 -0.0291307 0.956291 0.290963 -0.700982 0.975198 0.0910837 -0.201724 31.6073
0.125674 0.410336 -0.903233 -18.0356 -0.197738 0.902544 0.38251 -0.737598 0.972165 0.130532 0.194565 31.7532
0.390265 0.516 -0.76252 -18.0779 -0.398264 0.841313 0.365484 -0.779333 0.830108 0.161048 0.533839 31.793
0.75961 0.362835 -0.539763 -17.9107 -0.37854 0.921512 0.0867301 -0.902297 0.528867 0.138441 0.837337 31.9878
0.900629 0.382119 -0.207009 -17.8216 -0.387511 0.921735 0.0155018 -0.910033 0.196731 0.0662569 0.978216 32.022
0.948433 0.28977 0.128485 -17.9607 -0.297447 0.953686 0.0448208 -0.977055 -0.109547 -0.080727 0.990698 32.0515
0.96557 0.258968 0.0246947 -17.986 -0.2577 0.965161 -0.0453264 -1.17397 -0.0355725 0.037402 0.998667 32.3356
0.982387 0.186666 -0.00841719 -18.1267 -0.186842 0.981862 -0.0322014 -1.29676 0.00225359 0.033207 0.999446 32.5443
0.913312 0.295782 -0.279954 -18.3382 -0.307498 0.951546 0.0021775 -1.34779 0.267034 0.0840965 0.960011 32.6967
0.887192 0.19058 -0.420201 -18.341 -0.260898 0.958348 -0.116195 -1.507 0.380554 0.212717 0.899961 32.9668
0.890797 0.277522 -0.359808 -18.5135 -0.291439 0.956453 0.0161869 -1.65538 0.348632 0.0904428 0.932886 33.1977
0.906056 0.234114 -0.352496 -18.6961 -0.210058 0.971968 0.105609 -1.66816 0.367339 -0.0216432 0.929835 33.1946
0.943788 -0.0108326 -0.330373 -18.7967 0.0984183 0.963343 0.249568 -1.56107 0.315559 -0.268054 0.910258 33.1307
0.926325 0.0771938 -0.368731 -18.7686 -0.000344593 0.978955 0.204078 -1.6033 0.376725 -0.188916 0.906857 33.2489
0.870333 0.219804 -0.440689 -18.8546 -0.156754 0.971971 0.175215 -1.87179 0.466851 -0.0834157 0.880393 33.6996
0.690294 0.238107 -0.683227 -19.0229 -0.139894 0.970402 0.196847 -1.98005 0.709876 -0.0403028 0.703172 33.8666
0.338775 0.366319 -0.866627 -18.9612 -0.230001 0.925391 0.301248 -2.04331 0.912322 0.0972698 0.397753 33.9771
0.138547 0.401494 -0.905322 -18.9904 -0.18422 0.908631 0.37477 -2.22086 0.973071 0.114855 0.199851 34.1639
-0.0584717 0.386003 -0.920643 -18.8299 -0.140507 0.909858 0.390405 -2.25579 0.988352 0.152185 0.00103526 34.399
-0.0387084 0.334955 -0.941439 -18.8044 -0.105082 0.935556 0.337183 -2.5087 0.99371 0.11198 -0.00101608 34.8085
0.0271244 0.320506 -0.946858 -19.0892 -0.11125 0.94229 0.315772 -2.67448 0.993422 0.0967732 0.0612154 35.0752
0.396184 0.261561 -0.880127 -19.1386 -0.0801968 0.96476 0.250612 -2.78562 0.914662 -0.0287052 0.403199 35.3886
0.615145 0.086952 -0.783605 -19.3708 0.0748094 0.982978 0.167802 -2.85833 0.784857 -0.161844 0.598169 35.5744
0.663645 0.0361839 -0.747172 -19.6129 0.0892174 0.987871 0.127084 -3.03588 0.742708 -0.151 0.652368 35.9066
0.75597 0.159888 -0.63478 -19.6896 -0.0669009 0.983506 0.168051 -3.21923 0.651179 -0.0845742 0.754197 36.2885
0.859919 0.271887 -0.431993 -19.7963 -0.249222 0.962235 0.109511 -3.42159 0.445453 0.0134912 0.895204 36.4872
0.9439 0.243216 -0.22338 -19.7266 -0.249528 0.968367 -3.45581e-05 -3.59047 0.216306 0.0557723 0.974731 36.7867
0.940892 0.32163 0.106189 -19.6802 -0.310496 0.944305 -0.108995 -3.74337 -0.135331 0.069581 0.988354 36.9761
0.84184 0.384246 0.379025 -19.5273 -0.316043 0.92021 -0.230934 -3.79368 -0.437518 0.0746215 0.896108 37.0417
0.81458 0.392855 0.426761 -19.4454 -0.243138 0.899227 -0.363696 -3.82924 -0.526635 0.192497 0.82801 37.1538
0.860699 0.353659 0.366226 -19.5867 -0.251231 0.920697 -0.298663 -3.93384 -0.442808 0.165052 0.881294 37.6811
0.625003 0.359603 0.692861 -19.4445 -0.0849391 0.913634 -0.397567 -3.93484 -0.775987 0.189629 0.601568 37.8138
0.229959 0.433423 0.871357 -19.43 0.0788169 0.884117 -0.46057 -3.95295 -0.970003 0.17459 0.16915 37.8255
-0.189753 0.435289 0.880067 -19.5018 0.241417 0.889518 -0.387911 -3.93985 -0.951689 0.138856 -0.273875 37.7612
-0.522619 0.293142 0.800586 -19.6193 0.150058 0.955998 -0.25209 -3.87932 -0.839257 -0.011613 -0.543611 37.7921
-0.510538 0.0261892 0.859456 -19.6432 -0.116338 0.988241 -0.0992212 -3.776 -0.851949 -0.150644 -0.501488 37.8686
-0.640325 -0.218994 0.736224 -19.6708 -0.45218 0.882277 -0.130842 -3.63547 -0.6209 -0.416688 -0.663969 37.9497
-0.820188 -0.290421 0.492897 -19.7065 -0.478121 0.821083 -0.311806 -3.61792 -0.314154 -0.491404 -0.812298 37.9207
-0.852428 -0.423525 0.306582 -19.7005 -0.522462 0.712406 -0.468519 -3.59569 -0.0199816 -0.559557 -0.828551 37.9467
-0.762004 -0.43745 0.47748 -19.5733 -0.631674 0.664493 -0.399296 -3.60483 -0.14261 -0.605877 -0.782672 37.9034
-0.63572 -0.304057 0.709513 -19.4507 -0.547118 0.825886 -0.136287 -3.62026 -0.544538 -0.474827 -0.691388 37.703
-0.626307 -0.136771 0.767485 -19.2054 -0.35767 0.925172 -0.127004 -3.66888 -0.692685 -0.35405 -0.62836 37.5985
-0.383186 -0.0904851 0.919228 -19.2936 -0.2524 0.967572 -0.00997089 -3.70907 -0.888517 -0.235834 -0.393599 37.3884
-0.423355 0.0420506 0.904988 -19.0471 -0.175794 0.976123 -0.127593 -3.75805 -0.888745 -0.213108 -0.405854 37.2038
-0.318524 -0.0538781 0.946383 -19.0718 -0.242755 0.969726 -0.0264971 -3.59861 -0.916304 -0.238179 -0.32196 36.7515
-0.527297 -0.116456 0.841662 -18.9803 -0.371462 0.922483 -0.10508 -3.55018 -0.764182 -0.368054 -0.529682 36.5631
-0.807765 -0.0212866 0.589121 -18.9865 -0.199268 0.950383 -0.238883 -3.46033 -0.554805 -0.310354 -0.771927 36.3825
-0.841797 0.0684998 0.535431 -19.2051 -0.0205974 0.987117 -0.158669 -3.35388 -0.539402 -0.144595 -0.829541 36.0524
-0.769202 -0.00409898 0.638992 -19.2435 -0.115534 0.984391 -0.132763 -3.20331 -0.628474 -0.175947 -0.757669 35.7861
-0.514982 -0.0763581 0.853793 -19.3487 -0.226474 0.972753 -0.049605 -3.07127 -0.826742 -0.218908 -0.518244 35.5126
-0.18641 -0.0597786 0.980652 -19.327 -0.250142 0.968141 0.0114669 -2.99159 -0.950095 -0.243165 -0.195424 35.4344
0.145173 -0.0446741 0.988397 -19.1288 -0.229849 0.970127 0.0776078 -2.91289 -0.962338 -0.238449 0.130568 35.3756
0.178714 -0.0368689 0.98321 -19.12 -0.222723 0.971842 0.076926 -2.72052 -0.958361 -0.232731 0.16547 35.0321
-0.0297239 -0.0805791 0.996305 -18.9255 -0.336839 0.939252 0.0659155 -2.57423 -0.941093 -0.333635 -0.0550604 34.7872
-0.224961 -0.22492 0.948053 -18.8378 -0.407469 0.905544 0.118148 -2.51286 -0.885077 -0.359723 -0.29536 34.6515
-0.461772 -0.227025 0.857453 -18.8114 -0.333181 0.940296 0.0695277 -2.38575 -0.822044 -0.253581 -0.509843 34.306
-0.630161 -0.381784 0.67612 -18.7705 -0.515149 0.857092 0.00384134 -2.27348 -0.580964 -0.345882 -0.736782 34.2795
-0.653671 -0.302399 0.693735 -18.6986 -0.429487 0.903005 -0.0110634 -2.15194 -0.623101 -0.305182 -0.720145 34.026
-0.645733 -0.283712 0.708898 -18.4584 -0.446141 0.893634 -0.0487419 -1.97065 -0.619667 -0.347742 -0.703625 33.8459
-0.704921 -0.170131 0.688579 -18.2969 -0.279871 0.958754 -0.0496292 -1.86622 -0.651735 -0.227698 -0.723461 33.4868
-0.838147 -0.212048 0.502539 -18.1778 -0.282962 0.9567 -0.0682486 -1.6806 -0.466307 -0.199402 -0.861856 33.243
-0.736739 -0.30794 0.601988 -18.2417 -0.381519 0.924342 0.00591755 -1.48687 -0.558265 -0.22531 -0.798483 32.8696
-0.467633 -0.30101 0.831091 -18.0762 -0.350181 0.926388 0.138487 -1.44208 -0.811599 -0.226271 -0.538618 32.7551
-0.161616 -0.272358 0.948526 -17.9382 -0.234238 0.944281 0.231228 -1.32918 -0.958652 -0.184811 -0.216407 32.7721
0.186452 -0.246504 0.951037 -17.8515 -0.183344 0.942277 0.280178 -1.25574 -0.965205 -0.226607 0.130494 32.6064
0.155658 -0.196152 0.96814 -17.6233 -0.218647 0.948934 0.227415 -1.10042 -0.963309 -0.24708 0.104821 32.3997
0.122757 -0.322557 0.938556 -17.5521 -0.310633 0.885702 0.345021 -0.87637 -0.94257 -0.333901 0.00852936 32.0941
0.082658 -0.234048 0.968705 -17.233 -0.309382 0.917978 0.248191 -0.812002 -0.947339 -0.320215 0.00346793 32.0123
-0.2413 -0.314579 0.918049 -17.1924 -0.347598 0.911254 0.220888 -0.632164 -0.906063 -0.265811 -0.329233 31.8485
-0.490022 -0.305506 0.816422 -17.3091 -0.380027 0.917757 0.115332 -0.490174 -0.784512 -0.253747 -0.565821 31.4394
-0.651987 -0.25815 0.712932 -17.1489 -0.37142 0.928458 -0.00347846 -0.341165 -0.661029 -0.267065 -0.701225 31.2286
-0.836648 -0.321941 0.443141 -17.2459 -0.388545 0.919073 -0.0658664 -0.31668 -0.386074 -0.227287 -0.894029 31.1294
-0.937366 -0.0982497 0.334204 -17.2237 -0.161216 0.972828 -0.16618 -0.205878 -0.308795 -0.20965 -0.927735 30.6359
-0.764248 -0.141016 0.629316 -16.9987 -0.24407 0.966466 -0.0798378 -0.0370531 -0.596954 -0.214613 -0.773038 30.6357
-0.744591 -0.0419132 0.666204 -16.4624 -0.196489 0.967572 -0.158735 0.105953 -0.637947 -0.249094 -0.728681 30.4112
-0.473046 -0.130924 0.871255 -16.1985 -0.254649 0.967008 0.00705175 0.142932 -0.843434 -0.218528 -0.490779 30.4186
-0.124566 -0.16585 0.978252 -15.9595 -0.292183 0.948345 0.123575 0.160512 -0.948215 -0.270435 -0.16659 30.4948
0.255324 -0.129301 0.958171 -15.8166 -0.202063 0.961998 0.183661 0.136346 -0.945505 -0.240504 0.219495 30.6
0.552022 -0.212913 0.806189 -15.6405 -0.0729446 0.950813 0.301055 0.172191 -0.830633 -0.224996 0.509338 30.6757
0.688162 -0.172788 0.704682 -15.3948 -0.0644136 0.952845 0.296541 0.157513 -0.722692 -0.249459 0.644583 30.8218
0.774523 -0.131913 0.618638 -15.3589 -0.0725727 0.953023 0.294074 0.117799 -0.628369 -0.272663 0.728565 31.0609
0.896568 -0.216008 0.38666 -15.1568 0.0855132 0.941005 0.327409 0.113999 -0.434572 -0.26048 0.862147 31.1815
0.950469 -0.129448 0.28258 -15.0522 0.0259126 0.938983 0.342985 0.0721761 -0.309737 -0.318675 0.895829 31.662
0.979541 -0.139513 -0.145037 -14.9528 0.169269 0.960969 0.218828 0.0760063 0.108846 -0.238901 0.964924 32.0453
0.874938 -0.166567 -0.454685 -15.1846 0.287483 0.934268 0.210942 0.0776854 0.389662 -0.315276 0.865312 32.3232
0.5881 -0.219247 -0.778505 -15.4548 0.383345 0.92313 0.0296099 0.0625386 0.712169 -0.31585 0.62694 32.5524
0.324903 -0.171042 -0.930152 -15.5887 0.307977 0.949036 -0.0669377 0.0728678 0.894197 -0.264717 0.361021 32.7512
0.108212 -0.0200184 -0.993926 -15.9092 0.241941 0.970267 0.00679902 0.0234835 0.964238 -0.241207 0.109838 32.8855
-0.196307 -0.145189 -0.969734 -16.0323 0.168673 0.969234 -0.179259 0.0695543 0.965926 -0.198758 -0.165778 33.1962
0.0277788 -0.0327384 -0.999078 -16.3765 0.210624 0.977217 -0.0261657 0.0343207 0.977172 -0.209703 0.0340414 33.4065
0.085669 -0.0354691 -0.995692 -16.5954 0.130274 0.991185 -0.0240998 0.0413686 0.98777 -0.127648 0.0895345 33.8098
0.336543 0.11072 -0.935136 -16.9055 0.2052 0.960576 0.18758 -0.00695929 0.919039 -0.255018 0.300555 34.0845
0.46947 -0.103684 -0.87684 -16.8875 0.266838 0.963306 0.0289594 0.0561365 0.841662 -0.24757 0.47991 34.4624
0.731789 -0.135057 -0.668015 -16.9431 0.321146 0.932861 0.163203 0.0556864 0.601123 -0.333961 0.726031 34.7866
0.801572 -0.245984 -0.544953 -16.9652 0.350721 0.931612 0.0953593 0.0852844 0.484228 -0.267564 0.833026 35.2748
0.899491 -0.224226 -0.375019 -17.0592 0.319044 0.923476 0.213082 0.096671 0.298542 -0.311313 0.902196 35.8166
0.820624 -0.233182 -0.52173 -17.1641 0.319648 0.944083 0.0808239 0.090256 0.47371 -0.233096 0.849273 36.2775
0.641013 -0.23101 -0.73194 -17.4724 0.355881 0.934381 0.0167677 0.0642582 0.680037 -0.271232 0.681163 36.7422
0.448638 -0.213175 -0.867917 -17.6924 0.380926 0.924116 -0.0300723 0.0816269 0.808467 -0.317121 0.495797 37.2688
0.126218 -0.22109 -0.967051 -18.0481 0.243937 0.951832 -0.185773 0.0857028 0.961543 -0.212451 0.17407 37.6822
-0.157267 -0.0920247 -0.983259 -18.2664 0.204863 0.97095 -0.123639 0.0366141 0.966074 -0.220878 -0.133846 37.7641
-0.420302 -0.0630663 -0.90519 -18.6817 0.0805662 0.991048 -0.106457 0.0118166 0.903801 -0.117672 -0.411458 37.8799
-0.757621 -0.113091 -0.642823 -18.7932 -0.0511222 0.992131 -0.114292 0.0281634 0.65069 -0.0537274 -0.757441 37.8358
-0.920274 -0.0835064 -0.38226 -19.0048 0.0271164 0.961 -0.275216 -0.00567608 0.390334 -0.26364 -0.882119 37.5821
-0.98456 -0.168941 -0.045833 -19.1807 -0.158976 0.972565 -0.169832 -0.00283096 0.0732671 -0.159924 -0.984407 37.4052
-0.923734 -0.261436 0.279941 -19.2413 -0.297959 0.949714 -0.0962524 0.0331357 -0.2407 -0.172323 -0.95518 37.3093
-0.802119 -0.244598 0.544772 -19.1524 -0.305533 0.951916 -0.0224633 0.0552744 -0.513083 -0.184464 -0.838283 36.8617
-0.579977 -0.359247 0.731142 -19.1601 -0.362927 0.917467 0.162906 0.265412 -0.729322 -0.17087 -0.66249 36.3904
-0.40896 -0.427091 0.80644 -19.089 -0.514624 0.837728 0.182686 0.475515 -0.753601 -0.340302 -0.562388 36.1808
-0.190987 -0.372108 0.908328 -19.1363 -0.369525 0.884543 0.284668 0.648877 -0.909382 -0.281282 -0.30644 35.8253
-0.0346043 -0.307773 0.95083 -18.9749 -0.363573 0.890088 0.274879 0.802328 -0.930923 -0.336184 -0.142699 35.5846
0.297822 -0.193282 0.93485 -19.0734 -0.241675 0.932121 0.26971 0.895815 -0.923523 -0.306255 0.230895 35.4277
0.412133 0.0976243 0.905878 -19.2712 -0.143984 0.988728 -0.041047 0.765619 -0.899675 -0.113515 0.421544 35.4141
0.0624245 0.242946 0.968029 -19.3224 -0.0469675 0.969561 -0.240302 0.689407 -0.996944 -0.0304652 0.071935 35.1919
-0.356011 0.14444 0.923252 -19.2522 0.0200897 0.988937 -0.146969 0.857441 -0.934266 -0.0337748 -0.354974 34.7477
-0.637966 0.112132 0.761857 -19.2497 -0.0292613 0.985097 -0.169491 1.03719 -0.769508 -0.130423 -0.625178 34.4174
-0.59396 -0.0548068 0.802626 -19.2542 -0.188031 0.979501 -0.0722623 1.27015 -0.782212 -0.19384 -0.592089 34.1503
-0.569898 -0.133431 0.81081 -19.0073 -0.268298 0.962865 -0.0301259 1.4608 -0.77668 -0.234708 -0.584534 34.0153
-0.337174 -0.256031 0.905959 -18.7116 -0.440912 0.893193 0.0883273 1.60321 -0.831811 -0.369667 -0.414049 34.1518
-0.174207 -0.319971 0.931274 -18.6692 -0.387689 0.891639 0.23383 1.61008 -0.905179 -0.32031 -0.279379 34.084
-0.325919 -0.243774 0.913428 -18.5525 -0.28129 0.947431 0.152482 1.78573 -0.902581 -0.207242 -0.377356 33.789
-0.610612 -0.111014 0.78411 -18.6041 -0.164723 0.986274 0.0113612 1.7813 -0.774609 -0.122224 -0.620518 33.4226
-0.582043 -0.0962269 0.807444 -18.333 -0.144215 0.989448 0.0139603 2.00033 -0.800267 -0.10832 -0.589779 33.1659
-0.140494 -0.103622 0.984644 -18.062 -0.112374 0.98975 0.0881253 2.06145 -0.983684 -0.0982673 -0.150699 33.2164
0.206581 -0.0494461 0.977179 -17.8625 -0.0635497 0.995935 0.0638299 2.16159 -0.976364 -0.0752855 0.202599 33.1583
0.192439 -0.0321627 0.980782 -17.5596 -0.125379 0.990465 0.0570809 2.30188 -0.973266 -0.133954 0.186571 33.0307
-0.155983 -0.144727 0.977099 -17.4597 -0.108038 0.985773 0.128765 2.42883 -0.981833 -0.0854789 -0.1694 32.6312
-0.368752 -0.0423515 0.928563 -17.3196 -0.132316 0.99118 -0.00733786 2.56105 -0.920062 -0.125569 -0.371104 32.3405
-0.719777 -0.0485198 0.692508 -17.447 -0.0946601 0.995097 -0.0286671 2.6647 -0.687721 -0.0861868 -0.720841 32.1098
-0.86244 -0.0976298 0.496654 -17.6724 -0.0611717 0.994134 0.0891973 2.80966 -0.502448 0.0465462 -0.863353 31.9194
-0.936803 -0.0979022 0.33588 -17.6495 -0.0629052 0.991537 0.113564 2.84556 -0.344156 0.0852584 -0.935034 31.7959
-0.852316 -0.172801 0.493656 -17.5342 -0.156677 0.984856 0.0742335 3.01127 -0.499008 -0.0140742 -0.866483 31.6067
-0.892348 -0.0619797 0.447073 -17.2596 -0.0186087 0.994736 0.100762 3.10129 -0.450965 0.0815955 -0.888804 31.3977
-0.938485 -0.0072888 0.345243 -17.3481 0.037183 0.991831 0.122015 3.23347 -0.343312 0.127347 -0.930548 31.1458
-0.989475 0.0599905 0.131681 -17.0461 0.0701546 0.994791 0.0739534 3.40506 -0.126558 0.082413 -0.98853 31.0874
-0.984408 0.161307 -0.0701531 -17.0075 0.156019 0.98488 0.0752898 3.50265 0.0812372 0.0631706 -0.994691 30.7716
-0.907685 0.143771 -0.394256 -16.8486 0.096023 0.985713 0.138382 3.61874 0.408519 0.0877492 -0.908522 30.7194
-0.685955 0.224971 -0.691993 -16.8342 0.154042 0.974347 0.164068 3.70045 0.711152 0.00594688 -0.703013 30.7918
-0.333105 0.246117 -0.910202 -16.8741 0.0473535 0.968481 0.244546 3.71108 0.9417 0.0383583 -0.334261 30.8332
0.0185133 0.267529 -0.963372 -16.684 -0.0499203 0.962583 0.266351 3.69927 0.998582 0.0431607 0.0311757 30.7399
0.159761 0.215897 -0.963258 -16.3473 -0.100778 0.97426 0.201648 3.73404 0.981998 0.0648597 0.177406 30.6534
0.0699061 0.306848 -0.949188 -16.2418 -0.215206 0.933748 0.286007 3.66974 0.974063 0.184277 0.13131 30.6093
0.0377918 0.304158 -0.951872 -16.2399 -0.221678 0.93137 0.288806 3.6777 0.974387 0.200094 0.102623 30.6025
-0.997473 0.0105209 0.0702625 -134.741 0.00184152 0.992471 -0.122466 11.3587 -0.071022 -0.122027 -0.989982 2.06723
-0.997909 0.0572793 0.0299504 -134.56 0.0536592 0.99246 -0.110198 11.2653 -0.0360367 -0.10836 -0.993458 1.74754
-0.97295 0.0845166 -0.215002 -134.527 0.105141 0.990701 -0.0863562 11.3271 0.205704 -0.106626 -0.972788 1.12209
-0.861399 0.228537 -0.453611 -134.674 0.202036 0.973535 0.10682 11.224 0.466019 0.000368817 -0.884775 0.427971
-0.739805 0.313271 -0.59544 -134.903 0.235411 0.949574 0.2071 11.2347 0.630293 0.0130401 -0.776248 -0.163654
-0.496237 0.260931 -0.828048 -135.088 0.133244 0.965357 0.224348 11.2716 0.857902 0.000997461 -0.513813 -0.470883
-0.182769 0.334686 -0.924436 -135.311 -0.0232751 0.938537 0.344393 11.2541 0.98288 0.0844607 -0.163746 -0.579925
0.240538 0.317236 -0.917334 -135.336 -0.11692 0.947671 0.297069 11.2963 0.963572 0.0357978 0.265042 -0.618402
0.600391 0.0994374 -0.7935 -135.266 0.0509252 0.985472 0.162026 11.4836 0.798083 -0.137688 0.586605 -0.754568
0.725044 -0.0885566 -0.682985 -135.089 0.219153 0.969816 0.106901 11.5735 0.652904 -0.227186 0.722567 -0.782552
0.744176 -0.051263 -0.666013 -135.059 0.210436 0.964274 0.160912 11.5184 0.633971 -0.2599 0.728377 -0.781896
0.711451 0.130718 -0.690471 -135.17 0.0571985 0.968515 0.242294 11.4184 0.700404 -0.211874 0.681574 -0.867813
0.474212 0.245138 -0.845595 -135.092 0.0126919 0.958452 0.284973 11.3521 0.880319 -0.14587 0.451397 -0.885844
0.187885 0.202356 -0.96112 -135.096 0.176724 0.955612 0.235743 11.3335 0.966161 -0.214146 0.143784 -1.11646
-0.162987 0.234707 -0.958304 -135.034 0.219276 0.955618 0.196755 11.3362 0.961953 -0.178064 -0.207219 -1.42367
-0.47774 0.236974 -0.845936 -134.971 0.247315 0.960265 0.129331 11.3267 0.842971 -0.147426 -0.517365 -1.53941
-0.756974 0.285687 -0.587684 -134.993 0.293246 0.952234 0.0851854 11.337 0.583949 -0.107853 -0.804594 -1.71794
-0.9255 0.289366 -0.244372 -134.987 0.299246 0.95417 -0.00346604 11.2929 0.23217 -0.0763351 -0.969675 -1.89357
-0.869965 0.349594 0.347771 -134.915 0.328455 0.936851 -0.120117 11.1145 -0.367802 0.00972973 -0.929853 -2.19802
-0.660263 0.373652 0.651488 -134.966 0.325044 0.924173 -0.200625 10.9139 -0.677052 0.0792974 -0.731651 -2.4081
-0.602468 0.251313 0.757545 -134.804 0.19182 0.966907 -0.168215 10.7209 -0.77475 0.0439679 -0.630738 -2.73032
-0.817366 0.0606236 0.57292 -134.879 -0.0707631 0.976354 -0.204268 10.6593 -0.571757 -0.207504 -0.793749 -2.953
-0.771712 -0.161315 0.615173 -134.693 -0.301571 0.94445 -0.13065 10.5152 -0.559925 -0.286343 -0.777491 -3.19756
-0.909168 -0.102278 0.403674 -134.714 -0.169308 0.976421 -0.133929 10.3707 -0.380458 -0.190109 -0.905047 -3.48953
-0.909111 0.0417083 0.41446 -134.55 -0.0964387 0.946868 -0.306823 10.0265 -0.405236 -0.318906 -0.856786 -3.91715
-0.884448 0.0720964 0.461035 -134.622 0.049114 0.996887 -0.0616725 9.8791 -0.464047 -0.0319029 -0.885236 -4.14321
-0.932637 -0.0304724 0.359528 -134.652 0.00247821 0.995863 0.0908346 9.84577 -0.360809 0.0856066 -0.928703 -4.68925
-0.944602 0.0412435 0.325617 -134.737 0.0835142 0.989623 0.116923 9.80573 -0.317416 0.137639 -0.938244 -4.75855
-0.853166 -0.0600489 0.518172 -134.715 -0.0216708 0.996575 0.0798084 9.82489 -0.521189 0.0568606 -0.851545 -4.70318
-0.820119 -0.10694 0.56211 -134.952 -0.104326 0.99386 0.0368677 9.85909 -0.562601 -0.0284068 -0.82624 -5.00952
-0.661554 -0.0595825 0.747527 -134.923 -0.0718867 0.997287 0.0158709 9.86706 -0.746444 -0.0432378 -0.664042 -5.52199
-0.380454 -0.0439155 0.923757 -134.774 -0.211354 0.976565 -0.0406212 9.86038 -0.900325 -0.210695 -0.380819 -5.91667
-0.188516 -0.0337066 0.981492 -134.527 -0.247293 0.968836 -0.0142258 9.77008 -0.950425 -0.245398 -0.190976 -6.69666
-0.120334 -0.0949443 0.988183 -134.198 -0.193068 0.978648 0.0705178 9.82923 -0.973779 -0.1823 -0.136095 -7.19024
-0.564197 -0.131575 0.815089 -133.796 -0.298005 0.953124 -0.0524189 9.84864 -0.769983 -0.272475 -0.57696 -7.81542
-0.832194 -0.131236 0.538731 -133.654 -0.234878 0.963547 -0.128102 9.86169 -0.502281 -0.233142 -0.832682 -8.0805
-0.860138 -0.13131 0.492869 -133.36 -0.225912 0.964422 -0.137312 9.78005 -0.457303 -0.229453 -0.8592 -8.86783
-0.798532 -0.0396039 0.600648 -133.218 -0.245878 0.932255 -0.265414 9.73708 -0.549445 -0.359628 -0.754174 -9.7236
-0.806193 -0.260862 0.53104 -133.22 -0.230363 0.965124 0.124374 9.75164 -0.544964 -0.0220625 -0.838169 -10.134
-0.956923 -0.28055 0.0747681 -133.432 -0.286167 0.954867 -0.0796071 9.71716 -0.0490599 -0.097574 -0.994018 -10.4724
-0.973944 0.0769493 0.213337 -133.479 -0.026997 0.894653 -0.445944 9.72214 -0.225178 -0.440084 -0.869265 -10.924
-0.785989 0.3898 0.479872 -133.401 -0.00188358 0.774677 -0.632355 9.67153 -0.618237 -0.497928 -0.608153 -11.3524
-0.817377 -0.000545158 0.576104 -133.611 -0.0757929 0.991409 -0.106597 9.81977 -0.571096 -0.130794 -0.810396 -11.6927
-0.958067 -0.100318 0.268409 -133.945 -0.0677177 0.989447 0.128094 9.87774 -0.278426 0.104546 -0.954751 -12.0442
-0.995131 -0.0120213 0.0978282 -134.074 -0.0495367 0.919073 -0.390962 9.87228 -0.0852114 -0.393904 -0.915193 -12.3416
-0.944213 -0.298513 0.139113 -134.617 -0.326514 0.903691 -0.277003 9.95309 -0.0430263 -0.306972 -0.950745 -13.1454
-0.952736 -0.282067 -0.112838 -135.157 -0.239435 0.925781 -0.292576 9.88746 0.186989 -0.251731 -0.949561 -13.8222
-0.97203 -0.204358 0.115739 -135.616 -0.228031 0.939168 -0.256839 9.91391 -0.0562112 -0.276047 -0.959499 -14.5006
-0.890449 -0.438382 -0.122155 -136.125 -0.445357 0.894637 0.0358139 9.84807 0.0935842 0.086293 -0.991865 -14.8382
-0.82211 -0.350453 -0.448685 -136.652 -0.342357 0.933993 -0.102223 9.81495 0.454893 0.0695721 -0.887824 -15.1495
-0.58233 -0.413956 -0.699666 -137.156 -0.365298 0.902108 -0.229694 9.78947 0.726257 0.121828 -0.676542 -15.2299
-0.45737 -0.140312 -0.878138 -137.508 0.093377 0.974438 -0.204333 9.77003 0.884361 -0.175454 -0.432576 -15.2413
-0.650085 0.137839 -0.747254 -137.658 0.453437 0.859495 -0.235931 9.69355 0.609741 -0.492208 -0.621247 -15.3643
-0.851446 0.224846 -0.473797 -137.937 0.404968 0.855916 -0.321572 9.66908 0.333226 -0.465674 -0.819822 -15.5146
-0.994004 0.0859895 -0.0675407 -138.229 0.101687 0.954042 -0.281894 9.69411 0.0401967 -0.287072 -0.957065 -15.658
-0.929497 0.0518024 0.365174 -138.352 -0.0271488 0.977792 -0.20781 9.71165 -0.36783 -0.203072 -0.907449 -15.8301
-0.83956 -0.0681131 0.53898 -138.626 -0.263323 0.918797 -0.294061 9.74508 -0.475184 -0.388808 -0.789321 -16.061
-0.542553 -0.0753611 0.836634 -138.897 -0.321093 0.938941 -0.12365 9.70021 -0.776232 -0.335724 -0.533623 -16.2335
-0.28667 0.0227362 0.95776 -139.063 -0.339497 0.932431 -0.123751 9.73055 -0.895859 -0.360632 -0.259581 -16.5459
-0.0410425 -0.0698742 0.996711 -139.385 -0.328829 0.942926 0.0525631 9.72973 -0.943497 -0.32559 -0.0616766 -16.621
0.111806 0.0181564 0.993564 -139.543 -0.263636 0.964547 0.0120408 9.70928 -0.958121 -0.263286 0.112629 -16.3682
0.420287 0.0152029 0.907264 -139.534 -0.213071 0.973557 0.0823908 9.73954 -0.88202 -0.227939 0.412413 -16.1463
0.44295 -0.0811364 0.892867 -139.097 -0.2244 0.954164 0.198031 9.86533 -0.868009 -0.288077 0.40444 -16.0937
0.459381 -0.146533 0.876069 -138.627 -0.216253 0.93817 0.270316 9.84304 -0.861512 -0.313631 0.399289 -16.1279
0.154485 -0.17163 0.972974 -138.234 -0.320649 0.92278 0.213687 9.862 -0.934515 -0.344994 0.0875233 -16.0966
0.420642 -0.194149 0.886209 -137.867 -0.169719 0.942748 0.287093 9.83389 -0.89121 -0.27117 0.363608 -16.0854
0.267431 -0.270489 0.924833 -137.327 -0.250541 0.907261 0.337798 9.86591 -0.930435 -0.322046 0.174861 -16.2539
0.569286 -0.177235 0.802808 -136.816 -0.0994685 0.954465 0.281251 9.84277 -0.8161 -0.239966 0.525735 -16.361
0.860572 -0.172329 0.47929 -136.448 0.0262769 0.954791 0.296115 9.81473 -0.508651 -0.242234 0.826194 -16.0002
0.981802 -0.121654 0.145829 -136.485 0.0907538 0.975083 0.202429 9.72916 -0.166822 -0.185511 0.968378 -15.8649
