1 2.19566e-05 7.16719e-06 -1.44373e-07 -2.19566e-05 1 -8.33941e-06 -2.18173e-06 -7.16737e-06 8.33925e-06 1 -3.6951e-07
0.90148 -0.00959558 -0.432715 4.83438 0.000871266 0.999792 -0.0203556 0.219753 0.43282 0.0179731 0.901301 0.270241
0.84731 -0.0336408 -0.530032 5.5918 0.017679 0.999225 -0.0351585 0.224606 0.530804 0.0204197 0.847248 0.671923
0.920988 -0.0702799 -0.383201 6.38145 0.0265313 0.992625 -0.118284 0.224598 0.388688 0.0987713 0.91606 1.4202
0.956605 -0.091337 -0.276703 7.43205 0.0785716 0.995283 -0.0568993 0.263031 0.280595 0.0326891 0.959269 1.81951
0.847644 -0.0534787 -0.527864 8.45602 0.0358462 0.998406 -0.0435883 0.249352 0.529354 0.0180255 0.84821 2.26955
0.555959 -0.0643625 -0.828714 9.18317 0.0886743 0.995901 -0.0178583 0.292588 0.826466 -0.0635571 0.559388 3.10365
0.163095 -0.0636632 -0.984554 9.29393 0.257418 0.966097 -0.0198275 0.402159 0.952437 -0.250208 0.173954 3.35152
-0.238267 0.0271262 -0.970821 9.54982 0.298413 0.953298 -0.0466024 0.454151 0.924218 -0.300809 -0.235234 3.82674
-0.553639 0.00955814 -0.832702 9.60318 0.21803 0.966718 -0.133865 0.479186 0.803708 -0.255667 -0.537297 4.13942
-0.546316 -0.00203488 -0.837577 9.65128 0.0686788 0.996521 -0.0472174 0.404892 0.834759 -0.0833194 -0.544276 4.829
-0.603567 0.0822407 -0.79306 10.0286 0.0394705 0.996528 0.0733011 0.290211 0.796335 0.0129396 -0.604717 4.78534
-0.866992 0.11136 -0.485719 10.1556 0.060652 0.991046 0.118954 0.247204 0.494616 0.0736723 -0.865983 4.55083
-0.992462 0.0213579 -0.120675 10.0765 0.0143058 0.998155 0.0590058 0.227384 0.121713 0.0568347 -0.990937 4.22848
-0.976121 -0.00413406 0.217186 9.65467 -0.00115922 0.999904 0.0138228 0.282071 -0.217223 0.013241 -0.976032 3.65114
-0.81923 -0.00486052 0.573444 9.32318 0.0492416 0.995675 0.0787865 0.257007 -0.571347 0.0927816 -0.815447 3.16574
-0.587365 -0.0149044 0.809185 8.75412 0.0065329 0.999711 0.0231557 0.281818 -0.809296 0.0188872 -0.587097 2.36344
-0.574571 -0.0493931 0.816963 8.13293 -0.0637354 0.997846 0.015504 0.309669 -0.815969 -0.0431613 -0.576482 1.60011
-0.83456 -0.0189169 0.550592 7.56799 -0.0178104 0.999814 0.0073549 0.303526 -0.550629 -0.00366813 -0.834742 0.709989
-0.958526 -0.0487984 0.280796 6.94741 -0.0344782 0.997851 0.0557177 0.26122 -0.282911 0.0437256 -0.958149 -0.149594
-0.815446 -0.000218981 0.578832 6.23582 0.00755157 0.999911 0.0110168 0.226519 -0.578783 0.0133547 -0.815372 -0.78329
-0.905459 -0.026635 0.423596 5.17134 -0.00910626 0.999018 0.0433515 0.228938 -0.424335 0.0353956 -0.904813 -1.18725
-0.995398 -0.00899813 0.0954011 4.48468 -0.00417679 0.998709 0.0506173 0.227762 -0.0957334 0.0499859 -0.994151 -1.66989
-0.923191 -0.089099 -0.373871 4.56327 -0.116724 0.991809 0.0518608 0.224329 0.366188 0.0915172 -0.92603 -1.7807
-0.75109 -0.121277 -0.648965 4.71592 -0.190004 0.981102 0.0365581 0.231283 0.632267 0.150764 -0.75994 -1.80614
-0.471986 -0.0368543 -0.880836 4.92454 -0.202929 0.976839 0.067866 0.211695 0.857933 0.210779 -0.468533 -1.81448
-0.105241 -0.0608065 -0.992586 5.16788 -0.0908414 0.994543 -0.0512948 0.247556 0.990289 0.0847695 -0.110191 -1.65477
0.242198 -0.111463 -0.963803 5.19762 0.0254757 0.993767 -0.108527 0.31271 0.969892 0.00173128 0.243528 -1.14625
0.334362 -0.148262 -0.93071 5.25039 0.0449039 0.988933 -0.141405 0.338465 0.941374 0.00548788 0.337319 -0.768381
0.62549 -0.109827 0.772464 2.34976 -0.0887226 0.97361 0.210267 0.139599 -0.775171 -0.200055 0.599239 -0.416281
0.583017 -0.208997 0.785119 2.48193 0.0598335 0.974768 0.21505 0.106821 -0.810254 -0.0784014 0.580812 -0.507925
0.463942 -0.239813 0.852788 2.64099 0.0622197 0.969105 0.238673 0.102002 -0.883678 -0.0576703 0.464529 -0.554826
0.620212 -0.356186 0.698905 2.9734 0.0267517 0.900053 0.434958 0.217297 -0.783978 -0.251069 0.567753 -0.888494
0.667163 -0.41491 0.618663 3.36818 0.0279605 0.843881 0.535801 0.271206 -0.744387 -0.340168 0.574607 -0.968834
0.799847 -0.443489 0.404428 3.66002 0.207103 0.836362 0.507549 0.23271 -0.563341 -0.322204 0.76081 -0.964325
0.866371 -0.174332 0.467985 3.9949 0.0798214 0.973384 0.214829 0.143776 -0.492981 -0.148766 0.857227 -0.626563
0.974527 -0.167943 0.148633 4.20455 0.138219 0.971678 0.191668 0.162008 -0.176613 -0.166242 0.97014 -0.25139
