0.99999 -0.00173543 0.00412616 -8.48691e-06 0.00170294 0.999968 0.00786365 0.000166031 -0.00413967 -0.00785654 0.999961 -1.01786e-05
0.903256 -0.0112688 -0.428954 4.83505 0.00583502 0.999885 -0.0139805 0.230382 0.429062 0.0101251 0.903218 0.24852
0.84947 -0.0353116 -0.526454 5.59411 0.0233449 0.999296 -0.0293586 0.239707 0.52712 0.0126493 0.849697 0.647017
0.922558 -0.0716167 -0.379154 6.38686 0.0312333 0.993261 -0.111615 0.246989 0.384593 0.0911295 0.918577 1.39198
0.957644 -0.0929431 -0.272541 7.43905 0.0824781 0.995356 -0.0496319 0.29031 0.275888 0.025051 0.960863 1.7865
0.849804 -0.0551533 -0.524205 8.46489 0.0415082 0.998424 -0.0377573 0.281629 0.525461 0.0103275 0.850755 2.23257
0.559288 -0.0663697 -0.826313 9.19547 0.0961911 0.995252 -0.0148324 0.33273 0.823374 -0.0711884 0.563016 3.06321
0.166686 -0.0664061 -0.983771 9.30715 0.265366 0.963938 -0.0201048 0.445005 0.94963 -0.257708 0.178297 3.30943
-0.234868 0.0241837 -0.971726 9.56496 0.305453 0.950885 -0.0501634 0.501276 0.922787 -0.308598 -0.230719 3.78312
-0.550619 0.00677139 -0.83473 9.6196 0.223554 0.964637 -0.139639 0.528923 0.804266 -0.263495 -0.532661 4.09536
-0.54289 -0.00412992 -0.839794 9.67077 0.0744936 0.995809 -0.053054 0.460277 0.836493 -0.0913617 -0.540307 4.78531
-0.60027 0.080549 -0.795731 10.048 0.0447604 0.99674 0.0671308 0.345171 0.798544 0.00467933 -0.601918 4.74128
-0.864996 0.109934 -0.489589 10.174 0.0631008 0.991791 0.111215 0.300513 0.497796 0.0653066 -0.864832 4.50658
-0.991956 0.0198464 -0.125017 10.0936 0.0135737 0.998615 0.0508284 0.27799 0.125853 0.0487226 -0.990852 4.18474
-0.977048 -0.00583951 0.212941 9.66925 -0.00460808 0.99997 0.00627884 0.327307 -0.212971 0.00515347 -0.977045 3.60879
-0.82064 -0.00662706 0.571407 9.35262 0.0461802 0.995893 0.0778729 0.296636 -0.569577 0.0902933 -0.816963 3.12642
-0.589035 -0.0175953 0.807916 8.78198 0.00400899 0.999687 0.0246946 0.32003 -0.808098 0.0177849 -0.58878 2.3283
-0.575086 -0.0504034 0.816539 8.16211 -0.0628802 0.997871 0.0173103 0.34808 -0.815673 -0.0413892 -0.577031 1.56977
-0.83453 -0.0196715 0.550611 7.5995 -0.0172109 0.999805 0.00963421 0.34569 -0.550694 -0.00143648 -0.834706 0.683617
-0.958324 -0.0509229 0.281107 6.98193 -0.0363609 0.997724 0.0567808 0.307603 -0.283359 0.0441931 -0.957995 -0.172503
-0.814307 -0.00884616 0.580366 6.27492 -0.00384782 0.999944 0.00984268 0.27428 -0.580421 0.00578182 -0.814296 -0.808043
-0.9049 -0.0250138 0.424888 5.21474 -0.00648128 0.998966 0.0450072 0.266444 -0.425574 0.0379732 -0.904127 -1.21128
-0.99549 -0.0103073 0.0943008 4.52475 -0.00534931 0.998597 0.0526792 0.270034 -0.0947115 0.0519372 -0.994149 -1.6929
-0.921543 -0.0930112 -0.376972 4.59926 -0.121004 0.99133 0.0512116 0.269264 0.368941 0.0928088 -0.924808 -1.80183
-0.749341 -0.12368 -0.650532 4.75723 -0.19272 0.980609 0.0355579 0.276658 0.63352 0.152016 -0.758646 -1.82566
-0.470715 -0.0358586 -0.881556 4.96682 -0.20499 0.976276 0.0697449 0.258763 0.858141 0.213541 -0.466898 -1.83094
-0.099541 -0.0589182 -0.993288 5.19598 -0.0682902 0.996296 -0.052253 0.286789 0.992687 0.0626305 -0.103196 -1.66738
0.24649 -0.114191 -0.962394 5.19844 0.0246989 0.993452 -0.11155 0.356841 0.96883 0.003726 0.247697 -1.15947
0.338139 -0.154654 -0.928302 5.25773 0.0472604 0.987951 -0.147377 0.375846 0.939909 0.00596198 0.341374 -0.79497
0.622354 -0.110721 0.774865 2.36978 -0.0876837 0.973852 0.209579 0.155273 -0.777809 -0.198376 0.596373 -0.438542
0.581104 -0.209203 0.786481 2.50224 0.0582748 0.974611 0.216188 0.123536 -0.81174 -0.0797958 0.578542 -0.531945
0.464291 -0.240892 0.852294 2.66073 0.0610406 0.968717 0.240546 0.119152 -0.883577 -0.0596586 0.46447 -0.577886
0.618104 -0.357455 0.700124 2.99516 0.0279989 0.900079 0.434825 0.23313 -0.785597 -0.249165 0.566351 -0.912321
0.664396 -0.41666 0.620461 3.38952 0.028812 0.843843 0.535817 0.287398 -0.746825 -0.338118 0.572651 -0.994962
0.797292 -0.445315 0.407456 3.68122 0.207581 0.836167 0.507675 0.249084 -0.566777 -0.320185 0.759108 -0.992858
0.864059 -0.175461 0.471821 4.01744 0.0799744 0.973231 0.215466 0.160302 -0.496996 -0.148442 0.854962 -0.657866
0.974403 -0.169334 0.14787 4.22611 0.138993 0.970752 0.195757 0.181235 -0.176693 -0.170193 0.96944 -0.280406
0.976615 -0.118167 -0.179612 4.39146 0.134368 0.987628 0.0808436 0.140352 0.167837 -0.103087 0.98041 0.0386862
0.862291 -0.0725891 -0.501184 4.35662 0.144833 0.983685 0.106715 0.152441 0.48526 -0.164607 0.858736 0.364018
0.69941 -0.313406 -0.642342 4.36326 0.452283 0.889971 0.0582389 0.262288 0.553413 -0.331253 0.764202 0.565539
0.717263 -0.476736 -0.508189 4.2977 0.64948 0.721593 0.23975 0.328791 0.252408 -0.502023 0.827202 0.67709
0.81689 -0.265861 -0.511869 4.16353 0.390019 0.908406 0.150612 0.219339 0.424943 -0.322672 0.845758 1.09364
0.793556 0.0123153 -0.608373 4.12331 0.10139 0.983143 0.152154 0.0930192 0.599991 -0.182425 0.77893 1.38421
0.571855 -0.0332111 -0.819682 3.93974 0.125465 0.990966 0.0473802 0.113984 0.810704 -0.129936 0.570855 1.54812
0.288964 0.00184067 -0.957338 3.94467 0.0753877 0.996849 0.0246717 0.0907856 0.954367 -0.0793008 0.287915 1.72465
-0.0362012 -0.0635618 -0.997321 4.13169 0.191763 0.978988 -0.0693541 0.173758 0.980773 -0.19376 -0.0232517 1.56137
-0.37195 -0.131245 -0.918928 4.23461 0.118137 0.975211 -0.187102 0.18376 0.920704 -0.178152 -0.347225 1.60453
-0.64711 -0.28673 -0.706423 4.6065 0.0401668 0.912474 -0.407159 0.264287 0.761338 -0.291851 -0.578954 1.60331
-0.855073 -0.273468 -0.440529 4.70321 -0.0819459 0.910204 -0.405971 0.237139 0.511992 -0.311035 -0.800701 1.51989
-0.943861 -0.272856 -0.186214 4.61601 -0.187925 0.907103 -0.376628 0.251975 0.27168 -0.320491 -0.907456 1.53821
-0.988862 -0.114611 0.0949542 4.44824 -0.131058 0.972888 -0.190559 0.166365 -0.0705397 -0.200881 -0.977073 1.38045
-0.855608 -0.107696 0.506297 4.37195 -0.185306 0.97702 -0.10533 0.157567 -0.483319 -0.183941 -0.855902 1.12186
-0.589391 -0.167236 0.790348 4.29694 -0.271357 0.962478 0.0012978 0.196558 -0.76091 -0.213702 -0.612657 1.05399
-0.293073 -0.158332 0.942889 4.33356 -0.303085 0.950714 0.0654399 0.18133 -0.906779 -0.266597 -0.326617 0.919351
0.0561057 -0.186595 0.980834 4.40527 -0.30627 0.931803 0.194787 0.215535 -0.95029 -0.311329 -0.00486904 0.625988
0.14064 -0.0874297 0.986193 4.5543 -0.221074 0.96817 0.117359 0.168404 -0.965063 -0.234527 0.116835 0.230782
-0.254594 -0.0301816 0.966577 4.72594 -0.144002 0.989552 -0.00703088 0.114409 -0.956266 -0.14098 -0.25628 -0.241883
-0.594917 0.0561699 0.801822 4.72605 -0.0517317 0.992811 -0.107932 0.109462 -0.802121 -0.10569 -0.587734 -0.484656
-0.901337 -0.0581659 0.429196 4.74882 -0.153949 0.969256 -0.191946 0.178211 -0.404836 -0.239082 -0.88258 -0.589604
-0.975623 -0.18885 0.111779 4.53906 -0.211301 0.945922 -0.246136 0.204778 -0.0592519 -0.263755 -0.962768 -0.673382
-0.957076 -0.108038 -0.268949 4.27306 -0.0276864 0.957765 -0.286215 0.204086 0.288512 -0.266484 -0.919645 -0.90364
-0.747324 -0.0426051 -0.663092 3.77892 0.0803196 0.984832 -0.1538 0.167038 0.659587 -0.168198 -0.732567 -0.938824
-0.488104 -0.145162 -0.860629 3.4261 0.143048 0.959432 -0.242956 0.219697 0.860983 -0.241699 -0.447538 -1.02976
-0.396658 -0.245392 -0.884559 2.84661 0.176629 0.925199 -0.335871 0.233875 0.900813 -0.289465 -0.323644 -0.920749
-0.34316 -0.236593 -0.908991 2.34219 0.20038 0.927038 -0.316937 0.223943 0.917654 -0.290904 -0.270714 -0.769146
-0.494241 -0.258744 -0.829926 1.80134 0.203292 0.893808 -0.399726 0.265829 0.845221 -0.366278 -0.389156 -0.724902
-0.598044 -0.254581 -0.759955 1.11228 0.0261667 0.941502 -0.33599 0.25334 0.801036 -0.220822 -0.556398 -0.878273
-0.508578 -0.129198 -0.851267 0.486719 0.102001 0.972675 -0.208563 0.163909 0.854953 -0.192901 -0.481503 -1.23122
-0.185471 -0.0948291 -0.978063 -0.0589635 0.128277 0.984479 -0.119776 0.141615 0.974241 -0.147678 -0.170428 -1.29202
0.167112 -0.0889079 -0.981921 -0.257768 0.192673 0.979669 -0.0559133 0.145077 0.966929 -0.179845 0.180844 -1.25419
0.625261 -0.14616 -0.766607 -0.449401 0.239832 0.970757 0.0105291 0.183276 0.742651 -0.19044 0.64203 -0.963023
0.866879 -0.146804 -0.476413 -0.497971 0.215491 0.972109 0.092557 0.196338 0.449538 -0.182899 0.874336 -0.900887
0.949692 -0.259261 -0.175698 -0.471133 0.29192 0.935986 0.196757 0.178748 0.113439 -0.238148 0.964581 -0.789021
0.903583 -0.422916 0.0684107 -0.400859 0.365847 0.844811 0.390448 0.238206 -0.222921 -0.327775 0.91808 -0.599005
0.802064 -0.578708 0.147617 -0.533666 0.363406 0.669038 0.648324 0.309147 -0.473952 -0.466353 0.746917 -0.396761
0.73384 -0.674498 0.080809 -0.305938 0.307245 0.43564 0.846061 0.386285 -0.60587 -0.596045 0.526926 -0.072265
0.730329 -0.675043 -0.104583 -0.039287 0.474064 0.390638 0.789091 0.397599 -0.491816 -0.625875 0.605308 0.307458
0.741755 -0.629343 -0.231792 0.271605 0.623714 0.520265 0.583357 0.37808 -0.246538 -0.57728 0.778439 0.740158
0.777783 -0.499516 -0.381493 0.278691 0.622965 0.693261 0.362358 0.328121 0.0834707 -0.519493 0.850388 1.12959
0.676234 -0.388607 -0.625854 0.326863 0.448835 0.891002 -0.0682778 0.197351 0.58417 -0.234734 0.776946 1.33019
0.58256 -0.289081 -0.759642 0.304378 0.120222 0.95498 -0.27122 0.135169 0.803848 0.0666755 0.591087 1.5069
0.35987 -0.202466 -0.91077 0.00878244 0.108531 0.978628 -0.174668 0.10334 0.926669 -0.0359888 0.374152 1.84046
0.416576 -0.0883286 -0.9048 -0.108153 0.198887 0.980014 -0.00410208 0.0814474 0.887078 -0.178244 0.425818 2.39473
0.477329 -0.138248 -0.867781 -0.419468 0.275682 0.961248 -0.00149736 0.0948601 0.83436 -0.238517 0.496944 2.78033
0.673529 -0.0703253 -0.735808 -0.627534 0.197572 0.976373 0.0875323 0.103235 0.712267 -0.204331 0.67151 3.30552
0.707487 -0.13885 -0.692952 -0.793888 0.185871 0.982548 -0.00710773 0.104175 0.681846 -0.123771 0.720949 3.9289
0.891504 -0.127352 -0.434744 -0.80839 0.211716 0.965547 0.15131 0.141735 0.400496 -0.226935 0.887752 4.37651
0.821305 -0.245216 -0.515099 -0.79097 0.337445 0.936833 0.0920568 0.196763 0.459988 -0.249424 0.852173 4.84322
0.660434 -0.12518 -0.740376 -1.18107 0.198784 0.979974 0.0116297 0.121848 0.724094 -0.154855 0.672092 5.38491
0.694831 -0.164638 -0.700075 -1.3797 0.309463 0.947158 0.0843998 0.177264 0.649186 -0.275291 0.709064 5.94845
0.682257 -0.221053 -0.696894 -1.54711 0.355038 0.933432 0.0514985 0.198127 0.63912 -0.282559 0.715323 6.46024
0.548228 -0.121006 -0.827528 -1.84694 0.318064 0.945294 0.0724873 0.164222 0.773486 -0.302946 0.556725 6.78428
0.236631 -0.0718745 -0.968938 -1.99244 0.182661 0.982769 -0.0282917 0.102966 0.954275 -0.170292 0.245682 6.94475
-0.14208 -0.107642 -0.983985 -2.07924 0.159555 0.97858 -0.130089 0.123277 0.976911 -0.175483 -0.121862 7.1096
-0.400044 -0.136127 -0.90633 -2.29755 0.164975 0.962059 -0.217316 0.141439 0.901525 -0.236458 -0.362409 7.35773
-0.195802 -0.143643 -0.970066 -2.44943 0.108487 0.979969 -0.167007 0.133888 0.974624 -0.13794 -0.176297 7.89581
0.193732 -0.141484 -0.970799 -2.48288 0.167662 0.979763 -0.109332 0.123758 0.966622 -0.141585 0.213533 8.14138
0.514355 -0.084657 -0.853389 -2.58898 0.244282 0.968353 0.0511726 0.121352 0.822049 -0.234789 0.518758 8.37019
0.706053 -0.00690961 -0.708125 -2.73408 0.119491 0.986777 0.109513 0.0977235 0.698005 -0.161936 0.697543 8.88946
0.859491 -0.16952 -0.482222 -2.86709 0.317025 0.916824 0.242751 0.106007 0.400961 -0.361519 0.841745 9.06012
0.951505 -0.153634 -0.266524 -2.99806 0.217493 0.94867 0.229614 0.0922115 0.217567 -0.276446 0.936078 9.52092
0.955838 -0.093584 -0.278595 -3.26039 0.172684 0.945888 0.27473 0.0817162 0.237809 -0.310706 0.920276 9.71185
0.886818 -0.165706 -0.431388 -3.4098 0.275808 0.938797 0.206373 0.0971261 0.370789 -0.301995 0.878245 10.1264
0.859015 -0.00494119 -0.511927 -3.68088 0.142785 0.962587 0.230302 0.0399679 0.491636 -0.270929 0.827582 10.6776
0.640733 -0.0926557 -0.762152 -3.75663 0.218278 0.973711 0.0651285 0.0655579 0.736082 -0.208091 0.644113 11.0278
0.574042 -0.257723 -0.77721 -3.85813 0.500491 0.861664 0.0839314 0.122729 0.648062 -0.437167 0.623619 11.3844
0.174247 -0.452568 -0.87454 -3.91121 0.688569 0.690887 -0.220336 0.226966 0.703925 -0.563788 0.432009 11.4741
-0.156892 -0.474176 -0.866338 -3.93901 0.54969 0.686847 -0.475482 0.252208 0.820504 -0.550817 0.152889 11.6629
0.117284 -0.243067 -0.962893 -4.31363 0.41897 0.891185 -0.173933 0.0916598 0.900394 -0.383023 0.20636 12.0342
0.276469 -0.107001 -0.955047 -4.49126 0.110311 0.990747 -0.0790672 -0.0312038 0.954671 -0.0834929 0.285715 12.4115
0.387103 -0.0326288 -0.921459 -4.6003 0.00496643 0.999433 -0.0333035 -0.0513531 0.922023 0.00831551 0.387045 12.6499
0.631798 -0.165399 -0.757281 -4.77593 0.213279 0.976353 -0.0353078 0.0352898 0.745214 -0.139205 0.652134 12.9471
0.668698 -0.187135 -0.7196 -4.89487 0.263377 0.964674 -0.00612121 0.0548295 0.695324 -0.185433 0.694362 13.4687
0.67742 -0.161217 -0.717712 -5.10689 0.22647 0.974005 -0.00503096 0.0707886 0.699867 -0.159132 0.696322 13.9665
0.817684 -0.199773 -0.539893 -5.18289 0.267659 0.96225 0.0493232 0.0851302 0.509658 -0.184838 0.840288 14.3121
0.881953 -0.335912 -0.33064 -5.29619 0.389205 0.914692 0.108895 0.148114 0.265854 -0.224727 0.937454 14.8404
0.922253 -0.279593 -0.266978 -5.52116 0.314451 0.944268 0.0973598 0.138791 0.224878 -0.173742 0.958772 15.376
0.921679 -0.248497 -0.297921 -5.7785 0.297991 0.945186 0.133512 0.137215 0.248414 -0.211833 0.945208 16.0446
0.916915 -0.364081 -0.163441 -5.89058 0.39251 0.89674 0.204432 0.192492 0.0721347 -0.251599 0.96514 16.5005
0.93532 -0.127342 -0.330092 -6.19713 0.170648 0.979657 0.105604 0.119818 0.309929 -0.155103 0.938023 16.9747
0.926581 -0.162813 -0.339028 -6.30196 0.180461 0.983359 0.0209655 0.117239 0.329973 -0.0806076 0.940543 17.5533
0.891239 0.0735723 -0.447527 -6.50613 -0.0700523 0.997244 0.024437 0.00365787 0.448091 0.00957109 0.893937 17.9911
0.652527 0.182566 -0.735444 -6.65524 -0.203414 0.977123 0.0620806 -0.0774272 0.729953 0.10909 0.674736 18.157
0.157616 0.0421466 -0.986601 -6.83381 -0.0330244 0.998755 0.0373899 0.00476667 0.986948 0.0266886 0.158812 18.1967
-0.23866 -0.0892386 -0.966994 -7.02416 0.030908 0.994566 -0.0994114 0.0980325 0.970611 -0.0536133 -0.234605 18.1876
-0.320711 -0.298858 -0.898793 -7.21828 0.177287 0.913206 -0.366911 0.20053 0.930437 -0.277017 -0.239892 18.3523
-0.323106 -0.359361 -0.875478 -7.32728 0.180266 0.884789 -0.429712 0.222763 0.929035 -0.296661 -0.2211 18.8148
-0.118582 -0.249328 -0.961131 -7.63607 0.158713 0.950757 -0.266219 0.146209 0.980178 -0.184112 -0.0731715 19.378
0.155916 -0.0938282 -0.983304 -7.76506 0.219538 0.973871 -0.0581175 0.10187 0.963065 -0.206811 0.172441 20.0458
-0.00101038 -0.0511075 -0.998693 -7.86867 0.202155 0.978063 -0.0502563 0.0763753 0.979353 -0.201942 0.00934344 20.5554
0.025264 -0.0357229 -0.999042 -7.97361 0.207414 0.977802 -0.0297183 0.0362859 0.977927 -0.206465 0.0321126 20.8287
0.325248 -0.082134 -0.942055 -8.17512 0.243854 0.969812 -0.000362487 0.0362376 0.913646 -0.229606 0.335458 21.3171
-0.0328439 -0.1154 -0.992776 -8.39005 0.248408 0.9612 -0.119948 0.0629253 0.968098 -0.250554 -0.00290318 21.6105
-0.414905 -0.12518 -0.901212 -8.74448 0.189406 0.956909 -0.220117 0.0343713 0.889932 -0.262023 -0.373316 21.8943
-0.662694 -0.205691 -0.720089 -8.85397 0.0159037 0.957459 -0.28813 0.0902439 0.748722 -0.202394 -0.631231 22.1691
-0.422612 -0.152386 -0.893408 -9.31187 0.141109 0.962679 -0.23095 0.0492258 0.895258 -0.22367 -0.385336 22.6296
-0.0523926 -0.171411 -0.983805 -9.39234 0.242095 0.95359 -0.17904 0.0822313 0.968837 -0.247555 -0.00846321 23.0591
0.382789 -0.109037 -0.917379 -9.47132 0.318675 0.947646 0.0203368 0.0542558 0.867132 -0.300131 0.397496 23.4602
0.540253 -0.269551 -0.797163 -9.47473 0.426323 0.904413 -0.0168891 0.094927 0.725517 -0.330724 0.603528 23.9042
0.389183 -0.312782 -0.866432 -9.60515 0.588364 0.80813 -0.0274547 0.129986 0.708777 -0.499092 0.49854 24.4694
0.278543 -0.239472 -0.93009 -9.75252 0.367299 0.921361 -0.127226 0.0904262 0.887415 -0.306183 0.344597 25.0736
0.429775 -0.167331 -0.887296 -9.99023 0.381125 0.924467 0.0102626 0.0585852 0.818558 -0.342581 0.461087 25.6421
0.328025 -0.124529 -0.936425 -10.3501 0.376431 0.926404 0.00866505 0.0589809 0.866429 -0.355342 0.35076 26.2415
0.0808072 -0.190131 -0.978428 -10.6161 0.303846 0.939613 -0.157494 0.0696474 0.949288 -0.284565 0.133698 26.5237
0.155924 -0.0172061 -0.987619 -10.9294 0.210523 0.977455 0.0162081 0.0331135 0.965074 -0.210444 0.156031 26.9783
-0.120936 -0.0366989 -0.991982 -11.0256 0.114377 0.992145 -0.050649 0.0290071 0.986049 -0.119585 -0.115788 27.288
-0.385814 -0.00816626 -0.92254 -11.3724 0.0802073 0.995878 -0.0423588 0.0222029 0.919083 -0.0903371 -0.383569 27.3377
-0.703496 0.0204886 -0.710404 -11.6247 0.0135303 0.999789 0.0154359 0.000428124 0.710571 0.00124712 -0.703625 27.3897
-0.602051 -0.151837 -0.783888 -11.9372 0.0447561 0.973792 -0.222995 0.0709745 0.797202 -0.169338 -0.579477 27.3224
-0.745982 -0.183164 -0.640283 -12.2267 -0.0810446 0.979257 -0.185709 0.0920615 0.661017 -0.0866442 -0.745352 27.2955
-0.549681 -0.195505 -0.812175 -12.2651 0.0987698 0.950199 -0.295577 0.128949 0.829515 -0.242692 -0.502997 27.1853
-0.830806 -0.170164 -0.52991 -12.4717 -0.0377823 0.967162 -0.251337 0.102187 0.555278 -0.188791 -0.809954 26.9466
-0.954893 -0.234507 -0.182173 -12.4412 -0.190238 0.954153 -0.231089 0.14343 0.228012 -0.186009 -0.955725 26.7658
-0.955035 -0.252424 0.155532 -12.3807 -0.281074 0.937761 -0.203963 0.144136 -0.0943669 -0.238507 -0.966545 26.5673
-0.935403 -0.224116 0.273484 -12.4929 -0.258178 0.961395 -0.0952031 0.149838 -0.24159 -0.159661 -0.957153 26.4874
-0.982192 -0.134383 0.131299 -12.3883 -0.158764 0.967345 -0.197581 0.13918 -0.10046 -0.214908 -0.971454 26.4886
-0.910202 -0.150616 0.385807 -12.4279 -0.171797 0.984913 -0.020805 0.0848505 -0.376853 -0.0852173 -0.922345 26.4567
-0.949419 -0.255019 0.183219 -12.598 -0.293474 0.928173 -0.228842 0.142987 -0.1117 -0.271037 -0.956066 26.3239
-0.940411 -0.3399 -0.00976151 -12.5954 -0.313688 0.878255 -0.360926 0.204551 0.131252 -0.336357 -0.932543 26.1635
-0.914841 -0.30806 -0.261085 -12.9152 -0.1737 0.883879 -0.434265 0.19835 0.364547 -0.351933 -0.862119 26.0799
-0.862392 -0.119548 -0.491923 -12.9383 0.0256785 0.960136 -0.278351 0.130245 0.50559 -0.25268 -0.824944 26.0959
-0.606083 -0.137473 -0.783432 -13.1676 0.0427256 0.977902 -0.204651 0.0856418 0.794253 -0.157508 -0.586816 26.2659
-0.174855 -0.0420702 -0.983695 -13.2011 0.112662 0.99167 -0.0624374 0.0562445 0.978127 -0.121743 -0.168659 26.3569
0.188847 -0.0240789 -0.981711 -13.1684 0.109799 0.993948 -0.00325746 0.0558061 0.975849 -0.107176 0.190348 26.2644
0.0359856 -0.25558 -0.966118 -13.2863 0.281801 0.930108 -0.235557 0.12194 0.958798 -0.263776 0.105493 26.3726
0.435691 -0.255594 -0.863044 -13.2678 0.400309 0.913813 -0.0685412 0.149605 0.80618 -0.315621 0.500457 26.4027
0.494671 -0.376306 -0.783386 -13.4933 0.419836 0.892712 -0.163716 0.208657 0.760946 -0.247908 0.599586 26.3273
0.281491 -0.237211 -0.929782 -13.7847 0.321477 0.936279 -0.141542 0.153036 0.90411 -0.259061 0.339812 26.4286
0.280144 -0.101564 -0.95457 -14.0012 0.156966 0.98585 -0.0588267 0.0571563 0.947038 -0.133355 0.292122 26.2691
0.289364 -0.0979314 -0.952196 -14.0242 0.0496962 0.994948 -0.0872261 0.0217408 0.955928 -0.0220805 0.292769 26.3373
0.593417 -0.0722777 -0.801643 -14.0806 0.0992861 0.994927 -0.016208 0.0366921 0.798748 -0.0699739 0.597583 26.419
0.747613 -0.236669 -0.620534 -14.2418 0.390364 0.912504 0.122282 0.170126 0.5373 -0.333654 0.774587 26.3991
0.812405 -0.365467 -0.454348 -14.2061 0.528537 0.790642 0.309085 0.292552 0.246266 -0.491242 0.835484 26.6561
0.911836 -0.332734 -0.240507 -14.489 0.407057 0.809007 0.424042 0.260942 0.0534787 -0.484557 0.873123 26.7573
0.986833 -0.161543 -0.00808807 -14.4181 0.158374 0.954904 0.25115 0.0677456 -0.0328481 -0.249124 0.967914 26.9291
0.963278 -0.0212638 0.267662 -14.5123 0.00396659 0.997877 0.0649988 -0.0192883 -0.268476 -0.0615502 0.961318 26.8499
0.765029 0.0637805 0.640829 -14.5616 -0.0469667 0.997959 -0.0432555 -0.0604762 -0.642281 0.00299406 0.766464 26.6112
0.448829 0.0206234 0.89338 -14.5148 -0.0911204 0.995579 0.0227957 0.00848914 -0.88896 -0.0916365 0.448724 26.3147
0.258075 -0.0988632 0.961053 -14.5448 -0.222071 0.962045 0.158599 0.116481 -0.940256 -0.254353 0.226325 26.3516
-0.10306 -0.0528101 0.993272 -14.7538 -0.205378 0.978201 0.0306992 0.0835495 -0.973241 -0.200833 -0.111659 26.4379
0.130731 -0.080354 0.988156 -15.0385 -0.180859 0.978052 0.10346 0.0971258 -0.974782 -0.192242 0.113329 26.6562
-0.0587372 -0.0835392 0.994772 -15.1422 -0.15242 0.985559 0.0737658 0.0576126 -0.986569 -0.14729 -0.070622 26.6879
0.0100647 -0.146264 0.989194 -15.4129 -0.16241 0.97587 0.145947 0.115315 -0.986672 -0.162124 -0.0139329 26.9603
0.254764 -0.107978 0.960956 -15.4723 -0.127942 0.981246 0.144177 0.0858885 -0.958502 -0.159678 0.236171 27.2298
0.576247 -0.0508841 0.81569 -15.4853 -0.159014 0.972006 0.172972 0.0705025 -0.801657 -0.229381 0.552024 27.5009
0.876263 0.0418963 0.480008 -15.4503 -0.140794 0.974998 0.171921 0.0716661 -0.460804 -0.21823 0.860253 27.9582
0.977756 -0.10311 0.18265 -15.3129 0.0580733 0.969862 0.236632 0.137736 -0.201544 -0.220762 0.954277 28.1904
0.984256 -0.0944505 -0.149397 -15.4707 0.127225 0.96534 0.227886 0.189734 0.122695 -0.243306 0.962158 28.5698
0.874393 -0.0525961 -0.48236 -15.6148 0.135437 0.981052 0.138539 0.160909 0.465933 -0.186466 0.864949 28.7577
0.590695 -0.0215676 -0.806607 -15.733 0.115264 0.991646 0.0578949 0.123956 0.79862 -0.127171 0.588247 28.8645
0.237777 0.0107077 -0.971261 -15.8612 0.0764695 0.996629 0.0297081 0.101563 0.968305 -0.0813357 0.236157 28.9231
0.100585 0.0847762 -0.99131 -16.0657 0.0798712 0.992459 0.0929788 0.0692641 0.991717 -0.0885294 0.0930554 29.1012
0.0159354 0.130692 -0.991295 -16.371 -0.0596711 0.989778 0.129533 0.0297908 0.998091 0.0570875 0.0235711 29.4946
0.319391 0.3166 -0.893171 -16.493 -0.17984 0.94566 0.270896 -0.0250784 0.930402 0.0741057 0.358972 30.0124
0.586024 0.384193 -0.713422 -16.4203 -0.328356 0.917516 0.224381 -0.0811984 0.740782 0.102764 0.663839 30.5638
0.809548 0.286555 -0.512366 -16.5092 -0.198801 0.955024 0.220016 0.0167585 0.552369 -0.0762549 0.830105 30.7797
0.707638 0.0977855 -0.699776 -16.6239 0.0836121 0.97183 0.220353 0.155472 0.701611 -0.21444 0.679528 31.0064
0.48856 0.012313 -0.872444 -16.8357 0.216675 0.966867 0.134981 0.20521 0.845199 -0.254983 0.469704 30.8257
0.0890337 0.121352 -0.988608 -16.9878 -0.0405281 0.99217 0.118139 0.102129 0.995204 0.0295481 0.0932547 30.7111
-0.260512 0.291895 -0.920288 -17.0488 -0.064079 0.945873 0.318149 -0.0217199 0.963342 0.141853 -0.227707 30.5499
-0.447292 0.369711 -0.814398 -17.0088 -0.0463148 0.899768 0.433904 -0.0977231 0.893188 0.2318 -0.385336 30.7104
-0.404477 0.321282 -0.856257 -17.1395 0.0237596 0.939638 0.341344 -0.206957 0.91424 0.117721 -0.387695 31.0168
-0.297206 -0.00425728 -0.954804 -17.1908 0.21111 0.974948 -0.0700602 -0.155013 0.931183 -0.222391 -0.288862 31.1772
-0.354521 -0.114891 -0.927963 -17.2584 0.221378 0.953894 -0.202677 -0.235292 0.908464 -0.277284 -0.312741 31.4081
-0.278692 0.155072 -0.947778 -17.5114 0.0700845 0.98753 0.140968 -0.4027 0.95782 -0.0271378 -0.286085 31.5083
-0.218424 0.281946 -0.934236 -17.9271 -0.0105638 0.956613 0.291169 -0.641883 0.975797 0.0734672 -0.205969 31.6063
0.125575 0.414713 -0.901246 -18.0057 -0.181345 0.902727 0.390127 -0.674091 0.975369 0.114446 0.188566 31.7522
0.389002 0.520328 -0.760222 -18.0493 -0.385701 0.841399 0.378528 -0.714279 0.836608 0.14597 0.527996 31.7926
0.758468 0.367965 -0.537892 -17.8843 -0.372992 0.921906 0.104717 -0.833558 0.534418 0.121204 0.836485 31.9889
0.898831 0.387229 -0.205321 -17.7953 -0.388821 0.920677 0.0342315 -0.840869 0.20229 0.0490646 0.978096 32.0232
0.946645 0.294929 0.129922 -17.9339 -0.304565 0.950508 0.061443 -0.906969 -0.105371 -0.0977345 0.989619 32.0544
0.964139 0.264149 0.0257227 -17.9602 -0.263376 0.964229 -0.0299052 -1.09609 -0.032702 0.022058 0.999222 32.341
0.981257 0.192563 -0.00730626 -18.1016 -0.192649 0.981171 -0.0137538 -1.21713 0.00452022 0.0149036 0.999879 32.5532
0.912019 0.300872 -0.278744 -18.3128 -0.308168 0.951155 0.018371 -1.26283 0.270656 0.0691451 0.96019 32.7056
0.886309 0.196162 -0.419495 -18.3163 -0.258995 0.960907 -0.0978706 -1.41818 0.383898 0.195391 0.902466 32.9793
0.88959 0.283364 -0.358239 -18.4889 -0.290514 0.956232 0.0349583 -1.56155 0.352465 0.072975 0.932975 33.2131
0.905159 0.240031 -0.350816 -18.6721 -0.208577 0.969924 0.125468 -1.57312 0.370382 -0.0403965 0.928001 33.2107
0.945072 -0.00442116 -0.326833 -18.773 0.0977488 0.957973 0.269692 -1.46763 0.311905 -0.286826 0.905785 33.1452
0.926548 0.0823956 -0.367041 -18.7438 0.00157947 0.974856 0.222829 -1.50698 0.376173 -0.207041 0.903121 33.2637
0.870425 0.223848 -0.438466 -18.8292 -0.152033 0.969336 0.193062 -1.76673 0.468237 -0.101385 0.877767 33.7193
0.690447 0.243007 -0.681344 -18.9977 -0.130879 0.968307 0.212727 -1.87323 0.711444 -0.0577038 0.700369 33.8879
0.338494 0.370943 -0.864768 -18.9359 -0.215963 0.925112 0.312294 -1.93597 0.91585 0.0810481 0.393255 33.9991
0.13858 0.406076 -0.903271 -18.9656 -0.168009 0.90849 0.382646 -2.1103 0.975996 0.0987301 0.194123 34.1889
-0.0583525 0.390437 -0.918779 -18.805 -0.123 0.910523 0.39474 -2.14204 0.99069 0.136044 -0.00510756 34.4246
-0.0384213 0.339472 -0.939831 -18.7803 -0.0875773 0.935762 0.341583 -2.3879 0.995417 0.0954319 -0.00622317 34.8384
0.0274952 0.325256 -0.945226 -19.0658 -0.0940485 0.942231 0.32149 -2.54747 0.995188 0.0800576 0.0564967 35.108
0.396754 0.266362 -0.878429 -19.1159 -0.0664912 0.962798 0.261913 -2.65375 0.915514 -0.045507 0.399705 35.4229
0.616593 0.0926954 -0.781806 -19.3488 0.0841271 0.979601 0.182496 -2.73103 0.782774 -0.178297 0.596217 35.6055
0.665166 0.0424796 -0.745486 -19.5917 0.0971539 0.98497 0.142812 -2.90576 0.740348 -0.167421 0.651041 35.9403
0.757627 0.162078 -0.632244 -19.6674 -0.0622609 0.982207 0.177183 -3.07831 0.649712 -0.0948748 0.754237 36.3225
0.859651 0.276481 -0.429603 -19.7757 -0.246772 0.961019 0.124687 -3.27908 0.44733 -0.00117341 0.894368 36.5259
0.942697 0.249567 -0.221446 -19.7049 -0.2515 0.967653 0.019894 -3.43971 0.219248 0.0369397 0.97497 36.8294
0.937298 0.331294 0.108243 -19.6601 -0.323515 0.94254 -0.0834058 -3.59046 -0.129655 0.0431578 0.990619 37.0189
0.839435 0.389237 0.379266 -19.5063 -0.32761 0.919246 -0.218308 -3.63715 -0.433612 0.0590038 0.899166 37.0883
0.812415 0.397932 0.426183 -19.4241 -0.256035 0.900143 -0.352404 -3.67112 -0.523859 0.177181 0.833174 37.2014
0.858391 0.3594 0.366057 -19.5652 -0.26416 0.92136 -0.285157 -3.76632 -0.439756 0.148079 0.885826 37.7303
0.623039 0.3655 0.691544 -19.4227 -0.102761 0.914696 -0.390861 -3.76579 -0.775412 0.172457 0.60745 37.8629
0.228638 0.43911 0.868854 -19.4083 0.0598714 0.884463 -0.462754 -3.78377 -0.971669 0.157823 0.175932 37.875
-0.190009 0.44142 0.876952 -19.4796 0.224266 0.889123 -0.398955 -3.77063 -0.955825 0.120866 -0.267937 37.8111
-0.522956 0.296588 0.799095 -19.5923 0.137214 0.954575 -0.264498 -3.70337 -0.841243 -0.0286742 -0.539896 37.8468
-0.512095 0.0293932 0.858426 -19.6138 -0.129837 0.985281 -0.111191 -3.5973 -0.849059 -0.168396 -0.500741 37.9235
-0.643077 -0.216622 0.734525 -19.6396 -0.461217 0.875247 -0.145673 -3.45434 -0.611335 -0.432454 -0.662762 38.0033
-0.824153 -0.287817 0.487783 -19.6738 -0.482055 0.808581 -0.337372 -3.43688 -0.297311 -0.513185 -0.805138 37.9748
-0.855037 -0.421506 0.302066 -19.6681 -0.518527 0.702113 -0.488024 -3.41331 -0.00637956 -0.573908 -0.818895 38.0007
-0.765596 -0.435283 0.4737 -19.5414 -0.630261 0.655118 -0.416644 -3.4236 -0.128971 -0.617535 -0.775897 37.9576
-0.638635 -0.301986 0.707778 -19.4199 -0.554705 0.818149 -0.151439 -3.44433 -0.533336 -0.489322 -0.690012 37.7562
-0.628748 -0.134116 0.765956 -19.1753 -0.367947 0.919078 -0.141108 -3.4961 -0.685048 -0.370553 -0.627216 37.6517
-0.385323 -0.0874965 0.918624 -19.2644 -0.267007 0.963482 -0.0202289 -3.54008 -0.883308 -0.253074 -0.394614 37.4418
-0.425203 0.0451167 0.903973 -19.0184 -0.190261 0.971985 -0.138005 -3.59331 -0.884874 -0.230671 -0.404707 37.2577
-0.320632 -0.0509036 0.945835 -19.0431 -0.258095 0.965466 -0.0355323 -3.44188 -0.911363 -0.255508 -0.322697 36.8028
-0.529584 -0.113805 0.840589 -18.9517 -0.383318 0.916116 -0.117466 -3.39717 -0.756708 -0.384421 -0.528784 36.6134
-0.8093 -0.0184214 0.587106 -18.9579 -0.20636 0.944714 -0.254816 -3.31056 -0.549954 -0.327378 -0.768358 36.4313
-0.84259 0.0717335 0.533757 -19.1769 -0.027308 0.984124 -0.175369 -3.20944 -0.537862 -0.16234 -0.827254 36.0993
-0.77046 -0.000932312 0.637487 -19.215 -0.124105 0.981086 -0.148557 -3.0635 -0.625291 -0.193572 -0.756003 35.8305
-0.516898 -0.0732913 0.852903 -19.3201 -0.23947 0.968931 -0.0618678 -2.93602 -0.82187 -0.236224 -0.51839 35.5548
-0.188589 -0.0568441 0.98041 -19.2979 -0.266551 0.96381 0.0046087 -2.85774 -0.94519 -0.26046 -0.196915 35.4753
0.143117 -0.0421997 0.988806 -19.0976 -0.247747 0.965754 0.0770741 -2.7805 -0.958196 -0.256004 0.127761 35.4158
0.176289 -0.0361952 0.983673 -19.0847 -0.240903 0.967348 0.0787679 -2.59471 -0.954405 -0.250855 0.161813 35.0704
-0.0320827 -0.0782655 0.996416 -18.8945 -0.353779 0.933278 0.0619151 -2.45344 -0.934779 -0.350524 -0.0576307 34.8208
-0.22764 -0.222588 0.947963 -18.8075 -0.422679 0.899611 0.109735 -2.39483 -0.877224 -0.375705 -0.29887 34.6836
-0.464091 -0.224163 0.856954 -18.782 -0.346308 0.936364 0.0573886 -2.27409 -0.815285 -0.270136 -0.512188 34.3355
-0.632809 -0.379297 0.675045 -18.7409 -0.523299 0.852067 -0.0117946 -2.16253 -0.570711 -0.360715 -0.737682 34.307
-0.656096 -0.2997 0.692617 -18.6691 -0.438303 0.898438 -0.0264321 -2.04577 -0.614352 -0.320918 -0.720821 34.0511
-0.648182 -0.281019 0.707735 -18.4285 -0.454855 0.888272 -0.0638766 -1.86864 -0.61071 -0.36332 -0.703585 33.8674
-0.706893 -0.166959 0.687333 -18.2677 -0.288867 0.955155 -0.0650721 -1.77126 -0.645645 -0.244547 -0.723422 33.5059
-0.840061 -0.20766 0.501173 -18.1506 -0.286919 0.954124 -0.0855917 -1.59044 -0.460407 -0.215698 -0.861104 33.2581
-0.739219 -0.303974 0.600961 -18.2141 -0.38769 0.921728 -0.0106614 -1.40286 -0.550682 -0.240868 -0.799207 32.8807
-0.470147 -0.297431 0.830961 -18.0477 -0.362301 0.923561 0.125591 -1.36103 -0.804798 -0.242012 -0.541969 32.7656
-0.163713 -0.268828 0.949173 -17.9086 -0.250398 0.941968 0.223599 -1.24841 -0.954201 -0.201065 -0.221527 32.7807
0.184373 -0.24276 0.952404 -17.8228 -0.200784 0.939278 0.278284 -1.1782 -0.962129 -0.242536 0.124436 32.6129
0.153479 -0.192389 0.969242 -17.5942 -0.235909 0.945367 0.225006 -1.02747 -0.959579 -0.263186 0.0997075 32.4032
0.119903 -0.318525 0.940301 -17.5234 -0.325896 0.882021 0.340339 -0.808698 -0.937771 -0.347248 0.00195082 32.0924
0.0795993 -0.229455 0.970059 -17.2047 -0.325324 0.913883 0.242862 -0.747203 -0.942246 -0.334915 -0.00190269 32.0103
-0.243698 -0.311216 0.918562 -17.162 -0.358774 0.908857 0.212744 -0.574386 -0.901051 -0.277711 -0.333143 31.8426
-0.492095 -0.302615 0.816252 -17.2771 -0.387278 0.915842 0.106058 -0.441463 -0.779653 -0.263926 -0.567878 31.4311
-0.654181 -0.254818 0.71212 -17.1174 -0.377574 0.925849 -0.0155584 -0.293645 -0.655351 -0.279056 -0.701885 31.2186
-0.839035 -0.317798 0.441616 -17.2149 -0.390792 0.916751 -0.0827552 -0.268719 -0.378553 -0.242014 -0.89338 31.1191
-0.938537 -0.0935145 0.33227 -17.1936 -0.16161 0.969626 -0.183595 -0.165249 -0.305009 -0.226009 -0.925143 30.6245
-0.765847 -0.137408 0.628169 -16.9668 -0.249011 0.964053 -0.0927065 0.00204376 -0.59285 -0.22742 -0.772534 30.6216
-0.745961 -0.0386654 0.664866 -16.4302 -0.201513 0.964621 -0.169994 0.140252 -0.634771 -0.260789 -0.727361 30.3947
-0.474682 -0.127743 0.870838 -16.167 -0.261825 0.965115 -0.00114442 0.177344 -0.840313 -0.22855 -0.491568 30.4011
-0.125981 -0.163696 0.978434 -15.9284 -0.299432 0.946565 0.11981 0.195769 -0.945764 -0.27788 -0.168265 30.4764
0.253677 -0.126206 0.95902 -15.785 -0.213408 0.959719 0.182748 0.172995 -0.943454 -0.251021 0.216526 30.5817
0.550655 -0.208809 0.808194 -15.6083 -0.0871984 0.94852 0.304476 0.209968 -0.830166 -0.238134 0.5041 30.6567
0.686963 -0.168688 0.706842 -15.3625 -0.0778147 0.950016 0.302348 0.195711 -0.722514 -0.262705 0.6395 30.8028
0.773444 -0.128042 0.620797 -15.3261 -0.0845635 0.949787 0.301254 0.163544 -0.628198 -0.2855 0.72378 31.0423
0.89628 -0.215192 0.387782 -15.1196 0.0815792 0.939467 0.332785 0.190821 -0.435921 -0.266633 0.859581 31.1623
0.950215 -0.124986 0.285429 -15.0187 0.016345 0.934759 0.354906 0.125331 -0.311165 -0.332572 0.890265 31.6404
0.980086 -0.136885 -0.143853 -14.9223 0.167515 0.958954 0.228792 0.122629 0.10663 -0.248333 0.962788 32.0227
0.879939 -0.153964 -0.449446 -15.1526 0.289074 0.924266 0.249337 0.115904 0.377019 -0.349324 0.857805 32.3022
0.588895 -0.216634 -0.778635 -15.4201 0.386975 0.921374 0.0363286 0.139821 0.709544 -0.322706 0.626425 32.5343
0.326944 -0.168697 -0.929865 -15.551 0.314711 0.947213 -0.0611903 0.147471 0.891103 -0.272633 0.362777 32.7283
0.110656 -0.0151595 -0.993743 -15.8761 0.258186 0.965993 0.0140136 0.097038 0.959737 -0.258122 0.110807 32.8697
-0.193868 -0.139615 -0.971042 -15.9999 0.188265 0.966129 -0.176496 0.148156 0.962794 -0.21703 -0.161017 33.1812
0.0304256 -0.0272329 -0.999166 -16.344 0.228166 0.973425 -0.0195835 0.119187 0.973147 -0.22738 0.0358307 33.3927
0.0882947 -0.0282667 -0.995693 -16.5635 0.15157 0.988338 -0.0146172 0.133924 0.984495 -0.149626 0.0915494 33.7975
0.33846 0.117379 -0.933631 -16.8724 0.224151 0.953571 0.201145 0.0921589 0.913893 -0.277354 0.296435 34.0775
0.473125 -0.0959091 -0.875759 -16.8571 0.286056 0.956921 0.0497433 0.164274 0.833261 -0.274051 0.480179 34.4537
0.73427 -0.130592 -0.666178 -16.9077 0.326524 0.928292 0.177924 0.173114 0.595172 -0.348167 0.724259 34.7691
0.805936 -0.238726 -0.541735 -16.9294 0.354859 0.927277 0.1193 0.211336 0.473858 -0.288388 0.83204 35.2543
0.901421 -0.22001 -0.372875 -17.0208 0.318928 0.919887 0.228239 0.235787 0.292788 -0.32466 0.899373 35.7977
0.822491 -0.229111 -0.520593 -17.1255 0.32231 0.941886 0.0946997 0.225838 0.468642 -0.245682 0.848537 36.26
0.64144 -0.230399 -0.731759 -17.4334 0.355924 0.934345 0.0178086 0.20399 0.679612 -0.271873 0.681331 36.7229
0.450317 -0.210422 -0.86772 -17.6515 0.388396 0.921234 -0.0218345 0.220675 0.803967 -0.327186 0.496574 37.2486
0.127816 -0.218878 -0.967345 -18.0059 0.252611 0.950362 -0.181658 0.231143 0.959089 -0.221143 0.176762 37.6639
-0.159617 -0.0988593 -0.982217 -18.2275 0.191864 0.972893 -0.1291 0.181769 0.968355 -0.209059 -0.136322 37.7438
-0.419031 -0.059482 -0.906022 -18.6416 0.0931275 0.989774 -0.108052 0.165427 0.903183 -0.129652 -0.409206 37.866
-0.756908 -0.107991 -0.644537 -18.7521 -0.0368482 0.991736 -0.122891 0.18987 0.652482 -0.0692675 -0.754632 37.8196
-0.919572 -0.0785904 -0.384983 -18.9639 0.039035 0.956673 -0.288535 0.159938 0.390979 -0.280356 -0.876662 37.5678
-0.98526 -0.164061 -0.0484336 -19.1379 -0.152168 0.969924 -0.189979 0.165589 0.078145 -0.179809 -0.980593 37.3918
-0.926368 -0.255418 0.276774 -19.1974 -0.297776 0.946674 -0.123034 0.202151 -0.23059 -0.196392 -0.953026 37.2957
-0.804171 -0.241295 0.543218 -19.1103 -0.311808 0.949306 -0.0399185 0.213794 -0.506048 -0.201481 -0.838642 36.8474
-0.582338 -0.356344 0.730686 -19.1184 -0.373989 0.915482 0.148406 0.415381 -0.721813 -0.186846 -0.666389 36.3724
-0.411788 -0.424729 0.806248 -19.047 -0.526701 0.832925 0.169771 0.621396 -0.743651 -0.354742 -0.566694 36.1589
-0.193499 -0.3696 0.90882 -19.0943 -0.385246 0.880549 0.276079 0.788558 -0.902299 -0.296699 -0.312773 35.8004
-0.0371663 -0.305248 0.951547 -18.9328 -0.380227 0.884905 0.269018 0.937255 -0.924146 -0.351805 -0.148952 35.5569
0.295177 -0.189067 0.936549 -19.032 -0.259779 0.927416 0.269099 1.03043 -0.919448 -0.322727 0.224637 35.399
0.408958 0.105857 0.906392 -19.2311 -0.16788 0.985024 -0.039294 0.906912 -0.896978 -0.136096 0.420605 35.388
0.0607443 0.248066 0.966837 -19.2822 -0.0669257 0.967458 -0.24402 0.821102 -0.995907 -0.0498833 0.0753696 35.1671
-0.357231 0.147925 0.922228 -19.2111 0.00451518 0.987641 -0.156668 0.978128 -0.934005 -0.0518028 -0.353484 34.7194
-0.639122 0.115444 0.760391 -19.2084 -0.0407597 0.982197 -0.183378 1.15176 -0.768024 -0.148194 -0.623039 34.3859
-0.595689 -0.0516506 0.801552 -19.2125 -0.199934 0.976055 -0.0856898 1.37992 -0.777933 -0.211302 -0.591752 34.1147
-0.571899 -0.130391 0.809895 -18.9651 -0.280173 0.958966 -0.043451 1.56724 -0.770996 -0.25176 -0.584964 33.9759
-0.339792 -0.253456 0.905705 -18.669 -0.454657 0.887269 0.0777238 1.71106 -0.823303 -0.385375 -0.416723 34.1095
-0.176695 -0.317324 0.93171 -18.6268 -0.403342 0.886818 0.225542 1.71655 -0.897827 -0.335946 -0.284687 34.0414
-0.328159 -0.24079 0.913418 -18.5096 -0.296342 0.944393 0.142491 1.88647 -0.896936 -0.223924 -0.381267 33.7432
-0.61223 -0.107643 0.783318 -18.5616 -0.176353 0.984324 -0.00256959 1.87562 -0.770762 -0.139714 -0.621616 33.377
-0.583674 -0.0928667 0.80666 -18.2901 -0.156442 0.987687 0.000511263 2.0889 -0.796775 -0.125897 -0.591015 33.116
-0.14211 -0.10008 0.984779 -18.0184 -0.12862 0.988308 0.0818778 2.14983 -0.981459 -0.115027 -0.15332 33.1653
0.206158 -0.0491281 0.977285 -17.8171 -0.070246 0.995419 0.064858 2.24688 -0.975994 -0.0820213 0.201762 33.1045
0.190166 -0.0263692 0.981398 -17.5142 -0.146313 0.987714 0.05489 2.38235 -0.970788 -0.154029 0.183971 32.9697
-0.157715 -0.140703 0.977409 -17.4152 -0.124625 0.984719 0.121645 2.50428 -0.979589 -0.102624 -0.17284 32.5731
-0.370486 -0.0381966 0.928052 -17.2745 -0.146457 0.989058 -0.0177594 2.63107 -0.917219 -0.142499 -0.372027 32.2809
-0.721053 -0.0438408 0.691492 -17.401 -0.103042 0.993683 -0.044447 2.73109 -0.685175 -0.103301 -0.721016 32.0487
-0.863385 -0.0924071 0.496011 -17.625 -0.0653846 0.995287 0.0716103 2.87361 -0.500291 0.0293958 -0.865358 31.8562
-0.937547 -0.0927705 0.33526 -17.6021 -0.064081 0.993348 0.0956707 2.90738 -0.341905 0.068212 -0.937256 31.7323
-0.853756 -0.167678 0.492935 -17.4861 -0.160862 0.985354 0.0565699 3.06897 -0.495201 -0.0309976 -0.868225 31.5399
-0.892913 -0.0569277 0.446616 -17.2115 -0.0218926 0.996291 0.0832221 3.15406 -0.449697 0.0645325 -0.890847 31.3295
-0.938695 -0.00218569 0.344743 -17.2997 0.0359898 0.993895 0.104297 3.28236 -0.342866 0.110311 -0.932885 31.0754
-0.989265 0.0651042 0.130833 -16.9971 0.0730231 0.995719 0.0566654 3.45124 -0.126583 0.0656109 -0.989784 31.0146
-0.983491 0.166416 -0.0710666 -16.9583 0.162407 0.984963 0.0589199 3.54325 0.0798032 0.0464055 -0.99573 30.6969
-0.906681 0.148877 -0.394672 -16.7988 0.107725 0.986343 0.124589 3.65777 0.40783 0.0704461 -0.910336 30.6417
-0.684529 0.229286 -0.691988 -16.7838 0.169508 0.973293 0.154813 3.74076 0.709004 -0.0113236 -0.705114 30.7128
-0.331867 0.250434 -0.909476 -16.8238 0.0652494 0.967901 0.242713 3.75241 0.941067 0.0212058 -0.337556 30.7542
0.0198409 0.268634 -0.963038 -16.6334 -0.0312225 0.962924 0.267959 3.73781 0.999316 0.0247519 0.0274926 30.6611
0.160422 0.219492 -0.962335 -16.2969 -0.0836501 0.974478 0.208317 3.77001 0.983498 0.0470808 0.174688 30.5735
0.0697765 0.311465 -0.947692 -16.1914 -0.198095 0.935414 0.292845 3.70409 0.977696 0.1673 0.12697 30.5307
0.03742 0.309706 -0.950096 -16.1887 -0.203019 0.93329 0.296231 3.71197 0.978459 0.181803 0.0977999 30.5247
-0.997574 0.0117706 0.0686149 -134.689 0.00240854 0.990848 -0.13496 11.534 -0.0695755 -0.134467 -0.988473 1.98696
-0.997908 0.0579567 0.0286617 -134.514 0.054034 0.990987 -0.122579 11.4381 -0.0355077 -0.120774 -0.992045 1.67561
-0.972642 0.085037 -0.216187 -134.483 0.108329 0.989247 -0.0982611 11.4925 0.205506 -0.118992 -0.971395 1.05061
-0.860741 0.229109 -0.45457 -134.63 0.208316 0.973327 0.0961171 11.3813 0.464466 -0.0119623 -0.88551 0.357952
-0.739137 0.31378 -0.596003 -134.861 0.242906 0.949494 0.198642 11.3855 0.628231 0.00205107 -0.778024 -0.232373
-0.495668 0.261349 -0.828257 -135.046 0.142877 0.965195 0.219054 11.4194 0.856679 -0.00976131 -0.515758 -0.53936
-0.182137 0.335125 -0.924401 -135.27 -0.0121139 0.93929 0.342909 11.4007 0.983199 0.0736545 -0.16702 -0.6481
0.241453 0.317715 -0.916928 -135.295 -0.105055 0.94789 0.300779 11.4417 0.964709 0.0237044 0.262248 -0.687045
0.600942 0.100022 -0.79301 -135.226 0.0582444 0.984022 0.168252 11.627 0.797168 -0.147298 0.585514 -0.825816
0.725482 -0.0878671 -0.682609 -135.049 0.223663 0.968083 0.113097 11.7164 0.650884 -0.234724 0.721979 -0.854643
0.7446 -0.0505912 -0.665591 -135.019 0.214783 0.962254 0.167138 11.6612 0.632012 -0.267408 0.727361 -0.85362
0.711897 0.131302 -0.6899 -135.129 0.0630835 0.966439 0.249029 11.5606 0.699444 -0.220804 0.679723 -0.938623
0.474991 0.245618 -0.845018 -135.051 0.0223163 0.956587 0.290592 11.494 0.879708 -0.156886 0.448889 -0.956114
0.188954 0.202623 -0.960854 -135.056 0.188663 0.952761 0.238017 11.4729 0.963692 -0.226252 0.141801 -1.18598
-0.162187 0.235066 -0.958352 -134.993 0.230298 0.953407 0.194879 11.4729 0.959509 -0.1891 -0.208766 -1.49315
-0.477252 0.237327 -0.846112 -134.93 0.256617 0.958512 0.124108 11.4633 0.840463 -0.157896 -0.518354 -1.60809
-0.756582 0.286028 -0.588023 -134.952 0.299916 0.950882 0.0766422 11.4716 0.581062 -0.118372 -0.805205 -1.78671
-0.925476 0.289642 -0.244134 -134.945 0.301886 0.953249 -0.0134643 11.4299 0.228821 -0.0861616 -0.969648 -1.95926
-0.869435 0.350516 0.348169 -134.871 0.325204 0.936557 -0.130781 11.2567 -0.371921 -0.000480025 -0.928264 -2.25664
-0.659269 0.375239 0.651582 -134.92 0.317578 0.924446 -0.211055 11.0623 -0.681549 0.0677862 -0.728626 -2.45932
-0.60235 0.255583 0.756209 -134.756 0.18201 0.966375 -0.181636 10.8733 -0.777205 0.0282297 -0.628614 -2.77377
-0.818387 0.065016 0.570977 -134.83 -0.0763609 0.972465 -0.220181 10.8099 -0.569571 -0.223794 -0.790889 -2.99476
-0.773832 -0.158126 0.613335 -134.646 -0.308555 0.939778 -0.14701 10.6611 -0.553153 -0.303008 -0.776021 -3.23724
-0.910422 -0.0978875 0.401932 -134.668 -0.171301 0.973593 -0.150906 10.5115 -0.376546 -0.20624 -0.903149 -3.52666
-0.910049 0.0458215 0.41196 -134.505 -0.0988737 0.941184 -0.323105 10.1594 -0.402535 -0.334774 -0.851993 -3.94865
-0.884641 0.0764309 0.459967 -134.578 0.0453428 0.9959 -0.0782785 10.0083 -0.464064 -0.0483922 -0.884479 -4.17439
-0.933368 -0.0286217 0.357778 -134.603 -0.000946406 0.997008 0.0772903 9.96334 -0.358919 0.0718017 -0.930603 -4.73839
-0.945172 0.0444046 0.323539 -134.695 0.0809636 0.991645 0.100424 9.92059 -0.316376 0.121113 -0.940871 -4.78561
-0.85522 -0.0558551 0.515246 -134.678 -0.0283161 0.997726 0.0611584 9.93872 -0.51749 0.0377141 -0.854858 -4.70924
-0.82148 -0.106454 0.560213 -134.913 -0.110693 0.993502 0.0264729 9.96832 -0.559391 -0.0402648 -0.827925 -5.02165
-0.663486 -0.0563932 0.746061 -134.888 -0.0828544 0.99656 0.00164403 9.96668 -0.743587 -0.0607236 -0.665876 -5.53493
-0.381829 -0.0438206 0.923194 -134.739 -0.223283 0.973661 -0.0461329 9.95226 -0.896856 -0.223748 -0.381557 -5.93839
-0.190321 -0.0287251 0.981302 -134.495 -0.261046 0.965067 -0.0223795 9.86651 -0.946379 -0.260424 -0.191171 -6.71204
-0.120721 -0.0904357 0.988558 -134.176 -0.205452 0.976556 0.0642482 9.86892 -0.971193 -0.195345 -0.136471 -7.1961
-0.564982 -0.129439 0.814887 -133.764 -0.306367 0.949923 -0.0615229 9.91611 -0.766117 -0.284414 -0.576345 -7.83419
-0.834857 -0.134878 0.533687 -133.616 -0.246029 0.958719 -0.142573 9.93433 -0.492426 -0.25033 -0.833577 -8.09566
-0.860683 -0.131022 0.491994 -133.326 -0.232133 0.961023 -0.15016 9.83878 -0.453144 -0.243448 -0.857551 -8.87971
-0.799277 -0.0402503 0.599614 -133.186 -0.255138 0.9261 -0.277929 9.78794 -0.544115 -0.375126 -0.750479 -9.74077
-0.806746 -0.256302 0.532419 -133.197 -0.234635 0.965903 0.109447 9.75644 -0.542316 -0.0366282 -0.839375 -10.1416
-0.957209 -0.280646 0.0706364 -133.4 -0.286762 0.952674 -0.100894 9.76082 -0.038978 -0.116832 -0.992386 -10.4905
-0.975014 0.074561 0.209255 -133.453 -0.032264 0.884469 -0.465483 9.75417 -0.219787 -0.460604 -0.859964 -10.9315
-0.784477 0.393468 0.479352 -133.418 -0.0109911 0.764009 -0.645112 9.65429 -0.62006 -0.511344 -0.595023 -11.2726
-0.817224 0.00370354 0.576309 -133.607 -0.0834765 0.988673 -0.124726 9.79246 -0.570243 -0.150037 -0.807658 -11.6745
-0.958885 -0.0932525 0.268036 -133.93 -0.0656001 0.991725 0.11035 9.84098 -0.276109 0.0882301 -0.957068 -12.0361
-0.996303 0.000486965 0.0859079 -134.048 -0.0327628 0.922256 -0.385189 9.80785 -0.0794167 -0.386579 -0.918831 -12.3546
-0.947976 -0.288332 0.134929 -134.593 -0.315453 0.907784 -0.276437 9.90591 -0.042781 -0.30462 -0.951513 -13.1552
-0.955075 -0.272478 -0.116564 -135.135 -0.229588 0.928961 -0.290381 9.85078 0.187405 -0.250574 -0.949785 -13.8311
-0.973582 -0.197978 0.113765 -135.593 -0.221549 0.939625 -0.260809 9.88491 -0.0552617 -0.279123 -0.958664 -14.5103
-0.893776 -0.431752 -0.121471 -136.103 -0.43843 0.898135 0.0336469 9.82168 0.09457 0.0833291 -0.992025 -14.8479
-0.82473 -0.345402 -0.447792 -136.627 -0.334195 0.936433 -0.106803 9.79225 0.456217 0.0615659 -0.887736 -15.1636
-0.586367 -0.40954 -0.698893 -137.129 -0.35466 0.905487 -0.233043 9.76971 0.728279 0.111221 -0.676195 -15.2491
-0.459279 -0.134842 -0.877998 -137.48 0.105681 0.973097 -0.204729 9.75231 0.881983 -0.186815 -0.432673 -15.2629
-0.649151 0.143182 -0.747062 -137.63 0.464127 0.85267 -0.239875 9.67553 0.602652 -0.502447 -0.619966 -15.3869
-0.849469 0.228225 -0.475727 -137.906 0.413759 0.84762 -0.332181 9.65138 0.327424 -0.479014 -0.814457 -15.542
-0.993863 0.086167 -0.0693589 -138.204 0.102922 0.950114 -0.294432 9.65382 0.0405285 -0.299764 -0.953152 -15.6999
-0.93092 0.0511148 0.361629 -138.328 -0.031684 0.975122 -0.219392 9.64642 -0.363846 -0.215694 -0.906141 -15.8481
-0.841389 -0.0675463 0.536193 -138.603 -0.268698 0.913122 -0.306609 9.67425 -0.468899 -0.402051 -0.78644 -16.0769
-0.545133 -0.0737685 0.835098 -138.875 -0.329329 0.934887 -0.132395 9.62351 -0.770955 -0.347195 -0.533932 -16.2451
-0.28841 0.0240591 0.957205 -139.043 -0.344784 0.930015 -0.127261 9.64574 -0.893277 -0.366732 -0.259931 -16.546
-0.045636 -0.0693584 0.996547 -139.363 -0.332262 0.941843 0.0503354 9.66208 -0.942082 -0.328818 -0.0660271 -16.6276
0.10738 0.0209979 0.993996 -139.514 -0.274257 0.961611 0.00931394 9.65516 -0.955642 -0.273611 0.109017 -16.3704
0.417984 0.0194214 0.908247 -139.513 -0.227356 0.970192 0.0838856 9.68908 -0.879545 -0.241558 0.40994 -16.1503
0.440838 -0.0773562 0.894247 -139.077 -0.238705 0.950299 0.199879 9.81216 -0.865264 -0.301576 0.400462 -16.1005
0.457131 -0.14232 0.877939 -138.607 -0.230549 0.934411 0.271519 9.78984 -0.858999 -0.326528 0.394336 -16.1346
0.151753 -0.167777 0.974075 -138.214 -0.3344 0.918661 0.210329 9.80601 -0.930133 -0.357649 0.0833051 -16.1044
0.418672 -0.190103 0.888017 -137.847 -0.184133 0.939763 0.287994 9.77639 -0.889274 -0.284088 0.358448 -16.0932
0.265032 -0.266683 0.926627 -137.306 -0.264737 0.903938 0.335873 9.80351 -0.927185 -0.334329 0.168971 -16.2628
0.567654 -0.172991 0.804887 -136.795 -0.113166 0.951997 0.28442 9.77613 -0.815452 -0.252538 0.520828 -16.3705
0.860662 -0.168145 0.480612 -136.423 0.0191915 0.953943 0.299375 9.74679 -0.508814 -0.248437 0.824249 -16.0129
0.981656 -0.120486 0.147763 -136.459 0.0869356 0.972621 0.215524 9.66324 -0.169685 -0.198725 0.965254 -15.8869
0.951546 -0.0730321 -0.298709 -136.482 0.131324 0.974863 0.179989 9.56753 0.278055 -0.210496 0.937218 -15.6718
0.551391 -0.123446 -0.825063 -136.605 0.251477 0.967583 0.0232927 9.60581 0.795442 -0.220328 0.56456 -15.5064
0.496793 -0.202823 -0.843836 -136.99 0.411381 0.911169 0.0231855 9.66724 0.764175 -0.358656 0.5361 -15.307
0.514787 -0.11042 -0.850177 -137.324 0.349406 0.932596 0.0904433 9.61766 0.782885 -0.343616 0.51867 -14.7831
0.562191 -0.135035 -0.815908 -137.355 0.322397 0.944311 0.0658573 9.62848 0.761578 -0.300071 0.574418 -14.4108
0.337451 -0.116437 -0.934114 -136.963 0.375501 0.926603 0.0201503 9.62855 0.863207 -0.357561 0.356405 -14.6278
0.21045 0.0296641 -0.977154 -136.437 0.255117 0.963238 0.0841864 9.63666 0.94373 -0.267006 0.195146 -14.5836
0.412052 -0.0944156 -0.906255 -136.311 0.257165 0.966231 0.0162627 9.63844 0.874116 -0.239758 0.422418 -14.073
0.30738 -0.0570173 -0.949877 -136.227 0.274396 0.961114 0.0311027 9.58851 0.911167 -0.270203 0.311072 -13.4952
0.418869 -0.109951 -0.901365 -136.12 0.332495 0.942275 0.0395707 9.67008 0.844983 -0.316274 0.431248 -12.8384
0.75465 -0.0635032 -0.653047 -135.959 0.2475 0.94933 0.193693 9.63987 0.607657 -0.3078 0.732128 -12.4442
0.8917 -0.147342 -0.427974 -135.76 0.236987 0.957552 0.164108 9.68746 0.385627 -0.24776 0.888767 -11.8394
0.814267 -0.0945571 -0.572737 -135.659 0.0962683 0.994978 -0.0274018 9.63598 0.572452 -0.032824 0.819281 -11.2156
0.94392 -0.0355884 -0.32825 -135.316 0.10275 0.97647 0.189602 9.71582 0.313778 -0.212697 0.925367 -10.4842
0.893879 0.0834714 -0.440468 -135.179 0.0468667 0.95973 0.276985 9.64413 0.445851 -0.268235 0.853971 -10.0291
0.763644 -0.0718039 -0.641632 -135.034 0.145234 0.987431 0.0623498 9.70145 0.62909 -0.1408 0.764474 -9.30873
0.953896 -0.0930155 -0.285359 -134.889 0.104542 0.994196 0.0253945 9.76601 0.281341 -0.0540558 0.958084 -8.90342
0.775608 -0.0835862 -0.625656 -134.815 0.199826 0.972729 0.117764 9.76591 0.59875 -0.216361 0.771159 -8.57827
0.971334 -0.144144 -0.189031 -134.518 0.16728 0.979446 0.112702 9.76299 0.168901 -0.141093 0.975482 -8.43254
0.973528 -0.0710513 0.217243 -134.207 0.0174313 0.970769 0.239384 9.74603 -0.227901 -0.22926 0.946309 -8.40913
0.737871 -0.0777022 0.670454 -133.966 -0.0888065 0.973538 0.210565 9.75735 -0.669073 -0.21491 0.711445 -8.55061
0.428337 -0.134863 0.893498 -133.679 -0.0924496 0.977071 0.191797 9.73114 -0.898877 -0.164757 0.406048 -8.90977
0.0505356 -0.144917 0.988152 -133.397 -0.268088 0.951136 0.153199 9.67955 -0.962068 -0.272654 0.00921559 -9.2752
-0.130038 -0.245108 0.960735 -133.168 -0.264772 0.94236 0.204582 9.77522 -0.955503 -0.227773 -0.187441 -9.73173
-0.438798 -0.191207 0.878007 -133.223 -0.268431 0.960375 0.0749921 9.7277 -0.857556 -0.202778 -0.472736 -10.0697
-0.763421 -0.213395 0.609632 -133.305 -0.372761 0.916364 -0.146034 9.7534 -0.527482 -0.338733 -0.779117 -10.5649
-0.912952 -0.259275 0.315111 -133.491 -0.278029 0.960452 -0.0152529 9.72292 -0.298694 -0.101535 -0.948932 -10.8414
-0.829689 -0.0426986 0.55659 -133.575 -0.180435 0.964061 -0.19501 9.67885 -0.52826 -0.262226 -0.807576 -11.4156
