1 1.5037e-05 -0.00012635 -1.1646e-05 -1.50323e-05 1 3.76131e-05 1.26736e-06 0.00012635 -3.76112e-05 1 -8.58617e-06
0.901422 -0.00960484 -0.432836 4.83433 0.0008974 0.999793 -0.020317 0.219803 0.432941 0.0179258 0.901244 0.270868
0.847239 -0.0336504 -0.530146 5.5917 0.0177093 0.999226 -0.035123 0.224679 0.530917 0.020369 0.847179 0.672651
0.920934 -0.0702999 -0.383325 6.38125 0.0265556 0.992629 -0.118244 0.224711 0.388812 0.0987155 0.916013 1.42104
0.956569 -0.0913324 -0.27683 7.4318 0.0785748 0.995286 -0.0568564 0.263045 0.280718 0.0326351 0.959235 1.82044
0.847574 -0.0534729 -0.527977 8.45573 0.0358602 0.998407 -0.0435503 0.24937 0.529465 0.0179787 0.848141 2.27058
0.555842 -0.0643581 -0.828793 9.18277 0.0887174 0.995897 -0.0178346 0.292605 0.82654 -0.0636151 0.559272 3.10476
0.162983 -0.0636094 -0.984576 9.29348 0.257446 0.96609 -0.0197982 0.402229 0.952448 -0.250249 0.173833 3.35269
-0.238388 0.0271738 -0.97079 9.54931 0.298452 0.953286 -0.0466045 0.454241 0.924174 -0.300844 -0.235362 3.82794
-0.553749 0.00959998 -0.832628 9.60262 0.218066 0.966707 -0.133882 0.479287 0.803622 -0.255705 -0.537407 4.14063
-0.546416 -0.0020025 -0.837511 9.65065 0.0687373 0.996516 -0.0472289 0.405027 0.834688 -0.0833749 -0.544375 4.83022
-0.603669 0.0822495 -0.792981 10.028 0.0395106 0.996528 0.0732837 0.29031 0.796256 0.012908 -0.604823 4.78658
-0.867059 0.111355 -0.485602 10.155 0.0606779 0.991048 0.118918 0.247294 0.494497 0.0736438 -0.866054 4.55209
-0.992479 0.0213552 -0.120541 10.0759 0.0143162 0.998158 0.0589627 0.227459 0.121578 0.0567935 -0.990956 4.22973
-0.976092 -0.00413056 0.217319 9.65419 -0.00116372 0.999904 0.0137782 0.282123 -0.217356 0.0131959 -0.976003 3.65233
-0.819194 -0.00485604 0.573495 9.32297 0.0492211 0.995679 0.0787394 0.257018 -0.5714 0.0927309 -0.815416 3.16627
-0.587291 -0.0149264 0.809238 8.75439 0.00667112 0.999707 0.023281 0.282188 -0.809348 0.0190713 -0.587019 2.36438
-0.573396 -0.0474759 0.817902 8.13524 -0.0610685 0.998019 0.0151185 0.311061 -0.816999 -0.0412791 -0.575159 1.60154
-0.833721 -0.0156737 0.551964 7.57368 -0.0134821 0.999877 0.00802852 0.308598 -0.552021 -0.000748068 -0.83383 0.711065
-0.95858 -0.0446735 0.281298 6.95633 -0.0295999 0.9979 0.0576109 0.271712 -0.283281 0.0468982 -0.957889 -0.149082
-0.814926 0.00319126 0.579556 6.2444 0.0117541 0.99987 0.011022 0.241665 -0.579445 0.0157943 -0.814858 -0.784292
-0.905376 -0.0235885 0.423955 5.17987 -0.0055671 0.999029 0.0436963 0.248379 -0.424574 0.0372014 -0.904629 -1.19037
-0.995498 -0.0060333 0.0945952 4.49294 -0.00114097 0.998663 0.0516876 0.249862 -0.0947805 0.0513469 -0.994173 -1.6744
-0.922757 -0.0861739 -0.375623 4.57103 -0.11452 0.991965 0.0537574 0.24603 0.367973 0.0926213 -0.925212 -1.78651
-0.74753 -0.118278 -0.653612 4.7251 -0.189466 0.981106 0.0391489 0.251954 0.636633 0.153102 -0.755817 -1.82005
-0.469517 -0.0348688 -0.882234 4.92806 -0.204509 0.976341 0.0702498 0.230041 0.858912 0.213409 -0.46554 -1.82563
-0.103233 -0.06032 -0.992827 5.16639 -0.0938686 0.994295 -0.050649 0.263253 0.990218 0.0879666 -0.108306 -1.66251
0.245957 -0.111886 -0.962802 5.19163 0.0232786 0.993711 -0.109531 0.324909 0.969001 0.0045273 0.247014 -1.14975
0.339948 -0.15073 -0.928287 5.24712 0.0428651 0.98853 -0.144814 0.347801 0.939467 0.00943809 0.342509 -0.777276
0.622903 -0.10931 0.774624 2.34996 -0.0875001 0.974241 0.207841 0.138502 -0.77739 -0.197245 0.597294 -0.415296
0.581854 -0.207964 0.786255 2.48129 0.058581 0.97496 0.214525 0.106805 -0.81118 -0.0787628 0.579468 -0.508507
0.465188 -0.239544 0.852185 2.63996 0.0615789 0.969115 0.238798 0.102296 -0.883068 -0.0586092 0.465571 -0.554588
0.618794 -0.356138 0.700185 2.97476 0.0281954 0.900822 0.433271 0.216286 -0.785047 -0.248364 0.567465 -0.888208
0.665017 -0.415329 0.620689 3.36936 0.0288862 0.844782 0.53433 0.270178 -0.746269 -0.337409 0.573792 -0.970231
0.79794 -0.44401 0.407611 3.66113 0.207243 0.837145 0.5062 0.231499 -0.565988 -0.319443 0.760009 -0.967723
0.864424 -0.17406 0.471672 3.99709 0.0794307 0.973657 0.213735 0.141871 -0.49645 -0.147292 0.855478 -0.632394
0.974317 -0.166843 0.151229 4.21045 0.136594 0.971818 0.192124 0.161611 -0.179022 -0.166533 0.969648 -0.249442
0.97699 -0.117567 -0.177959 4.36889 0.133646 0.987697 0.0812008 0.12004 0.166223 -0.103116 0.980682 0.065578
0.863206 -0.0681316 -0.500234 4.33136 0.139922 0.984322 0.107386 0.13152 0.485074 -0.16269 0.859206 0.386924
0.702006 -0.309264 -0.641516 4.33816 0.447643 0.892215 0.0597302 0.240656 0.553898 -0.329101 0.764781 0.588568
0.720624 -0.473558 -0.506402 4.27299 0.645413 0.724996 0.240465 0.307218 0.253266 -0.500123 0.82809 0.700297
0.819097 -0.26166 -0.510504 4.13861 0.385119 0.91038 0.151302 0.197535 0.425162 -0.320536 0.84646 1.11669
0.794489 0.0170029 -0.607041 4.09795 0.0962136 0.983458 0.153469 0.0707868 0.599609 -0.180335 0.77971 1.40704
0.573081 -0.0284417 -0.819005 3.91459 0.120923 0.991392 0.0501851 0.0922981 0.810528 -0.127797 0.571587 1.57113
0.290065 0.00667506 -0.956984 3.91953 0.0719319 0.996995 0.028757 0.0686999 0.9543 -0.0771791 0.288713 1.74761
-0.0345112 -0.0587275 -0.997677 4.10677 0.189885 0.979703 -0.0642379 0.151426 0.9812 -0.191661 -0.0226593 1.584
-0.370296 -0.12651 -0.920259 4.20985 0.11816 0.97622 -0.181749 0.160851 0.921368 -0.176039 -0.346542 1.62626
-0.645277 -0.282644 -0.709739 4.58255 0.0419699 0.914522 -0.402354 0.239828 0.762795 -0.289417 -0.578257 1.61739
-0.854453 -0.269875 -0.443934 4.67963 -0.078966 0.91203 -0.40245 0.212693 0.513492 -0.308819 -0.800598 1.53434
-0.944211 -0.268971 -0.190051 4.59244 -0.183653 0.909029 -0.374083 0.22774 0.273379 -0.31831 -0.907713 1.55115
-0.989409 -0.111373 0.0930951 4.42489 -0.127391 0.973663 -0.189083 0.143854 -0.0695845 -0.19894 -0.977538 1.3976
-0.855552 -0.106614 0.506621 4.35002 -0.183621 0.977438 -0.104395 0.136921 -0.48406 -0.182342 -0.855825 1.1454
-0.589457 -0.166152 0.790528 4.274 -0.269314 0.963051 0.00159829 0.176136 -0.761584 -0.211958 -0.612424 1.07843
-0.289529 -0.156927 0.944218 4.30386 -0.299487 0.95179 0.066353 0.161576 -0.90911 -0.26357 -0.322569 0.940916
0.0585833 -0.184399 0.981104 4.3749 -0.302556 0.933288 0.193478 0.197164 -0.95133 -0.308173 -0.00111589 0.646852
0.142952 -0.0845746 0.986109 4.52321 -0.217548 0.96929 0.114669 0.151679 -0.965524 -0.230918 0.120163 0.25077
-0.253197 -0.027198 0.967032 4.69831 -0.139284 0.990215 -0.00861856 0.0978867 -0.957335 -0.136874 -0.254508 -0.219765
-0.594424 0.057772 0.802074 4.70187 -0.0487621 0.992991 -0.107661 0.0925996 -0.802672 -0.103107 -0.587441 -0.461956
-0.901433 -0.0575306 0.429078 4.72641 -0.152668 0.9697 -0.190718 0.16138 -0.405105 -0.237426 -0.882904 -0.56757
-0.975637 -0.189326 0.110851 4.51825 -0.211463 0.946114 -0.245258 0.188024 -0.0584441 -0.262723 -0.9631 -0.652161
-0.957742 -0.1088 -0.266257 4.25324 -0.0292279 0.957719 -0.286217 0.189082 0.28614 -0.26634 -0.920428 -0.88348
-0.748705 -0.0418346 -0.661582 3.75046 0.0798621 0.985046 -0.152667 0.155286 0.658076 -0.167138 -0.734167 -0.925965
-0.488291 -0.143744 -0.860761 3.38909 0.142092 0.960083 -0.240937 0.212181 0.861035 -0.239954 -0.448375 -1.02366
-0.391472 -0.246897 -0.886449 2.80084 0.173872 0.926132 -0.334734 0.230896 0.903614 -0.285168 -0.319626 -0.920848
-0.340688 -0.23686 -0.909851 2.30565 0.197898 0.927997 -0.315686 0.218205 0.919112 -0.287609 -0.269284 -0.760459
-0.490749 -0.260877 -0.831329 1.76505 0.201667 0.894207 -0.399656 0.259851 0.847641 -0.363783 -0.386221 -0.713972
-0.596591 -0.255407 -0.76082 1.08382 0.0266059 0.941193 -0.336821 0.244252 0.802105 -0.221187 -0.554711 -0.858684
-0.511169 -0.130721 -0.849481 0.46573 0.103413 0.971832 -0.211776 0.150005 0.853236 -0.196101 -0.483252 -1.2064
-0.1852 -0.0955345 -0.978046 -0.0687344 0.122369 0.985275 -0.119412 0.119668 0.975052 -0.141798 -0.170783 -1.26938
0.167892 -0.0889893 -0.981781 -0.267388 0.187615 0.980599 -0.0567986 0.120692 0.967788 -0.174661 0.18133 -1.23172
0.626458 -0.14525 -0.765802 -0.458642 0.236191 0.971666 0.00891731 0.155301 0.742809 -0.186462 0.643014 -0.940474
0.868959 -0.142999 -0.473774 -0.506967 0.211582 0.972786 0.0944522 0.162736 0.447374 -0.182317 0.875567 -0.879253
0.951123 -0.255453 -0.173517 -0.481569 0.287618 0.937353 0.196582 0.144127 0.11243 -0.236881 0.965011 -0.768292
0.905109 -0.419288 0.0705404 -0.412426 0.362179 0.847215 0.388654 0.20221 -0.222721 -0.326226 0.918679 -0.579148
0.803592 -0.575766 0.150774 -0.545592 0.360597 0.672522 0.646285 0.273036 -0.473507 -0.464981 0.748053 -0.377153
0.735056 -0.672679 0.0848257 -0.317508 0.304983 0.439786 0.844733 0.348513 -0.605539 -0.595056 0.528423 -0.0526228
0.73229 -0.673495 -0.100774 -0.0510288 0.471613 0.394803 0.788487 0.357743 -0.491257 -0.624928 0.606739 0.326894
0.744386 -0.62734 -0.228769 0.259601 0.620815 0.524009 0.583098 0.335866 -0.245923 -0.576073 0.779527 0.759297
0.780434 -0.497719 -0.378415 0.265035 0.619772 0.695684 0.363189 0.284351 0.0824917 -0.517976 0.851408 1.14782
0.679794 -0.386465 -0.623318 0.311419 0.446735 0.89223 -0.0659832 0.152363 0.581643 -0.233603 0.77918 1.34739
0.585905 -0.286054 -0.758214 0.287702 0.119146 0.955868 -0.268554 0.0892887 0.801573 0.0670086 0.59413 1.52333
0.363897 -0.200445 -0.909616 -0.00779382 0.107673 0.979076 -0.172676 0.0616936 0.925195 -0.0351051 0.377865 1.85743
0.419879 -0.086611 -0.903438 -0.120789 0.197542 0.980292 -0.00216982 0.0405184 0.885821 -0.177556 0.428713 2.41391
0.480429 -0.136223 -0.86639 -0.42976 0.274774 0.961508 0.00118862 0.0523345 0.832879 -0.238633 0.499366 2.8009
0.676927 -0.0684585 -0.73286 -0.639242 0.1961 0.976452 0.0899198 0.0614976 0.709447 -0.204583 0.674412 3.32696
0.710673 -0.136746 -0.690104 -0.802365 0.184627 0.982798 -0.00461384 0.0627797 0.678864 -0.124133 0.723695 3.94985
0.893207 -0.127155 -0.431292 -0.810865 0.210878 0.965616 0.152042 0.104123 0.397129 -0.226754 0.889309 4.39465
0.823117 -0.245069 -0.512269 -0.789647 0.335757 0.937545 0.0909773 0.158407 0.45798 -0.246883 0.853993 4.86305
0.663474 -0.123122 -0.737999 -1.18307 0.197299 0.980246 0.0138382 0.0825125 0.721717 -0.154788 0.67466 5.40686
0.698314 -0.162835 -0.697024 -1.37992 0.308362 0.947223 0.0876471 0.137572 0.645965 -0.276141 0.711671 5.96905
0.686093 -0.219117 -0.693732 -1.54665 0.354172 0.933537 0.055412 0.158483 0.635483 -0.283718 0.718098 6.48391
0.552605 -0.119773 -0.824792 -1.8453 0.317344 0.945313 0.0753442 0.127214 0.770662 -0.303378 0.560394 6.80928
0.240072 -0.0698007 -0.968242 -1.98902 0.18324 0.98274 -0.0254122 0.0663718 0.953304 -0.171319 0.248719 6.97002
-0.137661 -0.10754 -0.984624 -2.0751 0.160929 0.978451 -0.129366 0.0939576 0.977318 -0.176263 -0.117388 7.13807
-0.396242 -0.136311 -0.907971 -2.28946 0.163877 0.962538 -0.21602 0.113793 0.903403 -0.234392 -0.35906 7.39336
-0.19217 -0.142709 -0.97093 -2.43852 0.106857 0.980445 -0.165257 0.103802 0.975527 -0.135508 -0.173162 7.92587
0.199065 -0.139767 -0.969968 -2.47566 0.167075 0.980127 -0.106943 0.0899974 0.965639 -0.140769 0.21846 8.16957
0.518149 -0.0831383 -0.85124 -2.58028 0.243064 0.968542 0.0533581 0.0874429 0.820025 -0.234553 0.522057 8.39899
0.706803 -0.00370951 -0.707401 -2.71526 0.119326 0.986283 0.114053 0.0604785 0.697274 -0.165024 0.69755 8.92252
0.861352 -0.169128 -0.479029 -2.84594 0.315985 0.916713 0.244521 0.0690207 0.397777 -0.361985 0.843054 9.09107
0.952706 -0.154872 -0.261469 -2.97323 0.217139 0.948861 0.229158 0.0552706 0.212607 -0.275095 0.937614 9.55019
0.956486 -0.0922164 -0.276824 -3.23626 0.171301 0.945503 0.276911 0.0448887 0.236202 -0.312282 0.920157 9.74707
0.888001 -0.165523 -0.429017 -3.38111 0.27515 0.938782 0.20732 0.0651712 0.368437 -0.302145 0.879183 10.1584
0.86024 -0.00278846 -0.509881 -3.6555 0.140619 0.962503 0.231981 0.0104147 0.490115 -0.271258 0.828376 10.7117
0.641924 -0.0894803 -0.761529 -3.73799 0.216401 0.973935 0.0679753 0.0381008 0.735598 -0.208431 0.644556 11.062
0.577646 -0.256573 -0.774917 -3.8391 0.499568 0.861892 0.0870223 0.0951041 0.645567 -0.437392 0.626044 11.4176
0.179749 -0.45358 -0.872901 -3.89216 0.686831 0.693124 -0.21873 0.199682 0.70424 -0.560218 0.436121 11.5042
-0.151562 -0.475654 -0.866477 -3.92283 0.549565 0.688074 -0.473848 0.224954 0.821588 -0.548003 0.157117 11.6952
0.122859 -0.242944 -0.962229 -4.29139 0.4183 0.891917 -0.171782 0.0651644 0.899962 -0.381395 0.211204 12.0679
0.280634 -0.105052 -0.954048 -4.4662 0.110508 0.990919 -0.076606 -0.0569143 0.953432 -0.0839317 0.289695 12.4453
0.388473 -0.0291335 -0.921 -4.57433 0.00406335 0.999545 -0.0299042 -0.0761362 0.921451 0.00787462 0.388414 12.6803
0.634937 -0.163021 -0.755168 -4.75027 0.212243 0.97668 -0.0323876 0.0113881 0.742838 -0.139715 0.65473 12.9822
