1 -0.000387025 0.000507154 3.08104e-05 0.000387346 1 -0.000633937 1.7597e-05 -0.000506909 0.000634133 1 -3.35478e-05
0.901688 -0.0100005 -0.432271 4.83445 0.000974055 0.999777 -0.0210978 0.22158 0.432385 0.0186026 0.901497 0.267927
0.847564 -0.0340438 -0.529599 5.59207 0.0176961 0.999198 -0.03591 0.226497 0.530397 0.0210642 0.847487 0.669243
0.921169 -0.0706439 -0.382697 6.38209 0.026668 0.992533 -0.119025 0.226344 0.388248 0.0994365 0.916175 1.41713
0.956714 -0.091722 -0.276197 7.43288 0.0787764 0.995225 -0.057631 0.264838 0.280164 0.0333786 0.959372 1.81589
0.847898 -0.0538762 -0.527414 8.4571 0.0358456 0.998372 -0.044358 0.25127 0.528945 0.0187056 0.84845 2.26538
0.556348 -0.0647929 -0.82842 9.18464 0.0883578 0.995916 -0.0185542 0.294249 0.826239 -0.0628748 0.5598 3.09913
0.163481 -0.0641709 -0.984457 9.29548 0.256851 0.966237 -0.0203299 0.403735 0.952524 -0.249535 0.174444 3.34706
-0.237916 0.0265915 -0.970922 9.55158 0.297713 0.953506 -0.0468376 0.455527 0.924534 -0.300199 -0.234771 3.82218
-0.553329 0.00902865 -0.832914 9.60509 0.217276 0.966888 -0.133862 0.480376 0.804126 -0.255042 -0.536969 4.13486
-0.545918 -0.00247557 -0.837835 9.65359 0.0679296 0.996573 -0.0472063 0.405648 0.83508 -0.0826845 -0.543879 4.82437
-0.603176 0.081845 -0.793398 10.031 0.0387072 0.996553 0.0733751 0.291122 0.796668 0.013548 -0.604265 4.7804
-0.866764 0.110997 -0.486209 10.1578 0.0599762 0.991042 0.119325 0.24831 0.495099 0.0742658 -0.865657 4.5458
-0.992406 0.0209807 -0.121206 10.0786 0.0138208 0.998126 0.0596139 0.22867 0.12223 0.057486 -0.990836 4.22347
-0.976232 -0.00453656 0.21668 9.65643 -0.00141352 0.999893 0.014566 0.283568 -0.216723 0.0139135 -0.976134 3.64638
-0.819545 -0.00522265 0.572992 9.3247 0.0492909 0.995609 0.079575 0.258694 -0.570891 0.0934586 -0.815689 3.16113
-0.587801 -0.015788 0.808851 8.75545 0.00729601 0.999665 0.0248146 0.285232 -0.808973 0.0204875 -0.587489 2.35952
-0.573921 -0.0485186 0.817472 8.13556 -0.0596116 0.99807 0.017386 0.316235 -0.816738 -0.0387526 -0.575706 1.59701
-0.834047 -0.0177279 0.551409 7.5731 -0.0140019 0.999842 0.0109661 0.317022 -0.551516 0.00142546 -0.834163 0.706841
-0.958565 -0.0487268 0.280675 6.95505 -0.0333857 0.997689 0.0591852 0.282335 -0.28291 0.0473624 -0.957976 -0.153079
-0.814872 -0.00544384 0.579615 6.24348 0.000453515 0.99995 0.0100293 0.253499 -0.579641 0.00843544 -0.814828 -0.791005
-0.906152 -0.0292606 0.421938 5.17835 -0.0120584 0.998986 0.0433812 0.251292 -0.42278 0.034222 -0.905586 -1.19467
-0.995667 -0.0110188 0.0923336 4.48979 -0.00623923 0.998633 0.0518936 0.250626 -0.0927792 0.0510927 -0.994375 -1.67475
-0.921463 -0.0901184 -0.377868 4.56698 -0.119164 0.991397 0.054152 0.250414 0.369737 0.0949274 -0.924274 -1.78442
-0.749287 -0.120089 -0.651267 4.72482 -0.191693 0.980651 0.0397194 0.258614 0.633896 0.154604 -0.757809 -1.8094
-0.468253 -0.0406375 -0.88266 4.92619 -0.204681 0.976759 0.0636139 0.240323 0.859561 0.210451 -0.465688 -1.81977
-0.105116 -0.0626448 -0.992485 5.15259 -0.0945632 0.994121 -0.0527327 0.271793 0.989954 0.0883095 -0.110422 -1.65584
0.247583 -0.109627 -0.962645 5.16489 0.0206938 0.99395 -0.10787 0.32955 0.968646 0.00678597 0.248354 -1.14214
0.338977 -0.150545 -0.928672 5.23253 0.0432975 0.988564 -0.14445 0.347814 0.939798 0.00875602 0.341619 -0.7736
0.622066 -0.107683 0.775525 2.34813 -0.0875105 0.974729 0.205537 0.140033 -0.778059 -0.195724 0.596922 -0.416084
0.581449 -0.206199 0.787019 2.48106 0.0587566 0.975466 0.212163 0.108301 -0.811458 -0.0771198 0.5793 -0.50986
0.464828 -0.238129 0.852778 2.6394 0.062235 0.969559 0.236816 0.103492 -0.883211 -0.057006 0.465498 -0.55589
0.618322 -0.354604 0.70138 2.97445 0.0282648 0.901882 0.431056 0.217591 -0.785416 -0.246707 0.567677 -0.889706
0.664603 -0.413875 0.622101 3.36922 0.0287577 0.846132 0.532197 0.270923 -0.746643 -0.335809 0.574244 -0.972038
0.798057 -0.442448 0.409078 3.66104 0.206478 0.838565 0.504158 0.231731 -0.566103 -0.317881 0.760578 -0.969908
0.864401 -0.171966 0.472481 3.99717 0.0782979 0.974268 0.211354 0.14094 -0.496669 -0.145701 0.855624 -0.635034
0.975121 -0.163637 0.149539 4.21238 0.133898 0.972421 0.190968 0.160189 -0.176664 -0.166194 0.970139 -0.25477
0.9773 -0.114031 -0.178557 4.37057 0.129709 0.988424 0.0787042 0.117858 0.167515 -0.100078 0.980777 0.0611054
0.862679 -0.0697635 -0.500918 4.3315 0.140999 0.984347 0.105736 0.13038 0.485701 -0.161845 0.859012 0.384637
0.700709 -0.310966 -0.642111 4.33795 0.448723 0.891801 0.0577849 0.239439 0.554666 -0.32862 0.764431 0.586471
0.719088 -0.474794 -0.507427 4.27255 0.646749 0.724377 0.238733 0.305802 0.25422 -0.499849 0.827964 0.698212
0.818014 -0.263361 -0.511365 4.13815 0.3865 0.910082 0.149565 0.195499 0.425995 -0.319988 0.846248 1.11445
0.79391 0.0150086 -0.60785 4.09758 0.0974383 0.983635 0.151551 0.0684442 0.600177 -0.179546 0.779456 1.40466
0.572316 -0.0304938 -0.819466 3.91409 0.12151 0.99143 0.0479696 0.089438 0.810981 -0.127027 0.571117 1.56865
0.289318 0.00457967 -0.957222 3.91897 0.0717916 0.997068 0.0264692 0.0657083 0.954537 -0.0763785 0.288142 1.74511
-0.0354718 -0.0609661 -0.997509 4.10617 0.189068 0.979703 -0.0666011 0.149057 0.981323 -0.19096 -0.023225 1.58185
-0.371277 -0.12863 -0.919569 4.20895 0.116606 0.976058 -0.183611 0.158661 0.921171 -0.175398 -0.347389 1.62476
-0.646164 -0.283998 -0.70839 4.57944 0.0405052 0.914117 -0.403422 0.238216 0.762123 -0.28937 -0.579166 1.62135
-0.854935 -0.270726 -0.442485 4.67683 -0.0802994 0.911796 -0.402717 0.210733 0.512482 -0.308765 -0.801265 1.53829
-0.944189 -0.270195 -0.18842 4.58898 -0.185446 0.908754 -0.373867 0.225932 0.272244 -0.318059 -0.908142 1.5561
-0.989293 -0.111539 0.0941213 4.42308 -0.127727 0.973709 -0.188617 0.1408 -0.0706087 -0.198619 -0.97753 1.39999
-0.855985 -0.104587 0.506312 4.35059 -0.181451 0.977801 -0.104787 0.132079 -0.484113 -0.181567 -0.85596 1.1442
-0.59056 -0.164031 0.790147 4.27551 -0.267326 0.963606 0.00023919 0.171375 -0.76143 -0.211085 -0.612917 1.07648
-0.294662 -0.155368 0.942887 4.30965 -0.300005 0.951849 0.0630899 0.156364 -0.907288 -0.26428 -0.327085 0.941003
0.0543138 -0.183565 0.981506 4.38057 -0.304145 0.933208 0.191363 0.191017 -0.951076 -0.308913 -0.00514433 0.647326
0.139309 -0.0839581 0.986683 4.52842 -0.219091 0.969093 0.113394 0.144334 -0.965708 -0.231971 0.116608 0.251547
-0.255911 -0.0266093 0.966334 4.70131 -0.140613 0.990014 -0.00997689 0.091053 -0.956419 -0.138433 -0.257098 -0.220519
-0.595495 0.0595804 0.801146 4.70313 -0.0476405 0.992872 -0.10925 0.0868028 -0.801945 -0.103225 -0.588412 -0.462769
-0.902042 -0.055124 0.428113 4.72732 -0.150049 0.970003 -0.191257 0.155718 -0.404728 -0.23676 -0.883255 -0.567251
-0.976294 -0.186139 0.110466 4.51883 -0.208219 0.947052 -0.244411 0.183153 -0.0591225 -0.261618 -0.963359 -0.650553
-0.956998 -0.106919 -0.269671 4.25506 -0.0267506 0.958166 -0.284961 0.183811 0.288857 -0.265493 -0.919823 -0.88052
-0.747013 -0.0400328 -0.663603 3.75543 0.0810833 0.985247 -0.150711 0.147597 0.659846 -0.16639 -0.732746 -0.917526
-0.487386 -0.141125 -0.861707 3.39732 0.142732 0.960703 -0.238068 0.20153 0.861442 -0.239024 -0.44809 -1.01029
-0.393933 -0.240541 -0.887106 2.81247 0.175519 0.927701 -0.329491 0.218039 0.902225 -0.285501 -0.323232 -0.903129
-0.341094 -0.232407 -0.910847 2.31212 0.199041 0.92913 -0.311609 0.21055 0.918715 -0.287584 -0.270662 -0.748941
-0.492136 -0.254618 -0.832449 1.77147 0.202885 0.896386 -0.394118 0.254894 0.846546 -0.362851 -0.389486 -0.704115
-0.597373 -0.249989 -0.762005 1.08579 0.0264256 0.943522 -0.330255 0.246015 0.801528 -0.217422 -0.557028 -0.855776
-0.507207 -0.122216 -0.853114 0.468071 0.101765 0.974475 -0.200105 0.160869 0.855795 -0.188311 -0.481823 -1.20556
-0.182873 -0.0884764 -0.979147 -0.0681174 0.119142 0.986608 -0.111402 0.141267 0.975891 -0.13703 -0.169883 -1.26479
0.169724 -0.082992 -0.981991 -0.267025 0.182704 0.981823 -0.0513999 0.145323 0.968407 -0.17069 0.181802 -1.22609
0.627486 -0.140581 -0.765832 -0.458194 0.23041 0.973041 0.0101686 0.18171 0.743756 -0.182836 0.642961 -0.933825
0.867931 -0.142038 -0.475943 -0.507323 0.209849 0.973378 0.0921915 0.193927 0.450178 -0.179892 0.874631 -0.870245
0.951063 -0.254676 -0.174982 -0.480646 0.286966 0.937977 0.194552 0.175286 0.114581 -0.235245 0.965159 -0.758158
0.90542 -0.418702 0.0700144 -0.41018 0.362195 0.847947 0.387042 0.23355 -0.221424 -0.325076 0.9194 -0.567929
0.803994 -0.575271 0.150521 -0.542729 0.361088 0.673434 0.645059 0.304339 -0.47245 -0.464272 0.749161 -0.365505
0.735542 -0.672157 0.0847476 -0.314744 0.305707 0.440933 0.843873 0.379252 -0.604583 -0.594796 0.529808 -0.0406733
0.732803 -0.67291 -0.100954 -0.0481588 0.472152 0.396023 0.787552 0.387926 -0.489971 -0.624786 0.607923 0.339186
0.744875 -0.626655 -0.229053 0.262748 0.62089 0.525367 0.581795 0.365355 -0.244248 -0.575581 0.780416 0.771555
0.780742 -0.496104 -0.379898 0.269458 0.618967 0.697284 0.361489 0.313743 0.0855607 -0.517374 0.851471 1.16082
0.678223 -0.384438 -0.626275 0.316911 0.444034 0.893458 -0.0675815 0.181858 0.585531 -0.232252 0.776667 1.36101
0.583024 -0.284751 -0.76092 0.294101 0.115345 0.956093 -0.26941 0.119001 0.804225 0.0693041 0.59027 1.53756
0.360278 -0.198026 -0.911584 -0.00173657 0.104332 0.979631 -0.171573 0.0875473 0.926992 -0.0332932 0.373599 1.87097
0.417391 -0.0838701 -0.904848 -0.118762 0.19454 0.980894 -0.00118089 0.0646474 0.887659 -0.175536 0.425732 2.4252
0.478435 -0.133921 -0.867851 -0.430005 0.27127 0.962503 0.00102082 0.0783843 0.835172 -0.23591 0.496824 2.81081
0.674313 -0.0659133 -0.735498 -0.638094 0.192592 0.977235 0.0889936 0.0862503 0.712889 -0.201661 0.671656 3.336
0.708198 -0.134324 -0.693118 -0.804103 0.180737 0.983514 -0.00593338 0.0861826 0.682488 -0.12107 0.7208 3.95957
0.892599 -0.121347 -0.434215 -0.815118 0.204871 0.96709 0.150879 0.122102 0.401616 -0.223633 0.888084 4.40937
0.822409 -0.240458 -0.515581 -0.795433 0.331198 0.939235 0.0902549 0.176078 0.462549 -0.244986 0.852074 4.87585
0.661238 -0.120632 -0.740413 -1.19131 0.193695 0.980974 0.0131573 0.101546 0.724739 -0.152114 0.672023 5.41552
0.696209 -0.160356 -0.699699 -1.39035 0.304525 0.948651 0.0855957 0.156403 0.650044 -0.272668 0.709291 5.97898
0.683843 -0.216837 -0.696664 -1.55771 0.350187 0.935198 0.0526613 0.176603 0.6401 -0.279975 0.715462 6.49081
0.549536 -0.116708 -0.827278 -1.85768 0.313474 0.946656 0.0746821 0.143157 0.774431 -0.30037 0.556806 6.81475
0.237451 -0.0674154 -0.969057 -2.0037 0.178944 0.983552 -0.0245768 0.0822375 0.954776 -0.167571 0.245609 6.97495
-0.14032 -0.102467 -0.98479 -2.0935 0.156982 0.979747 -0.12431 0.104217 0.977582 -0.172037 -0.121392 7.13864
-0.398744 -0.126584 -0.908284 -2.30463 0.164012 0.964616 -0.206437 0.121714 0.902277 -0.231285 -0.363873 7.38994
-0.194908 -0.138133 -0.971046 -2.45937 0.106386 0.981215 -0.160934 0.112763 0.975035 -0.134672 -0.176551 7.9267
0.194411 -0.13698 -0.971309 -2.49382 0.164076 0.980792 -0.105477 0.101845 0.967101 -0.138862 0.213152 8.17175
0.515392 -0.0802556 -0.853189 -2.60002 0.239685 0.96937 0.0536041 0.0992296 0.822753 -0.232124 0.518841 8.40051
0.706829 -0.00250162 -0.70738 -2.74547 0.114413 0.987231 0.110833 0.0743129 0.698071 -0.159273 0.69809 8.9196
0.861186 -0.165427 -0.480617 -2.87677 0.311801 0.918684 0.242486 0.0811249 0.401422 -0.358683 0.842738 9.09102
0.95257 -0.148801 -0.265459 -3.00595 0.212106 0.950153 0.228517 0.0649652 0.218224 -0.273984 0.936649 9.55254
0.956853 -0.0871207 -0.277206 -3.2666 0.165607 0.947396 0.27389 0.0536024 0.238762 -0.30798 0.920946 9.74399
0.88691 -0.163342 -0.432101 -3.41442 0.273349 0.939627 0.205869 0.0735539 0.372386 -0.300701 0.878013 10.1594
0.859986 -0.000958915 -0.510316 -3.69267 0.137677 0.963354 0.230203 0.0168708 0.491395 -0.26823 0.828604 10.7078
0.642029 -0.0883902 -0.761568 -3.76814 0.213409 0.974677 0.0667871 0.04138 0.73638 -0.205405 0.644635 11.0578
0.576269 -0.253858 -0.776833 -3.86963 0.496136 0.864005 0.085698 0.0981015 0.649433 -0.4348 0.623848 11.4145
0.177364 -0.449734 -0.875375 -3.92329 0.685924 0.694332 -0.217743 0.202554 0.705727 -0.56182 0.431633 11.504
-0.15427 -0.471359 -0.868344 -3.95184 0.54813 0.690389 -0.472141 0.227509 0.822043 -0.548802 0.15186 11.6925
0.119224 -0.239073 -0.963654 -4.32559 0.415953 0.893324 -0.170163 0.0673 0.901537 -0.380548 0.205949 12.0641
0.276988 -0.102071 -0.955437 -4.50285 0.106187 0.991503 -0.0751393 -0.0561865 0.954988 -0.0806425 0.285473 12.4415
0.387513 -0.0282291 -0.921432 -4.6115 0.000819922 0.999541 -0.0302773 -0.0763164 0.921864 0.0109773 0.387358 12.68
0.632731 -0.160962 -0.757458 -4.78761 0.208356 0.977473 -0.0336683 0.0104296 0.745815 -0.136518 0.652015 12.9771
0.669857 -0.182739 -0.719652 -4.9065 0.258412 0.966023 -0.00476711 0.0290671 0.696071 -0.182773 0.694319 13.4987
0.678467 -0.156937 -0.717672 -5.1187 0.221602 0.97513 -0.0037403 0.0447004 0.700411 -0.1565 0.696371 13.9965
0.818786 -0.197056 -0.539221 -5.19607 0.264164 0.963226 0.0491168 0.0589285 0.509713 -0.182659 0.840731 14.3422
0.88365 -0.332433 -0.329622 -5.30645 0.38509 0.916539 0.107993 0.120446 0.266211 -0.222363 0.937916 14.8714
0.923625 -0.275487 -0.266504 -5.53179 0.309819 0.945946 0.0959121 0.110253 0.225676 -0.171155 0.95905 15.4068
0.923122 -0.243873 -0.297274 -5.78978 0.292798 0.946968 0.132366 0.107479 0.249228 -0.209231 0.945573 16.0753
0.918963 -0.359542 -0.161978 -5.90081 0.387555 0.899328 0.202512 0.162135 0.0728595 -0.248876 0.965791 16.5316
0.936212 -0.122909 -0.329242 -6.20514 0.165532 0.98064 0.104615 0.0900997 0.310009 -0.152442 0.938433 17.0063
0.927674 -0.158502 -0.33808 -6.30848 0.175376 0.984303 0.0197541 0.0863156 0.329642 -0.0776165 0.94091 17.5855
0.891318 0.0782456 -0.446576 -6.51262 -0.0755948 0.996855 0.0237822 -0.0278094 0.447033 0.0125614 0.894429 18.0232
0.652 0.187007 -0.734795 -6.66325 -0.208351 0.975989 0.0635162 -0.108301 0.72903 0.111683 0.675308 18.1884
0.15789 0.0465579 -0.986359 -6.84163 -0.0363556 0.998485 0.0413107 -0.0254249 0.986787 0.0293371 0.159343 18.2284
-0.238784 -0.0852581 -0.967323 -7.03301 0.0297984 0.995026 -0.0950556 0.068635 0.970615 -0.0515225 -0.235056 18.219
-0.320378 -0.29552 -0.900014 -7.22728 0.176737 0.914765 -0.363276 0.17152 0.930657 -0.275451 -0.240841 18.3836
-0.322665 -0.356538 -0.876794 -7.33685 0.179888 0.886357 -0.426627 0.193268 0.929262 -0.295383 -0.22186 18.846
-0.117282 -0.246683 -0.961973 -7.64457 0.157064 0.951859 -0.263239 0.117868 0.9806 -0.181964 -0.072891 19.4099
0.158073 -0.090197 -0.983299 -7.77355 0.216367 0.974782 -0.0546331 0.071419 0.963431 -0.204118 0.173602 20.0771
0.000900522 -0.0475589 -0.998868 -7.876 0.199676 0.978762 -0.0464216 0.045125 0.979862 -0.199408 0.0103778 20.5872
0.0274169 -0.0321231 -0.999108 -7.98135 0.204751 0.978473 -0.025841 0.00472181 0.97843 -0.20386 0.0334039 20.8602
0.326427 -0.0783781 -0.941967 -8.18626 0.240191 0.970723 0.00246432 0.00398286 0.914196 -0.227056 0.335695 21.3472
-0.0315738 -0.111529 -0.99326 -8.40077 0.246024 0.962312 -0.115874 0.0304365 0.968749 -0.248025 -0.00294506 21.6408
-0.413805 -0.122759 -0.902051 -8.75539 0.18936 0.957588 -0.217183 0.00372064 0.890454 -0.260684 -0.373009 21.9242
-0.662592 -0.20058 -0.721623 -8.86551 0.0162685 0.959392 -0.281607 0.0587113 0.748804 -0.19833 -0.632422 22.1992
-0.4205 -0.147814 -0.895171 -9.31901 0.139801 0.964301 -0.224899 0.0176253 0.896457 -0.219716 -0.384824 22.6618
-0.0503072 -0.167166 -0.984644 -9.39404 0.23928 0.955162 -0.174386 0.0488108 0.969646 -0.244379 -0.00805202 23.0939
0.384419 -0.105236 -0.917141 -9.48196 0.314799 0.948878 0.0230702 0.0213601 0.867827 -0.297584 0.397895 23.4906
0.542464 -0.265986 -0.796859 -9.48458 0.422092 0.906425 -0.0152177 0.0609416 0.726341 -0.328093 0.603973 23.9349
0.392081 -0.309761 -0.86621 -9.61462 0.584808 0.810779 -0.025231 0.0950171 0.710121 -0.496674 0.499042 24.5003
0.280692 -0.235839 -0.930372 -9.76178 0.363679 0.923194 -0.124298 0.0544289 0.888228 -0.303467 0.344903 25.1045
0.432036 -0.164058 -0.886809 -10.0008 0.377236 0.926033 0.0124673 0.0222676 0.819169 -0.339923 0.461968 25.6723
0.330315 -0.121162 -0.936062 -10.3583 0.372407 0.928001 0.0112953 0.0224321 0.867297 -0.352327 0.351654 26.2727
0.0827971 -0.186535 -0.978953 -10.6244 0.300816 0.941183 -0.153896 0.033275 0.950081 -0.281743 0.13404 26.555
0.157541 -0.0135042 -0.98742 -10.9371 0.206863 0.978173 0.0196269 -0.00322302 0.965603 -0.207353 0.156896 27.01
-0.119928 -0.033159 -0.992229 -11.0314 0.108914 0.99297 -0.046348 -0.00809566 0.98679 -0.113626 -0.115473 27.3199
-0.384958 -0.00439146 -0.922923 -11.3776 0.0742682 0.996598 -0.0357199 -0.0148831 0.919941 -0.0822945 -0.383323 27.3695
-0.702926 0.0244071 -0.710844 -11.6282 0.0111124 0.999666 0.0233352 -0.0364899 0.711176 0.00850375 -0.702963 27.4221
-0.601495 -0.147517 -0.785139 -11.9419 0.0418418 0.975637 -0.215364 0.0360732 0.79778 -0.162392 -0.580668 27.3551
-0.746046 -0.179366 -0.641282 -12.2286 -0.0816294 0.98041 -0.179255 0.0581674 0.660872 -0.0813849 -0.746073 27.3295
-0.548246 -0.193864 -0.813538 -12.2692 0.0920268 0.95287 -0.289084 0.0962323 0.831239 -0.233356 -0.504566 27.2185
-0.830636 -0.166324 -0.531394 -12.4732 -0.0371258 0.968765 -0.245187 0.0713203 0.555576 -0.183933 -0.810866 26.9809
-0.955505 -0.230681 -0.183835 -12.442 -0.187232 0.95589 -0.226317 0.113339 0.227933 -0.181828 -0.956548 26.8006
-0.956142 -0.249403 0.153593 -12.3812 -0.277308 0.939617 -0.200549 0.114699 -0.0943006 -0.234346 -0.967569 26.6025
-0.936597 -0.220954 0.271966 -12.4933 -0.253949 0.9628 -0.0923379 0.121154 -0.241447 -0.155549 -0.957866 26.5229
-0.982871 -0.131254 0.129374 -12.3888 -0.154902 0.968684 -0.194051 0.110108 -0.0998521 -0.210768 -0.972423 26.5239
-0.911261 -0.147279 0.384595 -12.4286 -0.167118 0.985764 -0.0184757 0.0560685 -0.376398 -0.0811089 -0.922901 26.4919
-0.950568 -0.252116 0.181268 -12.5987 -0.289755 0.930059 -0.225902 0.115295 -0.111636 -0.267258 -0.957137 26.3596
-0.941631 -0.336435 -0.0119533 -12.5964 -0.310288 0.881127 -0.356842 0.177665 0.130587 -0.332305 -0.934088 26.1987
-0.915366 -0.304406 -0.263519 -12.9163 -0.171248 0.88671 -0.429441 0.173208 0.364389 -0.347968 -0.863793 26.1151
-0.86196 -0.115514 -0.493642 -12.9397 0.0272851 0.961715 -0.272689 0.105122 0.506242 -0.248516 -0.825808 26.1307
-0.605305 -0.133562 -0.784708 -13.1691 0.0419211 0.979105 -0.198986 0.0607491 0.794889 -0.153343 -0.587058 26.3008
-0.173019 -0.0399447 -0.984108 -13.2034 0.108403 0.992335 -0.0593373 0.0314281 0.978935 -0.116946 -0.167363 26.3905
0.189937 -0.0203514 -0.981585 -13.174 0.100715 0.994915 -0.00113945 0.0334848 0.976617 -0.0986435 0.191021 26.2975
0.0393689 -0.253574 -0.966514 -13.2909 0.263128 0.935756 -0.234786 0.0981264 0.963957 -0.245074 0.103562 26.4062
0.438716 -0.253447 -0.862144 -13.2723 0.385922 0.919563 -0.0739445 0.125562 0.811537 -0.300279 0.501238 26.4367
0.497326 -0.373881 -0.782866 -13.4978 0.408433 0.897019 -0.168936 0.186929 0.765408 -0.235732 0.598816 26.3628
0.284111 -0.233915 -0.92982 -13.7882 0.31004 0.940094 -0.141766 0.131305 0.90728 -0.248004 0.339614 26.464
0.282935 -0.0971477 -0.954206 -14.0043 0.142287 0.988101 -0.0584085 0.0382285 0.948526 -0.119245 0.293391 26.3042
0.290066 -0.0957043 -0.952209 -14.032 0.0336829 0.995392 -0.0897838 0.00282936 0.956414 -0.00602997 0.291953 26.37
0.593317 -0.0670221 -0.802174 -14.0892 0.0917757 0.995662 -0.0153076 0.018981 0.79972 -0.0645378 0.596894 26.4511
0.749635 -0.23344 -0.619316 -14.2454 0.38554 0.9146 0.121925 0.150366 0.537964 -0.330171 0.775617 26.4354
0.814522 -0.363237 -0.452341 -14.2079 0.524983 0.793321 0.308279 0.271061 0.246874 -0.488571 0.83687 26.6936
0.913152 -0.330798 -0.238173 -14.4897 0.404109 0.811194 0.422683 0.239458 0.0533822 -0.482222 0.874421 26.7959
0.986897 -0.161212 -0.00667074 -14.4155 0.157725 0.955182 0.250498 0.0441517 -0.0340117 -0.248268 0.968094 26.9694
0.962974 -0.0173637 0.269034 -14.5105 0.000862361 0.998117 0.0613328 -0.0407393 -0.269592 -0.0588299 0.961176 26.8899
0.763962 0.0674732 0.641724 -14.5613 -0.0477374 0.997702 -0.0480715 -0.0816195 -0.643493 0.00609054 0.765428 26.6499
0.447436 0.0239589 0.893995 -14.5158 -0.089177 0.995854 0.0179435 -0.0124135 -0.889859 -0.0877523 0.447717 26.3523
0.256159 -0.0958289 0.961873 -14.5455 -0.219217 0.963388 0.15436 0.0954949 -0.941449 -0.2504 0.225773 26.3896
-0.104959 -0.0496859 0.993235 -14.7545 -0.201152 0.979168 0.0277257 0.0629679 -0.973921 -0.196881 -0.112767 26.476
0.128919 -0.0771878 0.988646 -15.0389 -0.177409 0.979087 0.0995755 0.0766885 -0.975657 -0.188232 0.112529 26.6947
-0.0604598 -0.0803086 0.994935 -15.1426 -0.148277 0.986422 0.070611 0.0374101 -0.987096 -0.143256 -0.0715468 26.7264
0.00831195 -0.143088 0.989675 -15.4128 -0.158504 0.977008 0.142588 0.0950054 -0.987323 -0.158052 -0.0145591 26.9994
0.253412 -0.105083 0.961634 -15.4718 -0.123383 0.982452 0.139872 0.0646519 -0.959458 -0.154094 0.236 27.2689
0.578483 -0.0516623 0.814057 -15.4815 -0.137388 0.977563 0.159669 0.0468464 -0.804041 -0.204207 0.558406 27.5414
0.8765 0.043712 0.479413 -15.4501 -0.13229 0.9794 0.152564 0.0191166 -0.462868 -0.197144 0.864227 27.9943
0.97856 -0.101657 0.179127 -15.311 0.0618836 0.974639 0.215056 0.0834027 -0.196446 -0.19936 0.960034 28.2276
0.98433 -0.0902269 -0.151506 -15.4697 0.121649 0.969446 0.213015 0.0990032 0.127657 -0.228108 0.965231 28.605
0.87499 -0.04569 -0.481981 -15.6219 0.122493 0.984038 0.12909 0.0619169 0.468389 -0.171992 0.86662 28.7887
0.591044 -0.0202429 -0.806385 -15.7425 0.0983116 0.99404 0.0471044 0.0429969 0.800626 -0.107118 0.589512 28.8943
0.236464 0.00827355 -0.971605 -15.8767 0.0565619 0.998151 0.0222654 0.036254 0.969992 -0.0602208 0.235559 28.9558
0.100276 0.0834624 -0.991453 -16.0828 0.0555224 0.994453 0.0893306 0.00486791 0.993409 -0.0640056 0.0950859 29.1353
0.0150297 0.126837 -0.99181 -16.3882 -0.0816399 0.988766 0.12521 -0.0427195 0.996549 0.0790894 0.0252158 29.5259
0.319252 0.312569 -0.894639 -16.5099 -0.199961 0.945004 0.25881 -0.10881 0.926334 0.0962679 0.364196 30.0426
0.58677 0.378954 -0.715608 -16.4383 -0.342513 0.916937 0.204721 -0.173353 0.733748 0.124981 0.667828 30.5949
0.808511 0.285168 -0.514771 -16.5158 -0.211361 0.957095 0.198233 -0.0836324 0.549214 -0.0514712 0.834095 30.8152
0.70801 0.0979089 -0.699383 -16.6315 0.0647622 0.977168 0.202358 0.0488517 0.703227 -0.188565 0.685504 31.0435
0.487095 0.0104879 -0.873286 -16.8454 0.196647 0.972933 0.121369 0.102323 0.850922 -0.230847 0.471848 30.8632
0.0884993 0.118239 -0.989034 -17.0049 -0.063385 0.991586 0.112872 -0.0013221 0.994057 0.0527008 0.0952492 30.7436
-0.260473 0.28734 -0.921732 -17.0695 -0.0874565 0.94374 0.318915 -0.122068 0.961512 0.16368 -0.220689 30.5793
-0.447338 0.368355 -0.814987 -17.0248 -0.0678649 0.894639 0.441606 -0.206608 0.891787 0.252856 -0.375207 30.738
-0.404123 0.316166 -0.858326 -17.1628 0.000841464 0.938492 0.345299 -0.317794 0.914704 0.138821 -0.379532 31.0398
-0.298117 -0.0063059 -0.954509 -17.2143 0.187852 0.980035 -0.0651454 -0.269216 0.935862 -0.198727 -0.29098 31.2043
-0.354314 -0.115456 -0.927972 -17.2827 0.198335 0.960494 -0.19523 -0.354055 0.913852 -0.253222 -0.317418 31.4352
-0.278158 0.154271 -0.948066 -17.5325 0.0503699 0.988003 0.145991 -0.526636 0.959214 -0.0071454 -0.282591 31.5278
-0.21806 0.280737 -0.934685 -17.948 -0.033139 0.95505 0.294585 -0.768174 0.975373 0.0952119 -0.198955 31.6211
0.126196 0.413565 -0.901686 -18.0216 -0.201899 0.900636 0.384826 -0.806397 0.971242 0.133486 0.197155 31.7637
0.390964 0.517959 -0.760832 -18.0632 -0.400935 0.839918 0.365772 -0.844662 0.828491 0.16204 0.536046 31.8037
0.758515 0.365729 -0.539349 -17.8924 -0.384782 0.919335 0.0822563 -0.966082 0.525926 0.145139 0.838055 31.9992
0.89918 0.385139 -0.20771 -17.8025 -0.392049 0.919905 0.00851242 -0.974268 0.194352 0.0737782 0.978153 32.0354
0.94733 0.29344 0.128293 -17.9415 -0.300108 0.953235 0.0357357 -1.0409 -0.111807 -0.0723553 0.991092 32.0667
0.964438 0.263247 0.0236599 -17.9669 -0.261923 0.963897 -0.0479559 -1.24828 -0.0354299 0.0400535 0.998569 32.3508
0.981879 0.18921 -0.0106659 -18.1092 -0.189488 0.981062 -0.0401476 -1.36512 0.00286762 0.0414412 0.999137 32.5529
0.912226 0.296806 -0.2824 -18.3198 -0.312606 0.949813 -0.0115346 -1.41213 0.264804 0.0988021 0.959227 32.7027
0.885603 0.194406 -0.421798 -18.3234 -0.268071 0.955591 -0.122409 -1.57794 0.379269 0.221477 0.898389 32.9743
0.889983 0.280063 -0.359853 -18.4958 -0.29655 0.954967 0.00980112 -1.72633 0.346393 0.0979916 0.932957 33.204
0.905028 0.237788 -0.352678 -18.6796 -0.216546 0.971225 0.0991445 -1.73849 0.366105 -0.0133576 0.930478 33.2002
0.944334 -0.00647088 -0.328925 -18.7799 0.0914373 0.965577 0.243518 -1.62847 0.316026 -0.260039 0.912418 33.1388
0.925767 0.0804992 -0.369427 -18.7522 -0.00456251 0.97938 0.201976 -1.67374 0.378068 -0.185297 0.907044 33.2544
0.869257 0.22273 -0.441344 -18.8394 -0.162219 0.971834 0.170946 -1.94556 0.466988 -0.0770018 0.880905 33.7043
0.690014 0.239514 -0.683018 -19.0091 -0.1456 0.970303 0.193165 -2.05696 0.709 -0.0338392 0.704396 33.8713
0.338289 0.367982 -0.866112 -18.9475 -0.235363 0.924209 0.300736 -2.12202 0.911134 0.102115 0.399259 33.9805
0.138323 0.40333 -0.90454 -18.9774 -0.189908 0.907173 0.375463 -2.29983 0.972009 0.119844 0.202078 34.1671
-0.0584017 0.388114 -0.919759 -18.8158 -0.143656 0.908475 0.392474 -2.33607 0.987903 0.15505 0.00269859 34.4001
-0.0387135 0.337003 -0.940707 -18.7914 -0.108543 0.934424 0.339219 -2.59378 0.993338 0.115239 0.000404281 34.8102
0.0268889 0.32231 -0.946252 -19.0768 -0.116752 0.941129 0.317247 -2.75854 0.992797 0.101946 0.0629361 35.0755
0.395573 0.262312 -0.880178 -19.1268 -0.0841615 0.964667 0.249668 -2.87227 0.91457 -0.0246848 0.403673 35.387
0.613983 0.0902526 -0.784142 -19.3624 0.0618219 0.984891 0.161765 -2.943 0.786894 -0.147798 0.599127 35.5597
0.662732 0.0415715 -0.747702 -19.6089 0.0828298 0.988262 0.128363 -3.12248 0.744262 -0.147002 0.651509 35.9027
0.755023 0.165958 -0.634348 -19.6799 -0.0737328 0.982793 0.169358 -3.30849 0.651539 -0.0810971 0.754268 36.2826
0.855622 0.280422 -0.435056 -19.7937 -0.256055 0.959789 0.115064 -3.51018 0.449829 0.0129469 0.893021 36.4788
0.941672 0.249155 -0.226218 -19.7249 -0.255106 0.966908 0.00302278 -3.68451 0.219486 0.0548633 0.974072 36.7831
0.938895 0.328206 0.103719 -19.6727 -0.317019 0.94192 -0.110841 -3.83627 -0.134074 0.0711872 0.988411 36.9741
0.841392 0.388342 0.375831 -19.5191 -0.318423 0.918143 -0.235838 -3.88693 -0.436653 0.0787595 0.896176 37.0436
0.814983 0.396235 0.422848 -19.4436 -0.244525 0.896698 -0.368972 -3.92346 -0.525367 0.197309 0.827683 37.1549
0.861212 0.358166 0.360599 -19.5878 -0.25708 0.919023 -0.298843 -4.02909 -0.438434 0.164664 0.883551 37.6799
0.626494 0.365549 0.688389 -19.4454 -0.091353 0.91155 -0.400913 -4.03101 -0.774054 0.188283 0.604475 37.8135
0.233142 0.439204 0.867608 -19.4311 0.0747 0.88147 -0.466295 -4.0492 -0.969569 0.173523 0.172699 37.8253
-0.186261 0.445917 0.87548 -19.4996 0.233744 0.8856 -0.401342 -4.03745 -0.954291 0.129883 -0.269183 37.7621
-0.5244 0.294453 0.798938 -19.6118 0.157284 0.955654 -0.248974 -3.98653 -0.836819 -0.00490126 -0.547458 37.7956
-0.512755 0.0283241 0.858067 -19.6334 -0.109146 0.989196 -0.0978747 -3.87841 -0.851569 -0.14384 -0.504124 37.8691
-0.642497 -0.218077 0.734602 -19.6597 -0.447568 0.884933 -0.128747 -3.73819 -0.621997 -0.411504 -0.666172 37.9499
-0.821895 -0.289401 0.490648 -19.695 -0.474491 0.824406 -0.308567 -3.72002 -0.315194 -0.486418 -0.814893 37.9208
-0.853866 -0.422535 0.303937 -19.6884 -0.520053 0.716589 -0.464806 -3.69756 -0.0214012 -0.554946 -0.831611 37.9465
-0.764774 -0.436007 0.474361 -19.5613 -0.627923 0.669314 -0.397153 -3.70702 -0.144335 -0.601595 -0.785653 37.9033
-0.640433 -0.300274 0.706881 -19.4386 -0.541054 0.829625 -0.13778 -3.72349 -0.545074 -0.4707 -0.693784 37.7015
-0.628928 -0.135115 0.765632 -19.1952 -0.354161 0.926462 -0.127428 -3.7722 -0.692112 -0.3513 -0.630531 37.5973
-0.386324 -0.0879072 0.918164 -19.2842 -0.245339 0.969381 -0.0104172 -3.80973 -0.889136 -0.229286 -0.396063 37.3883
-0.425871 0.0454031 0.903644 -19.0391 -0.166732 0.977698 -0.127702 -3.85929 -0.889289 -0.205051 -0.408803 37.2034
-0.321753 -0.0502711 0.945488 -19.0638 -0.235114 0.971554 -0.0283531 -3.69387 -0.917168 -0.23142 -0.32442 36.7517
-0.530618 -0.112705 0.840085 -18.9728 -0.362344 0.926155 -0.104613 -3.64817 -0.766258 -0.359909 -0.532272 36.5648
-0.810498 -0.0191555 0.585428 -18.9785 -0.192116 0.95287 -0.234797 -3.55425 -0.553339 -0.302772 -0.77598 36.3835
-0.843368 0.070426 0.532701 -19.1981 -0.0133175 0.98833 -0.151747 -3.44669 -0.537171 -0.135073 -0.832588 36.0566
-0.770552 -0.00188535 0.637374 -19.237 -0.108374 0.985822 -0.128103 -3.29322 -0.628096 -0.167785 -0.759831 35.7909
-0.519013 -0.0740438 0.851553 -19.3418 -0.218696 0.974584 -0.0485518 -3.15784 -0.826315 -0.211431 -0.522015 35.5186
-0.189193 -0.0566877 0.980302 -19.3202 -0.242721 0.970052 0.00925134 -3.08015 -0.951469 -0.236189 -0.197286 35.4398
0.143925 -0.0401309 0.988775 -19.1228 -0.223912 0.971943 0.0720402 -3.00313 -0.963924 -0.231766 0.130901 35.381
0.179234 -0.0335973 0.983233 -19.1141 -0.218858 0.973011 0.0731436 -2.80554 -0.959154 -0.228298 0.167043 35.0347
-0.028354 -0.0747808 0.996797 -18.9188 -0.331327 0.941528 0.0612098 -2.6567 -0.94309 -0.328531 -0.0514731 34.7943
-0.226162 -0.219549 0.949025 -18.8307 -0.403574 0.907837 0.113845 -2.59443 -0.886555 -0.357254 -0.293923 34.6568
-0.464616 -0.224606 0.856554 -18.8042 -0.327157 0.942399 0.069658 -2.46522 -0.822861 -0.247863 -0.511335 34.3134
-0.634587 -0.379654 0.673174 -18.7612 -0.511577 0.859234 0.00233487 -2.35796 -0.5793 -0.342898 -0.739481 34.2842
-0.655019 -0.296719 0.694916 -18.6913 -0.42375 0.90569 -0.0127054 -2.22901 -0.625608 -0.302793 -0.718979 34.0316
-0.648185 -0.282443 0.707164 -18.4482 -0.440389 0.896652 -0.0455348 -2.05206 -0.621219 -0.340943 -0.705581 33.8513
-0.706351 -0.168357 0.687549 -18.2872 -0.27789 0.95928 -0.0505957 -1.94179 -0.651034 -0.226801 -0.724373 33.4914
-0.838953 -0.211904 0.501252 -18.1653 -0.279944 0.957908 -0.0635901 -1.75288 -0.466678 -0.193671 -0.862962 33.2488
-0.738198 -0.303634 0.602387 -18.2277 -0.374609 0.927146 0.00826311 -1.55964 -0.56101 -0.21956 -0.798161 32.8776
-0.467913 -0.297635 0.832148 -18.0636 -0.343804 0.928718 0.138856 -1.51909 -0.81416 -0.221123 -0.536887 32.7622
-0.160769 -0.268775 0.949691 -17.9246 -0.227545 0.946381 0.229318 -1.40988 -0.960404 -0.17923 -0.213307 32.779
0.187194 -0.240303 0.952477 -17.8365 -0.179512 0.944921 0.273676 -1.33114 -0.965782 -0.222212 0.133746 32.6148
0.155433 -0.19202 0.969004 -17.6073 -0.213486 0.951216 0.222739 -1.1691 -0.964502 -0.24149 0.106856 32.4106
0.12063 -0.315149 0.941345 -17.5327 -0.305587 0.890432 0.337264 -0.946337 -0.944492 -0.328347 0.0111076 32.1094
0.0851231 -0.22586 0.970434 -17.2118 -0.305851 0.921023 0.241188 -0.882929 -0.948267 -0.317339 0.00932097 32.0244
-0.243093 -0.307748 0.91989 -17.1645 -0.343205 0.914281 0.215175 -0.700757 -0.907257 -0.263403 -0.327876 31.8651
-0.495698 -0.300136 0.814986 -17.2755 -0.375727 0.920139 0.110333 -0.555957 -0.783015 -0.25152 -0.56888 31.4595
-0.654959 -0.254914 0.71137 -17.1182 -0.367225 0.93012 -0.0048035 -0.40809 -0.660434 -0.264379 -0.702802 31.247
-0.836215 -0.325052 0.441685 -17.22 -0.389079 0.919241 -0.0601172 -0.383039 -0.386473 -0.222121 -0.895154 31.1471
-0.938211 -0.0952319 0.332703 -17.1985 -0.157213 0.973749 -0.164611 -0.267418 -0.308293 -0.206745 -0.928554 30.6511
-0.766768 -0.13635 0.627276 -16.9682 -0.238872 0.967611 -0.0816625 -0.102524 -0.595825 -0.212455 -0.774504 30.6539
-0.7471 -0.0365545 0.663705 -16.43 -0.190997 0.968185 -0.161671 0.0371689 -0.63668 -0.24755 -0.730313 30.4295
-0.475631 -0.123462 0.870938 -16.1636 -0.250401 0.968142 0.000493356 0.0724008 -0.843252 -0.217849 -0.491393 30.4385
-0.12626 -0.155582 0.979721 -15.9277 -0.292563 0.949536 0.113085 0.0896203 -0.947874 -0.272352 -0.165406 30.5146
0.253844 -0.118378 0.959974 -15.7843 -0.207734 0.962651 0.173639 0.0652287 -0.944674 -0.243496 0.219772 30.622
0.55108 -0.201478 0.809764 -15.607 -0.0830888 0.952342 0.293499 0.100398 -0.830305 -0.229024 0.508076 30.6995
0.687972 -0.165306 0.70666 -15.3683 -0.0653888 0.955634 0.287207 0.0892823 -0.722786 -0.243798 0.64664 30.8458
0.774303 -0.12587 0.620171 -15.3397 -0.0722672 0.956019 0.284262 0.0520888 -0.628675 -0.264923 0.731152 31.0804
0.897489 -0.213339 0.386006 -15.1255 0.0886906 0.944645 0.315879 0.055298 -0.432028 -0.249263 0.86673 31.2036
0.951304 -0.12592 0.281361 -15.0242 0.027468 0.943757 0.329497 0.0145813 -0.307027 -0.305724 0.901259 31.6864
0.979631 -0.137751 -0.146106 -14.9319 0.166146 0.964663 0.2045 0.0109609 0.112773 -0.224609 0.967901 32.0682
0.875027 -0.164579 -0.455239 -15.1622 0.279299 0.939756 0.197104 0.00553091 0.395374 -0.299619 0.868279 32.3446
0.585876 -0.216551 -0.780932 -15.4314 0.370763 0.928497 0.0206857 -0.00690856 0.720614 -0.30166 0.624274 32.5765
0.324923 -0.17041 -0.930261 -15.5706 0.293424 0.953257 -0.0721351 -0.00324378 0.89907 -0.249522 0.359738 32.775
0.10742 -0.0174878 -0.99406 -15.8882 0.233505 0.972322 0.00812776 -0.0530772 0.966404 -0.232991 0.108531 32.9072
-0.196811 -0.142529 -0.970026 -16.011 0.159656 0.971512 -0.17514 -0.00959666 0.967355 -0.18934 -0.168449 33.2193
0.0274231 -0.03109 -0.99914 -16.3556 0.199633 0.979552 -0.0250012 -0.0461977 0.979487 -0.198776 0.0330689 33.4296
0.084462 -0.0313263 -0.995934 -16.574 0.120236 0.992523 -0.0210222 -0.0424495 0.989146 -0.117972 0.087597 33.8325
0.332484 0.113824 -0.936215 -16.8941 0.194033 0.963198 0.186013 -0.0891594 0.922933 -0.243503 0.298162 34.1064
0.468643 -0.0989866 -0.877824 -16.8675 0.257894 0.965745 0.0287807 -0.0359375 0.844905 -0.239873 0.478118 34.4834
0.73269 -0.130302 -0.667972 -16.9257 0.31355 0.935756 0.16139 -0.042619 0.604029 -0.327692 0.726475 34.8067
0.803241 -0.241226 -0.544623 -16.9467 0.342762 0.934965 0.0914078 -0.0184411 0.487154 -0.260098 0.833685 35.2957
0.904074 -0.211778 -0.371216 -17.0419 0.311773 0.920911 0.233926 -0.0110629 0.292316 -0.327222 0.898598 35.8357
0.822289 -0.22668 -0.521974 -17.149 0.312881 0.946249 0.0819641 -0.018951 0.475338 -0.230714 0.849014 36.2993
0.641122 -0.227286 -0.73301 -17.4573 0.344783 0.938623 0.0105213 -0.0418068 0.685629 -0.259475 0.680137 36.7621
