0.999995 -0.00285616 0.00137874 1.55194e-05 0.00286894 0.999952 -0.00935689 -0.000204291 -0.00135195 0.0093608 0.999955 -6.49518e-05
0.902051 -0.0124807 -0.431449 4.83411 -0.000549133 0.999548 -0.0300625 0.231011 0.431629 0.0273548 0.901636 0.265724
0.847974 -0.036532 -0.528778 5.59206 0.0151731 0.998886 -0.0446782 0.234327 0.529821 0.0298627 0.847583 0.666458
0.921435 -0.0730862 -0.381598 6.38272 0.0255812 0.991429 -0.128115 0.229599 0.38769 0.108288 0.915407 1.41365
0.956794 -0.0941691 -0.275094 7.43394 0.0789182 0.994693 -0.0660169 0.267977 0.279851 0.0414547 0.959148 1.81071
0.848322 -0.0564 -0.526469 8.45856 0.0338788 0.998055 -0.0523302 0.254544 0.528396 0.0265567 0.848582 2.25933
0.556928 -0.0674002 -0.827821 9.18681 0.0833343 0.996207 -0.0250456 0.292863 0.826369 -0.0550373 0.560432 3.09269
0.163793 -0.0668265 -0.984229 9.29772 0.249598 0.968047 -0.0241904 0.399246 0.954396 -0.2417 0.175239 3.34113
-0.237734 0.0239112 -0.971036 9.55417 0.28968 0.95595 -0.0473811 0.447861 0.927129 -0.292554 -0.234188 3.81641
-0.553065 0.00636055 -0.833114 9.60793 0.209424 0.968925 -0.13163 0.470329 0.806387 -0.247274 -0.537211 4.12922
-0.545251 -0.00504672 -0.838258 9.6573 0.0598509 0.997195 -0.0449341 0.390187 0.836133 -0.0746708 -0.54342 4.81806
-0.602493 0.0793165 -0.794173 10.0348 0.0309433 0.996623 0.0760609 0.278784 0.797524 0.0212518 -0.602912 4.77306
-0.866428 0.108526 -0.487365 10.1615 0.0538671 0.990713 0.124847 0.238127 0.496388 0.0819177 -0.864227 4.53801
-0.992316 0.0184304 -0.122351 10.082 0.0102548 0.997692 0.0671174 0.220804 0.123305 0.065347 -0.990215 4.21562
-0.976444 -0.0071798 0.215652 9.65915 -0.00228981 0.999735 0.0229167 0.279148 -0.21576 0.021883 -0.976201 3.6394
-0.82026 -0.00781698 0.571938 9.32699 0.0516539 0.994809 0.0876773 0.257253 -0.569654 0.101461 -0.815598 3.1543
-0.588516 -0.0165372 0.808316 8.75606 0.00982 0.999571 0.0275997 0.289997 -0.808426 0.0241805 -0.588101 2.35504
-0.574679 -0.0482822 0.816953 8.13629 -0.0580043 0.998151 0.0181883 0.324307 -0.816321 -0.0369344 -0.576417 1.59553
-0.834252 -0.0169832 0.551122 7.57385 -0.0139332 0.999856 0.00972004 0.327806 -0.551208 0.000430072 -0.834368 0.708221
-0.958317 -0.0481231 0.281624 6.95628 -0.0340465 0.997924 0.0546678 0.293689 -0.283671 0.0428008 -0.957966 -0.149098
-0.814314 -0.00696375 0.580383 6.24886 -0.0035867 0.999969 0.00696582 0.261228 -0.580414 0.0035907 -0.814314 -0.785313
-0.904647 -0.0260507 0.425364 5.18778 -0.00345753 0.998546 0.0538009 0.253778 -0.426147 0.0472001 -0.903422 -1.18861
-0.99547 -0.0097759 0.0945749 4.49804 -0.00446492 0.998409 0.0562058 0.260359 -0.0949739 0.0555289 -0.99393 -1.67068
-0.921757 -0.0909698 -0.376946 4.57255 -0.118385 0.9917 0.0501603 0.259177 0.369254 0.0908604 -0.924876 -1.7797
-0.749545 -0.12236 -0.650547 4.73045 -0.190181 0.98114 0.0345824 0.265437 0.634046 0.149643 -0.758678 -1.80367
-0.470872 -0.035168 -0.8815 4.93961 -0.202187 0.976911 0.0690281 0.248313 0.85872 0.210731 -0.467111 -1.80934
-0.10021 -0.0599483 -0.993159 5.16877 -0.0795598 0.99547 -0.0520602 0.277526 0.99178 0.0737985 -0.104526 -1.64573
0.246532 -0.112566 -0.962575 5.17234 0.0266482 0.993643 -0.109374 0.342718 0.968768 0.00131336 0.247964 -1.13718
0.338189 -0.153193 -0.928526 5.23236 0.049098 0.98819 -0.145155 0.363391 0.939797 0.00350092 0.341716 -0.772536
0.62255 -0.110131 0.774792 2.34433 -0.0881371 0.973882 0.209249 0.150482 -0.777601 -0.198556 0.596584 -0.416774
0.581519 -0.208978 0.786234 2.47722 0.0589626 0.974729 0.215469 0.118929 -0.811393 -0.0789411 0.579146 -0.510559
0.464732 -0.240912 0.852048 2.63597 0.062928 0.968828 0.239609 0.114622 -0.883213 -0.0577361 0.465405 -0.556431
0.618499 -0.356918 0.700049 2.97032 0.0285043 0.900495 0.433932 0.229422 -0.785268 -0.248432 0.567129 -0.890442
0.664739 -0.415989 0.620545 3.36453 0.028908 0.844332 0.53504 0.283316 -0.746516 -0.337723 0.573286 -0.972904
0.797665 -0.444605 0.4075 3.65601 0.207229 0.83659 0.507123 0.244545 -0.56638 -0.320069 0.759454 -0.97077
0.864277 -0.174774 0.471676 3.99182 0.0793743 0.973336 0.215215 0.155135 -0.496713 -0.148567 0.855105 -0.635742
0.97443 -0.168964 0.148114 4.19794 0.138063 0.970309 0.198595 0.175622 -0.177272 -0.173068 0.968825 -0.259144
0.976851 -0.116477 -0.179429 4.36526 0.13306 0.987601 0.0833012 0.134287 0.167502 -0.105248 0.980238 0.0610825
0.862511 -0.0702605 -0.501138 4.33031 0.143646 0.983571 0.109332 0.146834 0.485223 -0.166286 0.858433 0.38652
0.700355 -0.311226 -0.642371 4.3369 0.451461 0.89021 0.0609085 0.256404 0.552889 -0.332663 0.763969 0.588248
0.718771 -0.474908 -0.50777 4.27145 0.648122 0.722007 0.242164 0.323258 0.251608 -0.503158 0.826756 0.699697
0.81771 -0.263634 -0.51171 4.13695 0.388707 0.908559 0.15306 0.214738 0.424567 -0.324064 0.845414 1.11637
0.793661 0.014696 -0.608183 4.09636 0.100393 0.982838 0.154759 0.0889335 0.60002 -0.183883 0.778564 1.40712
0.572001 -0.0308031 -0.819674 3.91281 0.125293 0.990849 0.0501983 0.110573 0.810627 -0.131413 0.570626 1.57097
0.288938 0.00423255 -0.957338 3.91765 0.0761259 0.996722 0.0273825 0.087632 0.954316 -0.0807901 0.287669 1.74753
-0.0359838 -0.0611623 -0.997479 4.10511 0.19346 0.978818 -0.0669971 0.170621 0.980448 -0.195383 -0.0233891 1.5838
-0.371864 -0.128951 -0.919287 4.20803 0.120559 0.975209 -0.185564 0.180523 0.920425 -0.179833 -0.347099 1.62694
-0.646976 -0.285125 -0.707196 4.58009 0.0429703 0.91235 -0.40715 0.260843 0.761299 -0.293804 -0.578016 1.62545
-0.855172 -0.272084 -0.441193 4.67681 -0.079568 0.909976 -0.406955 0.23314 0.512201 -0.312912 -0.799835 1.54207
-0.944149 -0.271378 -0.186911 4.5896 -0.185748 0.906829 -0.378363 0.248374 0.272176 -0.322513 -0.90659 1.56034
-0.989029 -0.113386 0.0946896 4.42184 -0.129934 0.972672 -0.192424 0.162044 -0.0702837 -0.202616 -0.976733 1.40277
-0.855726 -0.107046 0.506235 4.34581 -0.185101 0.976953 -0.106307 0.151803 -0.483188 -0.184674 -0.855818 1.14419
-0.589482 -0.166476 0.790441 4.27084 -0.271551 0.962424 0.000184366 0.191074 -0.76077 -0.214536 -0.612539 1.07637
-0.293101 -0.157766 0.942975 4.30711 -0.305732 0.94997 0.0639072 0.176283 -0.905881 -0.269567 -0.326671 0.941927
0.0560072 -0.18597 0.980958 4.37882 -0.309069 0.931012 0.194147 0.209692 -0.949389 -0.314057 -0.00533401 0.64845
0.140549 -0.0866929 0.986271 4.5278 -0.22386 0.967579 0.116951 0.16147 -0.964434 -0.237224 0.116585 0.253379
-0.254747 -0.028729 0.966581 4.69949 -0.145965 0.989248 -0.00906695 0.10679 -0.955928 -0.143396 -0.256201 -0.21914
-0.594902 0.0571747 0.801763 4.69977 -0.0526503 0.992553 -0.109846 0.101946 -0.802072 -0.107561 -0.587461 -0.462062
-0.90144 -0.0573585 0.429087 4.72241 -0.154184 0.968725 -0.194421 0.170759 -0.404515 -0.241417 -0.882091 -0.567218
-0.975746 -0.188289 0.111654 4.51247 -0.210902 0.945253 -0.249034 0.197582 -0.0586508 -0.266542 -0.962037 -0.651154
-0.957067 -0.107502 -0.269196 4.2464 -0.0262875 0.957048 -0.288734 0.196506 0.288673 -0.269261 -0.918785 -0.881593
-0.747242 -0.0423967 -0.663198 3.75216 0.0824263 0.984344 -0.155799 0.15881 0.65942 -0.171084 -0.732049 -0.916619
-0.48798 -0.145013 -0.860724 3.39927 0.145611 0.95876 -0.244083 0.21046 0.860623 -0.244439 -0.44674 -1.00767
-0.396494 -0.244843 -0.884785 2.81974 0.179523 0.924493 -0.33628 0.224236 0.900313 -0.292172 -0.322601 -0.898639
-0.342961 -0.235686 -0.909302 2.31556 0.203274 0.926454 -0.3168 0.215624 0.917092 -0.293488 -0.269828 -0.746923
-0.493942 -0.257507 -0.830489 1.77472 0.206198 0.893202 -0.399591 0.258515 0.844692 -0.36862 -0.388092 -0.702785
-0.598023 -0.253081 -0.760472 1.08582 0.0290144 0.941379 -0.336102 0.248044 0.800953 -0.223061 -0.555623 -0.856056
-0.508337 -0.127366 -0.851688 0.460585 0.104799 0.972502 -0.207984 0.159012 0.854758 -0.194982 -0.48101 -1.20887
-0.18566 -0.0959222 -0.977921 -0.0847191 0.125679 0.984732 -0.120451 0.136735 0.974544 -0.145267 -0.17077 -1.26946
0.166955 -0.0895855 -0.981886 -0.283434 0.191331 0.979877 -0.0568691 0.139484 0.967222 -0.178371 0.180736 -1.23157
0.625183 -0.146359 -0.766632 -0.475005 0.239638 0.97081 0.0100835 0.176713 0.742779 -0.190018 0.642007 -0.94028
0.867105 -0.145661 -0.476353 -0.523272 0.215702 0.971779 0.0954876 0.188904 0.449001 -0.185548 0.874054 -0.877984
0.950103 -0.258105 -0.175176 -0.49598 0.290962 0.935728 0.199385 0.17137 0.112454 -0.240406 0.964136 -0.765713
0.90399 -0.421876 0.0694512 -0.425097 0.364036 0.84466 0.392464 0.230992 -0.224234 -0.3295 0.917142 -0.575505
0.802361 -0.57794 0.149007 -0.557471 0.361112 0.668865 0.649783 0.302507 -0.475201 -0.467552 0.745372 -0.373195
0.733972 -0.674168 0.0823535 -0.329426 0.304775 0.435293 0.847131 0.379998 -0.606957 -0.596672 0.524963 -0.0489881
0.730774 -0.674789 -0.103098 -0.0624606 0.471854 0.390206 0.790628 0.391725 -0.493278 -0.626418 0.603554 0.330633
0.742544 -0.628862 -0.230564 0.248722 0.622054 0.519837 0.585506 0.372684 -0.248347 -0.578188 0.777189 0.763281
0.778649 -0.498643 -0.380869 0.256402 0.622111 0.692605 0.365069 0.323411 0.0817528 -0.521203 0.849508 1.15317
0.676685 -0.387331 -0.626156 0.304901 0.449544 0.890871 -0.0652595 0.192884 0.583101 -0.237325 0.776962 1.35444
0.582458 -0.28783 -0.760195 0.282819 0.121708 0.955548 -0.268544 0.130989 0.803698 0.0638933 0.591598 1.53163
0.359709 -0.201144 -0.911126 -0.0128767 0.110657 0.978793 -0.172395 0.100461 0.92648 -0.0388108 0.374338 1.8652
0.416544 -0.0869548 -0.904948 -0.129977 0.200825 0.979626 -0.00169154 0.0802793 0.886657 -0.181032 0.42552 2.41951
0.477409 -0.136901 -0.867951 -0.44141 0.277423 0.960747 0.0010564 0.0951779 0.833737 -0.241294 0.496649 2.80496
0.673551 -0.0689375 -0.735919 -0.649636 0.198672 0.975886 0.0904187 0.105334 0.71194 -0.207108 0.671005 3.33005
0.707485 -0.13741 -0.693241 -0.815851 0.186784 0.982392 -0.00410169 0.108137 0.681599 -0.126585 0.720694 3.95355
0.891653 -0.124844 -0.435165 -0.827686 0.210565 0.965291 0.154518 0.146007 0.40077 -0.229407 0.886993 4.40279
0.821168 -0.243625 -0.516072 -0.808029 0.336704 0.936962 0.0934429 0.203 0.460775 -0.250496 0.851433 4.86913
0.660417 -0.123753 -0.740631 -1.20341 0.199885 0.979711 0.014536 0.130434 0.723806 -0.157641 0.671755 5.40932
0.695081 -0.163307 -0.700138 -1.40275 0.310347 0.946606 0.0873096 0.187863 0.648496 -0.277973 0.708649 5.97242
0.682572 -0.219744 -0.697 -1.57029 0.355913 0.932933 0.0544182 0.210388 0.638296 -0.285216 0.715004 6.4841
0.548391 -0.119635 -0.82762 -1.87016 0.319515 0.944595 0.0751706 0.177778 0.772772 -0.30566 0.556233 6.80819
0.236642 -0.0705709 -0.969031 -2.01602 0.185046 0.982376 -0.0263538 0.117233 0.953813 -0.173079 0.24553 6.96869
-0.141915 -0.107029 -0.984076 -2.10517 0.162611 0.978111 -0.12983 0.13904 0.976431 -0.178446 -0.121405 7.1325
-0.399792 -0.130182 -0.907314 -2.31817 0.167897 0.962715 -0.212112 0.157395 0.901098 -0.237135 -0.363028 7.38283
-0.195908 -0.141493 -0.970361 -2.47231 0.11135 0.979926 -0.165368 0.151353 0.97428 -0.140447 -0.17622 7.91994
0.19365 -0.140086 -0.971018 -2.50655 0.170098 0.979557 -0.107396 0.141974 0.966212 -0.144371 0.213519 8.16521
0.514424 -0.083288 -0.853482 -2.6128 0.245914 0.967799 0.0537775 0.140315 0.821519 -0.237547 0.518341 8.39397
0.706067 -0.00572857 -0.708122 -2.75866 0.120732 0.986301 0.112403 0.117868 0.697777 -0.164857 0.697086 8.913
0.859657 -0.168659 -0.482228 -2.89172 0.317463 0.915915 0.245593 0.125119 0.400258 -0.364216 0.840916 9.08357
0.951595 -0.152873 -0.266638 -3.02285 0.217589 0.947786 0.233146 0.111077 0.217074 -0.279879 0.935172 9.54433
0.955953 -0.0921716 -0.278672 -3.28526 0.172326 0.944807 0.278646 0.0996857 0.237608 -0.314395 0.919075 9.73505
0.887023 -0.165119 -0.431192 -3.43617 0.276366 0.937976 0.209338 0.122157 0.369882 -0.304855 0.877639 10.1491
0.859114 -0.00403823 -0.511769 -3.70639 0.143436 0.961792 0.2332 0.0672983 0.491273 -0.273751 0.826868 10.7009
0.640871 -0.0914008 -0.762188 -3.78146 0.219585 0.973226 0.0679257 0.0936014 0.735572 -0.210897 0.643783 11.0513
0.574519 -0.256452 -0.777277 -3.88291 0.501543 0.860776 0.0867103 0.151974 0.646825 -0.439655 0.623155 11.4078
0.175058 -0.451602 -0.874878 -3.93615 0.690262 0.689932 -0.218018 0.256908 0.702063 -0.565729 0.432502 11.4971
-0.156236 -0.473194 -0.866994 -3.96407 0.552106 0.686 -0.473902 0.282813 0.819005 -0.552713 0.154075 11.6857
0.11761 -0.241754 -0.963184 -4.33876 0.421317 0.890444 -0.172052 0.123397 0.899255 -0.385571 0.20658 12.0575
0.276136 -0.105474 -0.955314 -4.51677 0.112705 0.990656 -0.0767981 0.00143386 0.954488 -0.0864617 0.285443 12.435
0.38698 -0.0314992 -0.92155 -4.62583 0.00721463 0.999489 -0.0311336 -0.0176466 0.92206 0.00539943 0.387009 12.6735
0.631858 -0.164053 -0.757523 -4.8013 0.214545 0.976175 -0.0324513 0.0700868 0.744799 -0.142018 0.652001 12.9704
0.668837 -0.185781 -0.719822 -4.92036 0.26444 0.964397 -0.00319448 0.0912532 0.694787 -0.188213 0.694152 13.4919
0.677608 -0.159943 -0.71782 -5.13247 0.227555 0.973763 -0.00216457 0.108954 0.699333 -0.161877 0.696226 13.9896
0.817886 -0.199184 -0.539805 -5.2087 0.268664 0.961821 0.0521613 0.124727 0.508805 -0.187688 0.840173 14.335
0.882283 -0.335101 -0.330581 -5.32223 0.389237 0.9143 0.112029 0.189196 0.264709 -0.227516 0.937105 14.8631
0.922406 -0.278574 -0.267513 -5.54826 0.314264 0.943992 0.100583 0.181462 0.22451 -0.176848 0.95829 15.3984
0.921882 -0.247355 -0.298244 -5.80708 0.297783 0.944768 0.136892 0.181972 0.24791 -0.215011 0.944622 16.0666
0.917502 -0.362705 -0.163203 -5.91879 0.391331 0.896552 0.207494 0.238739 0.0710606 -0.254243 0.964526 16.5225
0.935504 -0.126188 -0.330014 -6.22333 0.170445 0.979354 0.10869 0.167993 0.309485 -0.157929 0.937698 16.9975
0.926733 -0.161925 -0.339037 -6.32787 0.180584 0.983267 0.0240013 0.167373 0.329477 -0.0834674 0.940467 17.5761
0.891159 0.0745574 -0.447523 -6.53223 -0.069662 0.997194 0.0274135 0.05519 0.448311 0.00674553 0.893852 18.0143
0.652233 0.183583 -0.735452 -6.68158 -0.201961 0.977245 0.0648301 -0.025324 0.730618 0.106248 0.674469 18.1803
0.157406 0.0430831 -0.986594 -6.86021 -0.0301652 0.998791 0.0388031 0.057202 0.987073 0.023653 0.158515 18.2197
-0.23926 -0.088968 -0.966871 -7.05151 0.0346892 0.994374 -0.100083 0.150799 0.970336 -0.0574858 -0.234828 18.2098
-0.321424 -0.298772 -0.898567 -7.24604 0.181089 0.912013 -0.36802 0.25402 0.929459 -0.281011 -0.239039 18.3739
-0.323844 -0.359592 -0.875111 -7.35571 0.184195 0.883295 -0.431118 0.278199 0.928007 -0.300806 -0.219814 18.8361
-0.118454 -0.248704 -0.961309 -7.66222 0.161618 0.950386 -0.265793 0.2033 0.979719 -0.186849 -0.0723816 19.4005
0.156152 -0.0928462 -0.98336 -7.79139 0.222047 0.973389 -0.056645 0.160706 0.962451 -0.209507 0.172613 20.0684
-0.000836616 -0.0500552 -0.998746 -7.89506 0.204906 0.977546 -0.0491643 0.13684 0.978781 -0.20469 0.00943875 20.5782
0.0254916 -0.034748 -0.999071 -8.00004 0.21009 0.977263 -0.028629 0.0975945 0.97735 -0.209165 0.0322122 20.8516
0.325496 -0.081014 -0.942066 -8.20155 0.245921 0.969289 0.00161384 0.098848 0.913003 -0.232199 0.335423 21.34
-0.0325977 -0.114345 -0.992906 -8.41656 0.25106 0.960645 -0.118872 0.126598 0.967423 -0.253154 -0.00260734 21.6332
-0.415123 -0.126011 -0.900996 -8.77443 0.193102 0.955591 -0.222616 0.101637 0.889036 -0.266397 -0.372355 21.9153
-0.662731 -0.205195 -0.720196 -8.88461 0.0178595 0.957122 -0.289134 0.158151 0.748645 -0.20448 -0.63065 22.1897
-0.422091 -0.151776 -0.893758 -9.34045 0.143511 0.962267 -0.231185 0.117703 0.895122 -0.225845 -0.384383 22.6513
-0.0521509 -0.170528 -0.983972 -9.41856 0.244882 0.953046 -0.178147 0.151107 0.968149 -0.250247 -0.00794307 23.0819
0.38317 -0.10784 -0.917361 -9.4979 0.320463 0.946993 0.0225298 0.124127 0.866305 -0.302613 0.397418 23.4829
0.540818 -0.268287 -0.797207 -9.50119 0.427375 0.903961 -0.014286 0.165904 0.724477 -0.33298 0.603538 23.9268
0.389958 -0.311663 -0.866486 -9.63157 0.589584 0.807319 -0.025042 0.202588 0.707335 -0.501101 0.498572 24.4919
0.279009 -0.23822 -0.930271 -9.77906 0.369116 0.920922 -0.12512 0.164766 0.886514 -0.308469 0.344877 25.0962
0.430206 -0.166158 -0.887307 -10.0167 0.38263 0.923817 0.0125213 0.134738 0.817629 -0.344897 0.461009 25.6648
0.328507 -0.123182 -0.936434 -10.3767 0.377863 0.925799 0.0107736 0.136975 0.865623 -0.357383 0.350677 26.2641
0.081182 -0.188822 -0.97865 -10.6426 0.306008 0.93919 -0.155824 0.148699 0.948561 -0.286824 0.134026 26.5463
0.156158 -0.0158208 -0.987605 -10.9561 0.212393 0.97702 0.017932 0.113673 0.964626 -0.212561 0.15593 27.0011
-0.121024 -0.0355825 -0.992012 -11.0525 0.114752 0.992156 -0.0495873 0.110513 0.985995 -0.119837 -0.115991 27.3109
-0.386289 -0.00717494 -0.92235 -11.4002 0.0796111 0.995979 -0.0410896 0.104193 0.918936 -0.0893017 -0.384165 27.3607
-0.703748 0.0211679 -0.710134 -11.6513 0.0137543 0.999775 0.016171 0.0823695 0.710317 0.00161288 -0.70388 27.413
-0.602575 -0.150198 -0.783801 -11.9651 0.0453964 0.974089 -0.221563 0.153466 0.79677 -0.16909 -0.580143 27.3452
-0.74628 -0.182576 -0.640104 -12.2522 -0.0799093 0.979266 -0.186151 0.17429 0.660819 -0.0877704 -0.745396 27.319
-0.549926 -0.196827 -0.81169 -12.2909 0.0962525 0.950425 -0.295681 0.211809 0.829649 -0.24073 -0.503719 27.2085
-0.830907 -0.16962 -0.529928 -12.4965 -0.0365645 0.966989 -0.252183 0.184391 0.555209 -0.190164 -0.809679 26.9702
-0.955067 -0.23365 -0.18236 -12.4657 -0.188981 0.954031 -0.232617 0.225136 0.228329 -0.187702 -0.955319 26.7894
-0.955336 -0.251463 0.155239 -12.4052 -0.280212 0.93768 -0.20552 0.225275 -0.0938841 -0.23984 -0.966262 26.5909
-0.935711 -0.223065 0.273289 -12.5173 -0.257476 0.961421 -0.0968327 0.230844 -0.241145 -0.160973 -0.957046 26.511
-0.98237 -0.133368 0.131001 -12.4128 -0.157849 0.967198 -0.199029 0.220187 -0.10016 -0.216199 -0.971198 26.5122
-0.910428 -0.149529 0.385698 -12.4524 -0.171317 0.984958 -0.0225363 0.165734 -0.376526 -0.0865944 -0.92235 26.4804
-0.949761 -0.253989 0.182879 -12.6224 -0.292569 0.928042 -0.230524 0.223824 -0.111169 -0.272448 -0.955727 26.3475
-0.940655 -0.339219 -0.00998374 -12.6199 -0.312746 0.877916 -0.362566 0.285376 0.131754 -0.337927 -0.931905 26.187
-0.915005 -0.307325 -0.261375 -12.9397 -0.172275 0.88346 -0.435682 0.279252 0.36481 -0.353623 -0.861315 26.1033
-0.862404 -0.118755 -0.492094 -12.9628 0.027321 0.959758 -0.279495 0.2112 0.505483 -0.254482 -0.824455 26.1194
-0.606098 -0.136697 -0.783555 -13.1922 0.0446843 0.977714 -0.205133 0.167129 0.794134 -0.159343 -0.586482 26.2896
-0.174936 -0.0421033 -0.983679 -13.2266 0.113701 0.991537 -0.06266 0.138927 0.977993 -0.122807 -0.168668 26.3801
0.188017 -0.0232994 -0.981889 -13.1955 0.108532 0.994089 -0.00280667 0.140121 0.976151 -0.106039 0.189434 26.2866
0.0347075 -0.257786 -0.965578 -13.3122 0.275473 0.9312 -0.238706 0.205617 0.960682 -0.257706 0.103333 26.3958
0.43459 -0.256999 -0.863182 -13.2939 0.396933 0.914974 -0.0725738 0.23332 0.808441 -0.311086 0.49965 26.4258
0.493993 -0.377028 -0.783467 -13.5195 0.417585 0.893242 -0.166558 0.292566 0.762623 -0.244886 0.598697 26.3503
0.281376 -0.237215 -0.929815 -13.8108 0.318863 0.937018 -0.14256 0.236862 0.905071 -0.25637 0.339294 26.4514
0.280515 -0.101653 -0.954452 -14.0271 0.152522 0.986463 -0.0602353 0.142046 0.947654 -0.128678 0.292222 26.2919
0.287972 -0.0999608 -0.952407 -14.054 0.0438575 0.99487 -0.0911566 0.106885 0.956634 -0.0155196 0.290879 26.3579
0.592276 -0.069745 -0.802711 -14.1121 0.0982355 0.995065 -0.0139755 0.12432 0.799725 -0.0705774 0.596204 26.4382
0.748107 -0.235137 -0.620521 -14.2703 0.390096 0.912305 0.124601 0.255914 0.536806 -0.335278 0.774227 26.4199
0.813128 -0.364349 -0.453952 -14.2337 0.527941 0.790082 0.311527 0.378208 0.245155 -0.492971 0.834793 26.6771
0.912347 -0.331692 -0.240005 -14.516 0.406032 0.808263 0.426438 0.346688 0.0525408 -0.48651 0.872094 26.7789
0.986976 -0.160673 -0.00788301 -14.4451 0.157392 0.954368 0.25379 0.15329 -0.033254 -0.251725 0.967227 26.9513
0.963287 -0.0203506 0.267701 -14.5385 0.00234377 0.997722 0.0674129 0.0651561 -0.268463 -0.0643105 0.961141 26.8729
0.765038 0.0647944 0.640718 -14.5871 -0.0490921 0.997898 -0.0422977 0.0232882 -0.642112 0.000905147 0.766611 26.6348
0.448643 0.0216734 0.893448 -14.5394 -0.0928816 0.995423 0.0224932 0.0915178 -0.888871 -0.0930763 0.448603 26.3386
0.257748 -0.0978667 0.961243 -14.5693 -0.223671 0.96179 0.157898 0.199585 -0.939966 -0.2557 0.22601 26.3754
-0.103372 -0.0517956 0.993293 -14.7782 -0.206627 0.977975 0.0294932 0.167023 -0.972944 -0.202192 -0.111797 26.4617
0.13045 -0.0793333 0.988276 -15.063 -0.182346 0.97787 0.102567 0.18124 -0.974542 -0.193588 0.113098 26.6801
-0.0589874 -0.0825099 0.994843 -15.1666 -0.15373 0.985441 0.072615 0.141879 -0.986351 -0.148654 -0.0708128 26.7119
0.00980717 -0.145245 0.989347 -15.4372 -0.163789 0.975799 0.14488 0.200291 -0.986447 -0.163465 -0.0142198 26.9842
0.254692 -0.10745 0.961034 -15.4966 -0.128181 0.981287 0.143685 0.171258 -0.958489 -0.159782 0.236153 27.2538
0.578309 -0.056594 0.813852 -15.5083 -0.142311 0.975298 0.168944 0.155184 -0.80331 -0.213522 0.55597 27.5261
0.877367 0.0377178 0.478335 -15.4713 -0.131578 0.977603 0.164256 0.143237 -0.461427 -0.207051 0.862679 27.983
0.977694 -0.107191 0.180624 -15.3344 0.0646628 0.971813 0.22671 0.206011 -0.199834 -0.209973 0.957067 28.216
0.983661 -0.0975972 -0.151278 -15.4913 0.12954 0.967248 0.218292 0.246844 0.125018 -0.234322 0.964087 28.5948
0.873363 -0.0567873 -0.483748 -15.6361 0.134106 0.982828 0.126743 0.221291 0.468244 -0.175566 0.865982 28.7823
0.589202 -0.026296 -0.807558 -15.753 0.107418 0.993148 0.0460338 0.188426 0.800813 -0.113869 0.58799 28.8891
0.236096 0.00563809 -0.971713 -15.881 0.0642961 0.997701 0.0214108 0.169468 0.9696 -0.0675324 0.235191 28.9495
0.0987305 0.0795864 -0.991927 -16.0853 0.066512 0.99404 0.0863762 0.134683 0.992889 -0.074503 0.0928486 29.1271
0.0147835 0.125269 -0.992013 -16.3909 -0.0735712 0.989568 0.123864 0.0881836 0.99718 0.0711524 0.0238455 29.5195
0.318922 0.311227 -0.895224 -16.5128 -0.19124 0.946251 0.260838 0.0257927 0.928287 0.0880155 0.3613 30.0365
0.586498 0.378714 -0.715958 -16.4398 -0.335457 0.918152 0.210867 -0.037322 0.737217 0.1165 0.665537 30.5876
0.808537 0.282579 -0.516156 -16.5254 -0.203961 0.957355 0.204625 0.0569797 0.551967 -0.0601715 0.831692 30.8072
0.705838 0.0927456 -0.702275 -16.6447 0.0763857 0.975646 0.205621 0.19301 0.704242 -0.198779 0.681564 31.0342
0.485789 0.0075327 -0.874044 -16.8562 0.206096 0.970782 0.122913 0.243714 0.849431 -0.239847 0.470043 30.8536
0.0877775 0.115927 -0.989372 -17.0094 -0.0542412 0.992288 0.111456 0.140346 0.994662 0.0438814 0.0933886 30.7362
-0.261532 0.286476 -0.921701 -17.0699 -0.0791283 0.94536 0.316282 0.0185616 0.961946 0.15565 -0.224574 30.5729
-0.448231 0.364503 -0.816227 -17.0299 -0.0613818 0.898384 0.4349 -0.0594307 0.891808 0.245037 -0.380309 30.7322
-0.405804 0.316029 -0.857583 -17.1605 0.00862413 0.939598 0.342172 -0.173715 0.913919 0.131459 -0.384018 31.0369
-0.299463 -0.00939509 -0.954062 -17.2128 0.196429 0.977923 -0.0712856 -0.124404 0.933669 -0.208753 -0.291006 31.1981
-0.356684 -0.119944 -0.926493 -17.2807 0.206823 0.956978 -0.203514 -0.208172 0.911044 -0.26421 -0.316531 31.4277
-0.280293 0.149795 -0.948155 -17.5321 0.0550984 0.988631 0.139901 -0.37845 0.958332 -0.0130283 -0.28536 31.5252
-0.219536 0.276584 -0.935578 -17.9468 -0.0254454 0.957023 0.288894 -0.621285 0.975273 0.0872288 -0.203063 31.6193
0.125211 0.409547 -0.903656 -18.0248 -0.194442 0.90329 0.382439 -0.656131 0.97289 0.127823 0.192735 31.7644
0.390037 0.515381 -0.763056 -18.0677 -0.395377 0.842144 0.366701 -0.697175 0.831594 0.158668 0.532237 31.8038
0.75979 0.362403 -0.5398 -17.9019 -0.376926 0.922009 0.0884658 -0.818316 0.529761 0.136249 0.837132 31.9981
0.900865 0.381613 -0.206915 -17.8132 -0.386558 0.922097 0.0176273 -0.825689 0.197522 0.0641047 0.9782 32.0322
0.948525 0.289465 0.12849 -17.9522 -0.297433 0.953562 0.0474755 -0.893439 -0.108781 -0.083249 0.990574 32.0622
0.965604 0.258836 0.024762 -17.9778 -0.257632 0.965268 -0.0434024 -1.08912 -0.035136 0.03553 0.998751 32.3462
0.982595 0.185576 -0.0082528 -18.1181 -0.185743 0.982126 -0.0304487 -1.21055 0.00245476 0.0314516 0.999502 32.5551
0.913371 0.295655 -0.279896 -18.3298 -0.306856 0.951748 0.00398621 -1.26232 0.267569 0.0822469 0.960022 32.7078
0.887452 0.189976 -0.419927 -18.3323 -0.259412 0.958969 -0.114388 -1.42079 0.380966 0.210448 0.90032 32.9783
0.890854 0.27741 -0.359755 -18.5045 -0.29062 0.956669 0.0180386 -1.56872 0.34917 0.0884822 0.932872 33.2097
0.906377 0.232919 -0.352462 -18.6872 -0.20841 0.972222 0.10654 -1.58127 0.367486 -0.0231086 0.929742 33.2062
0.944035 -0.0106936 -0.329673 -18.789 0.0989225 0.962646 0.252044 -1.47446 0.314663 -0.270551 0.909829 33.1427
0.926374 0.0765327 -0.368748 -18.7597 0.00110862 0.978575 0.205886 -1.51664 0.376604 -0.191136 0.906441 33.2607
0.870993 0.217628 -0.440466 -18.844 -0.153942 0.972282 0.17598 -1.78386 0.466555 -0.0854708 0.880353 33.7121
0.69022 0.237377 -0.683555 -19.013 -0.137355 0.970466 0.198318 -1.89217 0.710443 -0.042993 0.70244 33.8807
0.338548 0.365723 -0.866967 -18.9513 -0.227021 0.925903 0.301934 -1.95511 0.913152 0.0946009 0.39649 33.9916
0.138341 0.400871 -0.905629 -18.9804 -0.181165 0.909236 0.374793 -2.13212 0.973674 0.112219 0.198408 34.179
-0.0589606 0.385291 -0.92091 -18.8198 -0.137378 0.910606 0.389775 -2.16625 0.988762 0.149495 -0.000759203 34.4144
-0.0392259 0.334244 -0.94167 -18.7943 -0.101924 0.936142 0.336527 -2.41785 0.994019 0.109179 -0.00265354 34.8247
0.0269371 0.319878 -0.947076 -19.0793 -0.108243 0.942782 0.315349 -2.58302 0.993759 0.09402 0.0600204 35.0916
0.396149 0.261297 -0.880222 -19.1291 -0.077386 0.964743 0.25156 -2.69322 0.914919 -0.0315383 0.402402 35.4051
0.615257 0.0870769 -0.783502 -19.3632 0.0768889 0.982514 0.169573 -2.76539 0.784568 -0.164574 0.597803 35.5913
0.663704 0.0361364 -0.747122 -19.6053 0.0909298 0.987527 0.128541 -2.94182 0.742448 -0.153249 0.652139 35.9232
0.75605 0.160056 -0.634642 -19.6819 -0.0652728 0.983243 0.170213 -3.12392 0.651251 -0.0872643 0.753828 36.3062
0.859938 0.27205 -0.43185 -19.7885 -0.248172 0.962222 0.111981 -3.32562 0.446 0.0108767 0.894967 36.5054
0.943894 0.243353 -0.223256 -19.7178 -0.249065 0.968483 0.00265323 -3.49323 0.216865 0.0531008 0.974756 36.8062
0.940829 0.321778 0.106303 -19.6717 -0.311006 0.944446 -0.106291 -3.6458 -0.1346 0.0669408 0.988636 36.9957
0.84171 0.384448 0.37911 -19.5187 -0.317484 0.920343 -0.228416 -3.69572 -0.436726 0.0718985 0.896717 37.0616
0.814464 0.39304 0.426811 -19.4364 -0.244767 0.899698 -0.361432 -3.73094 -0.526058 0.189904 0.828975 37.1741
0.860619 0.35378 0.3663 -19.5778 -0.252507 0.921096 -0.296349 -3.83404 -0.442239 0.16255 0.882044 37.7016
0.624908 0.35971 0.692892 -19.4354 -0.0870427 0.914096 -0.396045 -3.83471 -0.775831 0.18718 0.602536 37.8344
0.229855 0.433526 0.871333 -19.4209 0.0762388 0.884533 -0.460205 -3.85279 -0.970234 0.17221 0.170263 37.8461
-0.189834 0.435258 0.880065 -19.4923 0.239195 0.889859 -0.388506 -3.83978 -0.952234 0.136755 -0.273037 37.782
-0.522926 0.292314 0.800687 -19.606 0.14677 0.956206 -0.253236 -3.77884 -0.839647 -0.0149071 -0.542928 37.8149
-0.511018 0.0252023 0.8592 -19.6281 -0.119787 0.987729 -0.100217 -3.67481 -0.851182 -0.154134 -0.501728 37.8921
-0.640636 -0.220514 0.735499 -19.6535 -0.455407 0.880333 -0.132731 -3.53304 -0.618216 -0.419984 -0.664397 37.9742
-0.821124 -0.291822 0.490505 -19.6856 -0.482488 0.814007 -0.323417 -3.5152 -0.304894 -0.502228 -0.809201 37.9468
-0.852125 -0.424794 0.305668 -19.6801 -0.523136 0.707654 -0.474926 -3.49157 -0.0145619 -0.564602 -0.825235 37.9727
-0.761935 -0.438301 0.476809 -19.5535 -0.632673 0.661143 -0.403255 -3.50033 -0.138492 -0.608918 -0.78105 37.9296
-0.635733 -0.305665 0.708811 -19.4333 -0.550072 0.823604 -0.138192 -3.5183 -0.541539 -0.47775 -0.69173 37.7275
-0.626709 -0.138134 0.766912 -19.1892 -0.360934 0.923685 -0.128578 -3.56764 -0.690625 -0.357386 -0.628739 37.6221
-0.383595 -0.0915697 0.91895 -19.2787 -0.255901 0.966646 -0.0104976 -3.60926 -0.887338 -0.239187 -0.394233 37.4114
-0.423755 0.0410221 0.904848 -19.0325 -0.179287 0.97541 -0.128184 -3.65873 -0.887856 -0.216546 -0.40598 37.2267
-0.31887 -0.0549092 0.946207 -19.0577 -0.246222 0.968844 -0.0267536 -3.50095 -0.915258 -0.241508 -0.322455 36.7737
-0.527425 -0.117537 0.841432 -18.9663 -0.374612 0.921085 -0.106151 -3.45307 -0.762554 -0.371198 -0.529834 36.5852
-0.807996 -0.0223803 0.588763 -18.9725 -0.201972 0.949253 -0.241095 -3.36369 -0.553489 -0.313717 -0.771512 36.4045
-0.842084 0.0675252 0.535103 -19.1918 -0.0232287 0.986671 -0.161064 -3.25875 -0.538846 -0.148059 -0.829291 36.0739
-0.769472 -0.005093 0.63866 -19.2304 -0.118416 0.983768 -0.134826 -3.10915 -0.627607 -0.179372 -0.757585 35.8072
-0.515263 -0.077371 0.853532 -19.3359 -0.229821 0.971915 -0.0506372 -2.97816 -0.825643 -0.222251 -0.518573 35.5333
-0.186763 -0.0608177 0.980521 -19.3143 -0.25362 0.967233 0.0116858 -2.89877 -0.949103 -0.246497 -0.196068 35.4547
0.144933 -0.0457013 0.988385 -19.1163 -0.232975 0.96927 0.07898 -2.82033 -0.961622 -0.241716 0.129832 35.3952
0.178483 -0.0378803 0.983214 -19.1079 -0.225786 0.971017 0.0783975 -2.62915 -0.957687 -0.235989 0.164757 35.0509
-0.0299337 -0.0816152 0.996214 -18.9136 -0.34008 0.938033 0.0666301 -2.48334 -0.93992 -0.336798 -0.0558345 34.8056
-0.225106 -0.225939 0.947776 -18.826 -0.410691 0.904109 0.117987 -2.42232 -0.88355 -0.362683 -0.296312 34.6696
-0.46196 -0.228025 0.857086 -18.7999 -0.336437 0.939208 0.0685374 -2.29636 -0.820611 -0.256694 -0.510593 34.3238
-0.630055 -0.382764 0.675664 -18.7591 -0.517722 0.855547 0.00189233 -2.18419 -0.578786 -0.348614 -0.737207 34.297
-0.653649 -0.303384 0.693326 -18.6876 -0.432184 0.901693 -0.0128905 -2.06338 -0.621257 -0.30807 -0.720509 34.0428
-0.645659 -0.284671 0.708581 -18.4476 -0.448779 0.892216 -0.0504805 -1.88246 -0.617837 -0.350589 -0.703821 33.8619
-0.704991 -0.171071 0.688275 -18.2865 -0.28264 0.957846 -0.0514313 -1.77912 -0.650463 -0.230792 -0.723625 33.5021
-0.837894 -0.212495 0.502772 -18.1674 -0.284866 0.955956 -0.0707114 -1.5941 -0.465602 -0.202471 -0.861522 33.2571
-0.73659 -0.308466 0.601901 -18.2323 -0.383634 0.923477 0.00378897 -1.40145 -0.55701 -0.228119 -0.798562 32.8828
-0.467623 -0.30172 0.830839 -18.0668 -0.353039 0.925467 0.137382 -1.35699 -0.810365 -0.229076 -0.539289 32.7685
-0.161786 -0.273124 0.948277 -17.9287 -0.237398 0.943488 0.231243 -1.24401 -0.957845 -0.187708 -0.217482 32.7853
0.186291 -0.247156 0.9509 -17.8425 -0.186206 0.941419 0.281171 -1.17091 -0.964688 -0.229443 0.129356 32.619
0.155541 -0.196802 0.968027 -17.6144 -0.221523 0.948046 0.228334 -1.01609 -0.962671 -0.249955 0.103864 32.4117
0.122553 -0.322428 0.938627 -17.5444 -0.313445 0.884776 0.344854 -0.792815 -0.941665 -0.336471 0.00736871 32.1053
0.082449 -0.233903 0.968758 -17.2253 -0.312238 0.917064 0.247996 -0.728729 -0.946419 -0.32293 0.0025776 32.0233
-0.241498 -0.314547 0.918008 -17.1852 -0.350112 0.910534 0.219883 -0.549397 -0.905041 -0.268304 -0.330019 31.8584
-0.490127 -0.305452 0.816379 -17.3026 -0.382067 0.917106 0.11376 -0.408535 -0.783454 -0.256155 -0.566201 31.4483
-0.652099 -0.258109 0.712844 -17.1419 -0.373219 0.927727 -0.00550005 -0.260166 -0.659905 -0.269633 -0.701301 31.2376
-0.836733 -0.321793 0.443088 -17.2383 -0.38955 0.918447 -0.0686081 -0.236058 -0.384875 -0.230012 -0.893849 31.1388
-0.93746 -0.0982535 0.333938 -17.2158 -0.16214 0.972164 -0.169137 -0.126754 -0.308024 -0.212703 -0.927296 30.6454
-0.764372 -0.140993 0.629172 -16.9917 -0.245714 0.965862 -0.0820724 0.0422677 -0.596121 -0.21733 -0.772921 30.6439
-0.74469 -0.0418573 0.666097 -16.4556 -0.19816 0.966893 -0.160781 0.184652 -0.637315 -0.251726 -0.72833 30.4188
-0.473197 -0.130839 0.871187 -16.1916 -0.256797 0.966449 0.00566302 0.221586 -0.842698 -0.221039 -0.49092 30.4262
-0.124718 -0.165799 0.978241 -15.9524 -0.294601 0.947664 0.123057 0.239274 -0.947447 -0.272844 -0.167035 30.5024
0.255182 -0.129205 0.958221 -15.8093 -0.20464 0.961364 0.184126 0.215308 -0.944989 -0.243076 0.218882 30.6079
0.551896 -0.212804 0.806303 -15.6331 -0.0753802 0.950202 0.302379 0.251276 -0.830499 -0.227661 0.508372 30.6837
0.688057 -0.172696 0.704807 -15.3874 -0.0665219 0.952168 0.298247 0.236984 -0.722601 -0.252096 0.643658 30.8299
0.77443 -0.131824 0.618774 -15.3516 -0.0744295 0.952275 0.296026 0.197952 -0.628267 -0.275307 0.727659 31.0691
0.896519 -0.216001 0.386779 -15.1498 0.0843527 0.940338 0.32962 0.194622 -0.434901 -0.262884 0.861251 31.1896
0.950441 -0.129485 0.282657 -15.0456 0.0251525 0.938189 0.345207 0.154431 -0.309885 -0.32099 0.894951 31.6698
0.979732 -0.138745 -0.144481 -14.9464 0.168923 0.959915 0.22367 0.160232 0.107656 -0.243543 0.963897 32.053
0.874955 -0.166685 -0.454609 -15.1776 0.288429 0.933548 0.212828 0.164318 0.388924 -0.317338 0.86489 32.3309
0.585467 -0.222137 -0.779669 -15.4465 0.379368 0.925 0.0213305 0.163843 0.716456 -0.308269 0.625829 32.5619
0.324227 -0.173651 -0.929904 -15.5774 0.304326 0.949897 -0.0712762 0.166703 0.895691 -0.259885 0.360829 32.7556
0.107854 -0.0207424 -0.99395 -15.8992 0.244623 0.969598 0.00630996 0.111437 0.963601 -0.243824 0.109649 32.8935
-0.196262 -0.145579 -0.969685 -16.023 0.171795 0.968516 -0.180174 0.157423 0.965385 -0.201948 -0.165073 33.2051
0.0277063 -0.033059 -0.999069 -16.3671 0.213785 0.976524 -0.0263843 0.122667 0.976488 -0.212855 0.0341234 33.4156
0.0860344 -0.0351059 -0.995673 -16.5866 0.134627 0.990623 -0.0232949 0.130326 0.987154 -0.13204 0.0899538 33.8198
0.335381 0.108099 -0.93586 -16.8959 0.205915 0.960964 0.184792 0.0844172 0.919304 -0.254683 0.300029 34.0915
0.470398 -0.101114 -0.876642 -16.8829 0.275209 0.960677 0.0368673 0.149247 0.838443 -0.258602 0.479728 34.4767
0.731765 -0.135218 -0.668009 -16.9364 0.322363 0.932226 0.16443 0.14482 0.600501 -0.335665 0.72576 34.7952
0.802633 -0.245245 -0.543723 -16.9595 0.352102 0.930602 0.10002 0.172799 0.481461 -0.271725 0.833283 35.281
0.899512 -0.224283 -0.374933 -17.0515 0.319728 0.922778 0.215068 0.188818 0.297743 -0.313333 0.90176 35.8243
0.820454 -0.233502 -0.521855 -17.1571 0.320526 0.943713 0.0816672 0.178891 0.473412 -0.234272 0.849116 36.2857
0.640956 -0.231233 -0.73192 -17.4648 0.357176 0.933869 0.0177513 0.158908 0.679412 -0.272802 0.68116 36.7507
0.448821 -0.213049 -0.867853 -17.6848 0.383119 0.923259 -0.0285161 0.178186 0.807328 -0.319693 0.496001 37.2774
0.126524 -0.220725 -0.967095 -18.0405 0.247184 0.951192 -0.184756 0.183403 0.960673 -0.215674 0.174908 37.6909
-0.156906 -0.0918076 -0.983337 -18.2589 0.207772 0.970318 -0.123745 0.134979 0.965511 -0.223726 -0.133174 37.7727
-0.420172 -0.0629554 -0.905258 -18.6735 0.0831349 0.990725 -0.107486 0.111403 0.903628 -0.120421 -0.411041 37.8889
-0.757536 -0.113134 -0.642915 -18.7839 -0.0491314 0.991955 -0.116664 0.12935 0.650942 -0.05679 -0.757 37.8448
-0.92018 -0.0835323 -0.382481 -18.9943 0.0288486 0.959849 -0.279031 0.0963224 0.390432 -0.267793 -0.880823 37.5914
-0.984478 -0.16927 -0.0463734 -19.1685 -0.158675 0.971342 -0.176968 0.100782 0.0749997 -0.166863 -0.983123 37.4147
-0.924471 -0.260456 0.278419 -19.2283 -0.299705 0.947847 -0.108457 0.137023 -0.23565 -0.183709 -0.954317 37.3189
-0.802322 -0.24555 0.544045 -19.1408 -0.308252 0.950966 -0.0253791 0.153927 -0.511136 -0.188065 -0.838672 36.8714
-0.580135 -0.360218 0.730538 -19.1496 -0.366021 0.916528 0.161262 0.361819 -0.727648 -0.173839 -0.663557 36.3993
-0.408936 -0.428046 0.805945 -19.079 -0.517574 0.836171 0.181482 0.571087 -0.75159 -0.342922 -0.563486 36.1888
-0.191166 -0.373069 0.907896 -19.1268 -0.372804 0.883239 0.28444 0.74315 -0.908005 -0.284092 -0.307927 35.8328
-0.0347825 -0.308747 0.950508 -18.9657 -0.366736 0.888676 0.275243 0.895821 -0.929674 -0.339012 -0.144139 35.5915
0.297676 -0.193878 0.934773 -19.0654 -0.243834 0.931244 0.270795 0.98744 -0.923003 -0.308539 0.229934 35.4342
0.41118 0.0976964 0.906303 -19.2643 -0.146052 0.988456 -0.0402901 0.856843 -0.899777 -0.115801 0.420703 35.4203
0.0619756 0.24247 0.968177 -19.3142 -0.0498831 0.969582 -0.239629 0.780887 -0.99683 -0.0334445 0.0721856 35.199
-0.356571 0.143556 0.923173 -19.2435 0.0165612 0.98894 -0.147386 0.947924 -0.934122 -0.0372646 -0.355005 34.7546
-0.638362 0.111184 0.761664 -19.2413 -0.0324726 0.984742 -0.170964 1.12656 -0.769051 -0.13387 -0.625012 34.4237
-0.594217 -0.0557876 0.802367 -19.2461 -0.191229 0.978785 -0.0735667 1.35859 -0.781241 -0.19715 -0.592279 34.1558
-0.570081 -0.134422 0.810517 -18.9995 -0.271456 0.961939 -0.0313955 1.549 -0.775448 -0.237918 -0.584872 34.0199
-0.337181 -0.25702 0.905676 -18.7039 -0.443971 0.891732 0.0877737 1.69214 -0.83018 -0.372498 -0.414785 34.1559
-0.174268 -0.320921 0.930935 -18.6615 -0.390798 0.8903 0.233757 1.6988 -0.903829 -0.323071 -0.280566 34.088
-0.326194 -0.244747 0.91307 -18.5451 -0.284685 0.946493 0.152002 1.87355 -0.901417 -0.210355 -0.378416 33.7923
-0.610844 -0.11196 0.783795 -18.5968 -0.167848 0.985762 0.00999891 1.86786 -0.773755 -0.12545 -0.620939 33.4259
-0.582396 -0.0971737 0.807077 -18.3262 -0.147524 0.988978 0.0126202 2.08605 -0.799407 -0.111713 -0.590312 33.1682
-0.140772 -0.104472 0.984514 -18.055 -0.115622 0.989347 0.0884524 2.14784 -0.983267 -0.10138 -0.151352 33.2187
0.206143 -0.0504774 0.977219 -17.8565 -0.0662124 0.99566 0.0653974 2.24777 -0.976279 -0.0781852 0.201906 33.1611
0.193995 -0.0370225 0.980304 -17.5547 -0.117684 0.991193 0.0607226 2.38729 -0.973918 -0.127146 0.187929 33.0304
-0.15609 -0.145723 0.976934 -17.4531 -0.110547 0.985421 0.129326 2.51416 -0.981537 -0.087811 -0.169924 32.6321
-0.368866 -0.042943 0.92849 -17.3127 -0.135304 0.990772 -0.00792956 2.64537 -0.919582 -0.128554 -0.371273 32.3412
-0.719729 -0.0488855 0.692532 -17.4395 -0.0970463 0.994808 -0.0306345 2.74817 -0.687439 -0.0892562 -0.720736 32.1102
-0.862368 -0.0978898 0.496729 -17.6641 -0.0629679 0.99425 0.0866175 2.89237 -0.502352 0.0434181 -0.863573 31.9194
-0.936695 -0.0983584 0.336048 -17.6411 -0.064389 0.991755 0.110801 2.92783 -0.344175 0.0821492 -0.935305 31.7959
-0.852207 -0.17307 0.493751 -17.5259 -0.158486 0.984759 0.0716351 3.093 -0.498624 -0.0172045 -0.866648 31.606
-0.89219 -0.0623368 0.447337 -17.2512 -0.0203851 0.994978 0.0979941 3.18256 -0.451199 0.0783104 -0.888981 31.397
-0.938431 -0.00769862 0.34538 -17.3397 0.0357417 0.992223 0.11923 3.31383 -0.343612 0.124234 -0.930858 31.1446
-0.989482 0.0598531 0.131694 -17.0378 0.0696274 0.99505 0.0709086 3.48541 -0.126798 0.0793323 -0.988751 31.0857
-0.984432 0.161151 -0.0701708 -16.9991 0.156111 0.985095 0.0722273 3.58202 0.0807644 0.0601484 -0.994917 30.7696
-0.907825 0.143261 -0.39412 -16.8404 0.0968487 0.986054 0.135343 3.69813 0.408013 0.0846973 -0.909039 30.7171
-0.686369 0.223976 -0.691905 -16.8259 0.155744 0.974591 0.160985 3.77979 0.710382 0.00273499 -0.703811 30.7893
-0.333462 0.245154 -0.910331 -16.8659 0.0501983 0.968846 0.242524 3.79044 0.941426 0.0351755 -0.335379 30.8306
0.018972 0.263203 -0.964554 -16.6754 -0.0449435 0.963977 0.262162 3.77835 0.998809 0.0383766 0.0301178 30.7377
0.159687 0.214052 -0.963681 -16.3389 -0.0964119 0.974923 0.200573 3.81372 0.982448 0.0608813 0.17632 30.6511
0.0696179 0.306298 -0.949387 -16.2328 -0.210956 0.934693 0.286088 3.749 0.975013 0.180362 0.129687 30.6075
0.0374282 0.305063 -0.951596 -16.2296 -0.214205 0.932578 0.290541 3.75711 0.976071 0.192962 0.100251 30.6017
-0.997515 0.0104235 0.0696761 -134.732 0.00174184 0.992341 -0.123517 11.3453 -0.07043 -0.123089 -0.989893 2.03051
-0.997931 0.057064 0.0296103 -134.555 0.0534438 0.992353 -0.111261 11.2532 -0.0357329 -0.109448 -0.99335 1.71778
-0.972903 0.0842924 -0.2153 -134.523 0.105179 0.9906 -0.0874544 11.3148 0.205904 -0.10773 -0.972624 1.09317
-0.861294 0.228333 -0.453913 -134.67 0.202361 0.973583 0.105766 11.211 0.466072 -0.000758165 -0.884747 0.399346
-0.739691 0.313092 -0.595677 -134.899 0.235832 0.949646 0.206292 11.2213 0.63027 0.0121124 -0.776281 -0.191155
-0.496141 0.260708 -0.828176 -135.085 0.133846 0.965418 0.223727 11.2581 0.857863 0.000151809 -0.513878 -0.497947
-0.182627 0.334483 -0.924537 -135.308 -0.0224347 0.938689 0.344035 11.2404 0.982926 0.0835716 -0.163926 -0.607006
0.240751 0.317078 -0.917333 -135.333 -0.115786 0.947766 0.297209 11.2825 0.963656 0.0346613 0.264889 -0.645751
0.600476 0.0992453 -0.79346 -135.264 0.0521763 0.985291 0.162725 11.4696 0.797938 -0.139113 0.586466 -0.782451
0.72504 -0.0887168 -0.682968 -135.087 0.220365 0.969419 0.108013 11.5595 0.6525 -0.228816 0.722418 -0.810633
0.744173 -0.0514227 -0.666004 -135.057 0.211618 0.963827 0.162038 11.5044 0.63358 -0.261522 0.728136 -0.80988
0.71151 0.130533 -0.690445 -135.168 0.0583658 0.96822 0.243195 11.4042 0.700248 -0.213334 0.681279 -0.895667
0.47437 0.244945 -0.845562 -135.089 0.0138129 0.958321 0.285358 11.3379 0.880217 -0.147045 0.451215 -0.913742
0.188054 0.202136 -0.961133 -135.094 0.177851 0.955406 0.23573 11.3191 0.965922 -0.215268 0.143717 -1.14383
-0.162892 0.234485 -0.958375 -135.031 0.220174 0.955493 0.196358 11.3217 0.961764 -0.179024 -0.207269 -1.45109
-0.477694 0.236728 -0.846031 -134.968 0.247915 0.960196 0.128692 11.3126 0.84282 -0.148268 -0.517369 -1.56615
-0.756981 0.285441 -0.587795 -134.99 0.29358 0.952208 0.0843244 11.3227 0.583773 -0.108732 -0.804604 -1.74469
-0.925631 0.289034 -0.244269 -134.984 0.299162 0.954191 -0.00458566 11.28 0.231754 -0.0773205 -0.969697 -1.91793
-0.870011 0.349255 0.347997 -134.912 0.327563 0.936991 -0.121453 11.1043 -0.368488 0.00832509 -0.929595 -2.21749
-0.660084 0.373141 0.651962 -134.963 0.323488 0.924505 -0.20161 10.9064 -0.677971 0.0778226 -0.730958 -2.42257
-0.602455 0.251158 0.757607 -134.801 0.190084 0.967037 -0.16943 10.716 -0.775188 0.041935 -0.630338 -2.73968
-0.817372 0.0605169 0.572924 -134.875 -0.0721062 0.975901 -0.205954 10.6545 -0.571581 -0.209653 -0.79331 -2.96152
-0.77172 -0.161404 0.61514 -134.69 -0.30286 0.943806 -0.132309 10.5098 -0.559218 -0.288406 -0.777237 -3.20618
-0.909155 -0.102387 0.403675 -134.711 -0.17024 0.975991 -0.135866 10.3644 -0.380072 -0.192245 -0.904758 -3.49755
-0.909112 0.0416105 0.414468 -134.546 -0.0974198 0.946166 -0.308675 10.0194 -0.405 -0.320997 -0.856117 -3.92443
-0.884451 0.0719651 0.461049 -134.619 0.0480111 0.996827 -0.0634926 9.87182 -0.464156 -0.0340206 -0.8851 -4.14995
-0.932687 -0.0309628 0.359355 -134.648 0.00125776 0.996023 0.0890838 9.83869 -0.360685 0.0835393 -0.928939 -4.69481
-0.944766 0.0403053 0.325257 -134.732 0.081912 0.989953 0.115254 9.79983 -0.317344 0.135531 -0.938576 -4.76289
-0.85331 -0.0614903 0.517766 -134.709 -0.0239881 0.9966 0.078823 9.82049 -0.520852 0.0548402 -0.851883 -4.70644
-0.820166 -0.110298 0.561393 -134.945 -0.108096 0.993442 0.0372615 9.85445 -0.561821 -0.0301235 -0.82671 -5.01226
-0.661786 -0.0613253 0.74718 -134.918 -0.074403 0.997101 0.0159382 9.86072 -0.745992 -0.0450448 -0.66443 -5.52624
-0.380514 -0.04608 0.923626 -134.769 -0.213203 0.976224 -0.0391308 9.85276 -0.899863 -0.211809 -0.381291 -5.92324
-0.188603 -0.0356292 0.981407 -134.522 -0.249124 0.968388 -0.0127192 9.76458 -0.949929 -0.246891 -0.191517 -6.70005
-0.120165 -0.0949414 0.988204 -134.197 -0.196866 0.977927 0.0700154 9.82513 -0.973039 -0.18613 -0.136203 -7.18928
-0.564265 -0.133567 0.814717 -133.791 -0.300239 0.952457 -0.051794 9.84233 -0.769065 -0.273835 -0.57754 -7.81938
-0.833466 -0.139579 0.534651 -133.645 -0.243692 0.961243 -0.128944 9.85778 -0.495932 -0.237761 -0.835177 -8.08305
-0.860185 -0.135091 0.491765 -133.356 -0.230117 0.963346 -0.137878 9.77413 -0.455114 -0.231764 -0.859742 -8.8711
-0.798294 -0.0406864 0.600893 -133.216 -0.248941 0.930788 -0.267698 9.7281 -0.548412 -0.363289 -0.75317 -9.72517
-0.805084 -0.260672 0.532813 -133.227 -0.232992 0.965037 0.12008 9.74216 -0.545485 -0.0274668 -0.83767 -10.1192
-0.955669 -0.285448 0.0722207 -133.43 -0.291123 0.952758 -0.0866014 9.70882 -0.0440887 -0.103787 -0.993622 -10.4727
-0.974967 0.0687992 0.21144 -133.476 -0.0350621 0.89146 -0.45174 9.71438 -0.21957 -0.447845 -0.866732 -10.9247
-0.786854 0.387595 0.48024 -133.398 -0.0061025 0.773247 -0.634075 9.65849 -0.617109 -0.501855 -0.606067 -11.3536
-0.817574 -0.001963 0.57582 -133.608 -0.0787613 0.990977 -0.10845 9.8028 -0.570411 -0.134019 -0.810352 -11.6953
-0.958129 -0.10035 0.268177 -133.941 -0.0685246 0.989721 0.125527 9.85728 -0.278017 0.101895 -0.955157 -12.0468
-0.995199 -0.0118072 0.097159 -134.071 -0.0492672 0.918192 -0.393061 9.84982 -0.0845697 -0.39596 -0.914365 -12.3442
-0.944434 -0.29816 0.138367 -134.613 -0.326037 0.903229 -0.279065 9.92929 -0.0417712 -0.308672 -0.950251 -13.1478
-0.952761 -0.281699 -0.113542 -135.154 -0.23851 0.925401 -0.294526 9.86262 0.188039 -0.253532 -0.948874 -13.8241
-0.972133 -0.204136 0.115266 -135.613 -0.227813 0.938609 -0.259064 9.88814 -0.0553051 -0.278104 -0.958957 -14.5021
-0.890616 -0.437921 -0.122592 -136.123 -0.444728 0.895033 0.0336683 9.82183 0.0949796 0.0845055 -0.991886 -14.8394
-0.822104 -0.350028 -0.449026 -136.65 -0.340962 0.9343 -0.104058 9.7889 0.455949 0.0675542 -0.887439 -15.1501
-0.582272 -0.413589 -0.699931 -137.155 -0.363562 0.902514 -0.230848 9.7641 0.727174 0.120052 -0.675874 -15.2299
-0.45716 -0.140095 -0.878281 -137.507 0.0953198 0.97411 -0.204996 9.74498 0.884262 -0.177434 -0.43197 -15.2412
-0.649961 0.137868 -0.747358 -137.658 0.454754 0.85847 -0.237125 9.66851 0.608892 -0.493986 -0.620668 -15.3638
-0.851718 0.224515 -0.473465 -137.936 0.405244 0.855044 -0.323539 9.64441 0.332194 -0.467433 -0.81924 -15.5139
-0.994011 0.0856539 -0.0678619 -138.229 0.101513 0.953667 -0.283221 9.66301 0.0404587 -0.288414 -0.956651 -15.6804
-0.929792 0.0514459 0.364474 -138.35 -0.0281592 0.977341 -0.209788 9.67852 -0.367008 -0.205323 -0.907275 -15.8407
-0.839736 -0.068396 0.538671 -138.624 -0.264524 0.917887 -0.295822 9.71118 -0.474206 -0.390904 -0.788875 -16.0693
-0.542795 -0.0755148 0.836463 -138.895 -0.322993 0.938123 -0.124903 9.66568 -0.775273 -0.337969 -0.533599 -16.2411
-0.286932 0.0226776 0.957683 -139.062 -0.341751 0.931514 -0.12445 9.69501 -0.894917 -0.362997 -0.259531 -16.5525
-0.0409616 -0.0693448 0.996751 -139.384 -0.331274 0.942105 0.0519292 9.69324 -0.942645 -0.32807 -0.0615622 -16.6239
0.112123 0.0196974 0.993499 -139.54 -0.266482 0.963777 0.0109663 9.67296 -0.957296 -0.265979 0.113311 -16.3708
0.420177 0.0154235 0.907311 -139.531 -0.215695 0.972897 0.0833503 9.70426 -0.881435 -0.230724 0.412116 -16.1483
0.442798 -0.0809405 0.892961 -139.095 -0.227016 0.953346 0.198986 9.83017 -0.867406 -0.290827 0.403765 -16.0961
0.459264 -0.146362 0.876159 -138.625 -0.218817 0.937299 0.271275 9.80758 -0.860927 -0.316306 0.398441 -16.1303
0.154335 -0.171478 0.973024 -138.232 -0.323335 0.921829 0.213741 9.82652 -0.933614 -0.347601 0.0868258 -16.0991
0.420522 -0.193984 0.886302 -137.865 -0.172341 0.942011 0.287947 9.79842 -0.890764 -0.273834 0.362705 -16.0878
0.267295 -0.270326 0.92492 -137.325 -0.253255 0.906394 0.3381 9.82981 -0.929739 -0.324613 0.173813 -16.2564
0.569219 -0.176969 0.802914 -136.814 -0.102029 0.953808 0.28256 9.80616 -0.815831 -0.242759 0.52487 -16.3634
0.860723 -0.171986 0.479141 -136.445 0.0245253 0.954119 0.298422 9.77726 -0.508482 -0.245108 0.825451 -16.0009
0.98182 -0.121619 0.145737 -136.483 0.0904259 0.974736 0.204236 9.68363 -0.166894 -0.187344 0.968013 -15.8646
0.950531 -0.0783878 -0.300577 -136.505 0.132545 0.977475 0.164237 9.57751 0.280932 -0.195952 0.93951 -15.6597
0.550453 -0.126868 -0.825171 -136.63 0.246601 0.968993 0.0155216 9.61226 0.797615 -0.212032 0.56467 -15.4877
0.493102 -0.206754 -0.845046 -137.017 0.403653 0.914837 0.0117107 9.67008 0.770659 -0.34688 0.534565 -15.2799
0.511216 -0.114696 -0.851765 -137.351 0.341416 0.936604 0.0787925 9.61169 0.788729 -0.331086 0.517966 -14.7566
0.558867 -0.139613 -0.817421 -137.384 0.314839 0.947642 0.0533997 9.61722 0.767166 -0.2872 0.573561 -14.3837
0.333714 -0.120784 -0.934904 -136.991 0.36535 0.930815 0.0101562 9.62243 0.868996 -0.344956 0.354754 -14.6
0.207621 0.0247653 -0.977896 -136.466 0.243234 0.966975 0.0761308 9.63275 0.947486 -0.253664 0.194741 -14.5546
0.409004 -0.0992248 -0.907122 -136.34 0.247271 0.968931 0.00550424 9.62821 0.878392 -0.226556 0.420832 -14.0439
0.304401 -0.0618444 -0.950534 -136.257 0.263448 0.964431 0.0216183 9.5708 0.915388 -0.256997 0.309866 -13.4667
0.415489 -0.114546 -0.902357 -136.153 0.322589 0.946112 0.0284346 9.64375 0.850474 -0.302904 0.43005 -12.8071
0.754112 -0.0699841 -0.653006 -135.997 0.240722 0.95456 0.175691 9.60758 0.611039 -0.289684 0.736692 -12.4014
0.886809 -0.15221 -0.436351 -135.808 0.237415 0.960131 0.147587 9.64755 0.39649 -0.234477 0.88759 -11.7681
