0.999994 -0.00318111 0.0013546 -0.000208551 0.00319548 0.999937 -0.0107431 7.74738e-05 -0.00132034 0.0107474 0.999941 -0.000201348
0.902051 -0.0127758 -0.431441 4.8338 -0.000888036 0.999505 -0.031454 0.232479 0.431629 0.0287563 0.901593 0.266039
0.847961 -0.0368282 -0.528778 5.59174 0.0146803 0.998832 -0.0460248 0.235447 0.529855 0.0312646 0.847512 0.66677
0.921419 -0.0733665 -0.381581 6.38239 0.0252881 0.991254 -0.129524 0.229905 0.387746 0.109696 0.915216 1.41397
0.956748 -0.0944642 -0.275153 7.4337 0.0788081 0.994606 -0.0674359 0.26781 0.280039 0.042835 0.959033 1.81188
0.848282 -0.0566474 -0.526506 8.45836 0.0332249 0.997996 -0.0538451 0.252899 0.528502 0.0281828 0.848464 2.2603
0.55686 -0.0676439 -0.827847 9.18655 0.0821249 0.996279 -0.0261643 0.290029 0.826536 -0.053417 0.560343 3.09376
0.163641 -0.0670923 -0.984236 9.29731 0.248311 0.968365 -0.0247258 0.397489 0.954758 -0.240351 0.175124 3.3426
-0.237896 0.0236489 -0.971003 9.5537 0.288309 0.956366 -0.0473435 0.445514 0.927515 -0.291212 -0.234334 3.81797
-0.553193 0.00609235 -0.833031 9.60743 0.208133 0.969271 -0.131127 0.467563 0.806634 -0.245919 -0.537462 4.13082
-0.545337 -0.00533471 -0.8382 9.65677 0.0585194 0.997298 -0.0444203 0.386471 0.836172 -0.073275 -0.543551 4.81954
-0.602549 0.0790749 -0.794155 10.0344 0.0294976 0.996606 0.0768524 0.273423 0.797536 0.0228817 -0.602837 4.77416
-0.86647 0.108276 -0.487345 10.1612 0.0528409 0.990604 0.12614 0.233179 0.496424 0.0835445 -0.864051 4.53905
-0.992326 0.018173 -0.12231 10.0817 0.00979928 0.997588 0.0687197 0.216364 0.123264 0.0669938 -0.99011 4.21663
-0.976431 -0.00744174 0.215702 9.65885 -0.00218535 0.999695 0.024597 0.27555 -0.21582 0.0235459 -0.976149 3.64048
-0.820241 -0.00808849 0.571961 9.32673 0.0523907 0.994635 0.0891987 0.254374 -0.569614 0.10313 -0.815417 3.15532
-0.588471 -0.0168124 0.808344 8.75583 0.0110331 0.999524 0.0288207 0.288301 -0.808443 0.0258786 -0.588005 2.35611
-0.574617 -0.0485642 0.81698 8.13609 -0.0567819 0.998198 0.0193993 0.323721 -0.81645 -0.0352425 -0.57634 1.59663
-0.834216 -0.0172603 0.551168 7.5737 -0.0132193 0.999849 0.0113032 0.328558 -0.55128 0.00214321 -0.834318 0.709309
-0.95829 -0.0483895 0.281672 6.95618 -0.0338059 0.997835 0.0564092 0.295739 -0.283792 0.0445342 -0.957851 -0.14811
-0.814277 -0.00720529 0.580432 6.24882 -0.00277025 0.99996 0.00852683 0.264185 -0.58047 0.00533526 -0.814264 -0.784415
-0.904624 -0.026321 0.425397 5.18777 -0.00300368 0.99846 0.0553911 0.257175 -0.4262 0.0488304 -0.90331 -1.18779
-0.995463 -0.0100525 0.0946146 4.49805 -0.00457838 0.998312 0.0578971 0.264355 -0.0950369 0.0572012 -0.993829 -1.66989
-0.921746 -0.0912529 -0.376905 4.57256 -0.119277 0.991517 0.0516434 0.263372 0.368995 0.0925583 -0.924811 -1.77892
-0.74953 -0.12264 -0.650511 4.73045 -0.191478 0.980847 0.0357061 0.269714 0.633673 0.151322 -0.758657 -1.80285
-0.470867 -0.0354484 -0.881492 4.93962 -0.203795 0.976537 0.0695909 0.252671 0.858342 0.212412 -0.467043 -1.80855
-0.100245 -0.06022 -0.993139 5.1688 -0.0812364 0.995329 -0.052153 0.281685 0.991641 0.0754509 -0.104669 -1.64488
0.246467 -0.112818 -0.962562 5.17229 0.0250274 0.993611 -0.110049 0.346033 0.968828 0.00303303 0.247716 -1.13621
0.338117 -0.153506 -0.9285 5.23228 0.0476043 0.988134 -0.146029 0.366138 0.939899 0.00517439 0.341413 -0.771533
0.62262 -0.110409 0.774696 2.34429 -0.0866088 0.974191 0.208448 0.151715 -0.777717 -0.19688 0.596988 -0.416323
0.581548 -0.209249 0.78614 2.47719 0.0605048 0.974802 0.214708 0.12036 -0.811259 -0.0772975 0.579555 -0.51015
0.464752 -0.241184 0.85196 2.63595 0.0645776 0.968858 0.239049 0.116193 -0.883083 -0.0560809 0.465853 -0.556019
0.618535 -0.357155 0.699896 2.97028 0.0300123 0.900817 0.433161 0.231637 -0.785184 -0.24692 0.567906 -0.889816
0.664773 -0.416205 0.620363 3.36448 0.0303646 0.84479 0.534236 0.285786 -0.746428 -0.336308 0.574231 -0.972165
0.79764 -0.444819 0.407317 3.65597 0.208415 0.837011 0.50594 0.247096 -0.565981 -0.318667 0.76034 -0.970082
0.864283 -0.175033 0.47157 3.99178 0.0804598 0.97354 0.213884 0.157211 -0.496529 -0.146914 0.855497 -0.63519
0.974406 -0.169192 0.148009 4.19785 0.13861 0.970567 0.196945 0.177121 -0.176974 -0.171389 0.969178 -0.258542
0.976804 -0.116757 -0.179505 4.36519 0.133055 0.987746 0.0815699 0.135278 0.167782 -0.103562 0.980369 0.061622
0.86244 -0.0705213 -0.501223 4.33022 0.143036 0.983841 0.107692 0.147257 0.485529 -0.164571 0.858591 0.387085
0.700189 -0.311542 -0.642399 4.33675 0.450422 0.890871 0.0589003 0.257775 0.553945 -0.330592 0.764104 0.58837
0.71853 -0.475169 -0.507867 4.27128 0.6478 0.722999 0.240058 0.324342 0.253119 -0.501485 0.827311 0.699969
0.817585 -0.263965 -0.511739 4.1368 0.388007 0.909218 0.150911 0.214805 0.425447 -0.321941 0.845783 1.11639
0.793638 0.0143458 -0.608222 4.09627 0.0992835 0.983266 0.152742 0.0883061 0.600235 -0.181608 0.778933 1.40685
0.571952 -0.0311675 -0.819695 3.91271 0.123623 0.99114 0.0485731 0.109506 0.810918 -0.129115 0.570738 1.57074
0.28891 0.00387602 -0.957348 3.91755 0.0740062 0.996909 0.0263699 0.0861499 0.954492 -0.0784682 0.28773 1.74725
-0.0360903 -0.0614111 -0.99746 4.10494 0.191741 0.979141 -0.0672208 0.168898 0.980782 -0.19368 -0.0235624 1.58438
-0.371947 -0.129205 -0.919218 4.20786 0.118857 0.975485 -0.185207 0.178753 0.920613 -0.178142 -0.347472 1.62755
-0.647032 -0.285353 -0.707053 4.57991 0.0414831 0.912779 -0.406342 0.259184 0.761334 -0.292247 -0.57876 1.62624
-0.855181 -0.27232 -0.441031 4.67664 -0.080687 0.910436 -0.405704 0.231654 0.512011 -0.311365 -0.80056 1.54281
-0.944114 -0.271608 -0.186754 4.58942 -0.186475 0.907309 -0.376853 0.24683 0.2718 -0.320968 -0.907251 1.5611
-0.988987 -0.113646 0.0948085 4.4217 -0.130091 0.972985 -0.190727 0.160731 -0.0705718 -0.200961 -0.977054 1.40338
-0.855647 -0.107306 0.506314 4.34568 -0.184514 0.977236 -0.10471 0.150936 -0.483552 -0.183017 -0.855969 1.14476
-0.589363 -0.166737 0.790474 4.2707 -0.270417 0.962742 0.00145671 0.190299 -0.761266 -0.212899 -0.612493 1.077
-0.29296 -0.158023 0.942976 4.30698 -0.304261 0.950386 0.0647379 0.17575 -0.906421 -0.267946 -0.326505 0.942529
0.0561429 -0.186223 0.980902 4.3787 -0.307423 0.931496 0.194439 0.209684 -0.949915 -0.312468 -0.00495227 0.649106
0.140651 -0.0869639 0.986232 4.52772 -0.222164 0.96796 0.117037 0.162184 -0.964811 -0.235567 0.116824 0.253952
-0.254651 -0.0289992 0.966598 4.69945 -0.144394 0.989485 -0.00835487 0.108368 -0.956192 -0.141699 -0.25616 -0.218675
-0.594843 0.0569039 0.801825 4.69974 -0.0514416 0.992752 -0.108616 0.103926 -0.802194 -0.105857 -0.587604 -0.461578
-0.901376 -0.0576111 0.429188 4.72236 -0.153736 0.969123 -0.192786 0.172917 -0.40483 -0.239754 -0.882401 -0.566617
-0.975685 -0.188531 0.111782 4.51242 -0.211067 0.945659 -0.247345 0.199812 -0.059076 -0.264924 -0.962458 -0.65051
-0.957077 -0.107748 -0.269062 4.24636 -0.0270464 0.957481 -0.287225 0.199058 0.28857 -0.26762 -0.919297 -0.880954
-0.747277 -0.0426397 -0.663143 3.75213 0.0810889 0.98463 -0.154688 0.161293 0.659547 -0.169368 -0.732334 -0.916072
-0.488095 -0.145258 -0.860618 3.39925 0.144006 0.959136 -0.243558 0.21301 0.860829 -0.242813 -0.447231 -1.00705
-0.396596 -0.245079 -0.884674 2.81968 0.177864 0.924928 -0.335966 0.226425 0.900598 -0.290595 -0.323232 -0.898036
-0.343059 -0.235931 -0.909201 2.3155 0.201598 0.926893 -0.316588 0.217429 0.917425 -0.291902 -0.270416 -0.746353
-0.49403 -0.257739 -0.830364 1.77465 0.204601 0.893767 -0.399148 0.260096 0.845028 -0.367084 -0.388814 -0.702171
-0.598073 -0.25332 -0.760354 1.08576 0.0274701 0.941696 -0.335343 0.249697 0.800971 -0.221446 -0.556244 -0.855494
-0.508412 -0.127605 -0.851607 0.460571 0.10319 0.972805 -0.20737 0.161116 0.854909 -0.193306 -0.481418 -1.2085
-0.185751 -0.0961778 -0.977878 -0.0847261 0.12397 0.984952 -0.120422 0.138802 0.974745 -0.143596 -0.171033 -1.26916
0.166846 -0.0898428 -0.981881 -0.28345 0.189711 0.980158 -0.0574484 0.141435 0.96756 -0.176689 0.180579 -1.23128
0.625076 -0.146609 -0.766672 -0.475052 0.238527 0.971096 0.00877309 0.178117 0.743226 -0.188356 0.641979 -0.939944
0.867023 -0.145902 -0.476429 -0.523348 0.21515 0.972061 0.0938528 0.190186 0.449424 -0.183876 0.874189 -0.877633
0.95002 -0.258337 -0.175282 -0.496058 0.291015 0.936076 0.197664 0.172468 0.113014 -0.238795 0.964471 -0.765388
0.903904 -0.422085 0.0692962 -0.425202 0.364666 0.845116 0.390893 0.231777 -0.223553 -0.32806 0.917824 -0.575075
0.80229 -0.578093 0.148792 -0.557604 0.362147 0.669518 0.648534 0.302905 -0.474531 -0.466428 0.746502 -0.372646
0.733923 -0.674253 0.0820974 -0.329601 0.306019 0.43614 0.846247 0.379895 -0.606391 -0.595957 0.526427 -0.0482978
0.730673 -0.67486 -0.103344 -0.0626578 0.472902 0.391104 0.789558 0.391036 -0.492423 -0.625781 0.604912 0.331356
0.742389 -0.628972 -0.230766 0.248507 0.622684 0.520663 0.584102 0.371332 -0.247232 -0.577325 0.778185 0.763987
0.778471 -0.498805 -0.38102 0.256185 0.622186 0.693362 0.363502 0.321377 0.082868 -0.520042 0.850112 1.1538
0.676521 -0.387572 -0.626185 0.304713 0.448736 0.891166 -0.0667718 0.190518 0.583914 -0.235819 0.77681 1.35485
0.582375 -0.288113 -0.760151 0.282641 0.1205 0.955353 -0.26978 0.128315 0.80394 0.0655144 0.591091 1.53193
0.359623 -0.201425 -0.911098 -0.0130709 0.109171 0.9788 -0.173301 0.0971316 0.926689 -0.0371427 0.373988 1.86543
0.416434 -0.0872277 -0.904972 -0.130199 0.199423 0.97991 -0.00268353 0.0759654 0.887025 -0.179355 0.425463 2.41969
0.477286 -0.137143 -0.86798 -0.441658 0.276111 0.961126 -3.16707e-05 0.0901114 0.834242 -0.239644 0.496599 2.80515
0.673453 -0.0692033 -0.735984 -0.649918 0.197641 0.976221 0.0890564 0.099304 0.71232 -0.205436 0.671116 3.33025
0.707388 -0.137706 -0.693281 -0.816171 0.185839 0.982565 -0.00554598 0.100987 0.681957 -0.124915 0.720646 3.95374
0.891567 -0.125119 -0.435262 -0.828046 0.210146 0.965644 0.15287 0.138072 0.401182 -0.227763 0.88723 4.40305
0.821046 -0.243876 -0.516147 -0.80843 0.336146 0.937322 0.091836 0.194276 0.4614 -0.248902 0.851562 4.86948
0.660321 -0.124011 -0.740674 -1.20382 0.198817 0.979948 0.0131758 0.120676 0.724188 -0.155959 0.671735 5.40953
0.694957 -0.163554 -0.700203 -1.40321 0.309422 0.947037 0.0858943 0.177083 0.64907 -0.276351 0.708758 5.97272
0.68244 -0.219977 -0.697055 -1.57079 0.354993 0.933366 0.0529973 0.198677 0.638949 -0.283617 0.715056 6.48442
0.548262 -0.119868 -0.827671 -1.87066 0.318327 0.945089 0.073992 0.165417 0.773354 -0.304037 0.556314 6.80844
0.236534 -0.0708398 -0.969037 -2.01652 0.183474 0.982652 -0.0270508 0.10456 0.954143 -0.171394 0.245427 6.96882
-0.142017 -0.107286 -0.984033 -2.10569 0.16089 0.978388 -0.12989 0.126056 0.976701 -0.176767 -0.121687 7.13268
-0.399887 -0.130428 -0.907237 -2.3187 0.166234 0.963087 -0.211729 0.143931 0.901364 -0.235481 -0.363444 7.38301
-0.195995 -0.141748 -0.970306 -2.47287 0.109617 0.980128 -0.165325 0.136918 0.974459 -0.138765 -0.176563 7.9201
0.193544 -0.140363 -0.970999 -2.50712 0.168502 0.979762 -0.108044 0.1271 0.966513 -0.142704 0.213279 8.16536
0.514306 -0.0835516 -0.853527 -2.61338 0.244651 0.968181 0.0526432 0.125025 0.82197 -0.235891 0.518382 8.39411
0.705997 -0.00596389 -0.70819 -2.75927 0.119697 0.986584 0.111018 0.101648 0.698027 -0.163146 0.697239 8.91309
0.859552 -0.16888 -0.482339 -2.89234 0.316993 0.916502 0.244005 0.108569 0.400857 -0.362633 0.841315 9.08366
0.951524 -0.153111 -0.266757 -3.02348 0.21747 0.948226 0.231461 0.0936909 0.217507 -0.278253 0.935557 9.5444
0.955892 -0.0924122 -0.278803 -3.28591 0.172178 0.945322 0.276985 0.0819035 0.237962 -0.312772 0.919537 9.73508
0.886925 -0.165358 -0.431301 -3.43686 0.275971 0.938455 0.207707 0.103623 0.37041 -0.303247 0.877973 10.1492
0.859045 -0.00428928 -0.511882 -3.7071 0.142829 0.962261 0.231634 0.0477371 0.491571 -0.272096 0.827238 10.7009
0.640768 -0.0916588 -0.762244 -3.78218 0.218497 0.973562 0.0666065 0.0734126 0.735986 -0.209227 0.643854 11.0513
0.574344 -0.256668 -0.777335 -3.88368 0.500592 0.861458 0.0854252 0.131144 0.647716 -0.438192 0.623259 11.4078
0.174818 -0.451767 -0.87484 -3.93695 0.689106 0.690773 -0.219012 0.235908 0.703258 -0.56457 0.432075 11.4973
-0.156433 -0.473347 -0.866874 -3.96489 0.550649 0.686826 -0.474402 0.261493 0.819948 -0.551555 0.153206 11.686
0.117438 -0.241986 -0.963147 -4.33955 0.419804 0.891036 -0.172681 0.101325 0.899985 -0.384053 0.206228 12.0575
0.276049 -0.105748 -0.955309 -4.51756 0.111142 0.990774 -0.0775576 -0.0213393 0.954696 -0.084765 0.285255 12.4348
0.386923 -0.0317735 -0.921565 -4.62662 0.0057314 0.99947 -0.0320531 -0.0408535 0.922094 0.00712023 0.3869 12.6732
0.631753 -0.164319 -0.757554 -4.80213 0.213438 0.976372 -0.0337883 0.046313 0.745206 -0.140345 0.651898 12.9703
0.668721 -0.186043 -0.719861 -4.92123 0.263435 0.964666 -0.00459103 0.0665494 0.69528 -0.186566 0.694103 13.4918
0.677503 -0.160209 -0.71786 -5.13337 0.226544 0.973994 -0.00356466 0.0833375 0.699763 -0.160212 0.696179 13.9895
0.817782 -0.199438 -0.539868 -5.20962 0.268009 0.962089 0.0505594 0.098499 0.509318 -0.186036 0.84023 14.335
0.882159 -0.335342 -0.330667 -5.32322 0.389026 0.914597 0.110322 0.162028 0.265432 -0.22596 0.937277 14.8632
0.922305 -0.278829 -0.267597 -5.54928 0.314128 0.944223 0.0988234 0.153319 0.225116 -0.175205 0.95845 15.3984
0.921784 -0.24761 -0.298336 -5.80813 0.297617 0.945066 0.135186 0.152591 0.248474 -0.213402 0.944839 16.0666
0.917382 -0.362959 -0.16331 -5.91989 0.391482 0.896879 0.205792 0.208548 0.0717754 -0.252723 0.964873 16.5226
0.93544 -0.126444 -0.330096 -6.22443 0.170165 0.979591 0.106985 0.136892 0.309832 -0.156249 0.937865 16.9974
0.926665 -0.162187 -0.339098 -6.329 0.180266 0.983365 0.0222865 0.135249 0.329843 -0.0817799 0.940487 17.5761
0.891152 0.0742836 -0.447583 -6.53336 -0.0701898 0.997201 0.0257514 0.0222517 0.448243 0.00846738 0.893872 18.014
0.652245 0.183314 -0.735508 -6.68269 -0.203046 0.97711 0.063469 -0.058588 0.730307 0.107944 0.674536 18.1799
0.157356 0.0428135 -0.986613 -6.86135 -0.0318239 0.998761 0.038265 0.0238236 0.987029 0.0253766 0.158524 18.2194
-0.239327 -0.0892381 -0.966829 -7.05267 0.0329501 0.994447 -0.0999436 0.117385 0.97038 -0.0557763 -0.235058 18.2097
-0.321526 -0.298995 -0.898456 -7.24724 0.179411 0.912415 -0.367845 0.220266 0.929749 -0.279464 -0.239722 18.3739
-0.323949 -0.359817 -0.874979 -7.35694 0.182507 0.883713 -0.430979 0.243621 0.928304 -0.299305 -0.220609 18.8362
-0.118555 -0.248953 -0.961232 -7.66346 0.1599 0.950638 -0.265931 0.167662 0.979988 -0.185228 -0.0728953 19.4005
0.156033 -0.0930966 -0.983355 -7.79265 0.220427 0.973724 -0.0572087 0.123888 0.962842 -0.207832 0.172455 20.0683
-0.000953424 -0.0503213 -0.998733 -7.89636 0.203228 0.977881 -0.0494647 0.0991217 0.979131 -0.203017 0.00929434 20.578
0.025375 -0.0350098 -0.999065 -8.00134 0.208421 0.97761 -0.0289644 0.0593714 0.97771 -0.207491 0.0321037 20.8513
0.325368 -0.0812978 -0.942086 -8.20288 0.244457 0.96966 0.000750713 0.0597221 0.913442 -0.230544 0.33537 21.3397
-0.0327255 -0.114607 -0.992872 -8.41792 0.249387 0.961046 -0.119154 0.0869051 0.967851 -0.251508 -0.00286918 21.6329
-0.41523 -0.126261 -0.900912 -8.77579 0.191458 0.956012 -0.222226 0.0613627 0.889341 -0.264761 -0.372791 21.915
-0.66278 -0.205447 -0.720079 -8.88601 0.016382 0.957418 -0.288242 0.117375 0.748635 -0.202837 -0.631192 22.1895
-0.422183 -0.152026 -0.893672 -9.34186 0.141851 0.962614 -0.230766 0.0760041 0.895344 -0.224194 -0.384834 22.651
-0.0522727 -0.170772 -0.983923 -9.42001 0.243201 0.953429 -0.1784 0.108644 0.968566 -0.248617 -0.0083063 23.0816
0.383024 -0.108101 -0.917391 -9.49936 0.319088 0.947479 0.0215771 0.0809411 0.866877 -0.300993 0.397402 23.4826
0.540635 -0.268566 -0.797236 -9.50269 0.426322 0.904438 -0.0155746 0.12195 0.725233 -0.331459 0.603466 23.9266
0.389734 -0.311888 -0.866507 -9.63311 0.588502 0.808073 -0.0261612 0.157622 0.70836 -0.499745 0.49848 24.4917
0.278847 -0.238479 -0.930254 -9.78062 0.36768 0.921378 -0.12599 0.118728 0.887162 -0.306904 0.344607 25.096
0.430044 -0.166411 -0.887338 -10.0183 0.381356 0.924357 0.0114693 0.0876551 0.818309 -0.343324 0.460976 25.6644
0.32834 -0.12345 -0.936457 -10.3783 0.376497 0.926365 0.00988714 0.088749 0.866281 -0.355819 0.350642 26.2638
0.0810325 -0.189095 -0.97861 -10.6443 0.304411 0.939621 -0.156355 0.0999183 0.949088 -0.285229 0.133703 26.546
0.156038 -0.0161006 -0.98762 -10.9578 0.210785 0.977378 0.0173691 0.0640166 0.964998 -0.210885 0.155902 27.0006
-0.121117 -0.035853 -0.991991 -11.0542 0.112989 0.992354 -0.0496615 0.0602939 0.986187 -0.118099 -0.11614 27.3105
-0.38637 -0.007461 -0.922314 -11.4018 0.0778625 0.996134 -0.0406759 0.0537927 0.919051 -0.0875296 -0.384296 27.3602
-0.703797 0.0209116 -0.710093 -11.653 0.0123108 0.999776 0.0172407 0.0317857 0.710294 0.00339213 -0.703897 27.4125
-0.602638 -0.150457 -0.783703 -11.9668 0.0438193 0.974345 -0.220753 0.102923 0.796811 -0.167375 -0.580584 27.3447
-0.746302 -0.182808 -0.640011 -12.2539 -0.081269 0.979377 -0.184976 0.123718 0.660627 -0.0860348 -0.745768 27.3186
-0.550013 -0.197093 -0.811566 -12.2926 0.0945951 0.950798 -0.295015 0.161421 0.829782 -0.239032 -0.504307 27.2082
-0.830934 -0.16982 -0.529821 -12.4982 -0.0377305 0.967287 -0.250863 0.134385 0.55509 -0.188461 -0.810159 26.9698
-0.95503 -0.233893 -0.182238 -12.4674 -0.189638 0.954298 -0.230981 0.175474 0.227935 -0.186034 -0.955739 26.789
-0.955258 -0.251691 0.155352 -12.4069 -0.280294 0.938036 -0.203776 0.17598 -0.0944367 -0.238203 -0.966613 26.5906
-0.935628 -0.223308 0.273374 -12.5189 -0.257303 0.96164 -0.0951014 0.181663 -0.24165 -0.159319 -0.957195 26.5106
-0.982323 -0.133609 0.131114 -12.4144 -0.157933 0.967536 -0.197307 0.171031 -0.100495 -0.214527 -0.971534 26.5118
-0.910358 -0.149792 0.385761 -12.4541 -0.170902 0.985068 -0.020807 0.11664 -0.376884 -0.0848692 -0.922364 26.4799
-0.949678 -0.254212 0.182999 -12.624 -0.29262 0.928449 -0.228812 0.174896 -0.111738 -0.270847 -0.956115 26.3472
-0.940597 -0.339383 -0.00984796 -12.6215 -0.313177 0.87844 -0.360919 0.236726 0.131141 -0.336395 -0.932545 26.1868
-0.914986 -0.307518 -0.261217 -12.9413 -0.173145 0.884012 -0.434216 0.230677 0.364448 -0.352073 -0.862103 26.1031
-0.862441 -0.118976 -0.491975 -12.9645 0.0262186 0.960176 -0.278164 0.162586 0.505477 -0.252799 -0.824976 26.119
-0.606157 -0.136935 -0.783468 -13.1938 0.0431233 0.97796 -0.204292 0.118162 0.794175 -0.157619 -0.586892 26.2891
-0.175031 -0.0423882 -0.98365 -13.2282 0.111903 0.991742 -0.0626491 0.0897607 0.978183 -0.121039 -0.168842 26.3795
0.187922 -0.0235864 -0.981901 -13.1971 0.106846 0.99427 -0.00343476 0.0911122 0.976355 -0.104266 0.189365 26.2861
0.0345467 -0.258077 -0.965507 -13.3139 0.273665 0.931601 -0.239222 0.156362 0.961204 -0.255961 0.10281 26.3954
0.434411 -0.25726 -0.863194 -13.2955 0.395557 0.915474 -0.0737728 0.184023 0.80921 -0.309395 0.499453 26.4255
0.49382 -0.377275 -0.783458 -13.5212 0.416339 0.893576 -0.16788 0.24335 0.763416 -0.243281 0.59834 26.35
0.281234 -0.237446 -0.929799 -13.8124 0.317316 0.937413 -0.143413 0.187407 0.905659 -0.254708 0.338978 26.451
0.280419 -0.101888 -0.954455 -14.0287 0.150918 0.986663 -0.0609865 0.0928209 0.947939 -0.126943 0.292056 26.2913
0.287898 -0.100246 -0.9524 -14.0556 0.0422224 0.994868 -0.0919524 0.0574991 0.95673 -0.0137397 0.290653 26.3573
0.5922 -0.0700226 -0.802743 -14.1138 0.0970206 0.995166 -0.0152334 0.0747798 0.799929 -0.0688614 0.59613 26.4376
0.747973 -0.235348 -0.620602 -14.272 0.389364 0.912819 0.123112 0.20637 0.537523 -0.333725 0.774401 26.4195
0.812963 -0.364542 -0.454092 -14.2355 0.527753 0.790817 0.309977 0.328246 0.246104 -0.491648 0.835293 26.6769
0.912236 -0.331877 -0.240171 -14.5177 0.406183 0.809009 0.424875 0.296481 0.0532944 -0.48514 0.872811 26.7786
0.98693 -0.160952 -0.00802041 -14.4468 0.157753 0.95475 0.252122 0.102797 -0.0329221 -0.250092 0.967662 26.9507
0.963302 -0.0206242 0.267626 -14.5402 0.00307389 0.997826 0.0658318 0.0147725 -0.268402 -0.0625933 0.961271 26.8722
0.765091 0.0645038 0.640684 -14.5887 -0.0477562 0.997914 -0.0434401 -0.026676 -0.642149 0.00263899 0.766575 26.634
0.448723 0.0214102 0.893414 -14.541 -0.0912132 0.995589 0.0219536 0.0421031 -0.889004 -0.0913423 0.448697 26.3379
0.257865 -0.0981018 0.961188 -14.5709 -0.221958 0.962211 0.157752 0.150101 -0.940341 -0.254022 0.226346 26.3749
-0.103257 -0.0520402 0.993292 -14.7799 -0.20496 0.978312 0.0299489 0.117332 -0.973309 -0.200492 -0.111684 26.4612
0.130561 -0.0795883 0.988241 -15.0646 -0.18062 0.978183 0.102641 0.131093 -0.974849 -0.191897 0.113337 26.6795
-0.0588852 -0.0827666 0.994828 -15.1683 -0.152028 0.985676 0.0730065 0.091649 -0.986621 -0.146942 -0.0706245 26.7112
0.00991243 -0.1455 0.989309 -15.4389 -0.16207 0.976042 0.145173 0.149514 -0.986729 -0.161777 -0.0139063 26.9837
0.254786 -0.107705 0.96098 -15.4983 -0.126437 0.981536 0.143532 0.12 -0.958696 -0.158074 0.236464 27.2532
0.578408 -0.0568851 0.813762 -15.51 -0.140661 0.975669 0.168182 0.103501 -0.803529 -0.211742 0.556333 27.5255
0.877438 0.037423 0.478227 -15.4731 -0.130463 0.977989 0.162838 0.0906688 -0.461607 -0.205272 0.863008 27.9824
0.977687 -0.107479 0.180492 -15.3362 0.0653261 0.972157 0.225039 0.153006 -0.199654 -0.208227 0.957486 28.2154
0.983607 -0.097919 -0.151423 -15.493 0.129648 0.967654 0.216417 0.193703 0.125334 -0.232501 0.964487 28.5945
0.873291 -0.0570784 -0.483843 -15.6379 0.133528 0.983127 0.125027 0.167222 0.468543 -0.173791 0.866178 28.7817
0.589132 -0.0265168 -0.807601 -15.7549 0.106378 0.993308 0.0449864 0.132944 0.801004 -0.112414 0.58801 28.8882
0.236031 0.00549549 -0.97173 -15.8828 0.0629861 0.997795 0.0209421 0.11284 0.969702 -0.0661485 0.235164 28.9482
0.0986786 0.0794741 -0.991941 -16.0871 0.0651827 0.994149 0.0861354 0.0775621 0.992982 -0.0731571 0.0929209 29.1257
0.0147533 0.125157 -0.992027 -16.3927 -0.0749114 0.989485 0.123723 0.0304752 0.997081 0.0724888 0.0239739 29.5181
0.318922 0.311166 -0.895246 -16.5147 -0.192455 0.946153 0.2603 -0.032694 0.928036 0.0892793 0.361634 30.035
0.586513 0.378635 -0.715987 -16.4417 -0.336365 0.918032 0.209943 -0.0966214 0.736791 0.117699 0.665797 30.586
0.808538 0.282551 -0.51617 -16.5273 -0.204586 0.957434 0.203631 -0.00262039 0.551735 -0.0590424 0.831927 30.8056
0.705837 0.0927432 -0.702277 -16.6465 0.0755854 0.975872 0.204843 0.133082 0.70433 -0.197668 0.681797 31.0327
0.485764 0.00750111 -0.874058 -16.858 0.20512 0.971062 0.122331 0.184039 0.849682 -0.238711 0.470168 30.8522
0.087756 0.115839 -0.989384 -17.0113 -0.0555445 0.992239 0.111247 0.0809138 0.994592 0.0451923 0.0935092 30.7348
-0.26155 0.286382 -0.921725 -17.0718 -0.0804251 0.94518 0.316492 -0.0407175 0.961833 0.156908 -0.22418 30.5713
-0.448246 0.36441 -0.81626 -17.0318 -0.0626108 0.898093 0.435326 -0.118907 0.891715 0.24624 -0.37975 30.7306
-0.405819 0.315943 -0.857608 -17.1624 0.00736933 0.93945 0.342607 -0.23362 0.913924 0.132716 -0.383575 31.0351
-0.299486 -0.00940103 -0.954054 -17.2147 0.195265 0.978182 -0.0709342 -0.184643 0.933906 -0.207537 -0.291116 31.1962
-0.356703 -0.119933 -0.926487 -17.2827 0.205695 0.957305 -0.203117 -0.268805 0.911292 -0.263026 -0.316804 31.4257
-0.280322 0.149708 -0.94816 -17.5341 0.0537931 0.988661 0.140199 -0.43907 0.958398 -0.0117036 -0.285197 31.5231
-0.219554 0.276528 -0.93559 -17.9487 -0.0267015 0.956926 0.289101 -0.682066 0.975235 0.0884547 -0.202713 31.6169
0.125211 0.409466 -0.903692 -18.0267 -0.195715 0.903156 0.382106 -0.717028 0.972635 0.129023 0.193223 31.7619
0.390056 0.5153 -0.7631 -18.0696 -0.396436 0.841982 0.36593 -0.758118 0.83108 0.159787 0.532704 31.8013
0.75979 0.362372 -0.53982 -17.9037 -0.377522 0.92186 0.0874706 -0.879374 0.529335 0.137335 0.837224 31.9954
0.90087 0.381594 -0.206926 -17.815 -0.386769 0.922029 0.0164894 -0.886723 0.197084 0.0651779 0.978218 32.0295
0.948543 0.289436 0.128428 -17.954 -0.297273 0.953668 0.0463347 -0.954661 -0.109067 -0.0821288 0.990636 32.0595
0.965672 0.258587 0.0247246 -17.9795 -0.257328 0.965275 -0.0450116 -1.15008 -0.0355054 0.0371041 0.99868 32.343
0.982599 0.185551 -0.00832626 -18.1198 -0.185724 0.982094 -0.031589 -1.2723 0.00231577 0.0325858 0.999466 32.552
0.91344 0.29539 -0.279949 -18.3315 -0.307052 0.95169 0.00230656 -1.32405 0.267106 0.0838522 0.960012 32.7044
0.887453 0.189992 -0.419917 -18.3341 -0.259807 0.958754 -0.115287 -1.48309 0.380693 0.21141 0.90021 32.975
0.890889 0.277282 -0.359765 -18.5063 -0.290918 0.956599 0.0168798 -1.63121 0.348832 0.0896241 0.93289 33.2061
0.906365 0.232873 -0.352523 -18.6889 -0.208842 0.972262 0.105316 -1.64371 0.36727 -0.0218335 0.929858 33.2026
0.94405 -0.0104901 -0.329637 -18.7908 0.0985012 0.962843 0.251457 -1.53703 0.314751 -0.269858 0.910005 33.1394
0.926372 0.076534 -0.368751 -18.7615 0.000686759 0.978789 0.204872 -1.57916 0.376609 -0.190041 0.90667 33.2572
0.870926 0.217789 -0.440517 -18.8458 -0.154556 0.972335 0.175151 -1.84696 0.466476 -0.0844585 0.880493 33.7083
0.690221 0.237389 -0.683551 -19.0148 -0.13825 0.970516 0.197449 -1.9557 0.710269 -0.0417823 0.702689 33.8766
0.338551 0.365662 -0.866992 -18.9531 -0.228221 0.9258 0.301347 -2.01897 0.912852 0.0958447 0.396882 33.9875
0.138343 0.400808 -0.905657 -18.9822 -0.182433 0.909115 0.374471 -2.19626 0.973437 0.113416 0.19889 34.1746
-0.0589583 0.385211 -0.920943 -18.8216 -0.138695 0.91044 0.389696 -2.23072 0.988579 0.150706 -0.000251217 34.4099
-0.0392292 0.334161 -0.941699 -18.7961 -0.103244 0.936025 0.336448 -2.48285 0.993882 0.110424 -0.00221939 34.8199
0.0269327 0.31981 -0.947099 -19.0811 -0.109537 0.942682 0.315203 -2.64836 0.993618 0.0952527 0.0604198 35.0866
0.396114 0.261191 -0.880269 -19.1308 -0.0785586 0.964813 0.250926 -2.75908 0.914835 -0.0302427 0.402695 35.3999
0.615169 0.0867257 -0.783611 -19.3645 0.075601 0.982862 0.168128 -2.83271 0.784762 -0.162669 0.59807 35.5849
0.663588 0.0356958 -0.747246 -19.6062 0.0896412 0.98787 0.126796 -3.00962 0.742708 -0.151124 0.652339 35.916
0.756026 0.159726 -0.634754 -19.683 -0.0662477 0.983461 0.168569 -3.19247 0.651181 -0.0853912 0.754103 36.299
0.859992 0.271714 -0.431954 -19.7896 -0.248724 0.962294 0.110123 -3.3945 0.445589 0.0127322 0.895147 36.4978
0.943945 0.243111 -0.223302 -19.719 -0.249189 0.968454 0.000991244 -3.56215 0.216499 0.0547087 0.974749 36.7987
0.940915 0.321533 0.106282 -19.6728 -0.310539 0.944415 -0.107918 -3.71525 -0.135074 0.0685375 0.988462 36.9879
0.841781 0.384278 0.379125 -19.5199 -0.316675 0.920304 -0.22969 -3.76506 -0.437175 0.0732886 0.896385 37.0538
0.814525 0.392869 0.426853 -19.4375 -0.243828 0.899484 -0.362596 -3.80038 -0.5264 0.191265 0.828445 37.1663
0.860706 0.353533 0.366331 -19.5789 -0.251546 0.920914 -0.297728 -3.90428 -0.442616 0.164107 0.881566 37.6936
0.624972 0.359453 0.692967 -19.4366 -0.0855521 0.913873 -0.396883 -3.90512 -0.775945 0.188756 0.601897 37.8264
0.229885 0.433278 0.871449 -19.4221 0.0779541 0.884355 -0.460259 -3.92322 -0.970091 0.17374 0.169524 37.8382
-0.189845 0.434889 0.880245 -19.4935 0.241009 0.88976 -0.387611 -3.90995 -0.951774 0.138561 -0.273728 37.7741
-0.522961 0.292273 0.80068 -19.6076 0.147871 0.956238 -0.252475 -3.84782 -0.839432 -0.0136373 -0.543294 37.808
-0.511023 0.0251766 0.859198 -19.6299 -0.118733 0.987922 -0.0995667 -3.74358 -0.851327 -0.152896 -0.501861 37.8855
-0.640638 -0.220513 0.735497 -19.6554 -0.454659 0.88084 -0.131932 -3.6018 -0.618763 -0.418921 -0.664558 37.968
-0.821351 -0.291526 0.490301 -19.6876 -0.48205 0.814287 -0.323365 -3.58388 -0.304977 -0.501946 -0.809345 37.9406
-0.852213 -0.424693 0.305564 -19.6822 -0.52298 0.708208 -0.47427 -3.56025 -0.0149836 -0.563983 -0.82565 37.9665
-0.76202 -0.43822 0.476748 -19.5555 -0.632439 0.661785 -0.402569 -3.56899 -0.13909 -0.608279 -0.781441 37.9234
-0.635733 -0.305659 0.708813 -19.4352 -0.549406 0.824189 -0.137349 -3.58678 -0.542214 -0.476744 -0.691895 37.7213
-0.6267 -0.138145 0.766918 -19.1911 -0.360091 0.924123 -0.127792 -3.63601 -0.691072 -0.356248 -0.628893 37.6158
-0.383595 -0.0915936 0.918948 -19.2806 -0.254801 0.966942 -0.00998386 -3.67739 -0.887655 -0.237978 -0.394253 37.4049
-0.423761 0.0409987 0.904846 -19.0343 -0.178187 0.975681 -0.127658 -3.72664 -0.888074 -0.215328 -0.40615 37.2202
-0.318873 -0.0549342 0.946204 -19.0596 -0.245088 0.969143 -0.0263293 -3.56828 -0.915561 -0.240299 -0.322497 36.7675
-0.527423 -0.117563 0.84143 -18.9681 -0.373673 0.921545 -0.105469 -3.52017 -0.763016 -0.370046 -0.529974 36.579
-0.807993 -0.022402 0.588765 -18.9743 -0.2013 0.949642 -0.240121 -3.43056 -0.553737 -0.312535 -0.771814 36.3984
-0.842091 0.0674991 0.535095 -19.1936 -0.0225732 0.986857 -0.16001 -3.32524 -0.538863 -0.146822 -0.8295 36.0679
-0.769476 -0.00511966 0.638655 -19.2322 -0.117649 0.983992 -0.13386 -3.1753 -0.627746 -0.17814 -0.757761 35.8013
-0.515273 -0.0773933 0.853524 -19.3378 -0.228795 0.972191 -0.04997 -3.04397 -0.825922 -0.22103 -0.518651 35.5276
-0.186767 -0.0608439 0.980518 -19.3162 -0.252437 0.967539 0.0119549 -2.96446 -0.949418 -0.245286 -0.196064 35.4492
0.144927 -0.0457244 0.988385 -19.1182 -0.23178 0.969568 0.0788398 -2.88589 -0.961912 -0.240514 0.129918 35.3898
0.178479 -0.0379052 0.983213 -19.1098 -0.224597 0.971308 0.0782164 -2.69428 -0.957967 -0.234786 0.164845 35.0458
-0.0299385 -0.0816283 0.996213 -18.9155 -0.338918 0.938448 0.0667099 -2.5482 -0.940339 -0.335637 -0.0557611 34.8007
-0.225109 -0.22596 0.94777 -18.8279 -0.40961 0.904549 0.118368 -2.48701 -0.884051 -0.36157 -0.296177 34.6647
-0.461961 -0.228047 0.85708 -18.8018 -0.335427 0.939522 0.0691895 -2.36063 -0.821024 -0.255525 -0.510516 34.3191
-0.630055 -0.38278 0.675655 -18.7611 -0.517017 0.85597 0.00281037 -2.24843 -0.579417 -0.347555 -0.737212 34.2924
-0.653649 -0.303397 0.693321 -18.6895 -0.431432 0.902066 -0.0120022 -2.12731 -0.621779 -0.306966 -0.720529 34.0384
-0.64566 -0.284691 0.708572 -18.4495 -0.448036 0.892638 -0.0496121 -1.94617 -0.618374 -0.349498 -0.703893 33.8577
-0.70499 -0.17109 0.688272 -18.2884 -0.281866 0.958121 -0.050544 -1.84238 -0.6508 -0.229633 -0.72369 33.4981
-0.837855 -0.212578 0.502802 -18.1693 -0.284329 0.956202 -0.0695271 -1.65707 -0.466 -0.201215 -0.861601 33.2534
-0.736571 -0.308511 0.601901 -18.2341 -0.382984 0.923742 0.00480144 -1.46392 -0.557482 -0.226982 -0.798557 32.8794
-0.46761 -0.301747 0.830836 -18.0687 -0.352098 0.925727 0.138043 -1.41936 -0.810782 -0.227986 -0.539124 32.7651
-0.161787 -0.273147 0.94827 -17.9306 -0.236265 0.943704 0.231522 -1.3064 -0.958125 -0.186586 -0.217214 32.782
0.186305 -0.247186 0.950889 -17.8443 -0.185065 0.94168 0.281051 -1.23306 -0.964905 -0.228338 0.129694 32.6158
0.155555 -0.196833 0.968018 -17.6163 -0.220385 0.948333 0.228245 -1.07799 -0.96293 -0.248841 0.104139 32.4088
0.122608 -0.322519 0.938589 -17.5462 -0.312196 0.88518 0.344949 -0.854058 -0.942073 -0.335317 0.00784113 32.1028
0.082517 -0.234017 0.968724 -17.2271 -0.310931 0.917473 0.248122 -0.789684 -0.946844 -0.321681 0.00294389 32.021
-0.241383 -0.314709 0.917983 -17.1871 -0.348745 0.910891 0.220576 -0.610198 -0.9056 -0.266899 -0.329627 31.8564
-0.490001 -0.305647 0.816381 -17.3044 -0.380903 0.917452 0.114866 -0.468845 -0.7841 -0.254677 -0.565975 31.4464
-0.65198 -0.258278 0.712892 -17.1437 -0.372335 0.928089 -0.00427896 -0.320169 -0.660521 -0.268224 -0.701261 31.2359
-0.836664 -0.321884 0.443153 -17.2402 -0.389134 0.918714 -0.0673698 -0.296069 -0.385446 -0.228812 -0.893911 31.1371
-0.937414 -0.0983276 0.334046 -17.2176 -0.161826 0.972434 -0.167884 -0.186167 -0.30833 -0.211434 -0.927485 30.6438
-0.764278 -0.141173 0.629245 -16.9936 -0.244962 0.966163 -0.0807672 -0.0168188 -0.59655 -0.215869 -0.772999 30.6427
-0.744605 -0.042059 0.666179 -16.4575 -0.19732 0.96728 -0.15948 0.126139 -0.637674 -0.2502 -0.728541 30.4179
-0.473093 -0.131049 0.871211 -16.1935 -0.255529 0.966778 0.00666507 0.163266 -0.843142 -0.219467 -0.490863 30.4254
-0.124589 -0.166024 0.97822 -15.9543 -0.293032 0.948081 0.123588 0.181087 -0.94795 -0.271252 -0.166771 30.5017
0.2553 -0.129473 0.958154 -15.8113 -0.20296 0.961737 0.184036 0.157179 -0.94532 -0.241451 0.219253 30.6072
0.551963 -0.21305 0.806193 -15.635 -0.0738065 0.950533 0.301727 0.193271 -0.830596 -0.226044 0.508935 30.683
0.688125 -0.17298 0.704671 -15.3894 -0.064994 0.952569 0.297301 0.179467 -0.722675 -0.25038 0.644244 30.8295
0.774493 -0.132101 0.618636 -15.3535 -0.0730616 0.952728 0.29491 0.140012 -0.62835 -0.273604 0.728229 31.0686
0.896521 -0.216282 0.386616 -15.1518 0.0854354 0.94075 0.328161 0.13669 -0.434685 -0.261173 0.861881 31.1891
0.950454 -0.129758 0.282489 -15.0476 0.0260176 0.938734 0.34366 0.0955478 -0.309774 -0.319283 0.895599 31.6693
0.979658 -0.139102 -0.144643 -14.9484 0.169088 0.960353 0.221654 0.100386 0.108075 -0.241603 0.964338 32.0522
0.874869 -0.166887 -0.454701 -15.1794 0.287998 0.934026 0.211312 0.103513 0.389437 -0.315823 0.865214 32.3299
0.585333 -0.222348 -0.779709 -15.4483 0.378258 0.925483 0.0200425 0.102544 0.717151 -0.306663 0.625821 32.5607
0.324161 -0.173757 -0.929908 -15.5794 0.303043 0.950259 -0.0719209 0.104393 0.89615 -0.258488 0.360693 32.754
0.10801 -0.0206297 -0.993936 -15.9017 0.243534 0.969872 0.00633427 0.0489128 0.963859 -0.242741 0.10978 32.8929
-0.196081 -0.145474 -0.969737 -16.0256 0.170928 0.968724 -0.179884 0.0944543 0.965575 -0.201027 -0.165083 33.2048
0.0278475 -0.0329134 -0.99907 -16.3697 0.212738 0.976757 -0.0262486 0.0596651 0.976712 -0.21181 0.0342021 33.4153
0.0862862 -0.0348617 -0.99566 -16.5892 0.134209 0.990685 -0.0230566 0.0666366 0.987189 -0.131637 0.0901611 33.8199
0.336634 0.112404 -0.934903 -16.9038 0.211982 0.958318 0.191548 0.0176592 0.917465 -0.262664 0.298775 34.0995
0.470606 -0.100785 -0.876568 -16.885 0.275871 0.960456 0.0376771 0.0852936 0.838108 -0.259551 0.4798 34.4787
0.731642 -0.135461 -0.668094 -16.9384 0.321561 0.932749 0.163025 0.0800866 0.601081 -0.334109 0.725998 34.7944
0.80247 -0.245568 -0.543818 -16.9616 0.351451 0.931044 0.0981845 0.107271 0.482207 -0.269915 0.83344 35.2799
0.899354 -0.224641 -0.375098 -17.0535 0.31949 0.923326 0.21306 0.122371 0.298476 -0.311456 0.902168 35.8231
0.820249 -0.233945 -0.521978 -17.1593 0.319863 0.944123 0.0794959 0.111409 0.474213 -0.232168 0.849246 36.2847
0.640701 -0.231685 -0.732 -17.4671 0.355943 0.934374 0.0158095 0.0903403 0.680299 -0.270679 0.681121 36.75
0.448545 -0.213481 -0.86789 -17.6872 0.381522 0.92387 -0.0300713 0.108305 0.808238 -0.317631 0.495845 37.2768
0.126319 -0.221149 -0.967025 -18.0429 0.245156 0.951555 -0.185587 0.112554 0.961219 -0.213629 0.174415 37.6903
-0.157097 -0.0922638 -0.983264 -18.2613 0.205541 0.97077 -0.123931 0.0641306 0.965957 -0.22157 -0.133541 37.7718
-0.420263 -0.0632833 -0.905193 -18.6758 0.0813063 0.990926 -0.107026 0.0400883 0.903752 -0.118577 -0.411304 37.8879
-0.757555 -0.113221 -0.642878 -18.7862 -0.050151 0.992027 -0.115614 0.0591563 0.650842 -0.0553432 -0.757193 37.8433
-0.920209 -0.0835053 -0.382416 -18.9967 0.0283335 0.960206 -0.277852 0.0272821 0.3904 -0.266517 -0.881224 37.5899
-0.984488 -0.169218 -0.0463453 -19.1707 -0.158718 0.971547 -0.175798 0.0324595 0.0747748 -0.165715 -0.983335 37.4131
-0.924511 -0.260331 0.278403 -19.2304 -0.299359 0.948056 -0.107585 0.0690256 -0.235934 -0.182805 -0.95442 37.3173
-0.802325 -0.245551 0.544039 -19.1427 -0.307624 0.951196 -0.0243493 0.0864739 -0.511509 -0.186895 -0.838706 36.8696
-0.580137 -0.360231 0.73053 -19.1515 -0.36513 0.916737 0.162091 0.29497 -0.728094 -0.172703 -0.663365 36.3978
-0.408928 -0.428072 0.805936 -19.0809 -0.516659 0.83658 0.182199 0.504503 -0.752224 -0.341888 -0.563268 36.1877
-0.19117 -0.373088 0.907888 -19.1287 -0.371689 0.883582 0.284835 0.677009 -0.908461 -0.283 -0.307587 35.8318
-0.0347856 -0.308763 0.950503 -18.9676 -0.365592 0.889089 0.275434 0.829997 -0.930125 -0.337915 -0.143809 35.5907
0.297697 -0.193909 0.93476 -19.0674 -0.242675 0.93162 0.270543 0.922073 -0.923301 -0.307383 0.230283 35.4337
0.411142 0.0976562 0.906325 -19.2661 -0.145139 0.988575 -0.0406782 0.792735 -0.899943 -0.114819 0.420618 35.4199
0.0619322 0.242432 0.96819 -19.3161 -0.0487648 0.969628 -0.239673 0.715999 -0.996888 -0.0323701 0.0718733 35.1982
-0.356584 0.143538 0.923171 -19.2454 0.0177033 0.988988 -0.146933 0.883123 -0.934096 -0.0360508 -0.355198 34.7539
-0.638375 0.111165 0.761656 -19.2432 -0.0315315 0.984909 -0.170177 1.06214 -0.769079 -0.132653 -0.625236 34.4232
-0.594225 -0.0558099 0.80236 -19.2481 -0.19028 0.979025 -0.0728227 1.29451 -0.781467 -0.195946 -0.592381 34.1556
-0.570087 -0.134448 0.810509 -19.0014 -0.270519 0.962226 -0.0306595 1.48509 -0.775771 -0.236737 -0.584923 34.02
-0.337187 -0.257037 0.905669 -18.7058 -0.442965 0.892181 0.08829 1.62807 -0.830715 -0.371409 -0.41469 34.1561
-0.174276 -0.320942 0.930926 -18.6635 -0.389712 0.890683 0.234111 1.63482 -0.904297 -0.321993 -0.2803 34.0882
-0.326201 -0.244764 0.913063 -18.5471 -0.283582 0.946747 0.152481 1.80993 -0.901762 -0.209189 -0.378241 33.7927
-0.610857 -0.11197 0.783783 -18.5988 -0.166921 0.985912 0.010753 1.80469 -0.773945 -0.124261 -0.620942 33.4263
-0.582406 -0.0971823 0.807068 -18.3282 -0.146558 0.989112 0.0133419 2.02321 -0.799577 -0.110512 -0.590307 33.1688
-0.140803 -0.104386 0.984519 -18.057 -0.114666 0.989453 0.0885099 2.08493 -0.983375 -0.100429 -0.151288 33.2194
0.205817 -0.0485383 0.977386 -17.8586 -0.0696621 0.995509 0.0641077 2.18435 -0.976108 -0.0812812 0.201511 33.161
0.193929 -0.0371154 0.980313 -17.556 -0.116415 0.991352 0.060563 2.3229 -0.974084 -0.125868 0.187931 33.0294
-0.156097 -0.145754 0.976929 -17.4551 -0.109375 0.985521 0.129559 2.45185 -0.981667 -0.0866274 -0.169778 32.6332
-0.368871 -0.0429731 0.928487 -17.3148 -0.134226 0.990923 -0.00746255 2.58354 -0.919738 -0.12738 -0.37129 32.3426
-0.719749 -0.0489289 0.692508 -17.4417 -0.0962434 0.994914 -0.0297342 2.68666 -0.687531 -0.0880505 -0.720797 32.112
-0.862353 -0.0979598 0.496741 -17.6664 -0.0623944 0.994187 0.0877408 2.83114 -0.502448 0.0446697 -0.863453 31.9215
-0.936681 -0.098445 0.336061 -17.6434 -0.0640239 0.991639 0.112039 2.86681 -0.344281 0.0834291 -0.935153 31.7981
-0.852187 -0.17313 0.493765 -17.5281 -0.157914 0.984769 0.0727482 3.03217 -0.498839 -0.0159775 -0.866547 31.6085
-0.892175 -0.0624381 0.447354 -17.2535 -0.0198603 0.994865 0.099247 3.12208 -0.451253 0.0796611 -0.888833 31.3996
-0.938423 -0.00779507 0.345402 -17.3419 0.0361108 0.992057 0.120498 3.25371 -0.343597 0.125551 -0.930687 31.1474
-0.989482 0.0597488 0.131737 -17.0401 0.0696995 0.994947 0.0722611 3.42542 -0.126754 0.0806831 -0.988647 31.0889
-0.984451 0.16105 -0.0701389 -17.0014 0.155903 0.985028 0.0735757 3.52245 0.0809382 0.0614968 -0.99482 30.773
-0.90783 0.143217 -0.394125 -16.8427 0.0962894 0.985952 0.136481 3.63853 0.408134 0.0859515 -0.908867 30.7205
-0.686396 0.223895 -0.691904 -16.8282 0.154748 0.974605 0.16186 3.72024 0.710573 0.00402912 -0.703612 30.7927
-0.333491 0.245062 -0.910345 -16.8682 0.0489087 0.968821 0.242887 3.73087 0.941484 0.0364768 -0.335079 30.8341
0.0189434 0.263162 -0.964566 -16.6777 -0.0462794 0.963936 0.262081 3.71892 0.998749 0.0396749 0.0304392 30.7412
0.159668 0.213964 -0.963704 -16.3412 -0.097755 0.974857 0.200244 3.75442 0.982319 0.0622343 0.17657 30.6546
0.0696156 0.306156 -0.949433 -16.2351 -0.21242 0.934464 0.285754 3.68976 0.974696 0.181785 0.130087 30.611
0.0374344 0.304723 -0.951705 -16.232 -0.216293 0.932267 0.289992 3.69792 0.975611 0.194991 0.100808 30.6052
-0.997512 0.0100706 0.0697708 -134.735 0.0014998 0.992551 -0.121821 11.3058 -0.0704779 -0.121413 -0.990097 2.04179
-0.997946 0.056754 0.0297025 -134.558 0.0531858 0.992554 -0.109581 11.2143 -0.0357005 -0.107776 -0.993534 1.72894
-0.972946 0.0840068 -0.215216 -134.526 0.104547 0.990804 -0.0858865 11.2768 0.206022 -0.106063 -0.972782 1.10442
-0.861381 0.228046 -0.453892 -134.673 0.201325 0.97365 0.107118 11.1741 0.466359 0.0008894 -0.884595 0.410419
-0.739796 0.31283 -0.595684 -134.902 0.234604 0.949711 0.20739 11.1854 0.630605 0.0136762 -0.775984 -0.180065
-0.496226 0.260449 -0.828207 -135.088 0.132342 0.965486 0.224326 11.2226 0.858048 0.00171017 -0.513567 -0.486803
-0.182677 0.334226 -0.92462 -135.311 -0.0240738 0.938642 0.344051 11.205 0.982878 0.0851092 -0.163422 -0.595908
0.240725 0.316817 -0.91743 -135.336 -0.117336 0.947793 0.296514 11.2472 0.963475 0.0362688 0.265331 -0.634604
0.600414 0.0989825 -0.79354 -135.267 0.0510016 0.98555 0.161522 11.4346 0.798061 -0.137452 0.58669 -0.770981
0.724941 -0.088968 -0.683041 -135.09 0.219462 0.969779 0.106608 11.5245 0.652914 -0.227186 0.722558 -0.799002
0.744078 -0.0516702 -0.666092 -135.06 0.210752 0.964252 0.160627 11.4694 0.633981 -0.259899 0.728368 -0.798337
0.711452 0.130279 -0.690553 -135.171 0.0573854 0.968613 0.24186 11.3694 0.700387 -0.2117 0.681646 -0.8843
0.474313 0.244686 -0.845669 -135.092 0.0124794 0.958633 0.284371 11.3031 0.880268 -0.145434 0.451639 -0.902478
0.187944 0.201887 -0.961207 -135.097 0.176282 0.955821 0.235224 11.2847 0.966231 -0.213653 0.144052 -1.1326
-0.163007 0.234236 -0.958416 -135.034 0.218565 0.955847 0.196434 11.2877 0.962111 -0.177456 -0.207006 -1.43984
-0.477807 0.236481 -0.846036 -134.971 0.246458 0.960492 0.129283 11.2788 0.843184 -0.14674 -0.517212 -1.55491
-0.757091 0.285195 -0.587773 -134.993 0.292454 0.952455 0.0854417 11.2892 0.584195 -0.10721 -0.804502 -1.73343
-0.925715 0.288804 -0.244222 -134.987 0.29859 0.954376 -0.00319959 11.2465 0.232156 -0.0758843 -0.969714 -1.9067
-0.870075 0.349026 0.348066 -134.915 0.327887 0.937063 -0.120015 11.0709 -0.368048 0.00970488 -0.929756 -2.20643
-0.66012 0.372924 0.65205 -134.966 0.324369 0.924471 -0.200345 10.8727 -0.677515 0.0792528 -0.731227 -2.41172
-0.602464 0.25087 0.757695 -134.804 0.191252 0.967037 -0.168113 10.6824 -0.774894 0.0436285 -0.630584 -2.72902
-0.817313 0.0602336 0.573037 -134.878 -0.0713376 0.976291 -0.204368 10.6212 -0.571761 -0.207912 -0.793638 -2.95097
-0.771591 -0.161654 0.615236 -134.693 -0.302062 0.944284 -0.130715 10.477 -0.559827 -0.286698 -0.777431 -3.19587
-0.909079 -0.102672 0.403775 -134.714 -0.16984 0.976301 -0.134132 10.3321 -0.380434 -0.190514 -0.904972 -3.48751
-0.909055 0.0413403 0.41462 -134.549 -0.0969766 0.94675 -0.307019 9.98794 -0.405233 -0.319306 -0.856639 -3.91499
-0.884439 0.0716357 0.461124 -134.622 0.048528 0.996909 -0.0617928 9.84063 -0.464125 -0.0322746 -0.885181 -4.14079
-0.932663 -0.0314452 0.359375 -134.65 0.00147602 0.995853 0.0909673 9.80767 -0.360745 0.0853724 -0.928749 -4.68571
-0.944786 0.0397378 0.325268 -134.735 0.082014 0.989703 0.11731 9.76812 -0.317257 0.137509 -0.938317 -4.75389
-0.853245 -0.0621561 0.517793 -134.712 -0.0234548 0.996441 0.0809633 9.78791 -0.520982 0.0569368 -0.851666 -4.69741
-0.820024 -0.111017 0.561459 -134.948 -0.107363 0.99343 0.0396241 9.82178 -0.562169 -0.027787 -0.826555 -5.00315
-0.661678 -0.0618832 0.74723 -134.92 -0.0733253 0.997152 0.0176508 9.82891 -0.746194 -0.0431118 -0.664331 -5.51715
-0.380215 -0.046918 0.923707 -134.771 -0.211241 0.97672 -0.0373401 9.82063 -0.900452 -0.209323 -0.381275 -5.91421
-0.188321 -0.0362354 0.981439 -134.525 -0.247123 0.968914 -0.0116457 9.73644 -0.950508 -0.24473 -0.191421 -6.69116
-0.120008 -0.0953063 0.988188 -134.199 -0.194947 0.978264 0.0706744 9.79841 -0.973444 -0.184163 -0.135979 -7.17989
-0.563988 -0.134092 0.814823 -133.793 -0.298891 0.952974 -0.0500538 9.81713 -0.769793 -0.271773 -0.577545 -7.81019
-0.833411 -0.139856 0.534664 -133.647 -0.242971 0.96166 -0.127184 9.83487 -0.496377 -0.235904 -0.835439 -8.07374
-0.860029 -0.135618 0.491892 -133.358 -0.229583 0.963785 -0.135683 9.7517 -0.455678 -0.229621 -0.860019 -8.86195
-0.798144 -0.0410962 0.601064 -133.218 -0.248233 0.931481 -0.265937 9.7077 -0.548951 -0.36146 -0.753657 -9.71607
-0.804932 -0.260914 0.532925 -133.23 -0.232138 0.965022 0.12184 9.72157 -0.546074 -0.0256391 -0.837345 -10.1092
-0.95556 -0.285816 0.0722117 -133.432 -0.29139 0.952874 -0.0843962 9.68975 -0.0446869 -0.101687 -0.993812 -10.4635
-0.974964 0.0683743 0.211588 -133.478 -0.0350245 0.892452 -0.449781 9.69672 -0.219586 -0.445932 -0.867714 -10.9156
-0.786824 0.387286 0.480539 -133.401 -0.00527597 0.774358 -0.632725 9.64137 -0.617155 -0.500379 -0.60724 -11.3447
-0.817498 -0.00243622 0.575926 -133.61 -0.0780831 0.991227 -0.106642 9.78584 -0.570614 -0.13215 -0.810516 -11.6862
-0.958094 -0.100618 0.268201 -133.943 -0.0683167 0.989524 0.127183 9.84058 -0.278188 0.10353 -0.954931 -12.0377
-0.995183 -0.0118831 0.0973155 -134.073 -0.0492617 0.918829 -0.39157 9.8338 -0.0847632 -0.394478 -0.914988 -12.3352
-0.944378 -0.298259 0.138533 -134.615 -0.326112 0.903694 -0.277467 9.91454 -0.0424349 -0.307211 -0.950695 -13.1388
-0.952749 -0.281805 -0.113378 -135.156 -0.238971 0.925787 -0.292935 9.84891 0.187514 -0.252 -0.949386 -13.8152
-0.972089 -0.204264 0.115406 -135.615 -0.22788 0.939046 -0.257417 9.87554 -0.0557901 -0.276531 -0.959384 -14.4933
-0.890544 -0.438096 -0.122488 -136.125 -0.445055 0.894805 0.0353515 9.8097 0.0941153 0.0859958 -0.99184 -14.8308
-0.822086 -0.350218 -0.448912 -136.652 -0.341901 0.934115 -0.102629 9.77733 0.455279 0.0691136 -0.887663 -15.1416
-0.582269 -0.413803 -0.699808 -137.156 -0.364973 0.902209 -0.229812 9.75268 0.726469 0.121599 -0.676355 -15.2217
-0.457278 -0.140319 -0.878184 -137.508 0.0936133 0.974393 -0.204436 9.73354 0.884383 -0.175694 -0.432433 -15.233
-0.650151 0.13768 -0.747227 -137.659 0.453459 0.85941 -0.236197 9.65729 0.609655 -0.4924 -0.621178 -15.3558
-0.851901 0.224217 -0.473278 -137.938 0.404279 0.85602 -0.322162 9.63349 0.332901 -0.465786 -0.81989 -15.506
-0.994043 0.0853779 -0.0677374 -138.23 0.101145 0.954179 -0.281624 9.65213 0.040589 -0.286798 -0.957131 -15.6721
-0.929773 0.0511751 0.36456 -138.352 -0.0278076 0.977698 -0.208165 9.66778 -0.367083 -0.203683 -0.907614 -15.8322
-0.839635 -0.0686415 0.538796 -138.626 -0.263935 0.918551 -0.294284 9.70071 -0.474711 -0.389298 -0.789364 -16.0608
-0.54266 -0.0757705 0.836528 -138.897 -0.321785 0.938695 -0.123719 9.65542 -0.77587 -0.33632 -0.533774 -16.2326
-0.286777 0.0224185 0.957735 -139.063 -0.340243 0.932166 -0.1237 9.68528 -0.895541 -0.361337 -0.259696 -16.544
-0.0407667 -0.0696224 0.99674 -139.385 -0.329524 0.942694 0.0523697 9.6836 -0.943267 -0.326315 -0.0613727 -16.6153
0.112318 0.0193783 0.993483 -139.542 -0.264525 0.964315 0.0110964 9.66277 -0.957816 -0.264047 0.113436 -16.3622
0.420311 0.0151366 0.907254 -139.533 -0.214002 0.973309 0.0829039 9.69276 -0.881783 -0.229 0.412331 -16.1397
0.442931 -0.081216 0.89287 -139.097 -0.225399 0.953815 0.198574 9.81871 -0.86776 -0.289206 0.404168 -16.0872
0.459383 -0.146664 0.876046 -138.627 -0.217103 0.93782 0.270851 9.79628 -0.861297 -0.314617 0.398978 -16.1214
0.154492 -0.171754 0.972951 -138.234 -0.32163 0.922389 0.213899 9.81535 -0.934177 -0.345976 0.0872609 -16.0901
0.420626 -0.19427 0.88619 -137.867 -0.170621 0.942435 0.287585 9.78733 -0.891045 -0.272169 0.363266 -16.0788
0.267411 -0.270601 0.924806 -137.326 -0.251521 0.906883 0.338085 9.8192 -0.930177 -0.323016 0.174449 -16.2474
0.569312 -0.177286 0.802779 -136.816 -0.10037 0.954179 0.281902 9.79597 -0.815972 -0.241065 0.525431 -16.3544
0.860762 -0.172306 0.478956 -136.447 0.0258278 0.954534 0.29698 9.76739 -0.508352 -0.243259 0.826077 -15.9918
0.981805 -0.121917 0.145587 -136.485 0.0910521 0.975044 0.20248 9.67354 -0.16664 -0.18554 0.968404 -15.8556
0.950492 -0.0786023 -0.300643 -136.507 0.132268 0.977799 0.162525 9.56887 0.281194 -0.194244 0.939787 -15.6501
0.550412 -0.126617 -0.825236 -136.632 0.245761 0.969211 0.01521 9.60577 0.797902 -0.211183 0.564582 -15.479
0.493236 -0.206717 -0.844977 -137.018 0.403619 0.914851 0.0117923 9.66605 0.770591 -0.346865 0.534673 -15.2721
0.511286 -0.114719 -0.85172 -137.352 0.341132 0.936723 0.078613 9.60819 0.788807 -0.330742 0.518067 -14.749
0.558996 -0.139508 -0.81735 -137.385 0.314678 0.947692 0.053457 9.61375 0.767139 -0.287085 0.573656 -14.376
0.333842 -0.120717 -0.934867 -136.992 0.365164 0.930887 0.0101971 9.6189 0.869025 -0.344784 0.354851 -14.5924
0.207685 0.0248586 -0.97788 -136.466 0.242633 0.967127 0.0761163 9.6295 0.947627 -0.253074 0.194826 -14.547
0.409119 -0.0991166 -0.907082 -136.341 0.247069 0.968982 0.00555466 9.62446 0.878395 -0.226385 0.420917 -14.0363
0.30449 -0.0617451 -0.950512 -136.258 0.263036 0.964544 0.021605 9.56684 0.915477 -0.256597 0.309935 -13.4591
0.415588 -0.114451 -0.902324 -136.153 0.322764 0.946046 0.0286607 9.64009 0.850359 -0.303148 0.430105 -12.7997
0.754084 -0.0694094 -0.6531 -135.997 0.241964 0.953817 0.178008 9.607 0.610583 -0.292259 0.736052 -12.395
0.888073 -0.152509 -0.433667 -135.804 0.237612 0.95986 0.149031 9.6494 0.393531 -0.235395 0.888664 -11.7706
0.81624 -0.100467 -0.568911 -135.697 0.0925724 0.994783 -0.0428568 9.5889 0.570249 -0.017684 0.821282 -11.1601
