0.999994 -0.00308048 0.00148473 -4.96803e-05 0.00309148 0.999967 -0.00746492 -0.000182539 -0.00146169 0.00746946 0.999971 3.94876e-05
0.902109 -0.0126758 -0.431322 4.83402 0.000444575 0.999595 -0.0284465 0.232606 0.431508 0.0254701 0.901749 0.264886
0.848037 -0.0367329 -0.528663 5.59201 0.016352 0.998934 -0.0431781 0.236813 0.529685 0.0279719 0.847733 0.665503
0.921481 -0.0732753 -0.381449 6.38277 0.0265129 0.99162 -0.126439 0.233664 0.387518 0.106398 0.915702 1.41261
0.956776 -0.0944677 -0.275057 7.43385 0.0794901 0.994706 -0.0651261 0.272284 0.279753 0.0404468 0.95922 1.8106
0.848335 -0.0566395 -0.526421 8.45855 0.0344983 0.998062 -0.0517904 0.258463 0.528335 0.0257749 0.848645 2.25895
0.556944 -0.067634 -0.827792 9.18682 0.0841167 0.996147 -0.0247951 0.297607 0.826279 -0.0558216 0.560488 3.09225
0.163735 -0.0671188 -0.984218 9.29761 0.25062 0.967781 -0.0243045 0.405664 0.954139 -0.242685 0.175281 3.34082
-0.237799 0.0236284 -0.971027 9.55405 0.290553 0.955659 -0.0479005 0.45484 0.926839 -0.293526 -0.234121 3.81604
-0.553111 0.00607487 -0.833086 9.60781 0.210083 0.968675 -0.132417 0.477644 0.806185 -0.248259 -0.537061 4.12883
-0.545253 -0.00535643 -0.838254 9.65721 0.0604909 0.997121 -0.0457187 0.398213 0.836086 -0.075635 -0.54336 4.81775
-0.602472 0.0790579 -0.794215 10.0349 0.0314127 0.99666 0.0753807 0.285057 0.797522 0.0204663 -0.602943 4.7726
-0.86642 0.108287 -0.487432 10.1616 0.0540467 0.990804 0.124045 0.244242 0.496382 0.0811312 -0.864305 4.53758
-0.992312 0.0181884 -0.122415 10.0821 0.0101092 0.997749 0.0662988 0.226646 0.123345 0.0645516 -0.990262 4.2152
-0.976455 -0.00742506 0.215594 9.65917 -0.00270385 0.99975 0.0221853 0.284427 -0.215705 0.02108 -0.976231 3.63895
-0.820307 -0.00805706 0.571867 9.327 0.050989 0.994889 0.0871574 0.262061 -0.569647 0.100655 -0.815703 3.15389
-0.588569 -0.0169785 0.808269 8.75599 0.00923926 0.999573 0.0277249 0.293987 -0.808394 0.0237858 -0.58816 2.35472
-0.574712 -0.0487845 0.8169 8.13619 -0.0584705 0.998118 0.018471 0.327721 -0.816264 -0.0371491 -0.576483 1.59531
-0.834283 -0.0175295 0.551058 7.57371 -0.0144075 0.999846 0.00999322 0.330747 -0.551149 0.0003978 -0.834407 0.708129
-0.958308 -0.0487134 0.281555 6.95612 -0.0345716 0.997889 0.0549817 0.296273 -0.283639 0.0429556 -0.957969 -0.149077
-0.814315 -0.00747953 0.580375 6.2488 -0.00384045 0.999965 0.00749848 0.263502 -0.580411 0.00387722 -0.814315 -0.785207
-0.90467 -0.0263061 0.4253 5.18783 -0.00403036 0.998576 0.0531917 0.255676 -0.426094 0.0464069 -0.903488 -1.18846
-0.995469 -0.0103121 0.09453 4.49813 -0.00503198 0.998422 0.0559255 0.261748 -0.0949576 0.0551964 -0.99395 -1.67044
-0.921666 -0.0917777 -0.376973 4.5727 -0.119181 0.991614 0.0499682 0.260622 0.369226 0.0909818 -0.924875 -1.77942
-0.749398 -0.123186 -0.650559 4.73072 -0.190884 0.981019 0.0341247 0.267084 0.634008 0.149755 -0.758688 -1.80332
-0.470804 -0.0356312 -0.881518 4.94029 -0.202667 0.976831 0.0687575 0.249886 0.858644 0.211026 -0.467117 -1.80884
-0.100134 -0.0602007 -0.993151 5.16885 -0.0787531 0.995516 -0.0524037 0.279038 0.991852 0.0729663 -0.104426 -1.64537
0.246518 -0.113023 -0.962525 5.17239 0.0264521 0.993591 -0.109896 0.344467 0.968777 0.0016306 0.247928 -1.13697
0.338165 -0.153727 -0.928446 5.2323 0.0490275 0.988106 -0.145748 0.364992 0.939809 0.00376736 0.341679 -0.772377
0.622574 -0.110634 0.774701 2.34412 -0.0877493 0.973844 0.209591 0.150396 -0.777625 -0.198465 0.596582 -0.416702
0.581465 -0.209421 0.786156 2.47699 0.059204 0.974632 0.21584 0.118928 -0.811414 -0.0789596 0.579113 -0.510476
0.46466 -0.241328 0.85197 2.63575 0.063046 0.96872 0.240013 0.114713 -0.883242 -0.0578113 0.46534 -0.556342
0.618463 -0.357346 0.699862 2.97003 0.0287724 0.900321 0.434274 0.229583 -0.785287 -0.248446 0.567097 -0.890391
0.664702 -0.416403 0.620306 3.36418 0.0292279 0.844133 0.535336 0.28369 -0.746537 -0.337709 0.573268 -0.972876
0.797548 -0.445018 0.407278 3.65564 0.207631 0.836385 0.507296 0.245088 -0.566398 -0.32003 0.759457 -0.97076
0.864221 -0.175246 0.471605 3.99147 0.0798224 0.973262 0.215383 0.155858 -0.49674 -0.148494 0.855102 -0.635756
0.974376 -0.169305 0.148076 4.19687 0.138471 0.97032 0.198255 0.17652 -0.177246 -0.172671 0.968901 -0.259466
0.976774 -0.117065 -0.179468 4.36495 0.133598 0.987558 0.0829526 0.135209 0.167525 -0.105003 0.98026 0.061069
0.86245 -0.0708875 -0.501154 4.3302 0.144107 0.983554 0.108875 0.14776 0.485195 -0.166119 0.858481 0.386615
0.700065 -0.311827 -0.642397 4.33694 0.451869 0.890037 0.0603985 0.257633 0.552923 -0.332562 0.763989 0.588234
0.718336 -0.475408 -0.507918 4.27145 0.648584 0.721735 0.241737 0.324428 0.251658 -0.503076 0.826791 0.699686
0.817476 -0.264257 -0.511763 4.13703 0.389205 0.908418 0.15263 0.215774 0.424561 -0.323952 0.84546 1.11635
0.793624 0.0140346 -0.608246 4.09654 0.100863 0.982865 0.154282 0.0899085 0.599989 -0.183791 0.77861 1.40709
0.571938 -0.03148 -0.819692 3.91297 0.125601 0.990841 0.049585 0.111415 0.810624 -0.131314 0.570654 1.57095
0.288914 0.00356168 -0.957348 3.91783 0.076215 0.996734 0.0267088 0.0884645 0.954317 -0.0806808 0.287699 1.7475
-0.0360505 -0.0617849 -0.997438 4.10508 0.193282 0.978811 -0.0676168 0.171238 0.980481 -0.195224 -0.0233447 1.58391
-0.371901 -0.129592 -0.919182 4.20801 0.120174 0.975153 -0.186105 0.181209 0.920461 -0.179674 -0.347086 1.62707
-0.647019 -0.285842 -0.706867 4.58016 0.0423521 0.912166 -0.407627 0.261871 0.761296 -0.29368 -0.578083 1.62572
-0.855119 -0.272778 -0.440868 4.67687 -0.0802881 0.909806 -0.407194 0.234245 0.512177 -0.312803 -0.799893 1.54231
-0.944004 -0.2721 -0.186596 4.58968 -0.18654 0.906655 -0.378392 0.249428 0.272139 -0.322396 -0.906643 1.56061
-0.988936 -0.114058 0.0948466 4.42188 -0.130614 0.972613 -0.192258 0.162944 -0.0703206 -0.202519 -0.97675 1.40296
-0.855605 -0.107524 0.506338 4.34568 -0.185489 0.976914 -0.105983 0.152622 -0.483253 -0.184599 -0.855798 1.14424
-0.58933 -0.166965 0.790451 4.27066 -0.271768 0.962363 0.000657661 0.191816 -0.76081 -0.214432 -0.612525 1.07639
-0.292938 -0.158303 0.942936 4.30712 -0.305666 0.94995 0.0645202 0.176981 -0.905956 -0.269323 -0.326664 0.941981
0.0561797 -0.186506 0.980846 4.37886 -0.308806 0.930982 0.194711 0.210481 -0.949465 -0.31383 -0.00529173 0.648525
0.140657 -0.0872656 0.986205 4.52792 -0.223545 0.967585 0.117501 0.162417 -0.964491 -0.236988 0.11659 0.253454
-0.254673 -0.0292617 0.966584 4.69958 -0.145851 0.98927 -0.00847986 0.107921 -0.955965 -0.143137 -0.256208 -0.219133
-0.59487 0.0566648 0.801822 4.69978 -0.0527923 0.992604 -0.109314 0.103086 -0.802086 -0.107358 -0.587479 -0.462027
-0.901363 -0.0578454 0.429183 4.72243 -0.154537 0.968756 -0.193987 0.171902 -0.404552 -0.241178 -0.88214 -0.567149
-0.975643 -0.18875 0.111778 4.51253 -0.211361 0.945238 -0.248701 0.198597 -0.0587151 -0.266269 -0.962109 -0.65104
-0.957062 -0.107916 -0.269048 4.24659 -0.0267983 0.957085 -0.288564 0.197392 0.288643 -0.268964 -0.918882 -0.881391
-0.747259 -0.042826 -0.663152 3.75246 0.0818823 0.984383 -0.155838 0.159456 0.659469 -0.170752 -0.732082 -0.916401
-0.488071 -0.145451 -0.860599 3.39964 0.145125 0.958766 -0.244347 0.210949 0.860654 -0.244153 -0.446837 -1.0074
-0.396592 -0.245249 -0.884628 2.82016 0.179065 0.924475 -0.336573 0.224369 0.900361 -0.291889 -0.322724 -0.898336
-0.34308 -0.236214 -0.90912 2.31583 0.202832 0.926398 -0.317247 0.215485 0.917145 -0.29324 -0.269916 -0.746698
-0.494093 -0.258086 -0.830219 1.77503 0.205666 0.893123 -0.40004 0.258001 0.844733 -0.368405 -0.388207 -0.702543
-0.598087 -0.253834 -0.760171 1.08611 0.0283903 0.941211 -0.336623 0.246916 0.800928 -0.222911 -0.55572 -0.855888
-0.508459 -0.128407 -0.851458 0.460967 0.104198 0.972378 -0.208866 0.157641 0.854759 -0.194919 -0.481034 -1.2089
-0.185679 -0.0961603 -0.977894 -0.0845257 0.125849 0.984677 -0.120723 0.134913 0.974518 -0.145483 -0.170732 -1.26942
0.16692 -0.0898846 -0.981865 -0.28322 0.191516 0.979825 -0.0571396 0.137673 0.967192 -0.178505 0.180766 -1.23149
0.625109 -0.146704 -0.766627 -0.474777 0.239883 0.970752 0.00983523 0.174929 0.742762 -0.190049 0.642017 -0.940184
0.866996 -0.146134 -0.476406 -0.522975 0.216002 0.971759 0.0950149 0.187212 0.449067 -0.185282 0.874076 -0.877803
0.949958 -0.258566 -0.175281 -0.495671 0.291402 0.935663 0.199045 0.169671 0.112537 -0.240162 0.964188 -0.765532
0.903805 -0.422305 0.0692478 -0.424811 0.364551 0.844526 0.392274 0.229292 -0.224141 -0.329295 0.917238 -0.575303
0.802178 -0.57828 0.14867 -0.557218 0.361636 0.66868 0.649682 0.300696 -0.475111 -0.467396 0.745527 -0.37297
0.733818 -0.67439 0.081916 -0.329218 0.305295 0.435086 0.847051 0.378222 -0.606883 -0.596572 0.525162 -0.0487506
0.730533 -0.674987 -0.103508 -0.0622579 0.472347 0.390006 0.790433 0.389999 -0.493163 -0.626329 0.60374 0.330874
0.742225 -0.629127 -0.23087 0.248934 0.622496 0.519651 0.585202 0.371019 -0.248195 -0.578067 0.777327 0.76352
0.778327 -0.498996 -0.381065 0.256647 0.622493 0.692478 0.36466 0.321664 0.0819154 -0.521035 0.849595 1.15341
0.676444 -0.38779 -0.626133 0.305219 0.449738 0.890734 -0.0657927 0.191129 0.583231 -0.23709 0.776936 1.35465
0.582386 -0.288323 -0.760063 0.283173 0.121788 0.955382 -0.269097 0.129197 0.803737 0.0641515 0.591516 1.53183
0.359642 -0.201641 -0.911043 -0.0125093 0.110583 0.978701 -0.172962 0.0984281 0.926514 -0.0385418 0.37428 1.86539
0.416431 -0.0874505 -0.904952 -0.129604 0.200792 0.979631 -0.00226897 0.0780288 0.886718 -0.180762 0.425508 2.41969
0.477265 -0.13736 -0.867958 -0.44105 0.277413 0.96075 0.000496212 0.0926633 0.833823 -0.24102 0.496638 2.80515
0.67344 -0.0694382 -0.735974 -0.649287 0.198826 0.975907 0.0898566 0.102562 0.712002 -0.206844 0.67102 3.33024
0.707381 -0.137916 -0.693247 -0.815515 0.186963 0.982356 -0.0046567 0.105122 0.681658 -0.126318 0.720685 3.95373
0.89155 -0.125325 -0.435238 -0.827396 0.210898 0.965292 0.154056 0.142818 0.400825 -0.229139 0.887037 4.40295
0.821 -0.244092 -0.516118 -0.807763 0.336988 0.936909 0.0929543 0.19971 0.460866 -0.250241 0.851458 4.86932
0.660306 -0.12425 -0.740647 -1.2031 0.200021 0.979692 0.013972 0.126817 0.72387 -0.157371 0.671749 5.4095
0.694915 -0.163785 -0.700191 -1.40247 0.310519 0.9466 0.0867553 0.183995 0.648591 -0.27771 0.708665 5.97263
0.682386 -0.220208 -0.697035 -1.57004 0.356075 0.932903 0.0538678 0.206283 0.638404 -0.284956 0.715011 6.4843
0.548217 -0.120117 -0.827665 -1.86989 0.319588 0.944616 0.0745938 0.173424 0.772866 -0.305405 0.556242 6.80838
0.236536 -0.0710654 -0.96902 -2.01572 0.184898 0.982389 -0.0269126 0.11277 0.953868 -0.172804 0.24551 6.96886
-0.142008 -0.107461 -0.984015 -2.10483 0.162241 0.978119 -0.130231 0.134484 0.976479 -0.178142 -0.121467 7.1327
-0.399864 -0.130634 -0.907217 -2.31785 0.167444 0.962723 -0.212429 0.152665 0.90115 -0.236851 -0.363085 7.383
-0.195976 -0.141958 -0.970279 -2.47202 0.110966 0.9799 -0.165779 0.146401 0.97431 -0.140157 -0.176285 7.92012
0.193551 -0.140578 -0.970966 -2.50628 0.169931 0.979526 -0.107944 0.136921 0.966262 -0.144104 0.213477 8.16539
0.514286 -0.0837838 -0.853516 -2.61252 0.245956 0.96782 0.0531968 0.13515 0.821593 -0.237286 0.518344 8.39415
0.705996 -0.00620268 -0.708189 -2.75835 0.120866 0.986347 0.111853 0.112505 0.697826 -0.164564 0.697106 8.91318
0.859504 -0.169097 -0.482348 -2.89135 0.317758 0.91594 0.245118 0.119629 0.400353 -0.36395 0.840986 9.08377
0.951487 -0.153314 -0.266773 -3.0224 0.217975 0.947796 0.232746 0.105369 0.217163 -0.279604 0.935234 9.54455
0.955866 -0.0926005 -0.27883 -3.28475 0.1727 0.944856 0.278248 0.0937866 0.237688 -0.314122 0.919147 9.73529
0.886892 -0.16553 -0.431303 -3.43585 0.276647 0.937996 0.208879 0.116058 0.369985 -0.304572 0.877694 10.1493
0.859037 -0.00448795 -0.511894 -3.7061 0.143693 0.961873 0.232706 0.0609383 0.491332 -0.273459 0.82693 10.7011
0.640747 -0.0918974 -0.762232 -3.78118 0.219707 0.973238 0.0673528 0.0871033 0.735644 -0.210624 0.64379 11.0514
0.574256 -0.256886 -0.777328 -3.88269 0.50166 0.860765 0.0861451 0.145333 0.646967 -0.439424 0.623169 11.4079
0.174693 -0.451954 -0.874768 -3.936 0.690159 0.689854 -0.218591 0.250227 0.702256 -0.565542 0.432433 11.4972
-0.156531 -0.473548 -0.866747 -3.96395 0.551798 0.685905 -0.474398 0.276088 0.819156 -0.552527 0.153937 11.6859
0.117384 -0.24221 -0.963097 -4.33853 0.421127 0.890426 -0.172606 0.11635 0.899374 -0.385325 0.206523 12.0576
0.276079 -0.105956 -0.955277 -4.51646 0.112568 0.990629 -0.0773449 -0.00581734 0.95452 -0.0861804 0.28542 12.4351
0.386961 -0.0319835 -0.921541 -4.62552 0.00713108 0.999472 -0.0316939 -0.0250333 0.922069 0.0056927 0.386985 12.6736
0.63174 -0.164546 -0.757515 -4.80105 0.214656 0.976131 -0.0330181 0.0625431 0.744867 -0.141746 0.651982 12.9705
0.668694 -0.186267 -0.719828 -4.92013 0.264585 0.964355 -0.00375191 0.0835026 0.694869 -0.187947 0.694142 13.492
0.677483 -0.160435 -0.717828 -5.13226 0.227702 0.973727 -0.00272449 0.10096 0.699405 -0.161605 0.696215 13.9898
0.817754 -0.199612 -0.539846 -5.20851 0.268867 0.961792 0.0516479 0.116567 0.50891 -0.187382 0.840178 14.3352
0.882098 -0.335522 -0.330649 -5.32207 0.389567 0.914212 0.111593 0.180821 0.264842 -0.227246 0.937133 14.8633
0.922262 -0.279017 -0.267548 -5.54807 0.314617 0.943923 0.100129 0.172856 0.224607 -0.17652 0.958328 15.3986
0.921745 -0.247802 -0.298294 -5.80684 0.298144 0.944714 0.136479 0.17305 0.247983 -0.214733 0.944666 16.0668
0.917305 -0.363151 -0.163318 -5.91859 0.391768 0.896453 0.207099 0.229631 0.071199 -0.253956 0.964592 16.5226
0.935416 -0.126658 -0.330082 -6.22319 0.170805 0.97934 0.108253 0.158554 0.309552 -0.157641 0.937724 16.9976
0.92664 -0.162399 -0.339065 -6.32775 0.180933 0.983213 0.023555 0.1577 0.329548 -0.083175 0.940468 17.5763
0.891185 0.0740739 -0.447552 -6.53207 -0.069365 0.997228 0.0269275 0.0452881 0.448306 0.00704709 0.893852 18.0144
0.652318 0.183111 -0.735494 -6.68137 -0.201865 0.977302 0.064276 -0.0353393 0.730569 0.106542 0.674476 18.1804
0.157408 0.0426079 -0.986614 -6.86003 -0.0303804 0.998805 0.0382874 0.0470912 0.987066 0.023947 0.158514 18.2198
-0.239266 -0.0894376 -0.966826 -7.05131 0.0343043 0.994348 -0.100473 0.140635 0.970348 -0.0572062 -0.234846 18.21
-0.321487 -0.299209 -0.898399 -7.24588 0.180676 0.911951 -0.368376 0.243728 0.929517 -0.280747 -0.239121 18.3741
-0.323902 -0.360019 -0.874913 -7.35553 0.183775 0.883211 -0.431469 0.267736 0.92807 -0.300541 -0.219912 18.8363
-0.118556 -0.249138 -0.961184 -7.66213 0.161243 0.950332 -0.266213 0.192474 0.979768 -0.186545 -0.0724958 19.4007
0.156022 -0.0933229 -0.983335 -7.79128 0.221836 0.973406 -0.0571828 0.14962 0.962521 -0.209217 0.172575 20.0685
-0.00095079 -0.0505396 -0.998722 -7.89496 0.204622 0.97758 -0.0496646 0.125543 0.978841 -0.204407 0.00941204 20.5783
0.0253663 -0.0352346 -0.999057 -7.99993 0.20982 0.977306 -0.0291401 0.0861665 0.977411 -0.208883 0.0321835 20.8516
0.325367 -0.0815159 -0.942068 -8.20143 0.245841 0.96931 0.00103435 0.087216 0.913071 -0.231935 0.335422 21.3401
-0.0327254 -0.114824 -0.992847 -8.41644 0.250769 0.960659 -0.119367 0.114793 0.967494 -0.252882 -0.00264359 21.6333
-0.415183 -0.126481 -0.900903 -8.77416 0.192651 0.955605 -0.222944 0.0896271 0.889106 -0.266122 -0.372384 21.9154
-0.662765 -0.20564 -0.720038 -8.8844 0.0173073 0.95709 -0.289272 0.146002 0.748628 -0.204181 -0.630767 22.1898
-0.422199 -0.152231 -0.89363 -9.3403 0.143018 0.962267 -0.231493 0.105137 0.89515 -0.225541 -0.384496 22.6514
-0.0522893 -0.170988 -0.983885 -9.41852 0.244562 0.953039 -0.178624 0.138309 0.968223 -0.249961 -0.00801669 23.0819
0.383005 -0.108323 -0.917373 -9.4978 0.320417 0.947022 0.0219509 0.111248 0.866395 -0.302349 0.397423 23.483
0.54059 -0.268775 -0.797196 -9.5011 0.427475 0.903905 -0.0148749 0.152904 0.724588 -0.33274 0.603537 23.9269
0.389651 -0.312093 -0.86647 -9.63149 0.589603 0.807287 -0.0256313 0.189364 0.707489 -0.500886 0.498571 24.492
0.278826 -0.238693 -0.930205 -9.77896 0.369012 0.920886 -0.125691 0.1513 0.886615 -0.308211 0.344847 25.0964
0.430017 -0.166632 -0.88731 -10.0166 0.382621 0.923828 0.0119393 0.120998 0.817733 -0.344637 0.461019 25.6649
0.328325 -0.123657 -0.936435 -10.3766 0.377767 0.925844 0.010191 0.1229 0.865733 -0.357101 0.350692 26.2643
0.0810294 -0.189313 -0.978568 -10.6425 0.305784 0.939172 -0.156372 0.134396 0.948647 -0.28656 0.13399 26.5464
0.156057 -0.0163247 -0.987613 -10.956 0.212175 0.977077 0.0173761 0.0990913 0.964691 -0.212258 0.155944 27.0012
-0.121061 -0.0360416 -0.991991 -11.0524 0.114115 0.99221 -0.0499759 0.0958626 0.986064 -0.119251 -0.116005 27.3111
-0.386354 -0.0077626 -0.922318 -11.3999 0.0785662 0.996053 -0.0412942 0.0893931 0.918998 -0.0884171 -0.38422 27.361
-0.703793 0.020451 -0.710111 -11.6511 0.0127517 0.999788 0.0161553 0.0672092 0.710291 0.00231486 -0.703905 27.4133
-0.602625 -0.150767 -0.783653 -11.9649 0.044451 0.974125 -0.221595 0.138251 0.796786 -0.168373 -0.58033 27.3455
-0.746219 -0.18321 -0.639993 -12.2522 -0.0806206 0.979179 -0.186306 0.158631 0.660801 -0.0874281 -0.745452 27.3192
-0.549964 -0.197147 -0.811587 -12.2909 0.0956731 0.950473 -0.295716 0.196594 0.82969 -0.24028 -0.503864 27.2088
-0.830882 -0.170169 -0.529789 -12.4966 -0.0372278 0.966958 -0.252203 0.168691 0.555201 -0.189828 -0.809763 26.9704
-0.954941 -0.234292 -0.182196 -12.4659 -0.189696 0.953932 -0.23244 0.209374 0.228262 -0.187405 -0.955393 26.7895
-0.955064 -0.252331 0.155507 -12.4054 -0.281087 0.937512 -0.20509 0.209414 -0.0940387 -0.239585 -0.96631 26.5909
-0.935451 -0.223955 0.273449 -12.5175 -0.258292 0.961252 -0.0963343 0.21482 -0.241279 -0.160746 -0.95705 26.511
-0.982213 -0.134267 0.131266 -12.413 -0.158754 0.967126 -0.198656 0.204304 -0.100278 -0.215962 -0.971239 26.5122
-0.910239 -0.150451 0.385785 -12.4526 -0.172068 0.984841 -0.0219095 0.149789 -0.37664 -0.0863241 -0.922329 26.4804
-0.949479 -0.254832 0.183164 -12.6226 -0.293425 0.927874 -0.230113 0.207784 -0.111313 -0.272233 -0.955771 26.3475
-0.940469 -0.33974 -0.00975776 -12.6201 -0.313352 0.877827 -0.362258 0.269711 0.131639 -0.337635 -0.932027 26.1872
-0.914905 -0.30783 -0.261132 -12.9399 -0.172925 0.883409 -0.435529 0.263509 0.364755 -0.353312 -0.861467 26.1035
-0.862417 -0.119307 -0.491938 -12.963 0.0266565 0.959776 -0.2795 0.195432 0.505497 -0.254159 -0.824546 26.1196
-0.606124 -0.137275 -0.783434 -13.1923 0.0440539 0.977687 -0.205396 0.151163 0.794149 -0.159009 -0.586552 26.2897
-0.175035 -0.0426235 -0.983639 -13.2266 0.113065 0.991583 -0.0630873 0.123511 0.978049 -0.122258 -0.168743 26.3801
0.187908 -0.0239941 -0.981893 -13.1952 0.107637 0.994183 -0.00369555 0.125312 0.976271 -0.104994 0.189398 26.287
0.0338751 -0.259356 -0.965187 -13.3116 0.27178 0.931739 -0.24083 0.192302 0.961763 -0.25416 0.102051 26.3967
0.433744 -0.25831 -0.863216 -13.2934 0.395271 0.91547 -0.0753329 0.21934 0.809708 -0.308529 0.499182 26.4266
0.493371 -0.378008 -0.783387 -13.5192 0.416711 0.893269 -0.168588 0.277879 0.763503 -0.243269 0.598233 26.351
0.28077 -0.238313 -0.929718 -13.8103 0.318122 0.937032 -0.144116 0.220915 0.90552 -0.255301 0.338903 26.4518
0.279892 -0.103182 -0.954471 -14.0261 0.151885 0.986445 -0.0620989 0.125368 0.947941 -0.127589 0.29177 26.2921
0.288748 -0.101031 -0.95206 -14.0499 0.0445444 0.994757 -0.0920523 0.0909324 0.956368 -0.015829 0.291734 26.3592
0.59227 -0.0703203 -0.802665 -14.1115 0.0982743 0.995051 -0.0146604 0.108493 0.799724 -0.0701984 0.59625 26.4385
0.74789 -0.235621 -0.6206 -14.2701 0.390337 0.912278 0.124038 0.239873 0.536933 -0.33501 0.774255 26.4201
0.812827 -0.364787 -0.45414 -14.2337 0.528338 0.789998 0.311065 0.362085 0.245297 -0.492781 0.834863 26.6773
0.912138 -0.332101 -0.240238 -14.516 0.406486 0.808226 0.426074 0.330355 0.0526668 -0.486292 0.872208 26.779
0.986898 -0.161143 -0.00803019 -14.4452 0.157892 0.954359 0.253513 0.136955 -0.033188 -0.251459 0.967299 26.9512
0.963291 -0.0208476 0.267648 -14.5385 0.00289891 0.99773 0.0672814 0.0486942 -0.268443 -0.0640357 0.961165 26.8729
0.765097 0.0640713 0.640719 -14.5871 -0.048437 0.997945 -0.0419538 0.00613381 -0.64209 0.00106415 0.766628 26.6347
0.448795 0.0207473 0.893394 -14.5395 -0.0922292 0.995467 0.0232134 0.0737121 -0.888863 -0.092815 0.448674 26.3385
0.258025 -0.0987412 0.961079 -14.5695 -0.22318 0.961767 0.15873 0.18168 -0.940007 -0.25545 0.226123 26.3753
-0.103109 -0.0526891 0.993274 -14.7784 -0.206473 0.977979 0.0304443 0.148904 -0.973004 -0.201945 -0.111718 26.4616
0.130691 -0.0802333 0.988171 -15.0632 -0.181984 0.977843 0.103463 0.162803 -0.974578 -0.193353 0.113194 26.6799
-0.0587742 -0.0834152 0.99478 -15.1668 -0.153535 0.985402 0.0735576 0.123335 -0.986394 -0.14841 -0.0707234 26.7117
0.0100273 -0.146138 0.989213 -15.4375 -0.163537 0.975704 0.1458 0.181431 -0.986486 -0.163235 -0.0141153 26.984
0.254862 -0.108264 0.960898 -15.4969 -0.127788 0.981226 0.144448 0.152035 -0.958497 -0.159605 0.236242 27.2535
0.578183 -0.0564327 0.813953 -15.5091 -0.143527 0.975014 0.169552 0.132792 -0.803184 -0.214857 0.555637 27.5252
0.877264 0.0377244 0.478523 -15.475 -0.131926 0.977464 0.164799 0.118659 -0.461522 -0.207702 0.862472 27.9827
0.977657 -0.107144 0.18085 -15.3382 0.0644178 0.971663 0.227424 0.180887 -0.200093 -0.210693 0.956855 28.2155
0.983584 -0.0985236 -0.15118 -15.4961 0.130272 0.96742 0.217091 0.230718 0.124866 -0.233221 0.964373 28.5956
0.873454 -0.0566261 -0.483604 -15.6399 0.134461 0.982644 0.127796 0.198591 0.467973 -0.17665 0.865908 28.7822
0.589499 -0.0259012 -0.807354 -15.7575 0.109131 0.992876 0.0478301 0.160603 0.800363 -0.116303 0.588126 28.8883
0.236578 0.00629005 -0.971592 -15.8857 0.066893 0.997501 0.0227459 0.137012 0.969307 -0.0703739 0.235566 28.947
0.0993339 0.0803782 -0.991802 -16.0902 0.0694289 0.993743 0.0874891 0.101837 0.992629 -0.0775504 0.0931318 29.1246
0.0153032 0.126178 -0.99189 -16.3957 -0.0705626 0.989669 0.124806 0.0566916 0.99739 0.0680804 0.0240485 29.5172
0.319371 0.312243 -0.89471 -16.5179 -0.188642 0.946208 0.262878 -0.00432253 0.928664 0.084824 0.361094 30.0343
0.586836 0.379875 -0.715065 -16.4453 -0.333782 0.918084 0.213801 -0.0661392 0.737708 0.11321 0.66556 30.5851
0.809997 0.282091 -0.51413 -16.5348 -0.201302 0.957182 0.208039 0.0302813 0.550802 -0.0650154 0.8321 30.802
0.706609 0.0933009 -0.701426 -16.6504 0.0787679 0.974737 0.209005 0.166425 0.703207 -0.202935 0.681409 31.0304
0.486781 0.00793762 -0.873488 -16.8622 0.209211 0.969796 0.125403 0.216718 0.848101 -0.243787 0.470418 30.8499
0.0883273 0.116807 -0.989219 -17.0139 -0.051128 0.992323 0.112608 0.11307 0.994778 0.0406305 0.0936214 30.734
-0.261103 0.287466 -0.921514 -17.0742 -0.0758256 0.945572 0.316455 -0.00955067 0.962328 0.152502 -0.225094 30.5712
-0.447909 0.365436 -0.815987 -17.0338 -0.0581368 0.89882 0.434444 -0.0871705 0.892187 0.24203 -0.381344 30.7309
-0.405412 0.316945 -0.857431 -17.1644 0.0118953 0.93972 0.341738 -0.20036 0.914057 0.128345 -0.384744 31.0361
-0.298932 -0.00848166 -0.954237 -17.2162 0.199591 0.977288 -0.071212 -0.150495 0.933168 -0.211745 -0.29045 31.197
-0.356273 -0.118995 -0.926774 -17.2837 0.209897 0.956316 -0.203477 -0.233626 0.910501 -0.26702 -0.315734 31.427
-0.279853 0.15064 -0.948151 -17.5359 0.0583224 0.988456 0.13983 -0.403166 0.95827 -0.0161667 -0.285408 31.5251
-0.21921 0.277557 -0.935366 -17.9507 -0.022215 0.957015 0.289187 -0.645295 0.975425 0.0841718 -0.203621 31.6201
0.125527 0.410542 -0.90316 -18.0292 -0.191503 0.903267 0.383974 -0.679346 0.973432 0.124759 0.192004 31.7654
0.390011 0.516397 -0.762381 -18.0725 -0.393155 0.842071 0.369249 -0.720042 0.832659 0.155723 0.531441 31.8052
0.759801 0.363398 -0.539115 -17.9069 -0.37558 0.922184 0.0922866 -0.84011 0.5307 0.132362 0.837161 32.0001
0.900546 0.382669 -0.206352 -17.8179 -0.38677 0.92192 0.0217377 -0.847318 0.198559 0.0602352 0.978236 32.0344
0.948167 0.290516 0.12876 -17.9566 -0.298888 0.95293 0.0508988 -0.915136 -0.107912 -0.0867454 0.990369 32.0649
0.965326 0.259842 0.0250551 -17.9819 -0.258733 0.965103 -0.0404077 -1.10879 -0.0346804 0.0325241 0.998869 32.3495
0.982346 0.186902 -0.00806177 -18.1224 -0.187053 0.98198 -0.0269497 -1.22985 0.00287956 0.0279819 0.999604 32.559
0.913157 0.296613 -0.279581 -18.334 -0.30698 0.95169 0.00702099 -1.28078 0.268157 0.0794146 0.960096 32.7117
0.887248 0.191246 -0.41978 -18.3369 -0.259103 0.959508 -0.110502 -1.43827 0.381649 0.206809 0.900874 32.9831
0.890671 0.278648 -0.35925 -18.509 -0.29039 0.956654 0.0220665 -1.58517 0.349827 0.0846686 0.93298 33.2152
0.906178 0.234283 -0.35207 -18.6918 -0.208358 0.971802 0.110396 -1.59738 0.368006 -0.0266814 0.92944 33.2118
0.944234 -0.00930348 -0.329145 -18.7934 0.0987924 0.961554 0.256232 -1.49092 0.314106 -0.27446 0.90885 33.1478
0.926186 0.0778162 -0.36895 -18.7643 0.00162463 0.977641 0.210275 -1.5325 0.377064 -0.195353 0.905351 33.2662
0.870739 0.219167 -0.440204 -18.8489 -0.153318 0.971562 0.180448 -1.79795 0.467233 -0.0896321 0.879579 33.7186
0.690381 0.238506 -0.683 -19.0175 -0.13572 0.970029 0.201551 -1.90668 0.710601 -0.04645 0.70206 33.8867
0.338679 0.366661 -0.866519 -18.9557 -0.224539 0.925833 0.303998 -1.97021 0.913717 0.0916095 0.39589 33.9975
0.138525 0.401829 -0.905177 -18.9849 -0.178189 0.909185 0.376339 -2.1467 0.974197 0.10916 0.197546 34.1854
-0.0586714 0.386204 -0.920545 -18.8242 -0.134157 0.910719 0.390632 -2.18033 0.989222 0.146416 -0.00162126 34.4208
-0.0389051 0.335162 -0.941357 -18.7988 -0.0987007 0.936174 0.337396 -2.43064 0.994356 0.106039 -0.00334124 34.8319
0.0271246 0.320853 -0.946741 -19.0839 -0.105001 0.942764 0.316497 -2.59456 0.994102 0.0908235 0.0592619 35.0995
0.396356 0.262104 -0.879889 -19.1337 -0.0747818 0.964415 0.253596 -2.70442 0.915046 -0.0347147 0.401852 35.4132
0.615606 0.0885878 -0.783059 -19.3668 0.0786818 0.981787 0.172926 -2.78292 0.784116 -0.168067 0.597424 35.5967
0.664228 0.0385146 -0.746537 -19.6094 0.0926458 0.986731 0.133338 -2.96192 0.741766 -0.15773 0.651846 35.9304
0.757369 0.157655 -0.63367 -19.6842 -0.0659256 0.983919 0.166001 -3.13886 0.649651 -0.0839488 0.755583 36.3094
0.860405 0.272159 -0.43085 -19.7918 -0.247722 0.962206 0.113105 -3.34223 0.44535 0.00941451 0.895307 36.5107
0.943741 0.244716 -0.222412 -19.7208 -0.249538 0.968342 0.00660854 -3.50657 0.216988 0.0492635 0.97493 36.8113
0.939462 0.325351 0.107509 -19.6753 -0.315657 0.943812 -0.0978725 -3.65948 -0.133312 0.0580114 0.989375 36.9993
0.84116 0.385206 0.37956 -19.5216 -0.319175 0.920215 -0.226565 -3.70718 -0.436551 0.0694315 0.896996 37.0675
0.813907 0.393871 0.427109 -19.4391 -0.246666 0.899846 -0.359767 -3.74205 -0.526034 0.187463 0.829545 37.1803
0.860023 0.354841 0.366673 -19.5804 -0.254694 0.921212 -0.294106 -3.84372 -0.442145 0.159548 0.882639 37.7081
0.624231 0.360804 0.692932 -19.4379 -0.0900205 0.914277 -0.394961 -3.84412 -0.776036 0.184169 0.6032 37.8409
0.229204 0.434578 0.870981 -19.4234 0.0730896 0.884592 -0.460603 -3.86217 -0.97063 0.169232 0.170989 37.8527
-0.190241 0.436221 0.8795 -19.4947 0.236615 0.889825 -0.390161 -3.84867 -0.952797 0.133878 -0.272497 37.7889
-0.52286 0.292215 0.800767 -19.6074 0.144084 0.956186 -0.25485 -3.78299 -0.840153 -0.0178734 -0.542055 37.8253
-0.510827 0.0250199 0.859319 -19.6293 -0.122822 0.987198 -0.101756 -3.67775 -0.850864 -0.157523 -0.501215 37.9032
-0.640504 -0.220269 0.735688 -19.6559 -0.457409 0.878939 -0.13507 -3.53561 -0.616873 -0.423023 -0.663716 37.9847
-0.821887 -0.290845 0.489807 -19.69 -0.482485 0.812524 -0.327129 -3.51781 -0.302836 -0.505188 -0.808131 37.9564
-0.852743 -0.424133 0.304862 -19.6845 -0.522179 0.706279 -0.478015 -3.49431 -0.0125758 -0.566817 -0.823748 37.9825
-0.762687 -0.437691 0.476167 -19.5576 -0.63224 0.659709 -0.40627 -3.5035 -0.136311 -0.610909 -0.779878 37.9394
-0.635693 -0.305332 0.708989 -19.436 -0.55173 0.822076 -0.140657 -3.52184 -0.539896 -0.480586 -0.69105 37.7379
-0.626536 -0.13802 0.767075 -19.1911 -0.363263 0.922469 -0.130729 -3.57144 -0.68956 -0.360556 -0.628098 37.633
-0.383412 -0.0917011 0.919014 -19.2798 -0.259028 0.965799 -0.0116971 -3.61364 -0.88651 -0.242536 -0.394052 37.4225
-0.423639 0.0408521 0.904909 -19.0334 -0.18245 0.974661 -0.129416 -3.66372 -0.887266 -0.219927 -0.405451 37.238
-0.318743 -0.055117 0.946237 -19.0584 -0.249509 0.967977 -0.0276645 -3.50741 -0.914411 -0.244913 -0.322288 36.7848
-0.527237 -0.117692 0.841528 -18.967 -0.377379 0.919763 -0.107803 -3.46021 -0.761319 -0.374413 -0.529347 36.5959
-0.807923 -0.0224828 0.588858 -18.9736 -0.203987 0.948163 -0.243672 -3.37158 -0.552855 -0.316988 -0.770629 36.4148
-0.842035 0.0673597 0.535201 -19.1927 -0.0252313 0.986168 -0.163814 -3.26785 -0.538833 -0.151441 -0.828688 36.0838
-0.769395 -0.00526733 0.638751 -19.2313 -0.12073 0.983142 -0.137316 -3.11915 -0.62726 -0.182767 -0.757061 35.8165
-0.515155 -0.0775368 0.853582 -19.3368 -0.232766 0.971127 -0.0522649 -2.98911 -0.824885 -0.225609 -0.518329 35.5422
-0.186634 -0.0610471 0.980531 -19.3149 -0.256986 0.96635 0.0112494 -2.90988 -0.948222 -0.249884 -0.196042 35.4636
0.145 -0.0464271 0.988342 -19.1148 -0.236493 0.968319 0.0801825 -2.83125 -0.960753 -0.245363 0.129426 35.405
0.178197 -0.0404106 0.983165 -19.1025 -0.22954 0.969884 0.0814684 -2.64162 -0.956848 -0.240193 0.163554 35.0617
-0.0297351 -0.0822621 0.996167 -18.9128 -0.343605 0.936714 0.0670961 -2.4966 -0.938643 -0.340293 -0.056119 34.8139
-0.225027 -0.22641 0.947682 -18.8259 -0.414032 0.902667 0.117344 -2.43606 -0.882009 -0.365965 -0.296866 34.6774
-0.461874 -0.228231 0.857078 -18.8007 -0.339428 0.938248 0.0669306 -2.31136 -0.819427 -0.260003 -0.51082 34.3307
-0.629973 -0.38291 0.675658 -18.7601 -0.519871 0.854245 -0.000600569 -2.1993 -0.576948 -0.351633 -0.737215 34.3035
-0.653618 -0.303554 0.693281 -18.6887 -0.434507 0.900538 -0.0153475 -2.0794 -0.619667 -0.311267 -0.720504 34.049
-0.645639 -0.284795 0.70855 -18.4488 -0.451069 0.890919 -0.0529231 -1.89915 -0.616188 -0.353774 -0.703673 33.8675
-0.705073 -0.171133 0.688175 -18.2882 -0.284973 0.957014 -0.0539843 -1.79705 -0.649355 -0.234174 -0.723533 33.5072
-0.838345 -0.211773 0.502324 -18.1714 -0.285645 0.955482 -0.073904 -1.61283 -0.464311 -0.205444 -0.861515 33.2612
-0.737035 -0.307883 0.601654 -18.236 -0.385009 0.922913 0.000638877 -1.42131 -0.555471 -0.231171 -0.798756 32.8865
-0.46792 -0.301374 0.830798 -18.0697 -0.355677 0.924786 0.135144 -1.37758 -0.809039 -0.232259 -0.539918 32.772
-0.16189 -0.272919 0.948318 -17.9311 -0.240752 0.942879 0.230255 -1.26462 -0.95699 -0.191034 -0.218349 32.7884
0.185954 -0.246729 0.951076 -17.8457 -0.18964 0.940747 0.281127 -1.19205 -0.964084 -0.232639 0.128146 32.6217
0.155205 -0.196368 0.968169 -17.6176 -0.224934 0.947277 0.228189 -1.03806 -0.961933 -0.253191 0.102852 32.4139
0.121832 -0.321746 0.938955 -17.5484 -0.316278 0.884104 0.343988 -0.815353 -0.940811 -0.33888 0.00595146 32.1065
0.081781 -0.233174 0.96899 -17.2291 -0.315026 0.916353 0.247096 -0.751889 -0.945553 -0.325464 0.00148429 32.0244
-0.241408 -0.314281 0.918123 -17.1877 -0.351394 0.910211 0.219178 -0.576816 -0.904569 -0.269712 -0.330168 31.8582
-0.489922 -0.305847 0.816354 -17.304 -0.381884 0.917101 0.114411 -0.440523 -0.783671 -0.2557 -0.566106 31.4469
-0.652145 -0.258026 0.712832 -17.144 -0.373692 0.927532 -0.00613652 -0.289869 -0.659591 -0.270382 -0.701308 31.2365
-0.837045 -0.321372 0.442805 -17.2412 -0.390157 0.917985 -0.0712836 -0.263986 -0.383579 -0.232431 -0.89378 31.1377
-0.937594 -0.0974977 0.333785 -17.2194 -0.162336 0.971594 -0.172196 -0.155036 -0.307515 -0.215635 -0.926788 30.6446
-0.764379 -0.140877 0.629188 -16.994 -0.246208 0.965666 -0.0828938 0.0122232 -0.595908 -0.218273 -0.77282 30.6427
-0.744701 -0.0419055 0.666082 -16.4575 -0.198544 0.966752 -0.161156 0.154303 -0.637183 -0.252259 -0.728261 30.4176
-0.473464 -0.13063 0.871073 -16.1932 -0.257462 0.966276 0.00496616 0.192052 -0.842345 -0.221917 -0.491129 30.4251
-0.12507 -0.165639 0.978224 -15.9539 -0.295469 0.947447 0.12265 0.210826 -0.94713 -0.273695 -0.167438 30.5015
0.254901 -0.129153 0.958303 -15.8115 -0.205744 0.961103 0.184257 0.188082 -0.944825 -0.244133 0.218413 30.6068
0.551658 -0.212586 0.806524 -15.636 -0.0765566 0.949986 0.302765 0.225273 -0.830549 -0.228767 0.507792 30.6821
0.687868 -0.172566 0.705024 -15.3901 -0.0673705 0.951955 0.298737 0.210932 -0.722702 -0.252989 0.643193 30.8282
0.774264 -0.131717 0.619004 -15.354 -0.0751645 0.952039 0.296601 0.17263 -0.628384 -0.276174 0.727229 31.0671
0.896474 -0.216019 0.386872 -15.1498 0.0839974 0.94013 0.330303 0.172983 -0.435061 -0.263612 0.860947 31.1852
0.950404 -0.129385 0.282829 -15.0456 0.0246598 0.937848 0.346168 0.133275 -0.31004 -0.322025 0.894525 31.6658
0.979789 -0.13859 -0.144242 -14.9482 0.168862 0.959613 0.22501 0.138315 0.107233 -0.244819 0.963621 32.0501
0.875304 -0.166001 -0.454187 -15.1801 0.288722 0.932851 0.215474 0.141761 0.38792 -0.319739 0.864456 32.3295
0.586116 -0.221239 -0.779436 -15.4486 0.380951 0.924281 0.0241128 0.140575 0.715083 -0.31106 0.626017 32.5604
0.324808 -0.172714 -0.929876 -15.58 0.306695 0.94929 -0.0691902 0.143583 0.894672 -0.262715 0.361307 32.7539
0.10853 -0.0192379 -0.993907 -15.9048 0.248297 0.968648 0.00836385 0.0893496 0.962585 -0.247692 0.109904 32.8941
-0.195641 -0.143786 -0.970077 -16.0291 0.176891 0.967794 -0.179122 0.136374 0.96459 -0.206641 -0.163906 33.206
0.0284417 -0.0313529 -0.999104 -16.3733 0.217757 0.975698 -0.0244194 0.103563 0.975589 -0.216867 0.0345778 33.4167
0.0867712 -0.0326315 -0.995694 -16.5932 0.141198 0.989777 -0.0201326 0.112698 0.986171 -0.138843 0.0904916 33.8215
0.336649 0.113246 -0.934796 -16.9023 0.215603 0.957098 0.193593 0.0660343 0.916615 -0.266718 0.29779 34.1013
0.471148 -0.0999516 -0.876373 -16.8875 0.279202 0.95937 0.0406848 0.133602 0.836699 -0.263854 0.479912 34.4785
0.732178 -0.134623 -0.667677 -16.9383 0.323035 0.931644 0.166395 0.130442 0.599637 -0.337513 0.725617 34.794
0.803253 -0.244257 -0.543252 -16.9608 0.352772 0.92997 0.103475 0.159789 0.479934 -0.274761 0.833169 35.2799
0.899925 -0.223448 -0.37444 -17.0527 0.319657 0.922118 0.217985 0.176466 0.296569 -0.315862 0.901265 35.8228
0.821016 -0.232507 -0.521414 -17.1565 0.321118 0.943214 0.0850372 0.168115 0.472033 -0.237253 0.849056 36.2849
0.640098 -0.232845 -0.73216 -17.4658 0.353558 0.93534 0.0116395 0.145495 0.682108 -0.266311 0.681033 36.746
0.448249 -0.213702 -0.867989 -17.6826 0.382626 0.923424 -0.0297535 0.161761 0.80788 -0.318778 0.495692 37.2719
0.126135 -0.222184 -0.966811 -18.0379 0.244857 0.951414 -0.1867 0.166418 0.961319 -0.213181 0.174409 37.6862
-0.16059 -0.103518 -0.981578 -18.2602 0.181545 0.97442 -0.132465 0.113257 0.970182 -0.199473 -0.137689 37.766
-0.420149 -0.0636451 -0.905221 -18.6745 0.081942 0.990801 -0.107695 0.0931033 0.903748 -0.119423 -0.411069 37.8881
-0.757293 -0.112315 -0.643345 -18.785 -0.0471478 0.991933 -0.117673 0.116709 0.651372 -0.0587802 -0.756479 37.8419
-0.920065 -0.0825885 -0.382962 -18.9964 0.0307947 0.959256 -0.280855 0.0878573 0.390554 -0.270198 -0.880034 37.5895
-0.984634 -0.168252 -0.0467706 -19.1701 -0.157395 0.971051 -0.179684 0.0940276 0.0756487 -0.169561 -0.982612 37.4132
-0.924849 -0.259462 0.27809 -19.2296 -0.299414 0.947565 -0.111674 0.131017 -0.234533 -0.186545 -0.954041 37.3174
-0.802353 -0.245464 0.544038 -19.1423 -0.309898 0.95035 -0.0282532 0.147393 -0.510092 -0.191265 -0.838585 36.8695
-0.580067 -0.36038 0.730512 -19.151 -0.368681 0.915847 0.159056 0.354004 -0.726358 -0.177063 -0.664118 36.3968
-0.408802 -0.428259 0.805901 -19.0804 -0.520358 0.834832 0.179675 0.562643 -0.749739 -0.345905 -0.564129 36.1856
-0.191036 -0.373394 0.90779 -19.1282 -0.376163 0.882067 0.283654 0.733493 -0.906646 -0.287289 -0.308964 35.829
-0.0347013 -0.309035 0.950417 -18.9672 -0.370165 0.887327 0.275006 0.885526 -0.928318 -0.342268 -0.145185 35.5872
0.29719 -0.193292 0.935049 -19.0666 -0.247727 0.930152 0.271016 0.978905 -0.922122 -0.31218 0.228548 35.4304
0.410668 0.100668 0.906211 -19.2655 -0.153786 0.987295 -0.0399837 0.853562 -0.898722 -0.122943 0.420932 35.4183
0.0619211 0.243402 0.967947 -19.3158 -0.0548671 0.969172 -0.2402 0.77145 -0.996572 -0.038235 0.073367 35.196
-0.356516 0.143435 0.923213 -19.245 0.0131914 0.988819 -0.148534 0.934419 -0.934196 -0.0407761 -0.354422 34.75
-0.638334 0.111063 0.761705 -19.2428 -0.0352279 0.984285 -0.173039 1.11177 -0.768953 -0.13729 -0.62439 34.4185
-0.594167 -0.0559544 0.802393 -19.2477 -0.194082 0.978075 -0.0755108 1.34286 -0.780576 -0.200596 -0.591999 34.1498
-0.570015 -0.134583 0.810537 -19.0011 -0.274282 0.961072 -0.0333124 1.53284 -0.774501 -0.241305 -0.584739 34.0133
-0.337085 -0.257216 0.905657 -18.7058 -0.447129 0.890284 0.0864288 1.67652 -0.828523 -0.375811 -0.41511 34.1486
-0.174172 -0.321119 0.930885 -18.6635 -0.39426 0.888997 0.232902 1.68296 -0.902343 -0.326446 -0.281443 34.0806
-0.326107 -0.244934 0.913051 -18.5469 -0.287949 0.945691 0.150845 1.85668 -0.900411 -0.21372 -0.378925 33.7845
-0.610832 -0.112034 0.783794 -18.5986 -0.170673 0.985297 0.00782711 1.84964 -0.773146 -0.128991 -0.620972 33.4181
-0.582337 -0.0972821 0.807106 -18.3278 -0.150338 0.988577 0.0106846 2.06701 -0.798926 -0.115117 -0.59031 33.1597
-0.140788 -0.104458 0.984514 -18.0565 -0.11858 0.989039 0.087981 2.12875 -0.982913 -0.104357 -0.151632 33.2098
0.207282 -0.0534778 0.976818 -17.856 -0.0589416 0.996008 0.0670359 2.2277 -0.976504 -0.0714706 0.203303 33.1511
0.191555 -0.0304093 0.981011 -17.554 -0.135785 0.989087 0.0571734 2.36648 -0.972044 -0.144158 0.185336 33.019
-0.156426 -0.144984 0.97699 -17.4544 -0.114833 0.985129 0.127806 2.49245 -0.980991 -0.0921989 -0.170749 32.6218
-0.369149 -0.0424314 0.928401 -17.3139 -0.138288 0.990344 -0.00972328 2.623 -0.919024 -0.131976 -0.371452 32.3308
-0.720021 -0.0481319 0.692281 -17.4406 -0.0988282 0.994536 -0.0336417 2.72499 -0.686879 -0.0926396 -0.720843 32.0997
-0.862634 -0.0968584 0.496469 -17.6649 -0.0637831 0.99449 0.083194 2.86864 -0.501792 0.0400996 -0.864058 31.9085
-0.936936 -0.0972997 0.335683 -17.642 -0.0645495 0.992118 0.107405 2.90386 -0.343488 0.0789635 -0.935832 31.7851
-0.852585 -0.17204 0.493459 -17.5266 -0.159272 0.984877 0.0681835 3.06803 -0.497727 -0.0204619 -0.867093 31.5945
-0.89237 -0.0614219 0.447106 -17.252 -0.0209366 0.995263 0.0949389 3.15664 -0.450819 0.0753597 -0.889429 31.3854
-0.938544 -0.00671464 0.345095 -17.3406 0.035558 0.99261 0.11602 3.28733 -0.343323 0.12116 -0.931369 31.1327
-0.989465 0.0606887 0.131434 -17.0387 0.0700719 0.995223 0.0679802 3.45806 -0.126681 0.0764739 -0.988991 31.0738
-0.984263 0.162035 -0.0705018 -17.0001 0.157203 0.985122 0.0694392 3.5538 0.0807045 0.0572634 -0.995092 30.7572
-0.907527 0.144382 -0.394395 -16.841 0.0992064 0.986173 0.132744 3.66971 0.408108 0.0813423 -0.909303 30.7036
-0.685922 0.2249 -0.692048 -16.8264 0.15864 0.974382 0.159417 3.75202 0.710172 -0.000438807 -0.704028 30.7757
-0.333 0.24604 -0.910261 -16.8664 0.0534197 0.968729 0.242301 3.76307 0.941412 0.0320605 -0.335731 30.8172
0.019149 0.264204 -0.964277 -16.6757 -0.0420402 0.963813 0.263243 3.75037 0.998932 0.0354975 0.0295633 30.7242
0.15994 0.215025 -0.963423 -16.3393 -0.0937249 0.974886 0.202024 3.78511 0.982667 0.057985 0.176076 30.6373
0.0697826 0.307069 -0.949126 -16.2333 -0.208536 0.934914 0.287138 3.72003 0.975522 0.17789 0.129276 30.5939
0.0375203 0.305177 -0.951556 -16.2299 -0.21377 0.932635 0.29068 3.72807 0.976163 0.192507 0.10023 30.5881
-0.997521 0.0101889 0.0696239 -134.735 0.00145502 0.992236 -0.124359 11.3142 -0.0703505 -0.12395 -0.989792 2.02912
-0.997947 0.0568085 0.029559 -134.558 0.0531651 0.992274 -0.112101 11.2216 -0.0356989 -0.1103 -0.993257 1.71673
-0.972913 0.0840414 -0.215355 -134.525 0.105116 0.990529 -0.0883351 11.2826 0.205891 -0.10858 -0.972532 1.09217
-0.861311 0.228069 -0.454014 -134.672 0.202519 0.973644 0.104901 11.1781 0.465972 -0.00159447 -0.884798 0.398405
-0.739696 0.312876 -0.595784 -134.902 0.236278 0.949728 0.205399 11.1879 0.630097 0.0111622 -0.776436 -0.192021
-0.496102 0.260502 -0.828264 -135.088 0.134647 0.965473 0.223007 11.2243 0.857761 -0.000889606 -0.514049 -0.498818
-0.182543 0.334275 -0.924629 -135.311 -0.0215248 0.938846 0.343664 11.2064 0.982962 0.0826361 -0.164185 -0.607842
0.240854 0.316855 -0.917383 -135.336 -0.114918 0.94787 0.297214 11.2484 0.963734 0.0338385 0.26471 -0.646588
0.600511 0.0990105 -0.793463 -135.266 0.0528291 0.985224 0.162921 11.4355 0.79787 -0.139754 0.586407 -0.78348
0.725016 -0.0889499 -0.682964 -135.09 0.220852 0.969286 0.10821 11.5254 0.652362 -0.229288 0.722393 -0.811711
0.74415 -0.0516569 -0.666012 -135.06 0.212101 0.963686 0.162241 11.4702 0.633446 -0.261993 0.728084 -0.810954
0.711533 0.130297 -0.690466 -135.17 0.0589555 0.968121 0.243448 11.3701 0.700175 -0.213928 0.681168 -0.896673
0.474428 0.244702 -0.8456 -135.092 0.0146321 0.958263 0.285514 11.3037 0.880173 -0.147829 0.451046 -0.914718
0.188084 0.201891 -0.961179 -135.097 0.178708 0.955273 0.23562 11.2847 0.965758 -0.216087 0.143592 -1.14477
-0.162869 0.234254 -0.958435 -135.034 0.221059 0.955374 0.195941 11.287 0.961565 -0.179958 -0.207385 -1.45203
-0.477677 0.236523 -0.846098 -134.971 0.24876 0.960077 0.127944 11.2776 0.842581 -0.14936 -0.517445 -1.56709
-0.756994 0.285245 -0.587874 -134.993 0.294074 0.952144 0.0833201 11.2875 0.583507 -0.109806 -0.80465 -1.74563
-0.92564 0.288935 -0.24435 -134.987 0.299407 0.954106 -0.00600876 11.2441 0.231399 -0.078722 -0.969669 -1.91879
-0.870038 0.349284 0.347899 -134.915 0.326945 0.936993 -0.123089 11.0668 -0.368972 0.00665178 -0.929417 -2.21803
-0.660122 0.373336 0.651812 -134.966 0.322453 0.924563 -0.202995 10.8674 -0.678427 0.0761775 -0.730708 -2.42268
-0.602599 0.251358 0.757425 -134.804 0.189154 0.967044 -0.170433 10.6753 -0.775303 0.0405675 -0.630285 -2.73942
-0.817517 0.0606561 0.572701 -134.878 -0.0726781 0.975621 -0.207077 10.6134 -0.5713 -0.210912 -0.793179 -2.96115
-0.771719 -0.161347 0.615156 -134.693 -0.303599 0.943412 -0.133424 10.4684 -0.558818 -0.289726 -0.777034 -3.20585
-0.909285 -0.10222 0.403426 -134.714 -0.170534 0.975763 -0.13713 10.3227 -0.379631 -0.193488 -0.904678 -3.49681
-0.909241 0.041746 0.414171 -134.549 -0.0977376 0.945735 -0.309891 9.97703 -0.404633 -0.322246 -0.855821 -3.92329
-0.884719 0.0723383 0.460477 -134.623 0.0479225 0.996766 -0.064512 9.83011 -0.463655 -0.0350077 -0.885324 -4.14722
-0.933335 -0.0292511 0.357813 -134.655 0.00196635 0.996244 0.0865718 9.80383 -0.359001 0.0815041 -0.929772 -4.6812
-0.945186 0.0424816 0.323758 -134.742 0.082742 0.990301 0.111617 9.77234 -0.315876 0.132288 -0.939533 -4.73821
-0.854524 -0.058874 0.516064 -134.722 -0.0239167 0.996961 0.0741336 9.80052 -0.518861 0.0510064 -0.853336 -4.67103
-0.820598 -0.108688 0.561076 -134.952 -0.108339 0.993532 0.0340096 9.83868 -0.561144 -0.0328784 -0.827065 -4.99485
-0.662538 -0.0601124 0.746612 -134.927 -0.0761253 0.997017 0.0127203 9.84087 -0.74515 -0.0484084 -0.665138 -5.50459
-0.380604 -0.0463583 0.923576 -134.776 -0.216313 0.975497 -0.0401777 9.83163 -0.899083 -0.215073 -0.381306 -5.91145
-0.189147 -0.0320584 0.981425 -134.53 -0.25284 0.967357 -0.01713 9.75352 -0.948839 -0.251383 -0.191078 -6.68713
-0.120478 -0.0930129 0.988349 -134.206 -0.198745 0.977704 0.0677845 9.78047 -0.972618 -0.188263 -0.136278 -7.18135
-0.564422 -0.131373 0.814966 -133.799 -0.301219 0.951958 -0.0551596 9.81667 -0.768567 -0.276616 -0.576878 -7.80714
-0.834232 -0.137933 0.533884 -133.652 -0.243764 0.960714 -0.132691 9.83376 -0.494607 -0.240836 -0.835082 -8.07068
-0.860867 -0.13326 0.49107 -133.364 -0.229711 0.962935 -0.141386 9.74615 -0.454027 -0.234518 -0.85957 -8.85716
-0.798708 -0.0393896 0.600429 -133.224 -0.249988 0.929384 -0.271571 9.69274 -0.547332 -0.367005 -0.752153 -9.71259
-0.805501 -0.258429 0.533275 -133.234 -0.231439 0.965622 0.118363 9.67793 -0.545531 -0.0280788 -0.83762 -10.1113
-0.956315 -0.283583 0.0710052 -133.436 -0.289326 0.952895 -0.0910066 9.68455 -0.0418526 -0.107575 -0.993316 -10.4619
-0.975035 0.0712096 0.210323 -133.488 -0.0333333 0.889512 -0.455694 9.67895 -0.219535 -0.451328 -0.864932 -10.9034
-0.784421 0.391116 0.481365 -133.454 -0.00528684 0.771863 -0.635767 9.59575 -0.620206 -0.501253 -0.603398 -11.2388
-0.816001 0.00166257 0.578048 -133.645 -0.0770741 0.990754 -0.111651 9.7514 -0.572889 -0.13566 -0.808328 -11.6282
-0.958054 -0.0987861 0.269023 -133.968 -0.0678534 0.990212 0.121967 9.81667 -0.278439 0.0985966 -0.95538 -11.9936
-0.995002 -0.00915467 0.099436 -134.091 -0.0479104 0.917454 -0.394947 9.80909 -0.0876123 -0.397737 -0.913307 -12.3085
-0.944712 -0.295635 0.141841 -134.631 -0.324766 0.903282 -0.280373 9.88807 -0.0452342 -0.310937 -0.949353 -13.1159
-0.95378 -0.279514 -0.110345 -135.17 -0.237041 0.925485 -0.295447 9.82135 0.184704 -0.255635 -0.948965 -13.7946
-0.972211 -0.202632 0.117243 -135.626 -0.22698 0.93851 -0.26015 9.84705 -0.0573194 -0.279533 -0.958424 -14.476
-0.891362 -0.437258 -0.119494 -136.135 -0.443718 0.895566 0.032805 9.78094 0.0926704 0.0822628 -0.992293 -14.815
-0.82374 -0.349416 -0.446498 -136.66 -0.339789 0.93467 -0.104571 9.74898 0.453867 0.0655759 -0.888653 -15.1316
-0.585397 -0.413149 -0.69758 -137.162 -0.362075 0.903071 -0.231007 9.72523 0.725405 0.117346 -0.678246 -15.217
-0.46018 -0.138529 -0.876951 -137.514 0.0969814 0.973998 -0.20475 9.70668 0.882513 -0.17927 -0.43478 -15.2309
-0.651332 0.140144 -0.745739 -137.664 0.456369 0.857524 -0.237443 9.63042 0.606213 -0.494986 -0.62249 -15.3554
-0.851479 0.225227 -0.473556 -137.94 0.406702 0.853704 -0.325243 9.60701 0.331023 -0.469534 -0.818512 -15.5102
-0.994048 0.0852973 -0.0677646 -138.232 0.101193 0.953351 -0.284397 9.61571 0.0403452 -0.289561 -0.956309 -15.6795
-0.929638 0.050408 0.365011 -138.354 -0.0296349 0.977161 -0.210423 9.62151 -0.367281 -0.206434 -0.906912 -15.8408
-0.839391 -0.068991 0.539132 -138.627 -0.265596 0.917486 -0.296106 9.65183 -0.474217 -0.39174 -0.788453 -16.0695
-0.542456 -0.0761374 0.836627 -138.898 -0.323207 0.938144 -0.124186 9.60395 -0.775422 -0.33777 -0.53351 -16.2427
-0.286741 0.0222087 0.957751 -139.065 -0.341479 0.931695 -0.12384 9.63376 -0.895082 -0.362561 -0.259571 -16.5538
-0.0409917 -0.0694521 0.996743 -139.387 -0.330465 0.942381 0.0520736 9.63489 -0.942928 -0.327254 -0.0615813 -16.6237
0.106207 0.0197845 0.994147 -139.547 -0.266224 0.963867 0.00925941 9.62011 -0.958042 -0.265649 0.107636 -16.3561
0.419346 0.0156865 0.907691 -139.543 -0.216672 0.972685 0.0832911 9.6574 -0.881591 -0.231599 0.41129 -16.1284
0.442044 -0.0807184 0.893354 -139.107 -0.228211 0.953051 0.199034 9.78307 -0.867477 -0.291855 0.40287 -16.0765
0.458564 -0.146088 0.876571 -138.637 -0.219738 0.937125 0.271132 9.76091 -0.861066 -0.316948 0.397631 -16.111
0.153603 -0.171302 0.973171 -138.244 -0.324164 0.921619 0.213393 9.7791 -0.933447 -0.348245 0.0860335 -16.0804
0.419894 -0.193756 0.88665 -137.877 -0.173252 0.941868 0.28787 9.75088 -0.890883 -0.274488 0.361916 -16.0693
0.266584 -0.270134 0.925182 -137.337 -0.254134 0.906248 0.337832 9.7819 -0.929704 -0.325181 0.17294 -16.2383
0.568281 -0.176507 0.80368 -136.825 -0.102396 0.953959 0.281916 9.75723 -0.816438 -0.242501 0.524043 -16.3467
0.860899 -0.169976 0.479543 -136.451 0.0263174 0.956158 0.291667 9.71869 -0.508095 -0.238476 0.827628 -15.9992
0.981453 -0.121289 0.148452 -136.494 0.0891815 0.974377 0.206486 9.62686 -0.169693 -0.189417 0.967122 -15.8575
0.95098 -0.0765418 -0.299632 -136.516 0.131949 0.976695 0.169283 9.5339 0.279692 -0.200521 0.938916 -15.6425
0.550479 -0.125721 -0.825329 -136.637 0.248329 0.968507 0.0180995 9.57077 0.797061 -0.214916 0.564362 -15.4802
0.494668 -0.206251 -0.844254 -137.021 0.406055 0.913731 0.014693 9.63081 0.76839 -0.350081 0.535743 -15.2824
0.512495 -0.114188 -0.851064 -137.354 0.343744 0.935522 0.0814765 9.57495 0.786886 -0.334305 0.518701 -14.76
0.560138 -0.138861 -0.816678 -137.386 0.317206 0.946666 0.0566005 9.58199 0.765262 -0.29076 0.574311 -14.3874
0.335133 -0.120126 -0.934482 -136.994 0.368299 0.929622 0.0125818 9.58594 0.867203 -0.348385 0.355789 -14.604
0.208563 0.0256555 -0.977672 -136.468 0.246299 0.966059 0.0778929 9.59613 0.946487 -0.257045 0.195166 -14.5593
0.410242 -0.0983517 -0.906658 -136.342 0.250186 0.968163 0.00817971 9.59307 0.876988 -0.230189 0.421787 -14.0486
0.305456 -0.0609677 -0.950252 -136.259 0.266424 0.963562 0.0238196 9.53768 0.914174 -0.260446 0.310569 -13.4712
0.416774 -0.113782 -0.901861 -136.153 0.325845 0.944903 0.0313698 9.61336 0.848601 -0.306941 0.430886 -12.8135
0.753363 -0.0677945 -0.654101 -135.993 0.244508 0.952238 0.182917 9.58124 0.610459 -0.297736 0.733957 -12.4192
0.890563 -0.151743 -0.428803 -135.794 0.236947 0.959467 0.152574 9.62348 0.388271 -0.23748 0.890421 -11.8134
0.813808 -0.0990331 -0.572633 -135.693 0.093779 0.994838 -0.0387748 9.5664 0.573517 -0.0221457 0.818894 -11.1905
0.944654 -0.0398597 -0.325638 -135.349 0.103567 0.978066 0.180722 9.63812 0.311292 -0.204445 0.928062 -10.4645
0.89356 0.0793375 -0.441877 -135.214 0.0461331 0.962824 0.266162 9.56473 0.446566 -0.258217 0.856681 -10.0053
0.762836 -0.0763965 -0.642063 -135.069 0.142013 0.988545 0.051103 9.61413 0.630804 -0.130165 0.764947 -9.28278
0.953543 -0.0995556 -0.28433 -134.925 0.108301 0.994003 0.0151619 9.6737 0.281115 -0.0452507 0.958607 -8.87665
0.774805 -0.089214 -0.625874 -134.852 0.198033 0.974419 0.106259 9.66814 0.600383 -0.206274 0.772652 -8.54932
