1 1.05751e-05 -6.84607e-05 7.31069e-06 -1.05747e-05 1 6.00593e-06 -1.18845e-06 6.84608e-05 -6.0052e-06 1 9.35958e-06
0.973101 0.129087 -0.190815 0.196467 -0.10354 0.984962 0.138308 0.0655022 0.2058 -0.114831 0.971834 0.0714925
0.850779 0.151739 -0.503141 0.4477 -0.0457059 0.975145 0.216802 0.0776646 0.523533 -0.161454 0.836568 0.113523
0.593776 0.168966 -0.786689 0.979273 0.0191763 0.974454 0.223768 0.107731 0.804402 -0.147954 0.575367 -0.130237
0.544622 0.251796 -0.799991 1.9236 -0.0400273 0.960584 0.275092 0.146527 0.837726 -0.1178 0.533234 -0.73962
0.479234 0.227971 -0.847564 2.80579 0.0234073 0.962015 0.27199 0.122691 0.877375 -0.150186 0.455694 -1.34112
0.428516 0.151941 -0.890667 3.72928 0.0912449 0.973443 0.209961 0.120828 0.898915 -0.171241 0.403272 -1.86048
0.434408 0.14282 -0.889321 4.65423 0.109919 0.971563 0.20972 0.0844925 0.893984 -0.188857 0.406356 -2.4776
0.467529 0.111298 -0.876943 5.55035 0.110433 0.976917 0.182862 0.103201 0.877053 -0.182337 0.444445 -3.1476
0.500557 0.196352 -0.843142 6.4203 0.0607032 0.96358 0.260438 0.0667864 0.863572 -0.181546 0.470408 -3.75052
0.460848 0.11035 -0.880592 7.37902 0.105265 0.978438 0.177701 0.0313745 0.881214 -0.174589 0.439295 -4.33707
0.38999 0.0442103 -0.919757 8.3074 0.150956 0.982264 0.111222 -0.0240815 0.908361 -0.182218 0.376399 -4.99136
0.236134 0.040529 -0.970875 9.20238 0.191847 0.977519 0.0874669 -0.0568025 0.952594 -0.206914 0.22305 -5.60874
0.188308 0.0318353 -0.981594 10.0677 0.170604 0.983219 0.0646166 -0.0468376 0.967179 -0.179632 0.179717 -6.17756
0.209468 0.0585205 -0.976063 10.9804 0.130952 0.987536 0.0873114 -0.0736085 0.969007 -0.146107 0.199194 -6.71616
0.340417 0.0847509 -0.936447 11.9474 0.092717 0.98805 0.123126 -0.0425381 0.935692 -0.128739 0.328491 -7.25305
0.298046 0.0429778 -0.953583 12.8353 0.125965 0.988479 0.0839215 -0.0334584 0.946204 -0.145131 0.289198 -7.69757
0.213657 0.0176472 -0.976749 13.7488 0.131734 0.990184 0.0467057 -0.000421798 0.967986 -0.13865 0.209235 -8.11229
-0.0529039 0.051312 -0.99728 14.8258 0.164245 0.985525 0.0419943 0.00153926 0.985 -0.161576 -0.0605658 -8.30857
0.139968 0.0462113 -0.989077 15.7966 0.15547 0.985494 0.068045 -0.0837808 0.977874 -0.163296 0.130753 -8.67947
