1 1.05751e-05 -6.84607e-05 7.31069e-06 -1.05747e-05 1 6.00593e-06 -1.18845e-06 6.84608e-05 -6.0052e-06 1 9.35958e-06
0.973101 0.129087 -0.190815 0.196467 -0.10354 0.984962 0.138308 0.0655022 0.2058 -0.114831 0.971834 0.0714925
0.850779 0.151739 -0.503141 0.4477 -0.0457059 0.975145 0.216802 0.0776646 0.523533 -0.161454 0.836568 0.113523
0.593776 0.168966 -0.786689 0.979273 0.0191763 0.974454 0.223768 0.107731 0.804402 -0.147954 0.575367 -0.130237
0.544622 0.251796 -0.799991 1.9236 -0.0400273 0.960584 0.275092 0.146527 0.837726 -0.1178 0.533234 -0.73962
0.479234 0.227971 -0.847564 2.80579 0.0234073 0.962015 0.27199 0.122691 0.877375 -0.150186 0.455694 -1.34112
0.428516 0.151941 -0.890667 3.72928 0.0912449 0.973443 0.209961 0.120828 0.898915 -0.171241 0.403272 -1.86048
0.434408 0.14282 -0.889321 4.65423 0.109919 0.971563 0.20972 0.0844925 0.893984 -0.188857 0.406356 -2.4776
0.467529 0.111298 -0.876943 5.55035 0.110433 0.976917 0.182862 0.103201 0.877053 -0.182337 0.444445 -3.1476
0.500557 0.196352 -0.843142 6.4203 0.0607032 0.96358 0.260438 0.0667864 0.863572 -0.181546 0.470408 -3.75052
0.46093 0.110267 -0.88056 7.37857 0.10526 0.978453 0.177624 0.0320391 0.881172 -0.17456 0.439391 -4.3378
0.390072 0.0441254 -0.919726 8.3069 0.150945 0.982274 0.111145 -0.0233287 0.908328 -0.182182 0.376497 -4.99219
0.236218 0.0404414 -0.970858 9.20182 0.191824 0.977531 0.0873918 -0.055964 0.952578 -0.206878 0.223153 -5.60966
0.188396 0.0317498 -0.98158 10.0671 0.170578 0.983228 0.0645423 -0.0459175 0.967166 -0.179595 0.17982 -6.17857
0.209651 0.0583953 -0.976031 10.9791 0.130941 0.987547 0.0872103 -0.0723514 0.968969 -0.146086 0.199394 -6.71832
0.340598 0.0846285 -0.936393 11.946 0.0927191 0.988063 0.123023 -0.0411679 0.935626 -0.128723 0.328685 -7.25541
0.296348 0.0449898 -0.95402 12.8346 0.125437 0.988404 0.0855758 -0.0348862 0.946807 -0.14503 0.287268 -7.70022
0.213219 0.0186019 -0.976827 13.7548 0.131133 0.990227 0.0474805 -0.00334147 0.968164 -0.138218 0.208696 -8.11526
-0.0534886 0.0522874 -0.997199 14.8319 0.163855 0.985552 0.0428878 -0.0025133 0.985033 -0.161102 -0.0612833 -8.31058
0.139587 0.0471589 -0.989086 15.8086 0.15486 0.985535 0.0688446 -0.0879288 0.978025 -0.16278 0.130265 -8.68384
0.289769 -0.0196788 -0.956894 16.7971 0.124747 0.992036 0.0173747 -0.148133 0.948932 -0.124404 0.289917 -9.10762
0.43347 -0.00826573 -0.90113 17.6918 0.101987 0.993984 0.0399411 -0.221345 0.895379 -0.109216 0.431705 -9.6359
0.633465 0.0222078 -0.773453 18.5771 0.0707753 0.993735 0.0864982 -0.223127 0.770528 -0.109535 0.627924 -10.241
0.78368 0.178948 -0.594831 19.6289 -0.058842 0.974685 0.2157 -0.182861 0.618372 -0.134038 0.774371 -10.7932
0.60011 0.190369 -0.776935 20.5827 -0.0200934 0.97455 0.223269 -0.222325 0.799665 -0.118375 0.588662 -11.1923
0.272861 0.161288 -0.948437 21.1908 0.0435083 0.982769 0.179643 -0.270227 0.961069 -0.0902825 0.261142 -11.2265
-0.234792 0.12837 -0.963532 21.8199 0.219218 0.972698 0.0761722 -0.300429 0.947004 -0.193338 -0.256523 -11.1293
-0.58485 0.0323141 -0.810498 22.4484 0.133543 0.989407 -0.056917 -0.369251 0.800073 -0.141525 -0.58297 -10.828
-0.800048 0.0322367 -0.599069 23.3632 0.117372 0.987669 -0.103601 -0.36907 0.588342 -0.1532 -0.793967 -10.1572
-0.787247 0.16756 -0.593436 24.1373 0.204913 0.97877 0.00452612 -0.31066 0.581596 -0.118039 -0.804869 -9.4328
-0.7352 0.212406 -0.643712 24.8838 0.257514 0.965961 0.0246248 -0.311093 0.627031 -0.14766 -0.764872 -8.62333
-0.797045 0.180526 -0.576307 25.587 0.238798 0.970716 -0.0261899 -0.312534 0.554703 -0.158495 -0.816813 -7.57791
-0.798496 0.112567 -0.591381 26.1712 0.169641 0.984626 -0.0416325 -0.382168 0.577603 -0.133566 -0.805317 -6.66298
