1 1.05751e-05 -6.84607e-05 7.31069e-06 -1.05747e-05 1 6.00593e-06 -1.18845e-06 6.84608e-05 -6.0052e-06 1 9.35958e-06
0.973101 0.129087 -0.190815 0.196467 -0.10354 0.984962 0.138308 0.0655022 0.2058 -0.114831 0.971834 0.0714925
0.850779 0.151739 -0.503141 0.4477 -0.0457059 0.975145 0.216802 0.0776646 0.523533 -0.161454 0.836568 0.113523
0.593776 0.168966 -0.786689 0.979273 0.0191763 0.974454 0.223768 0.107731 0.804402 -0.147954 0.575367 -0.130237
0.544622 0.251796 -0.799991 1.9236 -0.0400273 0.960584 0.275092 0.146527 0.837726 -0.1178 0.533234 -0.73962
0.479234 0.227971 -0.847564 2.80579 0.0234073 0.962015 0.27199 0.122691 0.877375 -0.150186 0.455694 -1.34112
0.428516 0.151941 -0.890667 3.72928 0.0912449 0.973443 0.209961 0.120828 0.898915 -0.171241 0.403272 -1.86048
0.434408 0.14282 -0.889321 4.65423 0.109919 0.971563 0.20972 0.0844925 0.893984 -0.188857 0.406356 -2.4776
0.467529 0.111298 -0.876943 5.55035 0.110433 0.976917 0.182862 0.103201 0.877053 -0.182337 0.444445 -3.1476
0.500557 0.196352 -0.843142 6.4203 0.0607032 0.96358 0.260438 0.0667864 0.863572 -0.181546 0.470408 -3.75052
0.46093 0.110267 -0.88056 7.37857 0.10526 0.978453 0.177624 0.0320391 0.881172 -0.17456 0.439391 -4.3378
0.390072 0.0441254 -0.919726 8.3069 0.150945 0.982274 0.111145 -0.0233287 0.908328 -0.182182 0.376497 -4.99219
0.236218 0.0404414 -0.970858 9.20182 0.191824 0.977531 0.0873918 -0.055964 0.952578 -0.206878 0.223153 -5.60966
0.188396 0.0317498 -0.98158 10.0671 0.170578 0.983228 0.0645423 -0.0459175 0.967166 -0.179595 0.17982 -6.17857
0.20961 0.0584617 -0.976036 10.9794 0.130936 0.987542 0.0872702 -0.0730429 0.968979 -0.146091 0.199344 -6.71779
0.340555 0.0846945 -0.936402 11.9464 0.0927061 0.988057 0.123082 -0.0419222 0.935643 -0.128727 0.328636 -7.25482
0.296307 0.0450566 -0.954029 12.835 0.125427 0.9884 0.0856355 -0.0356978 0.946821 -0.145035 0.287218 -7.69959
0.213178 0.0186686 -0.976835 13.7552 0.131128 0.990225 0.0475409 -0.00421097 0.968174 -0.138225 0.208646 -8.11458
-0.053529 0.052355 -0.997193 14.8323 0.163866 0.985547 0.0429473 -0.00344943 0.985029 -0.161107 -0.0613345 -8.30985
0.139547 0.0472265 -0.989089 15.809 0.15486 0.985531 0.0689052 -0.0889259 0.978031 -0.162786 0.130214 -8.68306
0.289729 -0.0196127 -0.956908 16.7975 0.124737 0.992037 0.0174345 -0.149193 0.948946 -0.124413 0.289868 -9.10678
0.43343 -0.00820039 -0.90115 17.6923 0.101968 0.993983 0.0399987 -0.222463 0.8954 -0.109225 0.431658 -9.63501
0.633429 0.0222731 -0.77348 18.5776 0.0707436 0.993733 0.0865498 -0.224303 0.77056 -0.109542 0.627884 -10.2401
0.783645 0.179014 -0.594857 19.6294 -0.0588842 0.974673 0.215742 -0.184106 0.618412 -0.134037 0.774339 -10.7922
0.600068 0.190433 -0.776952 20.5832 -0.0201232 0.974537 0.22332 -0.22363 0.799696 -0.118373 0.58862 -11.1913
0.272811 0.161355 -0.94844 21.1914 0.0434989 0.982758 0.179706 -0.27164 0.961084 -0.0902817 0.261088 -11.2253
-0.23483 0.128442 -0.963513 21.8204 0.21924 0.972688 0.0762315 -0.301882 0.946989 -0.193339 -0.256576 -11.1281
-0.584886 0.032385 -0.810469 22.449 0.133587 0.989404 -0.0568699 -0.370741 0.80004 -0.14153 -0.583014 -10.8268
-0.800074 0.0323082 -0.599031 23.3637 0.117428 0.987666 -0.103569 -0.370613 0.588297 -0.153206 -0.793999 -10.156
-0.781161 0.165464 -0.602004 24.1434 0.204767 0.978805 0.00332482 -0.310192 0.589794 -0.120673 -0.798486 -9.43522
