1 1.05751e-05 -6.84607e-05 7.31069e-06 -1.05747e-05 1 6.00593e-06 -1.18845e-06 6.84608e-05 -6.0052e-06 1 9.35958e-06
0.973101 0.129087 -0.190815 0.196467 -0.10354 0.984962 0.138308 0.0655022 0.2058 -0.114831 0.971834 0.0714925
0.850779 0.151739 -0.503141 0.4477 -0.0457059 0.975145 0.216802 0.0776646 0.523533 -0.161454 0.836568 0.113523
0.593776 0.168966 -0.786689 0.979273 0.0191763 0.974454 0.223768 0.107731 0.804402 -0.147954 0.575367 -0.130237
0.544622 0.251796 -0.799991 1.9236 -0.0400273 0.960584 0.275092 0.146527 0.837726 -0.1178 0.533234 -0.73962
0.479234 0.227971 -0.847564 2.80579 0.0234073 0.962015 0.27199 0.122691 0.877375 -0.150186 0.455694 -1.34112
0.428516 0.151941 -0.890667 3.72928 0.0912449 0.973443 0.209961 0.120828 0.898915 -0.171241 0.403272 -1.86048
0.434408 0.14282 -0.889321 4.65423 0.109919 0.971563 0.20972 0.0844925 0.893984 -0.188857 0.406356 -2.4776
0.467529 0.111298 -0.876943 5.55035 0.110433 0.976917 0.182862 0.103201 0.877053 -0.182337 0.444445 -3.1476
0.500557 0.196352 -0.843142 6.4203 0.0607032 0.96358 0.260438 0.0667864 0.863572 -0.181546 0.470408 -3.75052
0.46093 0.110267 -0.88056 7.37857 0.10526 0.978453 0.177624 0.0320391 0.881172 -0.17456 0.439391 -4.3378
0.390072 0.0441254 -0.919726 8.3069 0.150945 0.982274 0.111145 -0.0233287 0.908328 -0.182182 0.376497 -4.99219
0.236218 0.0404414 -0.970858 9.20182 0.191824 0.977531 0.0873918 -0.055964 0.952578 -0.206878 0.223153 -5.60966
0.188396 0.0317498 -0.98158 10.0671 0.170578 0.983228 0.0645423 -0.0459175 0.967166 -0.179595 0.17982 -6.17857
0.209507 0.0585049 -0.976055 10.9801 0.130905 0.987544 0.0872919 -0.0731659 0.969005 -0.146059 0.199239 -6.71664
0.340454 0.0847363 -0.936435 11.9471 0.0926721 0.988058 0.1231 -0.042059 0.935683 -0.128691 0.328536 -7.25357
0.296205 0.0451003 -0.954059 12.8358 0.125394 0.988403 0.0856545 -0.0358484 0.946857 -0.145004 0.287115 -7.69824
0.213074 0.0187115 -0.976857 13.7561 0.131096 0.990228 0.0475626 -0.00437454 0.968201 -0.138196 0.208539 -8.11313
-0.0536338 0.0524004 -0.997185 14.8332 0.163841 0.98555 0.0429768 -0.00363848 0.985028 -0.161075 -0.0614442 -8.30828
0.139442 0.0472721 -0.989101 15.8099 0.15483 0.985534 0.0689293 -0.0891322 0.978051 -0.162754 0.130106 -8.68138
0.289626 -0.0195713 -0.95694 16.7985 0.124704 0.99204 0.0174536 -0.149418 0.948981 -0.124389 0.289762 -9.105
0.433333 -0.00816063 -0.901197 17.6933 0.101932 0.993986 0.0400125 -0.222698 0.895451 -0.1092 0.431559 -9.63313
0.633345 0.0223128 -0.773547 18.5787 0.0707063 0.993735 0.0865551 -0.224548 0.770632 -0.109514 0.6278 -10.2381
0.783574 0.179055 -0.594937 19.6305 -0.058922 0.974672 0.215738 -0.184364 0.618498 -0.133992 0.774278 -10.7901
0.599978 0.190474 -0.777011 20.5844 -0.0201608 0.974535 0.223327 -0.223904 0.799762 -0.118326 0.58854 -11.1891
0.272705 0.161393 -0.948464 21.1926 0.0434661 0.982756 0.179725 -0.271929 0.961115 -0.0902379 0.260987 -11.2231
-0.234932 0.128492 -0.963482 21.8216 0.219221 0.97269 0.0762654 -0.302192 0.946968 -0.193299 -0.256684 -11.1258
-0.584974 0.0324293 -0.810403 22.4501 0.133582 0.989407 -0.0568313 -0.371077 0.799976 -0.1415 -0.583109 -10.8244
-0.800139 0.0323543 -0.598941 23.3648 0.117435 0.987669 -0.103531 -0.370993 0.588206 -0.153175 -0.794072 -10.1535
-0.783241 0.16603 -0.599138 24.1319 0.205428 0.978669 0.00265163 -0.314519 0.586798 -0.121003 -0.800641 -9.43583
-0.733506 0.210509 -0.646263 24.8832 0.258594 0.965756 0.0210748 -0.313347 0.628569 -0.151661 -0.762824 -8.62939
-0.796525 0.177786 -0.577875 25.5891 0.239846 0.97028 -0.0320854 -0.310592 0.554997 -0.164158 -0.815494 -7.58397
-0.795559 0.110248 -0.595761 26.1805 0.170241 0.984367 -0.0451726 -0.376258 0.581467 -0.13736 -0.80189 -6.67741
-0.937574 0.0486621 -0.344366 26.6687 0.0935971 0.988937 -0.115082 -0.431601 0.334956 -0.14013 -0.931755 -5.72642
-0.976008 0.0689941 -0.206514 27.1078 0.104746 0.980285 -0.167538 -0.42182 0.190884 -0.18515 -0.963993 -4.83781
-0.979037 0.0212393 -0.202573 27.6404 0.0566914 0.983664 -0.170855 -0.390169 0.195635 -0.178758 -0.964247 -3.87376
-0.962681 0.0749603 -0.26005 28.0815 0.117013 0.981708 -0.150189 -0.398582 0.244035 -0.175013 -0.953843 -2.9287
-0.98165 0.0790177 -0.173548 28.5236 0.107738 0.980749 -0.162861 -0.371748 0.157338 -0.17857 -0.971266 -1.98771
-0.984819 0.0889445 -0.149065 29.0256 0.11132 0.982521 -0.149197 -0.400792 0.133189 -0.163525 -0.977507 -1.12019
-0.973235 0.0180812 -0.229102 29.5459 0.065147 0.977713 -0.199584 -0.377263 0.220387 -0.209168 -0.952722 -0.192615
-0.909732 0.134661 -0.392752 30.2354 0.213375 0.963102 -0.164028 -0.398081 0.356172 -0.233025 -0.904898 0.851481
-0.775833 0.140586 -0.615076 31.0088 0.214113 0.975674 -0.0470679 -0.474926 0.593496 -0.168213 -0.787062 1.64223
-0.927831 0.068068 -0.366738 31.6645 0.111842 0.988738 -0.0994428 -0.53685 0.355839 -0.133283 -0.924994 2.40479
-0.998429 0.0116272 -0.0548117 32.0667 0.0228937 0.977505 -0.209664 -0.576308 0.0511409 -0.210589 -0.976236 2.97329
-0.970085 0.0982128 0.22201 32.7648 0.0531617 0.978257 -0.200468 -0.539689 -0.236872 -0.182668 -0.954214 3.88659
-0.81369 0.263195 0.518302 33.2428 0.087304 0.936846 -0.338672 -0.504466 -0.574705 -0.230324 -0.78528 4.46873
-0.806555 0.320159 0.496958 33.9403 0.124288 0.913698 -0.386921 -0.527354 -0.577946 -0.250307 -0.77674 5.4398
-0.550192 0.189097 0.813346 34.5507 -0.101484 0.95166 -0.289904 -0.61398 -0.828848 -0.242045 -0.504405 6.10741
-0.124871 0.211843 0.969293 34.9956 -0.125881 0.965662 -0.227267 -0.62038 -0.984155 -0.150394 -0.0939159 6.05183
0.281467 0.158495 0.946391 35.2738 -0.194075 0.975285 -0.105614 -0.630979 -0.93974 -0.153944 0.30527 5.9774
0.627886 0.189739 0.754824 35.6143 -0.290485 0.956879 0.00110449 -0.61615 -0.722065 -0.219958 0.655927 6.04627
0.946682 0.15622 0.281761 36.1064 -0.195277 0.973844 0.116168 -0.662951 -0.256244 -0.164995 0.952426 5.83721
0.974054 0.121536 -0.190913 36.3943 -0.0766587 0.970885 0.226949 -0.681692 0.212937 -0.206426 0.955011 5.45422
0.94487 0.110831 -0.308118 36.7673 -0.0309288 0.966977 0.252978 -0.635983 0.325981 -0.229502 0.917096 4.3546
0.990839 0.10149 0.0890931 36.7555 -0.116608 0.975728 0.185356 -0.633224 -0.068119 -0.194047 0.978624 3.37343
0.907671 0.102718 0.406919 36.3416 -0.168209 0.97734 0.128497 -0.650883 -0.384499 -0.18508 0.904381 2.36796
0.813962 0.205064 0.543521 35.5072 -0.301354 0.948939 0.0932774 -0.563021 -0.49664 -0.239717 0.834197 1.3822
0.886782 0.203759 0.414849 34.6335 -0.282255 0.949509 0.136986 -0.522083 -0.36599 -0.23857 0.899519 0.604031
0.918592 0.117504 0.377334 33.8564 -0.20301 0.959477 0.195426 -0.471714 -0.33908 -0.25612 0.905222 -0.25632
0.833802 0.0333705 0.551053 33.1671 -0.137765 0.97917 0.149157 -0.433475 -0.534597 -0.200283 0.821031 -1.18719
0.681242 0.00522645 0.73204 32.4603 -0.0733027 0.995436 0.0611091 -0.410981 -0.728379 -0.0952906 0.678516 -2.13469
0.425932 0.0603407 0.902741 31.931 0.0956191 0.989184 -0.111234 -0.394825 -0.899688 0.133697 0.415555 -2.59545
0.40199 0.131079 0.906213 31.4906 -0.0504013 0.991367 -0.121039 -0.186492 -0.914256 0.00298199 0.405126 -2.85928
0.622806 0.0668266 0.779517 31.0829 -0.0804344 0.996535 -0.021167 0.0853057 -0.778231 -0.049517 0.626023 -3.3841
0.823403 -0.0387851 0.566131 30.6419 -0.0428324 0.990567 0.13016 0.395088 -0.565839 -0.131423 0.813975 -3.84616
0.973651 0.0749151 0.215387 30.5252 -0.100495 0.988798 0.110363 0.518473 -0.204706 -0.1291 0.970272 -4.0346
0.985635 0.0911644 -0.142174 30.1735 -0.0736286 0.989538 0.124071 0.611457 0.151998 -0.111821 0.982035 -4.31666
0.855933 0.121882 -0.502518 29.8588 -0.0433567 0.985318 0.165133 0.627816 0.515266 -0.119555 0.84865 -4.65644
0.597791 0.073462 -0.798279 29.514 0.034165 0.992553 0.116925 0.630283 0.800924 -0.0971697 0.590829 -5.02284
0.190556 0.123262 -0.973907 29.2901 0.0673226 0.988109 0.138232 0.636418 0.979365 -0.0919069 0.179992 -5.39941
-0.215284 0.0794625 -0.973313 29.0903 0.10426 0.992858 0.0579972 0.632952 0.97097 -0.0889917 -0.222031 -5.68248
-0.618446 0.0368134 -0.784964 29.0708 0.14601 0.986891 -0.0687526 0.546546 0.772143 -0.157132 -0.615715 -5.8919
-0.572728 -0.0981816 -0.813845 29.0203 0.0706486 0.983196 -0.16833 0.473571 0.816696 -0.153904 -0.556167 -5.98398
-0.274245 0.145957 -0.950519 28.9903 0.21312 0.973061 0.087929 0.629199 0.937747 -0.178461 -0.297963 -6.06456
-0.0324671 0.175957 -0.983862 28.9391 0.0920014 0.980728 0.17236 0.652041 0.995229 -0.0849207 -0.0480297 -5.97951
-0.0761502 0.24736 -0.965927 29.153 0.223124 0.948401 0.225282 0.639726 0.971811 -0.198366 -0.127413 -5.79762
-0.181051 0.257405 -0.949191 29.1653 0.239177 0.947689 0.211377 0.638312 0.953947 -0.188755 -0.233145 -5.59455
-0.307481 0.325255 -0.89424 29.1953 0.268731 0.931194 0.246294 0.658985 0.912819 -0.16458 -0.37373 -5.58483
-0.400568 0.312397 -0.861367 29.1991 0.245529 0.942299 0.227569 0.657376 0.882758 -0.120334 -0.454157 -5.55682
-0.440524 0.316686 -0.840029 29.2039 0.244638 0.942649 0.227081 0.650778 0.863765 -0.105468 -0.492733 -5.54842
-0.494906 0.322706 -0.806802 29.1889 0.245406 0.942593 0.226484 0.656 0.833573 -0.0859053 -0.545689 -5.53646
-0.371868 0.293823 -0.880558 29.1024 0.16092 0.954628 0.25058 0.656208 0.914231 -0.0485169 -0.402277 -5.60051
-0.483829 0.269576 -0.832609 28.8676 0.159126 0.962616 0.2192 0.636979 0.860574 -0.0264346 -0.508638 -5.873
-0.648591 0.258227 -0.715994 28.8115 0.247752 0.961087 0.122193 0.652915 0.719686 -0.0981359 -0.687329 -6.01247
-0.77963 0.26777 -0.566107 28.8434 0.252368 0.961662 0.107313 0.636967 0.573139 -0.0592032 -0.817317 -6.22154
-0.901798 0.304272 -0.306885 28.8949 0.308147 0.950618 0.0370186 0.665417 0.302994 -0.0611823 -0.951026 -6.55321
