1 1.05751e-05 -6.84607e-05 7.31069e-06 -1.05747e-05 1 6.00593e-06 -1.18845e-06 6.84608e-05 -6.0052e-06 1 9.35958e-06
0.973101 0.129087 -0.190815 0.196467 -0.10354 0.984962 0.138308 0.0655022 0.2058 -0.114831 0.971834 0.0714925
0.850779 0.151739 -0.503141 0.4477 -0.0457059 0.975145 0.216802 0.0776646 0.523533 -0.161454 0.836568 0.113523
0.593776 0.168966 -0.786689 0.979273 0.0191763 0.974454 0.223768 0.107731 0.804402 -0.147954 0.575367 -0.130237
0.544622 0.251796 -0.799991 1.9236 -0.0400273 0.960584 0.275092 0.146527 0.837726 -0.1178 0.533234 -0.73962
0.479234 0.227971 -0.847564 2.80579 0.0234073 0.962015 0.27199 0.122691 0.877375 -0.150186 0.455694 -1.34112
0.428516 0.151941 -0.890667 3.72928 0.0912449 0.973443 0.209961 0.120828 0.898915 -0.171241 0.403272 -1.86048
0.434408 0.14282 -0.889321 4.65423 0.109919 0.971563 0.20972 0.0844925 0.893984 -0.188857 0.406356 -2.4776
0.467529 0.111298 -0.876943 5.55035 0.110433 0.976917 0.182862 0.103201 0.877053 -0.182337 0.444445 -3.1476
0.500557 0.196352 -0.843142 6.4203 0.0607032 0.96358 0.260438 0.0667864 0.863572 -0.181546 0.470408 -3.75052
0.46093 0.110267 -0.88056 7.37857 0.10526 0.978453 0.177624 0.0320391 0.881172 -0.17456 0.439391 -4.3378
0.390072 0.0441254 -0.919726 8.3069 0.150945 0.982274 0.111145 -0.0233287 0.908328 -0.182182 0.376497 -4.99219
0.236218 0.0404414 -0.970858 9.20182 0.191824 0.977531 0.0873918 -0.055964 0.952578 -0.206878 0.223153 -5.60966
0.188396 0.0317498 -0.98158 10.0671 0.170578 0.983228 0.0645423 -0.0459175 0.967166 -0.179595 0.17982 -6.17857
0.209507 0.0585049 -0.976055 10.9801 0.130905 0.987544 0.0872919 -0.0731659 0.969005 -0.146059 0.199239 -6.71664
0.340454 0.0847363 -0.936435 11.9471 0.0926721 0.988058 0.1231 -0.042059 0.935683 -0.128691 0.328536 -7.25357
0.296205 0.0451003 -0.954059 12.8358 0.125394 0.988403 0.0856545 -0.0358484 0.946857 -0.145004 0.287115 -7.69824
0.213074 0.0187115 -0.976857 13.7561 0.131096 0.990228 0.0475626 -0.00437454 0.968201 -0.138196 0.208539 -8.11313
-0.0536338 0.0524004 -0.997185 14.8332 0.163841 0.98555 0.0429768 -0.00363848 0.985028 -0.161075 -0.0614442 -8.30828
0.139442 0.0472721 -0.989101 15.8099 0.15483 0.985534 0.0689293 -0.0891322 0.978051 -0.162754 0.130106 -8.68138
0.289626 -0.0195713 -0.95694 16.7985 0.124704 0.99204 0.0174536 -0.149418 0.948981 -0.124389 0.289762 -9.105
0.433333 -0.00816063 -0.901197 17.6933 0.101932 0.993986 0.0400125 -0.222698 0.895451 -0.1092 0.431559 -9.63313
0.633345 0.0223128 -0.773547 18.5787 0.0707063 0.993735 0.0865551 -0.224548 0.770632 -0.109514 0.6278 -10.2381
0.783574 0.179055 -0.594937 19.6305 -0.058922 0.974672 0.215738 -0.184364 0.618498 -0.133992 0.774278 -10.7901
0.599978 0.190474 -0.777011 20.5844 -0.0201608 0.974535 0.223327 -0.223904 0.799762 -0.118326 0.58854 -11.1891
0.272705 0.161393 -0.948464 21.1926 0.0434661 0.982756 0.179725 -0.271929 0.961115 -0.0902379 0.260987 -11.2231
-0.234932 0.128492 -0.963482 21.8216 0.219221 0.97269 0.0762654 -0.302192 0.946968 -0.193299 -0.256684 -11.1258
-0.584974 0.0324293 -0.810403 22.4501 0.133582 0.989407 -0.0568313 -0.371077 0.799976 -0.1415 -0.583109 -10.8244
-0.800139 0.0323543 -0.598941 23.3648 0.117435 0.987669 -0.103531 -0.370993 0.588206 -0.153175 -0.794072 -10.1535
-0.783241 0.16603 -0.599138 24.1319 0.205428 0.978669 0.00265163 -0.314519 0.586798 -0.121003 -0.800641 -9.43583
-0.733506 0.210509 -0.646263 24.8832 0.258594 0.965756 0.0210748 -0.313347 0.628569 -0.151661 -0.762824 -8.62939
-0.796525 0.177786 -0.577875 25.5891 0.239846 0.97028 -0.0320854 -0.310592 0.554997 -0.164158 -0.815494 -7.58397
-0.795559 0.110248 -0.595761 26.1805 0.170241 0.984367 -0.0451726 -0.376258 0.581467 -0.13736 -0.80189 -6.67741
-0.937574 0.0486621 -0.344366 26.6687 0.0935971 0.988937 -0.115082 -0.431601 0.334956 -0.14013 -0.931755 -5.72642
-0.976008 0.0689941 -0.206514 27.1078 0.104746 0.980285 -0.167538 -0.42182 0.190884 -0.18515 -0.963993 -4.83781
-0.979037 0.0212393 -0.202573 27.6404 0.0566914 0.983664 -0.170855 -0.390169 0.195635 -0.178758 -0.964247 -3.87376
-0.962681 0.0749603 -0.26005 28.0815 0.117013 0.981708 -0.150189 -0.398582 0.244035 -0.175013 -0.953843 -2.9287
-0.98165 0.0790177 -0.173548 28.5236 0.107738 0.980749 -0.162861 -0.371748 0.157338 -0.17857 -0.971266 -1.98771
-0.984819 0.0889445 -0.149065 29.0256 0.11132 0.982521 -0.149197 -0.400792 0.133189 -0.163525 -0.977507 -1.12019
-0.973235 0.0180812 -0.229102 29.5459 0.065147 0.977713 -0.199584 -0.377263 0.220387 -0.209168 -0.952722 -0.192615
-0.909732 0.134661 -0.392752 30.2354 0.213375 0.963102 -0.164028 -0.398081 0.356172 -0.233025 -0.904898 0.851481
-0.775833 0.140586 -0.615076 31.0088 0.214113 0.975674 -0.0470679 -0.474926 0.593496 -0.168213 -0.787062 1.64223
-0.927831 0.068068 -0.366738 31.6645 0.111842 0.988738 -0.0994428 -0.53685 0.355839 -0.133283 -0.924994 2.40479
-0.998429 0.0116272 -0.0548117 32.0667 0.0228937 0.977505 -0.209664 -0.576308 0.0511409 -0.210589 -0.976236 2.97329
-0.970085 0.0982128 0.22201 32.7648 0.0531617 0.978257 -0.200468 -0.539689 -0.236872 -0.182668 -0.954214 3.88659
-0.81369 0.263195 0.518302 33.2428 0.087304 0.936846 -0.338672 -0.504466 -0.574705 -0.230324 -0.78528 4.46873
-0.806555 0.320159 0.496958 33.9403 0.124288 0.913698 -0.386921 -0.527354 -0.577946 -0.250307 -0.77674 5.4398
-0.550192 0.189097 0.813346 34.5507 -0.101484 0.95166 -0.289904 -0.61398 -0.828848 -0.242045 -0.504405 6.10741
-0.124871 0.211843 0.969293 34.9956 -0.125881 0.965662 -0.227267 -0.62038 -0.984155 -0.150394 -0.0939159 6.05183
0.281467 0.158495 0.946391 35.2738 -0.194075 0.975285 -0.105614 -0.630979 -0.93974 -0.153944 0.30527 5.9774
0.627886 0.189739 0.754824 35.6143 -0.290485 0.956879 0.00110449 -0.61615 -0.722065 -0.219958 0.655927 6.04627
0.946682 0.15622 0.281761 36.1064 -0.195277 0.973844 0.116168 -0.662951 -0.256244 -0.164995 0.952426 5.83721
0.974054 0.121536 -0.190913 36.3943 -0.0766587 0.970885 0.226949 -0.681692 0.212937 -0.206426 0.955011 5.45422
0.94487 0.110831 -0.308118 36.7673 -0.0309288 0.966977 0.252978 -0.635983 0.325981 -0.229502 0.917096 4.3546
0.990839 0.10149 0.0890931 36.7555 -0.116608 0.975728 0.185356 -0.633224 -0.068119 -0.194047 0.978624 3.37343
0.907671 0.102718 0.406919 36.3416 -0.168209 0.97734 0.128497 -0.650883 -0.384499 -0.18508 0.904381 2.36796
0.813962 0.205064 0.543521 35.5072 -0.301354 0.948939 0.0932774 -0.563021 -0.49664 -0.239717 0.834197 1.3822
0.886782 0.203759 0.414849 34.6335 -0.282255 0.949509 0.136986 -0.522083 -0.36599 -0.23857 0.899519 0.604031
0.918592 0.117504 0.377334 33.8564 -0.20301 0.959477 0.195426 -0.471714 -0.33908 -0.25612 0.905222 -0.25632
0.833802 0.0333705 0.551053 33.1671 -0.137765 0.97917 0.149157 -0.433475 -0.534597 -0.200283 0.821031 -1.18719
0.681268 0.00521703 0.732015 32.4604 -0.0732829 0.995437 0.0611082 -0.410439 -0.728356 -0.0952753 0.678542 -2.13364
0.425963 0.0603233 0.902728 31.9311 0.0956382 0.989182 -0.111229 -0.394283 -0.899672 0.133714 0.415585 -2.59442
0.402022 0.131067 0.906201 31.4907 -0.0503823 0.991369 -0.121033 -0.185952 -0.914243 0.00300165 0.405156 -2.85826
0.622834 0.0668157 0.779496 31.0831 -0.0804146 0.996537 -0.0211667 0.0858494 -0.77821 -0.0494995 0.62605 -3.38309
0.823429 -0.0387689 0.566093 30.6421 -0.0428437 0.990567 0.130159 0.39471 -0.5658 -0.13143 0.814001 -3.84456
0.97366 0.0749311 0.215342 30.5254 -0.100505 0.988796 0.110366 0.518095 -0.20466 -0.129102 0.970282 -4.03301
0.985627 0.0911795 -0.142219 30.1737 -0.0736376 0.989536 0.124078 0.611082 0.152044 -0.111822 0.982028 -4.31508
0.855908 0.121897 -0.502556 29.859 -0.0433624 0.985316 0.165142 0.627444 0.515307 -0.119555 0.848626 -4.65488
0.597754 0.0734764 -0.798306 29.5142 0.0341634 0.992552 0.116936 0.629912 0.800952 -0.0971716 0.590791 -5.0213
0.19051 0.123277 -0.973914 29.2904 0.0673268 0.988107 0.138243 0.636014 0.979374 -0.0919072 0.179944 -5.39784
-0.21533 0.0794774 -0.973302 29.0906 0.104268 0.992856 0.0580062 0.632549 0.970959 -0.0889942 -0.222078 -5.68092
-0.618482 0.0368316 -0.784935 29.0711 0.146021 0.98689 -0.0687481 0.54614 0.772112 -0.157137 -0.615752 -5.89034
-0.572766 -0.0981636 -0.81382 29.0206 0.07066 0.983196 -0.168324 0.473164 0.816668 -0.153915 -0.556205 -5.98243
-0.274287 0.145976 -0.950504 28.9906 0.213129 0.973059 0.0879373 0.628793 0.937733 -0.17846 -0.29801 -6.06301
-0.0325141 0.175971 -0.983858 28.9394 0.0920081 0.980726 0.172371 0.651637 0.995227 -0.0849184 -0.0480782 -5.97796
-0.0761947 0.24738 -0.965918 29.1533 0.223131 0.948397 0.225291 0.639321 0.971806 -0.198361 -0.127461 -5.79606
-0.181094 0.257424 -0.949177 29.1655 0.239185 0.947685 0.211385 0.637909 0.953937 -0.188748 -0.233192 -5.59299
-0.307522 0.325273 -0.894219 29.1955 0.268741 0.93119 0.246301 0.65858 0.912803 -0.16457 -0.373775 -5.58327
-0.400608 0.312413 -0.861343 29.1994 0.245539 0.942295 0.227575 0.656972 0.882737 -0.120325 -0.4542 -5.55526
-0.440563 0.316701 -0.840003 29.2042 0.244648 0.942645 0.227087 0.650374 0.863743 -0.105459 -0.492775 -5.54685
-0.494944 0.32272 -0.806773 29.1891 0.245416 0.942589 0.226489 0.655598 0.833547 -0.0858958 -0.545729 -5.5349
-0.37191 0.293836 -0.880536 29.1027 0.16093 0.954624 0.250587 0.655806 0.914212 -0.0485088 -0.402321 -5.59896
-0.483869 0.269587 -0.832582 28.8679 0.159137 0.962613 0.219206 0.636577 0.86055 -0.0264278 -0.50868 -5.87146
-0.648623 0.258243 -0.71596 28.8118 0.247764 0.961083 0.122196 0.652511 0.719653 -0.0981295 -0.687364 -6.01093
-0.779655 0.267783 -0.566066 28.8437 0.25238 0.961659 0.107314 0.636562 0.573099 -0.0591964 -0.817345 -6.21999
-0.901809 0.304286 -0.306839 28.8952 0.308159 0.950615 0.0370159 0.665009 0.302949 -0.0611737 -0.951041 -6.55167
-0.951041 0.304084 0.05527 29.0502 0.302556 0.952511 -0.0343834 0.647042 -0.0631007 -0.0159777 -0.997879 -6.77088
-0.892693 0.0975104 0.43999 29.1296 0.0524979 0.992165 -0.113371 0.635851 -0.447597 -0.0781068 -0.890818 -6.81372
-0.94542 0.0538262 0.321378 29.0234 0.0155099 0.992578 -0.120616 0.635874 -0.325485 -0.109048 -0.939238 -7.08255
-0.845068 -0.0139845 0.534475 29.0206 -0.0430266 0.998194 -0.0419124 0.644398 -0.532924 -0.0584155 -0.844144 -7.81813
-0.612715 -0.00636542 0.790278 29.1716 -0.0265949 0.999567 -0.0125683 0.597675 -0.789856 -0.0287181 -0.612619 -8.15706
-0.223356 -0.117377 0.967644 29.3737 -0.0217785 0.993076 0.115435 0.531689 -0.974494 0.00470926 -0.224366 -8.36
0.144808 -0.158199 0.976731 29.6064 0.0133987 0.987359 0.157934 0.527741 -0.989369 -0.00978317 0.145097 -8.45714
0.506926 -0.0945351 0.85679 29.9284 0.0491781 0.995521 0.0807455 0.56953 -0.860585 0.00120332 0.509305 -8.59744
0.823596 -0.0721314 0.562572 30.5194 0.0543914 0.997353 0.0482497 0.601432 -0.564563 -0.00913919 0.825339 -8.78101
0.978052 -0.14466 0.149962 30.9698 0.136177 0.988522 0.0654204 0.614785 -0.157705 -0.043563 0.986525 -9.18147
0.996965 -0.0731746 -0.0265613 31.6665 0.073653 0.99713 0.0175022 0.630005 0.0252043 -0.0194054 0.999494 -10.1147
0.992915 -0.0639847 -0.100128 32.1381 0.0658846 0.997702 0.0157815 0.644456 0.0988886 -0.0222666 0.994849 -11.0071
0.950297 -0.0837174 -0.299879 32.7084 0.0833239 0.996422 -0.0141238 0.633662 0.299988 -0.0115653 0.953873 -12.0432
0.91198 0.0348644 -0.40875 33.3236 -0.00296077 0.996916 0.078426 0.692955 0.410224 -0.0703127 0.90927 -12.8368
0.89936 0.104938 -0.424429 33.9575 -0.0312941 0.983729 0.17691 0.707065 0.436088 -0.145824 0.888011 -13.6712
0.997734 0.014698 -0.065655 34.2167 -0.00143666 0.980278 0.19762 0.711217 0.0672647 -0.197078 0.978078 -14.4251
0.909431 -0.0351584 0.414366 34.2463 -0.0653284 0.971969 0.22585 0.666721 -0.410692 -0.232465 0.881642 -15.1537
0.671873 -0.150942 0.725123 33.9711 -0.0543056 0.96634 0.251472 0.633188 -0.738673 -0.208335 0.641061 -15.5328
0.33722 -0.206516 0.918496 33.645 -0.120358 0.958179 0.259627 0.60478 -0.933701 -0.1981 0.298261 -15.7544
-0.168757 -0.31181 0.935038 33.2526 -0.185789 0.941702 0.280501 0.567822 -0.967989 -0.126383 -0.21685 -15.8405
-0.491514 -0.426142 0.759484 32.6787 -0.3618 0.893197 0.267021 0.504213 -0.792158 -0.143537 -0.593197 -15.6486
-0.731162 -0.450863 0.511981 32.2175 -0.411705 0.890029 0.195825 0.417178 -0.543968 -0.0676057 -0.836378 -15.257
-0.828195 -0.319306 0.460584 31.561 -0.291529 0.947335 0.132542 -0.0738737 -0.478649 -0.0245026 -0.877665 -14.4741
-0.902901 -0.240066 0.356564 31.2783 -0.239132 0.969828 0.0474245 -0.393952 -0.357191 -0.0424464 -0.933066 -13.9572
-0.839303 -0.220589 0.496902 30.9624 -0.208321 0.974714 0.0808352 -0.669519 -0.502169 -0.0356699 -0.864034 -13.4836
-0.870869 -0.215638 0.441687 30.6452 -0.201034 0.976291 0.0802629 -1.00228 -0.448523 -0.0188957 -0.893572 -13.0685
-0.934539 -0.128264 0.331941 30.0782 -0.11111 0.991323 0.0702378 -1.4921 -0.33807 0.0287582 -0.940682 -12.3919
-0.97381 -0.204482 0.099402 29.4872 -0.201822 0.978752 0.036227 -2.05727 -0.104698 0.0152167 -0.994388 -11.6355
-0.960869 -0.174557 -0.215082 29.1211 -0.167955 0.984589 -0.0487458 -2.58356 0.220276 -0.0107142 -0.975379 -10.7023
-0.868579 0.0417734 -0.493787 29.1159 0.103181 0.989847 -0.0977573 -2.84375 0.48469 -0.135859 -0.86407 -9.97255
-0.634455 0.021083 -0.772673 29.4216 0.177655 0.976844 -0.119221 -2.87961 0.752267 -0.21291 -0.623509 -9.4294
-0.137149 0.0170509 -0.990404 29.9922 0.211839 0.977225 -0.0125108 -3.03907 0.967634 -0.211522 -0.137637 -9.06768
0.291557 -0.120318 -0.948956 30.7395 0.234524 0.97077 -0.051029 -3.09667 0.927358 -0.207675 0.311252 -9.03352
0.68514 -0.149934 -0.712813 31.4687 0.181194 0.982907 -0.0325864 -3.11394 0.705515 -0.106831 0.700597 -9.28504
0.787078 -0.00696647 -0.616814 32.2812 0.104339 0.987032 0.121992 -3.05518 0.607965 -0.160375 0.777598 -9.96949
0.809183 0.0253835 -0.587008 32.9078 0.0739364 0.986726 0.144588 -3.01679 0.582886 -0.1604 0.796565 -10.8714
0.960783 0.0577679 -0.271219 33.319 -0.0139457 0.986889 0.160799 -3.01958 0.276952 -0.15071 0.948991 -11.9081
0.998513 -0.0181206 0.0514231 33.5643 0.0122301 0.993561 0.112636 -3.05064 -0.053133 -0.111839 0.992305 -12.9459
0.989839 -0.115791 0.0825265 33.7928 0.112157 0.992559 0.0474001 -3.12978 -0.087401 -0.0376625 0.995461 -14.1452
0.909326 -0.364763 -0.200184 34.084 0.364775 0.930312 -0.0381852 -3.33894 0.200162 -0.0382993 0.979014 -14.9936
0.917934 -0.169415 -0.358743 34.3922 0.181368 0.983415 -0.000338514 -3.1818 0.352851 -0.0647538 0.933436 -15.6968
0.925869 0.0471341 -0.374894 34.9911 -0.0168254 0.996348 0.0837141 -3.06112 0.37747 -0.0712006 0.92328 -16.3712
0.838693 0.251331 -0.483142 35.4252 -0.147475 0.958809 0.242769 -3.04011 0.524256 -0.132357 0.841212 -16.7676
0.753495 0.200266 -0.62621 35.6334 -0.040731 0.964868 0.25956 -3.03134 0.656191 -0.170071 0.73518 -16.8421
0.554647 0.192102 -0.809607 35.9004 -0.0075832 0.974112 0.22594 -3.04156 0.832051 -0.119177 0.541745 -17.1784
0.555579 0.21163 -0.80408 36.1504 0.0179192 0.963793 0.266048 -3.03685 0.83127 -0.162219 0.531671 -17.4851
0.361845 0.213045 -0.907568 36.1767 0.0685098 0.964827 0.253801 -3.03438 0.929718 -0.154014 0.334522 -17.46
0.350999 0.196421 -0.915543 36.1889 0.0597163 0.971066 0.231226 -3.05249 0.93447 -0.135833 0.329113 -17.4459
0.244879 0.156091 -0.956906 36.1703 0.0504668 0.983566 0.173355 -3.0544 0.968239 -0.0907429 0.232978 -17.4498
0.229692 0.181362 -0.956216 35.6681 0.0193308 0.981441 0.19079 -3.04794 0.973071 -0.0623073 0.221923 -17.7385
0.0486637 0.135312 -0.989607 35.3423 0.106863 0.984389 0.139854 -3.10097 0.993082 -0.112559 0.0334441 -17.9151
0.466496 0.198105 -0.862053 35.2676 0.091099 0.958653 0.269602 -3.05737 0.87982 -0.204301 0.42916 -17.7965
0.71213 0.241329 -0.659265 35.2785 -0.074205 0.959675 0.27114 -3.02741 0.698114 -0.144167 0.701322 -17.9886
0.839494 0.23719 -0.488866 35.5295 -0.145253 0.964914 0.218728 -2.97476 0.523594 -0.112612 0.844493 -18.842
0.837368 0.153842 -0.524546 36.114 -0.0945353 0.985878 0.138231 -3.04763 0.538404 -0.0661619 0.840086 -19.8002
0.807156 0.0820825 -0.584604 36.735 -0.0193668 0.993435 0.112746 -3.03951 0.590021 -0.0796813 0.803446 -20.5703
0.768662 0.0373423 -0.638564 37.3724 0.0265125 0.995577 0.090134 -3.03708 0.639105 -0.0862125 0.764272 -21.4041
0.755292 0.0760684 -0.65096 38.2338 -0.016902 0.995172 0.0966806 -2.99043 0.655171 -0.0620195 0.752931 -22.24
0.390611 0.187128 -0.901336 38.808 0.00127395 0.979011 0.203806 -2.97238 0.920555 -0.080757 0.382174 -22.7117
-0.0993872 0.117543 -0.988082 38.8661 0.0925202 0.989788 0.10844 -3.01011 0.990738 -0.08064 -0.109247 -22.6858
-0.464315 0.043401 -0.884606 38.7448 0.0195845 0.999058 0.0387367 -3.02458 0.885453 0.000661486 -0.464728 -22.5307
-0.502011 0.0588949 -0.862854 38.519 0.126996 0.991884 -0.00618433 -2.99337 0.855487 -0.112683 -0.505416 -22.3019
-0.145243 -0.0391325 -0.988622 38.5828 0.0622488 0.996876 -0.0486045 -3.02119 0.987436 -0.0686 -0.142354 -22.4655
0.237902 0.0537052 -0.969803 38.8186 0.0157171 0.998127 0.0591292 -3.03594 0.971162 -0.0293094 0.236612 -22.9525
0.571727 0.126687 -0.810604 39.262 -0.00877278 0.988894 0.148364 -3.0379 0.820397 -0.0777125 0.566488 -23.3891
0.615656 0.104904 -0.781001 40.2066 0.0119717 0.98974 0.142379 -3.06881 0.787924 -0.0970065 0.608083 -24.2379
0.476184 0.281518 -0.833064 40.9312 -0.0499557 0.954499 0.294 -3.04435 0.877925 -0.0983816 0.468581 -24.9528
0.249996 0.243818 -0.937046 41.1767 0.0630274 0.961625 0.267029 -3.06054 0.966193 -0.125816 0.225035 -25.1816
0.623533 0.252592 -0.739867 41.1658 -0.0185206 0.950874 0.309022 -3.0545 0.781577 -0.178983 0.59758 -25.0199
0.772567 0.295277 -0.562096 41.2476 -0.127609 0.939428 0.318104 -3.05205 0.621977 -0.174028 0.763452 -25.4038
0.575598 0.173782 -0.799054 41.6026 0.0162529 0.974533 0.223654 -3.0527 0.817571 -0.141722 0.558115 -26.5072
0.434841 -0.0242879 -0.90018 42.3789 0.159381 0.98593 0.0503892 -3.171 0.88629 -0.165383 0.432594 -27.4216
0.50734 0.00825244 -0.861706 43.2438 0.0661486 0.996631 0.0484904 -3.13452 0.859203 -0.0816018 0.505085 -28.2752
0.549331 0.094375 -0.830258 44.0092 0.00953013 0.992829 0.11916 -3.07987 0.835551 -0.0733707 0.544492 -28.9249
0.47618 0.115125 -0.871779 44.9807 0.0363877 0.987964 0.150344 -3.08002 0.878595 -0.103313 0.46626 -29.7119
0.445562 0.0864412 -0.891068 45.9617 0.0622419 0.989928 0.127154 -3.11036 0.893085 -0.112117 0.435694 -30.4685
0.269087 -0.0210045 -0.962887 46.7509 0.0880493 0.996112 0.00287692 -3.14194 0.959083 -0.0855557 0.26989 -31.1866
0.384043 0.0569273 -0.921558 47.5094 0.0786971 0.992447 0.0941019 -3.14154 0.919955 -0.108663 0.376663 -32.1474
0.20489 -0.0170774 -0.978636 48.2397 0.197658 0.97997 0.0242817 -3.20848 0.958619 -0.19841 0.204162 -33.0473
-0.136775 0.126622 -0.982476 48.6488 0.213336 0.972289 0.0956097 -3.15782 0.967357 -0.196521 -0.159997 -33.4333
-0.43053 0.181681 -0.884102 49.3234 0.263893 0.962067 0.0691946 -3.16088 0.863136 -0.203518 -0.462143 -33.8649
-0.520693 0.139715 -0.842234 50.3881 0.238353 0.971081 0.0137325 -3.19295 0.819797 -0.193599 -0.538936 -34.0278
-0.660339 0.0711161 -0.747593 51.4129 0.165994 0.984704 -0.0529485 -3.21911 0.732392 -0.15906 -0.662043 -33.6752
-0.466716 0.0884004 -0.879978 52.4633 0.171062 0.985226 0.00824652 -3.24809 0.867706 -0.146682 -0.474942 -33.0658
-0.162229 0.0714627 -0.984162 53.48 0.130566 0.990159 0.0503756 -3.25013 0.978077 -0.120326 -0.169963 -32.6587
-0.293725 0.0696712 -0.953347 54.6123 0.17263 0.984808 0.0187833 -3.28579 0.940173 -0.159059 -0.30129 -32.4953
-0.603191 -0.0366435 -0.796755 54.8599 0.0991111 0.987758 -0.120461 -3.31253 0.791415 -0.151628 -0.592175 -32.3956
-0.868738 -0.12139 -0.480165 54.8367 -0.00421461 0.971275 -0.237922 -3.30333 0.495254 -0.204669 -0.844295 -32.2257
-0.989857 -0.03616 -0.137392 54.6804 -0.0163528 0.989639 -0.142646 -3.27765 0.141126 -0.138952 -0.980192 -31.7839
-0.992714 -0.116623 0.0303124 54.5326 -0.118926 0.988758 -0.0906307 -3.33033 -0.019402 -0.0935753 -0.995423 -30.7522
-0.998793 -0.0419034 -0.0256239 54.4721 -0.0403553 0.997488 -0.0582099 -3.30278 0.0279988 -0.0571056 -0.997975 -29.5436
-0.923485 -0.0670299 0.377734 54.2201 -0.102694 0.991877 -0.0750548 -3.31061 -0.369635 -0.108103 -0.922867 -28.8536
-0.704595 -0.115557 0.700138 53.8483 -0.185589 0.982318 -0.0246403 -3.30849 -0.684911 -0.147299 -0.713583 -28.5279
-0.556132 0.0189235 0.830879 52.9596 -0.100413 0.990887 -0.0897771 -3.24196 -0.825006 -0.133359 -0.549164 -27.8501
-0.371835 0.0390002 0.927479 52.1335 -0.151818 0.98311 -0.102205 -3.20992 -0.9158 -0.178812 -0.359634 -27.3051
-0.420392 0.0331188 0.906738 51.3665 -0.120312 0.988475 -0.0918845 -3.2125 -0.899331 -0.147719 -0.411562 -26.4319
-0.355684 -0.0956145 0.929702 50.5587 -0.160969 0.986155 0.0398369 -3.25641 -0.92064 -0.135484 -0.366151 -25.5572
-0.0636675 0.0676844 0.995673 49.6394 -0.103943 0.991821 -0.0740691 -3.14156 -0.992543 -0.108209 -0.0561115 -25.0667
0.24254 -0.0442328 0.969133 48.6756 -0.0680596 0.995723 0.0624793 -3.18189 -0.967751 -0.0811125 0.238492 -25.0919
0.646649 -0.0793751 0.758646 48.2348 -0.00542179 0.994068 0.108628 -3.2136 -0.762768 -0.0743575 0.642383 -25.4436
0.907187 -0.142962 0.395693 47.9267 0.0989922 0.986625 0.129509 -3.24572 -0.408915 -0.0783183 0.909205 -25.9597
0.989436 -0.144969 -0.000325267 47.8837 0.144378 0.985194 0.0924552 -3.25459 -0.0130827 -0.0915255 0.995717 -26.4753
0.950948 -0.112577 -0.28814 48.0098 0.149225 0.982833 0.108494 -3.22519 0.270979 -0.14617 0.951422 -27.0671
0.972458 -0.0856663 -0.216764 48.5488 0.115999 0.984532 0.131308 -3.24089 0.202162 -0.152836 0.967353 -27.9671
0.988197 -0.127072 0.0855543 49.1144 0.105384 0.969252 0.222362 -3.27477 -0.11118 -0.210721 0.971203 -29.0371
0.975055 -0.18875 0.116796 49.6221 0.166551 0.969991 0.177139 -3.29947 -0.146726 -0.153267 0.977231 -30.0902
0.966594 -0.201293 -0.158671 50.0484 0.214484 0.974161 0.0707626 -3.32348 0.140327 -0.102431 0.984792 -30.6439
0.98787 -0.125738 -0.0911144 50.4051 0.139456 0.976477 0.164451 -3.3014 0.0682934 -0.175163 0.982168 -31.5805
0.998376 -0.0472226 0.0318597 50.6766 0.0374725 0.96567 0.257057 -3.25469 -0.0429048 -0.255445 0.965871 -32.5495
0.959209 0.166709 -0.22831 50.9972 -0.103877 0.958967 0.263802 -3.1559 0.262919 -0.229325 0.937168 -33.2124
0.979459 0.186763 -0.0760169 50.9608 -0.164638 0.958373 0.233273 -3.15254 0.116419 -0.215966 0.969435 -34.4409
0.966306 0.0743846 0.246414 50.6735 -0.100178 0.990535 0.0938346 -3.23242 -0.237102 -0.115358 0.964611 -35.4714
0.922501 0.223253 0.314882 50.6088 -0.22609 0.973704 -0.0279922 -3.20625 -0.312851 -0.0453686 0.948718 -36.6392
0.984678 0.110503 -0.134899 50.8986 -0.0944596 0.988265 0.120043 -3.2374 0.146581 -0.105462 0.983561 -37.3449
0.827945 0.145555 -0.541591 51.2049 -0.0311495 0.976176 0.214733 -3.23604 0.559944 -0.160917 0.812754 -37.7147
0.482007 0.128896 -0.866634 51.6859 0.137236 0.965804 0.219974 -3.25115 0.865353 -0.224962 0.447836 -38.1901
0.292572 -0.0351481 -0.955597 52.3799 0.268407 0.962169 0.0467876 -3.33421 0.917801 -0.270178 0.290938 -38.8841
0.418726 -0.0313558 -0.907571 53.0238 0.234512 0.969238 0.0747105 -3.36133 0.87731 -0.24412 0.413198 -39.755
0.419334 -0.111767 -0.900926 53.6528 0.214485 0.976495 -0.0213104 -3.40707 0.882131 -0.184299 0.43345 -40.5499
0.227824 0.0347352 -0.973083 54.3694 0.0720859 0.996019 0.0524311 -3.32739 0.97103 -0.0820905 0.224413 -41.0358
-0.242485 0.0304114 -0.969678 55.1356 0.0967071 0.995288 0.00703132 -3.38691 0.965323 -0.0920698 -0.244283 -40.8865
-0.625983 -0.00836365 -0.779792 55.4184 0.105659 0.989812 -0.0954345 -3.40189 0.772646 -0.142132 -0.618722 -40.6313
-0.882498 0.0365403 -0.468894 55.7837 0.128913 0.977588 -0.166443 -3.41742 0.452304 -0.207333 -0.86743 -40.087
-0.848314 -0.0222448 -0.529026 56.6117 0.0965117 0.975884 -0.195795 -3.41964 0.520623 -0.217153 -0.825709 -39.1787
-0.733603 -0.0469755 -0.677952 57.5143 0.0885934 0.982484 -0.163942 -3.46565 0.673778 -0.180331 -0.716592 -38.5243
-0.896598 0.0184684 -0.442459 58.5052 0.0884304 0.986474 -0.138019 -3.4582 0.433925 -0.162875 -0.886104 -37.7352
-0.925148 0.0823961 -0.370556 59.4444 0.186971 0.948448 -0.255907 -3.45051 0.330367 -0.306035 -0.892861 -37.0309
-0.745245 -0.0359659 -0.66582 60.1753 0.129927 0.971572 -0.197908 -3.46595 0.65401 -0.233998 -0.719386 -36.6911
-0.493619 -0.0702026 -0.86684 60.4325 0.188764 0.964326 -0.185589 -3.4987 0.848945 -0.255239 -0.462758 -36.6339
-0.188429 -0.0889576 -0.97805 60.716 0.22281 0.966048 -0.130792 -3.49844 0.956478 -0.242564 -0.162211 -37.0081
0.128469 -0.0653051 -0.989561 61.191 0.182606 0.982326 -0.0411209 -3.53436 0.974757 -0.175417 0.138123 -37.3195
0.22838 -0.0632443 -0.971516 62.0419 0.216561 0.976187 -0.0126402 -3.55103 0.949181 -0.207505 0.236638 -37.8999
0.364545 -0.030118 -0.930699 62.9551 0.143997 0.989278 0.0243883 -3.58426 0.919985 -0.142908 0.364973 -38.3552
0.0537243 -0.028042 -0.998162 63.7296 0.188975 0.981828 -0.0174118 -3.62913 0.980511 -0.187692 0.0580472 -38.5485
0.517846 -0.135463 -0.84468 64.2272 0.233751 0.972215 -0.0126102 -3.66204 0.822919 -0.190915 0.535123 -38.9302
0.813918 -0.0648217 -0.577352 64.2493 0.192322 0.96779 0.162467 -3.63499 0.548224 -0.243272 0.800168 -38.9315
0.966739 -0.0305729 -0.253932 64.1024 0.0932126 0.966663 0.238483 -3.57407 0.238176 -0.254221 0.93736 -38.9256
0.991419 -0.0435317 0.123264 64.0446 0.0134523 0.971894 0.235035 -3.56797 -0.130031 -0.23136 0.964139 -38.9581
0.867668 -0.00509356 0.497118 64.0473 -0.0851321 0.983655 0.158668 -3.58233 -0.489801 -0.179992 0.853052 -39.1269
0.640434 -0.0350878 0.767212 63.9189 -0.204166 0.955233 0.214116 -3.57272 -0.740379 -0.293766 0.6046 -39.386
0.363223 -0.208957 0.907968 63.8993 -0.194413 0.936076 0.293199 -3.66541 -0.911193 -0.283018 0.29938 -39.4071
-0.066963 -0.0528599 0.996354 63.9878 -0.189925 0.981012 0.0392815 -3.61825 -0.979512 -0.186602 -0.075731 -39.2725
-0.320687 0.077351 0.944022 63.9197 -0.0619384 0.992814 -0.10239 -3.57055 -0.945158 -0.0913062 -0.313591 -39.0564
-0.171283 0.151489 0.973506 63.015 -0.135808 0.975045 -0.175623 -3.49859 -0.975817 -0.162291 -0.146436 -38.5956
0.228824 0.127604 0.965068 61.9687 -0.179462 0.979909 -0.0870148 -3.46339 -0.956782 -0.153282 0.247127 -38.4351
0.456452 0.0504274 0.888318 60.874 -0.126999 0.991863 0.0089515 -3.46097 -0.880638 -0.116901 0.459142 -38.3453
0.32755 0.0165921 0.944688 59.8656 -0.0889563 0.995946 0.0133513 -3.47942 -0.940637 -0.0884092 0.327698 -38.1745
0.604365 -0.0640067 0.794132 58.9763 -0.0130711 0.995837 0.0902116 -3.49435 -0.7966 -0.0649009 0.601012 -38.1891
0.835606 -0.0187478 0.549009 57.9781 -0.0245661 0.997142 0.071441 -3.43296 -0.54878 -0.0731835 0.832757 -38.6561
0.880502 -0.0444184 0.471957 57.0181 -0.0164941 0.992127 0.124146 -3.42235 -0.473756 -0.117096 0.872837 -39.5137
0.797942 -0.0177476 0.602473 56.2151 -0.0589631 0.992474 0.107329 -3.41038 -0.599844 -0.121166 0.79089 -40.2509
0.481995 -0.0727325 0.87315 55.3193 -0.167742 0.970455 0.173434 -3.36615 -0.859967 -0.230058 0.455554 -40.8122
0.158436 -0.074325 0.984568 54.7976 -0.231156 0.966659 0.11017 -3.35016 -0.95993 -0.245044 0.135973 -40.9506
-0.30126 -0.110682 0.947096 53.7799 -0.293349 0.955828 0.0183919 -3.3482 -0.907297 -0.272289 -0.320422 -40.8328
-0.578774 -0.091322 0.810359 53.0837 -0.215642 0.975477 -0.0440857 -3.32339 -0.78646 -0.200263 -0.584273 -40.387
-0.632639 0.0282561 0.773931 52.2775 -0.0783627 0.99187 -0.10027 -3.25088 -0.770472 -0.124082 -0.625281 -39.6807
-0.664258 0.0973193 0.741142 51.5876 -0.0248819 0.988061 -0.152043 -3.2046 -0.74709 -0.119437 -0.653905 -38.8516
-0.628943 0.0668987 0.774568 50.9683 -0.0617924 0.988838 -0.13558 -3.19138 -0.774992 -0.133134 -0.617789 -37.976
-0.599578 0.0330221 0.799635 50.3874 -0.0717799 0.992903 -0.0948249 -3.15576 -0.797091 -0.114253 -0.592952 -37.093
-0.602531 0.00656831 0.798069 49.7167 -0.0894008 0.993117 -0.0756699 -3.17482 -0.793073 -0.116941 -0.597796 -36.1982
-0.582043 0.00920592 0.813106 49.0407 -0.066835 0.996011 -0.0591191 -3.13419 -0.810407 -0.0887538 -0.579106 -35.3677
-0.570753 0.0691709 0.818203 48.1804 -0.0783781 0.987306 -0.138141 -3.07226 -0.817373 -0.142974 -0.558086 -34.3884
-0.572708 0.0151211 0.81962 47.3429 -0.160823 0.978328 -0.130424 -3.06816 -0.80383 -0.206508 -0.557864 -33.3954
-0.56306 -0.0363504 0.825616 46.7318 -0.188558 0.978331 -0.0855199 -3.09534 -0.804617 -0.203829 -0.557714 -32.5696
-0.557495 -0.0230036 0.829861 46.1059 -0.127054 0.990204 -0.0579056 -3.05062 -0.8204 -0.137719 -0.554957 -31.7729
-0.58942 0.106014 0.800841 45.4479 0.186539 0.982421 0.00724222 -3.02242 -0.785995 0.153657 -0.598834 -31.0053
-0.530182 0.206785 0.822282 44.9506 0.396933 0.917502 0.0251996 -2.98509 -0.749234 0.339751 -0.568522 -30.4109
-0.493127 0.213047 0.843467 44.2527 0.122682 0.976891 -0.175023 -2.90053 -0.861264 0.0171697 -0.507868 -29.6676
-0.213117 0.114945 0.970242 43.488 -0.0823793 0.987405 -0.135073 -2.91552 -0.973547 -0.108714 -0.200964 -29.0277
0.154224 -0.00383617 0.988028 42.8312 -0.0564121 0.998327 0.0126817 -2.97402 -0.986424 -0.0576926 0.15375 -28.4462
0.509377 -0.0234548 0.860224 42.4218 -0.0544861 0.996744 0.0594407 -2.98247 -0.858817 -0.077148 0.50644 -28.0079
0.851707 -0.0350254 0.522846 42.2183 -0.00777617 0.996809 0.0794434 -2.96172 -0.52396 -0.0717283 0.848717 -27.7436
0.984828 -0.0958389 0.144665 42.0803 0.0864599 0.993807 0.0697975 -2.96325 -0.150458 -0.0562309 0.987016 -27.4648
0.966178 -0.0259198 -0.256572 41.6719 0.0590229 0.990752 0.122174 -2.90332 0.251032 -0.133186 0.958772 -26.9296
0.853656 0.180819 -0.488442 41.4153 -0.0610137 0.966063 0.250997 -2.84469 0.517251 -0.184464 0.835718 -26.6803
0.829273 0.21699 -0.514996 41.006 -0.113026 0.967619 0.225698 -2.78614 0.547294 -0.128957 0.826946 -26.2545
0.696593 0.0358956 -0.716568 40.8619 0.0301793 0.996398 0.0792514 -2.83214 0.716831 -0.0768315 0.693001 -25.7614
0.477922 0.0194142 -0.878188 40.4717 0.0633237 0.996393 0.056489 -2.81339 0.876117 -0.0826075 0.474968 -25.3608
0.680126 -0.123968 -0.722537 39.9066 0.128838 0.990471 -0.048663 -2.88697 0.721685 -0.059993 0.689617 -24.8465
0.873188 -0.06781 -0.482644 39.4158 0.0914764 0.995477 0.0256354 -2.86422 0.478723 -0.0665351 0.875441 -24.3516
0.977226 0.0942724 -0.190109 38.9682 -0.0690981 0.988438 0.134965 -2.82477 0.200634 -0.118755 0.972442 -23.8891
0.942119 0.252091 -0.221047 38.367 -0.194248 0.947771 0.25298 -2.82597 0.273276 -0.195399 0.941881 -23.042
0.95427 0.153158 -0.25673 37.5814 -0.107504 0.977152 0.183348 -2.83413 0.278946 -0.147364 0.948933 -22.2537
0.962876 0.127248 -0.23807 36.8309 -0.1021 0.988083 0.115183 -2.83591 0.24989 -0.0865996 0.964394 -21.4426
0.995156 0.0930618 -0.0316826 36.0882 -0.0885192 0.988452 0.122992 -2.8401 0.0427626 -0.119592 0.991902 -20.6937
0.990773 0.0354213 0.130819 35.6992 -0.023841 0.995742 -0.0890501 -2.84842 -0.133416 0.0851096 0.987399 -20.4005
0.943301 -0.0739078 0.323607 35.4787 0.0604575 0.996845 0.0514359 -2.87675 -0.326387 -0.0289551 0.944793 -20.533
0.849287 -0.122548 0.513511 35.3244 0.0779274 0.99113 0.107648 -2.87522 -0.522149 -0.0514074 0.851304 -20.3452
0.975164 -0.12073 0.185688 35.3412 0.111651 0.992016 0.0586401 -2.86714 -0.191285 -0.0364514 0.980857 -20.1605
0.998001 0.00272535 -0.0631338 35.3155 0.00746778 0.986982 0.160654 -2.82856 0.0627498 -0.160805 0.984989 -19.9812
0.926776 0.147025 -0.345644 35.0337 -0.0823908 0.977371 0.194825 -2.80531 0.366467 -0.152081 0.917918 -19.7815
0.685609 0.108945 -0.719772 34.695 -0.00741372 0.989732 0.142744 -2.74346 0.727933 -0.0925304 0.679376 -19.0652
0.294532 0.103592 -0.95001 34.5069 0.0346527 0.992296 0.118946 -2.72897 0.955013 -0.067954 0.288673 -18.6428
0.226966 0.00356469 -0.973896 34.4511 0.0372328 0.99923 0.0123345 -2.78206 0.973191 -0.0390604 0.226658 -17.783
-0.229365 0.0151225 -0.973223 34.37 0.0999175 0.994963 -0.00808775 -2.79432 0.968199 -0.099097 -0.22972 -17.1826
-0.566378 0.00918814 -0.824094 34.0886 0.0827784 0.995515 -0.0457921 -2.80118 0.819978 -0.0941529 -0.564599 -16.6443
-0.870069 0.0372607 -0.49152 33.6059 0.054745 0.998275 -0.0212309 -2.79393 0.489881 -0.0453806 -0.870608 -16.2016
-0.989354 0.0889814 -0.115159 33.058 0.102896 0.987287 -0.121145 -2.78523 0.102915 -0.131704 -0.985932 -15.8879
-0.979936 0.0579226 0.190711 32.2303 0.0129808 0.973357 -0.228928 -2.73122 -0.19889 -0.221859 -0.954579 -15.2473
-0.939927 -0.0315887 0.33991 31.5477 -0.12631 0.957226 -0.260317 -2.73924 -0.317147 -0.287613 -0.903712 -14.4404
-0.966746 0.111942 0.229937 31.0202 0.060894 0.974011 -0.218163 -2.69755 -0.248382 -0.196906 -0.948438 -13.5122
-0.951926 0.0145259 0.305984 30.4244 -0.0386219 0.985213 -0.166925 -2.7528 -0.303884 -0.170718 -0.937289 -12.572
-0.811995 -0.101653 0.574744 29.9148 -0.183268 0.979319 -0.0857126 -2.73952 -0.554145 -0.174931 -0.813832 -11.9708
-0.936483 -0.0458953 0.347698 29.5952 -0.116861 0.97558 -0.185976 -2.74724 -0.330672 -0.214795 -0.918977 -11.5261
-0.998748 -0.0471007 -0.0168626 29.46 -0.0437332 0.985669 -0.162922 -2.75004 0.0242948 -0.161981 -0.986495 -11.1312
-0.859132 -0.0488702 -0.509416 29.3287 0.0104031 0.993556 -0.112861 -2.75639 0.511649 -0.102262 -0.853087 -10.6658
-0.597376 0.0361602 -0.801145 29.3814 0.0860774 0.996103 -0.019224 -2.72664 0.797328 -0.0804445 -0.598161 -10.4546
-0.15495 -0.0042505 -0.987913 29.455 0.0637106 0.997866 -0.014286 -2.74439 0.985866 -0.0651541 -0.154348 -10.304
0.225932 0.00392597 -0.974135 29.5331 0.0305687 0.999471 0.0111179 -2.74592 0.973663 -0.03229 0.225693 -10.2556
0.621855 0.133718 -0.771632 29.8786 -0.068514 0.990826 0.116488 -2.738 0.78013 -0.0195712 0.625312 -10.2985
0.876372 0.109809 -0.468951 30.3041 -0.0475514 0.988633 0.142633 -2.73528 0.479282 -0.1027 0.871631 -10.5102
0.956065 0.173032 -0.236643 31.1123 -0.13472 0.976269 0.169558 -2.77038 0.260366 -0.130227 0.956687 -11.1606
0.959033 0.112522 -0.25999 31.3685 -0.0886915 0.990856 0.101679 -2.78902 0.269054 -0.0744546 0.960243 -11.3475
0.987633 0.13021 -0.0873347 31.3498 -0.0826578 0.905752 0.415669 -2.82478 0.133228 -0.40331 0.905313 -11.2278
0.991823 -0.0352674 0.122652 31.3113 -0.0146311 0.9233 0.383801 -2.8722 -0.12678 -0.382457 0.915234 -11.2045
0.982709 -0.181174 0.0381874 31.2953 0.160818 0.937403 0.30889 -2.92993 -0.0917599 -0.297408 0.950331 -11.2193
0.923982 -0.161518 0.346655 -16.8871 0.0848408 0.970422 0.226014 1.39134 -0.372907 -0.179423 0.910356 27.4856
0.737239 -0.227114 0.636316 -17.0629 0.0998513 0.968092 0.229843 1.38154 -0.668213 -0.105912 0.736392 27.5958
0.536949 -0.118791 0.835209 -17.6393 0.0497486 0.992772 0.109218 1.39664 -0.842146 -0.0170941 0.538978 27.3881
0.401635 0.121612 0.907689 -18.4095 -0.107442 0.990556 -0.0851739 1.47354 -0.909475 -0.0633147 0.410908 26.8151
0.445738 0.0615187 0.893047 -19.0965 -0.148609 0.988877 0.0060537 1.46446 -0.882742 -0.135413 0.449922 26.1399
0.438776 -0.0344026 0.897938 -19.9591 -0.200933 0.970208 0.135357 1.42595 -0.875843 -0.239817 0.418792 25.314
0.665197 -0.00352415 0.74666 -20.8708 -0.125352 0.985269 0.116326 1.45539 -0.736071 -0.170975 0.654956 24.5326
0.947967 -0.0285579 0.317084 -21.4116 -0.0230053 0.987221 0.15769 1.49608 -0.317536 -0.15678 0.935196 23.8284
0.998844 0.0216253 -0.0429403 -21.4827 -0.0160217 0.991799 0.126798 1.47298 0.0453302 -0.125964 0.990999 23.4117
0.915572 0.00681011 -0.402095 -21.4825 0.0677754 0.982942 0.170972 1.45287 0.396401 -0.18379 0.899493 22.9716
0.778194 0.00499097 -0.628004 -21.0513 0.110557 0.983263 0.144812 1.44089 0.618216 -0.182122 0.764618 21.9445
0.828423 0.116856 -0.547777 -20.4894 -0.015441 0.982387 0.186219 1.49425 0.55989 -0.14581 0.815637 21.1323
0.824168 0.125424 -0.552282 -19.9365 -0.0208151 0.981218 0.191774 1.49695 0.565962 -0.146558 0.8113 20.3606
0.810927 0.127246 -0.571144 -19.276 0.00421025 0.974775 0.223149 1.51588 0.585132 -0.183362 0.789936 19.5861
0.861205 0.132776 -0.490608 -18.6017 -0.0358759 0.978747 0.201907 1.48345 0.50699 -0.156283 0.847666 18.7121
0.862537 0.0224626 -0.505496 -17.9223 0.0719861 0.983405 0.16653 1.4744 0.500848 -0.180027 0.846606 17.8414
0.820821 0.105741 -0.561312 -17.2451 0.00394876 0.981641 0.190698 1.48191 0.571171 -0.158746 0.805334 17.0057
0.809674 0.234783 -0.537872 -16.6413 -0.0869215 0.954359 0.285735 1.54149 0.580408 -0.1846 0.793127 16.2152
0.808972 0.322058 -0.491776 -16.0879 -0.150136 0.92202 0.356845 1.56087 0.568352 -0.214845 0.794241 15.4496
0.821057 0.322807 -0.47081 -15.3485 -0.171665 0.926204 0.335673 1.55487 0.544423 -0.194785 0.815881 14.585
0.81704 0.232577 -0.527593 -14.7217 -0.106758 0.960236 0.257971 1.51427 0.566612 -0.154448 0.809381 13.7835
0.817737 0.245625 -0.520552 -14.1039 -0.134759 0.96094 0.241731 1.5048 0.559595 -0.127523 0.818897 13.0096
0.803286 0.190714 -0.564234 -13.4908 -0.0617815 0.968918 0.239543 1.4616 0.592381 -0.157562 0.7901 12.3026
0.800437 0.134804 -0.584063 -12.8782 0.0148499 0.969625 0.244145 1.44755 0.599234 -0.204096 0.774121 11.5612
0.723392 0.0926657 -0.684191 -12.2403 0.0772063 0.973881 0.213531 1.41468 0.686108 -0.20729 0.697343 10.7521
0.673366 0.00999967 -0.739241 -11.6287 0.155582 0.9756 0.154915 1.39182 0.722753 -0.219328 0.65538 10.0034
0.648984 0.0869004 -0.755823 -10.8386 0.0915155 0.977325 0.190947 1.40457 0.755278 -0.193091 0.626315 9.18342
0.819925 0.1427 -0.554401 -10.0749 -0.0224983 0.975718 0.217872 1.40938 0.572029 -0.166165 0.803226 8.34272
0.816882 0.127188 -0.562608 -9.34735 0.00368417 0.974215 0.22559 1.39124 0.576793 -0.186353 0.79535 7.57157
0.821093 0.196432 -0.53593 -8.64469 -0.0486654 0.959592 0.277155 1.39374 0.568717 -0.201488 0.797473 6.77168
0.951433 0.200191 -0.233879 -8.28769 -0.148781 0.964093 0.219975 1.41889 0.269518 -0.174494 0.947054 6.11223
0.975585 0.188398 0.112872 -8.32547 -0.209563 0.952314 0.221771 1.43163 -0.0657084 -0.24001 0.968544 5.83323
0.918236 0.336432 0.208939 -8.3652 -0.363417 0.925467 0.106951 1.50955 -0.157385 -0.174138 0.972063 5.78194
0.863822 0.365801 0.346412 -8.42276 -0.39747 0.917341 0.0224544 1.53357 -0.309564 -0.157085 0.937814 5.78138
0.814849 0.358048 0.455875 -8.38898 -0.399446 0.916737 -0.00602768 1.51272 -0.420076 -0.177186 0.890023 5.63773
0.874539 0.293194 0.386289 -8.43439 -0.33325 0.942012 0.039475 1.51623 -0.352314 -0.163253 0.921533 5.71245
0.733305 0.21701 0.644338 -8.38239 -0.271232 0.96239 -0.0154468 1.49073 -0.623456 -0.163438 0.764585 5.8964
0.53298 0.0794084 0.842393 -8.37101 -0.160709 0.986964 0.00864387 1.44557 -0.830725 -0.139987 0.538794 6.17562
0.346435 -0.0104768 0.938015 -8.61033 -0.102332 0.993548 0.0488911 1.40989 -0.932476 -0.112927 0.343128 6.3381
0.611873 -0.130512 0.780115 -9.13244 -0.0792154 0.971222 0.224615 1.36819 -0.78698 -0.199233 0.583926 6.23471
0.54123 -0.0500195 0.839386 -9.82225 -0.205825 0.959982 0.18992 1.41603 -0.815295 -0.275557 0.509276 5.74873
0.625491 -0.0207654 0.779955 -10.5331 -0.226932 0.951587 0.207325 1.4206 -0.7465 -0.306677 0.590497 5.25164
0.492577 -0.0976712 0.864771 -11.432 -0.199099 0.954681 0.221233 1.39474 -0.847188 -0.281149 0.450807 5.30536
0.137004 -0.130359 0.981955 -11.6007 -0.273413 0.947818 0.163974 1.40751 -0.95209 -0.290944 0.0942132 5.3803
-0.24983 -0.132228 0.959219 -11.6231 -0.307112 0.950305 0.0510116 1.402 -0.918296 -0.281844 -0.278024 5.3887
-0.539696 -0.12374 0.832717 -11.4052 -0.275751 0.960555 -0.0359812 1.40834 -0.795418 -0.249041 -0.552529 5.32822
-0.814543 -0.167413 0.555421 -11.3233 -0.246659 0.966542 -0.0704024 1.3947 -0.525051 -0.194345 -0.828584 5.35615
-0.971959 -0.104914 0.210449 -11.0779 -0.144197 0.972858 -0.18098 1.42448 -0.18575 -0.206251 -0.960707 5.31415
-0.979666 -0.0420527 -0.196179 -10.9002 0.00562988 0.971641 -0.236395 1.43761 0.200556 -0.232692 -0.951647 5.26618
-0.844628 -0.0695502 -0.530817 -10.7646 0.071825 0.967839 -0.241098 1.44247 0.530514 -0.241764 -0.812468 5.17772
-0.607947 -0.0455841 -0.792668 -10.7823 0.133055 0.978383 -0.158312 1.43746 0.782749 -0.201714 -0.58874 5.11198
-0.29489 0.031346 -0.955017 -10.8287 0.204139 0.978454 -0.0309188 1.44646 0.93347 -0.204074 -0.294935 5.00672
0.0625062 0.175429 -0.982506 -10.8732 0.175401 0.967178 0.183851 1.50295 0.982511 -0.183824 0.0296843 4.89366
0.224987 0.36916 -0.901722 -10.9597 0.046836 0.920281 0.388444 1.53603 0.973236 -0.129628 0.189761 4.81433
0.11414 0.372408 -0.921023 -10.8722 0.0472293 0.924 0.379465 1.5256 0.992341 -0.0868113 0.0878764 4.91142
-0.150181 0.195897 -0.969056 -10.4237 0.0980837 0.97829 0.182563 1.50722 0.983781 -0.0676311 -0.166135 5.19425
