0.999995 0.00245181 -0.00193528 -0.000123285 -0.0024635 0.999979 -0.00605938 -8.08458e-05 0.00192038 0.00606412 0.99998 6.32786e-05
0.971536 0.133427 -0.195742 0.21101 -0.107352 0.984556 0.138296 0.0476689 0.211171 -0.113347 0.970855 0.0932193
0.842775 0.150391 -0.516829 0.478723 -0.0374075 0.974218 0.222486 0.0433455 0.536964 -0.168173 0.826673 0.119543
0.577348 0.173507 -0.79785 1.01718 0.0290271 0.972181 0.232424 0.0710779 0.815982 -0.157348 0.55625 -0.117215
0.520627 0.254713 -0.814904 1.97557 -0.0381844 0.960453 0.275811 0.0887964 0.85293 -0.112478 0.509764 -0.737326
0.451416 0.238912 -0.859735 2.88228 0.0281706 0.959194 0.281342 0.0434785 0.891869 -0.151222 0.426266 -1.30048
0.39915 0.153811 -0.903892 3.81717 0.102492 0.972166 0.210688 0.069 0.911139 -0.176738 0.372276 -1.78892
0.410855 0.163794 -0.896867 4.76305 0.119471 0.965574 0.231072 0.00969027 0.903839 -0.202086 0.377142 -2.36651
0.448697 0.126208 -0.884727 5.68112 0.130082 0.970211 0.204374 -0.00249048 0.884166 -0.206789 0.418914 -3.01239
0.466758 0.21579 -0.857655 6.54694 0.076844 0.956212 0.282408 -0.0754046 0.88104 -0.197722 0.429737 -3.6102
0.43511 0.123004 -0.891936 7.51819 0.133336 0.970899 0.198939 -0.141709 0.89045 -0.205487 0.406047 -4.14132
0.362317 0.0623502 -0.929967 8.48133 0.186727 0.972676 0.137963 -0.21274 0.913159 -0.223637 0.340775 -4.73747
0.21617 0.0593913 -0.974548 9.38661 0.239186 0.964512 0.111835 -0.277402 0.946605 -0.257274 0.194293 -5.33744
0.169297 0.0521327 -0.984185 10.2651 0.2187 0.971716 0.0890925 -0.283291 0.960994 -0.230325 0.153107 -5.8841
0.193114 0.0881429 -0.977209 11.1912 0.177183 0.97645 0.123089 -0.368359 0.965046 -0.196915 0.172949 -6.39934
0.329454 0.11276 -0.937414 12.1613 0.126187 0.978678 0.162071 -0.355941 0.935701 -0.171684 0.308201 -6.91721
0.28624 0.0642294 -0.956003 13.0552 0.172542 0.977985 0.117367 -0.412487 0.942495 -0.198546 0.268856 -7.37096
0.214526 0.0343083 -0.976115 13.9774 0.188255 0.979191 0.0757903 -0.408652 0.958404 -0.200018 0.203604 -7.7691
-0.051028 0.0661808 -0.996502 15.0569 0.225231 0.972858 0.0530771 -0.440501 0.972968 -0.221735 -0.064549 -7.97455
0.138075 0.066756 -0.98817 16.037 0.224436 0.969662 0.0968657 -0.564771 0.964657 -0.235156 0.118903 -8.31647
0.289738 -0.00816141 -0.957071 17.0176 0.184077 0.98177 0.0473545 -0.67168 0.939238 -0.189895 0.285959 -8.73598
0.433971 0.0154824 -0.900794 17.9063 0.139035 0.986723 0.0839416 -0.798738 0.890134 -0.16167 0.426057 -9.25513
0.621656 0.0431352 -0.782101 18.8142 0.099663 0.986011 0.133599 -0.839547 0.776924 -0.160999 0.608661 -9.8381
0.773172 0.209117 -0.598729 19.8755 -0.0470476 0.960385 0.274676 -0.836932 0.632449 -0.184203 0.752381 -10.3922
0.596743 0.216966 -0.772544 20.8298 0.00619629 0.961478 0.274813 -0.943995 0.802409 -0.16878 0.57241 -10.7937
0.27303 0.180533 -0.944914 21.415 0.0913477 0.97293 0.21228 -1.01467 0.957659 -0.144275 0.249148 -10.8171
-0.223722 0.141679 -0.964301 22.0535 0.278086 0.957532 0.0761679 -1.05515 0.93414 -0.251118 -0.25362 -10.7425
-0.565599 0.0632202 -0.822254 22.6951 0.188482 0.980577 -0.0542573 -1.11074 0.802852 -0.185668 -0.566529 -10.4689
-0.781495 0.0556188 -0.621428 23.644 0.168551 0.977805 -0.124451 -1.1058 0.600713 -0.202 -0.773524 -9.79042
-0.759477 0.172861 -0.627147 24.4103 0.249335 0.967777 -0.0351967 -1.0476 0.600855 -0.183101 -0.778105 -9.08814
-0.697266 0.208271 -0.685888 25.1743 0.30884 0.950778 -0.0252588 -1.00962 0.646867 -0.229442 -0.727268 -8.31108
-0.768379 0.182934 -0.613294 25.9446 0.285547 0.955602 -0.0727156 -0.996191 0.572763 -0.230998 -0.7865 -7.29615
-0.766667 0.117555 -0.631192 26.5715 0.215072 0.973319 -0.0799598 -0.997712 0.604951 -0.197054 -0.771494 -6.40571
-0.922362 0.0513297 -0.382902 27.0822 0.123006 0.978572 -0.165124 -1.01052 0.366221 -0.199403 -0.908912 -5.48095
-0.967309 0.0754145 -0.24213 27.5606 0.130931 0.966184 -0.222139 -0.934317 0.217189 -0.24658 -0.944472 -4.60714
-0.973143 0.0189238 -0.22942 28.099 0.0726609 0.970917 -0.228123 -0.862478 0.218431 -0.238667 -0.946217 -3.6723
-0.956348 0.0718284 -0.283265 28.5449 0.131852 0.971108 -0.198906 -0.816937 0.260794 -0.227572 -0.938189 -2.73157
-0.977159 0.0732856 -0.199471 29.0073 0.114859 0.971872 -0.205603 -0.734669 0.178793 -0.223818 -0.958091 -1.80324
-0.979037 0.0865566 -0.184378 29.5605 0.120937 0.975408 -0.184264 -0.72822 0.163894 -0.202699 -0.965428 -0.941668
-0.964644 0.0242483 -0.262437 30.0954 0.0885888 0.967653 -0.23622 -0.655104 0.24822 -0.251117 -0.935589 -0.0503705
-0.899647 0.137722 -0.414329 30.7975 0.238394 0.949956 -0.20187 -0.640621 0.365792 -0.280385 -0.887457 0.997311
-0.750343 0.156116 -0.642349 31.583 0.259684 0.963208 -0.0692459 -0.685847 0.607905 -0.218766 -0.763277 1.76189
-0.912811 0.0652735 -0.403131 32.2769 0.131153 0.981708 -0.138015 -0.737958 0.386748 -0.178853 -0.904675 2.49318
-0.996421 -0.00186914 -0.0845139 32.7182 0.0201001 0.965844 -0.258342 -0.745349 0.0821102 -0.259116 -0.96235 3.05077
-0.974036 0.0973634 0.20439 33.4437 0.0446054 0.967637 -0.248374 -0.686085 -0.221958 -0.232808 -0.946855 3.92212
-0.821469 0.248718 0.513155 33.9489 0.0437114 0.924689 -0.378207 -0.619924 -0.568575 -0.288254 -0.770475 4.48355
-0.811832 0.320355 0.488162 34.6655 0.0974443 0.898659 -0.427688 -0.589836 -0.575703 -0.299642 -0.760777 5.44484
-0.556436 0.185234 0.80998 35.259 -0.147915 0.937179 -0.315937 -0.626627 -0.817619 -0.295607 -0.494081 6.12775
-0.121861 0.217808 0.968354 35.6854 -0.165512 0.957506 -0.236197 -0.625166 -0.97865 -0.189057 -0.0806324 6.04833
0.25937 0.172338 0.950277 35.9773 -0.251233 0.962115 -0.105913 -0.629847 -0.932528 -0.21127 0.292841 5.98321
0.59626 0.187362 0.780621 36.3398 -0.353003 0.934523 0.0453322 -0.616998 -0.721015 -0.302591 0.623358 6.00685
0.936964 0.130975 0.323951 36.8514 -0.204651 0.957142 0.204934 -0.694442 -0.283225 -0.258313 0.923611 5.79203
0.984712 0.0896569 -0.149348 37.1327 -0.0388084 0.948739 0.313669 -0.711512 0.169815 -0.303078 0.937714 5.42009
0.957219 0.0963251 -0.272861 37.4469 0.00368368 0.938834 0.344349 -0.792195 0.289341 -0.330623 0.898315 4.31122
0.988791 0.0892575 0.11969 37.4159 -0.120177 0.951487 0.283248 -0.876658 -0.0886018 -0.294457 0.951549 3.31656
0.904177 0.0890504 0.417773 36.9974 -0.200214 0.952292 0.230333 -1.00634 -0.377331 -0.291906 0.87887 2.32149
0.81831 0.191337 0.541995 36.1365 -0.342323 0.919723 0.192159 -1.0437 -0.461718 -0.342783 0.818118 1.35521
0.887213 0.192222 0.419409 35.2591 -0.313698 0.917931 0.24289 -1.08804 -0.3383 -0.347063 0.8747 0.561824
0.925467 0.097257 0.36613 34.5008 -0.219569 0.925298 0.309214 -1.19617 -0.308706 -0.366559 0.877688 -0.286236
0.834162 0.00652809 0.551481 33.8195 -0.172412 0.952901 0.249507 -1.29044 -0.523878 -0.303211 0.795999 -1.22387
0.674861 0.00133617 0.737944 33.083 -0.154588 0.978066 0.139602 -1.40018 -0.721572 -0.208289 0.660265 -2.14235
0.435401 0.0739319 0.897196 32.568 -0.0179689 0.997137 -0.0734473 -1.43749 -0.900057 0.0158574 0.435483 -2.6013
0.391767 0.131392 0.910634 32.118 -0.156581 0.984834 -0.0747345 -1.26198 -0.906643 -0.11331 0.406398 -2.88003
0.614892 0.0572554 0.78653 31.6976 -0.173393 0.98277 0.0640142 -1.0443 -0.769313 -0.175741 0.614225 -3.44221
0.818462 -0.0456751 0.572742 31.2477 -0.104185 0.968512 0.226119 -0.822903 -0.565036 -0.244741 0.787932 -3.91015
0.970097 0.0746307 0.23096 31.1273 -0.127078 0.966884 0.22133 -0.703868 -0.206794 -0.244062 0.947455 -4.12339
0.985661 0.097971 -0.137385 30.7614 -0.0628752 0.968793 0.239764 -0.632729 0.156588 -0.227687 0.961061 -4.42501
0.859017 0.123055 -0.496938 30.4366 0.0112581 0.965907 0.258644 -0.665639 0.511824 -0.227774 0.828345 -4.76007
0.598409 0.0708419 -0.798052 30.0977 0.121182 0.976621 0.17756 -0.700105 0.791973 -0.202963 0.575834 -5.12457
0.186739 0.11802 -0.975295 29.8663 0.184061 0.970975 0.152739 -0.750053 0.965013 -0.208036 0.159596 -5.49361
-0.216611 0.0736274 -0.973478 29.6747 0.212423 0.976815 0.0266131 -0.799198 0.952867 -0.201024 -0.227229 -5.79479
-0.617657 0.0342855 -0.7857 29.6556 0.231884 0.962574 -0.140286 -0.908881 0.751485 -0.26884 -0.602491 -5.97966
-0.580585 -0.0953364 -0.808599 29.6035 0.162276 0.959647 -0.229662 -0.991918 0.797865 -0.264554 -0.541686 -6.06859
-0.27412 0.137776 -0.951775 29.5651 0.31111 0.949171 0.0477962 -0.856038 0.909983 -0.283005 -0.30305 -6.17031
-0.0335403 0.165228 -0.985685 29.5184 0.195856 0.968204 0.155634 -0.818341 0.980059 -0.187832 -0.0648348 -6.06665
-0.0746124 0.238227 -0.968339 29.7395 0.324663 0.923944 0.20229 -0.807826 0.942882 -0.29929 -0.146281 -5.8948
-0.18593 0.256152 -0.948587 29.7448 0.3427 0.921702 0.18172 -0.78588 0.920862 -0.291294 -0.259155 -5.69591
-0.315779 0.322038 -0.892511 29.7709 0.366037 0.909174 0.198543 -0.767345 0.875386 -0.263996 -0.404976 -5.68972
-0.402818 0.3109 -0.860859 29.786 0.342322 0.923458 0.173326 -0.771804 0.848854 -0.224872 -0.478413 -5.6622
-0.442374 0.30525 -0.843284 29.7784 0.336694 0.92804 0.159305 -0.770437 0.83123 -0.213456 -0.513316 -5.65609
-0.495916 0.319438 -0.807482 29.7746 0.33804 0.927547 0.159328 -0.76114 0.799873 -0.193948 -0.567968 -5.64614
-0.36826 0.286872 -0.884358 29.6794 0.260407 0.944959 0.198092 -0.776039 0.892509 -0.157344 -0.422694 -5.70855
-0.483393 0.269979 -0.832732 29.4486 0.260383 0.952544 0.157673 -0.818826 0.835782 -0.140612 -0.530752 -5.97705
-0.653322 0.252833 -0.713614 29.3945 0.319271 0.946682 0.0431114 -0.816095 0.686466 -0.199671 -0.699211 -6.11503
-0.779513 0.267663 -0.566318 29.4198 0.316095 0.948635 0.013269 -0.85868 0.540781 -0.168667 -0.82408 -6.3209
-0.902097 0.302373 -0.307882 29.4673 0.338391 0.938408 -0.0698699 -0.869389 0.267793 -0.167214 -0.948855 -6.65077
-0.947931 0.309174 0.0764132 29.6387 0.294844 0.942656 -0.15642 -0.902621 -0.120392 -0.125746 -0.98473 -6.86158
-0.882326 0.110684 0.457439 29.7443 0.00785852 0.975282 -0.220825 -0.943763 -0.470573 -0.191245 -0.861386 -6.901
-0.93274 0.0782708 0.351952 29.6638 -0.0089831 0.970804 -0.239704 -0.97406 -0.360438 -0.226744 -0.904805 -7.14758
-0.826539 0.0114326 0.562763 29.6897 -0.0844817 0.985949 -0.144109 -1.04848 -0.556503 -0.166655 -0.81396 -7.88028
-0.5893 0.0300954 0.807354 29.8567 -0.105594 0.987865 -0.113899 -1.12113 -0.800984 -0.152372 -0.57897 -8.23025
-0.191013 -0.0786458 0.978432 30.0752 -0.131581 0.98984 0.053875 -1.23172 -0.972728 -0.118452 -0.199421 -8.41898
0.18668 -0.125211 0.974409 30.3004 -0.107726 0.983255 0.146986 -1.26243 -0.976497 -0.132409 0.170065 -8.51893
0.547356 -0.0604909 0.834711 30.6446 -0.0533285 0.992836 0.10692 -1.22104 -0.835199 -0.103037 0.540209 -8.63073
0.84373 -0.0509192 0.534347 31.2222 -0.0126935 0.993319 0.114699 -1.2387 -0.536617 -0.103558 0.837447 -8.76713
0.983698 -0.128411 0.125893 31.6765 0.109426 0.982974 0.147605 -1.28568 -0.142704 -0.131423 0.981001 -9.13282
0.996988 -0.0522332 -0.0573314 32.4188 0.0577147 0.993458 0.0985383 -1.33264 0.0518094 -0.10155 0.99348 -10.0395
0.99065 -0.0327457 -0.132438 32.9141 0.0451808 0.994733 0.092007 -1.40361 0.128727 -0.0971304 0.986912 -10.9174
0.93575 -0.0474047 -0.349463 33.5353 0.0756008 0.994852 0.0674828 -1.50392 0.344465 -0.0895667 0.934517 -11.9328
0.889594 0.0729701 -0.450886 34.2067 -0.00408439 0.988388 0.151899 -1.52456 0.456734 -0.133287 0.879561 -12.6899
0.873917 0.15189 -0.461734 34.8832 -0.0372691 0.968065 0.247912 -1.56768 0.484644 -0.199446 0.85167 -13.504
0.991854 0.0576941 -0.113568 35.1794 -0.0273753 0.967262 0.252299 -1.63051 0.124406 -0.247135 0.960962 -14.2336
0.924296 0.0104912 0.381533 35.2252 -0.121476 0.955729 0.268005 -1.69867 -0.361831 -0.294063 0.88465 -14.9703
0.705332 -0.0887379 0.703301 34.9771 -0.121139 0.962451 0.242925 -1.75152 -0.69845 -0.25654 0.668098 -15.3482
0.37882 -0.129254 0.9164 34.6367 -0.200992 0.955075 0.217795 -1.74798 -0.903381 -0.266694 0.335823 -15.5975
-0.130123 -0.242022 0.961506 34.2463 -0.232594 0.950141 0.207683 -1.76276 -0.96383 -0.196616 -0.179928 -15.7014
-0.475548 -0.363723 0.800974 33.6631 -0.363719 0.910343 0.197444 -1.78806 -0.800976 -0.197436 -0.565204 -15.5335
-0.72675 -0.410692 0.550606 33.1938 -0.411416 0.902148 0.129873 -1.8347 -0.550065 -0.132143 -0.824601 -15.1788
-0.81834 -0.279922 0.501959 32.4924 -0.28473 0.956121 0.0689951 -2.26575 -0.499247 -0.0864615 -0.862135 -14.3804
-0.893178 -0.204708 0.40041 32.167 -0.226527 0.973977 -0.0073628 -2.55284 -0.388483 -0.09728 -0.916306 -13.8844
-0.826674 -0.190409 0.529485 31.8158 -0.211036 0.977232 0.0219374 -2.79075 -0.521607 -0.0936052 -0.848036 -13.3946
-0.855279 -0.178922 0.486296 31.4653 -0.190061 0.981406 0.0268152 -3.08311 -0.482052 -0.0694914 -0.873383 -13.0003
-0.919908 -0.0939973 0.380702 30.8562 -0.099375 0.995035 0.00555466 -3.50374 -0.379334 -0.0327225 -0.924681 -12.3226
-0.974309 -0.166722 0.151415 30.1873 -0.171034 0.985138 -0.0158251 -3.99553 -0.146526 -0.0413156 -0.988344 -11.5922
-0.978458 -0.130946 -0.159603 29.7654 -0.117032 0.988698 -0.0937036 -4.44249 0.170069 -0.0730065 -0.982724 -10.6497
-0.892396 0.0929709 -0.441573 29.7003 0.166529 0.977326 -0.130775 -4.6591 0.419402 -0.190238 -0.887644 -9.91834
-0.666257 0.0985479 -0.739182 29.9924 0.268522 0.956442 -0.114518 -4.68247 0.695699 -0.274785 -0.663699 -9.37149
-0.189596 0.0766797 -0.978863 30.525 0.295463 0.955192 0.0175971 -4.83247 0.936352 -0.285881 -0.203757 -8.97252
0.242282 -0.0708834 -0.967613 31.2444 0.301826 0.953346 0.0057364 -4.90748 0.922063 -0.29344 0.252373 -8.8621
0.645967 -0.098042 -0.757043 31.9796 0.209513 0.976405 0.0523216 -4.9875 0.734051 -0.192408 0.651266 -9.05809
0.751582 0.0486963 -0.65784 32.8617 0.11139 0.973581 0.199332 -5.01782 0.650167 -0.223091 0.726301 -9.70015
0.771966 0.0768532 -0.631001 33.5426 0.0858436 0.970967 0.223281 -5.07129 0.629841 -0.226532 0.742956 -10.543
0.942644 0.114282 -0.313628 34.0073 -0.0369337 0.969506 0.242267 -5.17015 0.331751 -0.216788 0.91812 -11.551
0.999406 0.0328769 -0.0103464 34.3046 -0.0303712 0.981964 0.186615 -5.30646 0.0162951 -0.18619 0.982379 -12.573
0.997263 -0.0695255 0.0251388 34.6219 0.066032 0.990567 0.120068 -5.45913 -0.0332494 -0.118079 0.992447 -13.7345
0.912873 -0.31839 -0.255521 34.9099 0.342799 0.937724 0.0562391 -5.77972 0.221702 -0.138931 0.965166 -14.5544
0.913789 -0.0916182 -0.395721 35.2756 0.148128 0.982303 0.114628 -5.67915 0.378216 -0.163363 0.911189 -15.2495
0.905609 0.113253 -0.408712 35.8846 -0.0413476 0.982672 0.18068 -5.6728 0.422092 -0.146726 0.8946 -15.9051
0.803664 0.315023 -0.504862 36.3678 -0.146584 0.927043 0.345115 -5.69325 0.576748 -0.203352 0.791208 -16.2894
0.716496 0.269647 -0.64337 36.566 -0.0318302 0.933949 0.355986 -5.71939 0.696865 -0.234584 0.677753 -16.3301
0.513658 0.259306 -0.817873 36.8301 0.0333029 0.946493 0.321001 -5.78419 0.857349 -0.192122 0.477538 -16.6336
0.518841 0.272921 -0.810134 37.0745 0.0696731 0.931016 0.358266 -5.82325 0.852027 -0.242328 0.464034 -16.9333
0.333414 0.272727 -0.902472 37.0953 0.141877 0.931829 0.334014 -5.81074 0.932044 -0.239405 0.271992 -16.9204
0.315243 0.279841 -0.906814 37.1126 0.111414 0.938014 0.328201 -5.82653 0.942448 -0.204495 0.264524 -16.9067
0.194084 0.233949 -0.95268 37.089 0.125075 0.957319 0.260569 -5.8351 0.972979 -0.169728 0.15654 -16.9421
0.183729 0.263329 -0.947049 36.5989 0.0836456 0.955767 0.281981 -5.81971 0.979412 -0.131025 0.153576 -17.227
0.0129352 0.214656 -0.976604 36.2895 0.17649 0.960862 0.213533 -5.84163 0.984217 -0.175123 -0.0254556 -17.4149
0.433993 0.282065 -0.855622 36.2016 0.132395 0.919445 0.370259 -5.80469 0.891135 -0.27397 0.361689 -17.3093
0.675902 0.324467 -0.661724 36.2193 -0.0651676 0.920667 0.384872 -5.77637 0.734105 -0.217012 0.643425 -17.4995
0.806315 0.313031 -0.501864 36.5213 -0.15735 0.931425 0.328158 -5.82836 0.570173 -0.18563 0.800278 -18.357
0.810603 0.232558 -0.537438 37.1421 -0.109274 0.961713 0.251332 -6.00097 0.575311 -0.145003 0.804979 -19.2944
0.791177 0.150047 -0.592895 37.7991 -0.0188863 0.974969 0.221539 -6.10972 0.611295 -0.164079 0.774207 -20.0605
0.751479 0.095259 -0.652844 38.4561 0.0418805 0.980638 0.191297 -6.22478 0.658426 -0.171097 0.73294 -20.8564
0.738892 0.141321 -0.658838 39.3263 0.000212033 0.977711 0.209957 -6.34348 0.673824 -0.155275 0.722393 -21.6793
0.363954 0.245342 -0.898524 39.9246 0.0578178 0.956873 0.284694 -6.40274 0.929621 -0.155566 0.334072 -22.1505
-0.11607 0.164031 -0.979603 39.9892 0.183011 0.972914 0.141226 -6.44798 0.976235 -0.162886 -0.142946 -22.1287
-0.476804 0.0874342 -0.87465 39.8747 0.108116 0.993319 0.0403586 -6.43419 0.872335 -0.0753208 -0.483072 -21.9725
-0.511691 0.0970652 -0.853669 39.6278 0.212285 0.977074 -0.0161471 -6.37165 0.832531 -0.189483 -0.520565 -21.7555
-0.166109 0.0158737 -0.98598 39.716 0.145456 0.989328 -0.00857743 -6.4089 0.975321 -0.144841 -0.166645 -21.9259
0.194931 0.112468 -0.974347 39.9755 0.0777677 0.988504 0.129661 -6.47526 0.977729 -0.101048 0.183944 -22.3897
0.529182 0.188108 -0.827395 40.4505 0.0185721 0.972315 0.232934 -6.53952 0.848305 -0.138631 0.511038 -22.8029
0.581633 0.16758 -0.796002 41.4344 0.0317683 0.973124 0.228082 -6.69568 0.81283 -0.157948 0.560677 -23.6014
0.438695 0.339435 -0.832064 42.1895 -0.0176148 0.928989 0.369688 -6.75167 0.898463 -0.147524 0.413522 -24.2966
0.212148 0.299484 -0.930216 42.4318 0.116401 0.937363 0.328332 -6.77964 0.97028 -0.177933 0.164 -24.5081
0.594833 0.320379 -0.737246 42.4126 -0.00881145 0.919688 0.392552 -6.78472 0.803801 -0.227006 0.549883 -24.349
0.749075 0.366428 -0.551922 42.4936 -0.142742 0.902811 0.405657 -6.8005 0.646925 -0.225085 0.728577 -24.7264
0.568246 0.22852 -0.79049 42.8549 0.0452864 0.950522 0.307338 -6.91054 0.821611 -0.210442 0.529782 -25.8331
0.450741 0.0278136 -0.892221 43.6294 0.208502 0.968586 0.135527 -7.14464 0.867963 -0.247118 0.430782 -26.7461
0.534968 0.0582454 -0.842862 44.4755 0.112444 0.983838 0.139356 -7.22835 0.837356 -0.169326 0.519772 -27.6299
0.553806 0.142951 -0.820283 45.2564 0.0520433 0.977283 0.205448 -7.29056 0.831018 -0.156468 0.533786 -28.2868
0.484761 0.169629 -0.85804 46.2288 0.0697626 0.970389 0.231253 -7.41596 0.87186 -0.171962 0.458573 -29.0611
0.458926 0.155237 -0.874808 47.2061 0.0937602 0.970658 0.221433 -7.54807 0.883513 -0.183643 0.430905 -29.8181
0.274291 0.0351392 -0.961004 47.98 0.149243 0.985669 0.0786382 -7.72482 0.949995 -0.164993 0.265116 -30.5294
0.378963 0.118804 -0.917754 48.7626 0.116861 0.977642 0.174812 -7.81873 0.918003 -0.173497 0.356607 -31.4658
0.217828 0.0393468 -0.975194 49.4832 0.240054 0.966332 0.0926099 -7.96948 0.946005 -0.254272 0.201049 -32.3658
-0.11523 0.17032 -0.978628 49.8917 0.279874 0.950845 0.13253 -7.9409 0.953096 -0.258621 -0.157234 -32.7339
-0.390447 0.224033 -0.89295 50.5523 0.34189 0.93586 0.0853056 -8.02238 0.854788 -0.271984 -0.441998 -33.1732
-0.485116 0.171294 -0.857509 51.6083 0.304059 0.952478 0.0182505 -8.09871 0.819884 -0.25188 -0.514146 -33.3635
-0.627928 0.109926 -0.770469 52.6405 0.240193 0.96902 -0.0575027 -8.1608 0.740279 -0.221169 -0.634879 -33.0241
-0.413442 0.13461 -0.900525 53.7339 0.252406 0.967196 0.0286932 -8.1915 0.874847 -0.215435 -0.433856 -32.4588
-0.104123 0.122046 -0.987048 54.7542 0.200047 0.974729 0.0994201 -8.22517 0.974238 -0.187104 -0.125907 -32.1155
-0.243952 0.113911 -0.963074 55.8619 0.215493 0.974618 0.0606908 -8.27872 0.945542 -0.19273 -0.262307 -32.0064
-0.575169 0.00319192 -0.818028 56.1222 0.139161 0.985798 -0.0939999 -8.3268 0.806111 -0.167904 -0.567445 -31.8911
-0.850941 -0.0708039 -0.520468 56.1063 0.0627343 0.970081 -0.234536 -8.31752 0.521502 -0.232228 -0.82104 -31.716
-0.98497 0.000730847 -0.172725 55.9661 0.0301895 0.985327 -0.167987 -8.28196 0.170068 -0.170677 -0.970539 -31.2743
-0.997297 -0.0727298 0.0103961 55.8383 -0.0734598 0.989391 -0.125339 -8.29101 -0.00116992 -0.125764 -0.992059 -30.2242
-0.998729 0.00237253 -0.0503376 55.8147 0.00689952 0.995922 -0.0899507 -8.22543 0.0499189 -0.0901837 -0.994673 -29.0256
-0.935839 -0.0153715 0.352092 55.5832 -0.0665683 0.988774 -0.133767 -8.20253 -0.346083 -0.148623 -0.926357 -28.3306
-0.735683 -0.0636406 0.67433 55.2169 -0.172415 0.980376 -0.0955777 -8.17501 -0.655015 -0.186579 -0.732219 -27.9764
-0.581344 0.0618459 0.811304 54.3477 -0.10352 0.983382 -0.149141 -8.03793 -0.807045 -0.170689 -0.565281 -27.277
-0.402954 0.0940154 0.910379 53.5358 -0.172959 0.968964 -0.176621 -7.93922 -0.898729 -0.228628 -0.374187 -26.7292
-0.456415 0.0920381 0.884994 52.8289 -0.132946 0.976416 -0.17011 -7.81552 -0.879779 -0.195297 -0.433415 -25.8072
-0.402419 -0.0381983 0.914658 52.0589 -0.187984 0.981285 -0.0417257 -7.75566 -0.895947 -0.188732 -0.402069 -24.8725
-0.112281 0.115781 0.986908 51.1448 -0.15813 0.97845 -0.132779 -7.57351 -0.981014 -0.170969 -0.0915525 -24.3662
0.193879 0.0101339 0.980973 50.1776 -0.13162 0.991175 0.0157739 -7.56528 -0.972156 -0.132173 0.193501 -24.3803
0.604274 -0.0119775 0.796686 49.729 -0.0814049 0.993727 0.0766841 -7.5915 -0.792607 -0.111192 0.599509 -24.7169
0.896626 -0.0860403 0.43435 49.409 0.0258197 0.98943 0.142697 -7.61574 -0.442036 -0.116731 0.889369 -25.2147
0.995532 -0.0849589 0.0411964 49.3517 0.0785989 0.987446 0.137016 -7.62713 -0.0523199 -0.133166 0.989712 -25.7305
0.968778 -0.0549885 -0.241755 49.4562 0.0985134 0.98019 0.17182 -7.63542 0.227518 -0.190272 0.955004 -26.2985
0.985009 -0.0343062 -0.169055 49.9585 0.0663556 0.979971 0.18776 -7.70874 0.159228 -0.196163 0.967557 -27.2233
0.989262 -0.0724951 0.12691 50.4928 0.0382085 0.966396 0.254203 -7.83214 -0.141074 -0.246624 0.958788 -28.3014
0.979223 -0.126834 0.158223 50.9466 0.0912455 0.972391 0.214779 -7.95543 -0.181096 -0.195879 0.963761 -29.3884
0.984583 -0.129032 -0.118099 51.3541 0.143702 0.981627 0.125534 -8.02525 0.0997308 -0.140569 0.985035 -29.9645
0.99759 -0.0570688 -0.0394586 51.6779 0.0642277 0.974697 0.214103 -8.09326 0.0262416 -0.216122 0.976014 -30.8953
0.996305 0.00887918 0.0854224 51.9341 -0.0334466 0.956229 0.290702 -8.10588 -0.0791022 -0.292485 0.952993 -31.8612
0.956311 0.238261 -0.169416 52.2382 -0.174696 0.93037 0.322325 -8.06315 0.234417 -0.278647 0.931346 -32.553
0.966317 0.256162 -0.0247431 52.1561 -0.238126 0.92644 0.291557 -8.1397 0.097609 -0.275845 0.956233 -33.788
0.949083 0.135507 0.284394 51.824 -0.180921 0.973493 0.139925 -8.29421 -0.257895 -0.184253 0.948441 -34.8278
0.886437 0.292812 0.358455 51.7102 -0.315454 0.948928 0.0049431 -8.33338 -0.338701 -0.117458 0.933534 -35.965
0.985679 0.156673 -0.0623692 51.9523 -0.143617 0.973778 0.176437 -8.38739 0.0883767 -0.164953 0.982334 -36.6837
0.852887 0.193774 -0.484805 52.2382 -0.0424393 0.951232 0.305542 -8.43312 0.520368 -0.240018 0.819517 -37.0404
0.538131 0.188109 -0.821602 52.6903 0.158565 0.934778 0.317878 -8.52984 0.827812 -0.301337 0.473205 -37.5441
0.360201 0.0188492 -0.932684 53.3269 0.309138 0.940892 0.138404 -8.71857 0.880164 -0.338182 0.333083 -38.2836
0.482427 0.0104818 -0.875874 53.9173 0.267471 0.950408 0.158695 -8.87649 0.834101 -0.310829 0.455699 -39.2041
0.483317 -0.0545258 -0.873746 54.4957 0.238281 0.968571 0.0713634 -9.01 0.842393 -0.242688 0.48112 -40.0227
0.281402 0.104347 -0.9539 55.1942 0.118375 0.982702 0.142419 -9.01139 0.952261 -0.152995 0.264182 -40.5265
-0.180767 0.0967674 -0.978754 55.9595 0.17263 0.982821 0.0652864 -9.10518 0.968257 -0.157161 -0.194366 -40.4056
-0.563704 0.0662169 -0.823318 56.2479 0.205616 0.976652 -0.0622306 -9.11106 0.799975 -0.204367 -0.564158 -40.1603
-0.838533 0.0953437 -0.536445 56.6465 0.231296 0.953742 -0.192035 -9.10368 0.493321 -0.285105 -0.821797 -39.6515
-0.80169 0.0387304 -0.596484 57.528 0.200093 0.957716 -0.206744 -9.13557 0.563255 -0.285097 -0.775541 -38.7887
-0.680106 0.00210595 -0.733111 58.4904 0.187425 0.967263 -0.171096 -9.19993 0.708751 -0.253767 -0.658236 -38.2309
-0.857589 0.0622854 -0.51055 59.4936 0.172528 0.969965 -0.171468 -9.1723 0.484536 -0.235133 -0.842578 -37.5252
-0.89009 0.109192 -0.442512 60.4582 0.250258 0.928521 -0.274263 -9.18336 0.380934 -0.354861 -0.853793 -36.9014
-0.704524 0.0117205 -0.709584 61.1665 0.208891 0.958994 -0.191561 -9.23942 0.678241 -0.283185 -0.678082 -36.5856
-0.45834 -0.0304059 -0.888256 61.4331 0.259769 0.951191 -0.166601 -9.26858 0.849967 -0.307102 -0.428071 -36.5466
-0.152229 -0.0389699 -0.987577 61.6871 0.274262 0.958314 -0.080091 -9.31704 0.94953 -0.283047 -0.135195 -36.9329
0.150007 -0.0129813 -0.9886 62.1418 0.219355 0.97543 0.0204759 -9.38602 0.964044 -0.219926 0.149169 -37.2643
0.267976 -0.00626715 -0.963405 62.965 0.241121 0.968591 0.060768 -9.47436 0.932765 -0.248581 0.26107 -37.867
0.401238 0.0128884 -0.915883 63.8725 0.166369 0.982244 0.0867065 -9.5599 0.900738 -0.187164 0.39197 -38.3565
0.0964953 0.0208035 -0.995116 64.6095 0.222812 0.973958 0.041967 -9.64737 0.970074 -0.225773 0.0893471 -38.5878
0.555702 -0.0910586 -0.82638 65.0979 0.241991 0.968661 0.0559913 -9.72366 0.795384 -0.231091 0.560322 -38.9633
0.841107 -0.0228154 -0.540388 65.1091 0.169729 0.959775 0.223659 -9.70319 0.513548 -0.27984 0.811146 -38.9874
0.978745 0.0257055 -0.203464 64.969 0.0319734 0.960855 0.275199 -9.6391 0.202573 -0.275855 0.939611 -38.9688
0.984361 0.0164194 0.175396 64.8678 -0.060129 0.967169 0.246917 -9.62244 -0.165584 -0.253602 0.953031 -38.9784
0.840714 0.058665 0.538292 64.8732 -0.156756 0.977914 0.138248 -9.64231 -0.518293 -0.200607 0.831342 -39.1672
0.603859 0.0310348 0.796487 64.7407 -0.27455 0.946195 0.171283 -9.64679 -0.748315 -0.322107 0.579889 -39.4277
0.31821 -0.132041 0.93878 64.6962 -0.265951 0.938055 0.222086 -9.73848 -0.909952 -0.32034 0.263382 -39.4543
-0.11022 0.0168337 0.993765 64.811 -0.223854 0.973746 -0.0413227 -9.68141 -0.96837 -0.227013 -0.103558 -39.2968
-0.340784 0.150542 0.92801 64.7315 -0.069139 0.980411 -0.184431 -9.63918 -0.937596 -0.127013 -0.3237 -39.1138
-0.191682 0.208987 0.958949 63.8405 -0.153052 0.958748 -0.239536 -9.49771 -0.96945 -0.192684 -0.151789 -38.661
0.211426 0.173893 0.9618 62.786 -0.214506 0.96831 -0.127917 -9.43333 -0.953565 -0.179267 0.242027 -38.489
0.421067 0.089454 0.902608 61.6977 -0.177474 0.984015 -0.0147304 -9.37168 -0.889498 -0.153987 0.430212 -38.3961
0.30615 0.0470436 0.95082 60.6889 -0.127105 0.991856 -0.00814796 -9.35013 -0.94346 -0.11836 0.309636 -38.188
0.580518 -0.0334016 0.813562 59.7962 -0.0491162 0.995902 0.0759347 -9.31237 -0.812765 -0.0840405 0.576498 -38.1948
0.821187 0.0275186 0.569995 58.7929 -0.0785701 0.994776 0.0651688 -9.20637 -0.565224 -0.0983004 0.81906 -38.6505
0.870446 -0.0234429 0.491705 57.8276 -0.0487457 0.989851 0.133486 -9.18175 -0.489844 -0.140161 0.86047 -39.4824
0.783717 0.00928973 0.621049 56.9955 -0.101871 0.98827 0.113771 -9.17527 -0.612708 -0.152431 0.77547 -40.1868
0.444582 -0.0505188 0.894312 56.0921 -0.194321 0.969192 0.15135 -9.12301 -0.874406 -0.241071 0.421068 -40.7052
0.121359 -0.0630217 0.990606 55.5626 -0.24727 0.964601 0.0916605 -9.11023 -0.961316 -0.256071 0.10148 -40.8571
-0.336899 -0.0917539 0.937059 54.5497 -0.301106 0.953474 -0.0148948 -9.09693 -0.892095 -0.287172 -0.348852 -40.6846
-0.604274 -0.0771204 0.793036 53.8762 -0.214565 0.974287 -0.0687469 -9.02442 -0.767343 -0.2117 -0.605284 -40.2245
-0.640576 0.0430728 0.766686 53.0907 -0.0655022 0.991722 -0.110443 -8.92577 -0.765096 -0.120967 -0.632452 -39.4816
-0.673472 0.126895 0.728239 52.4148 0.00485948 0.985894 -0.167297 -8.84549 -0.739196 -0.109131 -0.664589 -38.6376
-0.636787 0.0613775 0.768593 51.7888 -0.0557444 0.990553 -0.125287 -8.83042 -0.769022 -0.122626 -0.62735 -37.7745
-0.614613 0.0366445 0.787977 51.2309 -0.0724519 0.992076 -0.102648 -8.83244 -0.785494 -0.120179 -0.607088 -36.8931
-0.614738 0.0199048 0.78848 50.5658 -0.0859259 0.992041 -0.0920357 -8.84271 -0.784037 -0.124329 -0.608135 -35.9882
-0.599499 0.0230023 0.800045 49.8977 -0.0536011 0.996189 -0.0688066 -8.78993 -0.798579 -0.0841328 -0.595981 -35.1247
-0.582172 0.0797836 0.809142 49.065 -0.0543436 0.98913 -0.136631 -8.72281 -0.811247 -0.123514 -0.571509 -34.1312
-0.587169 0.0243985 0.809097 48.2298 -0.142414 0.98084 -0.132929 -8.74376 -0.796838 -0.193279 -0.572444 -33.1261
-0.589817 -0.0353979 0.806761 47.6455 -0.169137 0.982295 -0.0805553 -8.77554 -0.789626 -0.183966 -0.585361 -32.2733
-0.571132 -0.0200682 0.820613 47.04 -0.115533 0.991715 -0.0561565 -8.74836 -0.812687 -0.126881 -0.568719 -31.4619
-0.600838 0.102374 0.792788 46.3671 0.19016 0.9816 0.0173624 -8.75601 -0.776423 0.161188 -0.60925 -30.6941
-0.539587 0.203328 0.817009 45.8859 0.395533 0.917866 0.0327983 -8.74085 -0.743236 0.340852 -0.575691 -30.0911
-0.49193 0.20827 0.845357 45.2081 0.122067 0.977875 -0.169885 -8.68177 -0.862035 0.0196188 -0.506469 -29.3448
-0.196962 0.0994206 0.975357 44.4561 -0.0747295 0.990428 -0.116048 -8.69158 -0.977559 -0.095745 -0.187648 -28.7129
0.164992 -0.020748 0.986077 43.7776 -0.043076 0.998673 0.0282206 -8.77114 -0.985354 -0.0471324 0.16388 -28.1323
0.519885 -0.0440457 0.8531 43.3709 -0.0369843 0.996573 0.0739917 -8.79519 -0.853435 -0.0700185 0.516475 -27.7041
0.85499 -0.0525996 0.515971 43.1631 0.0133233 0.996743 0.0795337 -8.79449 -0.518474 -0.061126 0.852906 -27.4398
0.983049 -0.109475 0.14707 43.0281 0.100604 0.992703 0.0664822 -8.77514 -0.153274 -0.0505594 0.986889 -27.1526
0.968273 -0.0417568 -0.246382 42.6386 0.0728896 0.99026 0.118624 -8.72205 0.239029 -0.132819 0.961886 -26.6189
0.853978 0.166643 -0.492901 42.3921 -0.0485008 0.968695 0.243471 -8.65315 0.518044 -0.184013 0.835326 -26.3655
0.844386 0.204539 -0.495152 42.0087 -0.0988811 0.967871 0.231188 -8.61244 0.52653 -0.146251 0.837482 -25.9471
0.733764 0.0293269 -0.678771 41.9067 0.0341993 0.996207 0.0800122 -8.64053 0.678543 -0.0819236 0.729978 -25.4472
0.529043 0.0144955 -0.848471 41.534 0.0789702 0.994674 0.0662332 -8.6332 0.844912 -0.102044 0.525081 -25.0386
0.721292 -0.133375 -0.679669 40.9881 0.137321 0.989343 -0.0484133 -8.68752 0.678882 -0.0584124 0.73192 -24.4934
0.893533 -0.0661624 -0.444097 40.5186 0.0924178 0.995006 0.0377089 -8.67825 0.439384 -0.0747365 0.895185 -23.998
0.985537 0.0909938 -0.142955 40.1037 -0.0699398 0.986815 0.14596 -8.61552 0.154352 -0.133851 0.978907 -23.5148
0.953959 0.245197 -0.172746 39.5235 -0.197107 0.946604 0.255127 -8.62654 0.226079 -0.209331 0.951351 -22.6501
0.967637 0.133735 -0.213993 38.7852 -0.0951757 0.978804 0.181339 -8.64186 0.233709 -0.155103 0.959856 -21.8293
0.975323 0.130072 -0.178401 38.107 -0.111582 0.987641 0.110066 -8.64436 0.190513 -0.0874439 0.977782 -20.9502
0.996597 0.0796943 0.021058 37.3925 -0.0816564 0.989396 0.120112 -8.66222 -0.0112625 -0.121422 0.992537 -20.1644
0.98321 0.0243114 0.180851 37.0289 -0.00893541 0.996311 -0.0853538 -8.67345 -0.182259 0.0823047 0.9798 -19.8336
0.920597 -0.0893575 0.380154 36.8029 0.073518 0.99572 0.0560158 -8.71175 -0.383532 -0.0236198 0.923226 -19.9654
0.8145 -0.130114 0.565384 36.6579 0.0820887 0.990569 0.109705 -8.72115 -0.574326 -0.0429428 0.817499 -19.7641
0.962035 -0.135563 0.236878 36.673 0.12395 0.990266 0.0633198 -8.69914 -0.243156 -0.0315549 0.969474 -19.5845
0.999775 -0.015338 -0.0146591 36.6559 0.0174341 0.987661 0.155631 -8.6613 0.0120912 -0.155851 0.987707 -19.4003
0.946469 0.129954 -0.295481 36.3798 -0.0746919 0.978707 0.191191 -8.63215 0.314035 -0.158886 0.936022 -19.168
0.707658 0.105348 -0.698657 36.0668 -0.00635836 0.989731 0.142798 -8.57866 0.706526 -0.0966102 0.701061 -18.4462
0.331923 0.103495 -0.937612 35.89 0.0326973 0.992103 0.121085 -8.57056 0.94274 -0.0708483 0.325918 -18.0181
0.259622 0.00543676 -0.965695 35.8524 0.0400018 0.999065 0.0163789 -8.62642 0.964882 -0.0428819 0.259161 -17.1528
-0.2057 0.0169715 -0.978468 35.7922 0.107761 0.994162 -0.00541062 -8.62772 0.972664 -0.106554 -0.206328 -16.5401
-0.535205 0.00394308 -0.844713 35.5409 0.0912125 0.994412 -0.0531498 -8.62401 0.839783 -0.105494 -0.532574 -15.9984
-0.852819 0.058017 -0.518973 35.0824 0.073381 0.997262 -0.00909982 -8.64216 0.517025 -0.0458433 -0.854742 -15.5282
-0.982177 0.114665 -0.148929 34.5525 0.132364 0.984517 -0.11492 -8.61382 0.133446 -0.132585 -0.982147 -15.1851
-0.983225 0.0799533 0.163936 33.7646 0.0398226 0.97122 -0.234833 -8.56014 -0.177994 -0.224365 -0.958112 -14.5365
-0.949534 -0.0192731 0.313072 33.1037 -0.107822 0.957343 -0.268083 -8.56644 -0.29455 -0.28831 -0.911108 -13.7139
-0.969994 0.129807 0.205575 32.5818 0.0838157 0.972246 -0.21843 -8.5183 -0.228223 -0.194646 -0.953953 -12.7794
-0.96055 0.0335201 0.276081 32.0106 -0.0160289 0.984387 -0.175287 -8.56245 -0.277646 -0.172797 -0.945015 -11.815
-0.83364 -0.0859762 0.545576 31.5204 -0.168718 0.980233 -0.103328 -8.54321 -0.525908 -0.178187 -0.831667 -11.1984
-0.947345 -0.0382524 0.317922 31.2191 -0.106624 0.973866 -0.200542 -8.55944 -0.301942 -0.22388 -0.926665 -10.7362
-0.998803 -0.027007 -0.0407916 31.0833 -0.0198846 0.985945 -0.165882 -8.53625 0.0446983 -0.164872 -0.985302 -10.3483
-0.844352 -0.0338829 -0.534717 30.9736 0.0274582 0.993951 -0.106341 -8.54181 0.535085 -0.104472 -0.838314 -9.88296
-0.574607 0.0501372 -0.816893 31.0287 0.101077 0.994828 -0.0100401 -8.51289 0.812164 -0.0883382 -0.576702 -9.67549
-0.133718 0.00802809 -0.990987 31.1101 0.0645452 0.997915 -0.000625099 -8.5321 0.988915 -0.064047 -0.133957 -9.51313
0.246076 0.0120626 -0.969175 31.177 0.0331554 0.999233 0.020855 -8.5543 0.968683 -0.0372653 0.245488 -9.48103
0.641033 0.154078 -0.751889 31.5222 -0.0794541 0.987701 0.134662 -8.53602 0.76339 -0.026582 0.645391 -9.52464
0.886285 0.126305 -0.445585 31.9421 -0.0598003 0.98525 0.160333 -8.52941 0.459263 -0.115455 0.880765 -9.7553
0.957213 0.19072 -0.217644 32.7415 -0.151073 0.970811 0.186289 -8.57485 0.24682 -0.145438 0.958085 -10.4273
0.963178 0.12854 -0.236147 32.9888 -0.104812 0.988337 0.110473 -8.60999 0.247593 -0.0816545 0.965417 -10.6087
0.988833 0.134491 -0.0641994 32.9765 -0.0955353 0.90269 0.419553 -8.65199 0.114378 -0.408734 0.905458 -10.4956
0.987613 -0.0365089 0.152605 32.9379 -0.0254953 0.922294 0.385646 -8.68952 -0.154826 -0.38476 0.909939 -10.4684
0.981939 -0.175924 0.0696243 32.9255 0.146472 0.939774 0.308821 -8.74901 -0.11976 -0.293045 0.948568 -10.4773
0.915891 -0.144221 0.374626 -14.1721 0.0600559 0.971959 0.227353 -2.66796 -0.39691 -0.185732 0.898869 29.3415
0.719259 -0.221767 0.658397 -14.3295 0.0951819 0.970204 0.222812 -2.67014 -0.688192 -0.0975916 0.718936 29.4643
0.496746 -0.121613 0.859333 -14.9034 0.049953 0.992499 0.111583 -2.64085 -0.866457 -0.0125023 0.499095 29.3041
0.370325 0.114194 0.921856 -15.6862 -0.104673 0.991224 -0.0807377 -2.55086 -0.922986 -0.0665948 0.379028 28.7146
0.41556 0.0536911 0.90798 -16.4061 -0.158353 0.987282 0.0140937 -2.57428 -0.895675 -0.149638 0.418777 28.0728
0.419015 -0.0350264 0.907303 -17.2837 -0.195157 0.972427 0.127669 -2.586 -0.886758 -0.230561 0.400626 27.2516
0.652036 -0.0169159 0.757999 -18.2259 -0.119832 0.984886 0.12506 -2.54952 -0.748658 -0.172376 0.640154 26.5041
0.936982 -0.0302552 0.348065 -18.8133 -0.0310736 0.985079 0.169277 -2.51732 -0.347992 -0.169425 0.922061 25.8164
0.999503 0.0297817 -0.0103445 -18.8984 -0.0280126 0.989465 0.142033 -2.54333 0.0144655 -0.141673 0.989808 25.404
0.928517 0.00664768 -0.371231 -18.9143 0.0665248 0.980681 0.183952 -2.56924 0.365282 -0.195499 0.910137 24.9681
0.801248 0.00921835 -0.598261 -18.5039 0.104473 0.982366 0.155057 -2.59323 0.589141 -0.186741 0.786156 23.9262
0.844894 0.127956 -0.519404 -17.9741 -0.0221717 0.978513 0.204991 -2.52972 0.534474 -0.16168 0.829577 23.0951
0.840349 0.139458 -0.523799 -17.4353 -0.0314397 0.97725 0.209746 -2.51996 0.541133 -0.159792 0.825616 22.3088
0.830501 0.129869 -0.541666 -16.8192 0.00091702 0.972121 0.23448 -2.53527 0.557016 -0.195233 0.807228 21.4975
0.874714 0.138482 -0.464433 -16.1673 -0.0372729 0.974691 0.220429 -2.58248 0.483204 -0.175501 0.857737 20.615
0.878379 0.0241351 -0.477354 -15.4993 0.0697675 0.981553 0.178006 -2.63673 0.472845 -0.189661 0.860492 19.7273
0.838696 0.112636 -0.532824 -14.8552 -0.00466931 0.979829 0.199781 -2.60802 0.54458 -0.165068 0.822305 18.86
0.820321 0.242611 -0.517893 -14.2758 -0.0951379 0.950833 0.294731 -2.56591 0.563935 -0.192503 0.803069 18.0521
0.813812 0.328878 -0.479113 -13.746 -0.150918 0.915773 0.372269 -2.53156 0.561189 -0.23065 0.794901 17.258
0.826129 0.328697 -0.457677 -13.0252 -0.172784 0.920876 0.349477 -2.57097 0.536336 -0.209634 0.817556 16.384
0.82282 0.240642 -0.514839 -12.3854 -0.113739 0.957327 0.265686 -2.61912 0.556804 -0.160055 0.815078 15.5953
0.826752 0.255195 -0.501355 -11.8041 -0.136894 0.955665 0.2607 -2.63411 0.545657 -0.146901 0.825033 14.7845
0.811646 0.204458 -0.5472 -11.1886 -0.0658205 0.96279 0.262111 -2.70425 0.580429 -0.176725 0.794903 14.086
0.811531 0.143034 -0.566532 -10.581 0.00931086 0.966287 0.257299 -2.73765 0.584235 -0.214081 0.782841 13.3406
0.729288 0.0893877 -0.678343 -9.93101 0.0850212 0.971906 0.219478 -2.78237 0.678904 -0.217736 0.701199 12.5372
0.684427 0.0149407 -0.728928 -9.31794 0.165288 0.970579 0.175091 -2.79133 0.710098 -0.240321 0.66182 11.7881
0.65679 0.096487 -0.747875 -8.54383 0.0942865 0.973489 0.208398 -2.81156 0.748156 -0.207388 0.63028 10.952
0.829977 0.150269 -0.537175 -7.79372 -0.021712 0.971002 0.238081 -2.82828 0.557375 -0.185939 0.809172 10.1004
0.824106 0.138895 -0.549143 -7.08302 -0.00134846 0.969949 0.243307 -2.87428 0.566435 -0.19977 0.799527 9.31525
0.815596 0.22842 -0.531628 -6.38119 -0.0728598 0.952011 0.297264 -2.89154 0.574017 -0.203713 0.793099 8.49887
0.945901 0.218562 -0.239797 -6.00539 -0.166923 0.961573 0.217979 -2.87462 0.278224 -0.166159 0.946035 7.83939
0.971084 0.210616 0.112414 -6.05088 -0.230723 0.948919 0.215219 -2.85524 -0.0613432 -0.234932 0.970074 7.56512
0.911176 0.359319 0.201614 -6.08129 -0.385072 0.916721 0.106503 -2.77905 -0.146555 -0.174679 0.973658 7.50103
0.852497 0.383617 0.355086 -6.14729 -0.41825 0.908037 0.0231442 -2.74964 -0.313553 -0.168245 0.934547 7.50752
0.806532 0.373444 0.458308 -6.12154 -0.426921 0.904172 0.0145505 -2.7615 -0.408955 -0.207397 0.888675 7.36689
0.863504 0.310846 0.39716 -6.16212 -0.358686 0.932101 0.0503245 -2.76764 -0.35455 -0.185911 0.916369 7.44642
0.731254 0.243217 0.63727 -6.12148 -0.305382 0.952142 -0.012969 -2.79779 -0.609925 -0.185127 0.770532 7.61941
0.537722 0.103595 0.836733 -6.09512 -0.193751 0.981046 0.00305011 -2.83494 -0.820558 -0.163758 0.547602 7.89492
0.361305 0.0126133 0.932363 -6.34993 -0.132279 0.990489 0.0378605 -2.86308 -0.923017 -0.137011 0.359537 8.05274
0.616574 -0.094912 0.781555 -6.86895 -0.119216 0.970004 0.211847 -2.87728 -0.778218 -0.223793 0.586765 7.94669
0.545334 -0.0310998 0.837642 -7.54911 -0.227393 0.956349 0.183548 -2.82378 -0.806786 -0.290568 0.514458 7.46053
0.630989 -0.0100118 0.775727 -8.25201 -0.238525 0.948978 0.206268 -2.79531 -0.738213 -0.315184 0.596407 6.94773
0.508787 -0.0771614 0.857427 -9.15346 -0.21883 0.95167 0.215494 -2.79616 -0.832616 -0.297272 0.467312 6.99324
0.134255 -0.110559 0.98476 -9.33275 -0.296263 0.943827 0.146354 -2.76975 -0.945623 -0.311397 0.0939595 7.06936
-0.24311 -0.101844 0.964637 -9.34624 -0.307312 0.951331 0.0229896 -2.77533 -0.920031 -0.290855 -0.262576 7.0828
-0.537863 -0.095284 0.83763 -9.12819 -0.264179 0.962597 -0.0601359 -2.77545 -0.800571 -0.253629 -0.542917 7.0372
-0.806064 -0.124322 0.578624 -9.0462 -0.214513 0.972578 -0.0898652 -2.78907 -0.551585 -0.196559 -0.810629 7.06157
-0.97236 -0.0498726 0.2281 -8.80925 -0.0897955 0.981663 -0.168152 -2.7747 -0.215531 -0.183986 -0.959007 7.03382
-0.983592 0.0197056 -0.179329 -8.62691 0.0569191 0.977144 -0.204818 -2.76785 0.171195 -0.211665 -0.962232 7.01224
-0.85573 -0.0133123 -0.517251 -8.51523 0.10249 0.975501 -0.194663 -2.77713 0.507171 -0.219592 -0.833401 6.94032
-0.613051 -0.00431238 -0.790032 -8.54914 0.137359 0.984174 -0.11196 -2.78392 0.778011 -0.177155 -0.602756 6.87935
-0.288307 0.0817254 -0.954044 -8.58455 0.192125 0.981027 0.0259775 -2.78322 0.938065 -0.175806 -0.298539 6.76425
0.0827235 0.213718 -0.973387 -8.64228 0.1396 0.964619 0.223657 -2.7337 0.986747 -0.154386 0.0499616 6.65189
0.234207 0.413035 -0.880085 -8.71107 0.0150797 0.903611 0.428089 -2.69902 0.97207 -0.113533 0.205403 6.58105
0.133688 0.416478 -0.899263 -8.62884 0.0121725 0.906649 0.421709 -2.7018 0.990949 -0.0673238 0.116139 6.66365
-0.138923 0.261159 -0.955247 -8.19804 0.0803694 0.964392 0.25197 -2.76835 0.987037 -0.0417683 -0.154965 6.93483
0.159458 0.229768 -0.960093 -7.61265 0.0845404 0.965787 0.245172 -2.87988 0.983578 -0.120261 0.134578 7.51913
0.367622 0.251517 -0.895317 -6.83585 0.078551 0.950894 0.299383 -2.95059 0.926652 -0.180388 0.329813 7.88908
0.419372 0.334185 -0.844066 -6.0572 0.0476792 0.920387 0.388091 -2.95978 0.906561 -0.202999 0.370051 8.23805
0.60586 0.329559 -0.724102 -5.75374 0.0559406 0.890267 0.451991 -2.94573 0.793602 -0.31435 0.520942 8.18387
0.358694 0.333524 -0.871837 -5.64672 0.23928 0.86993 0.431239 -2.96741 0.902266 -0.363296 0.232233 8.07218
0.41937 0.392687 -0.81849 -5.68064 0.20788 0.836108 0.507651 -2.94083 0.883694 -0.383042 0.269007 8.03556
0.343634 0.374758 -0.861088 -5.51439 0.268761 0.839328 0.472542 -2.96828 0.899824 -0.393808 0.187702 7.93993
0.626889 0.333423 -0.704159 -5.63693 -0.0231469 0.911372 0.410932 -2.94838 0.778765 -0.24131 0.579046 8.12028
0.852366 0.262594 -0.452235 -5.77363 -0.154384 0.952597 0.262154 -2.9682 0.499638 -0.153634 0.852501 8.25492
0.760562 0.22817 -0.607851 -5.84443 -0.0627829 0.957673 0.280927 -2.96865 0.646222 -0.1755 0.742695 8.13306
0.805371 0.137653 -0.576566 -5.84807 -0.0560081 0.985983 0.157164 -2.98356 0.590119 -0.0942833 0.801792 7.7686
0.935238 0.208457 -0.28614 -5.7416 -0.139744 0.960002 0.242628 -2.99242 0.325272 -0.186928 0.926961 7.70561
0.999544 0.0139949 -0.0267676 -5.66263 -0.0100575 0.989823 0.141948 -3.05157 0.0284818 -0.141614 0.989512 7.99956
0.963391 -0.0011292 0.268099 -5.6834 -0.0193034 0.997104 0.0735647 -3.02393 -0.267406 -0.0760468 0.960578 8.26855
0.974343 -0.0474255 0.220015 -5.69533 0.00740446 0.983773 0.179267 -3.06043 -0.224947 -0.173038 0.958883 8.48382
0.991588 -0.0508802 0.119014 -5.55094 0.0402952 0.995152 0.0897149 -3.08471 -0.123001 -0.0841646 0.988831 9.02721
0.97004 -0.11368 -0.214708 -5.44366 0.131369 0.988862 0.0699531 -3.11223 0.204364 -0.0960633 0.97417 9.21218
0.850503 0.0122412 -0.525828 -4.93877 0.0193653 0.998323 0.0545633 -3.12002 0.525614 -0.0565891 0.848839 9.43287
0.672893 0.0469751 -0.738247 -4.44226 0.0837456 0.986728 0.139118 -3.14207 0.734984 -0.155436 0.660029 9.4091
0.63322 0.322133 -0.703749 -3.76587 -0.032208 0.919449 0.391887 -3.08064 0.773302 -0.225484 0.592589 9.56278
0.73419 0.249749 -0.631341 -3.41607 -0.0567502 0.949206 0.309496 -3.15055 0.676569 -0.1914 0.71107 9.90501
0.758292 -0.0712505 -0.648009 -3.36926 0.177685 0.978964 0.100284 -3.27612 0.627233 -0.191186 0.755001 10.2449
0.415902 -0.133367 -0.899577 -3.37443 0.318289 0.947971 0.00661345 -3.29647 0.851891 -0.289076 0.436712 10.2342
0.0342174 -0.0947375 -0.994914 -3.40889 0.295608 0.951914 -0.0804763 -3.28243 0.954696 -0.29135 0.0605771 10.1127
-0.359233 -0.0757711 -0.930167 -3.44522 0.274544 0.944014 -0.182929 -3.28301 0.891951 -0.321086 -0.318319 9.97222
-0.548975 0.139184 -0.824169 -3.92346 0.3293 0.942304 -0.0602103 -3.1785 0.768237 -0.304453 -0.563135 9.78847
-0.665675 0.297831 -0.684232 -4.3207 0.437942 0.89832 -0.0350463 -3.09568 0.604221 -0.322983 -0.728422 9.62149
0.909009 -0.235526 0.343847 2.04523 0.20463 0.970941 0.124098 -3.89081 -0.363084 -0.0424444 0.930789 2.00731
0.965456 -0.201248 0.165511 2.03167 0.173846 0.970653 0.166163 -4.04638 -0.194094 -0.13165 0.972109 1.65844
0.886219 -0.29071 0.360699 1.97636 0.309189 0.950976 0.00678784 -4.26209 -0.34499 0.105509 0.932657 1.21562
0.91087 -0.196858 0.362715 1.92096 0.158336 0.978338 0.133356 -4.51345 -0.381111 -0.0640391 0.922309 0.721546
0.78418 -0.271823 0.55783 1.85889 0.28409 0.956474 0.0667124 -4.81283 -0.551684 0.106159 0.82727 0.19974
0.763898 -0.0764057 0.640797 1.65206 -0.0286115 0.98798 0.15191 -5.24286 -0.644702 -0.134378 0.75253 -0.587061
0.478001 -0.0495743 0.876959 1.16055 -0.19204 0.968353 0.159415 -5.6242 -0.857109 -0.244612 0.453353 -1.26488
0.0384155 -0.0213289 0.999034 0.600911 -0.305769 0.951565 0.0320731 -5.68952 -0.951331 -0.306705 0.0300331 -1.37874
-0.404085 -0.0515373 0.913268 0.0223875 -0.296736 0.951803 -0.0775821 -5.78991 -0.865253 -0.30235 -0.399902 -1.15187
-0.799513 0.00851884 0.600588 -0.593646 -0.159891 0.960803 -0.226477 -5.70528 -0.578977 -0.2771 -0.766813 -0.351044
-0.951919 0.0373756 0.304063 -0.851608 -0.0429894 0.966412 -0.253378 -5.63451 -0.30332 -0.254266 -0.918339 0.793946
-0.976546 0.0034964 0.215281 -0.924401 -0.0529168 0.965303 -0.255716 -5.62283 -0.208706 -0.26111 -0.942477 2.02936
-0.975963 0.0848952 0.200719 -0.859176 0.0283479 0.962635 -0.269315 -5.55823 -0.216083 -0.257151 -0.941903 3.31429
-0.977549 0.044066 0.206047 -0.718239 -0.0181691 0.956616 -0.290785 -5.57965 -0.209922 -0.288 -0.934339 4.51424
-0.815694 0.0941994 0.570763 -0.647121 -0.0581587 0.9683 -0.242926 -5.58082 -0.575553 -0.231348 -0.784358 5.32227
-0.591154 -0.0393712 0.805597 -0.493381 -0.162368 0.984169 -0.0710487 -5.58191 -0.790047 -0.172804 -0.588188 6.18966
-0.108139 -0.124392 0.986323 -0.383658 -0.217015 0.971167 0.0986873 -5.52404 -0.97016 -0.203375 -0.132016 6.95574
0.24664 -0.135073 0.959648 -0.333506 -0.145991 0.97376 0.17458 -5.52908 -0.958048 -0.183158 0.220448 7.39634
0.594076 0.0568987 0.802394 -0.365882 -0.192089 0.978672 0.0728198 -5.48239 -0.781137 -0.197391 0.592336 7.71503
0.84109 0.12181 0.527001 -0.498636 -0.240566 0.956888 0.162768 -5.4883 -0.484454 -0.263682 0.834132 8.07756
0.84319 0.0600982 0.534247 -0.591936 -0.222948 0.943344 0.245756 -5.49988 -0.489209 -0.326328 0.808817 8.0448
0.852968 0.0802857 0.515752 -0.579624 -0.23171 0.943645 0.236316 -5.49796 -0.467713 -0.321075 0.823502 8.05233
0.85688 0.0595535 0.512064 -0.577473 -0.216156 0.943275 0.252008 -5.51494 -0.468009 -0.326627 0.821147 8.04774
0.833576 0.149389 0.531822 -0.528214 -0.31703 0.91778 0.239106 -5.53268 -0.452376 -0.367916 0.8124 8.04129
0.570163 -0.0182678 0.821328 -0.196494 -0.328204 0.91144 0.24811 -5.54466 -0.753124 -0.411026 0.513674 8.22093
0.551073 0.0666613 0.83179 0.176216 -0.382679 0.905993 0.180922 -5.61141 -0.741536 -0.41801 0.524778 8.04883
0.437578 0.0877776 0.894886 0.23589 -0.353544 0.931863 0.0814699 -5.58741 -0.82676 -0.352031 0.438796 8.31135
0.696182 0.139453 0.70419 0.304615 -0.391641 0.895887 0.209772 -5.63052 -0.601621 -0.421829 0.678316 8.77598
0.764848 -0.121061 0.632734 0.320547 -0.0692173 0.961055 0.267549 -5.58955 -0.640482 -0.248431 0.726681 8.94806
0.914215 -0.13851 0.380823 0.304581 0.0234662 0.956289 0.291481 -5.61026 -0.40455 -0.25754 0.877503 8.95809
0.802709 -0.0159427 0.596158 0.460177 -0.167842 0.953197 0.251485 -5.60273 -0.572265 -0.301929 0.762464 8.88695
0.795385 -0.00631414 0.606072 0.561953 -0.148591 0.9674 0.205083 -5.59939 -0.587609 -0.253176 0.768516 8.96011
0.768841 -0.00568053 0.639414 0.566162 -0.137959 0.974937 0.174545 -5.59994 -0.62438 -0.222411 0.748788 8.9523
0.694659 -0.0511092 0.717522 0.525911 -0.171475 0.956953 0.234175 -5.59592 -0.698603 -0.285709 0.655991 8.98458
0.761462 -0.0708107 0.64433 0.53978 -0.152603 0.946494 0.284362 -5.60682 -0.62999 -0.314858 0.709913 8.94525
0.872763 -0.0559332 0.484929 0.553454 -0.0333711 0.984253 0.173587 -5.6229 -0.487002 -0.167683 0.857153 8.86351
0.773238 0.045394 0.63249 0.559222 -0.0516295 0.99863 -0.0085534 -5.63301 -0.632011 -0.0260413 0.774522 8.83049
0.557895 0.231058 0.797098 0.419177 -0.16056 0.972366 -0.169486 -5.60236 -0.814232 -0.0334271 0.579576 8.67669
0.617918 0.0386035 0.785294 0.0798923 -0.0649097 0.997889 0.00202076 -5.65278 -0.783558 -0.0522218 0.61912 8.14448
0.780243 0.172388 0.601251 0.230252 -0.188741 0.981351 -0.0364396 -5.62008 -0.59632 -0.0850492 0.798229 8.03602
0.87178 0.155358 0.464612 0.338289 -0.171682 0.985126 -0.00727249 -5.62956 -0.458831 -0.0734254 0.885485 7.97433
0.883266 0.0691697 0.463743 0.351683 -0.066264 0.997547 -0.0225799 -5.67265 -0.464167 -0.0107854 0.885682 8.03525
0.892885 -0.00330958 0.450272 0.35713 0.00714873 0.999951 -0.00682604 -5.67227 -0.450228 0.00931375 0.892865 8.0412
0.914814 -0.00409211 0.403854 0.399464 0.0208894 0.99909 -0.0371955 -5.68695 -0.403334 0.0424632 0.914067 8.06816
-0.986571 0.0695744 -0.147775 6.99063 0.102708 0.967739 -0.230068 -3.45351 0.127001 -0.242156 -0.961889 0.93236
-0.846209 0.0392882 -0.531401 6.94697 0.137558 0.979581 -0.146625 -3.48374 0.514789 -0.197174 -0.834335 1.02932
-0.737998 0.247842 -0.627641 6.84228 0.348343 0.936522 -0.0397803 -3.41684 0.577941 -0.247992 -0.777486 0.733719
-0.48734 0.0156407 -0.873072 7.06023 0.236451 0.96485 -0.114699 -3.48774 0.84059 -0.262336 -0.473908 0.513845
-0.244903 -0.149726 -0.957917 7.64212 0.125956 0.974718 -0.184554 -3.51745 0.961331 -0.165854 -0.219853 0.268388
-0.0323507 0.0376587 -0.998767 8.61879 0.108456 0.993521 0.033948 -3.53873 0.993575 -0.107224 -0.0362254 0.32513
0.203797 0.239852 -0.949178 9.27638 0.221968 0.932957 0.283411 -3.55832 0.953518 -0.268445 0.136894 0.339462
0.497168 0.229941 -0.836631 9.17921 0.0530045 0.954394 0.293806 -3.53202 0.866034 -0.190416 0.462306 0.285462
0.759197 0.132565 -0.637218 8.83484 -0.0018807 0.979481 0.201527 -3.53754 0.650858 -0.151801 0.743868 0.300462
0.876086 0.121585 -0.466572 8.75872 -0.0265979 0.978396 0.205019 -3.54257 0.48142 -0.167205 0.860394 0.235164
0.822355 0.119446 -0.556295 8.78249 0.004381 0.976358 0.216117 -3.54582 0.568957 -0.180162 0.80239 0.260258
0.962158 0.106235 -0.250929 8.71227 -0.0577458 0.979449 0.193247 -3.55172 0.266302 -0.171444 0.94852 0.24883
0.837343 -0.0393023 -0.545264 8.91063 0.103297 0.99082 0.0872123 -3.57178 0.53683 -0.129351 0.833715 0.193547
0.465239 0.0317835 -0.884614 9.28221 0.106502 0.990086 0.0915848 -3.55895 0.878755 -0.136822 0.457242 0.146162
0.137386 0.073634 -0.987777 9.47616 0.129932 0.987276 0.0916684 -3.52607 0.981959 -0.140938 0.12607 -0.0281148
-0.463867 0.304663 -0.83187 9.55917 0.362516 0.922067 0.13555 -3.54947 0.808338 -0.238689 -0.538161 -0.0778802
-0.6997 0.301287 -0.647801 9.71865 0.337333 0.938614 0.0721839 -3.55404 0.629783 -0.168018 -0.758382 -0.0164762
-0.707037 0.288666 -0.645578 10.0714 0.321564 0.944293 0.0700579 -3.65376 0.629838 -0.158061 -0.760474 0.13541
-0.478749 0.271304 -0.834981 10.3531 0.233287 0.956177 0.176924 -3.67937 0.84639 -0.110088 -0.521061 -0.0529298
-0.117986 0.339815 -0.933062 10.5712 0.0454479 0.940488 0.336773 -3.63985 0.991975 -0.00267109 -0.126409 -0.108891
0.294462 0.300369 -0.907232 10.8012 -0.0942873 0.953822 0.285191 -3.63362 0.951001 0.00156268 0.309185 -0.121762
0.425455 0.137375 -0.894492 11.5852 -0.0724021 0.99041 0.117669 -3.73042 0.902079 0.0147003 0.431321 -0.117882
0.123745 0.0517616 -0.990963 12.1126 -0.00896006 0.998656 0.0510446 -3.82681 0.992274 0.00256256 0.124043 0.249753
0.431267 0.313284 -0.846086 12.5049 -0.0869907 0.947848 0.306623 -3.78196 0.898021 -0.0586348 0.436029 0.498745
0.524835 0.332556 -0.783552 12.9906 -0.0434251 0.929785 0.365533 -3.81694 0.850095 -0.157819 0.502425 0.838081
0.199969 0.393389 -0.897361 13.2756 0.136615 0.895719 0.423112 -3.79681 0.970231 -0.207202 0.125373 1.13255
0.278031 0.404859 -0.871084 13.6713 0.0498592 0.899534 0.433996 -3.80962 0.959277 -0.164096 0.229913 1.5063
0.34837 0.659755 -0.665854 13.7811 -0.0270217 0.717126 0.696419 -3.6706 0.936968 -0.224619 0.267653 1.70421
0.297821 0.321908 -0.898709 13.7856 -0.0886619 0.946688 0.309712 -3.97177 0.950496 -0.0125575 0.310484 1.81864
0.497973 0.457298 -0.736818 13.8778 -0.234755 0.889022 0.393104 -3.9626 0.834813 -0.0227828 0.550062 1.91737
0.442726 0.100625 -0.890993 14.0559 0.0082993 0.993181 0.116289 -4.0398 0.896619 -0.0588789 0.438872 2.16037
0.0404708 0.247158 -0.96813 13.9641 0.081355 0.964891 0.249733 -3.97154 0.995863 -0.0888691 0.0189423 2.66468
-0.312965 0.093418 -0.945159 13.945 0.124875 0.990559 0.056556 -4.01021 0.94152 -0.100327 -0.321676 3.35767
-0.61256 0.0140799 -0.790299 13.8373 0.0865168 0.995028 -0.0493318 -4.03359 0.785675 -0.0985928 -0.610733 3.57497
-0.857701 0.0836752 -0.507295 13.3918 0.0994231 0.995037 -0.00397282 -3.95623 0.504445 -0.0538443 -0.861763 3.659
-0.893645 0.0561757 -0.445245 13.2968 0.0749501 0.996882 -0.0246565 -3.92956 0.442472 -0.0554053 -0.895069 3.67555
-0.84463 0.532629 0.0539119 55.8754 0.479328 0.797248 -0.366933 -4.8675 -0.23842 -0.284081 -0.928684 -52.5291
-0.838172 0.54402 0.0388479 55.8095 0.500684 0.795737 -0.340761 -4.88133 -0.216293 -0.266166 -0.939347 -52.3858
-0.79283 0.606623 -0.0585555 55.7474 0.587044 0.734349 -0.34075 -4.83689 -0.163707 -0.304532 -0.938329 -52.2344
-0.664693 0.720275 -0.198462 55.456 0.747103 0.639165 -0.182497 -4.83262 -0.00459796 -0.269576 -0.962968 -52.3213
-0.770204 0.622871 -0.137176 54.9915 0.63536 0.730521 -0.250312 -4.79525 -0.0557019 -0.279947 -0.958398 -51.9447
-0.737785 0.640702 -0.212543 54.9812 0.668164 0.737943 -0.0948516 -4.79613 0.096073 -0.211994 -0.972537 -51.9945
-0.812662 0.553521 -0.182194 54.4833 0.576069 0.810247 -0.107907 -4.76082 0.0878935 -0.192648 -0.977324 -51.6228
-0.858447 0.466308 -0.213601 54.0596 0.503923 0.844382 -0.181878 -4.72328 0.09555 -0.263771 -0.959841 -51.3044
-0.85541 0.45857 -0.240804 53.5263 0.48544 0.871924 -0.0640028 -4.70628 0.180613 -0.171645 -0.968461 -51.0869
-0.873193 0.401527 -0.276244 52.9798 0.432747 0.899485 -0.0604689 -4.72142 0.224197 -0.172345 -0.959183 -50.7952
-0.845039 0.380548 -0.375622 52.5103 0.435774 0.897222 -0.0713762 -4.65966 0.309855 -0.224002 -0.92402 -50.393
-0.644636 0.61781 -0.450284 52.1008 0.640644 0.757956 0.122792 -4.56584 0.417157 -0.209316 -0.884402 -49.8676
-0.662337 0.623813 -0.41493 51.7635 0.662557 0.746246 0.0643051 -4.47613 0.349755 -0.232323 -0.907578 -49.1225
-0.567471 0.626468 -0.534336 51.6755 0.670906 0.728009 0.141026 -4.40859 0.47735 -0.278461 -0.833425 -48.4177
-0.287571 0.720531 -0.630982 51.5842 0.677914 0.618514 0.397333 -4.33525 0.676562 -0.31349 -0.666324 -48.0264
-0.236987 0.752453 -0.614534 51.8512 0.753928 0.541387 0.372147 -4.30522 0.612723 -0.37512 -0.695597 -47.5742
-0.165361 0.780979 -0.602269 51.8012 0.736373 0.504002 0.451373 -4.30418 0.656057 -0.368855 -0.658434 -47.5328
-0.356179 0.688751 -0.631473 52.0697 0.655225 0.665902 0.356727 -4.16085 0.666195 -0.286699 -0.688468 -47.159
-0.173195 0.780992 -0.600046 52.2093 0.693911 0.529118 0.488387 -3.96661 0.698922 -0.331792 -0.633579 -46.7555
-0.247736 0.796418 -0.551675 52.3734 0.75283 0.516663 0.407807 -3.75985 0.609815 -0.314289 -0.727563 -46.3126
-0.30441 0.798392 -0.519524 52.5838 0.804946 0.507235 0.307855 -3.53053 0.50931 -0.324475 -0.797069 -45.867
-0.199533 0.869313 -0.452197 52.6572 0.864759 0.373252 0.33597 -3.36679 0.460846 -0.324004 -0.826222 -45.5129
-0.423116 0.797902 -0.42933 52.8243 0.847778 0.515847 0.123185 -3.15399 0.319758 -0.311855 -0.894707 -44.9909
-0.531795 0.768819 -0.355121 52.9985 0.823334 0.567541 -0.00424722 -3.03081 0.19828 -0.294642 -0.934811 -44.6829
0.178192 0.341269 -0.922921 2.33035 0.188666 0.908681 0.372429 -3.1004 0.96574 -0.240488 0.0975338 1.95416
0.110486 0.309946 -0.944313 2.51917 0.23773 0.914307 0.327913 -3.12972 0.965027 -0.260721 0.0273345 1.68485
0.48621 0.271752 -0.830512 2.75485 0.0725999 0.934567 0.348302 -3.19732 0.870821 -0.229643 0.434666 1.44392
0.642194 0.253854 -0.723288 3.08369 -0.0579689 0.956953 0.284394 -3.24368 0.764347 -0.140708 0.629265 1.33537
0.692914 0.329857 -0.641144 3.37672 -0.0449413 0.907247 0.418191 -3.23409 0.719619 -0.260957 0.643468 1.03221
0.893366 0.269531 -0.359512 3.67595 -0.193304 0.952826 0.233998 -3.32049 0.405623 -0.139551 0.903325 0.841461
0.992054 0.116156 -0.0483392 3.70551 -0.112072 0.990472 0.0800277 -3.39332 0.0571744 -0.0739743 0.99562 0.601866
0.972442 -0.00282487 0.233127 3.74949 -0.00590703 0.999307 0.0367488 -3.45062 -0.23307 -0.0371132 0.971752 0.136307
0.869041 0.114278 0.481361 3.93683 -0.122914 0.992323 -0.0136774 -3.43871 -0.479229 -0.0472797 0.876416 -0.0219071
0.814239 0.36375 0.452438 3.83823 -0.431103 0.900826 0.0515989 -3.28397 -0.388799 -0.237061 0.890302 -0.242649
0.75556 0.433061 0.491514 3.80008 -0.486894 0.873211 -0.0209065 -3.29357 -0.43825 -0.223519 0.870618 -0.620573
0.904338 0.349609 0.244841 3.67785 -0.385976 0.914739 0.119475 -3.30263 -0.182196 -0.202548 0.962174 -0.978928
0.965052 0.229139 0.127161 3.80945 -0.243536 0.963369 0.112298 -3.39825 -0.0967708 -0.139342 0.985505 -1.52292
0.983608 0.158178 -0.0865699 3.82495 -0.146125 0.980515 0.131296 -3.43169 0.105651 -0.116493 0.987556 -1.90082
0.962284 0.126913 -0.240631 4.1128 -0.102678 0.988529 0.110758 -3.48384 0.251927 -0.0818736 0.964277 -2.21054
0.819884 0.0728925 -0.56787 4.24211 0.0116341 0.989536 0.143815 -3.4949 0.572411 -0.124518 0.810457 -2.43818
0.569706 0.258368 -0.78018 4.51859 -0.0746429 0.961642 0.263956 -3.48788 0.818452 -0.0921426 0.567139 -2.36039
0.351557 0.330438 -0.87591 4.64748 0.138072 0.907101 0.397622 -3.44733 0.925929 -0.260726 0.273274 -2.51096
0.162951 0.191101 -0.96795 4.83417 0.452652 0.857241 0.245446 -3.45049 0.876672 -0.47814 0.0531862 -2.61443
0.405747 0.389502 -0.826836 5.03998 0.257336 0.819367 0.512265 -3.40203 0.877011 -0.420625 0.232222 -2.54258
0.200355 0.398767 -0.894898 5.36491 0.367205 0.816269 0.445942 -3.39981 0.908305 -0.417958 0.0171137 -2.78786
0.248928 0.318305 -0.914722 5.74844 0.19382 0.908975 0.369051 -3.45575 0.94893 -0.269159 0.164575 -2.99591
0.21398 0.271157 -0.938449 6.11004 0.180027 0.933298 0.310717 -3.50045 0.960106 -0.235433 0.150892 -3.30689
-0.0936295 0.249222 -0.96391 6.46889 0.262769 0.94002 0.217521 -3.52563 0.960305 -0.232919 -0.153501 -3.28962
0.00230355 0.298031 -0.954553 6.88293 0.194237 0.936243 0.292783 -3.54982 0.980952 -0.186084 -0.0557319 -3.43051
0.0981645 0.297697 -0.9496 7.25202 0.20348 0.928045 0.311975 -3.55521 0.974146 -0.22385 0.0305256 -3.54829
0.392895 0.391271 -0.83219 7.56456 0.0492395 0.894715 0.443915 -3.51278 0.918264 -0.215389 0.332263 -3.6488
0.677244 0.332777 -0.656201 7.80562 -0.105541 0.926586 0.360971 -3.55347 0.728149 -0.17521 0.662646 -3.86205
0.855634 0.377494 -0.354104 7.89132 -0.272988 0.910395 0.310901 -3.57403 0.439737 -0.169351 0.882015 -4.13248
0.921987 0.387161 -0.00682207 7.99693 -0.374347 0.8957 0.239971 -3.55332 0.0990178 -0.218696 0.970756 -4.37865
0.890577 0.420158 0.174184 7.78533 -0.450524 0.867477 0.210979 -3.53045 -0.0624565 -0.266367 0.961846 -4.79647
0.792739 0.438686 0.423224 7.63948 -0.506058 0.860695 0.0557543 -3.51473 -0.339809 -0.258375 0.904308 -5.28823
0.875467 0.378608 0.300355 7.32998 -0.420626 0.902976 0.0877966 -3.50572 -0.237973 -0.2032 0.949778 -5.72168
0.934522 0.34878 0.0708524 7.12954 -0.355612 0.906995 0.225611 -3.48416 0.014426 -0.236035 0.971637 -5.81836
0.957757 0.230828 0.171524 6.8876 -0.253416 0.959385 0.123941 -3.53648 -0.135948 -0.162172 0.977353 -6.22322
0.965306 0.24447 0.0917586 6.62829 -0.258904 0.941772 0.214557 -3.50797 -0.0339631 -0.230869 0.972392 -6.71587
0.861434 0.330463 0.385651 6.60074 -0.370307 0.92837 0.0316411 -3.46603 -0.34757 -0.170066 0.922102 -7.07159
0.578867 0.38845 0.716952 6.43801 -0.362104 0.910249 -0.200818 -3.43284 -0.730612 -0.143364 0.667572 -7.33436
0.299662 0.323414 0.897556 6.41254 -0.245159 0.935301 -0.255165 -3.45815 -0.922008 -0.143581 0.359562 -7.39954
-0.0343513 0.135609 0.990167 6.33802 -0.00779756 0.990685 -0.135951 -3.55707 -0.999379 -0.012391 -0.0329739 -7.38056
-0.12522 -0.0522368 0.990753 6.20616 -0.0493777 0.997704 0.0463625 -3.61695 -0.990899 -0.0431155 -0.127512 -7.20785
-0.0673656 -0.0912693 0.993545 6.16385 -0.0552789 0.994619 0.0876198 -3.62474 -0.996196 -0.0490195 -0.0720484 -7.11937
-0.469588 -0.0637291 0.880582 6.18486 -0.057109 0.997495 0.0417358 -3.5805 -0.881037 -0.0306906 -0.472052 -7.28759
-0.792801 -0.0245243 0.608987 6.31289 -0.0465404 0.998709 -0.0203693 -3.56195 -0.607701 -0.0444913 -0.792919 -7.35159
-0.954374 0.0569845 0.293126 6.4284 0.0409202 0.99732 -0.0606518 -3.52077 -0.295796 -0.0458898 -0.954148 -7.37457
-0.98719 0.121299 -0.103648 6.55663 0.129978 0.988159 -0.0815304 -3.50403 0.0925314 -0.093958 -0.991267 -7.59036
-0.853571 0.223843 -0.470437 6.65868 0.258236 0.966041 -0.00888725 -3.46338 0.452473 -0.12907 -0.882389 -7.79286
-0.623987 0.256213 -0.738237 6.75587 0.3068 0.949189 0.070107 -3.4377 0.718689 -0.182745 -0.670888 -7.97331
-0.277465 0.307186 -0.910302 6.88541 0.257771 0.936567 0.237479 -3.41515 0.925509 -0.168757 -0.339048 -8.09378
0.0480708 0.332947 -0.941719 6.96702 0.161401 0.92783 0.336275 -3.41298 0.985717 -0.16816 -0.00913656 -8.15541
0.370794 0.324086 -0.870333 7.01811 0.0142959 0.935034 0.354269 -3.42066 0.928605 -0.143803 0.342072 -8.15377
0.616154 0.314368 -0.722169 7.05733 -0.0866306 0.938379 0.334574 -3.41821 0.782847 -0.143587 0.60542 -8.26596
0.72694 0.295977 -0.619642 7.2665 -0.133787 0.946098 0.294958 -3.4384 0.673543 -0.131517 0.727354 -8.48053
0.75314 0.333802 -0.566883 7.54722 -0.148891 0.925837 0.347356 -3.41623 0.64079 -0.177204 0.746985 -8.51486
0.641107 0.324183 -0.69562 7.79161 -0.0918809 0.932306 0.349806 -3.43038 0.761932 -0.160349 0.627494 -8.64648
0.538173 0.311817 -0.783032 8.19117 -0.00648973 0.930552 0.366102 -3.44863 0.842809 -0.191944 0.502822 -8.55038
0.442106 0.281448 -0.851663 8.53724 0.0767907 0.934134 0.348564 -3.45643 0.89367 -0.219502 0.391373 -8.60087
0.407955 0.326253 -0.85272 8.93216 0.00128736 0.933768 0.357878 -3.48857 0.913001 -0.147096 0.380515 -8.31598
0.456935 0.348814 -0.818254 9.27181 -0.0141304 0.922633 0.38542 -3.4985 0.889388 -0.16455 0.426512 -8.27173
0.655862 0.195672 -0.72908 9.39318 -0.0553349 0.975685 0.212078 -3.63008 0.75285 -0.0987501 0.650742 -7.99709
0.821685 0.163782 -0.545903 9.64264 -0.0975044 0.984096 0.148487 -3.63602 0.56154 -0.0687814 0.824586 -7.71455
0.840797 0.351318 -0.411869 9.68036 -0.243661 0.924989 0.291589 -3.5429 0.483415 -0.14481 0.86333 -7.55184
0.890381 0.3353 -0.307888 9.96674 -0.261112 0.930213 0.257922 -3.52621 0.372883 -0.149255 0.915795 -7.72055
0.917949 0.396686 -0.00317957 10.1755 -0.389059 0.901807 0.188088 -3.51746 0.0774792 -0.171418 0.982147 -7.53039
0.86643 0.460121 -0.193876 10.4225 -0.361878 0.846223 0.39109 -3.45912 0.344011 -0.268693 0.8997 -7.57606
0.801207 0.442452 -0.402869 10.5668 -0.26702 0.866866 0.421002 -3.50193 0.535507 -0.229736 0.812683 -7.14772
0.812478 0.32655 -0.482954 10.8525 -0.176466 0.927296 0.330123 -3.55085 0.555643 -0.182993 0.811033 -6.94564
0.665254 0.484782 -0.567824 10.9337 -0.189792 0.845349 0.499363 -3.5033 0.722092 -0.224435 0.65438 -6.46055
0.429959 0.507558 -0.746673 10.9241 0.0504462 0.812222 0.581164 -3.46988 0.901438 -0.287543 0.323618 -6.42359
0.140842 0.405812 -0.903039 10.8693 0.201282 0.881344 0.427456 -3.48654 0.969355 -0.241969 0.0424474 -6.63415
-0.175696 0.410878 -0.8946 10.7043 0.26092 0.895672 0.360127 -3.50338 0.949237 -0.170146 -0.264573 -6.68607
-0.491853 0.346762 -0.798647 10.8043 0.365102 0.91487 0.172374 -3.51154 0.790431 -0.206805 -0.576586 -6.71655
-0.780241 0.321416 -0.536578 10.7095 0.407442 0.912066 -0.0461249 -3.50565 0.474569 -0.254613 -0.842589 -6.78469
-0.924471 0.322336 -0.203598 10.5573 0.361206 0.911397 -0.197196 -3.49395 0.121996 -0.255843 -0.95899 -6.95426
-0.941422 0.31148 0.129249 10.6411 0.268093 0.923764 -0.273469 -3.48615 -0.204576 -0.222799 -0.953158 -7.05337
-0.947844 0.0670443 0.311604 10.7104 0.0393016 0.994751 -0.0944808 -3.58845 -0.316303 -0.0773065 -0.945503 -6.78379
-0.844354 0.0202629 0.535402 10.8988 -0.0460241 0.992848 -0.110158 -3.59776 -0.533805 -0.117653 -0.837383 -6.67554
-0.974305 0.018666 0.224459 10.9786 0.00667376 0.998515 -0.0540676 -3.61534 -0.225135 -0.0511804 -0.972982 -6.6076
-0.969105 0.130821 -0.209095 11.084 0.13927 0.989909 -0.026143 -3.59264 0.203565 -0.054456 -0.977546 -6.58716
-0.67806 0.283289 -0.67822 11.3766 0.347632 0.936613 0.0436676 -3.55253 0.647601 -0.206162 -0.73356 -6.54475
-0.331636 0.38475 -0.861385 11.5902 0.376898 0.891061 0.252899 -3.5091 0.86485 -0.240785 -0.44052 -6.5421
-0.015383 0.461909 -0.886794 11.6455 0.291412 0.850467 0.437932 -3.47341 0.956474 -0.251685 -0.147688 -6.39914
0.419127 0.395438 -0.817289 11.815 0.0395489 0.891364 0.45156 -3.5219 0.907066 -0.221584 0.357956 -6.44043
0.674752 0.571744 -0.46671 11.9201 -0.227686 0.762773 0.605257 -3.48454 0.702046 -0.302135 0.644861 -6.55719
0.72458 0.651493 -0.224813 12.1694 -0.483197 0.712819 0.50834 -3.462 0.491431 -0.259704 0.831294 -6.5713
0.858823 0.511745 0.0232379 12.4038 -0.497251 0.821876 0.277961 -3.51661 0.123147 -0.250274 0.960311 -6.75909
0.905792 0.362391 0.219576 12.5844 -0.389661 0.915974 0.0956909 -3.57514 -0.166448 -0.172236 0.970891 -7.12789
0.852589 0.28618 0.437256 12.8135 -0.320395 0.947272 0.0047449 -3.59992 -0.412843 -0.14414 0.899324 -7.40436
0.938744 0.22591 0.26024 13.1253 -0.226034 0.973661 -0.0298664 -3.64845 -0.260133 -0.0307861 0.965082 -7.87761
0.934833 0.336273 0.11405 13.4184 -0.351353 0.922447 0.16013 -3.58921 -0.0513579 -0.189767 0.980485 -8.10034
0.898659 0.423988 -0.112451 13.6566 -0.386972 0.887014 0.251911 -3.59693 0.206553 -0.182867 0.961195 -8.31318
0.822847 0.422943 -0.379529 13.804 -0.25148 0.869938 0.424224 -3.59983 0.509589 -0.253627 0.822187 -8.35233
0.682533 0.419823 -0.598245 13.8232 -0.0646909 0.850046 0.522721 -3.59419 0.727986 -0.318074 0.607343 -8.47108
0.392114 0.415977 -0.820494 13.952 0.143318 0.853407 0.501155 -3.5915 0.908684 -0.314101 0.275016 -8.47902
0.0425463 0.46973 -0.881784 14.0954 0.260772 0.846769 0.46366 -3.60955 0.964463 -0.249671 -0.0864654 -8.43414
-0.189729 0.425252 -0.884965 14.2483 0.332264 0.875966 0.349693 -3.6235 0.923907 -0.227695 -0.307492 -8.71617
0.202127 0.44553 -0.872151 14.4836 0.12093 0.872363 0.473664 -3.63361 0.971864 -0.20121 0.12245 -8.84125
0.387588 0.455205 -0.801601 14.8034 0.0157982 0.866165 0.499508 -3.62914 0.921697 -0.206267 0.328524 -9.12006
0.672367 0.491876 -0.553154 14.936 -0.261986 0.857048 0.443657 -3.63231 0.692304 -0.153381 0.705116 -9.34082
0.844711 0.474212 -0.248166 15.043 -0.401666 0.868108 0.29164 -3.63477 0.353734 -0.146672 0.923775 -9.40424
0.849882 0.523399 0.0612642 15.2119 -0.526459 0.838167 0.142536 -3.62846 0.0232534 -0.153392 0.987892 -9.41017
0.858356 0.287371 0.425022 15.2856 -0.329344 0.943825 0.0269789 -3.69106 -0.393393 -0.163136 0.904781 -9.77334
0.822107 0.0307642 0.568502 15.3971 -0.0507771 0.998522 0.0193938 -3.82721 -0.567065 -0.0448106 0.822453 -9.86404
0.89769 -0.0382132 0.438967 15.5038 0.0408042 0.999161 0.00353479 -3.89251 -0.438734 0.0147386 0.898496 -10.2107
0.958323 0.217586 0.185129 15.9804 -0.217826 0.975797 -0.0192905 -3.76297 -0.184846 -0.0218395 0.982525 -10.1567
0.931375 0.324751 -0.164555 16.0935 -0.290528 0.935385 0.201615 -3.68846 0.219397 -0.139971 0.965543 -10.1899
0.796731 0.339595 -0.499895 16.288 -0.208508 0.930859 0.300044 -3.7013 0.567225 -0.134822 0.812453 -10.1535
0.579933 0.388531 -0.716045 16.3964 -0.062386 0.897545 0.436487 -3.67757 0.812272 -0.208462 0.544755 -10.2017
0.541934 0.245558 -0.803747 16.6278 -0.0199471 0.959851 0.2798 -3.75923 0.840184 -0.135601 0.525074 -10.5197
0.431751 0.41235 -0.802221 16.7979 -0.0417997 0.897579 0.438868 -3.73284 0.901024 -0.155949 0.404766 -10.8743
0.633272 0.298312 -0.714127 17.0783 -0.0988443 0.946347 0.307665 -3.78109 0.767592 -0.124248 0.628781 -11.0592
0.811075 0.379448 -0.44517 17.2224 -0.259291 0.915418 0.307859 -3.82903 0.524333 -0.134268 0.840861 -11.3677
0.899514 0.417763 -0.127861 17.2693 -0.370128 0.88418 0.285009 -3.83217 0.232119 -0.209045 0.949958 -11.439
0.884141 0.402827 0.236697 17.3596 -0.455283 0.856598 0.242812 -3.83388 -0.104943 -0.322445 0.940753 -11.4546
0.749936 0.434226 0.499043 17.3404 -0.553043 0.825479 0.112821 -3.81756 -0.362959 -0.360601 0.859202 -11.6068
0.805448 0.287689 0.518159 17.2981 -0.41149 0.900663 0.139577 -3.84443 -0.426532 -0.325639 0.843818 -11.9125
0.941408 0.274906 0.195393 17.6862 -0.318055 0.916369 0.243123 -3.84805 -0.112216 -0.291024 0.950112 -12.083
0.968762 0.139985 -0.204703 17.9544 -0.0918486 0.969281 0.228163 -3.91803 0.230355 -0.202234 0.95186 -12.3363
0.913406 0.160116 -0.374235 18.2352 -0.0882319 0.975408 0.201977 -3.90887 0.397371 -0.151468 0.905071 -12.4432
0.733918 0.304698 -0.607062 18.406 -0.122632 0.938492 0.322793 -3.84323 0.668077 -0.162458 0.726141 -12.5981
0.8627 0.40078 -0.308422 18.7089 -0.315432 0.903138 0.291279 -3.81321 0.395287 -0.154 0.905556 -12.7014
0.929181 0.355098 0.102602 18.8427 -0.368671 0.910285 0.188314 -3.80597 -0.0265275 -0.212804 0.976735 -12.9558
0.821564 0.36295 0.43966 18.9654 -0.425443 0.903657 0.049006 -3.78278 -0.379515 -0.227312 0.896827 -13.0945
0.787119 0.333997 0.518546 19.1249 -0.405507 0.913693 0.0270199 -3.7924 -0.464767 -0.231542 0.854623 -13.2347
0.635926 0.40323 0.65803 19.2666 -0.457064 0.883809 -0.099873 -3.75773 -0.621845 -0.23725 0.746339 -13.3526
0.503921 0.392925 0.769203 19.3993 -0.412131 0.892008 -0.18566 -3.77982 -0.759086 -0.223455 0.611438 -13.4266
0.600856 0.266329 0.753685 19.482 -0.303717 0.948218 -0.0929407 -3.84158 -0.73941 -0.173063 0.650631 -13.7315
0.344436 0.228795 0.910503 19.6691 -0.253705 0.956448 -0.144366 -3.87891 -0.903879 -0.181274 0.387482 -13.8372
0.459232 0.210588 0.862994 19.7743 -0.218187 0.968474 -0.120222 -3.89054 -0.861104 -0.133084 0.490702 -14.1158
0.554963 0.38042 0.739794 20.1185 -0.398715 0.902145 -0.164805 -3.81712 -0.730097 -0.203506 0.652337 -14.228
0.603399 0.480363 0.636523 20.0989 -0.541693 0.832687 -0.114897 -3.77653 -0.585216 -0.275471 0.762652 -14.4217
0.499077 0.447278 0.742203 20.3358 -0.498154 0.848912 -0.176613 -3.77413 -0.709059 -0.281588 0.646485 -14.5658
0.74513 0.383627 0.545537 20.6245 -0.482744 0.87464 0.0443075 -3.7997 -0.460151 -0.29637 0.836914 -14.8237
0.8158 0.332822 0.47297 20.8911 -0.393334 0.918843 0.0318635 -3.80415 -0.42398 -0.212029 0.880502 -15.1084
0.948635 0.258973 0.181724 21.2482 -0.289192 0.942742 0.166147 -3.8327 -0.128292 -0.210166 0.969212 -15.3293
0.981126 0.132454 -0.14088 21.4646 -0.099669 0.970724 0.218544 -3.82894 0.165703 -0.200378 0.965604 -15.5757
0.95351 0.139532 -0.267112 21.8259 -0.0789505 0.971057 0.225423 -3.83365 0.290834 -0.193855 0.936929 -15.8461
0.779935 0.247026 -0.575047 22.0664 -0.0373448 0.935542 0.351235 -3.77509 0.624745 -0.252465 0.738888 -16.018
0.882118 0.289109 -0.371865 22.3448 -0.195505 0.942985 0.269364 -3.77629 0.428539 -0.164909 0.888347 -16.0925
0.926612 0.258412 -0.273155 22.6294 -0.177394 0.940938 0.288387 -3.85046 0.331545 -0.218767 0.917725 -16.4075
0.953982 0.294983 0.0538755 22.8007 -0.299714 0.932325 0.202341 -3.80445 0.00945778 -0.209177 0.977832 -16.5183
0.862268 0.38537 0.328609 22.9071 -0.458895 0.869013 0.185018 -3.77202 -0.214265 -0.310332 0.926166 -16.8055
0.882034 0.441982 0.163303 23.3513 -0.469363 0.854616 0.222102 -3.75352 -0.0413962 -0.27255 0.961251 -17.145
0.939079 0.282067 -0.196391 23.4734 -0.205449 0.918754 0.337169 -3.78916 0.275539 -0.27628 0.920732 -17.4306
0.956864 0.163815 -0.239948 23.6255 -0.0825034 0.945093 0.316216 -3.84238 0.278574 -0.282779 0.917841 -17.6345
0.926274 0.31044 -0.213643 23.8499 -0.241443 0.924151 0.296057 -3.84466 0.289346 -0.222647 0.930971 -17.7742
0.826559 0.388506 -0.407262 24.0636 -0.233521 0.895066 0.3799 -3.82547 0.51212 -0.218906 0.83055 -18.1357
0.721834 0.500071 -0.478419 24.5388 -0.31824 0.853711 0.412191 -3.82746 0.614556 -0.145282 0.77538 -18.3599
0.706999 0.600624 -0.373368 24.8788 -0.415316 0.779929 0.468213 -3.83166 0.57242 -0.17596 0.800858 -18.5686
0.819377 0.409439 -0.401225 25.2935 -0.245542 0.883121 0.399757 -3.86921 0.518006 -0.229034 0.824144 -18.9398
0.881541 0.370365 -0.292771 25.6929 -0.311695 0.922352 0.228283 -3.94065 0.354586 -0.109985 0.928532 -19.2791
0.880885 0.355769 -0.312202 25.9787 -0.306441 0.931348 0.196684 -3.99104 0.360743 -0.0775846 0.929433 -19.6713
0.768992 0.398731 -0.499665 26.4574 -0.285974 0.913632 0.288957 -3.97368 0.571726 -0.0793143 0.816602 -19.9587
