1 -0.000249305 0.000408709 -1.99206e-05 0.000248816 0.999999 0.00119469 -4.98867e-05 -0.000409006 -0.00119459 0.999999 3.22565e-06
0.972328 0.13043 -0.193819 0.211201 -0.103111 0.984053 0.144942 0.0489451 0.209633 -0.120946 0.970271 0.0923135
0.844174 0.147232 -0.515454 0.478989 -0.0309878 0.973339 0.22727 0.0455541 0.535173 -0.175882 0.82623 0.118026
0.579271 0.17032 -0.797143 1.0168 0.0369556 0.971434 0.234415 0.0730097 0.814297 -0.165249 0.556429 -0.120249
0.522783 0.251674 -0.814468 1.97354 -0.0300388 0.960271 0.277447 0.0886019 0.851937 -0.120579 0.509573 -0.742862
0.45349 0.235749 -0.859517 2.879 0.0363839 0.958682 0.282144 0.0416237 0.890518 -0.159222 0.426176 -1.30788
0.401014 0.15044 -0.903634 3.81264 0.11125 0.971124 0.211047 0.0655323 0.909291 -0.185162 0.372698 -1.79855
0.412683 0.160322 -0.896655 4.75731 0.128365 0.964329 0.231501 0.0042817 0.901785 -0.210636 0.377382 -2.37791
0.450475 0.122648 -0.884324 5.67384 0.139087 0.968784 0.205214 -0.0105431 0.881888 -0.215442 0.419354 -3.02592
0.468767 0.212302 -0.857429 6.53833 0.0859457 0.95512 0.283478 -0.0859603 0.879131 -0.206578 0.429482 -3.62507
0.436984 0.120077 -0.891418 7.50854 0.141355 0.969567 0.199898 -0.155025 0.888292 -0.213359 0.406712 -4.15773
0.36414 0.0593287 -0.929452 8.47038 0.194886 0.971022 0.138334 -0.228341 0.910726 -0.23151 0.342026 -4.7557
0.217971 0.056259 -0.974332 9.3743 0.247384 0.962547 0.110922 -0.295498 0.944081 -0.265212 0.195889 -5.35744
0.171214 0.0490494 -0.984012 10.2513 0.226933 0.969942 0.0878334 -0.30353 0.958743 -0.238343 0.154936 -5.9062
0.195072 0.0860416 -0.977007 11.1775 0.184241 0.975196 0.122668 -0.392637 0.963329 -0.203934 0.174381 -6.42101
0.331451 0.110686 -0.936957 12.1463 0.133389 0.977621 0.162677 -0.382223 0.933995 -0.178899 0.30927 -6.94123
0.288171 0.0621235 -0.955562 13.0391 0.179603 0.976677 0.11766 -0.440509 0.940585 -0.205528 0.270293 -7.39663
0.2164 0.0321108 -0.975777 13.9603 0.195547 0.97778 0.0755437 -0.437685 0.956521 -0.207158 0.205313 -7.79721
-0.0490904 0.063952 -0.996745 15.0394 0.232192 0.971338 0.0508863 -0.469087 0.97143 -0.228938 -0.0625325 -8.00497
0.140024 0.0644492 -0.988048 16.0188 0.231654 0.968052 0.0959743 -0.594057 0.962668 -0.242324 0.12062 -8.34837
0.291677 -0.0103643 -0.956461 16.9986 0.191388 0.980353 0.0477414 -0.702271 0.937174 -0.19698 0.28793 -8.76951
0.435827 0.0133198 -0.899932 17.8863 0.146246 0.985554 0.0854125 -0.831559 0.888069 -0.168836 0.427583 -9.28986
0.623334 0.0410032 -0.78088 18.793 0.106316 0.984907 0.136583 -0.875399 0.774694 -0.168156 0.609567 -9.87434
0.774766 0.206982 -0.597408 19.8531 -0.0411688 0.959405 0.279011 -0.874835 0.630907 -0.191573 0.751835 -10.4311
0.598632 0.214926 -0.771652 20.8066 0.0128764 0.960625 0.27755 -0.983119 0.800921 -0.176086 0.572293 -10.8341
0.275077 0.179031 -0.944606 21.3925 0.0975281 0.972245 0.21267 -1.05258 0.956463 -0.150626 0.249982 -10.857
-0.221942 0.139947 -0.964965 22.0313 0.283627 0.956119 0.0734305 -1.09185 0.932898 -0.257392 -0.251896 -10.7836
-0.563999 0.0616025 -0.823475 22.6735 0.192884 0.979456 -0.0588351 -1.14496 0.802933 -0.192018 -0.564294 -10.5111
-0.780324 0.0539614 -0.623043 23.6239 0.171475 0.976549 -0.130184 -1.13458 0.601408 -0.208422 -0.771278 -9.83486
-0.75838 0.171343 -0.62889 24.3917 0.252398 0.966756 -0.0409726 -1.07094 0.600962 -0.189804 -0.776414 -9.13477
-0.696119 0.206705 -0.687525 25.1575 0.312301 0.949486 -0.0307409 -1.02704 0.646441 -0.236114 -0.72551 -8.35973
-0.767383 0.181309 -0.615021 25.9301 0.288419 0.954277 -0.0785483 -1.00615 0.572659 -0.23766 -0.784589 -7.34662
-0.765525 0.115966 -0.632869 26.5591 0.218126 0.972149 -0.0857117 -1.00116 0.605303 -0.203659 -0.7695 -6.45772
-0.921663 0.0497334 -0.384791 27.0719 0.124328 0.977311 -0.171478 -1.00736 0.367533 -0.205886 -0.906935 -5.53405
-0.96696 0.0737207 -0.244038 27.5522 0.131232 0.964639 -0.228582 -0.924911 0.218557 -0.253055 -0.942441 -4.66182
-0.972721 0.0172384 -0.231336 28.0927 0.0729869 0.969333 -0.234664 -0.846349 0.220196 -0.245147 -0.944149 -3.72871
-0.955895 0.0701639 -0.285205 28.5407 0.132503 0.969634 -0.205557 -0.794047 0.262122 -0.234281 -0.936165 -2.78933
-0.976891 0.0715563 -0.201404 29.0052 0.114844 0.970443 -0.212255 -0.705058 0.180263 -0.23048 -0.956234 -1.8627
-0.978812 0.084911 -0.186325 29.5605 0.120863 0.97412 -0.191003 -0.692216 0.165285 -0.209476 -0.963743 -1.00253
-0.964179 0.0225569 -0.264292 30.0972 0.089167 0.965956 -0.242853 -0.612351 0.249816 -0.257719 -0.933366 -0.113005
-0.89909 0.135937 -0.416123 30.8017 0.239796 0.948201 -0.208357 -0.590029 0.366245 -0.287116 -0.885115 0.932987
-0.74925 0.154453 -0.644026 31.589 0.262962 0.961867 -0.0752475 -0.629152 0.607845 -0.225734 -0.761294 1.69604
-0.912069 0.0636783 -0.405062 32.2846 0.132764 0.980514 -0.144798 -0.675415 0.387949 -0.185843 -0.90275 2.42606
-0.996251 -0.00362739 -0.0864351 32.7272 0.0194931 0.964015 -0.265134 -0.678393 0.0842864 -0.265825 -0.96033 2.98266
-0.974601 0.0956781 0.202482 33.4547 0.0419162 0.966097 -0.254752 -0.612208 -0.219992 -0.239795 -0.94557 3.8519
-0.822839 0.246946 0.511814 33.9611 0.038771 0.922943 -0.38298 -0.54153 -0.56695 -0.295287 -0.769008 4.41166
-0.813292 0.318551 0.486911 34.6799 0.0924334 0.89693 -0.432404 -0.503895 -0.574467 -0.306664 -0.75891 5.37104
-0.558159 0.18342 0.809207 35.275 -0.154305 0.935302 -0.318435 -0.535203 -0.81526 -0.302602 -0.493745 6.0528
-0.12395 0.216215 0.968446 35.7012 -0.172619 0.956393 -0.235617 -0.533793 -0.977159 -0.196376 -0.0812219 5.97238
0.25748 0.170685 0.951089 35.993 -0.257655 0.960767 -0.102669 -0.538592 -0.931299 -0.218618 0.291357 5.90661
0.594982 0.185525 0.782034 36.3555 -0.35757 0.932502 0.0508236 -0.525143 -0.71982 -0.309871 0.62116 5.9293
0.936536 0.129212 0.325891 36.8667 -0.20564 0.95535 0.212178 -0.603554 -0.283924 -0.265728 0.92129 5.71384
0.985158 0.0877949 -0.147495 37.1471 -0.0363606 0.946533 0.320551 -0.623055 0.167752 -0.310431 0.935677 5.34137
0.9579 0.0944089 -0.271136 37.4588 0.00700659 0.936419 0.350813 -0.711712 0.287017 -0.337944 0.896335 4.2324
0.988721 0.087411 0.121617 37.4256 -0.119675 0.949326 0.290618 -0.803726 -0.0900505 -0.301894 0.949079 3.23848
0.903513 0.0872063 0.419595 37.0048 -0.202045 0.950119 0.237596 -0.94147 -0.377945 -0.299448 0.876064 2.24543
0.81759 0.189444 0.543744 36.1416 -0.344982 0.917238 0.199154 -0.987286 -0.461014 -0.350408 0.815279 1.28155
0.886761 0.190316 0.421231 35.2624 -0.315303 0.915423 0.25017 -1.03883 -0.337993 -0.354656 0.871768 0.490658
0.924974 0.0952958 0.367888 34.5022 -0.220925 0.922505 0.316507 -1.15442 -0.309216 -0.374036 0.874347 -0.354706
0.833091 0.00468657 0.553115 33.8187 -0.175615 0.950469 0.256454 -1.25682 -0.524517 -0.310785 0.79265 -1.28992
0.673287 -0.000305415 0.739381 33.0801 -0.159619 0.976359 0.145754 -1.3747 -0.721946 -0.216154 0.657322 -2.20571
0.433243 0.072839 0.898329 32.564 -0.0247704 0.997315 -0.0689189 -1.41635 -0.900937 0.00760665 0.433884 -2.66321
0.38975 0.129988 0.911701 32.1132 -0.1635 0.984028 -0.0704038 -1.24354 -0.906291 -0.121623 0.404777 -2.94212
0.613221 0.0557033 0.787945 31.6912 -0.179023 0.981355 0.0699493 -1.03091 -0.769358 -0.183955 0.611759 -3.50502
0.817203 -0.0473773 0.5744 31.2399 -0.107967 0.966389 0.233315 -0.813874 -0.566147 -0.252682 0.78462 -3.97367
0.969734 0.0729325 0.233019 31.1189 -0.12773 0.964875 0.229566 -0.696754 -0.208091 -0.252381 0.944988 -4.18761
0.986112 0.0963117 -0.135307 30.7521 -0.0604368 0.966925 0.247797 -0.628571 0.154698 -0.236178 0.959317 -4.48891
0.860236 0.121469 -0.495216 30.4265 0.016555 0.964045 0.265224 -0.664743 0.509627 -0.236353 0.827295 -4.82286
0.600171 0.0693234 -0.796862 30.0868 0.128617 0.97491 0.181683 -0.702641 0.789464 -0.211531 0.576196 -5.18626
0.188868 0.116453 -0.975073 29.8545 0.192574 0.969272 0.153061 -0.756071 0.962935 -0.216682 0.160639 -5.55427
-0.214552 0.0721275 -0.974046 29.6624 0.220421 0.975118 0.023655 -0.808208 0.951516 -0.209625 -0.225112 -5.85473
-0.616119 0.0326453 -0.786976 29.6431 0.237728 0.960253 -0.146283 -0.919459 0.750921 -0.277214 -0.599391 -6.03859
-0.578845 -0.0970191 -0.809645 29.5907 0.16853 0.957226 -0.235192 -1.00341 0.797832 -0.272589 -0.537735 -6.12655
-0.272311 0.136125 -0.952532 29.552 0.318711 0.946821 0.0441956 -0.868376 0.907893 -0.291548 -0.301215 -6.22948
-0.0314343 0.163775 -0.985997 29.5055 0.204281 0.966713 0.154059 -0.829871 0.978407 -0.196578 -0.0638441 -6.126
-0.0727298 0.236599 -0.968882 29.727 0.332707 0.921563 0.200069 -0.817637 0.940222 -0.307802 -0.145743 -5.95474
-0.1841 0.254501 -0.949387 29.7328 0.350447 0.919414 0.178509 -0.793968 0.91831 -0.299846 -0.258453 -5.75608
-0.314084 0.320487 -0.893666 29.7588 0.373282 0.907177 0.19414 -0.775325 0.872933 -0.272613 -0.404562 -5.75015
-0.401173 0.309421 -0.86216 29.774 0.349245 0.921791 0.168314 -0.779537 0.846811 -0.233582 -0.477861 -5.7226
-0.440757 0.303847 -0.844636 29.7664 0.343448 0.92645 0.154057 -0.778131 0.829323 -0.222187 -0.512695 -5.71652
-0.494335 0.31799 -0.809021 29.7627 0.344403 0.926172 0.153597 -0.768795 0.798135 -0.202701 -0.567356 -5.70662
-0.366394 0.28552 -0.88557 29.6673 0.26772 0.943857 0.193547 -0.784258 0.891113 -0.16617 -0.422263 -5.76868
-0.481688 0.268634 -0.834154 29.4359 0.267108 0.951571 0.152203 -0.829583 0.834644 -0.149495 -0.530114 -6.0362
-0.652024 0.251345 -0.715325 29.3815 0.324501 0.945188 0.0363275 -0.828142 0.685247 -0.208437 -0.697847 -6.17412
-0.778554 0.266295 -0.568279 29.4064 0.319976 0.947409 0.00558148 -0.87247 0.539879 -0.17749 -0.822817 -6.3797
-0.901817 0.300985 -0.310054 29.4531 0.339761 0.937239 -0.0783956 -0.886001 0.266999 -0.176043 -0.947481 -6.7096
-0.948526 0.307875 0.0742335 29.624 0.292796 0.941841 -0.164942 -0.920846 -0.120698 -0.134717 -0.983506 -6.9205
-0.883454 0.109198 0.455615 29.7295 0.00278701 0.973667 -0.227957 -0.962222 -0.46851 -0.200119 -0.860494 -6.9598
-0.933588 0.0767088 0.350041 29.6485 -0.0131634 0.96882 -0.247417 -0.994783 -0.358106 -0.235593 -0.903469 -7.20591
-0.827779 0.010002 0.560965 29.6727 -0.090351 0.984415 -0.150877 -1.07572 -0.553731 -0.175577 -0.813975 -7.93798
-0.591106 0.0287003 0.806083 29.839 -0.113501 0.986463 -0.118354 -1.15136 -0.798569 -0.161451 -0.579847 -8.28768
-0.193207 -0.0799583 0.977894 30.0571 -0.140739 0.988625 0.0530291 -1.26344 -0.971011 -0.127383 -0.202263 -8.47592
0.184448 -0.126547 0.974661 30.2821 -0.116629 0.981851 0.149552 -1.29485 -0.975898 -0.141258 0.166341 -8.57613
0.545404 -0.0617646 0.835895 30.626 -0.0606323 0.991761 0.112843 -1.25415 -0.835978 -0.112227 0.537165 -8.68913
0.842451 -0.0521933 0.536239 31.2032 -0.0169418 0.992238 0.123193 -1.27252 -0.538507 -0.112869 0.835028 -8.82675
0.983239 -0.129741 0.128099 31.6567 0.109043 0.981538 0.157142 -1.32251 -0.146121 -0.140539 0.979233 -9.19307
0.997049 -0.0535027 -0.0550442 32.3969 0.05922 0.992374 0.108104 -1.37742 0.0488406 -0.111045 0.992615 -10.1011
0.99091 -0.0340074 -0.13016 32.8902 0.0474387 0.993702 0.101523 -1.4564 0.125888 -0.106774 0.986282 -10.9794
0.936496 -0.048651 -0.347288 33.5091 0.0799451 0.993871 0.0763501 -1.56601 0.341445 -0.0992655 0.934645 -11.9953
0.890667 0.0715439 -0.448992 34.1787 0.0014062 0.987103 0.160078 -1.59356 0.454654 -0.143208 0.87908 -12.7537
0.875108 0.15041 -0.45996 34.8533 -0.0316359 0.96622 0.25577 -1.64394 0.482893 -0.209275 0.850305 -13.569
0.99218 0.0560655 -0.111517 35.1477 -0.0251081 0.964828 0.261681 -1.71366 0.122266 -0.256835 0.95869 -14.2987
0.923554 0.00841056 0.383375 35.191 -0.12394 0.952647 0.277674 -1.79006 -0.362886 -0.303962 0.880864 -15.0353
0.703751 -0.0907412 0.704628 34.9421 -0.127446 0.959596 0.250863 -1.84716 -0.698922 -0.266348 0.663752 -15.4119
0.376846 -0.13128 0.916926 34.601 -0.209964 0.952032 0.222599 -1.8467 -0.902165 -0.276406 0.331206 -15.6604
-0.132195 -0.243871 0.960756 34.2104 -0.242998 0.947659 0.207111 -1.86312 -0.960977 -0.206082 -0.184536 -15.7632
-0.47706 -0.365186 0.799408 33.6285 -0.372466 0.907871 0.192459 -1.88572 -0.796042 -0.205938 -0.569128 -15.5933
-0.727571 -0.411983 0.548552 33.1602 -0.417889 0.900285 0.121881 -1.92928 -0.544066 -0.140557 -0.827185 -15.237
-0.81921 -0.281126 0.499862 32.4611 -0.290733 0.954886 0.0605612 -2.35274 -0.494337 -0.0957139 -0.863985 -14.4325
-0.893834 -0.205998 0.398277 32.1371 -0.23151 0.972693 -0.0164682 -2.63497 -0.384009 -0.106925 -0.917117 -13.9328
-0.827647 -0.191902 0.527422 31.7875 -0.21764 0.975935 0.0135643 -2.86943 -0.517333 -0.103562 -0.849495 -13.44
-0.856207 -0.1801 0.484224 31.4381 -0.195924 0.98045 0.0182292 -3.15675 -0.47804 -0.0792634 -0.874754 -13.0417
-0.920685 -0.0953535 0.37848 30.8314 -0.1046 0.994507 -0.00389426 -3.57212 -0.37603 -0.0431744 -0.925601 -12.3581
-0.974436 -0.168087 0.149068 30.1649 -0.173839 0.984422 -0.0263396 -4.05689 -0.142319 -0.0515802 -0.988476 -11.6208
-0.977896 -0.132394 -0.161837 29.7458 -0.1164 0.987675 -0.104641 -4.49414 0.173697 -0.0834903 -0.981254 -10.6726
-0.891585 0.0915237 -0.443507 29.6819 0.170123 0.975323 -0.140727 -4.70208 0.419683 -0.200921 -0.885154 -9.93918
-0.664907 0.0969357 -0.740609 29.9754 0.275282 0.953548 -0.122337 -4.71929 0.694347 -0.285219 -0.660706 -9.39298
-0.187763 0.0749875 -0.979348 30.509 0.30528 0.952154 0.0143762 -4.86447 0.933568 -0.296276 -0.201671 -8.99368
0.24412 -0.0725538 -0.967027 31.2287 0.311976 0.950061 0.00747583 -4.93751 0.918192 -0.303514 0.254564 -8.88419
0.64747 -0.0992666 -0.755599 31.9636 0.217797 0.974231 0.0586398 -5.01895 0.730307 -0.202534 0.652405 -9.08109
0.752989 0.047296 -0.656331 32.8443 0.118968 0.971193 0.206473 -5.05533 0.64719 -0.233554 0.725671 -9.72479
0.773345 0.0754525 -0.629479 33.5233 0.0931886 0.96858 0.230585 -5.11721 0.627099 -0.236982 0.742015 -10.5687
0.943445 0.112867 -0.311724 33.9857 -0.0325305 0.967243 0.251759 -5.22631 0.329928 -0.22738 0.916213 -11.5766
0.999466 0.0316243 -0.0082385 34.2806 -0.029383 0.979959 0.197023 -5.37326 0.0143041 -0.196675 0.980364 -12.5977
0.997122 -0.0707169 0.0273305 34.5955 0.066573 0.989189 0.130662 -5.53802 -0.036275 -0.128466 0.99105 -13.7581
0.91306 -0.319595 -0.25334 34.8818 0.345994 0.935888 0.0663442 -5.8671 0.215895 -0.14823 0.9651 -14.5753
0.914499 -0.0930428 -0.393745 35.2457 0.153151 0.980387 0.124037 -5.77367 0.374482 -0.173734 0.910813 -15.2723
0.906618 0.111914 -0.406841 35.8533 -0.0358997 0.981148 0.189894 -5.77384 0.420423 -0.157556 0.893544 -15.9295
0.805118 0.313632 -0.503408 36.3356 -0.139566 0.925101 0.353141 -5.79789 0.57646 -0.214062 0.788588 -16.3146
0.718115 0.268159 -0.642185 36.5336 -0.0235718 0.931623 0.362661 -5.82431 0.695525 -0.245295 0.675333 -16.3555
0.515845 0.256636 -0.817339 36.7982 0.0450743 0.944622 0.325049 -5.89271 0.855496 -0.204516 0.475711 -16.6569
0.520923 0.270127 -0.809735 37.042 0.0814826 0.92854 0.36218 -5.93493 0.849706 -0.254647 0.461687 -16.9568
0.335531 0.269912 -0.902533 37.0628 0.154353 0.929373 0.335322 -5.92221 0.929298 -0.25182 0.270172 -16.9441
0.317449 0.277076 -0.906893 37.0801 0.124079 0.936001 0.329402 -5.9378 0.940123 -0.217095 0.262753 -16.9303
0.196242 0.231732 -0.95278 37.0562 0.137276 0.955612 0.260695 -5.94643 0.970899 -0.181953 0.15572 -16.9663
0.186031 0.261043 -0.947232 36.566 0.096411 0.954559 0.281996 -5.93482 0.977802 -0.143784 0.15241 -17.2499
0.0150529 0.212163 -0.977118 36.2561 0.189002 0.959008 0.211142 -5.95973 0.981861 -0.187856 -0.0256633 -17.4367
0.435966 0.279436 -0.855482 36.1684 0.144618 0.916468 0.373056 -5.92164 0.888267 -0.286358 0.359138 -17.3314
0.677889 0.32196 -0.660915 36.1856 -0.0543458 0.918489 0.391695 -5.89571 0.733153 -0.229607 0.64013 -17.522
0.808015 0.310716 -0.500567 36.4851 -0.148634 0.92965 0.337135 -5.95818 0.570105 -0.198009 0.797354 -18.3798
0.812215 0.230261 -0.535991 37.1039 -0.100425 0.960276 0.260354 -6.14126 0.574649 -0.157637 0.803075 -19.3165
0.792687 0.147655 -0.591477 37.7592 -0.00956526 0.973118 0.230108 -6.25832 0.609553 -0.176746 0.772791 -20.0828
0.75297 0.092814 -0.651477 38.4145 0.0517801 0.978577 0.199262 -6.3821 0.656015 -0.183772 0.732033 -20.8787
0.740496 0.138892 -0.657552 39.283 0.0103546 0.975938 0.217804 -6.50947 0.671981 -0.168091 0.72124 -21.7022
0.366032 0.242927 -0.898336 39.8803 0.0705216 0.955311 0.287068 -6.57351 0.927926 -0.168428 0.332542 -22.1741
-0.114169 0.161535 -0.980241 39.9451 0.195354 0.971078 0.137272 -6.61833 0.974065 -0.175822 -0.142424 -22.1519
-0.475022 0.0851792 -0.875842 39.8312 0.118317 0.992449 0.032349 -6.60192 0.871983 -0.0882607 -0.481513 -21.9959
-0.510232 0.0945795 -0.85482 39.5847 0.221911 0.974756 -0.0246067 -6.53713 0.830914 -0.202249 -0.51834 -21.7793
-0.164182 0.0134549 -0.986338 39.6725 0.157662 0.987411 -0.0127743 -6.57637 0.973749 -0.157605 -0.164237 -21.9493
0.196987 0.110121 -0.974202 39.9311 0.0908316 0.987348 0.129974 -6.64816 0.976189 -0.114091 0.184492 -22.4128
0.530886 0.186376 -0.826695 40.405 0.0295673 0.970849 0.237863 -6.71398 0.846927 -0.150721 0.509899 -22.8268
0.583194 0.165847 -0.795223 41.3875 0.0424513 0.971377 0.233717 -6.87825 0.811223 -0.170061 0.559461 -23.6254
0.440535 0.337774 -0.831768 42.1412 -0.00616973 0.927635 0.373437 -6.94156 0.897714 -0.159381 0.41074 -24.3214
0.213927 0.297674 -0.93039 42.3831 0.128394 0.935608 0.328865 -6.97174 0.968375 -0.18981 0.161932 -24.5331
0.596484 0.318533 -0.736711 42.3643 0.00177424 0.917352 0.398074 -6.97487 0.802623 -0.238752 0.54662 -24.3739
0.750597 0.364581 -0.551076 42.4445 -0.133751 0.90057 0.413623 -6.9951 0.647082 -0.236757 0.724728 -24.7513
0.569807 0.226597 -0.78992 42.8037 0.0561668 0.948246 0.31253 -7.11801 0.819857 -0.222449 0.52759 -25.8572
0.452102 0.0257531 -0.891594 43.5768 0.219807 0.96554 0.139347 -7.36199 0.864459 -0.258978 0.430862 -26.7688
0.536395 0.0562709 -0.842089 44.4213 0.123575 0.981785 0.144321 -7.45514 0.834871 -0.181474 0.519671 -27.6533
0.555292 0.140963 -0.819622 45.2011 0.0631937 0.97553 0.210591 -7.52408 0.829251 -0.168734 0.532796 -28.3109
0.486281 0.167588 -0.857581 46.1722 0.0813349 0.968494 0.235383 -7.65734 0.870009 -0.184213 0.457329 -29.0855
0.460416 0.15303 -0.874414 47.1484 0.105476 0.96862 0.225055 -7.79709 0.881415 -0.195849 0.429827 -29.8426
0.275806 0.0330186 -0.960646 47.9211 0.161402 0.983629 0.0801478 -7.98116 0.947566 -0.177155 0.265962 -30.5532
0.380454 0.116624 -0.917417 48.7022 0.128852 0.975656 0.177463 -8.08514 0.915779 -0.185727 0.356165 -31.4898
0.219084 0.0369845 -0.975005 49.4214 0.252112 0.963201 0.0931864 -8.2456 0.942572 -0.266227 0.201697 -32.3893
-0.114096 0.167926 -0.979175 49.8291 0.291382 0.947922 0.128614 -8.22076 0.949778 -0.270639 -0.157085 -32.7585
-0.389619 0.221627 -0.893912 50.489 0.351595 0.932893 0.0780463 -8.30627 0.851222 -0.283886 -0.441396 -33.198
-0.484297 0.168887 -0.858449 51.5448 0.313158 0.949647 0.0101595 -8.38286 0.816939 -0.26391 -0.512799 -33.3891
-0.627166 0.107474 -0.771435 52.5778 0.247991 0.966445 -0.066971 -8.43865 0.738352 -0.233311 -0.632774 -33.0509
-0.412531 0.132104 -0.901314 53.6722 0.262305 0.964749 0.0213448 -8.46006 0.872362 -0.227613 -0.43264 -32.4871
-0.102987 0.119498 -0.987478 54.6932 0.211873 0.97261 0.0956022 -8.48725 0.971856 -0.199374 -0.125485 -32.1452
-0.242954 0.111278 -0.963634 55.8012 0.226644 0.972415 0.0551503 -8.53692 0.943189 -0.205003 -0.261473 -32.0373
-0.574256 0.000494045 -0.818676 56.0618 0.147772 0.983637 -0.10306 -8.58296 0.805229 -0.18016 -0.564933 -31.9219
-0.850307 -0.0736375 -0.52111 56.0462 0.0670713 0.966927 -0.246077 -8.57154 0.521996 -0.244192 -0.817246 -31.7468
-0.984794 -0.00212703 -0.173713 55.9065 0.0297255 0.983116 -0.180554 -8.53084 0.171164 -0.182972 -0.968103 -31.3054
-0.997099 -0.0755493 0.00928492 55.7803 -0.0761078 0.987549 -0.137678 -8.52708 0.00123215 -0.137985 -0.990434 -30.2551
-0.998671 -0.000444691 -0.0515364 55.7583 0.00484725 0.99472 -0.102513 -8.44661 0.0513099 -0.102627 -0.993396 -29.0574
-0.936139 -0.0183329 0.351151 55.5277 -0.0734883 0.986787 -0.144396 -8.41565 -0.343864 -0.16098 -0.925118 -28.3624
-0.73609 -0.0667079 0.673588 55.1618 -0.182731 0.977768 -0.102854 -8.38471 -0.651752 -0.198795 -0.731915 -28.008
-0.582186 0.0588152 0.810925 54.2932 -0.115232 0.981344 -0.153904 -8.24131 -0.804848 -0.183045 -0.564548 -27.3091
-0.403721 0.090957 0.91035 53.4818 -0.185379 0.966272 -0.178756 -8.13803 -0.895904 -0.240928 -0.373242 -26.7615
-0.457242 0.0889527 0.884883 52.7758 -0.145327 0.974138 -0.173019 -8.00477 -0.877388 -0.207709 -0.432489 -25.8402
-0.403072 -0.041354 0.914233 52.0069 -0.200479 0.978704 -0.0441179 -7.93535 -0.89294 -0.201067 -0.402779 -24.9052
-0.113095 0.112574 0.987186 51.0929 -0.170784 0.976571 -0.130929 -7.7495 -0.978796 -0.183404 -0.0912197 -24.3999
0.192988 0.00695797 0.981176 50.1257 -0.143205 0.989467 0.0211503 -7.74436 -0.970695 -0.144591 0.191952 -24.4129
0.603466 -0.0151582 0.797244 49.6768 -0.0894594 0.99222 0.0865807 -7.77617 -0.792354 -0.12357 0.597415 -24.7484
0.895957 -0.0891664 0.435099 49.3562 0.0229606 0.987629 0.155118 -7.80759 -0.443548 -0.128989 0.88692 -25.2454
0.995224 -0.088063 0.0421263 49.2983 0.080865 0.985436 0.14959 -7.82563 -0.0546862 -0.145469 0.98785 -25.7609
0.968787 -0.0581284 -0.240985 49.402 0.104218 0.977541 0.183172 -7.84074 0.224925 -0.20257 0.953087 -26.3289
0.985024 -0.0374785 -0.168293 49.9032 0.0712679 0.977305 0.19949 -7.92432 0.156997 -0.208496 0.96534 -27.2535
0.988952 -0.0757189 0.127437 50.4363 0.0393613 0.962973 0.266711 -8.05976 -0.142913 -0.258748 0.955314 -28.3306
0.978696 -0.130074 0.158857 50.8889 0.0919082 0.969421 0.227542 -8.19611 -0.183597 -0.208094 0.960723 -29.4166
0.984262 -0.132289 -0.117164 51.2959 0.14803 0.979335 0.137801 -8.27198 0.0965129 -0.152976 0.983506 -29.9923
0.997421 -0.0603724 -0.0388125 51.6186 0.0676251 0.971678 0.226424 -8.35089 0.0240435 -0.228465 0.973255 -30.9226
0.996299 0.00551533 0.0857772 51.8735 -0.03137 0.952435 0.303122 -8.37509 -0.0800254 -0.304691 0.949084 -31.8887
0.957158 0.234941 -0.169268 52.1767 -0.16866 0.927494 0.333629 -8.33941 0.235378 -0.290786 0.927384 -32.5814
0.967207 0.252802 -0.0245264 52.0932 -0.233723 0.923672 0.303652 -8.43197 0.099418 -0.287962 0.952467 -33.8153
0.949378 0.132043 0.285038 51.7604 -0.181047 0.971505 0.152967 -8.60079 -0.256718 -0.196829 0.946231 -34.8526
0.887126 0.289445 0.359485 51.6454 -0.316746 0.948338 0.0180863 -8.65486 -0.335678 -0.12991 0.932976 -35.989
0.986268 0.153105 -0.0619278 51.887 -0.139058 0.972128 0.188761 -8.71723 0.089102 -0.177557 0.980068 -36.7073
0.853565 0.190145 -0.485049 52.1726 -0.0327609 0.948766 0.314276 -8.76653 0.519956 -0.252365 0.816063 -37.0637
0.538357 0.18442 -0.82229 52.6245 0.171085 0.931523 0.320929 -8.86808 0.825168 -0.313456 0.46994 -37.5665
0.359859 0.0150429 -0.932885 53.2612 0.321704 0.936552 0.139199 -9.06391 0.87579 -0.350205 0.332188 -38.3042
0.482196 0.0066497 -0.876038 53.8512 0.279879 0.946399 0.161237 -9.23143 0.830154 -0.322932 0.454489 -39.2232
0.483203 -0.0583434 -0.873562 54.4294 0.250817 0.965181 0.0742744 -9.37327 0.838812 -0.254993 0.481012 -40.0407
0.281839 0.100553 -0.954178 55.1274 0.131588 0.981045 0.142252 -9.37853 0.950395 -0.16565 0.263265 -40.5451
-0.180518 0.0929507 -0.97917 55.8931 0.184332 0.981083 0.0591491 -9.46795 0.966144 -0.169815 -0.194237 -40.4237
-0.563744 0.0623607 -0.823592 56.1818 0.213722 0.974199 -0.0725269 -9.46966 0.79782 -0.216906 -0.562526 -40.1786
-0.838884 0.0916131 -0.536544 56.5808 0.234665 0.950292 -0.204639 -9.45432 0.491126 -0.297577 -0.818684 -39.6703
-0.801913 0.0349158 -0.59642 57.4633 0.204382 0.954092 -0.218946 -9.47181 0.561394 -0.297473 -0.772234 -38.8081
-0.680169 -0.00177355 -0.733054 58.4264 0.193942 0.963929 -0.182282 -9.52538 0.706935 -0.266152 -0.655291 -38.2504
-0.857841 0.0583205 -0.510595 59.4301 0.175428 0.967093 -0.184271 -9.48521 0.483046 -0.247648 -0.839844 -37.546
-0.890775 0.105211 -0.442099 60.3952 0.251604 0.924302 -0.286985 -9.48451 0.378439 -0.366873 -0.849817 -36.923
-0.704862 0.00759353 -0.709304 61.1039 0.214735 0.955308 -0.203163 -9.5337 0.676061 -0.295515 -0.674991 -36.6071
-0.458828 -0.0346005 -0.887851 61.3707 0.268779 0.947021 -0.175807 -9.56127 0.846897 -0.319301 -0.42522 -36.568
-0.152779 -0.0432508 -0.987313 61.6246 0.285787 0.954423 -0.0860334 -9.61339 0.946036 -0.295306 -0.133456 -36.9539
0.149627 -0.0173846 -0.98859 62.0795 0.232379 0.972457 0.0180706 -9.68469 0.961047 -0.232432 0.149545 -37.2847
0.267407 -0.0107478 -0.963524 62.9027 0.254285 0.965278 0.0598044 -9.77717 0.929426 -0.261002 0.260855 -37.8867
0.400918 0.00827882 -0.916077 63.8104 0.179775 0.979806 0.0875324 -9.86484 0.898302 -0.199781 0.391333 -38.3757
0.0959295 0.0162249 -0.995256 64.5477 0.235681 0.971066 0.0385471 -9.9519 0.967084 -0.238261 0.08933 -38.6062
0.55496 -0.0956287 -0.826362 65.0362 0.254739 0.965185 0.0593813 -10.0308 0.791914 -0.243461 0.56 -38.981
0.840554 -0.0273952 -0.541035 65.0474 0.180201 0.955987 0.231554 -10.0106 0.510879 -0.292128 0.808495 -39.0052
0.978674 0.0207382 -0.204371 64.9065 0.0395785 0.957214 0.286662 -9.94821 0.201571 -0.288637 0.935979 -38.9881
0.984582 0.0113361 0.174554 64.8053 -0.0572771 0.963778 0.260484 -9.93218 -0.165278 -0.266466 0.949568 -38.9979
0.84132 0.0534502 0.537888 64.8107 -0.159234 0.975449 0.15213 -9.95454 -0.516551 -0.21364 0.829176 -39.1864
0.605067 0.0258498 0.795755 64.6781 -0.281254 0.941973 0.183257 -9.96318 -0.744842 -0.334692 0.577227 -39.4467
0.3194 -0.137267 0.937625 64.6341 -0.276304 0.932969 0.230708 -10.0555 -0.906443 -0.332757 0.260063 -39.4721
-0.109193 0.011339 0.993956 64.7486 -0.237347 0.970714 -0.0371481 -9.99568 -0.965269 -0.239968 -0.103304 -39.3154
-0.340552 0.144928 0.928989 64.669 -0.0835653 0.979473 -0.183437 -9.95146 -0.936505 -0.140101 -0.321451 -39.133
-0.190911 0.203389 0.960305 63.7772 -0.167068 0.957293 -0.235964 -9.80905 -0.967285 -0.205485 -0.148778 -38.6819
0.212622 0.168149 0.962558 62.7224 -0.225944 0.966846 -0.118988 -9.74851 -0.950653 -0.192184 0.243565 -38.5106
0.422056 0.0835984 0.902707 61.6337 -0.186786 0.982394 -0.00364737 -9.69205 -0.887119 -0.167073 0.43024 -38.4182
0.30686 0.0411621 0.950864 60.6249 -0.137912 0.990443 0.00163123 -9.6737 -0.94171 -0.131636 0.309604 -38.2103
0.580766 -0.0393049 0.813121 59.7319 -0.0565506 0.994473 0.088462 -9.64132 -0.812104 -0.0973582 0.575333 -38.2175
0.821612 0.0215712 0.569638 58.728 -0.0811799 0.993527 0.0794659 -9.54738 -0.564237 -0.111533 0.818045 -38.6744
0.870708 -0.0293594 0.490923 57.7624 -0.0500698 0.987738 0.147876 -9.53958 -0.489245 -0.153337 0.858561 -39.5064
0.784314 0.00334482 0.620354 56.9303 -0.105298 0.986193 0.127811 -9.54745 -0.611362 -0.165567 0.773838 -40.2108
0.445749 -0.0563448 0.893383 56.0266 -0.203293 0.965568 0.16233 -9.50752 -0.871768 -0.253977 0.418947 -40.7298
0.122934 -0.0689007 0.99002 55.497 -0.259348 0.96069 0.0990634 -9.50041 -0.957928 -0.268938 0.100232 -40.8817
-0.334916 -0.0976239 0.937177 54.4841 -0.31508 0.948966 -0.0137472 -9.491 -0.888007 -0.29989 -0.348583 -40.7094
-0.60278 -0.0831961 0.793558 53.8101 -0.228585 0.970869 -0.0718459 -9.41653 -0.764464 -0.224703 -0.604238 -40.2503
-0.640009 0.0368478 0.767484 53.0239 -0.0796865 0.99028 -0.113995 -9.31288 -0.764225 -0.134116 -0.630852 -39.5089
-0.673347 0.12072 0.729404 52.3472 -0.00926099 0.985124 -0.171592 -9.22563 -0.739268 -0.122296 -0.662213 -38.6659
-0.636272 0.0551642 0.76949 51.721 -0.0700284 0.989192 -0.128819 -9.20291 -0.76828 -0.13585 -0.625533 -37.8032
-0.613975 0.0304137 0.788739 51.163 -0.0868009 0.990595 -0.105765 -9.19625 -0.784538 -0.1334 -0.605561 -36.9221
-0.613969 0.0136115 0.789213 50.4978 -0.100306 0.9904 -0.0951142 -9.19864 -0.782931 -0.13756 -0.606709 -36.0173
-0.598888 0.0166068 0.80066 49.8292 -0.0681324 0.995104 -0.0716024 -9.1386 -0.797929 -0.0974328 -0.594825 -35.1547
-0.581545 0.0733734 0.810199 48.9957 -0.0689955 0.987888 -0.138989 -9.06353 -0.810583 -0.136728 -0.569438 -34.1622
-0.585986 0.0181254 0.810118 48.1604 -0.156832 0.97831 -0.13533 -9.07649 -0.794999 -0.206354 -0.570433 -33.1572
-0.588469 -0.0416876 0.807444 47.576 -0.183492 0.979498 -0.083159 -9.10065 -0.787423 -0.197096 -0.584054 -32.3042
-0.570066 -0.026142 0.821183 46.9699 -0.129472 0.989864 -0.0583676 -9.06413 -0.811334 -0.139594 -0.567672 -31.4939
-0.60178 0.0958937 0.792884 46.297 0.175811 0.984319 0.0143902 -9.06831 -0.779071 0.148058 -0.609203 -30.7257
-0.541877 0.197126 0.817014 45.8155 0.381957 0.923678 0.0304681 -9.04822 -0.748651 0.328574 -0.575813 -30.1231
-0.492343 0.201803 0.846684 45.137 0.107223 0.979404 -0.171086 -8.98363 -0.863772 0.00655046 -0.503841 -29.3778
-0.196062 0.0926605 0.976204 44.3848 -0.0893505 0.989696 -0.111886 -8.99171 -0.976512 -0.109161 -0.185762 -28.7458
0.165676 -0.0273921 0.9858 43.7068 -0.055332 0.997781 0.0370242 -9.06809 -0.984627 -0.0606803 0.163792 -28.1644
0.520444 -0.0507716 0.852385 43.3 -0.0450199 0.995211 0.0867669 -9.08904 -0.852708 -0.0835315 0.515666 -27.7361
0.855087 -0.0593426 0.515077 43.0921 0.0120772 0.995439 0.094636 -9.08613 -0.518344 -0.0747014 0.851903 -27.4719
0.98243 -0.116012 0.146193 42.9567 0.105041 0.99119 0.0806763 -9.06199 -0.154264 -0.0639026 0.985961 -27.1853
0.96765 -0.0482953 -0.24763 42.5667 0.0825572 0.988084 0.129898 -9.00467 0.238406 -0.146139 0.960107 -26.6525
0.854028 0.160253 -0.494929 42.3196 -0.0358111 0.967225 0.251384 -8.93402 0.518993 -0.196965 0.831776 -26.4001
0.844764 0.198121 -0.497114 41.9357 -0.0861156 0.967165 0.239116 -8.89025 0.528165 -0.159188 0.834087 -25.9825
0.733147 0.0226418 -0.679693 41.8336 0.0483141 0.995186 0.0852653 -8.91229 0.678352 -0.0953508 0.728524 -25.4822
0.527938 0.00809392 -0.849244 41.4599 0.0933352 0.993345 0.0674897 -8.90118 0.844139 -0.114895 0.523669 -25.0749
0.71991 -0.139825 -0.679837 40.914 0.150852 0.987604 -0.0433817 -8.95198 0.677476 -0.0713237 0.732079 -24.5294
0.892596 -0.0725765 -0.444977 40.4443 0.103907 0.993505 0.0463881 -8.93928 0.43872 -0.0876419 0.89434 -24.0345
0.985868 0.0845852 -0.144603 40.0285 -0.0614285 0.985574 0.157705 -8.87305 0.155856 -0.146593 0.976841 -23.5525
0.955068 0.239116 -0.175123 39.4477 -0.187876 0.945412 0.266267 -8.87669 0.229232 -0.221402 0.947858 -22.688
0.96807 0.127438 -0.215871 38.709 -0.0857992 0.977571 0.192338 -8.88622 0.23554 -0.167675 0.957291 -21.8674
0.975896 0.123644 -0.17983 38.0302 -0.102688 0.987261 0.121535 -8.88179 0.192566 -0.100139 0.976161 -20.9887
0.997126 0.0731992 0.0195136 37.3154 -0.0751525 0.988247 0.133116 -8.8941 -0.00954024 -0.1342 0.990908 -20.2033
0.983381 0.0176621 0.180693 36.9516 -0.00478849 0.997434 -0.0714353 -8.90346 -0.181491 0.0693828 0.980942 -19.8726
0.920375 -0.095875 0.379102 36.726 0.0745891 0.994721 0.0704795 -8.94496 -0.383858 -0.0365907 0.922667 -20.004
0.814368 -0.136561 0.564053 36.5809 0.0799743 0.989055 0.123992 -8.9527 -0.574812 -0.0558652 0.816376 -19.8027
0.961381 -0.142007 0.235754 36.5957 0.127075 0.988865 0.0774442 -8.92827 -0.244126 -0.044495 0.968722 -19.6235
0.999629 -0.0217305 -0.0164126 36.5782 0.0241857 0.985433 0.168335 -8.88816 0.0125155 -0.16867 0.985593 -19.4397
0.946709 0.123615 -0.297425 36.3018 -0.0643563 0.977398 0.201376 -8.85783 0.315596 -0.171503 0.933266 -19.208
0.707143 0.0988508 -0.700127 35.9879 0.00754694 0.989068 0.147269 -8.79705 0.707031 -0.109424 0.698666 -18.4872
0.330948 0.096921 -0.938659 35.8107 0.0472258 0.991764 0.119055 -8.78454 0.942467 -0.0837299 0.323645 -18.0594
0.258553 -0.00129987 -0.965996 35.7728 0.054442 0.998429 0.0132281 -8.82939 0.964462 -0.0560109 0.258217 -17.1933
-0.207196 0.0104325 -0.978244 35.7121 0.119086 0.992776 -0.0146355 -8.82305 0.971024 -0.119528 -0.206942 -16.5807
-0.53648 -0.00247216 -0.843909 35.4604 0.0986054 0.992963 -0.065593 -8.81393 0.838133 -0.118403 -0.532461 -16.0393
-0.853698 0.05141 -0.518224 35.0019 0.0744309 0.996944 -0.0237129 -8.82906 0.515422 -0.0588156 -0.854916 -15.5692
-0.983135 0.108235 -0.147416 34.4714 0.127565 0.983447 -0.128685 -8.79979 0.131048 -0.14532 -0.980667 -15.2268
-0.983317 0.0739015 0.166213 33.6828 0.0312033 0.968737 -0.24612 -8.74287 -0.179206 -0.236828 -0.954881 -14.5796
-0.948562 -0.0254591 0.315567 33.0213 -0.118024 0.953345 -0.277855 -8.74288 -0.293771 -0.300807 -0.907311 -13.7574
-0.970341 0.12359 0.207759 32.4984 0.0744865 0.970474 -0.229418 -8.68602 -0.229979 -0.207139 -0.950896 -12.8241
-0.960213 0.0271082 0.277951 31.9266 -0.0260293 0.982258 -0.185719 -8.72132 -0.278054 -0.185565 -0.942471 -11.8595
-0.832119 -0.0922937 0.546863 31.4358 -0.181025 0.977249 -0.110522 -8.69727 -0.524221 -0.190963 -0.829895 -11.2436
-0.946392 -0.0443983 0.319955 31.1343 -0.116657 0.970637 -0.21037 -8.70936 -0.30122 -0.236418 -0.923782 -10.7814
-0.998682 -0.0334252 -0.0389467 30.9981 -0.0259383 0.983514 -0.178962 -8.68224 0.0442864 -0.177716 -0.983085 -10.394
-0.844919 -0.040418 -0.533365 30.888 0.028804 0.992256 -0.120822 -8.68245 0.534118 -0.117448 -0.837212 -9.92863
-0.575886 0.0435777 -0.816368 30.9428 0.107824 0.993904 -0.023007 -8.65048 0.810389 -0.101273 -0.577074 -9.72155
-0.134904 0.00141781 -0.990858 31.0242 0.0765784 0.997023 -0.00899945 -8.66703 0.987895 -0.0770924 -0.134611 -9.5589
0.245099 0.00543772 -0.969483 31.0911 0.0474127 0.998721 0.0175883 -8.68837 0.968338 -0.0502767 0.244528 -9.52646
0.640964 0.147503 -0.753265 31.4363 -0.0651983 0.988278 0.138045 -8.66835 0.764797 -0.0393704 0.643068 -9.57003
0.886314 0.119822 -0.447314 31.8563 -0.0478837 0.98448 0.168835 -8.66196 0.460602 -0.128222 0.878297 -9.80051
0.958005 0.184378 -0.219615 32.6566 -0.141479 0.970085 0.197277 -8.71083 0.249419 -0.157921 0.955432 -10.4713
0.963663 0.122021 -0.237623 32.9042 -0.0951613 0.988027 0.121438 -8.74667 0.249596 -0.094413 0.963737 -10.6521
0.989357 0.128807 -0.067684 32.8921 -0.0874603 0.898175 0.430851 -8.78728 0.116289 -0.420346 0.899881 -10.5385
0.987878 -0.0423367 0.149348 32.8537 -0.0209424 0.916947 0.398458 -8.82473 -0.153814 -0.396756 0.904945 -10.5108
0.981037 -0.181928 0.0668528 32.8417 0.151416 0.934687 0.321609 -8.88437 -0.120996 -0.305388 0.94451 -10.5189
0.91577 -0.15053 0.372432 -14.3254 0.0609661 0.968476 0.24153 -2.59789 -0.397049 -0.19848 0.896079 29.1854
0.719121 -0.228136 0.656368 -14.4829 0.0909917 0.967353 0.236535 -2.59952 -0.688901 -0.110373 0.716403 29.3082
0.497039 -0.128204 0.858205 -15.0569 0.0419678 0.99142 0.123798 -2.57613 -0.866713 -0.0255155 0.498154 29.1473
0.371684 0.107637 0.922098 -15.8398 -0.114218 0.991012 -0.069642 -2.49905 -0.921306 -0.0794355 0.380637 28.5561
0.41725 0.0472168 0.907564 -16.559 -0.167242 0.985583 0.0256133 -2.53564 -0.893271 -0.16247 0.419131 27.9142
0.420941 -0.0413477 0.906145 -17.436 -0.203909 0.96908 0.138944 -2.56392 -0.883872 -0.243258 0.399494 27.0926
0.653354 -0.0233716 0.756692 -18.3779 -0.125231 0.982417 0.138472 -2.54349 -0.746623 -0.185233 0.638939 26.3441
0.937413 -0.0367212 0.346278 -18.965 -0.029345 0.982556 0.183635 -2.52421 -0.346981 -0.182304 0.919983 25.6557
0.999656 0.0233365 -0.0119962 -19.0496 -0.0211993 0.98771 0.154854 -2.55619 0.0154625 -0.154546 0.987865 25.2436
0.92779 0.000208979 -0.373102 -19.065 0.0775328 0.978062 0.193348 -2.58789 0.364957 -0.208314 0.90742 24.8081
0.800112 0.00277198 -0.599844 -18.6538 0.117543 0.979878 0.161315 -2.62275 0.588221 -0.199577 0.783687 23.7669
0.844644 0.121494 -0.521359 -18.1238 -0.00948273 0.977149 0.212346 -2.56657 0.535244 -0.174413 0.826495 22.9353
0.840157 0.132962 -0.525792 -17.5845 -0.0186379 0.975988 0.217026 -2.56348 0.542023 -0.172536 0.822461 22.1493
0.830069 0.123549 -0.543802 -16.9677 0.0137159 0.970331 0.24139 -2.58527 0.557491 -0.207829 0.803748 21.3386
0.874604 0.132064 -0.466505 -16.3149 -0.0250645 0.973217 0.228519 -2.63966 0.48419 -0.188171 0.854489 20.4573
0.877555 0.017702 -0.479149 -15.6459 0.0818308 0.979128 0.186046 -2.70104 0.472441 -0.202474 0.85779 19.5707
0.838317 0.106184 -0.534742 -15.0014 0.00809455 0.978317 0.206954 -2.67937 0.545123 -0.177822 0.81928 18.7035
0.820526 0.236378 -0.520445 -14.4217 -0.0822244 0.94983 0.301764 -2.64398 0.565665 -0.204812 0.798796 17.8955
0.814388 0.323047 -0.482092 -13.8915 -0.138242 0.914813 0.379481 -2.61641 0.563614 -0.2424 0.789672 17.1014
0.826871 0.322745 -0.460565 -13.17 -0.160247 0.920201 0.357142 -2.66302 0.539078 -0.221506 0.812607 16.2286
0.82316 0.234429 -0.517156 -12.5293 -0.100976 0.956712 0.272957 -2.71727 0.558758 -0.172467 0.811199 15.441
0.827245 0.249032 -0.503635 -11.9473 -0.124289 0.955307 0.268219 -2.73904 0.547921 -0.159287 0.821225 14.6309
0.811629 0.198315 -0.549481 -11.3309 -0.0529238 0.961707 0.268921 -2.81429 0.581771 -0.189183 0.791045 13.9337
0.811044 0.136806 -0.568764 -10.7224 0.0223424 0.964316 0.26381 -2.8529 0.584559 -0.226669 0.779046 13.189
0.728248 0.0832128 -0.680243 -10.0716 0.0986296 0.969541 0.224192 -2.9039 0.678179 -0.230359 0.697859 12.3867
0.682847 0.00880052 -0.730509 -9.45792 0.178997 0.967434 0.178973 -2.91862 0.708294 -0.25297 0.659034 11.6381
0.655647 0.0903065 -0.749648 -8.6831 0.108331 0.9713 0.211755 -2.94471 0.747256 -0.220046 0.627047 10.8028
0.829716 0.144078 -0.53927 -7.93231 -0.00902024 0.969448 0.245132 -2.9677 0.558112 -0.198525 0.805666 9.95202
0.823704 0.132706 -0.551272 -7.22081 0.0114419 0.968139 0.250154 -3.01931 0.566905 -0.21236 0.795941 9.16792
0.815654 0.222337 -0.534111 -6.51833 -0.0600017 0.950737 0.304138 -3.04269 0.57542 -0.216024 0.788813 8.35222
0.946784 0.212358 -0.241877 -6.14217 -0.157029 0.960722 0.228811 -3.03195 0.280967 -0.178653 0.942943 7.69279
0.972618 0.204542 0.110347 -6.18764 -0.225118 0.947135 0.228599 -3.01644 -0.0577551 -0.247181 0.967247 7.41831
0.913781 0.353421 0.200245 -6.21846 -0.380969 0.916693 0.12057 -2.94131 -0.140951 -0.186462 0.972299 7.35316
0.855561 0.377469 0.354305 -6.28429 -0.416599 0.908283 0.0383194 -2.91321 -0.307345 -0.180388 0.934344 7.36051
0.809724 0.367341 0.45761 -6.25838 -0.426878 0.903818 0.0298164 -2.92681 -0.402643 -0.219487 0.888653 7.22007
0.866193 0.304531 0.396195 -6.29896 -0.357509 0.931607 0.0655443 -2.93215 -0.349138 -0.198417 0.915824 7.29965
0.733756 0.236742 0.636833 -6.25821 -0.308581 0.951196 0.00193921 -2.95962 -0.605293 -0.197937 0.771 7.47312
0.539562 0.0972138 0.836315 -6.23216 -0.200917 0.979481 0.015769 -2.9921 -0.817622 -0.176538 0.548022 7.74781
0.362808 0.00611639 0.931844 -6.48687 -0.141905 0.988679 0.0487605 -3.01985 -0.920996 -0.149924 0.359568 7.90582
0.617879 -0.101197 0.779734 -7.00577 -0.125263 0.966348 0.224678 -3.03899 -0.776231 -0.236495 0.58441 7.79958
0.547415 -0.0372459 0.836032 -7.68591 -0.234275 0.952244 0.195821 -2.9963 -0.8034 -0.303057 0.512547 7.31239
0.633139 -0.0162735 0.773867 -8.38889 -0.243924 0.944643 0.219431 -2.98078 -0.734599 -0.327695 0.594121 6.79899
0.510887 -0.083442 0.855589 -9.29038 -0.226326 0.947109 0.227511 -2.98726 -0.82932 -0.309874 0.46498 6.84397
0.136997 -0.116785 0.983663 -9.46988 -0.30779 0.938854 0.154332 -2.96115 -0.94154 -0.323905 0.0926745 6.9195
-0.240295 -0.108131 0.964658 -9.48335 -0.321091 0.946688 0.0261335 -2.96664 -0.916056 -0.303463 -0.262204 6.933
-0.53542 -0.101672 0.838444 -9.26527 -0.278408 0.958488 -0.0615586 -2.96587 -0.79738 -0.266389 -0.5415 6.88756
-0.804143 -0.130818 0.579863 -9.1832 -0.227298 0.969022 -0.0965989 -2.97861 -0.549263 -0.209481 -0.808967 6.91217
-0.971553 -0.0564413 0.229999 -8.94633 -0.0992938 0.978781 -0.179242 -2.96297 -0.215002 -0.196981 -0.956542 6.8844
-0.984091 0.0131851 -0.177175 -8.76402 0.0524366 0.974373 -0.21874 -2.95516 0.16975 -0.224551 -0.959563 6.86287
-0.856802 -0.0198179 -0.515265 -8.65221 0.103318 0.972399 -0.209201 -2.96462 0.505189 -0.23248 -0.831106 6.79115
-0.61457 -0.010913 -0.788787 -8.68603 0.143426 0.981693 -0.12533 -2.97245 0.775714 -0.190157 -0.601754 6.73026
-0.290324 0.0751406 -0.953974 -8.72136 0.202529 0.979154 0.015488 -2.97351 0.935251 -0.188711 -0.29949 6.61513
0.0810281 0.207224 -0.974932 -8.77934 0.153198 0.963936 0.217619 -2.92588 0.984868 -0.166991 0.0463595 6.50209
0.233358 0.406929 -0.88315 -8.8483 0.0295425 0.904839 0.424729 -2.89265 0.971942 -0.125204 0.199129 6.43075
0.132868 0.410303 -0.902218 -8.76615 0.026188 0.908518 0.417024 -2.89374 0.990788 -0.0790365 0.109968 6.51343
-0.140193 0.254697 -0.956805 -8.33486 0.0923881 0.965497 0.243474 -2.95195 0.985804 -0.054264 -0.158887 6.78551
0.158147 0.223347 -0.961824 -7.74911 0.0985224 0.965652 0.240436 -3.05183 0.982488 -0.132785 0.13071 7.37171
0.366408 0.245281 -0.897543 -6.97214 0.0931348 0.950115 0.297669 -3.11243 0.925782 -0.192661 0.325285 7.74303
0.418362 0.328137 -0.846935 -6.19369 0.0623943 0.919874 0.387218 -3.11182 0.906135 -0.214841 0.364366 8.09257
0.604851 0.323662 -0.727598 -5.88959 0.0707978 0.888205 0.45396 -3.09544 0.793186 -0.32609 0.514317 8.03948
0.356357 0.32775 -0.87498 -5.78238 0.253904 0.867251 0.428263 -3.11795 0.89919 -0.374775 0.225834 7.92809
0.417276 0.387161 -0.822185 -5.81642 0.222689 0.833569 0.505541 -3.0921 0.881074 -0.394041 0.261612 7.89111
0.341121 0.369207 -0.864478 -5.64993 0.283259 0.83652 0.46904 -3.11967 0.896326 -0.404871 0.180773 7.79597
0.626413 0.327517 -0.707347 -5.77343 -0.00872774 0.910337 0.413776 -3.09913 0.779442 -0.253021 0.573105 7.97495
0.853047 0.256074 -0.454683 -5.90941 -0.141684 0.952244 0.270477 -3.11716 0.502231 -0.166308 0.84859 8.11075
0.760501 0.221619 -0.610347 -5.98011 -0.0487355 0.956784 0.286686 -3.11975 0.647506 -0.188279 0.738436 7.98886
0.805303 0.130847 -0.578244 -5.98337 -0.0424137 0.985557 0.163946 -3.13961 0.591344 -0.107501 0.799222 7.62463
0.935947 0.201885 -0.288523 -5.87681 -0.128796 0.958827 0.253105 -3.14856 0.327742 -0.199732 0.923413 7.56183
0.999566 0.00749108 -0.0284906 -5.7984 -0.0029932 0.987949 0.15475 -3.20408 0.0293065 -0.154597 0.987543 7.85557
0.96372 -0.00762178 0.266807 -5.81957 -0.0164899 0.995983 0.0880141 -3.17307 -0.266406 -0.0892206 0.959723 8.12418
0.974468 -0.0537183 0.218007 -5.83133 0.0108055 0.981053 0.193438 -3.20681 -0.224268 -0.186143 0.956585 8.3399
0.991399 -0.0574002 0.117612 -5.68725 0.0452416 0.993594 0.103561 -3.22291 -0.122803 -0.097349 0.987645 8.88372
0.968983 -0.120155 -0.21595 -5.57994 0.140495 0.98673 0.0813966 -3.24726 0.203304 -0.109212 0.973006 9.06913
0.849928 0.00565058 -0.526869 -5.0752 0.0319707 0.997547 0.0622726 -3.24877 0.525928 -0.0697716 0.847662 9.2902
0.671718 0.0405191 -0.739698 -4.57856 0.0979299 0.984883 0.14288 -3.26782 0.734306 -0.168413 0.657595 9.26707
0.632787 0.316162 -0.70684 -3.90272 -0.0177713 0.918534 0.394942 -3.19985 0.774122 -0.237352 0.586855 9.42042
0.733998 0.243532 -0.633987 -3.55273 -0.0429032 0.94826 0.314583 -3.26291 0.677795 -0.203703 0.706469 9.76382
0.75656 -0.0776869 -0.649294 -3.50535 0.191029 0.975863 0.105828 -3.38368 0.6254 -0.204099 0.753139 10.1054
0.413031 -0.139538 -0.899964 -3.51038 0.332258 0.943168 0.00625084 -3.4042 0.847945 -0.301602 0.43592 10.0949
0.0314284 -0.100938 -0.994396 -3.54484 0.30835 0.94734 -0.0864162 -3.39197 0.950754 -0.303906 0.0608976 9.97323
-0.36182 -0.0818993 -0.928643 -3.58103 0.283789 0.939181 -0.193399 -3.39471 0.888003 -0.333514 -0.316572 9.83279
-0.55183 0.133035 -0.823277 -4.05982 0.335613 0.939152 -0.0731963 -3.29584 0.763445 -0.316694 -0.5629 9.64729
-0.66914 0.291976 -0.683375 -4.45747 0.441275 0.896019 -0.0492537 -3.21791 0.597936 -0.334514 -0.728404 9.47894
0.907881 -0.24212 0.342244 1.92 0.206079 0.968668 0.138611 -4.06935 -0.365081 -0.0553126 0.929331 1.88053
0.964453 -0.207506 0.163619 1.9078 0.177635 0.967505 0.179945 -4.22953 -0.195642 -0.144484 0.969974 1.53382
0.884393 -0.297259 0.359843 1.85419 0.31068 0.950273 0.0214387 -4.45137 -0.348322 0.0928357 0.932767 1.09375
0.910078 -0.203452 0.361062 1.80107 0.159539 0.976056 0.147861 -4.70967 -0.382499 -0.0769612 0.920745 0.602856
0.782681 -0.278414 0.556683 1.74143 0.282192 0.955905 0.0813215 -5.01617 -0.554777 0.093443 0.826735 0.0850303
0.764588 -0.0830204 0.63915 1.53816 -0.0318361 0.985594 0.166105 -5.45786 -0.643732 -0.14735 0.750931 -0.696236
0.479961 -0.055976 0.875502 1.04981 -0.199979 0.964708 0.17131 -5.85136 -0.854193 -0.257304 0.451828 -1.36936
0.0413073 -0.0277535 0.998761 0.490739 -0.317945 0.947287 0.0394729 -5.92195 -0.947209 -0.319181 0.0303058 -1.48267
-0.401445 -0.0575294 0.914075 -0.0872298 -0.31065 0.947416 -0.076804 -6.02334 -0.861591 -0.31479 -0.398207 -1.25488
-0.797996 0.00238672 0.602659 -0.704538 -0.172734 0.957132 -0.232512 -5.93238 -0.577379 -0.289643 -0.763375 -0.455668
-0.951373 0.0309459 0.306481 -0.963936 -0.053481 0.963237 -0.263274 -5.84833 -0.303362 -0.266863 -0.914744 0.688069
-0.97601 -0.00287109 0.217708 -1.03768 -0.0622838 0.961809 -0.266541 -5.82105 -0.208628 -0.273707 -0.938914 1.9231
-0.975973 0.0786269 0.203209 -0.973819 0.0189622 0.959733 -0.280274 -5.73922 -0.217064 -0.269686 -0.938164 3.2072
-0.977244 0.0378249 0.208721 -0.833631 -0.0275137 0.953058 -0.301536 -5.74391 -0.210328 -0.300417 -0.930329 4.40738
-0.814838 0.0878715 0.57299 -0.763085 -0.0711579 0.965807 -0.249305 -5.73407 -0.575305 -0.243916 -0.780724 5.21544
-0.589442 -0.0458658 0.806507 -0.610014 -0.176651 0.981541 -0.0732867 -5.72284 -0.788259 -0.185668 -0.586664 6.08283
-0.105904 -0.130772 0.98574 -0.501361 -0.230361 0.967573 0.103613 -5.65418 -0.967325 -0.216103 -0.132594 6.84815
0.248366 -0.14151 0.958274 -0.451535 -0.156836 0.970344 0.183941 -5.65309 -0.955885 -0.195976 0.218807 7.28885
0.595958 0.0504408 0.801429 -0.484449 -0.198265 0.97637 0.085982 -5.60243 -0.778155 -0.210137 0.591877 7.6069
0.843045 0.115604 0.525273 -0.617397 -0.241261 0.954141 0.177225 -5.60446 -0.480696 -0.276137 0.832274 7.96939
0.844998 0.0540366 0.532032 -0.710565 -0.223741 0.939343 0.25995 -5.61713 -0.485714 -0.338695 0.805833 7.93672
0.854854 0.0742532 0.513527 -0.698299 -0.23211 0.939884 0.250486 -5.61501 -0.464057 -0.333324 0.820699 7.94425
0.858673 0.0534848 0.509725 -0.696034 -0.216526 0.939285 0.266197 -5.63204 -0.46454 -0.338945 0.818119 7.93987
0.835995 0.143585 0.529618 -0.646649 -0.31737 0.913873 0.253205 -5.64949 -0.447647 -0.379763 0.809563 7.93371
0.572878 -0.0240051 0.819289 -0.315005 -0.334206 0.905862 0.260231 -5.65689 -0.748409 -0.422892 0.510926 8.11372
0.554231 0.0609274 0.83013 0.0583305 -0.388635 0.900877 0.193349 -5.72345 -0.736065 -0.429778 0.522972 7.94274
0.440537 0.0818654 0.893994 0.117583 -0.36141 0.927743 0.093138 -5.69562 -0.821772 -0.364129 0.438293 8.20504
0.699238 0.133834 0.702249 0.186257 -0.394836 0.891203 0.223298 -5.73218 -0.595961 -0.433412 0.676006 8.67019
0.765788 -0.127268 0.630374 0.201777 -0.0724666 0.956902 0.281225 -5.68888 -0.638997 -0.26104 0.723561 8.84173
0.914337 -0.144657 0.378236 0.185996 0.0242458 0.951901 0.305446 -5.70959 -0.404228 -0.27011 0.873865 8.85201
0.804246 -0.0220573 0.593887 0.341543 -0.169956 0.949039 0.265404 -5.70193 -0.569476 -0.314385 0.759513 8.78088
0.796808 -0.0125599 0.604103 0.443224 -0.150954 0.963943 0.219149 -5.69692 -0.585073 -0.265812 0.766181 8.85406
0.770214 -0.0120052 0.637672 0.447469 -0.140973 0.971889 0.188571 -5.69758 -0.62201 -0.235135 0.74687 8.84628
0.696314 -0.0572746 0.715448 0.407161 -0.17597 0.952765 0.247536 -5.69342 -0.695832 -0.29826 0.653345 8.87847
0.762941 -0.0768539 0.641884 0.421122 -0.155745 0.941812 0.297883 -5.70472 -0.627427 -0.327237 0.706577 8.8393
0.873348 -0.0623471 0.48309 0.434985 -0.0339334 0.981577 0.188028 -5.7218 -0.485913 -0.180606 0.855143 8.7578
0.774037 0.0387741 0.631952 0.440835 -0.0547311 0.998484 0.00577359 -5.73228 -0.63077 -0.0390564 0.774986 8.7249
0.559562 0.22464 0.797764 0.300737 -0.167496 0.973356 -0.1566 -5.70457 -0.811687 -0.0459954 0.582279 8.5706
0.618963 0.031991 0.784768 -0.0378164 -0.0710218 0.997357 0.0153592 -5.7642 -0.782203 -0.0652424 0.619599 8.03888
0.781936 0.165914 0.600873 0.112391 -0.191321 0.981281 -0.0219806 -5.73192 -0.593272 -0.0977723 0.799043 7.9301
0.873246 0.148857 0.463987 0.220525 -0.171853 0.985095 0.00739564 -5.7415 -0.45597 -0.0861957 0.885811 7.86861
0.884042 0.0625364 0.463205 0.234194 -0.0664355 0.997759 -0.00791112 -5.78369 -0.462662 -0.0237796 0.886216 7.9301
0.89316 -0.00996854 0.449628 0.239626 0.00721205 0.999943 0.00784308 -5.78322 -0.44968 -0.00376239 0.893182 7.93608
0.914961 -0.0107895 0.403399 0.28207 0.0217281 0.99951 -0.0225487 -5.79731 -0.402958 0.0293963 0.914746 7.96329
-0.987322 0.0633344 -0.145547 6.86361 0.0978155 0.964917 -0.243652 -3.61333 0.12501 -0.2548 -0.958879 0.803334
-0.847454 0.0329734 -0.529843 6.82008 0.138753 0.977133 -0.161118 -3.64258 0.512415 -0.210057 -0.832651 0.900649
