0.999995 0.00277607 -0.00162994 -0.000179759 -0.00278569 0.999979 -0.00593495 -2.7292e-06 0.00161343 0.00593946 0.999981 2.04221e-05
0.971567 0.133716 -0.195392 0.210996 -0.107645 0.984497 0.138483 0.0476921 0.21088 -0.113513 0.970899 0.0931048
0.842934 0.150665 -0.51649 0.478715 -0.0376221 0.974146 0.222766 0.0432854 0.5367 -0.168346 0.826809 0.119344
0.577622 0.173791 -0.79759 1.01711 0.028935 0.972101 0.232771 0.0708078 0.815791 -0.157532 0.556479 -0.11759
0.520856 0.254976 -0.814676 1.97522 -0.0381956 0.960355 0.27615 0.0880607 0.85279 -0.112717 0.509946 -0.738005
0.451709 0.239138 -0.859519 2.88174 0.0281457 0.959108 0.281638 0.0425129 0.891721 -0.15141 0.426507 -1.30144
0.399455 0.154076 -0.903712 3.81652 0.102507 0.972087 0.211043 0.0675331 0.911004 -0.176939 0.372512 -1.79015
0.411164 0.164063 -0.896676 4.7622 0.11948 0.965484 0.23144 0.00782382 0.903697 -0.202295 0.37737 -2.36802
0.449005 0.126492 -0.884531 5.68008 0.130075 0.97013 0.204762 -0.00477497 0.884011 -0.206994 0.41914 -3.01417
0.467126 0.216047 -0.85739 6.54552 0.0768406 0.956101 0.282784 -0.0781304 0.880845 -0.197978 0.430018 -3.61201
0.435487 0.123971 -0.891618 7.51676 0.132228 0.970919 0.19958 -0.146122 0.890431 -0.204811 0.40643 -4.14315
0.362751 0.0633498 -0.929731 8.47967 0.185663 0.972772 0.138722 -0.217744 0.913204 -0.222938 0.341112 -4.7396
0.216665 0.0604102 -0.974375 9.38473 0.238244 0.964634 0.112783 -0.282949 0.946729 -0.256575 0.19461 -5.33985
0.169787 0.0531061 -0.984049 10.2628 0.217763 0.971841 0.0900198 -0.289255 0.96112 -0.229574 0.153441 -5.88656
0.193467 0.0901505 -0.976956 11.19 0.174916 0.976647 0.124761 -0.377351 0.965389 -0.195022 0.17318 -6.40006
0.329686 0.114828 -0.937082 12.1601 0.123658 0.978772 0.163442 -0.365922 0.935957 -0.169762 0.308488 -6.9179
0.286573 0.0664125 -0.955754 13.0539 0.169838 0.978273 0.118901 -0.423336 0.942884 -0.196397 0.269067 -7.37179
0.214906 0.0363827 -0.975957 13.9758 0.185834 0.979525 0.0774364 -0.420674 0.958792 -0.198007 0.203744 -7.76983
-0.0506853 0.0681952 -0.996384 15.0554 0.223317 0.973179 0.0552471 -0.45417 0.973427 -0.219709 -0.064555 -7.97553
0.138518 0.068816 -0.987966 16.0353 0.222156 0.970001 0.098712 -0.579898 0.965122 -0.233156 0.119075 -8.31758
0.290142 -0.00606919 -0.956964 17.0157 0.181554 0.982168 0.0488164 -0.688023 0.939604 -0.187905 0.28607 -8.73727
0.434309 0.0175815 -0.900592 17.9041 0.136323 0.98701 0.0850102 -0.815953 0.890389 -0.159692 0.426271 -9.25664
0.62185 0.0453035 -0.781825 18.812 0.0966224 0.986259 0.134001 -0.857845 0.777153 -0.158871 0.608928 -9.8395
0.773032 0.211224 -0.598169 19.8734 -0.0500681 0.960312 0.274398 -0.856423 0.632388 -0.182169 0.752927 -10.3936
0.596716 0.219075 -0.771969 20.8275 0.00319307 0.961356 0.275289 -0.964594 0.802446 -0.166735 0.572957 -10.7953
0.273145 0.18284 -0.944437 21.4128 0.0883703 0.97285 0.213899 -1.0365 0.957905 -0.141886 0.249571 -10.8183
-0.22318 0.144041 -0.964076 22.0512 0.276333 0.957799 0.0791328 -1.0787 0.934789 -0.248745 -0.253565 -10.7437
-0.565272 0.0657067 -0.822284 22.6926 0.187908 0.980872 -0.0507965 -1.13653 0.803217 -0.183227 -0.566806 -10.4701
-0.781189 0.0581803 -0.621577 23.6414 0.169061 0.97816 -0.120916 -1.13561 0.600967 -0.199543 -0.773964 -9.79149
-0.758949 0.175464 -0.627064 24.4077 0.249878 0.96776 -0.0316357 -1.08113 0.601297 -0.1807 -0.778325 -9.0889
-0.696585 0.210858 -0.68579 25.1717 0.30912 0.950776 -0.0216536 -1.04707 0.647468 -0.227075 -0.727477 -8.31158
-0.767747 0.185507 -0.613312 25.9417 0.286177 0.955676 -0.0691774 -1.03816 0.573295 -0.228627 -0.786805 -7.29642
-0.766233 0.120145 -0.631231 26.5684 0.215594 0.973489 -0.0764144 -1.04353 0.605315 -0.194641 -0.771822 -6.4059
-0.922119 0.0539442 -0.383128 27.0789 0.124527 0.978921 -0.161883 -1.05994 0.366319 -0.196985 -0.909399 -5.48105
-0.967009 0.0780228 -0.2425 27.5573 0.13295 0.966587 -0.219168 -0.987134 0.217297 -0.244178 -0.945071 -4.60693
-0.972997 0.0216275 -0.229803 28.0957 0.0747652 0.971455 -0.225132 -0.919023 0.218375 -0.236234 -0.94684 -3.6718
-0.956045 0.0746141 -0.283567 28.5414 0.133874 0.971476 -0.195734 -0.877046 0.260874 -0.225093 -0.938764 -2.73084
-0.976887 0.0760264 -0.199778 29.0039 0.117091 0.972243 -0.202568 -0.798391 0.178833 -0.221278 -0.958674 -1.8022
-0.978744 0.0893252 -0.184613 29.5568 0.123237 0.975682 -0.181266 -0.795704 0.163932 -0.200164 -0.965951 -0.940492
-0.964463 0.0270318 -0.262831 30.0916 0.0906582 0.96822 -0.233091 -0.726365 0.248178 -0.248636 -0.936263 -0.0488707
-0.899073 0.140476 -0.414649 30.7935 0.239986 0.950283 -0.198418 -0.716521 0.366161 -0.277902 -0.888086 0.999053
-0.74976 0.158974 -0.642329 31.5786 0.260273 0.963318 -0.0653866 -0.765927 0.608373 -0.216205 -0.763635 1.76373
-0.912528 0.0682616 -0.403277 32.2722 0.132857 0.981979 -0.13441 -0.821961 0.386835 -0.176231 -0.905153 2.49507
-0.99638 0.0010936 -0.0850038 32.7133 0.0228611 0.96653 -0.255534 -0.832146 0.0818793 -0.256552 -0.963056 3.05276
-0.973833 0.100324 0.203923 33.4387 0.0481086 0.967957 -0.246466 -0.777359 -0.222115 -0.230206 -0.947455 3.92448
-0.821168 0.251566 0.512247 33.944 0.0476879 0.924708 -0.377679 -0.714191 -0.56869 -0.28571 -0.771337 4.48623
-0.811376 0.3231 0.487108 34.6604 0.101393 0.898506 -0.427091 -0.688818 -0.575663 -0.297142 -0.761786 5.44779
-0.556641 0.188136 0.80917 35.2536 -0.144053 0.937406 -0.317047 -0.729198 -0.818168 -0.293045 -0.494697 6.13077
-0.122094 0.220826 0.967641 35.68 -0.162472 0.957337 -0.238974 -0.728806 -0.97913 -0.186392 -0.0810069 6.05148
0.258829 0.175463 0.949853 35.9718 -0.249482 0.96214 -0.10975 -0.734213 -0.933149 -0.208565 0.292805 5.98642
0.595298 0.190507 0.780594 36.3344 -0.352932 0.934749 0.0410242 -0.722584 -0.721844 -0.299918 0.623691 6.0102
0.936346 0.134268 0.32439 36.8458 -0.206999 0.957426 0.201211 -0.801103 -0.283563 -0.255552 0.924276 5.7953
0.984526 0.093019 -0.148511 37.1271 -0.042706 0.949295 0.311473 -0.818061 0.169954 -0.300311 0.938578 5.42339
0.957149 0.0996887 -0.271896 37.4414 -0.000497034 0.939448 0.342692 -0.89663 0.289594 -0.327873 0.899241 4.31437
0.988385 0.0926843 0.120434 37.4103 -0.123398 0.952022 0.280049 -0.978102 -0.0886997 -0.291657 0.952401 3.31946
0.903549 0.0925661 0.418366 36.9916 -0.202361 0.952824 0.226222 -1.10341 -0.377689 -0.289063 0.879655 2.32391
0.817191 0.194782 0.542457 36.1309 -0.343929 0.920033 0.187755 -1.1348 -0.462507 -0.339998 0.818834 1.35733
0.886155 0.195672 0.420049 35.2535 -0.315931 0.918251 0.238753 -1.17362 -0.338993 -0.344279 0.875532 0.56356
0.92474 0.100778 0.367015 34.4951 -0.222061 0.926025 0.305233 -1.27645 -0.309104 -0.363761 0.878711 -0.285015
0.833663 0.0102238 0.552179 33.8137 -0.173975 0.953785 0.245003 -1.36539 -0.524155 -0.300315 0.796914 -1.22312
0.67449 0.00518945 0.738266 33.0771 -0.154979 0.97869 0.134711 -1.46956 -0.721834 -0.205277 0.660921 -2.14214
0.435624 0.0778248 0.896758 32.5621 -0.0168814 0.996786 -0.0783052 -1.50349 -0.89997 0.0189731 0.435538 -2.60141
0.391454 0.135305 0.910196 32.1128 -0.155302 0.984656 -0.0795822 -1.32534 -0.906998 -0.110203 0.406461 -2.87969
0.614467 0.0612753 0.78656 31.6935 -0.173442 0.983081 0.0589096 -1.10427 -0.769642 -0.172621 0.614698 -3.44132
0.818244 -0.0415923 0.573364 31.2446 -0.105749 0.969469 0.22124 -0.879586 -0.56506 -0.241662 0.788864 -3.90871
0.969638 0.0788004 0.231499 31.1249 -0.130491 0.967346 0.217288 -0.759376 -0.206817 -0.2409 0.948258 -4.12162
0.985312 0.102237 -0.136776 30.7594 -0.0676282 0.969104 0.2372 -0.685722 0.156801 -0.224466 0.961784 -4.42315
0.85882 0.127375 -0.49619 30.4346 0.00582334 0.966105 0.258085 -0.716138 0.512245 -0.224538 0.828968 -4.75842
0.598572 0.075188 -0.797533 30.0957 0.115973 0.976963 0.179145 -0.747939 0.79263 -0.199724 0.576063 -5.12321
0.187094 0.12236 -0.974692 29.8642 0.18006 0.97113 0.156475 -0.795673 0.965699 -0.204779 0.15966 -5.4925
-0.216134 0.0780864 -0.973236 29.6725 0.210204 0.977143 0.0317182 -0.842986 0.953468 -0.197723 -0.227608 -5.79393
-0.616988 0.0387209 -0.786019 29.6531 0.23213 0.963305 -0.134757 -0.951967 0.751958 -0.265602 -0.603336 -5.97917
-0.580244 -0.090951 -0.809349 29.6006 0.162183 0.960939 -0.224259 -1.03446 0.798132 -0.261388 -0.542828 -6.06837
-0.273177 0.142156 -0.951402 29.5628 0.309289 0.949486 0.0530636 -0.898081 0.910887 -0.279763 -0.303346 -6.16969
-0.0331472 0.169634 -0.98495 29.5163 0.192724 0.96808 0.160243 -0.860527 0.980693 -0.184512 -0.0647818 -6.06594
-0.0736264 0.242492 -0.967356 29.7374 0.321837 0.923868 0.207095 -0.851574 0.943928 -0.296084 -0.146064 -5.89394
-0.184852 0.260408 -0.947638 29.7427 0.340447 0.921517 0.18682 -0.830312 0.921914 -0.288086 -0.258999 -5.69498
-0.31457 0.32623 -0.891414 29.7688 0.364523 0.9086 0.203884 -0.811914 0.876452 -0.260805 -0.404737 -5.68871
-0.401705 0.315137 -0.859838 29.7839 0.341276 0.922806 0.178775 -0.816536 0.849802 -0.221628 -0.478244 -5.6612
-0.441275 0.309511 -0.842306 29.7763 0.335895 0.927371 0.164797 -0.815152 0.832136 -0.210206 -0.513189 -5.65508
-0.494792 0.323675 -0.806483 29.7726 0.337574 0.926754 0.164837 -0.80587 0.800765 -0.190687 -0.567815 -5.6451
-0.367532 0.29116 -0.883259 29.6773 0.259055 0.944192 0.20345 -0.820134 0.893203 -0.154038 -0.422447 -5.70761
-0.482644 0.274313 -0.83175 29.4464 0.259757 0.951789 0.163171 -0.860995 0.83641 -0.137299 -0.53063 -5.97637
-0.65223 0.257156 -0.713069 29.3924 0.31988 0.946208 0.0486466 -0.857566 0.687221 -0.196368 -0.699404 -6.11436
-0.77836 0.271985 -0.565844 29.4177 0.317767 0.947987 0.018557 -0.899566 0.54146 -0.165363 -0.824304 -6.32036
-0.900706 0.306656 -0.307719 29.4653 0.34153 0.937599 -0.0653128 -0.909387 0.268489 -0.163923 -0.949233 -6.65024
-0.946509 0.313545 0.0762225 29.6366 0.299582 0.941653 -0.153426 -0.942682 -0.119881 -0.122385 -0.985216 -6.86108
-0.882012 0.115337 0.456893 29.742 0.0135903 0.975407 -0.219994 -0.984174 -0.47103 -0.187828 -0.861888 -6.90057
-0.932554 0.0830206 0.351354 29.6616 -0.00329269 0.971205 -0.238223 -1.01325 -0.361014 -0.223313 -0.905428 -7.1473
-0.826583 0.0163151 0.562579 29.6875 -0.0785106 0.986464 -0.143962 -1.08524 -0.557313 -0.163165 -0.814113 -7.88024
-0.589271 0.0350732 0.807174 29.8544 -0.099818 0.988243 -0.115812 -1.15747 -0.801745 -0.148815 -0.578842 -8.23036
-0.190978 -0.0735859 0.978832 30.0725 -0.127093 0.990646 0.0496773 -1.26845 -0.973332 -0.114915 -0.198544 -8.41933
0.186859 -0.120081 0.97502 30.2976 -0.105093 0.984362 0.141372 -1.29994 -0.976749 -0.128885 0.171317 -8.51924
0.547727 -0.0552417 0.834831 30.6421 -0.0530704 0.993514 0.100561 -1.2599 -0.834972 -0.0993848 0.541243 -8.63063
0.844091 -0.0455759 0.53426 31.2196 -0.0151392 0.993958 0.10871 -1.28007 -0.535987 -0.0998494 0.838301 -8.76664
0.984394 -0.123008 0.125849 31.674 0.104672 0.984146 0.143178 -1.32808 -0.141466 -0.127771 0.981663 -9.13214
0.997242 -0.0467114 -0.0576716 32.4168 0.0520592 0.994115 0.0950055 -1.37556 0.0528944 -0.0977458 0.993805 -10.0384
0.990767 -0.0271332 -0.132831 32.9125 0.0391713 0.995273 0.0888698 -1.44585 0.129792 -0.0932524 0.987146 -10.9161
0.935833 -0.0417119 -0.349967 33.5341 0.0689518 0.995452 0.0657353 -1.54563 0.345633 -0.0856481 0.934453 -11.9314
0.889118 0.078665 -0.450867 34.2061 -0.0109198 0.988484 0.150932 -1.56704 0.457548 -0.129273 0.879738 -12.6879
0.873222 0.157562 -0.461148 34.8831 -0.0441711 0.967985 0.247092 -1.61074 0.485317 -0.195397 0.852225 -13.5015
0.991561 0.063417 -0.113069 35.1797 -0.0335014 0.967904 0.249077 -1.67232 0.125236 -0.243187 0.961861 -14.2311
0.923955 0.0160103 0.382167 35.2255 -0.125165 0.956772 0.262527 -1.73839 -0.361443 -0.290397 0.886018 -14.9686
0.705327 -0.0831315 0.703991 34.9775 -0.122357 0.963917 0.236415 -1.78844 -0.698242 -0.252888 0.669705 -15.3469
0.378592 -0.123594 0.917275 34.6373 -0.199574 0.956831 0.211294 -1.78204 -0.903791 -0.263058 0.337582 -15.5965
-0.130443 -0.236375 0.962866 34.2469 -0.227997 0.952288 0.20289 -1.7942 -0.964884 -0.193065 -0.178112 -15.7008
-0.476822 -0.357956 0.802813 33.6638 -0.35735 0.913384 0.195013 -1.81565 -0.803082 -0.193899 -0.563438 -15.5332
-0.728603 -0.405 0.55237 33.1938 -0.404579 0.90521 0.130044 -1.86098 -0.552679 -0.128727 -0.823393 -15.1793
-0.819477 -0.273958 0.503392 32.4888 -0.277548 0.958184 0.0696431 -2.29118 -0.501422 -0.0826446 -0.861247 -14.3835
-0.894089 -0.198608 0.401447 32.1611 -0.219352 0.975628 -0.00586076 -2.57842 -0.390499 -0.0932982 -0.915864 -13.8891
-0.827313 -0.184538 0.530565 31.808 -0.204047 0.978708 0.0222374 -2.81755 -0.523372 -0.0898631 -0.847352 -13.401
-0.855856 -0.172799 0.487494 31.4551 -0.182701 0.982781 0.0276052 -3.10818 -0.48387 -0.0654397 -0.87269 -13.0082
-0.920043 -0.0880477 0.381798 30.8429 -0.0923609 0.995701 0.0070539 -3.52919 -0.380777 -0.0287733 -0.924219 -12.333
-0.975142 -0.16074 0.152513 30.1703 -0.164556 0.986286 -0.0126576 -4.02006 -0.148387 -0.03744 -0.98822 -11.6053
-0.979366 -0.124822 -0.158939 29.7446 -0.111768 0.989776 -0.0886121 -4.46835 0.168374 -0.0690194 -0.983304 -10.6652
-0.891877 0.0995233 -0.441191 29.6765 0.170366 0.977563 -0.123882 -4.68686 0.418963 -0.185651 -0.888821 -9.93523
-0.665467 0.105123 -0.738988 29.9677 0.269613 0.957045 -0.106647 -4.71461 0.696034 -0.270211 -0.665224 -9.3883
-0.189003 0.0832755 -0.978439 30.4987 0.292315 0.955998 0.0248998 -4.86986 0.937459 -0.281306 -0.205029 -8.9893
0.242996 -0.0641604 -0.967903 31.2175 0.295883 0.955161 0.0109669 -4.95001 0.9238 -0.289051 0.251084 -8.87828
0.646329 -0.0910868 -0.757602 31.9524 0.20156 0.977966 0.0543749 -5.034 0.735956 -0.187847 0.650447 -9.0737
0.751398 0.0554705 -0.657513 32.8352 0.103307 0.974282 0.200253 -5.06719 0.651712 -0.218396 0.726344 -9.71463
0.771633 0.0836248 -0.630547 33.5169 0.0776834 0.971509 0.223909 -5.12123 0.631306 -0.221759 0.743152 -10.5569
0.941906 0.120929 -0.313352 33.9824 -0.044643 0.969734 0.240049 -5.21829 0.332897 -0.212114 0.918797 -11.5647
0.999156 0.0397028 -0.0104938 34.2801 -0.0371324 0.982588 0.18205 -5.35183 0.017539 -0.181507 0.983233 -12.5868
0.99772 -0.0628778 0.0245148 34.5981 0.0596555 0.991539 0.115289 -5.50114 -0.0315565 -0.113563 0.993029 -13.7486
0.914826 -0.311951 -0.256475 34.885 0.335666 0.940466 0.0534059 -5.81973 0.224546 -0.134947 0.965074 -14.5696
0.914215 -0.0849374 -0.396227 35.2523 0.14036 0.983632 0.112996 -5.71826 0.380144 -0.158917 0.911173 -15.2637
0.904722 0.119939 -0.408771 35.8624 -0.0493017 0.982579 0.179185 -5.71304 0.423141 -0.14196 0.894874 -15.9185
0.801869 0.321421 -0.503682 36.346 -0.15459 0.925883 0.344737 -5.73483 0.577156 -0.19857 0.792125 -16.3022
0.715278 0.27617 -0.641956 36.544 -0.0398776 0.933235 0.357046 -5.76211 0.697702 -0.229788 0.678535 -16.3428
0.512766 0.265263 -0.816521 36.8091 0.0267735 0.945667 0.324032 -5.82699 0.858111 -0.188013 0.477804 -16.6456
0.518154 0.278916 -0.808531 37.0537 0.0630342 0.930308 0.361321 -5.86634 0.852961 -0.238185 0.464462 -16.9452
0.33305 0.27879 -0.900752 37.0746 0.135951 0.93111 0.338454 -5.85401 0.933057 -0.235181 0.272205 -16.9322
0.314657 0.285963 -0.905106 37.0917 0.105467 0.937103 0.332738 -5.86997 0.943328 -0.200157 0.264706 -16.9186
0.193524 0.240213 -0.951234 37.0681 0.119668 0.956544 0.2659 -5.87824 0.97377 -0.165291 0.156368 -16.954
0.182936 0.26945 -0.945479 36.5791 0.0786073 0.95462 0.287265 -5.85795 0.979977 -0.126873 0.153454 -17.2392
0.0127099 0.220891 -0.975216 36.2698 0.17247 0.960193 0.219736 -5.87719 0.984933 -0.170988 -0.0258932 -17.4276
0.433602 0.288197 -0.853775 36.182 0.126084 0.918751 0.374164 -5.84013 0.89224 -0.269886 0.362035 -17.322
0.674452 0.330596 -0.660167 36.2001 -0.0724573 0.919471 0.386423 -5.81116 0.734755 -0.21279 0.644093 -17.512
0.804407 0.319404 -0.500909 36.5025 -0.16524 0.930192 0.327777 -5.86168 0.570635 -0.180895 0.801032 -18.3696
0.808975 0.239137 -0.537004 37.1235 -0.117317 0.960816 0.251135 -6.03406 0.576018 -0.140163 0.805331 -19.3069
0.79007 0.156813 -0.59262 37.781 -0.0270718 0.97471 0.221827 -6.14359 0.612418 -0.159216 0.774335 -20.0725
0.750688 0.102142 -0.652714 38.4384 0.033632 0.980787 0.192162 -6.25926 0.659801 -0.166205 0.732829 -20.8679
0.737774 0.148222 -0.658574 39.3091 -0.00812751 0.977476 0.21089 -6.37987 0.674998 -0.150237 0.722361 -21.69
0.362796 0.252161 -0.897103 39.9078 0.0506711 0.95593 0.289188 -6.44089 0.93049 -0.150373 0.33403 -22.1606
-0.116452 0.171036 -0.978359 39.9721 0.178846 0.97257 0.148736 -6.48668 0.976961 -0.157655 -0.143847 -22.1389
-0.477538 0.0944956 -0.873515 39.8573 0.106935 0.993059 0.0489682 -6.47289 0.87208 -0.0700247 -0.484328 -21.9827
-0.511631 0.104231 -0.852859 39.6106 0.211535 0.977342 -0.00745573 -6.40976 0.832758 -0.184224 -0.522087 -21.7659
-0.16678 0.0230711 -0.985724 39.6988 0.141518 0.989935 -0.000774548 -6.44674 0.975785 -0.139627 -0.168366 -21.9363
0.193747 0.119643 -0.973729 39.9586 0.0711848 0.988205 0.135586 -6.5125 0.978466 -0.095584 0.182945 -22.4
0.527599 0.19599 -0.826576 40.4335 0.00902283 0.971674 0.236153 -6.57514 0.849446 -0.132052 0.510886 -22.8131
0.580219 0.175524 -0.795322 41.4178 0.0220044 0.972767 0.230738 -6.73392 0.814163 -0.151379 0.560556 -23.6108
0.436724 0.347007 -0.829975 42.1739 -0.026804 0.927219 0.37356 -6.7914 0.899196 -0.140896 0.41424 -24.3048
0.211089 0.30719 -0.927942 42.4163 0.108514 0.9361 0.334576 -6.81992 0.971425 -0.17132 0.164266 -24.5159
0.593113 0.32805 -0.735255 42.3968 -0.0186452 0.918577 0.394803 -6.82586 0.804903 -0.220454 0.550937 -24.357
0.746592 0.374018 -0.550191 42.4784 -0.152883 0.901327 0.405261 -6.83986 0.647477 -0.21845 0.730105 -24.7343
0.566878 0.236521 -0.789118 42.8411 0.035312 0.950041 0.310121 -6.94555 0.823044 -0.203666 0.530206 -25.8409
0.450568 0.0361 -0.892012 43.6157 0.199033 0.969971 0.13979 -7.17977 0.870272 -0.240525 0.429853 -26.7539
0.534073 0.0665456 -0.842815 44.4629 0.102391 0.984468 0.142613 -7.26434 0.839215 -0.162463 0.518964 -27.6365
0.552421 0.151222 -0.819733 45.2446 0.0417662 0.97715 0.208408 -7.32837 0.832518 -0.149366 0.533482 -28.2921
0.483434 0.177882 -0.857117 46.2177 0.0597433 0.970149 0.235036 -7.45631 0.87334 -0.164832 0.458376 -29.0653
0.457761 0.163486 -0.873915 47.1955 0.0838693 0.970624 0.225509 -7.59113 0.885111 -0.176524 0.430602 -29.8211
0.273439 0.0434968 -0.960905 47.9694 0.140373 0.986478 0.0845994 -7.76919 0.951592 -0.158018 0.263636 -30.532
0.377911 0.127124 -0.917073 48.7533 0.107309 0.977839 0.179768 -7.86292 0.919602 -0.166346 0.355895 -31.4674
0.217723 0.0478019 -0.974839 49.4746 0.231492 0.96777 0.0991572 -8.01319 0.94816 -0.247256 0.19964 -32.3669
-0.11501 0.178701 -0.977158 49.8841 0.273884 0.951263 0.141729 -7.98533 0.954861 -0.251327 -0.158348 -32.734
-0.389473 0.232337 -0.891252 50.545 0.338853 0.935938 0.0959084 -8.06906 0.85644 -0.26465 -0.443251 -33.1725
-0.484378 0.179706 -0.856203 51.6007 0.302037 0.952851 0.029121 -8.15272 0.821067 -0.2445 -0.515818 -33.361
-0.627526 0.118455 -0.769532 52.6316 0.239885 0.969694 -0.0463522 -8.22584 0.74072 -0.213687 -0.636924 -33.0199
-0.413221 0.143154 -0.899308 53.7235 0.249227 0.967639 0.0395145 -8.26986 0.875862 -0.207804 -0.435526 -32.4525
-0.104544 0.130635 -0.985903 54.7428 0.193421 0.975077 0.10869 -8.31466 0.97553 -0.179332 -0.127207 -32.1073
-0.244147 0.122554 -0.961963 55.8497 0.210166 0.975093 0.0708865 -8.37837 0.94669 -0.184865 -0.263823 -31.9963
-0.575676 0.0119236 -0.817591 56.1094 0.137664 0.987034 -0.0825362 -8.42956 0.806006 -0.160067 -0.569853 -31.8809
-0.851468 -0.0620253 -0.520725 56.0932 0.0658233 0.972486 -0.223467 -8.42152 0.520259 -0.224551 -0.823958 -31.7057
-0.985026 0.00955044 -0.172141 55.9523 0.0372787 0.986643 -0.158577 -8.38832 0.168327 -0.162619 -0.972225 -31.2641
-0.997889 -0.063941 0.0113856 55.8223 -0.0648364 0.990981 -0.117275 -8.4048 -0.00378425 -0.117766 -0.993034 -30.2143
-0.998734 0.0111505 -0.0490516 55.7967 0.0151199 0.996574 -0.0813131 -8.34884 0.0479768 -0.0819518 -0.995481 -29.0153
-0.935672 -0.0064907 0.352812 55.564 -0.055538 0.990078 -0.129074 -8.32966 -0.348474 -0.140366 -0.926749 -28.3206
-0.735833 -0.0547117 0.674949 55.1972 -0.160422 0.982441 -0.0952555 -8.30193 -0.657887 -0.178369 -0.73169 -27.9668
-0.58059 0.0707622 0.811115 54.3278 -0.0916039 0.984214 -0.151433 -8.16319 -0.809026 -0.162222 -0.564943 -27.268
-0.402631 0.102926 0.909557 53.5157 -0.161832 0.970002 -0.181403 -8.06204 -0.900943 -0.220234 -0.373896 -26.721
-0.45579 0.100965 0.884343 52.8081 -0.12144 0.977201 -0.174157 -7.93997 -0.881764 -0.186774 -0.433137 -25.7994
-0.402268 -0.0291957 0.915056 52.0367 -0.176683 0.983178 -0.0463024 -7.88134 -0.898312 -0.180301 -0.400659 -24.8656
-0.111686 0.124704 0.985888 51.1232 -0.148649 0.978836 -0.140651 -7.69552 -0.982563 -0.16226 -0.0907851 -24.3595
0.19467 0.0191184 0.980682 50.1561 -0.12491 0.992153 0.0054532 -7.67866 -0.972883 -0.123559 0.195531 -24.3755
0.60513 -0.00303531 0.796121 49.708 -0.0798455 0.994719 0.0644829 -7.69802 -0.792113 -0.102587 0.601692 -24.7132
0.897705 -0.0771085 0.433797 49.3888 0.0217571 0.991124 0.13115 -7.71513 -0.44006 -0.108296 0.891414 -25.2117
0.996288 -0.0760118 0.0404078 49.3325 0.0702842 0.989277 0.12803 -7.72157 -0.0497062 -0.124714 0.990947 -25.7277
0.969146 -0.0459788 -0.242159 49.438 0.0879864 0.982255 0.16563 -7.72587 0.230247 -0.181826 0.955995 -26.2955
0.985235 -0.025293 -0.169331 49.9415 0.056284 0.981905 0.180815 -7.79556 0.161694 -0.187675 0.968831 -27.22
0.989841 -0.0634752 0.127222 50.4768 0.0307006 0.969122 0.244664 -7.91428 -0.138823 -0.238272 0.961225 -28.2981
0.980351 -0.117822 0.158207 50.9316 0.0841393 0.975168 0.20486 -8.03272 -0.178416 -0.187523 0.965921 -29.3852
0.985619 -0.120041 -0.118935 51.3396 0.13406 0.983937 0.11788 -8.10108 0.102874 -0.132129 0.98588 -29.9612
0.998067 -0.0479865 -0.0394935 51.6647 0.0551194 0.977038 0.205811 -8.16375 0.0287106 -0.20759 0.977795 -30.8919
0.996123 0.0179617 0.0861134 51.9227 -0.0416176 0.958672 0.281454 -8.17012 -0.0774991 -0.283947 0.955703 -31.8575
0.95424 0.247123 -0.168394 52.2287 -0.185365 0.930681 0.315392 -8.1231 0.234661 -0.269746 0.933901 -32.5482
0.963942 0.265024 -0.024036 52.1483 -0.247696 0.926582 0.283007 -8.18774 0.0972751 -0.266849 0.958817 -33.7841
0.947926 0.144657 0.283743 51.8169 -0.187103 0.973891 0.128566 -8.32973 -0.257736 -0.17496 0.950242 -34.8259
0.88422 0.301643 0.356604 51.705 -0.320315 0.947285 -0.00704514 -8.35735 -0.339931 -0.107996 0.934229 -35.9635
0.984149 0.165875 -0.0627442 51.9481 -0.153442 0.973822 0.167708 -8.40683 0.0889203 -0.155422 0.983838 -36.6823
0.851405 0.202965 -0.483647 52.2343 -0.0552319 0.951662 0.302141 -8.4518 0.521593 -0.230532 0.82146 -37.0388
0.537883 0.197319 -0.819602 52.6865 0.145603 0.935866 0.320866 -8.54784 0.83035 -0.291925 0.474656 -37.5425
0.361252 0.0282445 -0.93204 53.3229 0.297199 0.943926 0.143797 -8.73529 0.883838 -0.328948 0.332601 -38.2825
0.483193 0.0199253 -0.875287 53.9136 0.254784 0.953272 0.162352 -8.88971 0.837621 -0.301456 0.455538 -39.2034
0.483791 -0.0450568 -0.874023 54.4924 0.225549 0.971358 0.0747717 -9.02059 0.845621 -0.233309 0.480097 -40.0222
0.280557 0.113751 -0.953073 55.1919 0.106473 0.983136 0.148682 -9.02356 0.953914 -0.14319 0.263715 -40.5246
-0.181124 0.106177 -0.977712 55.956 0.16486 0.983365 0.0762499 -9.12563 0.969544 -0.147375 -0.195615 -40.4032
-0.563385 0.075692 -0.82272 56.2439 0.203038 0.977941 -0.0490646 -9.1366 0.800857 -0.194686 -0.566326 -40.1573
-0.837325 0.104824 -0.536562 56.6415 0.234356 0.95552 -0.179049 -9.1379 0.493927 -0.275669 -0.824647 -39.6477
-0.800927 0.0482159 -0.596817 57.521 0.202084 0.960035 -0.193637 -9.18639 0.563629 -0.275696 -0.778662 -38.7836
-0.679752 0.0116311 -0.73335 58.4816 0.18681 0.969643 -0.157778 -9.26513 0.709253 -0.244247 -0.661289 -38.2246
-0.85689 0.0718574 -0.510467 59.4835 0.17578 0.971619 -0.158299 -9.25378 0.484604 -0.225375 -0.845201 -37.5167
-0.888422 0.118667 -0.443424 60.4468 0.254861 0.93095 -0.261491 -9.2801 0.381775 -0.345326 -0.85732 -36.8913
-0.703794 0.0214128 -0.710081 61.1538 0.208743 0.961655 -0.177895 -9.34603 0.679044 -0.273426 -0.681277 -36.5747
-0.457412 -0.0206772 -0.889014 61.4201 0.255469 0.954531 -0.153644 -9.37813 0.851768 -0.297394 -0.431332 -36.5356
-0.151304 -0.0291518 -0.988057 61.6743 0.265903 0.961521 -0.0690875 -9.42507 0.952052 -0.273181 -0.137731 -36.9219
0.150414 -0.00304354 -0.988618 62.129 0.207801 0.977753 0.0286059 -9.49504 0.966537 -0.209739 0.1477 -37.2532
0.268706 0.00372706 -0.963215 62.9523 0.228616 0.971171 0.0675345 -9.58514 0.935698 -0.238353 0.260108 -37.8554
0.401337 0.0229883 -0.915642 63.8598 0.152766 0.984002 0.0916637 -9.67448 0.903101 -0.176667 0.391404 -38.3442
0.0970624 0.0309418 -0.994797 64.5964 0.211452 0.976057 0.0509903 -9.76683 0.972557 -0.215301 0.0881958 -38.5752
0.556738 -0.0809723 -0.826732 65.0845 0.227906 0.971937 0.0582824 -9.84398 0.798813 -0.220865 0.559568 -38.9508
0.841901 -0.0127225 -0.539482 65.096 0.15577 0.962895 0.220382 -9.82339 0.516661 -0.269575 0.812644 -38.9746
0.978699 0.0355817 -0.202195 64.9562 0.0202364 0.963351 0.26748 -9.75929 0.204302 -0.265874 0.94211 -38.9562
0.983961 0.0264015 0.176418 64.8553 -0.0681888 0.969546 0.235224 -9.74153 -0.164835 -0.243481 0.955796 -38.9658
0.839847 0.068754 0.538451 64.8607 -0.159735 0.979329 0.124097 -9.75947 -0.518789 -0.190232 0.833469 -39.1548
0.602093 0.0410543 0.79737 64.7285 -0.272711 0.949191 0.157052 -9.75988 -0.750409 -0.312011 0.582697 -39.4155
0.316702 -0.122026 0.940643 64.6831 -0.259452 0.942726 0.20965 -9.85083 -0.912351 -0.310448 0.266903 -39.4432
-0.111266 0.0271585 0.993419 64.7983 -0.212256 0.975911 -0.0504532 -9.79661 -0.970859 -0.216473 -0.102821 -39.2849
-0.340316 0.160883 0.926446 64.719 -0.0553934 0.980113 -0.19055 -9.75554 -0.938678 -0.116166 -0.324636 -39.1016
-0.192112 0.219256 0.956567 63.8289 -0.140394 0.958557 -0.247909 -9.60972 -0.971279 -0.181923 -0.153368 -38.6482
0.210254 0.18432 0.960114 62.775 -0.206172 0.96834 -0.14075 -9.53616 -0.95566 -0.168355 0.241599 -38.4767
0.420201 0.100016 0.901902 61.6873 -0.172003 0.984668 -0.0290574 -9.46405 -0.89098 -0.14292 0.430961 -38.3842
0.305896 0.0576704 0.950317 60.6785 -0.119883 0.992552 -0.0216445 -9.43415 -0.944487 -0.107306 0.310532 -38.1769
0.580905 -0.0227475 0.813654 59.7863 -0.0462323 0.997074 0.0608828 -9.38688 -0.812658 -0.0729841 0.578153 -38.1842
0.820962 0.0381433 0.569707 58.7847 -0.0809607 0.995461 0.0500177 -9.26522 -0.565213 -0.0871865 0.820325 -38.6398
0.870446 -0.0127856 0.492098 57.8206 -0.0525232 0.991544 0.118668 -9.22112 -0.489454 -0.12914 0.862414 -39.4723
0.783305 0.019927 0.621317 56.9894 -0.103304 0.989761 0.098493 -9.19796 -0.612993 -0.141335 0.777344 -40.1775
0.443506 -0.0399527 0.89538 56.0873 -0.189231 0.972312 0.137116 -9.13032 -0.876067 -0.230245 0.423666 -40.6962
0.11983 -0.0524551 0.991408 55.5581 -0.237697 0.968044 0.0799489 -9.11021 -0.96392 -0.245235 0.103532 -40.8485
-0.339062 -0.0812433 0.93725 54.5452 -0.287345 0.957598 -0.0209434 -9.08806 -0.895807 -0.276415 -0.34803 -40.6769
-0.605643 -0.0664547 0.792957 53.8721 -0.1993 0.977413 -0.0703074 -9.01358 -0.770374 -0.200617 -0.605208 -40.2167
-0.640347 0.0538118 0.766198 53.0868 -0.0498516 0.992528 -0.111371 -8.91502 -0.766466 -0.109512 -0.63288 -39.4736
-0.672525 0.137568 0.727177 52.4107 0.0205238 0.985661 -0.167487 -8.83719 -0.73979 -0.0977145 -0.665705 -38.6293
-0.636451 0.0721147 0.767938 51.7839 -0.0401135 0.991178 -0.126324 -8.82526 -0.770273 -0.111204 -0.627944 -37.7668
-0.614434 0.0473928 0.787544 51.2251 -0.0568353 0.992942 -0.104096 -8.83139 -0.786919 -0.10872 -0.607403 -36.886
-0.614693 0.0306555 0.788171 50.5588 -0.0702373 0.993148 -0.0934059 -8.84492 -0.785633 -0.112775 -0.608327 -35.982
-0.599078 0.0337408 0.79998 49.8904 -0.0378214 0.996804 -0.0703655 -8.79501 -0.799797 -0.0724107 -0.595887 -35.1187
-0.581738 0.0904835 0.808327 49.0572 -0.038606 0.989601 -0.138559 -8.73063 -0.812459 -0.111811 -0.572196 -34.1253
-0.5877 0.0351202 0.808316 48.2206 -0.126735 0.982729 -0.134843 -8.75444 -0.799091 -0.181689 -0.573099 -33.1214
-0.590642 -0.0246828 0.806556 47.635 -0.153529 0.984711 -0.0822949 -8.78998 -0.792194 -0.172437 -0.585401 -32.2697
-0.571299 -0.00901774 0.820692 47.0287 -0.0992118 0.993366 -0.0581481 -8.76341 -0.814724 -0.114642 -0.568404 -31.4591
-0.597821 0.112609 0.793681 46.3549 0.205813 0.978457 0.0161984 -8.77536 -0.774759 0.173034 -0.608118 -30.6918
-0.534425 0.212607 0.818039 45.8732 0.410207 0.911462 0.0311012 -8.76228 -0.739 0.352187 -0.574321 -30.0891
-0.489491 0.21861 0.844161 45.1951 0.137732 0.975296 -0.172705 -8.70505 -0.861062 0.0317308 -0.507509 -29.3429
-0.196514 0.109793 0.974334 44.4423 -0.0609433 0.990422 -0.123898 -8.71597 -0.978605 -0.0837268 -0.187941 -28.7119
0.165764 -0.0101561 0.986113 43.7624 -0.0329639 0.999331 0.0158334 -8.7955 -0.985614 -0.0351307 0.165318 -28.1331
0.520514 -0.0335521 0.853194 43.3549 -0.03214 0.99775 0.0588447 -8.82039 -0.853248 -0.0580511 0.518264 -27.7056
0.855728 -0.0421307 0.515707 43.1468 0.0106161 0.997899 0.0639077 -8.82067 -0.517317 -0.0492128 0.854378 -27.4416
0.984256 -0.098898 0.14649 43.0114 0.092052 0.994353 0.0528146 -8.80187 -0.150886 -0.0384984 0.987801 -27.1545
0.968666 -0.0311689 -0.246405 42.6219 0.0597108 0.992222 0.109224 -8.75119 0.241084 -0.120515 0.962993 -26.6207
0.852706 0.177064 -0.491467 42.3758 -0.0638996 0.969093 0.238275 -8.68287 0.518467 -0.171774 0.837666 -26.3667
0.842577 0.214863 -0.49386 41.9923 -0.114315 0.967428 0.225865 -8.64331 0.526304 -0.133853 0.839695 -25.9483
0.733113 0.0397941 -0.678942 41.8892 0.0179247 0.996809 0.0777798 -8.67657 0.67987 -0.0691912 0.730061 -25.4489
0.528511 0.025202 -0.848552 41.5153 0.0619205 0.995752 0.0681404 -8.67006 0.846665 -0.0885557 0.524706 -25.0416
0.721619 -0.122845 -0.681304 40.968 0.120462 0.991398 -0.0511672 -8.7259 0.681729 -0.0451479 0.73021 -24.498
0.893751 -0.0555091 -0.445115 40.4979 0.0769285 0.99658 0.0301849 -8.71837 0.441917 -0.0612198 0.894965 -24.0032
0.984487 0.101608 -0.143041 40.0828 -0.0824419 0.987536 0.134077 -8.65788 0.154881 -0.120204 0.980593 -23.5198
0.951415 0.255563 -0.171748 39.5012 -0.210262 0.946717 0.243963 -8.67456 0.224945 -0.195997 0.954455 -22.6562
0.966168 0.144356 -0.213731 38.7614 -0.108607 0.979352 0.170509 -8.69325 0.233932 -0.141528 0.961897 -21.8367
0.973768 0.140616 -0.178894 38.0817 -0.124466 0.987317 0.0985558 -8.70055 0.190483 -0.0737042 0.97892 -20.9588
0.995711 0.0901957 0.0205929 37.3658 -0.0918826 0.990094 0.10617 -8.72163 -0.0108127 -0.107607 0.994135 -20.1744
0.983383 0.0345726 0.178219 37.0015 -0.0167118 0.99477 -0.100762 -8.73364 -0.180771 0.0961092 0.978818 -19.8444
0.921972 -0.0788578 0.379143 36.7753 0.0691199 0.996836 0.0392509 -8.76775 -0.381039 -0.00998187 0.924505 -19.977
0.816288 -0.119623 0.565123 36.63 0.0814523 0.992384 0.0924112 -8.77839 -0.571874 -0.0294036 0.819815 -19.7761
0.963687 -0.125096 0.235921 36.6449 0.11717 0.991981 0.0473798 -8.75902 -0.239956 -0.0180165 0.970617 -19.5962
0.99988 -0.00473807 -0.0147367 36.6278 0.00678399 0.989837 0.142045 -8.72358 0.0139139 -0.142128 0.989751 -19.4115
0.945093 0.140425 -0.295093 36.3517 -0.0889483 0.979416 0.181199 -8.69474 0.314464 -0.145001 0.93813 -19.1792
0.706286 0.115697 -0.698408 36.038 -0.0237028 0.989866 0.14001 -8.64805 0.707529 -0.0823326 0.701871 -18.4573
0.330489 0.113687 -0.936938 35.8606 0.0156402 0.991923 0.125876 -8.64422 0.94368 -0.0562546 0.326041 -18.0295
0.258218 0.0155066 -0.965962 35.8207 0.0235373 0.999473 0.0223365 -8.71241 0.9658 -0.0285039 0.257717 -17.1651
-0.206423 0.0271921 -0.978085 35.7594 0.0958081 0.995372 0.00745264 -8.72192 0.973761 -0.0921701 -0.208073 -16.5526
-0.535845 0.0142623 -0.844196 35.5071 0.0845177 0.995741 -0.0368242 -8.7235 0.840075 -0.0910815 -0.534769 -16.0113
-0.852987 0.0682415 -0.517452 35.0479 0.0745163 0.997182 0.00867274 -8.7434 0.516586 -0.0311609 -0.855668 -15.5421
-0.981013 0.125005 -0.148279 34.5177 0.140473 0.985137 -0.0988566 -8.7142 0.133718 -0.117809 -0.983992 -15.1994
-0.982422 0.0904079 0.163317 33.7292 0.0526314 0.97355 -0.22233 -8.662 -0.179098 -0.209826 -0.961196 -14.5515
-0.95003 -0.00900569 0.312028 33.0667 -0.0938017 0.961623 -0.257843 -8.67367 -0.297732 -0.274228 -0.914415 -13.7303
-0.968658 0.140112 0.205111 32.5436 0.0971159 0.973626 -0.206448 -8.63394 -0.228627 -0.180058 -0.956718 -12.7961
-0.960159 0.0438507 0.275991 31.9701 -0.00214711 0.986425 -0.164197 -8.68638 -0.279445 -0.158248 -0.947031 -11.8334
-0.834352 -0.0756143 0.546022 31.479 -0.152403 0.983579 -0.0966724 -8.67117 -0.529746 -0.163874 -0.832175 -11.2175
-0.947819 -0.0278292 0.317592 31.1766 -0.0924032 0.977402 -0.190121 -8.69096 -0.305125 -0.209547 -0.928972 -10.756
-0.999032 -0.0166884 -0.0406999 31.0405 -0.0103617 0.988484 -0.150973 -8.67227 0.0427507 -0.150405 -0.9877 -10.3681
-0.845004 -0.023566 -0.53424 30.9298 0.0282594 0.995665 -0.0886177 -8.6835 0.534013 -0.0899796 -0.840675 -9.90303
-0.575012 0.0604011 -0.815912 30.9848 0.0950294 0.995452 0.00672046 -8.65821 0.812607 -0.0736713 -0.578137 -9.69507
-0.134774 0.0182562 -0.990708 31.0657 0.051504 0.998608 0.0113953 -8.68063 0.989537 -0.0494897 -0.135527 -9.53285
0.244647 0.0222686 -0.969356 31.1323 0.0164699 0.999497 0.0271177 -8.70394 0.969472 -0.0225994 0.244157 -9.50099
0.638809 0.164114 -0.751658 31.4778 -0.097179 0.986371 0.132771 -8.68859 0.763204 -0.0117696 0.646051 -9.54371
0.884812 0.136504 -0.445505 31.8982 -0.0755422 0.985501 0.151927 -8.68293 0.459784 -0.100773 0.882294 -9.77359
0.955156 0.200867 -0.217554 32.6983 -0.164436 0.970843 0.174428 -8.72664 0.246248 -0.130832 0.960336 -10.4449
0.961615 0.13872 -0.236757 32.9456 -0.118239 0.988069 0.0986869 -8.76162 0.247622 -0.0669049 0.966544 -10.6263
0.987598 0.144417 -0.0616013 32.9326 -0.107278 0.90717 0.406859 -8.80511 0.11464 -0.395204 0.911412 -10.5139
0.987583 -0.0264312 0.154858 32.8936 -0.0332883 0.928153 0.370708 -8.84264 -0.15353 -0.37126 0.915748 -10.4873
0.983594 -0.165821 0.0710356 32.8806 0.138187 0.945704 0.294189 -8.90185 -0.115962 -0.279547 0.953104 -10.4971
0.917172 -0.133987 0.375291 -14.2251 0.0565102 0.975993 0.210345 -2.92385 -0.394465 -0.171715 0.902725 29.3277
0.721429 -0.211704 0.659335 -14.3828 0.0978988 0.97374 0.205538 -2.92622 -0.685534 -0.0837327 0.72321 29.4503
0.49878 -0.111481 0.85953 -14.956 0.0575577 0.993765 0.0954905 -2.88873 -0.864816 0.00184383 0.502086 29.2896
0.370882 0.124399 0.920311 -15.7369 -0.094924 0.990875 -0.0956831 -2.78214 -0.923816 -0.0518724 0.379306 28.7002
0.415508 0.0640108 0.907335 -16.4557 -0.149465 0.988766 -0.00130915 -2.78882 -0.897225 -0.135071 0.420407 28.0569
0.418562 -0.0247075 0.907852 -17.332 -0.186436 0.976003 0.112518 -2.77956 -0.888846 -0.216352 0.403912 27.2342
0.652087 -0.00657346 0.758115 -18.2725 -0.115525 0.987424 0.107929 -2.72251 -0.74929 -0.15796 0.643127 26.4858
0.937219 -0.0199104 0.348173 -18.8583 -0.0355635 0.987708 0.152213 -2.67427 -0.346924 -0.155039 0.92499 25.7977
0.999136 0.0401846 -0.0106102 -18.9429 -0.0385052 0.991076 0.127618 -2.69338 0.0156438 -0.127099 0.991767 25.3848
0.928508 0.016966 -0.370924 -18.9583 0.0517107 0.983313 0.17442 -2.71275 0.367694 -0.181131 0.912136 24.9486
0.801244 0.0195472 -0.598019 -18.5464 0.0876757 0.984842 0.149662 -2.7257 0.59188 -0.172347 0.787385 23.9071
0.843694 0.138179 -0.518737 -18.0145 -0.0385716 0.979411 0.198157 -2.65546 0.535437 -0.147175 0.831653 23.0778
0.839044 0.149624 -0.523085 -17.4743 -0.0478359 0.978005 0.203021 -2.63972 0.541956 -0.145321 0.827747 22.2926
0.829484 0.140161 -0.540658 -16.8569 -0.015757 0.973488 0.228194 -2.64948 0.558308 -0.180765 0.809702 21.482
0.873449 0.148699 -0.463654 -16.2041 -0.05324 0.975684 0.212618 -2.69047 0.483995 -0.161026 0.860127 20.6001
0.878221 0.0344682 -0.477012 -15.535 0.0538773 0.98392 0.170289 -2.73856 0.475212 -0.175252 0.862242 19.7128
0.837655 0.122895 -0.532195 -14.8892 -0.0211734 0.980933 0.193192 -2.70378 0.54579 -0.15056 0.824285 18.8469
0.818331 0.252623 -0.516252 -14.3079 -0.111723 0.951009 0.288271 -2.65583 0.563784 -0.178224 0.806464 18.0407
0.811277 0.338536 -0.476679 -13.7764 -0.167303 0.915635 0.365543 -2.61529 0.560214 -0.216806 0.799472 17.2481
0.823417 0.338372 -0.45551 -13.0546 -0.188937 0.920436 0.3422 -2.64934 0.535058 -0.19571 0.821833 16.3747
0.820667 0.250608 -0.513518 -12.414 -0.130164 0.957054 0.259045 -2.69253 0.556384 -0.145748 0.818043 15.5864
0.824387 0.265066 -0.500126 -11.8314 -0.153118 0.955063 0.253789 -2.70165 0.544923 -0.132642 0.827928 14.7764
0.809935 0.214462 -0.545905 -11.2155 -0.0824179 0.963132 0.256093 -2.7679 0.580701 -0.162427 0.79775 14.0779
0.810583 0.153173 -0.565238 -10.6069 -0.00738979 0.967787 0.251662 -2.79664 0.585578 -0.199816 0.785603 13.333
0.72895 0.0995942 -0.677283 -9.95608 0.0677621 0.974004 0.216158 -2.83633 0.681205 -0.203463 0.703252 12.5301
0.684851 0.0251771 -0.728248 -9.34185 0.148021 0.973759 0.172865 -2.84063 0.713491 -0.226183 0.663153 11.7819
0.656429 0.106692 -0.746805 -8.56655 0.0767625 0.975363 0.206818 -2.85658 0.750472 -0.193088 0.632067 10.9468
0.828761 0.160411 -0.536119 -7.81519 -0.038213 0.972021 0.231765 -2.86858 0.558297 -0.171591 0.811703 10.0963
0.82308 0.149054 -0.548017 -7.10366 -0.0179267 0.971282 0.237253 -2.91039 0.567643 -0.185454 0.802115 9.31161
0.813823 0.23839 -0.529964 -6.40066 -0.0894416 0.9525 0.291108 -2.92295 0.574188 -0.189509 0.796488 8.49611
0.943688 0.228532 -0.239221 -6.02355 -0.180477 0.961616 0.206694 -2.90029 0.277275 -0.15188 0.94871 7.83753
0.968811 0.220577 0.11292 -6.06841 -0.239611 0.950058 0.199943 -2.87645 -0.0631775 -0.220763 0.973279 7.56354
0.907495 0.368853 0.200998 -6.09789 -0.392104 0.915476 0.0903285 -2.79905 -0.150691 -0.160785 0.975418 7.50047
0.848813 0.392943 0.353711 -6.16298 -0.422274 0.906446 0.00635984 -2.76888 -0.318121 -0.154761 0.935333 7.50834
0.802934 0.38279 0.456912 -6.13712 -0.429123 0.903242 -0.00261466 -2.77901 -0.413703 -0.193972 0.889508 7.36759
0.860498 0.320429 0.396067 -6.17788 -0.362227 0.931492 0.0333727 -2.78588 -0.35824 -0.172183 0.917615 7.44696
0.729244 0.252976 0.635772 -6.13783 -0.30396 0.952205 -0.0302376 -2.81884 -0.613035 -0.171199 0.771284 7.61963
0.537205 0.113722 0.83575 -6.11294 -0.18719 0.982233 -0.0133323 -2.86052 -0.822418 -0.149282 0.548948 7.89357
0.361589 0.0227599 0.93206 -6.36828 -0.122404 0.992208 0.0232573 -2.88839 -0.924268 -0.122497 0.361557 8.05054
0.616714 -0.0847982 0.782607 -6.88729 -0.114026 0.974073 0.195399 -2.89592 -0.778885 -0.209743 0.591055 7.94338
0.544477 -0.0210006 0.838513 -7.56599 -0.221055 0.960752 0.167601 -2.82845 -0.809123 -0.276613 0.518465 7.45699
0.629884 6.0944e-05 0.776689 -8.26768 -0.234048 0.953531 0.189735 -2.78533 -0.740586 -0.301294 0.600629 6.94343
0.508065 -0.0670786 0.858703 -9.1692 -0.211763 0.956634 0.200022 -2.77784 -0.834881 -0.283465 0.471828 6.98748
0.132997 -0.100537 0.986004 -9.34834 -0.283754 0.949336 0.135073 -2.75082 -0.949629 -0.297747 0.0977313 7.06357
-0.244505 -0.0917767 0.965295 -9.36191 -0.291387 0.956452 0.0171287 -2.75646 -0.92483 -0.277087 -0.2606 7.0769
-0.539027 -0.0851646 0.837972 -9.14379 -0.247042 0.967107 -0.0606215 -2.7581 -0.805245 -0.239691 -0.542336 7.03167
-0.807169 -0.114198 0.57917 -9.06198 -0.198319 0.976545 -0.0838395 -2.7729 -0.556011 -0.182533 -0.810884 7.05597
-0.972819 -0.03968 0.228141 -8.82484 -0.0768485 0.984696 -0.156425 -2.7605 -0.218442 -0.169705 -0.96098 7.02884
-0.983277 0.0298992 -0.179644 -8.6424 0.0643148 0.979881 -0.188938 -2.75518 0.170381 -0.197332 -0.965417 7.00767
-0.855562 -0.00311984 -0.517692 -8.53068 0.10369 0.978686 -0.177261 -2.76453 0.507211 -0.205338 -0.837003 6.9358
-0.613017 0.00589101 -0.790048 -8.56455 0.132159 0.986648 -0.0951882 -2.77009 0.778938 -0.162764 -0.60561 6.87469
-0.28801 0.0918906 -0.953209 -8.59975 0.18131 0.982614 0.0399429 -2.76735 0.940307 -0.161323 -0.299663 6.75955
0.082403 0.223675 -0.971174 -8.65678 0.124344 0.964566 0.232703 -2.71562 0.988812 -0.139935 0.0516706 6.64784
0.232641 0.422303 -0.876093 -8.72508 -0.00146381 0.900959 0.433901 -2.67925 0.972562 -0.0996606 0.210218 6.57739
0.132088 0.425684 -0.895179 -8.64306 -0.00364186 0.903295 0.429005 -2.68403 0.991231 -0.0534064 0.120865 6.66008
-0.139822 0.270905 -0.952397 -8.21345 0.0673339 0.962221 0.263814 -2.75878 0.987885 -0.0272418 -0.15278 6.93093
0.15857 0.239658 -0.95782 -7.63017 0.0685329 0.965083 0.252821 -2.8847 0.984966 -0.105732 0.136609 7.51456
0.366738 0.261387 -0.892849 -6.85477 0.0612162 0.950858 0.303514 -2.96863 0.928308 -0.165967 0.332715 7.88464
0.418196 0.343784 -0.840788 -6.07685 0.0301609 0.919849 0.391112 -2.99079 0.907856 -0.18892 0.374309 8.2347
0.604944 0.338924 -0.720537 -5.77246 0.0385646 0.89136 0.451653 -2.97805 0.795334 -0.301012 0.526152 8.18233
0.359421 0.342721 -0.867962 -5.66549 0.222803 0.871701 0.43646 -2.99925 0.906187 -0.350257 0.236949 8.07045
0.419831 0.401584 -0.813924 -5.69904 0.191084 0.837574 0.511816 -2.97182 0.887259 -0.370404 0.274903 8.03417
0.344684 0.383696 -0.856721 -5.53293 0.252478 0.841126 0.478291 -2.99953 0.904128 -0.381163 0.193047 7.93843
0.625188 0.34306 -0.701035 -5.65628 -0.0409015 0.911383 0.409521 -2.9819 0.779402 -0.227354 0.583818 8.11782
0.84991 0.272235 -0.451155 -5.79272 -0.169905 0.952055 0.254409 -3.00141 0.498784 -0.139571 0.855415 8.25296
0.758753 0.237889 -0.606385 -5.8633 -0.0794849 0.957783 0.276287 -2.99942 0.646511 -0.161435 0.745629 8.13099
0.803727 0.147514 -0.576423 -5.86643 -0.0723625 0.985822 0.151386 -3.0091 0.590582 -0.0799616 0.803006 7.76635
0.933235 0.218217 -0.2854 -5.75996 -0.153581 0.960472 0.232178 -3.0181 0.324784 -0.172845 0.92986 7.70341
0.999337 0.0242206 -0.0271755 -5.68285 -0.0205605 0.9916 0.127698 -3.08305 0.0300401 -0.127055 0.991441 7.99553
0.963688 0.00908322 0.266876 -5.70381 -0.0251377 0.998069 0.0568026 -3.05915 -0.265845 -0.0614486 0.962055 8.26488
0.974828 -0.0374368 0.219792 -5.71649 0.0010879 0.986589 0.163219 -3.09866 -0.222954 -0.158872 0.961796 8.4796
0.992178 -0.0407914 0.117979 -5.57339 0.0321667 0.996731 0.0741068 -3.13226 -0.120616 -0.0697322 0.990247 9.02286
0.970903 -0.103634 -0.215887 -5.46674 0.118678 0.991244 0.0578928 -3.16354 0.207997 -0.0818293 0.974701 9.20761
0.849636 0.0222918 -0.526899 -4.96239 0.00321307 0.998869 0.0474408 -3.1796 0.527361 -0.0420004 0.848603 9.42904
0.672262 0.0570874 -0.738109 -4.4661 0.0663068 0.988372 0.136835 -3.20624 0.737338 -0.140931 0.66066 9.40578
0.631358 0.331692 -0.700976 -3.78943 -0.0497946 0.919386 0.390192 -3.1538 0.773891 -0.211446 0.596979 9.56156
0.732263 0.259529 -0.629631 -3.441 -0.0739241 0.949367 0.305347 -3.23219 0.676998 -0.17705 0.714372 9.90338
0.758789 -0.061173 -0.648457 -3.3961 0.160962 0.982312 0.095681 -3.36319 0.631134 -0.176979 0.755214 10.2416
0.417373 -0.123414 -0.900316 -3.40145 0.301668 0.953369 0.00916191 -3.38333 0.857203 -0.27542 0.43514 10.2305
0.0352865 -0.084747 -0.995777 -3.43553 0.281277 0.956961 -0.0714761 -3.36716 0.958978 -0.277567 0.0576052 10.1092
-0.358231 -0.065805 -0.931311 -3.4716 0.265035 0.949309 -0.169023 -3.36534 0.895225 -0.307379 -0.322631 9.96865
-0.547175 0.149083 -0.823635 -3.94843 0.323468 0.945225 -0.0438024 -3.25342 0.77199 -0.290387 -0.565427 9.78558
-0.662489 0.307315 -0.68313 -4.3445 0.435632 0.899952 -0.0176141 -3.16421 0.609371 -0.309263 -0.730084 9.61908
0.911678 -0.225864 0.343263 2.02801 0.200935 0.973738 0.107044 -3.91094 -0.358426 -0.0286156 0.93312 2.00551
0.967543 -0.191153 0.165293 2.01363 0.166863 0.974474 0.150193 -4.06122 -0.189783 -0.117737 0.974741 1.65439
0.889918 -0.281466 0.358919 1.95692 0.305386 0.952171 -0.0104885 -4.26986 -0.3388 0.118943 0.93331 1.2083
0.913116 -0.187034 0.362268 1.90003 0.154856 0.98108 0.116195 -4.51347 -0.377146 -0.0500006 0.924803 0.710437
0.788012 -0.262548 0.556871 1.83602 0.28437 0.957461 0.0490105 -4.80446 -0.54605 0.119737 0.829152 0.184215
0.764802 -0.0663898 0.640835 1.62645 -0.026677 0.99056 0.134458 -5.22082 -0.643713 -0.11993 0.755812 -0.6092
0.477694 -0.0395645 0.877635 1.13251 -0.184091 0.972299 0.144032 -5.58724 -0.859022 -0.230368 0.457178 -1.29342
0.0372668 -0.0115667 0.999238 0.572513 -0.292078 0.956142 0.0219609 -5.64529 -0.955668 -0.292674 0.032254 -1.40915
-0.405405 -0.0414069 0.913199 -0.00741861 -0.279831 0.956639 -0.0808515 -5.74334 -0.870253 -0.288319 -0.399413 -1.18477
-0.799999 0.0187071 0.59971 -0.624169 -0.143254 0.964652 -0.221188 -5.66444 -0.58265 -0.262861 -0.769041 -0.383861
-0.951728 0.0473573 0.303266 -0.883612 -0.0291135 0.969644 -0.242783 -5.60797 -0.305557 -0.239893 -0.921459 0.761544
-0.976636 0.0135639 0.214472 -0.958549 -0.0401086 0.968965 -0.243921 -5.61387 -0.211125 -0.246825 -0.945782 1.9968
-0.975233 0.0949873 0.199747 -0.895063 0.0413093 0.965419 -0.257408 -5.56891 -0.21729 -0.242781 -0.945432 3.28274
-0.977288 0.0541267 0.204884 -0.756562 -0.00530507 0.960278 -0.278993 -5.60936 -0.211847 -0.273744 -0.938182 4.48244
-0.815155 0.104275 0.56978 -0.686952 -0.0414996 0.970622 -0.237004 -5.62316 -0.577754 -0.216841 -0.78688 5.29051
-0.591272 -0.0292533 0.805941 -0.534869 -0.144769 0.986959 -0.070385 -5.63862 -0.793372 -0.158292 -0.587797 6.158
-0.108446 -0.114351 0.987504 -0.426039 -0.201537 0.975263 0.0908008 -5.59314 -0.973459 -0.189171 -0.128809 6.92506
0.246981 -0.125064 0.960916 -0.376804 -0.134286 0.977651 0.161757 -5.60514 -0.959671 -0.168988 0.224667 7.36563
0.593609 0.0669663 0.801962 -0.409301 -0.186416 0.980869 0.0560788 -5.56284 -0.782865 -0.182787 0.594737 7.68494
0.839626 0.131685 0.52696 -0.542751 -0.241508 0.9595 0.14503 -5.57275 -0.48652 -0.249036 0.837424 8.04707
0.841883 0.0699618 0.535105 -0.63607 -0.22386 0.9475 0.22832 -5.58294 -0.491039 -0.312008 0.813346 8.01396
0.851572 0.0901599 0.516427 -0.623782 -0.23299 0.947553 0.218765 -5.58125 -0.469618 -0.306617 0.827916 8.02156
0.855643 0.0694001 0.512892 -0.621792 -0.217462 0.94746 0.234583 -5.59818 -0.469665 -0.312254 0.82578 8.0167
0.831292 0.159122 0.532573 -0.572684 -0.318356 0.921724 0.221529 -5.61627 -0.455635 -0.353703 0.816879 8.0101
0.568381 -0.00853345 0.822722 -0.241437 -0.322342 0.917701 0.23221 -5.63426 -0.756994 -0.397181 0.518853 8.19016
0.548779 0.0763018 0.832478 0.130939 -0.376772 0.911523 0.164826 -5.70204 -0.746247 -0.404108 0.528973 8.0177
0.435712 0.0975717 0.894782 0.190292 -0.345249 0.936185 0.0660316 -5.68262 -0.831239 -0.337693 0.441593 8.28069
0.693486 0.149073 0.704879 0.257708 -0.389326 0.900753 0.192535 -5.73339 -0.60622 -0.407948 0.682697 8.74472
0.765389 -0.111156 0.633896 0.273705 -0.0670149 0.965851 0.250282 -5.69526 -0.64007 -0.234044 0.731802 8.91742
0.915186 -0.128668 0.381941 0.257537 0.0206511 0.961396 0.274392 -5.71592 -0.402502 -0.243232 0.882514 8.92713
0.802157 -0.00604249 0.597083 0.413318 -0.167013 0.957768 0.234068 -5.70883 -0.573281 -0.287479 0.767271 8.85636
0.79504 0.00366129 0.606546 0.514956 -0.147488 0.971136 0.187461 -5.70759 -0.588352 -0.238497 0.772632 8.92974
0.768669 0.00426966 0.639632 0.5192 -0.136014 0.9782 0.156924 -5.70807 -0.625018 -0.207622 0.752493 8.92195
0.694297 -0.0411967 0.718508 0.478934 -0.167706 0.961615 0.217191 -5.70416 -0.699876 -0.271293 0.660737 8.95419
0.761136 -0.0608961 0.645727 0.49278 -0.150547 0.951805 0.267215 -5.71464 -0.630878 -0.300599 0.715285 8.91477
0.873355 -0.0459902 0.484909 0.506452 -0.0345405 0.987179 0.155837 -5.7296 -0.485859 -0.15285 0.860568 8.83279
0.773915 0.0552191 0.630877 0.512175 -0.0496378 0.998416 -0.0264967 -5.73925 -0.631341 -0.0108092 0.77543 8.79965
0.557878 0.240639 0.79427 0.372751 -0.153696 0.970443 -0.18606 -5.70488 -0.815567 -0.0182774 0.578374 8.64604
0.618785 0.0484617 0.784065 0.0340174 -0.0590907 0.998139 -0.0150588 -5.74391 -0.783335 -0.0370127 0.620497 8.11255
0.779517 0.182157 0.599309 0.184896 -0.187365 0.980783 -0.0543992 -5.71106 -0.597701 -0.0698846 0.798667 8.00488
0.870941 0.165163 0.462798 0.292951 -0.173308 0.984545 -0.0252138 -5.72066 -0.45981 -0.0582471 0.886105 7.94324
0.883477 0.0789463 0.461774 0.305835 -0.0678931 0.996869 -0.0405329 -5.76481 -0.463528 0.00445859 0.886071 8.00353
0.893789 0.00645528 0.448442 0.31126 0.00520443 0.99968 -0.0247632 -5.76459 -0.448458 0.024467 0.893469 8.00951
0.915767 0.00553043 0.401672 0.35338 0.0181095 0.99832 -0.0550331 -5.78008 -0.401301 0.0576716 0.914129 8.03631
-0.98584 0.0790262 -0.147898 6.97998 0.109853 0.970736 -0.213551 -3.50266 0.126694 -0.226774 -0.965672 0.947391
-0.846091 0.0483233 -0.530844 6.93584 0.136659 0.982262 -0.128399 -3.534 0.515223 -0.181182 -0.837686 1.04378
-0.736285 0.256379 -0.626222 6.83238 0.345051 0.938337 -0.021536 -3.46138 0.582086 -0.231935 -0.779347 0.749095
-0.487272 0.0242371 -0.872914 7.05022 0.226285 0.968975 -0.0994111 -3.53048 0.843422 -0.245968 -0.477639 0.528539
-0.246104 -0.14148 -0.958862 7.63241 0.111379 0.978608 -0.17298 -3.56087 0.962823 -0.149368 -0.225081 0.283862
-0.033834 0.0457091 -0.998382 8.60875 0.0912676 0.994921 0.0424578 -3.59101 0.995251 -0.0896834 -0.0378339 0.342359
0.203262 0.24774 -0.947264 9.26611 0.203513 0.935642 0.28837 -3.61604 0.957741 -0.251395 0.139762 0.357793
0.495503 0.237751 -0.835435 9.16928 0.0337623 0.955812 0.292033 -3.58804 0.86795 -0.17291 0.465581 0.304025
0.75759 0.140283 -0.637477 8.82485 -0.0193868 0.981037 0.192847 -3.59114 0.652442 -0.133741 0.745944 0.318162
0.874706 0.129279 -0.467094 8.74886 -0.0419133 0.980334 0.192842 -3.59438 0.482838 -0.149102 0.862923 0.252654
0.821004 0.127111 -0.556592 8.77253 -0.0120863 0.978552 0.205647 -3.59829 0.570794 -0.16211 0.804931 0.277696
0.96106 0.113938 -0.251756 8.70231 -0.0697791 0.981579 0.177859 -3.60344 0.267384 -0.153366 0.951307 0.266043
0.83679 -0.0316509 -0.546608 8.90067 0.0872531 0.993278 0.0760588 -3.62397 0.540527 -0.111339 0.833927 0.210844
0.463848 0.0392564 -0.885044 9.27245 0.0867957 0.992198 0.0894986 -3.61303 0.881652 -0.118332 0.456822 0.16455
0.135865 0.0809111 -0.987418 9.46706 0.11039 0.989217 0.0962477 -3.57832 0.984558 -0.122078 0.125468 -0.00863292
-0.463404 0.311551 -0.829574 9.55003 0.350101 0.924366 0.151582 -3.60133 0.814055 -0.220191 -0.537429 -0.0586321
-0.699039 0.307942 -0.645381 9.70931 0.329637 0.939681 0.0913222 -3.60818 0.634574 -0.148904 -0.758382 0.00303579
-0.706558 0.295169 -0.643157 10.061 0.313583 0.945347 0.0893601 -3.71318 0.634383 -0.138545 -0.760502 0.153802
-0.479467 0.277599 -0.832497 10.3431 0.219174 0.956466 0.192706 -3.73686 0.84975 -0.0900658 -0.519436 -0.0343219
-0.120307 0.345574 -0.930648 10.5616 0.0258044 0.938228 0.345053 -3.69758 0.992401 0.0174974 -0.121793 -0.0889099
0.291373 0.306043 -0.906333 10.7916 -0.115868 0.951758 0.284132 -3.6925 0.949567 0.0222263 0.312777 -0.10109
0.422658 0.143101 -0.89492 11.575 -0.0937539 0.989061 0.113876 -3.79404 0.901427 0.0357719 0.431451 -0.0972141
0.121026 0.0576749 -0.990972 12.1009 -0.0305634 0.998054 0.0543544 -3.90117 0.992179 0.0237092 0.122553 0.269642
0.428346 0.319028 -0.845423 12.4927 -0.108425 0.946988 0.30242 -3.86392 0.897086 -0.0378751 0.440229 0.520495
0.522314 0.338402 -0.782734 12.9773 -0.0644531 0.930931 0.359463 -3.90892 0.850314 -0.137303 0.508049 0.860223
0.198166 0.399194 -0.895195 13.2616 0.114912 0.897547 0.425681 -3.89669 0.973409 -0.187225 0.131991 1.15582
0.275734 0.410565 -0.869141 13.6563 0.0278733 0.900398 0.434173 -3.91971 0.96083 -0.143942 0.236826 1.53026
0.345683 0.664593 -0.662435 13.7663 -0.0488938 0.717754 0.694578 -3.78557 0.937077 -0.207715 0.28061 1.73133
0.294737 0.327503 -0.897704 13.7687 -0.110524 0.944814 0.308402 -4.08911 0.949165 0.00832044 0.314668 1.83939
0.494342 0.462569 -0.735973 13.8607 -0.255315 0.886579 0.385736 -4.08259 0.830928 -0.00278004 0.556374 1.93851
0.440348 0.1066 -0.891476 14.0377 -0.0133523 0.993594 0.112215 -4.16595 0.897728 -0.0375106 0.438951 2.18028
0.0382138 0.252951 -0.966724 13.9449 0.0595861 0.965132 0.25489 -4.10786 0.997491 -0.0673436 0.021809 2.68568
-0.314872 0.0992959 -0.943926 13.9237 0.105927 0.991976 0.0690157 -4.16136 0.943205 -0.0782561 -0.322864 3.37762
-0.614293 0.0198799 -0.788827 13.8153 0.0723459 0.996891 -0.0312153 -4.18888 0.785754 -0.0762438 -0.613822 3.59407
-0.858599 0.0892364 -0.504822 13.37 0.0926239 0.99553 0.0184437 -4.11091 0.504211 -0.0309228 -0.863026 3.6786
-0.894528 0.0616389 -0.442741 13.2751 0.0694904 0.997581 -0.00151634 -4.08408 0.441577 -0.0321227 -0.896648 3.6955
-0.841129 0.538121 0.0541139 56.0135 0.489673 0.800217 -0.346227 -3.94904 -0.229615 -0.264723 -0.936589 -52.3957
-0.834596 0.549465 0.0392082 55.9471 0.510485 0.798209 -0.319793 -3.96572 -0.207011 -0.246883 -0.946676 -52.2529
-0.788874 0.611793 -0.0582027 55.8849 0.595367 0.737327 -0.319198 -3.92432 -0.152369 -0.286459 -0.945899 -52.1008
-0.66017 0.724797 -0.19709 55.5938 0.751041 0.640685 -0.159564 -3.91634 0.010621 -0.253362 -0.967313 -52.1882
-0.766224 0.627967 -0.13623 55.1286 0.641118 0.732848 -0.22782 -3.88464 -0.0432275 -0.261901 -0.964126 -51.812
-0.733995 0.645673 -0.210615 55.1184 0.670302 0.738622 -0.0716464 -3.88435 0.109305 -0.193764 -0.97494 -51.8618
-0.809396 0.558887 -0.180345 54.6197 0.578881 0.810992 -0.0847871 -3.85439 0.0988716 -0.173024 -0.979942 -51.4907
-0.855618 0.472087 -0.212253 54.1955 0.506889 0.847229 -0.158952 -3.82146 0.104788 -0.243591 -0.964201 -51.1725
-0.852895 0.464301 -0.238736 53.6617 0.486501 0.87273 -0.0407365 -3.80612 0.189438 -0.150889 -0.97023 -50.9559
-0.871117 0.407405 -0.274184 53.1143 0.432937 0.900655 -0.0372296 -3.82447 0.231777 -0.151136 -0.960956 -50.6661
-0.843147 0.386568 -0.373722 52.6442 0.433898 0.899665 -0.0483187 -3.7689 0.317546 -0.202897 -0.926281 -50.2637
-0.641777 0.622938 -0.447293 52.234 0.635071 0.758653 0.145362 -3.68439 0.429892 -0.190773 -0.882496 -49.7372
-0.65918 0.628914 -0.412247 51.8953 0.658593 0.747432 0.0871783 -3.60936 0.362955 -0.214037 -0.906891 -48.9912
-0.564567 0.631591 -0.531372 51.8059 0.663512 0.730203 0.16296 -3.5571 0.490934 -0.260569 -0.831317 -48.2852
-0.285141 0.725061 -0.626882 51.7141 0.664322 0.620958 0.416038 -3.49199 0.69092 -0.297823 -0.658735 -47.8926
-0.233911 0.756692 -0.610494 51.9802 0.741449 0.545006 0.391435 -3.47375 0.628919 -0.361089 -0.688531 -47.4392
-0.162512 0.78496 -0.597852 51.93 0.722482 0.50733 0.469719 -3.47333 0.672019 -0.355602 -0.649567 -47.398
-0.353835 0.693527 -0.627551 52.1985 0.642306 0.667902 0.375965 -3.34007 0.679885 -0.27005 -0.681784 -47.0203
-0.170686 0.78505 -0.595452 52.3383 0.679133 0.531578 0.506165 -3.1558 0.713895 -0.317996 -0.623886 -46.6123
-0.244634 0.800354 -0.547346 52.5025 0.740515 0.518628 0.427391 -2.96004 0.625932 -0.300763 -0.719549 -46.1644
-0.300722 0.802296 -0.515643 52.7132 0.795224 0.509407 0.328821 -2.74205 0.526484 -0.311168 -0.791195 -45.7134
-0.19535 0.872399 -0.448061 52.7867 0.855448 0.375003 0.357184 -2.58674 0.479631 -0.313517 -0.819549 -45.3555
-0.418606 0.801869 -0.42635 52.9538 0.843069 0.517655 0.145838 -2.38673 0.337645 -0.298394 -0.892725 -44.8284
-0.526998 0.773123 -0.352922 53.128 0.822137 0.56898 0.0187798 -2.27154 0.215324 -0.280253 -0.935464 -44.5174
0.177159 0.347795 -0.920681 2.34995 0.166142 0.911484 0.37629 -3.04985 0.970058 -0.219627 0.103694 1.99353
0.109848 0.316723 -0.942136 2.5392 0.215772 0.917669 0.333656 -3.07446 0.970245 -0.239938 0.032464 1.72405
0.484702 0.278766 -0.829068 2.77499 0.0502236 0.937419 0.344561 -3.13837 0.873236 -0.208648 0.440368 1.48221
0.640038 0.260939 -0.722678 3.10369 -0.07916 0.957955 0.275783 -3.18462 0.764255 -0.119304 0.633783 1.37343
0.690947 0.336888 -0.639608 3.39749 -0.0654982 0.910309 0.408714 -3.17051 0.719932 -0.240506 0.651041 1.07116
0.891029 0.27679 -0.359799 3.69653 -0.208559 0.953606 0.217113 -3.25489 0.403201 -0.118414 0.907418 0.879215
0.991059 0.123736 -0.0499056 3.72609 -0.120745 0.990925 0.0590587 -3.32274 0.0567604 -0.0525048 0.997006 0.638168
0.972863 0.00493537 0.23133 3.77067 -0.00846767 0.999862 0.0142791 -3.37039 -0.231228 -0.0158504 0.97277 0.171581
0.869043 0.122193 0.479409 3.95843 -0.119652 0.992163 -0.0359883 -3.35655 -0.480049 -0.0260866 0.876853 0.014028
0.811524 0.371494 0.451023 3.86151 -0.429453 0.902615 0.0292563 -3.1964 -0.396232 -0.217435 0.892033 -0.203582
0.752382 0.440708 0.489589 3.82406 -0.48393 0.874045 -0.0430937 -3.19776 -0.446915 -0.204504 0.870888 -0.581692
0.901394 0.357724 0.243972 3.70248 -0.389801 0.915723 0.0975035 -3.19834 -0.188531 -0.18299 0.964868 -0.940378
0.963091 0.237725 0.126263 3.83433 -0.249876 0.963994 0.0909842 -3.28381 -0.100087 -0.119176 0.987816 -1.48599
0.982082 0.167054 -0.0872216 3.85026 -0.156965 0.981236 0.111974 -3.30963 0.104291 -0.0962767 0.989876 -1.86447
0.960866 0.135985 -0.24134 4.13821 -0.116454 0.988786 0.0934936 -3.35802 0.251347 -0.0617298 0.965927 -2.1747
0.818967 0.0822393 -0.567918 4.26782 -0.00739332 0.991107 0.132859 -3.36566 0.573794 -0.104608 0.812292 -2.40232
0.567608 0.267579 -0.778603 4.54423 -0.0962155 0.96079 0.260048 -3.36274 0.817657 -0.0726919 0.571097 -2.32396
0.35138 0.339576 -0.872479 4.67376 0.116478 0.908808 0.400626 -3.32041 0.928959 -0.242396 0.279784 -2.47349
0.165859 0.199982 -0.965659 4.86047 0.433863 0.864562 0.253565 -3.32346 0.885581 -0.46102 0.0566303 -2.57669
0.406826 0.397982 -0.822255 5.06665 0.236178 0.823682 0.515527 -3.27834 0.882447 -0.403928 0.2411 -2.50359
0.202385 0.407319 -0.890579 5.39198 0.347359 0.820412 0.454165 -3.27443 0.915632 -0.401267 0.0245533 -2.74839
0.24922 0.327467 -0.911403 5.7753 0.17285 0.910946 0.374568 -3.32992 0.952897 -0.250886 0.170424 -2.95692
0.214137 0.280426 -0.935685 6.13693 0.15929 0.935058 0.316692 -3.37203 0.963728 -0.216861 0.155562 -3.26814
-0.0926607 0.25859 -0.961533 6.49554 0.24485 0.941952 0.229728 -3.40097 0.965123 -0.214145 -0.150598 -3.25092
0.00251489 0.30726 -0.951622 6.90951 0.175176 0.936775 0.302929 -3.4264 0.984534 -0.167463 -0.0514686 -3.39164
0.0985408 0.306991 -0.946597 7.27874 0.183608 0.929287 0.320491 -3.43305 0.978048 -0.205384 0.0352066 -3.50895
0.391872 0.400287 -0.828376 7.59185 0.0276582 0.894857 0.445496 -3.39175 0.919604 -0.197489 0.339598 -3.6082
0.675027 0.342107 -0.653683 7.83286 -0.126186 0.926476 0.354568 -3.43059 0.726922 -0.156857 0.668566 -3.82184
0.85219 0.386853 -0.352303 7.91878 -0.289905 0.909619 0.29757 -3.44678 0.435577 -0.151451 0.887319 -4.0925
0.917957 0.396638 -0.00575982 8.02497 -0.385605 0.895642 0.221664 -3.42242 0.0930791 -0.201257 0.975106 -4.33808
0.88589 0.429592 0.17507 7.81422 -0.458611 0.867838 0.191136 -3.38949 -0.0698214 -0.249615 0.965825 -4.75566
0.787713 0.448215 0.422626 7.66922 -0.508173 0.860564 0.0344926 -3.36305 -0.348236 -0.241937 0.905648 -5.24721
0.871104 0.388709 0.300138 7.3604 -0.425776 0.902335 0.0671358 -3.3427 -0.244729 -0.186274 0.95153 -5.68075
0.930521 0.359052 0.0721944 7.16039 -0.366131 0.907216 0.207141 -3.31718 0.00887848 -0.219181 0.975644 -5.77721
0.955042 0.241652 0.171751 6.91833 -0.261548 0.959537 0.104312 -3.35945 -0.139594 -0.144544 0.979602 -6.1832
0.962349 0.255372 0.0931138 6.65994 -0.269187 0.942917 0.196077 -3.31913 -0.0377259 -0.21376 0.976158 -6.67549
0.857459 0.341335 0.385039 6.63326 -0.374046 0.927346 0.0108897 -3.27052 -0.353348 -0.15336 0.922836 -7.03043
0.575269 0.39927 0.713897 6.4712 -0.356104 0.907971 -0.220859 -3.23081 -0.73638 -0.127169 0.664509 -7.29271
0.297525 0.334728 0.894112 6.4455 -0.232834 0.933686 -0.272065 -3.25467 -0.925887 -0.127233 0.355731 -7.35834
-0.0336252 0.147696 0.988461 6.36979 0.00959658 0.989022 -0.147454 -3.35299 -0.999388 0.00452769 -0.0346735 -7.34114
-0.125043 -0.0399202 0.991348 6.23707 -0.0311056 0.998857 0.036299 -3.41419 -0.991664 -0.0262975 -0.126142 -7.16955
-0.0672618 -0.0789837 0.994604 6.19459 -0.0376293 0.996353 0.0765778 -3.42294 -0.997026 -0.0322755 -0.0699886 -7.08124
-0.469605 -0.0513191 0.881384 6.21629 -0.0364964 0.998584 0.0386977 -3.37614 -0.882122 -0.0139947 -0.470813 -7.24868
-0.792919 -0.0118816 0.609212 6.34458 -0.026464 0.999538 -0.01495 -3.35809 -0.608753 -0.0279763 -0.792867 -7.31228
-0.953594 0.0698147 0.292889 6.46062 0.0579991 0.997121 -0.0488447 -3.318 -0.295456 -0.0295907 -0.954898 -7.33453
-0.985456 0.134241 -0.104192 6.5892 0.14136 0.987873 -0.064219 -3.29938 0.0943075 -0.0780135 -0.992482 -7.54996
-0.850266 0.236704 -0.470127 6.69187 0.262344 0.964908 0.0113473 -3.2568 0.456315 -0.113687 -0.882526 -7.75175
-0.62005 0.269062 -0.736983 6.78948 0.303932 0.948383 0.0905318 -3.22954 0.7233 -0.167858 -0.669821 -7.93175
-0.274165 0.320044 -0.906866 6.91936 0.247284 0.934752 0.255126 -3.20686 0.929346 -0.154307 -0.335418 -8.05183
0.0501164 0.345872 -0.936942 7.00101 0.145766 0.925543 0.34946 -3.20485 0.988049 -0.154088 -0.00403157 -8.11341
0.370773 0.337124 -0.865376 7.05199 -0.00499278 0.9325 0.361135 -3.21325 0.92871 -0.129578 0.347429 -8.11189
0.614723 0.327432 -0.717568 7.09125 -0.107079 0.935983 0.335364 -3.20966 0.78144 -0.12932 0.610432 -8.22402
0.724885 0.309159 -0.615599 7.30018 -0.154102 0.943765 0.292507 -3.22949 0.671412 -0.117169 0.731764 -8.43887
0.750873 0.346716 -0.562119 7.5812 -0.169091 0.923674 0.343853 -3.21071 0.638434 -0.16314 0.752188 -8.47287
0.639619 0.33719 -0.69079 7.82541 -0.112345 0.930012 0.349937 -3.22626 0.760438 -0.14622 0.632735 -8.6047
0.537873 0.324801 -0.777944 8.22464 -0.0267596 0.928913 0.369331 -3.25156 0.842601 -0.177835 0.508328 -8.50887
0.442986 0.294506 -0.846776 8.5706 0.057087 0.933323 0.354471 -3.26342 0.894709 -0.205365 0.396636 -8.55949
0.407781 0.339288 -0.847702 8.96497 -0.0182527 0.931242 0.363945 -3.30538 0.912897 -0.132937 0.385936 -8.27513
0.456538 0.361676 -0.812873 9.30444 -0.0339653 0.920064 0.390293 -3.32071 0.889055 -0.150574 0.432329 -8.23105
0.654911 0.209267 -0.726153 9.42393 -0.0758427 0.974244 0.212361 -3.45813 0.75189 -0.0840039 0.653915 -7.95843
0.820138 0.177511 -0.543933 9.6732 -0.117446 0.982642 0.143599 -3.4718 0.559982 -0.0538879 0.82675 -7.67604
0.837248 0.364202 -0.407889 9.7122 -0.262612 0.922077 0.28427 -3.38168 0.479637 -0.130888 0.86765 -7.51193
0.886589 0.348296 -0.304385 9.99881 -0.279112 0.927572 0.248408 -3.36647 0.368859 -0.135278 0.919588 -7.68032
0.912419 0.409258 -0.000720079 10.2077 -0.402956 0.898675 0.173231 -3.3635 0.071543 -0.157769 0.984881 -7.4901
0.861235 0.471933 -0.188555 10.4555 -0.379095 0.843683 0.380114 -3.30793 0.338469 -0.255887 0.905517 -7.53492
0.797311 0.454552 -0.397085 10.599 -0.286251 0.863978 0.414249 -3.35921 0.531371 -0.216619 0.818976 -7.10725
0.809842 0.339722 -0.478274 10.8839 -0.196265 0.925182 0.324836 -3.41516 0.552844 -0.169197 0.815926 -6.90595
0.662438 0.496975 -0.560528 10.9659 -0.209992 0.841445 0.49787 -3.376 0.719082 -0.212102 0.661766 -6.42021
0.430737 0.519452 -0.737994 10.9567 0.0310521 0.808727 0.587364 -3.34297 0.901943 -0.275915 0.332219 -6.38276
0.144015 0.418948 -0.896517 10.9017 0.185309 0.878517 0.440305 -3.35576 0.97207 -0.229543 0.0488851 -6.59352
-0.171447 0.424455 -0.889069 10.7364 0.250222 0.8916 0.377411 -3.36937 0.952888 -0.157759 -0.25907 -6.64561
-0.485854 0.360848 -0.796074 10.8362 0.361733 0.912151 0.192693 -3.37862 0.795673 -0.194346 -0.573703 -6.67625
-0.773511 0.335656 -0.537602 10.7416 0.413205 0.910261 -0.0261969 -3.3703 0.480565 -0.242404 -0.842792 -6.74424
-0.918498 0.336774 -0.20723 10.5895 0.37431 0.909455 -0.181064 -3.35389 0.127489 -0.243875 -0.96139 -6.91354
-0.937053 0.326351 0.124201 10.6734 0.286051 0.921422 -0.262977 -3.3461 -0.200265 -0.210896 -0.956774 -7.0126
-0.947275 0.0833164 0.309399 10.7412 0.0589698 0.99444 -0.0872416 -3.45304 -0.314948 -0.0643966 -0.946922 -6.74443
-0.845341 0.0364845 0.532979 10.9295 -0.0251978 0.993832 -0.107997 -3.46685 -0.533632 -0.104724 -0.839208 -6.63648
-0.974216 0.0351513 0.222862 11.009 0.0256965 0.998648 -0.045184 -3.48662 -0.224149 -0.0382922 -0.973802 -6.56884
-0.966509 0.146893 -0.210433 11.1152 0.152653 0.988215 -0.011303 -3.46647 0.206293 -0.0430477 -0.977543 -6.54802
-0.67153 0.29855 -0.67817 11.4084 0.351351 0.934101 0.0633074 -3.43162 0.65238 -0.195763 -0.732173 -6.50547
-0.324268 0.399419 -0.857505 11.6228 0.37265 0.887123 0.272296 -3.39176 0.869472 -0.231252 -0.436509 -6.50259
-0.00934361 0.475937 -0.87943 11.6787 0.280897 0.845305 0.454485 -3.35861 0.959692 -0.242783 -0.141588 -6.35932
0.420815 0.410275 -0.809067 11.8474 0.0223226 0.886928 0.461368 -3.40948 0.906872 -0.212211 0.364074 -6.40137
0.671614 0.584314 -0.455534 11.9529 -0.246925 0.756214 0.605945 -3.3726 0.698543 -0.294479 0.652166 -6.51784
0.716797 0.663291 -0.21505 12.2026 -0.500921 0.704383 0.502915 -3.35413 0.485056 -0.252765 0.837156 -6.53205
0.850295 0.525496 0.0292172 12.4358 -0.513261 0.815655 0.266965 -3.41066 0.116458 -0.241995 0.963263 -6.72076
0.898438 0.37862 0.222388 12.6146 -0.403907 0.911268 0.0803123 -3.46788 -0.172248 -0.16198 0.971645 -7.09036
0.846203 0.303013 0.43832 12.843 -0.330823 0.943594 -0.0136378 -3.49348 -0.417729 -0.133466 0.898716 -7.36744
0.934283 0.242905 0.260983 13.1535 -0.239634 0.969829 -0.0447928 -3.54286 -0.263989 -0.0206913 0.964304 -7.84177
0.928283 0.352629 0.118081 13.4471 -0.367516 0.918396 0.146564 -3.4855 -0.0567618 -0.17945 0.982128 -8.06403
0.891759 0.439742 -0.106733 13.6849 -0.405541 0.88129 0.242621 -3.49497 0.200754 -0.173075 0.964232 -8.27727
0.81877 0.438299 -0.370823 13.8322 -0.272254 0.865068 0.421349 -3.50007 0.505464 -0.244029 0.82762 -8.31667
0.682112 0.434736 -0.587985 13.8514 -0.0855251 0.845996 0.526285 -3.4934 0.726229 -0.308698 0.614246 -8.43537
0.395799 0.43045 -0.811206 13.9802 0.126656 0.849314 0.512469 -3.49391 0.909561 -0.305579 0.281638 -8.44376
0.0484265 0.484181 -0.873627 14.1234 0.249601 0.841037 0.479955 -3.51493 0.967137 -0.241301 -0.0801235 -8.39929
-0.182605 0.44027 -0.879101 14.2755 0.325587 0.870763 0.368464 -3.52851 0.927712 -0.21894 -0.302351 -8.68169
0.205435 0.461027 -0.863279 14.5105 0.105826 0.866456 0.487908 -3.54035 0.972932 -0.191591 0.129211 -8.8069
0.388899 0.470577 -0.792032 14.83 -0.00202041 0.860141 0.510052 -3.53838 0.921278 -0.196758 0.335458 -9.08606
0.668322 0.507154 -0.544189 14.9622 -0.282228 0.849737 0.445302 -3.54136 0.688254 -0.14402 0.711031 -9.30702
0.837709 0.489698 -0.241743 15.0691 -0.421027 0.861037 0.285223 -3.54502 0.347823 -0.137154 0.927474 -9.37064
0.840244 0.538298 0.0650086 15.2381 -0.541976 0.830311 0.129792 -3.54171 0.0158894 -0.14429 0.989408 -9.37672
0.851902 0.303677 0.426665 15.3101 -0.340088 0.940343 0.00975255 -3.60291 -0.39825 -0.153412 0.904357 -9.74113
0.82032 0.0481992 0.56987 15.4191 -0.0590676 0.998254 0.000595459 -3.74002 -0.568846 -0.0341493 0.821735 -9.83344
0.897674 -0.0206711 0.440174 15.5242 0.0297876 0.999461 -0.0138118 -3.80344 -0.439651 0.0255103 0.897806 -10.181
0.954007 0.235178 0.185907 16.0032 -0.232932 0.971893 -0.0341503 -3.68134 -0.188713 -0.010724 0.981974 -10.1258
0.926218 0.341472 -0.159742 16.1175 -0.309885 0.930932 0.193226 -3.60853 0.214691 -0.129467 0.968063 -10.1583
0.793497 0.356236 -0.493416 16.3118 -0.229525 0.926079 0.299494 -3.62531 0.563632 -0.124396 0.816605 -10.1223
0.579672 0.404469 -0.707379 16.4206 -0.0823803 0.892751 0.442955 -3.60297 0.810675 -0.198494 0.550823 -10.1705
0.542478 0.262739 -0.797926 16.6501 -0.0395916 0.956773 0.288127 -3.68505 0.839137 -0.124712 0.529431 -10.4897
0.431988 0.428344 -0.793667 16.8202 -0.0601555 0.89174 0.448532 -3.65758 0.899871 -0.146017 0.410988 -10.8442
0.632289 0.315258 -0.707688 17.0995 -0.119281 0.942184 0.313148 -3.70873 0.765495 -0.113586 0.633337 -11.03
0.806864 0.395819 -0.438519 17.2423 -0.280064 0.909907 0.305996 -3.75568 0.52013 -0.124084 0.845025 -11.3392
0.892923 0.433496 -0.121532 17.2891 -0.389073 0.878841 0.276154 -3.75881 0.226519 -0.1993 0.953398 -11.4107
0.875435 0.418177 0.242368 17.3793 -0.470309 0.852637 0.227639 -3.76196 -0.111459 -0.313271 0.9431 -11.4264
0.742263 0.445841 0.500271 17.361 -0.558245 0.82438 0.0935938 -3.74358 -0.370686 -0.348745 0.860796 -11.5792
0.793884 0.302318 0.527591 17.3219 -0.422321 0.898374 0.120699 -3.76825 -0.437485 -0.318634 0.84088 -11.8923
0.934547 0.292061 0.20328 17.7057 -0.335442 0.91371 0.229376 -3.77543 -0.118747 -0.282551 0.951874 -12.0577
0.966834 0.161003 -0.198268 17.9697 -0.11531 0.96783 0.223625 -3.84649 0.227894 -0.193346 0.954296 -12.3067
0.911328 0.187426 -0.366542 18.2468 -0.116555 0.971391 0.206918 -3.84038 0.394837 -0.145847 0.907101 -12.4047
0.738998 0.31783 -0.594026 18.4138 -0.141484 0.935278 0.324402 -3.77358 0.658684 -0.155688 0.736136 -12.5531
0.860564 0.410497 -0.301532 18.7193 -0.330253 0.900394 0.283238 -3.74667 0.387766 -0.144162 0.910414 -12.6622
0.925684 0.363771 0.103825 18.8572 -0.376957 0.910066 0.172288 -3.73565 -0.0318143 -0.198621 0.97956 -12.9192
0.81846 0.371314 0.438462 18.9814 -0.42651 0.903964 0.0306237 -3.71092 -0.384982 -0.212073 0.898228 -13.0583
0.784336 0.342485 0.517224 19.1411 -0.404921 0.914311 0.00861632 -3.71972 -0.469953 -0.216193 0.855806 -13.1983
0.632906 0.411581 0.655767 19.2835 -0.452724 0.883837 -0.117784 -3.68449 -0.628069 -0.222335 0.745718 -13.3158
0.501692 0.401367 0.766296 19.4164 -0.404333 0.891924 -0.202452 -3.70646 -0.764735 -0.20827 0.609757 -13.3901
0.59905 0.276105 0.751602 19.5001 -0.298036 0.948108 -0.110749 -3.76462 -0.743179 -0.15766 0.650253 -13.6976
0.344376 0.237271 0.908354 19.6864 -0.241665 0.957337 -0.158445 -3.80057 -0.907195 -0.164952 0.387024 -13.8011
0.46149 0.216077 0.860429 19.7944 -0.20525 0.969575 -0.133401 -3.80377 -0.863075 -0.11504 0.491799 -14.0756
0.556519 0.38421 0.736661 20.1414 -0.387273 0.904397 -0.179124 -3.72544 -0.735056 -0.185603 0.652108 -14.1812
