0.999998 0.0013699 -0.00173063 -6.855e-05 -0.00137776 0.999989 -0.00455181 -9.70417e-05 0.00172437 0.00455418 0.999988 6.33001e-05
0.971697 0.132316 -0.195699 0.211032 -0.105953 0.984527 0.139575 0.0480216 0.211139 -0.11489 0.970681 0.093105
0.842927 0.149258 -0.51691 0.478757 -0.0356149 0.974121 0.223202 0.0440341 0.536847 -0.169733 0.826429 0.11938
0.577485 0.172357 -0.798 1.01714 0.030996 0.972127 0.232397 0.072001 0.815813 -0.158941 0.556046 -0.117532
0.520845 0.253591 -0.815114 1.97537 -0.03621 0.96056 0.275704 0.0898191 0.852883 -0.114084 0.509486 -0.737877
0.451572 0.237772 -0.859969 2.88201 0.0301262 0.959225 0.281035 0.0446517 0.891726 -0.152815 0.425996 -1.30115
0.399224 0.152645 -0.904057 3.81678 0.104427 0.972056 0.210241 0.0704636 0.910887 -0.178342 0.372128 -1.78983
0.41091 0.162607 -0.897057 4.7626 0.121444 0.965433 0.230631 0.0113175 0.903551 -0.20371 0.376959 -2.36752
0.448739 0.12499 -0.884879 5.68054 0.132104 0.970015 0.204008 -0.00083999 0.883845 -0.208442 0.418772 -3.01358
0.466866 0.21458 -0.8579 6.54631 0.0788982 0.956139 0.282088 -0.0737057 0.880802 -0.199384 0.429459 -3.61147
0.435181 0.122449 -0.891978 7.51765 0.134266 0.970804 0.198776 -0.140988 0.890275 -0.206266 0.406034 -4.14234
0.362365 0.0617797 -0.929987 8.48072 0.187652 0.972532 0.137724 -0.211965 0.91295 -0.22442 0.340818 -4.73859
0.216195 0.0588085 -0.974577 9.38594 0.240072 0.964336 0.111447 -0.276608 0.946375 -0.258064 0.194367 -5.33866
0.169337 0.0515464 -0.984209 10.2643 0.219576 0.971558 0.0886628 -0.28245 0.960787 -0.231123 0.153203 -5.88546
0.193121 0.0881084 -0.977211 11.1912 0.177233 0.976444 0.123065 -0.368322 0.965035 -0.196961 0.172956 -6.39944
0.329462 0.112724 -0.937415 12.1612 0.126241 0.978674 0.162054 -0.355895 0.935691 -0.171731 0.308206 -6.91732
0.286246 0.0642247 -0.956001 13.0551 0.172519 0.97799 0.117358 -0.412425 0.942497 -0.198522 0.268866 -7.37108
0.21454 0.0342329 -0.976115 13.9772 0.188345 0.979178 0.0757365 -0.408361 0.958384 -0.200095 0.203625 -7.76944
-0.051016 0.0661089 -0.996507 15.0567 0.225308 0.972845 0.0530045 -0.440148 0.972951 -0.221817 -0.0645255 -7.97491
0.138085 0.0666766 -0.988173 16.0368 0.224531 0.969647 0.0968019 -0.564378 0.964634 -0.235242 0.118923 -8.31685
0.289749 -0.00825278 -0.957067 17.0174 0.184197 0.981751 0.0472995 -0.671252 0.939211 -0.189994 0.285982 -8.73638
0.433983 0.0153774 -0.90079 17.9061 0.13918 0.986707 0.0838985 -0.798286 0.890105 -0.161783 0.426074 -9.25554
0.621662 0.0430981 -0.782099 18.814 0.0997211 0.986006 0.133599 -0.839412 0.776912 -0.161045 0.608664 -9.83828
0.773181 0.209084 -0.598728 19.8754 -0.0469973 0.960384 0.274688 -0.836786 0.632441 -0.184245 0.752377 -10.3924
0.596754 0.216937 -0.772544 20.8297 0.00623827 0.961478 0.27481 -0.943826 0.8024 -0.168813 0.572412 -10.7939
0.273012 0.180652 -0.944896 21.4151 0.0910662 0.972946 0.212327 -1.01447 0.957691 -0.144016 0.249175 -10.8168
-0.223718 0.141802 -0.964283 22.0537 0.277866 0.957581 0.0763507 -1.05506 0.934206 -0.250861 -0.25363 -10.7422
-0.565602 0.0633459 -0.822242 22.6952 0.188337 0.980619 -0.0540054 -1.11079 0.802884 -0.185404 -0.566571 -10.4685
-0.781494 0.0557467 -0.621417 23.6441 0.168484 0.977853 -0.124164 -1.10615 0.600733 -0.201732 -0.773579 -9.79007
-0.759431 0.17317 -0.627118 24.4103 0.24949 0.967748 -0.0348993 -1.04825 0.600849 -0.182963 -0.778142 -9.08781
-0.697196 0.208624 -0.685852 25.1744 0.309015 0.95073 -0.0249316 -1.01059 0.646859 -0.229321 -0.727313 -8.31071
-0.768318 0.183287 -0.613265 25.9446 0.285754 0.955563 -0.0724115 -0.997516 0.572741 -0.230878 -0.786551 -7.29567
-0.76664 0.11784 -0.631171 26.5714 0.215199 0.973315 -0.0796689 -0.999388 0.60494 -0.196904 -0.771542 -6.40527
-0.922355 0.0516132 -0.382881 27.082 0.123198 0.978592 -0.164866 -1.01247 0.366175 -0.199235 -0.908967 -5.48047
-0.967286 0.0756848 -0.242136 27.5605 0.131151 0.966206 -0.221912 -0.936539 0.217158 -0.246409 -0.944524 -4.6066
-0.973136 0.0191969 -0.229431 28.0988 0.0728833 0.970954 -0.227894 -0.865004 0.218392 -0.238494 -0.946269 -3.67171
-0.956326 0.0721029 -0.283271 28.5447 0.132063 0.97113 -0.198658 -0.81975 0.260769 -0.227392 -0.938239 -2.73095
-0.977143 0.0735019 -0.19947 29.0071 0.115023 0.971911 -0.205327 -0.737747 0.178775 -0.223578 -0.958151 -1.8026
-0.979019 0.0867971 -0.18436 29.5603 0.121129 0.975433 -0.184004 -0.731627 0.16386 -0.202474 -0.965481 -0.941015
-0.964637 0.024512 -0.26244 30.095 0.088785 0.967699 -0.235959 -0.658837 0.248178 -0.250916 -0.935654 -0.0496787
-0.899606 0.137971 -0.414333 30.7971 0.238539 0.949982 -0.201579 -0.644744 0.365797 -0.280176 -0.887521 0.998063
-0.750306 0.156367 -0.642332 31.5826 0.259739 0.963216 -0.0689188 -0.690327 0.607928 -0.218549 -0.763322 1.76268
-0.912794 0.0655295 -0.40313 32.2765 0.131298 0.981731 -0.137711 -0.742771 0.386741 -0.178632 -0.904722 2.49398
-0.996419 -0.00164022 -0.0845331 32.7177 0.0203035 0.965914 -0.258065 -0.750387 0.082075 -0.258858 -0.962422 3.0516
-0.974017 0.0975857 0.204371 33.4432 0.0448757 0.967673 -0.248183 -0.691516 -0.221983 -0.232563 -0.94691 3.92299
-0.821437 0.248942 0.513097 33.9484 0.0440393 0.924701 -0.378139 -0.625602 -0.568596 -0.288021 -0.770547 4.48447
-0.811787 0.320586 0.488084 34.665 0.0977804 0.898651 -0.427627 -0.595912 -0.575709 -0.299417 -0.760861 5.44579
-0.556441 0.185468 0.809923 35.2584 -0.147587 0.937206 -0.316011 -0.633009 -0.817674 -0.295375 -0.494127 6.1287
-0.121873 0.218045 0.968299 35.6848 -0.165242 0.957499 -0.236411 -0.63163 -0.978694 -0.188816 -0.0806628 6.0493
0.259328 0.172579 0.950245 35.9767 -0.251062 0.962125 -0.10622 -0.636366 -0.932586 -0.211025 0.292834 5.98418
0.596182 0.187599 0.780624 36.3392 -0.352966 0.934555 0.0449774 -0.623611 -0.721098 -0.302348 0.62338 6.00783
0.936914 0.131218 0.323998 36.8508 -0.204813 0.957176 0.20461 -0.701127 -0.283274 -0.258061 0.923667 5.793
0.984702 0.0898996 -0.149266 37.1321 -0.0391066 0.948797 0.313456 -0.718171 0.169802 -0.302823 0.937798 5.42106
0.957221 0.0965651 -0.27277 37.4463 0.00335971 0.938899 0.344176 -0.798637 0.289339 -0.330369 0.898409 4.31217
0.988759 0.0895017 0.119769 37.4153 -0.120408 0.951544 0.282958 -0.882824 -0.0886406 -0.294199 0.951625 3.31748
0.90412 0.0892964 0.417844 36.9967 -0.200346 0.95235 0.22998 -1.01213 -0.377398 -0.291643 0.878929 2.32238
0.818262 0.191489 0.542014 36.1359 -0.342314 0.919795 0.191827 -1.04897 -0.461809 -0.342504 0.818183 1.35611
0.887152 0.192411 0.419452 35.2583 -0.31378 0.917993 0.242551 -1.09294 -0.338384 -0.346796 0.874774 0.562624
0.92543 0.0974301 0.366179 34.5001 -0.219647 0.925389 0.308886 -1.20068 -0.308763 -0.366283 0.877783 -0.285416
0.834132 0.00670728 0.551524 33.8188 -0.172409 0.952991 0.249164 -1.29454 -0.523926 -0.302923 0.796077 -1.22309
0.674832 0.00152164 0.73797 33.0823 -0.154494 0.97813 0.13926 -1.40386 -0.721618 -0.207989 0.660309 -2.1416
0.435402 0.0741306 0.897179 32.5673 -0.0177714 0.997117 -0.0737637 -1.44095 -0.900061 0.0161728 0.435464 -2.6006
0.391738 0.131585 0.910619 32.1173 -0.156374 0.984843 -0.0750404 -1.26525 -0.906691 -0.113001 0.406377 -2.87924
0.614856 0.0574505 0.786544 31.697 -0.173271 0.982815 0.0636625 -1.04731 -0.769369 -0.175428 0.614244 -3.44135
0.818439 -0.0454808 0.572791 31.2471 -0.104168 0.9686 0.22575 -0.825677 -0.565073 -0.244429 0.788002 -3.90922
0.970069 0.0748268 0.231012 31.1268 -0.127209 0.966948 0.220974 -0.706548 -0.206842 -0.243746 0.947525 -4.12243
0.985649 0.0981697 -0.137327 30.7608 -0.0631313 0.968848 0.239474 -0.635236 0.156558 -0.227368 0.961142 -4.42402
0.85902 0.123306 -0.49687 30.4361 0.0108618 0.965952 0.258495 -0.667964 0.511826 -0.227449 0.828433 -4.75905
0.598445 0.0710834 -0.798004 30.0972 0.120775 0.976669 0.177571 -0.702232 0.792008 -0.202645 0.575897 -5.12359
0.186787 0.118251 -0.975258 29.8657 0.183696 0.971016 0.152919 -0.752001 0.965073 -0.207714 0.159651 -5.49262
-0.216554 0.0738618 -0.973473 29.674 0.212154 0.976865 0.0269245 -0.800999 0.95294 -0.200696 -0.227214 -5.79383
-0.617595 0.0345186 -0.785739 29.655 0.231793 0.962653 -0.1399 -0.910618 0.751564 -0.26853 -0.60253 -5.97873
-0.580535 -0.0951166 -0.808661 29.6028 0.162155 0.959754 -0.229299 -0.993607 0.797926 -0.264244 -0.541747 -6.06767
-0.274035 0.138002 -0.951767 29.5644 0.310881 0.94923 0.0481244 -0.85769 0.910087 -0.282699 -0.303024 -6.16936
-0.0334825 0.165458 -0.985648 29.5178 0.19554 0.968226 0.15589 -0.820016 0.980124 -0.187514 -0.0647722 -6.06569
-0.074524 0.238447 -0.968292 29.7389 0.324364 0.923987 0.202572 -0.809614 0.942992 -0.298983 -0.146203 -5.89384
-0.185836 0.25637 -0.948546 29.7442 0.342439 0.921737 0.182035 -0.787729 0.920978 -0.290991 -0.259083 -5.69494
-0.315679 0.322256 -0.892467 29.7703 0.365834 0.90918 0.19889 -0.769199 0.875507 -0.26371 -0.404901 -5.68874
-0.402726 0.311124 -0.860821 29.7854 0.34214 0.923456 0.173695 -0.773677 0.848971 -0.22457 -0.478348 -5.66123
-0.442285 0.305478 -0.843248 29.7778 0.336527 0.928036 0.159684 -0.772307 0.831345 -0.213149 -0.513257 -5.65511
-0.495824 0.319654 -0.807453 29.774 0.33789 0.927536 0.159708 -0.763012 0.799993 -0.193644 -0.567902 -5.64517
-0.368189 0.28709 -0.884317 29.6788 0.260192 0.944945 0.198441 -0.777865 0.892601 -0.157029 -0.422617 -5.70757
-0.483326 0.270204 -0.832698 29.4479 0.260224 0.952526 0.158044 -0.82051 0.835871 -0.140301 -0.530694 -5.97608
-0.65324 0.253057 -0.71361 29.3939 0.319195 0.946689 0.0435179 -0.817727 0.68658 -0.199353 -0.69919 -6.11407
-0.779432 0.267893 -0.566321 29.4192 0.316106 0.948625 0.0136803 -0.860241 0.540891 -0.168354 -0.824071 -6.31995
-0.902012 0.302597 -0.30791 29.4667 0.338519 0.938391 -0.0694816 -0.870857 0.267915 -0.166907 -0.948875 -6.64983
-0.94786 0.309402 0.0763631 29.6381 0.295115 0.942622 -0.156109 -0.904061 -0.120282 -0.125434 -0.984784 -6.86066
-0.88233 0.110921 0.457373 29.7436 0.00823479 0.975319 -0.220646 -0.945215 -0.470559 -0.190916 -0.861467 -6.90008
-0.932747 0.0785084 0.351879 29.6632 -0.0086281 0.970863 -0.239482 -0.97541 -0.360428 -0.226412 -0.904892 -7.14667
-0.826569 0.0116771 0.562714 29.689 -0.0840816 0.986004 -0.143968 -1.04958 -0.55652 -0.166313 -0.814018 -7.8794
-0.589339 0.0303427 0.807316 29.856 -0.105164 0.987911 -0.1139 -1.12216 -0.801012 -0.152026 -0.579023 -8.2294
-0.191063 -0.0783952 0.978442 30.0745 -0.131187 0.989902 0.0536962 -1.23273 -0.972772 -0.1181 -0.199418 -8.41817
0.186635 -0.12496 0.97445 30.2997 -0.107424 0.983335 0.146675 -1.26347 -0.976538 -0.132054 0.170101 -8.51814
0.547327 -0.0602351 0.834748 30.6438 -0.0531672 0.992889 0.106507 -1.22212 -0.835228 -0.102676 0.540233 -8.62993
0.843717 -0.0506613 0.534393 31.2214 -0.0127172 0.99337 0.114251 -1.23989 -0.536638 -0.103192 0.837479 -8.76634
0.983724 -0.128154 0.125951 31.6757 0.10922 0.983057 0.147207 -1.28685 -0.142683 -0.131055 0.981054 -9.13205
0.997004 -0.0519714 -0.0572847 32.418 0.0574303 0.99351 0.0981801 -1.33367 0.0518104 -0.101176 0.993519 -10.0388
0.990665 -0.0324816 -0.132392 32.9132 0.0448668 0.994778 0.0916671 -1.40444 0.128723 -0.0967514 0.98695 -10.9167
0.935778 -0.0471387 -0.349425 33.5344 0.0752162 0.994899 0.0672172 -1.50453 0.344474 -0.0891828 0.93455 -11.9322
0.889598 0.0732072 -0.450839 34.2058 -0.00445593 0.988416 0.151706 -1.52505 0.456723 -0.132949 0.879619 -12.6893
0.873908 0.152153 -0.461664 34.8823 -0.0377036 0.968105 0.247692 -1.56808 0.484626 -0.199053 0.851772 -13.5034
0.991848 0.0579404 -0.113492 35.1785 -0.0276782 0.967342 0.251961 -1.63067 0.124384 -0.246766 0.961059 -14.233
0.92427 0.0104896 0.381596 35.224 -0.121397 0.955806 0.267765 -1.69989 -0.361923 -0.293811 0.884696 -14.9698
0.705284 -0.0887362 0.703349 34.9759 -0.120968 0.962521 0.242735 -1.75264 -0.698528 -0.25628 0.668117 -15.3476
0.378758 -0.129253 0.916426 34.6355 -0.200759 0.955148 0.217687 -1.74903 -0.903459 -0.266432 0.335821 -15.5969
-0.13019 -0.242014 0.961499 34.2451 -0.232334 0.950198 0.207711 -1.76377 -0.963883 -0.196347 -0.179935 -15.7008
-0.475649 -0.363483 0.801023 33.6621 -0.363266 0.91052 0.197462 -1.78732 -0.801121 -0.197062 -0.565129 -15.533
-0.726858 -0.410432 0.550657 33.1928 -0.410987 0.902318 0.130047 -1.83398 -0.550243 -0.131787 -0.824539 -15.1783
-0.818415 -0.279655 0.501986 32.4913 -0.284299 0.956234 0.0692073 -2.26516 -0.49937 -0.0860741 -0.862102 -14.38
-0.893238 -0.204428 0.400419 32.1658 -0.226113 0.974075 -0.00710369 -2.55237 -0.388586 -0.0968851 -0.916305 -13.8842
-0.826707 -0.19038 0.529444 31.8147 -0.210948 0.977249 0.0220162 -2.79164 -0.52159 -0.0934842 -0.848059 -13.3948
-0.855328 -0.178642 0.486314 31.4639 -0.189621 0.981485 0.0270334 -3.08279 -0.482139 -0.0690928 -0.873366 -13.0004
-0.91993 -0.0939652 0.380657 30.855 -0.0993 0.995042 0.0056489 -3.50471 -0.379301 -0.0326027 -0.924699 -12.3228
-0.974321 -0.166694 0.151366 30.1862 -0.170987 0.985148 -0.0157141 -3.99657 -0.146498 -0.0411922 -0.988353 -11.5924
-0.978452 -0.130923 -0.159656 29.7643 -0.117025 0.98871 -0.0935831 -4.44363 0.170105 -0.0728828 -0.982727 -10.6499
-0.892354 0.0932523 -0.441598 29.6985 0.166604 0.977381 -0.130269 -4.65956 0.419462 -0.189818 -0.887706 -9.91903
-0.666183 0.0989165 -0.739199 29.9906 0.268398 0.956553 -0.113884 -4.68321 0.695818 -0.274267 -0.663788 -9.37221
-0.189514 0.0770527 -0.97885 30.5231 0.295027 0.955318 0.0180807 -4.83361 0.936506 -0.28536 -0.203778 -8.9733
0.242365 -0.0704903 -0.967621 31.2425 0.301226 0.953534 0.00598546 -4.90893 0.922238 -0.292923 0.252336 -8.86292
0.64603 -0.0974933 -0.757061 31.9776 0.208687 0.976582 0.0523183 -4.98913 0.734231 -0.191788 0.651247 -9.05894
0.751601 0.0492055 -0.657781 32.8597 0.110583 0.973701 0.199194 -5.01953 0.650283 -0.222454 0.726393 -9.70094
0.771972 0.0773655 -0.630931 33.5407 0.0850358 0.971075 0.223119 -5.0728 0.629943 -0.225894 0.743064 -10.5438
0.942601 0.114769 -0.313577 34.0053 -0.0376048 0.96959 0.241829 -5.17123 0.331796 -0.216156 0.918253 -11.5518
0.999389 0.0333992 -0.0103079 34.3026 -0.0309018 0.982064 0.185996 -5.30707 0.0163352 -0.185564 0.982496 -12.5739
0.997294 -0.0690773 0.0251437 34.62 0.0656065 0.990669 0.119461 -5.45923 -0.033161 -0.117488 0.992521 -13.7355
0.913021 -0.317954 -0.255533 34.9078 0.34225 0.937951 0.0557915 -5.77944 0.221938 -0.138395 0.965189 -14.5556
0.913798 -0.0911534 -0.395807 35.2737 0.147471 0.98245 0.114209 -5.67853 0.37845 -0.162734 0.911204 -15.2508
0.905541 0.11374 -0.408729 35.8829 -0.0420622 0.982716 0.180278 -5.67207 0.422169 -0.146057 0.894674 -15.9062
0.803524 0.315482 -0.504797 36.3661 -0.147342 0.92703 0.344827 -5.69251 0.576748 -0.202699 0.791375 -16.2905
0.716398 0.270116 -0.643282 36.5642 -0.0326349 0.933978 0.355836 -5.71871 0.696929 -0.233927 0.677915 -16.3312
0.513694 0.259157 -0.817897 36.8294 0.0333737 0.946533 0.320878 -5.78377 0.857324 -0.192129 0.477579 -16.634
0.518872 0.272772 -0.810165 37.0738 0.0697453 0.931058 0.358143 -5.8228 0.852002 -0.242336 0.464076 -16.9338
0.333439 0.272576 -0.902508 37.0946 0.141921 0.931871 0.333879 -5.81028 0.932028 -0.239413 0.272038 -16.9208
0.315273 0.27969 -0.90685 37.1119 0.111456 0.938057 0.328064 -5.82607 0.942433 -0.204504 0.264571 -16.9072
0.194115 0.233796 -0.952711 37.0883 0.125099 0.957355 0.260425 -5.83465 0.972969 -0.169736 0.156589 -16.9425
0.183827 0.263031 -0.947113 36.5988 0.084085 0.955793 0.281761 -5.81873 0.979356 -0.131433 0.153584 -17.2271
0.0129958 0.214377 -0.976665 36.2893 0.176863 0.960854 0.213259 -5.84083 0.98415 -0.175507 -0.0254281 -17.415
0.434061 0.281772 -0.855685 36.2015 0.132863 0.919419 0.370156 -5.80387 0.891032 -0.274359 0.361647 -17.3094
0.676008 0.324177 -0.661757 36.2192 -0.0646876 0.920674 0.384934 -5.77562 0.734049 -0.217411 0.643354 -17.4996
0.806362 0.312893 -0.501875 36.5206 -0.157245 0.931471 0.328078 -5.82799 0.570136 -0.185632 0.800304 -18.3574
0.810643 0.232416 -0.537439 37.1413 -0.109168 0.961747 0.251247 -6.00049 0.575274 -0.145 0.805006 -19.2949
0.791206 0.149903 -0.592892 37.7983 -0.0187827 0.974992 0.221445 -6.10914 0.611261 -0.164073 0.774236 -20.061
0.751501 0.0951123 -0.652839 38.4553 0.0419785 0.980654 0.191194 -6.2241 0.658395 -0.171088 0.73297 -20.8569
0.738921 0.141174 -0.658837 39.3255 0.000308611 0.977733 0.209853 -6.34266 0.673792 -0.155268 0.722424 -21.6798
0.363985 0.245198 -0.898551 39.9238 0.0578574 0.956911 0.28456 -6.40183 0.929606 -0.155563 0.334115 -22.1511
-0.116055 0.163883 -0.979629 39.9884 0.182981 0.97294 0.141086 -6.44707 0.976242 -0.162879 -0.142902 -22.1293
-0.476783 0.0872855 -0.874676 39.8738 0.108034 0.993333 0.0402375 -6.43329 0.872357 -0.07531 -0.483034 -21.973
-0.511687 0.0969137 -0.853689 39.627 0.212197 0.977091 -0.0162649 -6.3708 0.832556 -0.189473 -0.52053 -21.7561
-0.166089 0.0157219 -0.985985 39.7152 0.145417 0.989332 -0.00872019 -6.40803 0.97533 -0.144827 -0.166603 -21.9265
0.19496 0.112317 -0.974359 39.9747 0.0777818 0.988522 0.129513 -6.47435 0.977722 -0.101037 0.183986 -22.3903
0.529064 0.188583 -0.827362 40.4492 0.0176336 0.97234 0.232904 -6.53588 0.848398 -0.137811 0.511105 -22.804
0.58151 0.168132 -0.795976 41.4333 0.0306577 0.973188 0.227961 -6.69165 0.812961 -0.156964 0.560764 -23.6025
0.43853 0.339961 -0.831936 42.1885 -0.0187326 0.92895 0.36973 -6.74737 0.898521 -0.146553 0.413741 -24.2976
0.212043 0.300019 -0.930068 42.4308 0.115334 0.937376 0.328671 -6.77527 0.970431 -0.176961 0.164162 -24.5091
0.594689 0.320913 -0.73713 42.4116 -0.00992197 0.919738 0.392408 -6.78049 0.803895 -0.226047 0.550142 -24.35
0.748884 0.366953 -0.551831 42.4926 -0.143787 0.902836 0.405231 -6.79594 0.646914 -0.224125 0.728883 -24.7274
0.568124 0.229069 -0.790419 42.854 0.044157 0.95061 0.307232 -6.90508 0.821757 -0.209448 0.529949 -25.8341
0.450696 0.0283789 -0.892226 43.6286 0.207381 0.968821 0.135571 -7.13868 0.868255 -0.246132 0.430758 -26.7472
0.534875 0.0588047 -0.842883 44.4748 0.1113 0.983979 0.139277 -7.22195 0.837569 -0.168309 0.51976 -27.631
0.553696 0.143424 -0.820274 45.2556 0.0510751 0.977352 0.205366 -7.2846 0.831151 -0.155606 0.53383 -28.2878
0.484658 0.170091 -0.858007 46.2281 0.0687967 0.97046 0.231245 -7.40979 0.871994 -0.171103 0.45864 -29.062
0.458822 0.155663 -0.874786 47.2055 0.092811 0.970752 0.221419 -7.54171 0.883668 -0.182782 0.430955 -29.819
0.2742 0.0355926 -0.961014 47.9794 0.148304 0.985795 0.078825 -7.71817 0.950169 -0.164136 0.265027 -30.5303
0.378863 0.119242 -0.917739 48.7621 0.115905 0.977743 0.174886 -7.8116 0.918166 -0.172628 0.35661 -31.4667
0.21775 0.0400647 -0.975182 49.4829 0.23865 0.966642 0.0930024 -7.96016 0.946378 -0.252979 0.200924 -32.3668
-0.115286 0.171028 -0.978498 49.8916 0.278673 0.951076 0.133402 -7.93136 0.953441 -0.257302 -0.157307 -32.7348
-0.390421 0.22474 -0.892784 50.5522 0.341006 0.936072 0.0865121 -8.01271 0.855153 -0.270669 -0.442099 -33.174
-0.485115 0.172004 -0.857367 51.6082 0.303281 0.952701 0.0195276 -8.0895 0.820173 -0.25055 -0.514335 -33.3641
-0.62795 0.110639 -0.770349 52.6402 0.23961 0.969246 -0.0561132 -8.15275 0.74045 -0.21982 -0.635148 -33.0246
-0.413489 0.13532 -0.900397 53.7335 0.251482 0.9674 0.029902 -8.18497 0.87509 -0.21407 -0.43404 -32.4591
-0.104231 0.122754 -0.986949 54.7537 0.198763 0.974905 0.100265 -8.2198 0.974489 -0.185719 -0.126014 -32.1155
-0.244042 0.114619 -0.962967 55.8613 0.214332 0.97481 0.0617116 -8.27426 0.945783 -0.191334 -0.262461 -32.0062
-0.575252 0.00370647 -0.817968 56.1217 0.138533 0.985985 -0.0929584 -8.32196 0.80616 -0.16679 -0.567704 -31.8912
-0.851007 -0.0702867 -0.520429 56.1058 0.0625557 0.970379 -0.233346 -8.31287 0.521415 -0.231135 -0.821403 -31.7161
-0.984987 0.00124198 -0.172627 55.9655 0.0304733 0.985522 -0.166786 -8.27775 0.16992 -0.169543 -0.970764 -31.2744
-0.997333 -0.072218 0.0105195 55.8375 -0.0729659 0.989574 -0.124174 -8.28793 -0.00144221 -0.124611 -0.992205 -30.2243
-0.998735 0.00287605 -0.0501999 55.8137 0.0073297 0.996026 -0.0887612 -8.22373 0.0497451 -0.0890169 -0.994787 -29.0257
-0.935809 -0.0148628 0.352194 55.5821 -0.0657029 0.988957 -0.132844 -8.20153 -0.34633 -0.147456 -0.926451 -28.3307
-0.735649 -0.0631311 0.674415 55.2157 -0.171276 0.980629 -0.0950314 -8.17426 -0.655351 -0.185421 -0.732212 -27.9765
-0.581246 0.0623453 0.811336 54.3465 -0.102299 0.983552 -0.148867 -8.03759 -0.807272 -0.169527 -0.565308 -27.2771
-0.402873 0.0945171 0.910362 53.5345 -0.171742 0.969179 -0.176626 -7.93915 -0.898998 -0.227505 -0.374224 -26.7293
-0.456332 0.0924527 0.884994 52.8275 -0.131913 0.976568 -0.170038 -7.8157 -0.879977 -0.194336 -0.433444 -25.8074
-0.402357 -0.0377854 0.914703 52.0573 -0.186949 0.981485 -0.0416904 -7.75645 -0.896191 -0.187777 -0.401971 -24.8728
-0.112157 0.116173 0.986876 51.1432 -0.157132 0.978574 -0.133053 -7.57442 -0.981188 -0.169992 -0.091499 -24.3664
0.194005 0.0105506 0.980944 50.1759 -0.130753 0.991298 0.0151976 -7.5658 -0.972248 -0.13121 0.193696 -24.3808
0.604386 -0.0115907 0.796607 49.7274 -0.0808561 0.993839 0.0758059 -7.59152 -0.792578 -0.110227 0.599725 -24.7175
0.89671 -0.0856355 0.434255 49.4075 0.0259029 0.989577 0.141658 -7.61514 -0.441859 -0.115777 0.889582 -25.2153
0.995571 -0.0845534 0.0411023 49.3504 0.0782611 0.987609 0.136031 -7.62602 -0.0520948 -0.132212 0.989852 -25.731
0.968776 -0.0545848 -0.241853 49.4549 0.0979222 0.980398 0.170971 -7.6338 0.22778 -0.189316 0.955131 -26.299
0.98501 -0.0339038 -0.169131 49.9574 0.0658236 0.980177 0.186868 -7.7064 0.159442 -0.1952 0.967716 -27.2238
0.989299 -0.0720899 0.126851 50.4917 0.037974 0.966667 0.253204 -7.82894 -0.140876 -0.245678 0.95906 -28.302
0.979296 -0.12635 0.158162 50.9457 0.0909989 0.972675 0.213595 -7.95158 -0.180828 -0.19478 0.964034 -29.389
0.984633 -0.128552 -0.118205 51.3533 0.143129 0.981848 0.124453 -8.02093 0.100061 -0.139459 0.985159 -29.9651
0.997615 -0.0565799 -0.0395228 51.6772 0.063734 0.974972 0.212995 -8.08801 0.0264824 -0.215006 0.976254 -30.8959
0.996303 0.00937176 0.0853971 51.9336 -0.0338172 0.956563 0.289559 -8.09964 -0.078974 -0.291376 0.953343 -31.8619
0.956207 0.238653 -0.169449 52.2378 -0.175289 0.930563 0.321445 -8.05636 0.234397 -0.277666 0.931644 -32.5535
0.966213 0.25655 -0.0247938 52.1558 -0.238582 0.926626 0.290591 -8.13163 0.0975256 -0.274857 0.956526 -33.7886
0.94906 0.135894 0.284286 51.8238 -0.181003 0.973632 0.138845 -8.28496 -0.257921 -0.183229 0.948633 -34.8287
0.886381 0.293178 0.358296 51.7102 -0.315425 0.948943 0.00384579 -8.32292 -0.338875 -0.116424 0.9336 -35.9658
0.985612 0.157054 -0.062478 51.9525 -0.144065 0.973893 0.175434 -8.37627 0.0883995 -0.163909 0.982507 -36.6846
0.852778 0.194158 -0.484842 52.2384 -0.0432919 0.951414 0.304855 -8.42174 0.520476 -0.238984 0.819751 -37.0413
0.538036 0.188497 -0.821575 52.6906 0.157497 0.93503 0.31767 -8.51808 0.828077 -0.300314 0.473392 -37.545
0.360147 0.0192445 -0.932697 53.3273 0.308073 0.941245 0.138379 -8.70626 0.88056 -0.337176 0.333057 -38.2845
0.482372 0.0108683 -0.875899 53.9178 0.266395 0.950742 0.158505 -8.86341 0.834476 -0.309793 0.455716 -39.2051
0.483249 -0.054137 -0.873807 54.4963 0.237198 0.968852 0.0711542 -8.99625 0.842738 -0.241651 0.481038 -40.0238
0.28128 0.104719 -0.953895 55.1949 0.117263 0.982828 0.142473 -8.99735 0.952434 -0.151931 0.26417 -40.5275
-0.180877 0.0971287 -0.978698 55.9601 0.17167 0.982953 0.065824 -9.09154 0.968407 -0.156107 -0.194467 -40.4065
-0.563765 0.0666073 -0.823245 56.2485 0.204971 0.976845 -0.0613308 -9.09779 0.800098 -0.203317 -0.564363 -40.1612
-0.838539 0.0957313 -0.536365 56.6469 0.231061 0.954015 -0.19096 -9.09109 0.49342 -0.28406 -0.822099 -39.6523
-0.801724 0.0391227 -0.596412 57.5283 0.199773 0.958007 -0.205702 -9.12422 0.563319 -0.284064 -0.775873 -38.7894
-0.680167 0.00248841 -0.733053 58.4906 0.186894 0.967537 -0.170126 -9.1895 0.708832 -0.252717 -0.658552 -38.2315
-0.857617 0.062664 -0.510458 59.4937 0.172296 0.9702 -0.170371 -9.16298 0.48457 -0.234062 -0.842856 -37.5256
-0.890072 0.109576 -0.442453 60.4582 0.250146 0.928873 -0.273172 -9.17506 0.381049 -0.35382 -0.854174 -36.9016
-0.704574 0.0121011 -0.709527 61.1663 0.208382 0.959303 -0.190566 -9.23171 0.678346 -0.28212 -0.678421 -36.5857
-0.458404 -0.0300252 -0.888237 61.4329 0.258978 0.951543 -0.165819 -9.261 0.850174 -0.306046 -0.428415 -36.5467
-0.152305 -0.0385925 -0.98758 61.687 0.273248 0.958644 -0.0796022 -9.30912 0.94981 -0.281978 -0.135461 -36.9331
0.14991 -0.0126107 -0.988619 62.1418 0.218215 0.975682 0.0206433 -9.37788 0.964318 -0.218826 0.149016 -37.2644
0.267892 -0.00589507 -0.963431 62.965 0.239968 0.968875 0.0607973 -9.46582 0.933086 -0.24748 0.260968 -37.8671
0.401135 0.013253 -0.915923 63.8726 0.165201 0.982453 0.0865668 -9.55111 0.900999 -0.186037 0.391907 -38.3565
0.0963927 0.0212072 -0.995117 64.6097 0.221639 0.974214 0.0422309 -9.63856 0.970353 -0.224628 0.0892067 -38.5877
0.55564 -0.0906698 -0.826464 65.098 0.240869 0.968962 0.055636 -9.71458 0.795767 -0.229984 0.560234 -38.9633
0.841077 -0.0224245 -0.540451 65.1093 0.168833 0.960108 0.222909 -9.69411 0.513893 -0.278729 0.81131 -38.9873
0.978729 0.0257997 -0.203529 64.9689 0.0317628 0.961044 0.274565 -9.6312 0.202683 -0.275189 0.939782 -38.9693
0.984372 0.0165096 0.175328 64.8677 -0.0600829 0.967344 0.246244 -9.61452 -0.165537 -0.252929 0.953218 -38.979
0.84075 0.0587489 0.538227 64.8731 -0.156452 0.978049 0.137632 -9.63426 -0.518327 -0.199921 0.831486 -39.1678
0.603908 0.0311251 0.796446 64.7406 -0.274066 0.946418 0.170825 -9.63855 -0.748454 -0.321442 0.580079 -39.4283
0.318273 -0.131953 0.938771 64.6961 -0.265332 0.938289 0.221842 -9.73022 -0.910111 -0.319692 0.263621 -39.455
-0.110149 0.0169126 0.993771 64.8109 -0.223164 0.973905 -0.0413099 -9.67327 -0.968538 -0.226324 -0.1035 -39.2974
-0.340707 0.15061 0.928028 64.7315 -0.0684541 0.980492 -0.184256 -9.63116 -0.937674 -0.126305 -0.32375 -39.1144
-0.191607 0.209057 0.958948 63.8403 -0.152351 0.958873 -0.239482 -9.48996 -0.969575 -0.191983 -0.151877 -38.6615
0.211497 0.173961 0.961773 62.7859 -0.213835 0.968429 -0.128141 -9.42564 -0.9537 -0.178559 0.242019 -38.4896
0.421136 0.089525 0.902568 61.6976 -0.176879 0.984117 -0.0150824 -9.364 -0.889583 -0.153294 0.430282 -38.3967
0.306241 0.0471002 0.950788 60.6888 -0.126501 0.991931 -0.00839322 -9.34253 -0.943511 -0.117706 0.309728 -38.1887
0.580582 -0.0333357 0.813519 59.796 -0.0485602 0.995965 0.0754677 -9.30474 -0.812753 -0.0833198 0.57662 -38.1957
0.821232 0.0275812 0.569928 58.7928 -0.078205 0.994846 0.0645439 -9.19836 -0.56521 -0.0975767 0.819156 -38.6513
0.870488 -0.0233985 0.491633 57.8276 -0.0484003 0.989959 0.132813 -9.17308 -0.489804 -0.139408 0.860614 -39.4832
0.783774 0.00930241 0.620977 56.9955 -0.101373 0.988394 0.113143 -9.16603 -0.612717 -0.151629 0.77562 -40.1877
0.444653 -0.0504653 0.89428 56.0922 -0.193666 0.969378 0.150998 -9.11335 -0.874515 -0.240333 0.421263 -40.7061
0.12144 -0.0629699 0.990599 55.5627 -0.246535 0.9648 0.0915532 -9.10043 -0.961495 -0.255336 0.101641 -40.8581
-0.336823 -0.0917025 0.937092 54.5498 -0.30041 0.953698 -0.0146502 -9.08724 -0.892359 -0.286446 -0.348776 -40.6856
-0.604205 -0.0770786 0.793092 53.8763 -0.213958 0.974452 -0.0682962 -9.01507 -0.767566 -0.210953 -0.605261 -40.2255
-0.640497 0.0431076 0.76675 53.0907 -0.0648492 0.991821 -0.109933 -8.91697 -0.765218 -0.120135 -0.632463 -39.4827
-0.673398 0.126947 0.728299 52.4146 0.00546513 0.985974 -0.166809 -8.83736 -0.73926 -0.108348 -0.664647 -38.6385
-0.63671 0.061443 0.768652 51.7885 -0.055136 0.990641 -0.12486 -8.82293 -0.76913 -0.12188 -0.627363 -37.7755
-0.614534 0.0366917 0.788036 51.2307 -0.0718317 0.992166 -0.102213 -8.82559 -0.785613 -0.119419 -0.607084 -36.8942
-0.614658 0.0199488 0.788542 50.5654 -0.0853069 0.992136 -0.091595 -8.83652 -0.784167 -0.123568 -0.608122 -35.9894
-0.599414 0.0230384 0.800108 49.8973 -0.0529714 0.996253 -0.0683706 -8.78438 -0.798684 -0.0833651 -0.595948 -35.126
-0.582081 0.0797854 0.809207 49.0644 -0.0537466 0.989223 -0.136196 -8.71799 -0.811353 -0.122769 -0.57152 -34.1324
-0.587091 0.0244356 0.809152 48.2291 -0.141785 0.98099 -0.132499 -8.7397 -0.797007 -0.192515 -0.572466 -33.1274
-0.589741 -0.0353767 0.806817 47.6448 -0.168545 0.982432 -0.0801204 -8.77212 -0.789809 -0.183235 -0.585343 -32.2747
-0.571007 -0.0197312 0.820708 47.039 -0.114287 0.991887 -0.0556686 -8.74312 -0.812951 -0.125584 -0.568629 -31.4638
-0.600755 0.102368 0.792852 46.3661 0.190762 0.981474 0.0178212 -8.75378 -0.776339 0.161952 -0.609154 -30.6957
-0.539505 0.203299 0.81707 45.885 0.39611 0.917601 0.0332359 -8.73908 -0.742988 0.34158 -0.575579 -30.0927
-0.491815 0.208286 0.84542 45.207 0.122731 0.977855 -0.169517 -8.68058 -0.862006 0.020388 -0.506488 -29.3464
-0.196871 0.0991969 0.975398 44.4551 -0.0741639 0.990511 -0.115703 -8.69231 -0.97762 -0.0951179 -0.187646 -28.7144
0.165082 -0.0207884 0.986061 43.7766 -0.0424319 0.998702 0.0281586 -8.77244 -0.985367 -0.0464889 0.163986 -28.1339
0.51994 -0.0441887 0.853059 43.3698 -0.0363468 0.996612 0.0737782 -8.79678 -0.853429 -0.0693662 0.516572 -27.7058
0.855029 -0.0527541 0.515889 43.162 0.0137723 0.996771 0.0791023 -8.79625 -0.518397 -0.0605298 0.852995 -27.4415
0.983069 -0.109439 0.146966 43.0268 0.100696 0.992747 0.0656857 -8.77564 -0.153088 -0.0497747 0.986958 -27.1545
0.968249 -0.041715 -0.246484 42.6373 0.0726704 0.990368 0.117857 -8.72296 0.239193 -0.132027 0.961954 -26.6208
0.85392 0.166688 -0.492986 42.3908 -0.0489407 0.968838 0.242811 -8.65426 0.518098 -0.183214 0.835468 -26.3673
0.844326 0.204579 -0.495238 42.0073 -0.0993271 0.967984 0.230525 -8.61388 0.526543 -0.145448 0.837614 -25.949
0.733689 0.0293577 -0.678851 41.9052 0.0336346 0.996272 0.0794367 -8.64236 0.678652 -0.0811147 0.729967 -25.4491
0.528879 0.0148283 -0.848568 41.5317 0.0776237 0.994811 0.0657637 -8.63488 0.84514 -0.10065 0.524984 -25.0415
0.721194 -0.133052 -0.679836 40.9857 0.136148 0.989465 -0.0492191 -8.68978 0.679222 -0.057062 0.731711 -24.4965
0.893461 -0.065818 -0.444293 40.5161 0.0915024 0.995132 0.0365888 -8.68103 0.439722 -0.0733445 0.895134 -24.0011
0.985476 0.0914082 -0.143115 40.101 -0.0705463 0.986971 0.144608 -8.61887 0.154469 -0.132411 0.979085 -23.518
0.953803 0.245732 -0.172847 39.5207 -0.197937 0.946794 0.253777 -8.63089 0.226011 -0.20784 0.951694 -22.6534
0.967532 0.134253 -0.214145 38.7822 -0.0960008 0.978971 0.179999 -8.64706 0.233808 -0.153596 0.960074 -21.8327
0.975229 0.130501 -0.178601 38.1037 -0.11227 0.987717 0.108672 -8.65058 0.190589 -0.0859286 0.977902 -20.9538
0.996572 0.080066 0.0208466 37.3891 -0.0819829 0.989551 0.118604 -8.66929 -0.0111326 -0.119907 0.992723 -20.1682
0.983252 0.0247471 0.180564 37.0254 -0.00910187 0.99617 -0.0869657 -8.68091 -0.182025 0.0838657 0.979711 -19.8375
0.920719 -0.0888859 0.379968 36.7994 0.0736583 0.995795 0.0544614 -8.71889 -0.383211 -0.0221558 0.923395 -19.9694
0.814712 -0.1296 0.565198 36.6545 0.0826064 0.990703 0.108095 -8.72851 -0.573952 -0.0413771 0.817843 -19.7681
0.962149 -0.135098 0.236679 36.6694 0.123873 0.990375 0.0617417 -8.70684 -0.242743 -0.0300866 0.969624 -19.5886
0.999779 -0.0148698 -0.0148504 36.6522 0.0169826 0.987904 0.154137 -8.66924 0.0123788 -0.154355 0.987938 -19.4043
0.946358 0.130432 -0.295626 36.3762 -0.0755988 0.978891 0.189886 -8.64034 0.314153 -0.157351 0.936242 -19.172
0.707477 0.105811 -0.69877 36.063 -0.00776378 0.989833 0.142025 -8.58783 0.706693 -0.0950541 0.701106 -18.4502
0.331695 0.103947 -0.937642 35.8861 0.0310858 0.992167 0.120988 -8.58031 0.942874 -0.0692786 0.325866 -18.0222
0.259395 0.00573861 -0.965754 35.8482 0.0385202 0.999125 0.0162832 -8.63749 0.965003 -0.0414249 0.258947 -17.1569
-0.205892 0.0174336 -0.978419 35.7878 0.106348 0.994318 -0.00466218 -8.63967 0.972779 -0.105013 -0.206576 -16.5443
-0.535372 0.0045521 -0.844604 35.5364 0.0901502 0.994581 -0.0517835 -8.6367 0.839791 -0.103865 -0.532882 -16.0026
-0.852904 0.0586064 -0.518767 35.078 0.0730236 0.997303 -0.00739032 -8.65545 0.516935 -0.0441855 -0.854884 -15.5324
-0.982144 0.115161 -0.148763 34.5479 0.132615 0.984674 -0.113274 -8.62738 0.133438 -0.13098 -0.982364 -15.1894
-0.983163 0.0804464 0.164071 33.7599 0.0405468 0.971537 -0.23339 -8.57436 -0.178177 -0.222808 -0.958441 -14.541
-0.949513 -0.0187753 0.313166 33.0988 -0.106928 0.957807 -0.266781 -8.58167 -0.294944 -0.286798 -0.911458 -13.7186
-0.969905 0.130255 0.205714 32.5767 0.0845733 0.972496 -0.217023 -8.53477 -0.228325 -0.193094 -0.954244 -12.7841
-0.960503 0.033957 0.276191 32.0052 -0.0151998 0.984643 -0.173919 -8.58018 -0.277855 -0.171248 -0.945236 -11.8199
-0.833635 -0.0854267 0.545669 31.5149 -0.167429 0.980565 -0.102276 -8.5616 -0.526326 -0.176622 -0.831736 -11.2034
-0.947337 -0.0375811 0.318026 31.2134 -0.105483 0.97429 -0.19908 -8.5783 -0.302368 -0.222142 -0.926945 -10.7412
-0.99882 -0.0265078 -0.0406846 31.0777 -0.0194809 0.986218 -0.164302 -8.55585 0.0444792 -0.163315 -0.985571 -10.3534
-0.844449 -0.0334401 -0.534591 30.9678 0.0270062 0.994122 -0.104844 -8.56211 0.534955 -0.102973 -0.838582 -9.88805
-0.574742 0.0505229 -0.816774 31.0229 0.100078 0.99494 -0.00887828 -8.53357 0.812192 -0.0868435 -0.57689 -9.68059
-0.133876 0.00842438 -0.990962 31.1043 0.0632292 0.997999 -5.78703e-05 -8.55305 0.988979 -0.0626655 -0.134141 -9.51828
0.245858 0.0125081 -0.969225 31.1711 0.0314824 0.999286 0.020882 -8.57532 0.968794 -0.0356475 0.245289 -9.48617
0.640844 0.154483 -0.751967 31.5162 -0.0808733 0.987678 0.133985 -8.55711 0.7634 -0.0250491 0.645441 -9.52957
0.886169 0.126706 -0.445701 31.9363 -0.0608211 0.985371 0.159199 -8.55034 0.459352 -0.113969 0.880912 -9.76022
0.957076 0.191222 -0.217809 32.7359 -0.15195 0.970966 0.184761 -8.59508 0.246815 -0.143734 0.958344 -10.4321
0.96307 0.12894 -0.23637 32.9832 -0.105595 0.988423 0.108945 -8.63003 0.247681 -0.0799622 0.965536 -10.6135
0.988761 0.134997 -0.0642508 32.9708 -0.0961635 0.903309 0.418074 -8.67222 0.114477 -0.407196 0.906138 -10.5005
0.987636 -0.036007 0.152574 32.9322 -0.0256923 0.922927 0.384118 -8.70979 -0.154645 -0.383289 0.91059 -10.4734
0.982033 -0.17542 0.069567 32.9197 0.146199 0.940316 0.307297 -8.76926 -0.119321 -0.291605 0.949067 -10.4823
0.916001 -0.143724 0.374548 -14.1834 0.0602462 0.972317 0.225764 -2.72867 -0.396627 -0.184234 0.899302 29.3359
0.719446 -0.221287 0.658354 -14.3408 0.0959213 0.970461 0.22137 -2.73097 -0.687893 -0.096114 0.71942 29.4587
0.49695 -0.121139 0.859282 -14.9146 0.0510758 0.992575 0.110391 -2.70116 -0.866275 -0.0109705 0.499447 29.2984
0.370468 0.11468 0.921739 -15.6973 -0.103403 0.991273 -0.0817716 -2.60987 -0.923072 -0.0650165 0.379093 28.7089
0.41567 0.0541963 0.907899 -16.417 -0.157152 0.987489 0.0130027 -2.63195 -0.895836 -0.148083 0.418986 28.0669
0.419106 -0.0345123 0.907281 -17.2945 -0.193968 0.972804 0.126605 -2.64196 -0.886976 -0.229044 0.401014 27.2455
0.652131 -0.0164101 0.757929 -18.2365 -0.118966 0.985164 0.12369 -2.60385 -0.748714 -0.17083 0.640503 26.4978
0.937037 -0.0297426 0.347962 -18.8238 -0.0309859 0.985356 0.167668 -2.5703 -0.347853 -0.167893 0.922394 25.81
0.999482 0.0304379 -0.0104649 -18.9087 -0.0286691 0.989677 0.14042 -2.59565 0.014631 -0.140047 0.990037 25.3975
0.928467 0.00710303 -0.371346 -18.9246 0.0655738 0.980976 0.182717 -2.62086 0.365579 -0.193997 0.910339 24.9617
0.801173 0.00972192 -0.598354 -18.514 0.103182 0.982649 0.154123 -2.64341 0.58947 -0.185218 0.786269 23.9199
0.844775 0.128414 -0.519486 -17.9839 -0.0233441 0.978699 0.203967 -2.57885 0.534612 -0.160179 0.829778 23.0888
0.840222 0.139891 -0.523887 -17.445 -0.0325928 0.977431 0.208725 -2.56816 0.541262 -0.1583 0.825818 22.3027
0.83037 0.130418 -0.541735 -16.8286 -0.000385738 0.972358 0.233496 -2.5825 0.557212 -0.193679 0.807467 21.4913
0.874603 0.138964 -0.464498 -16.1767 -0.0384146 0.974894 0.219329 -2.62868 0.483315 -0.173982 0.857984 20.609
0.878315 0.0246439 -0.477447 -15.5085 0.0686146 0.981834 0.176902 -2.68184 0.473133 -0.188135 0.860668 19.7214
0.838579 0.113123 -0.532906 -14.8642 -0.00588948 0.980029 0.198768 -2.65211 0.544749 -0.163544 0.822497 18.8542
0.820161 0.243091 -0.517921 -14.2845 -0.0963799 0.951013 0.293742 -2.60905 0.563956 -0.190999 0.803413 18.0465
0.813655 0.329274 -0.479107 -13.7545 -0.152068 0.915986 0.371274 -2.57373 0.561107 -0.229232 0.795369 17.2527
0.825966 0.329109 -0.457677 -13.0336 -0.173912 0.92105 0.348455 -2.61213 0.536223 -0.208216 0.817992 16.3787
0.822674 0.241053 -0.51488 -12.3937 -0.114889 0.957465 0.264691 -2.65938 0.556784 -0.1586 0.815376 15.59
0.826608 0.255526 -0.501424 -11.8123 -0.137946 0.955795 0.259667 -2.67342 0.54561 -0.145473 0.825316 14.7793
0.811513 0.2048 -0.547269 -11.1967 -0.0669317 0.962983 0.26112 -2.74278 0.580488 -0.175272 0.795181 14.0808
0.811433 0.143422 -0.566575 -10.5889 0.00815507 0.96655 0.25635 -2.77526 0.584389 -0.212631 0.78312 13.3356
0.729208 0.0897101 -0.678386 -9.93882 0.0838336 0.972189 0.218677 -2.81907 0.679137 -0.216333 0.701408 12.5323
0.684367 0.0152922 -0.728977 -9.32568 0.164042 0.97092 0.174371 -2.82712 0.710445 -0.238917 0.661957 11.7832
0.656702 0.0968436 -0.747906 -8.55146 0.0929891 0.973755 0.207737 -2.84638 0.748395 -0.205969 0.630461 10.9472
0.829881 0.150615 -0.537226 -7.8012 -0.0227852 0.97122 0.23709 -2.86213 0.557475 -0.184516 0.809429 10.0958
0.824012 0.13926 -0.549192 -7.09038 -0.00245208 0.97019 0.242334 -2.90723 0.566568 -0.19834 0.799789 9.31058
0.81547 0.228779 -0.531666 -6.38843 -0.0739665 0.952227 0.296299 -2.92358 0.574053 -0.202297 0.793435 8.49426
0.945804 0.218916 -0.239857 -6.01244 -0.167646 0.961734 0.21671 -2.90581 0.27812 -0.164754 0.946312 7.83496
0.971017 0.210978 0.112311 -6.05791 -0.230963 0.949182 0.213797 -2.88603 -0.0614971 -0.233541 0.9704 7.56067
0.911068 0.359664 0.201488 -6.08827 -0.385175 0.916847 0.105038 -2.80971 -0.146955 -0.173305 0.973843 7.49669
0.852291 0.384243 0.354904 -6.15393 -0.418268 0.908074 0.0213159 -2.77922 -0.314089 -0.166613 0.93466 7.50383
0.806343 0.374071 0.458129 -6.12817 -0.426741 0.904284 0.0127331 -2.79086 -0.409516 -0.20577 0.888795 7.36318
0.863349 0.311483 0.396997 -6.16876 -0.358631 0.932219 0.0484984 -2.79711 -0.354981 -0.184247 0.916538 7.44269
0.731188 0.243855 0.637102 -6.12816 -0.304788 0.952307 -0.0147033 -2.82754 -0.610302 -0.18343 0.770639 7.61569
0.537776 0.103962 0.836654 -6.10215 -0.192735 0.981249 0.00195452 -2.86613 -0.820762 -0.162303 0.547729 7.89056
0.361406 0.0129965 0.932318 -6.35708 -0.131053 0.990685 0.0369917 -2.89444 -0.923152 -0.135552 0.359743 8.04825
0.61664 -0.0945358 0.781548 -6.87604 -0.118287 0.970367 0.210703 -2.90833 -0.778308 -0.222375 0.587185 7.9421
0.545376 -0.0307118 0.837629 -7.55613 -0.226397 0.956788 0.182487 -2.85387 -0.807038 -0.289161 0.514856 7.45592
0.631017 -0.00962207 0.775709 -8.25894 -0.237657 0.949448 0.205104 -2.82438 -0.738469 -0.313777 0.596831 6.94303
0.508855 -0.076769 0.857422 -9.16047 -0.2178 0.952129 0.214506 -2.82498 -0.832844 -0.295899 0.467776 6.98834
0.134298 -0.110158 0.984799 -9.33971 -0.294926 0.944323 0.14585 -2.79863 -0.946035 -0.310031 0.0943324 7.0645
-0.243074 -0.101442 0.964689 -9.35321 -0.305867 0.951796 0.0230167 -2.80422 -0.920522 -0.289471 -0.262385 7.07793
-0.537821 -0.0948791 0.837703 -9.13517 -0.262795 0.963006 -0.0596483 -2.80435 -0.801054 -0.252224 -0.542859 7.03235
-0.806038 -0.123915 0.578746 -9.05318 -0.213391 0.972915 -0.0888863 -2.81804 -0.552057 -0.195145 -0.810649 7.05671
-0.97235 -0.049463 0.228229 -8.81618 -0.0891083 0.981952 -0.166825 -2.80368 -0.215858 -0.182549 -0.959209 7.02907
-0.983603 0.0201095 -0.179223 -8.6338 0.0570318 0.977449 -0.203326 -2.79689 0.171092 -0.210214 -0.962568 7.00759
-0.855776 -0.012912 -0.517186 -8.52214 0.102059 0.97583 -0.193236 -2.80599 0.507181 -0.21815 -0.833774 6.93558
-0.613126 -0.00392252 -0.789976 -8.55603 0.136432 0.984436 -0.110777 -2.81278 0.778115 -0.175698 -0.603048 6.87465
-0.288365 0.0821073 -0.953994 -8.59141 0.190832 0.981258 0.0267706 -2.81181 0.938312 -0.174333 -0.298629 6.75956
0.0826388 0.214085 -0.973313 -8.64911 0.138096 0.964772 0.223931 -2.76218 0.986965 -0.152916 0.0501633 6.64728
0.234049 0.413391 -0.87996 -8.71787 0.0135572 0.903623 0.428113 -2.72743 0.97213 -0.112129 0.205888 6.57646
0.133584 0.416791 -0.899133 -8.63572 0.010629 0.90661 0.421836 -2.73029 0.99098 -0.0659076 0.116679 6.65904
-0.139006 0.261489 -0.955144 -8.20495 0.0789182 0.964366 0.252529 -2.79731 0.987142 -0.0402752 -0.154689 6.93018
0.159372 0.230108 -0.960026 -7.61965 0.0829885 0.965891 0.245291 -2.90991 0.983724 -0.118764 0.13484 7.51439
0.36752 0.251888 -0.895255 -6.84291 0.0769885 0.951079 0.2992 -2.98145 0.926823 -0.178887 0.330149 7.88429
0.419265 0.33452 -0.843987 -6.06431 0.0460999 0.920596 0.387785 -2.99146 0.906693 -0.201492 0.370552 8.23331
0.605627 0.330502 -0.723868 -5.7605 0.0535757 0.89067 0.451484 -2.97564 0.793943 -0.312212 0.521706 8.17983
0.358605 0.334396 -0.87154 -5.65351 0.236925 0.870461 0.431468 -2.99727 0.902922 -0.361216 0.232925 8.06798
0.419274 0.393516 -0.818141 -5.68736 0.205578 0.836614 0.507754 -2.97058 0.884278 -0.38108 0.269872 8.03143
0.343618 0.375506 -0.860768 -5.52116 0.266511 0.839903 0.472795 -2.99794 0.900499 -0.391865 0.18853 7.9358
0.626711 0.333901 -0.70409 -5.64403 -0.024644 0.911587 0.410367 -2.97999 0.778862 -0.23983 0.579531 8.11567
0.852094 0.263409 -0.452274 -5.78043 -0.156144 0.952712 0.26069 -2.99836 0.499555 -0.151512 0.85293 8.25073
0.760335 0.228951 -0.607842 -5.85116 -0.0646893 0.957856 0.27987 -2.9985 0.646302 -0.173474 0.743102 8.12884
0.805159 0.138449 -0.576671 -5.8547 -0.0578778 0.986071 0.155929 -3.01266 0.590227 -0.0921716 0.801958 7.76437
0.935033 0.209255 -0.286227 -5.74826 -0.141153 0.960232 0.240896 -3.02144 0.325252 -0.184844 0.927385 7.70139
0.999535 0.0144185 -0.0268852 -5.66975 -0.0105022 0.990025 0.140499 -3.08301 0.0286428 -0.140152 0.989716 7.99478
0.963446 -0.000603623 0.267903 -5.69054 -0.0194233 0.997208 0.0720979 -3.05579 -0.267199 -0.074666 0.960744 8.26381
0.974409 -0.0468458 0.219848 -5.70252 0.0071671 0.98402 0.177912 -3.09261 -0.224669 -0.171783 0.959174 8.47903
0.991633 -0.0504018 0.118846 -5.55824 0.0400084 0.995293 0.0882725 -3.11766 -0.122736 -0.082779 0.988981 9.02246
0.970057 -0.113202 -0.214883 -5.45099 0.130633 0.989049 0.0686837 -3.1455 0.204754 -0.0946978 0.974222 9.20738
0.850398 0.0127112 -0.525986 -4.94616 0.018235 0.998395 0.0536092 -3.15384 0.525824 -0.0551805 0.848802 9.42816
0.672774 0.0474604 -0.738325 -4.44969 0.0823925 0.986927 0.138518 -3.17608 0.735246 -0.154024 0.660068 9.40444
0.63304 0.322609 -0.703693 -3.77328 -0.0336003 0.919618 0.391373 -3.11518 0.77339 -0.22411 0.592995 9.55836
0.734017 0.25023 -0.631351 -3.42358 -0.0580514 0.949361 0.308779 -3.18574 0.676646 -0.189998 0.711373 9.90057
0.758236 -0.0707602 -0.648129 -3.37689 0.176445 0.979268 0.0995074 -3.31182 0.627651 -0.189809 0.755001 10.2403
0.415855 -0.132873 -0.899672 -3.38208 0.316887 0.948442 0.00639869 -3.33215 0.852436 -0.287755 0.43652 10.2296
0.0341477 -0.0942554 -0.994962 -3.41651 0.294202 0.952379 -0.0801242 -3.31793 0.955133 -0.289984 0.0602517 10.1081
-0.359306 -0.0752799 -0.930179 -3.45281 0.273418 0.94451 -0.182055 -3.31828 0.892268 -0.319741 -0.318785 9.96759
-0.548998 0.13967 -0.824071 -3.93096 0.328435 0.94268 -0.0590316 -3.2133 0.76859 -0.303062 -0.563402 9.78388
-0.665618 0.298299 -0.684084 -4.32813 0.437361 0.898655 -0.0336914 -3.13006 0.604705 -0.321617 -0.728625 9.61693
0.90918 -0.235098 0.343687 2.03916 0.204767 0.971103 0.122594 -3.91698 -0.362577 -0.0410839 0.931048 2.00303
0.965601 -0.200569 0.165489 2.02563 0.173487 0.970991 0.164554 -4.07205 -0.193693 -0.130183 0.972386 1.65392
0.886453 -0.290238 0.360503 1.97025 0.309246 0.950968 0.00520216 -4.28707 -0.344337 0.106873 0.932743 1.21077
0.911026 -0.19638 0.362582 1.91489 0.158463 0.978525 0.13183 -4.53768 -0.380684 -0.0626444 0.922581 0.716295
0.784439 -0.271377 0.557682 1.85277 0.284527 0.956448 0.0652055 -4.83623 -0.551089 0.107526 0.827489 0.194041
0.764029 -0.0759028 0.640702 1.6459 -0.0280075 0.988218 0.150471 -5.26499 -0.644574 -0.132909 0.752901 -0.593445
0.478108 -0.0490655 0.87693 1.15436 -0.190961 0.968747 0.158316 -5.64507 -0.85729 -0.243152 0.453796 -1.27195
0.0385557 -0.0209787 0.999036 0.594735 -0.304352 0.952031 0.0317375 -5.70992 -0.951779 -0.305282 0.0303213 -1.38604
-0.404026 -0.0509994 0.913325 0.0160954 -0.295215 0.952289 -0.0774183 -5.81042 -0.865801 -0.300906 -0.399805 -1.15943
-0.799449 0.00899066 0.600667 -0.60009 -0.158666 0.961221 -0.225562 -5.72675 -0.579402 -0.275631 -0.767021 -0.358591
-0.951859 0.0376415 0.304216 -0.858307 -0.0423177 0.966793 -0.252031 -5.65759 -0.303601 -0.252772 -0.918658 0.78646
-0.97653 0.00409473 0.215341 -0.931365 -0.0520569 0.965689 -0.25443 -5.64783 -0.208995 -0.259669 -0.942811 2.02174
-0.975902 0.085494 0.200764 -0.866426 0.0292202 0.962966 -0.268035 -5.58523 -0.216245 -0.255709 -0.942259 3.30688
-0.977511 0.0446101 0.206112 -0.725745 -0.0173658 0.957022 -0.289494 -5.60849 -0.210168 -0.286563 -0.934725 4.50682
-0.8156 0.0947546 0.570805 -0.654814 -0.0568675 0.968597 -0.242045 -5.61088 -0.575815 -0.229872 -0.7846 5.31487
-0.591066 -0.0388278 0.805688 -0.501302 -0.16086 0.984451 -0.0705666 -5.61336 -0.790421 -0.171312 -0.588121 6.18228
-0.10799 -0.12394 0.986396 -0.391675 -0.215484 0.971529 0.0984813 -5.55671 -0.970518 -0.201918 -0.131622 6.94848
0.246803 -0.134615 0.95967 -0.341677 -0.144662 0.974091 0.173841 -5.56241 -0.958207 -0.181732 0.220935 7.38907
0.594166 0.0573803 0.802293 -0.374073 -0.191173 0.978944 0.0715656 -5.51619 -0.781293 -0.195899 0.592625 7.70782
0.841099 0.122289 0.526876 -0.506892 -0.240189 0.957238 0.161258 -5.52257 -0.484626 -0.262184 0.834504 8.07033
0.84318 0.0605923 0.534205 -0.600163 -0.222609 0.9438 0.244311 -5.53407 -0.489379 -0.324917 0.809282 8.03751
0.852979 0.0807967 0.515654 -0.587867 -0.23136 0.944115 0.234777 -5.53218 -0.467867 -0.319561 0.824003 8.04508
0.856914 0.0600275 0.511952 -0.585741 -0.215782 0.943757 0.250522 -5.54914 -0.46812 -0.325146 0.821671 8.04044
0.833527 0.149926 0.531747 -0.536467 -0.316713 0.918296 0.237542 -5.56687 -0.452687 -0.366408 0.812908 8.034
0.570186 -0.0177236 0.821324 -0.204802 -0.327264 0.912113 0.246878 -5.57929 -0.753516 -0.409557 0.514274 8.21372
0.551131 0.0671489 0.831713 0.167937 -0.381714 0.906635 0.179743 -5.64595 -0.74199 -0.416539 0.525306 8.04158
0.437601 0.0883058 0.894823 0.227501 -0.352441 0.932379 0.0803445 -5.62241 -0.827219 -0.350531 0.439133 8.30422
0.696151 0.139997 0.704113 0.296116 -0.391009 0.896497 0.20834 -5.66625 -0.602068 -0.42035 0.678837 8.76874
0.764979 -0.120555 0.632671 0.312017 -0.0685354 0.961511 0.266084 -5.62561 -0.640398 -0.246909 0.727273 8.94092
0.914316 -0.137977 0.380775 0.296096 0.0236535 0.956766 0.289895 -5.64634 -0.404311 -0.256049 0.87805 8.95089
0.802796 -0.0154498 0.596053 0.451656 -0.167266 0.953688 0.250003 -5.63873 -0.572312 -0.300401 0.763033 8.87979
0.795461 -0.0058081 0.605977 0.553411 -0.148019 0.967804 0.20358 -5.63555 -0.58765 -0.251636 0.768991 8.953
0.76893 -0.00518182 0.639312 0.55765 -0.13731 0.975294 0.173054 -5.63612 -0.624414 -0.22085 0.749221 8.94518
0.694763 -0.0506186 0.717455 0.517385 -0.170671 0.957426 0.232823 -5.63213 -0.698695 -0.284206 0.656546 8.97747
0.761552 -0.0702995 0.64428 0.531227 -0.151928 0.947036 0.282916 -5.64295 -0.630045 -0.31334 0.710536 8.93812
0.872883 -0.0554515 0.484769 0.544948 -0.0329839 0.984543 0.172011 -5.65894 -0.486814 -0.166135 0.857561 8.85637
0.773357 0.0458683 0.63231 0.55071 -0.0509789 0.998649 -0.0100923 -5.66898 -0.631918 -0.0244295 0.77465 8.82332
0.558021 0.231519 0.796876 0.410736 -0.159521 0.97231 -0.170782 -5.63802 -0.81435 -0.0318187 0.579502 8.66954
0.618085 0.0390806 0.785139 0.0715424 -0.0639494 0.997953 0.000669422 -5.68741 -0.783505 -0.0506229 0.619319 8.13717
0.780311 0.172849 0.60103 0.221946 -0.188146 0.981407 -0.0379732 -5.65462 -0.596419 -0.0834506 0.798324 8.02879
0.871816 0.155825 0.464388 0.329995 -0.171349 0.98517 -0.0088908 -5.66406 -0.458887 -0.0718214 0.885587 7.9671
0.883353 0.0696191 0.46351 0.343382 -0.0659147 0.997532 -0.0242094 -5.70725 -0.464051 -0.00916663 0.885761 8.02796
0.893001 -0.00284745 0.450046 0.348809 0.00745339 0.999936 -0.00846272 -5.70691 -0.449993 0.0109116 0.892966 8.03395
0.914925 -0.00363315 0.403606 0.391109 0.0211022 0.999022 -0.0388432 -5.72165 -0.403071 0.0440557 0.914108 8.0609
-0.986557 0.0700738 -0.147632 6.98512 0.102949 0.968097 -0.228453 -3.47993 0.126913 -0.24058 -0.962296 0.930321
-0.846285 0.0397645 -0.531245 6.94142 0.137088 0.979883 -0.145039 -3.5103 0.51479 -0.195571 -0.834711 1.02722
-0.738008 0.248298 -0.627449 6.83683 0.347702 0.936825 -0.0382423 -3.44287 0.578315 -0.246388 -0.777718 0.731703
-0.487474 0.0160979 -0.872989 7.05481 0.235252 0.965277 -0.113564 -3.5135 0.840848 -0.260732 -0.474334 0.511772
-0.245121 -0.149303 -0.957927 7.63679 0.124444 0.975052 -0.183816 -3.54302 0.961472 -0.164265 -0.220426 0.266451
-0.0325924 0.0380593 -0.998744 8.61343 0.106792 0.993687 0.0343816 -3.56477 0.993747 -0.105537 -0.0364511 0.323431
0.203604 0.240267 -0.949114 9.27098 0.220277 0.933323 0.283524 -3.58464 0.953952 -0.266794 0.137103 0.337899
0.496937 0.23034 -0.836658 9.17384 0.0513536 0.954634 0.293321 -3.55822 0.866266 -0.188728 0.462564 0.2839
0.759007 0.132947 -0.637364 8.82947 -0.00325936 0.979694 0.200471 -3.56365 0.651074 -0.150082 0.744028 0.298793
0.875946 0.12193 -0.466746 8.75334 -0.0276861 0.978643 0.203696 -3.56852 0.481614 -0.165505 0.860614 0.233495
0.822196 0.119812 -0.556452 8.77711 0.00314382 0.976625 0.214926 -3.57184 0.569196 -0.17846 0.802601 0.258552
0.962064 0.1066 -0.251135 8.70689 -0.0585124 0.979707 0.191706 -3.57769 0.266475 -0.169738 0.948778 0.24711
0.837224 -0.0389485 -0.545472 8.90528 0.102109 0.991052 0.0859589 -3.59771 0.537243 -0.127664 0.83371 0.191854
0.465021 0.0321261 -0.884717 9.27689 0.10484 0.990311 0.0910663 -3.58491 0.87907 -0.135102 0.457147 0.144611
0.137141 0.0739638 -0.987786 9.4709 0.12818 0.987499 0.0917384 -3.5518 0.982223 -0.139196 0.125945 -0.0295529
-0.464001 0.30499 -0.831676 9.55392 0.361225 0.9224 0.136729 -3.57513 0.808839 -0.236979 -0.538164 -0.0793344
-0.699796 0.301585 -0.647558 9.71336 0.336401 0.93883 0.0737007 -3.57987 0.630174 -0.166264 -0.758444 -0.0179115
-0.707143 0.28895 -0.645334 10.066 0.320614 0.944501 0.071581 -3.67994 0.630202 -0.156285 -0.760539 0.133905
-0.478947 0.271563 -0.834783 10.3478 0.231873 0.95631 0.178063 -3.70529 0.846667 -0.108281 -0.52099 -0.0543982
-0.118275 0.340027 -0.932949 10.5659 0.0436677 0.940415 0.337212 -3.66572 0.99202 -0.000856027 -0.126076 -0.110217
0.294154 0.300568 -0.907266 10.7959 -0.096097 0.953754 0.284813 -3.65952 0.950915 0.00340681 0.309434 -0.123025
0.425207 0.13748 -0.894594 11.5798 -0.0741072 0.990366 0.116974 -3.75648 0.902057 0.0165577 0.431299 -0.119039
0.123434 0.051989 -0.99099 12.1072 -0.0108554 0.998638 0.0510381 -3.8536 0.992293 0.0044578 0.12383 0.248576
0.430972 0.313499 -0.846157 12.4994 -0.0887705 0.947891 0.305978 -3.80932 0.897988 -0.0567545 0.436344 0.497735
0.524562 0.332772 -0.783643 12.985 -0.0451375 0.930024 0.364717 -3.84503 0.850175 -0.155945 0.502876 0.837138
0.199691 0.393632 -0.897317 13.2699 0.13475 0.896028 0.423055 -3.82552 0.970549 -0.205393 0.125887 1.1318
0.277737 0.405116 -0.871059 13.6655 0.0479687 0.899753 0.433756 -3.83909 0.959459 -0.162254 0.230462 1.50567
0.348045 0.660068 -0.665714 13.7753 -0.0288168 0.717309 0.696159 -3.70049 0.937035 -0.223111 0.268677 1.70386
0.297488 0.322158 -0.89873 13.7796 -0.0905043 0.946626 0.309369 -4.00186 0.950426 -0.0106946 0.310766 1.81776
0.497638 0.457543 -0.736893 13.8718 -0.236439 0.88894 0.392278 -3.99291 0.834538 -0.0209823 0.550551 1.91651
0.442437 0.100893 -0.891106 14.0498 0.006517 0.993263 0.115695 -4.0706 0.896776 -0.0569952 0.438799 2.15943
0.0401673 0.247419 -0.968076 13.9578 0.0794719 0.964997 0.249929 -4.00326 0.996028 -0.0869738 0.0190985 2.66383
-0.313243 0.0936771 -0.945042 13.9385 0.12316 0.990726 0.0573831 -4.04323 0.941653 -0.0984166 -0.321875 3.35674
-0.612799 0.0143284 -0.790109 13.8307 0.0851464 0.995212 -0.0479907 -4.067 0.785638 -0.0966836 -0.611085 3.57396
-0.857847 0.0838973 -0.50701 13.3852 0.0986256 0.995122 -0.00220435 -3.98969 0.504352 -0.0518952 -0.861937 3.65799
-0.893777 0.0563873 -0.444952 13.2902 0.0742618 0.996978 -0.0228263 -3.96304 0.44232 -0.0534446 -0.895263 3.67457
-0.844452 0.532887 0.0541425 55.8873 0.479963 0.797685 -0.365149 -4.79977 -0.237772 -0.282365 -0.929373 -52.5177
-0.83801 0.544252 0.0391006 55.8214 0.501249 0.796148 -0.338966 -4.81385 -0.215613 -0.264458 -0.939986 -52.3744
-0.792678 0.606846 -0.0582989 55.7592 0.587493 0.734841 -0.33891 -4.76967 -0.162826 -0.302897 -0.939011 -52.223
-0.664554 0.720485 -0.198166 55.4679 0.747233 0.639562 -0.180565 -4.76519 -0.00335481 -0.268071 -0.963393 -52.3099
-0.770073 0.623094 -0.136897 55.0033 0.635606 0.730966 -0.248383 -4.72847 -0.054699 -0.278285 -0.95894 -51.9334
-0.737698 0.640908 -0.212222 54.993 0.668107 0.738243 -0.0929017 -4.72926 0.0971301 -0.210321 -0.972795 -51.9832
-0.812588 0.553733 -0.181878 54.4949 0.576042 0.810524 -0.105957 -4.69458 0.0887447 -0.190869 -0.977596 -51.6116
-0.858387 0.466558 -0.213298 54.0712 0.503895 0.844813 -0.179948 -4.65759 0.0962403 -0.261945 -0.960272 -51.2933
-0.855381 0.458794 -0.240481 53.5378 0.485241 0.872177 -0.0620281 -4.6409 0.181284 -0.169749 -0.96867 -51.0759
-0.87319 0.401744 -0.275937 52.9911 0.432464 0.899748 -0.058546 -4.65653 0.224753 -0.170454 -0.959391 -50.7845
-0.845068 0.380783 -0.375319 52.5216 0.435316 0.897591 -0.0694963 -4.59548 0.31042 -0.222111 -0.924287 -50.3823
-0.644688 0.617993 -0.449957 52.1119 0.639919 0.758275 0.124591 -4.50262 0.418188 -0.207614 -0.884316 -49.8568
-0.662358 0.624003 -0.414612 51.7743 0.66197 0.746607 0.0661441 -4.41431 0.350826 -0.230649 -0.907591 -49.1117
-0.567512 0.626692 -0.534029 51.6861 0.670068 0.728443 0.14276 -4.34813 0.478476 -0.276818 -0.833326 -48.4068
-0.287738 0.720698 -0.630715 51.5947 0.676581 0.619073 0.398733 -4.27555 0.677824 -0.311999 -0.665741 -48.0154
-0.237091 0.752671 -0.614226 51.8616 0.752742 0.542017 0.373628 -4.24644 0.61414 -0.37377 -0.695074 -47.5631
-0.165469 0.781189 -0.601966 51.8115 0.735097 0.504605 0.452776 -4.24548 0.657459 -0.367583 -0.657746 -47.5217
-0.356321 0.688942 -0.631185 52.0799 0.653954 0.666374 0.358176 -4.10293 0.667367 -0.285141 -0.687979 -47.1475
-0.173319 0.781195 -0.599746 52.2194 0.692554 0.529643 0.489743 -3.90952 0.700235 -0.330475 -0.632816 -46.7436
-0.247834 0.796604 -0.551363 52.3834 0.751661 0.517164 0.409326 -3.70367 0.611215 -0.312993 -0.726947 -46.3002
-0.304519 0.798546 -0.519223 52.5936 0.80397 0.507804 0.309462 -3.47526 0.510783 -0.323203 -0.796643 -45.8541
-0.199581 0.869483 -0.451849 52.667 0.86385 0.373786 0.337707 -3.31223 0.462526 -0.32293 -0.825703 -45.4996
-0.423006 0.798133 -0.42901 52.8339 0.84726 0.516252 0.125037 -3.1005 0.321274 -0.310592 -0.894604 -44.9771
-0.531729 0.769012 -0.354802 53.008 0.823028 0.567996 -0.00234231 -2.97796 0.199725 -0.293257 -0.934939 -44.6688
0.177888 0.341505 -0.922892 2.32393 0.186735 0.909095 0.372393 -3.13142 0.966171 -0.238581 0.0979462 1.95072
0.110185 0.3102 -0.944264 2.51283 0.235821 0.914761 0.328026 -3.16024 0.96553 -0.25882 0.0276411 1.68141
0.485906 0.272008 -0.830606 2.74859 0.0708133 0.934962 0.347608 -3.22742 0.871138 -0.227723 0.435042 1.44044
0.641919 0.254145 -0.72343 3.0774 -0.0596463 0.957165 0.283331 -3.27361 0.764449 -0.138726 0.629581 1.33196
0.692649 0.330149 -0.641279 3.37056 -0.0465065 0.907684 0.41707 -3.26349 0.719774 -0.25906 0.64406 1.02891
0.893181 0.269792 -0.359778 3.66984 -0.194297 0.953038 0.232309 -3.34958 0.405557 -0.13759 0.903655 0.838096
0.992009 0.116402 -0.0486693 3.69947 -0.112404 0.990589 0.0780916 -3.42195 0.0573013 -0.0719969 0.995758 0.598369
0.972522 -0.00258919 0.232798 3.7436 -0.00566957 0.999378 0.0347999 -3.47835 -0.232743 -0.0351636 0.971902 0.132715
0.869179 0.114516 0.481056 3.931 -0.122175 0.992388 -0.0154929 -3.46617 -0.479168 -0.0453068 0.876553 -0.0254097
0.814276 0.364034 0.452144 3.8325 -0.43053 0.901203 0.0497657 -3.31098 -0.389358 -0.235185 0.890555 -0.245883
0.7556 0.433334 0.491212 3.79448 -0.486213 0.873545 -0.0227071 -3.31983 -0.438936 -0.221677 0.870744 -0.623837
0.904312 0.349884 0.24454 3.67237 -0.385828 0.91505 0.117556 -3.32817 -0.182636 -0.200658 0.962487 -0.982251
0.96503 0.229405 0.126852 3.80414 -0.243568 0.963584 0.110365 -3.42276 -0.0969144 -0.137402 0.985763 -1.52638
0.983539 0.158441 -0.086874 3.81975 -0.146553 0.980701 0.129411 -3.45548 0.105701 -0.114549 0.987778 -1.90434
0.962175 0.127167 -0.24093 4.10769 -0.103383 0.988656 0.108959 -3.50709 0.252053 -0.0799294 0.964407 -2.21406
0.819694 0.0731614 -0.56811 4.23708 0.0103472 0.989756 0.142391 -3.51775 0.572708 -0.122595 0.810541 -2.44168
0.569414 0.258621 -0.780309 4.51354 -0.076341 0.961757 0.263051 -3.51094 0.818498 -0.0902152 0.567382 -2.36378
0.35128 0.330735 -0.875909 4.64249 0.136223 0.907521 0.397303 -3.47013 0.926308 -0.258883 0.27374 -2.51423
0.162763 0.191459 -0.967911 4.82921 0.45094 0.858108 0.245569 -3.47314 0.877588 -0.476439 0.0533317 -2.61764
0.405513 0.389833 -0.826795 5.03501 0.255568 0.820078 0.512013 -3.42486 0.877636 -0.41893 0.232924 -2.54563
0.200136 0.399096 -0.8948 5.36002 0.365425 0.816973 0.446117 -3.42225 0.909071 -0.416266 0.0176662 -2.7908
0.248656 0.318606 -0.914691 5.7436 0.191952 0.909413 0.368949 -3.47788 0.949381 -0.267318 0.164974 -2.99882
0.213701 0.271452 -0.938427 6.1053 0.178146 0.933682 0.310647 -3.52207 0.960519 -0.233562 0.151171 -3.30977
-0.0938892 0.249518 -0.963808 6.46414 0.260958 0.940405 0.218038 -3.54737 0.960774 -0.231042 -0.153407 -3.29242
0.00202156 0.298311 -0.954467 6.87821 0.192365 0.936526 0.293111 -3.57139 0.981321 -0.184199 -0.0554913 -3.43323
0.0978875 0.297988 -0.949537 7.24734 0.2016 0.9284 0.312138 -3.57664 0.974564 -0.221982 0.0308043 -3.55089
0.392601 0.391552 -0.832197 7.55993 0.0473989 0.895032 0.443477 -3.53409 0.918487 -0.213555 0.332831 -3.65122
0.676978 0.333052 -0.656336 7.80105 -0.107085 0.926839 0.359864 -3.57443 0.728171 -0.173336 0.663115 -3.86446
0.855424 0.377766 -0.35432 7.88683 -0.274025 0.910624 0.309312 -3.5945 0.4395 -0.1675 0.882487 -4.13491
0.921865 0.387448 -0.00708214 7.99253 -0.374756 0.896019 0.238136 -3.57334 0.0986109 -0.216875 0.971206 -4.381
0.890488 0.420455 0.173922 7.78107 -0.450622 0.867875 0.209122 -3.54963 -0.0630163 -0.264594 0.962299 -4.79885
0.792725 0.438982 0.422945 7.63538 -0.505614 0.861072 0.0539503 -3.53294 -0.340502 -0.256614 0.904548 -5.29062
0.87544 0.378898 0.30007 7.32602 -0.420397 0.903261 0.0859426 -3.52305 -0.238478 -0.201386 0.950038 -5.72415
0.934418 0.349107 0.0706196 7.12568 -0.3559 0.907326 0.223819 -3.50126 0.0140619 -0.234275 0.972069 -5.82084
0.957732 0.231135 0.171247 6.88381 -0.253421 0.959621 0.122091 -3.55276 -0.136113 -0.160328 0.977634 -6.22587
0.965246 0.244804 0.0914973 6.62467 -0.259107 0.942127 0.212745 -3.52327 -0.0341213 -0.229059 0.972814 -6.71854
0.861448 0.330782 0.385345 6.59725 -0.369914 0.928587 0.029847 -3.48068 -0.347954 -0.168256 0.92229 -7.07419
0.579019 0.388762 0.716659 6.43462 -0.360941 0.910396 -0.202239 -3.44696 -0.731066 -0.141572 0.667457 -7.33696
0.29992 0.323739 0.897352 6.40917 -0.243578 0.935464 -0.256079 -3.47215 -0.922344 -0.141772 0.35942 -7.40222
-0.0339987 0.135903 0.990139 6.33461 -0.00598543 0.990666 -0.136181 -3.57108 -0.999404 -0.0105564 -0.0328679 -7.38346
-0.124882 -0.0519329 0.990812 6.20267 -0.0475563 0.997795 0.046305 -3.63123 -0.991031 -0.0413367 -0.127076 -7.21089
-0.0670304 -0.0909614 0.993596 6.16033 -0.053465 0.994732 0.0874585 -3.63918 -0.996317 -0.0472602 -0.0715405 -7.12245
-0.469292 -0.0634273 0.880762 6.18142 -0.0553879 0.997567 0.0423269 -3.59464 -0.881304 -0.0289199 -0.471664 -7.29058
-0.792598 -0.0242152 0.609263 6.30947 -0.045219 0.998794 -0.0191288 -3.57601 -0.608065 -0.0427117 -0.792737 -7.3545
-0.954256 0.0572958 0.293448 6.425 0.0417304 0.997383 -0.0590372 -3.53483 -0.296063 -0.0440909 -0.95415 -7.37737
-0.987184 0.121627 -0.103317 6.55332 0.130109 0.988288 -0.079739 -3.51774 0.092409 -0.0921596 -0.991447 -7.59308
-0.853656 0.22418 -0.470123 6.65545 0.257692 0.9662 -0.00718542 -3.47676 0.452622 -0.127281 -0.882572 -7.79547
-0.624154 0.256566 -0.737974 6.75271 0.305723 0.949431 0.0715118 -3.45078 0.719003 -0.180981 -0.671029 -7.97584
-0.277719 0.30753 -0.910109 6.8823 0.256232 0.936768 0.238349 -3.42807 0.92586 -0.167005 -0.338957 -8.09623
0.0477702 0.333286 -0.941615 6.96393 0.159665 0.928022 0.336575 -3.42581 0.986015 -0.166421 -0.00888237 -8.15783
0.370465 0.324395 -0.870358 7.01501 0.0125014 0.935205 0.353885 -3.43356 0.928762 -0.141983 0.342405 -8.15619
0.615859 0.314666 -0.72229 7.05425 -0.0882146 0.938555 0.333666 -3.4309 0.782902 -0.141775 0.605776 -8.26834
0.726666 0.296294 -0.619811 7.26353 -0.135194 0.946245 0.293842 -3.45075 0.673557 -0.12973 0.727661 -8.48291
0.752878 0.334112 -0.567048 7.54428 -0.150256 0.926067 0.346154 -3.42864 0.640779 -0.175409 0.747418 -8.51707
0.640818 0.32453 -0.695725 7.78871 -0.0933999 0.93248 0.348938 -3.44258 0.76199 -0.158625 0.627861 -8.64864
0.537882 0.312158 -0.783096 8.18822 -0.00813113 0.930796 0.365449 -3.46113 0.842981 -0.190201 0.503197 -8.55243
0.441823 0.281807 -0.851691 8.53436 0.0750987 0.934429 0.348142 -3.46897 0.893954 -0.217778 0.391689 -8.60281
0.407646 0.326592 -0.852738 8.9292 -0.000458208 0.933926 0.357467 -3.50172 0.91314 -0.145329 0.38086 -8.31782
0.456632 0.34914 -0.818284 9.26879 -0.0158204 0.922817 0.384914 -3.51183 0.889515 -0.162818 0.426911 -8.27349
0.655614 0.195977 -0.729221 9.39003 -0.0568197 0.975799 0.21116 -3.64393 0.752955 -0.0970054 0.650883 -7.99902
0.821457 0.164102 -0.546149 9.63935 -0.0987301 0.984165 0.147215 -3.65042 0.561659 -0.0670091 0.824651 -7.71647
0.840575 0.351634 -0.412052 9.67708 -0.244714 0.925127 0.290269 -3.55759 0.483269 -0.143158 0.863688 -7.55356
0.890179 0.335651 -0.30809 9.96351 -0.262016 0.930347 0.256518 -3.54071 0.372731 -0.147622 0.916122 -7.72207
0.91781 0.397004 -0.00344825 10.1722 -0.389461 0.90199 0.186371 -3.53234 0.0771002 -0.16971 0.982473 -7.53187
0.866204 0.460467 -0.194065 10.4193 -0.362733 0.846547 0.389594 -3.474 0.34368 -0.267074 0.900308 -7.57738
0.800958 0.442769 -0.403017 10.5633 -0.268186 0.867146 0.419684 -3.51757 0.535297 -0.228066 0.813292 -7.14902
0.812248 0.326873 -0.483123 10.8489 -0.177671 0.927523 0.328838 -3.56693 0.555596 -0.181261 0.811454 -6.94694
0.664966 0.485099 -0.56789 10.9301 -0.191247 0.8456 0.498383 -3.52025 0.721973 -0.222801 0.655069 -6.46174
0.429686 0.507888 -0.746605 10.9205 0.0487493 0.812572 0.580819 -3.48689 0.901661 -0.285966 0.324392 -6.42472
0.140595 0.406153 -0.902925 10.8657 0.199557 0.881641 0.427652 -3.50316 0.969747 -0.24031 0.0429038 -6.63533
-0.175915 0.411205 -0.894407 10.7007 0.259332 0.89584 0.360857 -3.51987 0.949632 -0.168468 -0.26423 -6.68733
-0.491987 0.34711 -0.798413 10.8007 0.363892 0.915118 0.173615 -3.52801 0.790906 -0.20512 -0.576536 -6.71779
-0.780259 0.321782 -0.536331 10.7059 0.406872 0.9124 -0.044509 -3.52196 0.475027 -0.252947 -0.842833 -6.78595
-0.924393 0.322706 -0.203367 10.5538 0.361293 0.91173 -0.19549 -3.50993 0.12233 -0.254184 -0.959388 -6.95555
-0.941272 0.311848 0.129451 10.6376 0.268748 0.924041 -0.271886 -3.50199 -0.204405 -0.221129 -0.953583 -7.05462
-0.947735 0.0673932 0.311861 10.7068 0.0401502 0.994859 -0.0929743 -3.60476 -0.316523 -0.0755937 -0.945568 -6.78519
-0.844207 0.0206236 0.535621 10.8952 -0.0448393 0.99304 -0.108909 -3.61432 -0.534139 -0.115958 -0.837406 -6.6769
-0.974234 0.0190108 0.224736 10.9749 0.00737791 0.998594 -0.0524895 -3.63205 -0.225418 -0.049479 -0.973005 -6.60896
-0.969155 0.130663 -0.208963 11.0808 0.138974 0.989967 -0.0255288 -3.60996 0.203531 -0.0537816 -0.97759 -6.58826
-0.678201 0.28316 -0.678132 11.3733 0.347089 0.936797 0.0440439 -3.56983 0.647744 -0.205502 -0.733619 -6.54578
-0.331808 0.384635 -0.86137 11.587 0.376267 0.891285 0.253051 -3.52637 0.865059 -0.240141 -0.440461 -6.54308
-0.0155527 0.461802 -0.886847 11.6422 0.29077 0.850711 0.437886 -3.49077 0.956666 -0.251058 -0.147509 -6.40009
0.419006 0.395321 -0.817408 11.8117 0.039011 0.891576 0.451188 -3.5392 0.907145 -0.220938 0.358153 -6.44139
0.6747 0.571659 -0.46689 11.9168 -0.228046 0.763068 0.60475 -3.50174 0.701979 -0.301552 0.645207 -6.5581
0.724596 0.65141 -0.225 12.1661 -0.483409 0.713098 0.507748 -3.47915 0.491199 -0.259145 0.831605 -6.57217
0.858888 0.511644 0.0230718 12.4005 -0.497194 0.822126 0.277322 -3.5336 0.122922 -0.24966 0.9605 -6.75997
0.905698 0.362772 0.219332 12.5809 -0.389712 0.916128 0.0939945 -3.59152 -0.166838 -0.170607 0.971112 -7.12871
0.85259 0.286537 0.43702 12.8102 -0.320007 0.94741 0.0031271 -3.61587 -0.413141 -0.142515 0.899446 -7.40513
0.938813 0.225738 0.260139 13.1222 -0.225695 0.973722 -0.0304482 -3.66455 -0.260177 -0.030127 0.965091 -7.87847
0.934726 0.336643 0.113837 13.4152 -0.351591 0.922643 0.158475 -3.60427 -0.0516813 -0.188155 0.980779 -8.10094
0.898474 0.424333 -0.112628 13.6535 -0.387608 0.887169 0.250381 -3.61172 0.206166 -0.181305 0.961574 -8.31372
0.822627 0.423296 -0.379612 13.8008 -0.252577 0.870211 0.42301 -3.61459 0.509401 -0.252098 0.822774 -8.35283
0.682316 0.420193 -0.598234 13.8201 -0.0661065 0.850423 0.52193 -3.60877 0.728063 -0.316574 0.608034 -8.47157
0.391994 0.415853 -0.820614 13.949 0.142804 0.853685 0.500827 -3.60706 0.908817 -0.313509 0.275254 -8.47976
0.042399 0.469603 -0.881859 14.0924 0.260155 0.847015 0.463556 -3.62511 0.964636 -0.249074 -0.086257 -8.43487
-0.189886 0.425121 -0.884995 14.2453 0.331629 0.876189 0.349736 -3.63885 0.924103 -0.22708 -0.307358 -8.71689
0.201906 0.445888 -0.872019 14.4806 0.119261 0.872538 0.473766 -3.6478 0.972117 -0.199654 0.122994 -8.84163
0.387343 0.45557 -0.801512 14.8004 0.0141357 0.866343 0.49925 -3.64298 0.921827 -0.204711 0.329132 -9.12034
0.672074 0.492251 -0.553178 14.9331 -0.263411 0.857114 0.442684 -3.64584 0.692048 -0.151803 0.705709 -9.34106
0.844465 0.474579 -0.248303 15.0401 -0.402579 0.868173 0.290181 -3.64823 0.353284 -0.145086 0.924197 -9.40448
0.849682 0.52375 0.0610421 15.2091 -0.52681 0.838228 0.140872 -3.64198 0.0226142 -0.151854 0.988144 -9.41033
0.858453 0.287227 0.424923 15.2827 -0.328939 0.94398 0.026457 -3.70555 -0.39352 -0.162486 0.904843 -9.77398
0.822174 0.030588 0.568413 15.3943 -0.050259 0.998556 0.0189613 -3.84161 -0.567013 -0.0441574 0.822525 -9.86477
0.897731 -0.0383937 0.438868 15.501 0.0412508 0.999144 0.00302763 -3.90666 -0.438608 0.0153856 0.898547 -10.2115
0.958298 0.217931 0.184855 15.9777 -0.217856 0.975756 -0.0209737 -3.77552 -0.184944 -0.0201727 0.982542 -10.1568
0.931217 0.325104 -0.164749 16.0908 -0.291201 0.935503 0.200089 -3.70099 0.219173 -0.138351 0.965827 -10.1899
0.796509 0.339942 -0.500013 16.2853 -0.209701 0.930965 0.298881 -3.71396 0.567097 -0.133208 0.812808 -10.1535
0.579688 0.388891 -0.716049 16.3937 -0.0639125 0.897754 0.435835 -3.69019 0.812328 -0.206884 0.545272 -10.2016
0.541691 0.245905 -0.803804 16.6252 -0.0214949 0.959992 0.279202 -3.77142 0.840303 -0.133963 0.525305 -10.5197
0.431491 0.412693 -0.802184 16.7954 -0.0434173 0.897694 0.438475 -3.74449 0.901072 -0.15437 0.405265 -10.8742
0.633029 0.298677 -0.714189 17.0759 -0.100329 0.946446 0.306879 -3.79253 0.767599 -0.122609 0.629094 -11.0591
0.810844 0.379792 -0.445298 17.22 -0.260424 0.915511 0.306627 -3.84002 0.524129 -0.132661 0.841243 -11.3676
0.89932 0.418132 -0.128021 17.2669 -0.370829 0.884376 0.283486 -3.84306 0.231753 -0.207471 0.950393 -11.439
0.884004 0.403227 0.236526 17.3572 -0.455431 0.856979 0.241182 -3.84478 -0.105447 -0.320927 0.941215 -11.4545
0.749816 0.43465 0.498854 17.338 -0.552745 0.825895 0.111219 -3.82818 -0.36366 -0.359133 0.85952 -11.6066
0.805411 0.288078 0.518001 17.2958 -0.411096 0.901076 0.13807 -3.85453 -0.426983 -0.324151 0.844163 -11.9124
0.941322 0.275297 0.195258 17.6839 -0.318217 0.916713 0.241609 -3.858 -0.112481 -0.289566 0.950526 -12.0828
0.968667 0.140376 -0.204887 17.9522 -0.0925765 0.969575 0.226612 -3.92771 0.230464 -0.200544 0.952191 -12.3362
0.913278 0.160491 -0.374386 18.2329 -0.0891821 0.975592 0.200664 -3.91849 0.397453 -0.149874 0.9053 -12.443
0.733718 0.305071 -0.607116 18.4039 -0.123952 0.938639 0.321858 -3.85269 0.668052 -0.1609 0.72651 -12.5977
0.862495 0.401129 -0.308542 18.7068 -0.31636 0.903245 0.28994 -3.82259 0.394993 -0.152461 0.905945 -12.7009
0.929038 0.355523 0.102428 18.8407 -0.369006 0.910483 0.186698 -3.81498 -0.0268832 -0.211246 0.977063 -12.9552
0.821471 0.363409 0.439453 18.9634 -0.425181 0.90387 0.0473301 -3.79161 -0.380008 -0.225727 0.897018 -13.0939
0.787077 0.334446 0.518319 19.123 -0.405077 0.91393 0.0254021 -3.80108 -0.465212 -0.229953 0.85481 -13.234
0.635904 0.403652 0.657792 19.2647 -0.456311 0.884029 -0.101354 -3.76626 -0.622419 -0.235706 0.746349 -13.3519
0.50395 0.393367 0.768958 19.3974 -0.411083 0.89221 -0.187008 -3.78831 -0.759635 -0.221863 0.611336 -13.4259
0.600932 0.266763 0.75347 19.4802 -0.302745 0.948393 -0.0943201 -3.84959 -0.739747 -0.171429 0.650681 -13.7308
0.34457 0.229244 0.91034 19.6673 -0.252367 0.956648 -0.145382 -3.88683 -0.904202 -0.179645 0.387486 -13.8366
0.459369 0.211034 0.862812 19.7725 -0.216934 0.968607 -0.121413 -3.89803 -0.861348 -0.131399 0.490728 -14.1152
0.554991 0.380838 0.739559 20.1167 -0.397727 0.902327 -0.166188 -3.82458 -0.730615 -0.20191 0.652253 -14.2272
0.603337 0.480753 0.636286 20.0972 -0.540966 0.832952 -0.116393 -3.78366 -0.585952 -0.273985 0.762622 -14.4208
0.499069 0.447659 0.741978 20.3342 -0.497189 0.849202 -0.177931 -3.78111 -0.709742 -0.280104 0.646381 -14.5648
0.745064 0.384025 0.545349 20.6229 -0.482265 0.874982 0.0427311 -3.80638 -0.460761 -0.29484 0.837119 -14.8227
0.815759 0.333199 0.472774 20.8895 -0.392959 0.919056 0.0303129 -3.81046 -0.424406 -0.210509 0.880662 -15.1072
0.948563 0.259361 0.181551 21.2467 -0.289329 0.942979 0.164555 -3.83878 -0.128519 -0.208618 0.969516 -15.3282
0.981051 0.132837 -0.141041 21.4632 -0.100269 0.970994 0.217065 -3.83471 0.165785 -0.19881 0.965914 -15.5745
0.953413 0.139908 -0.267264 21.8245 -0.0797351 0.971316 0.224026 -3.83911 0.29094 -0.192279 0.937221 -15.8449
0.779771 0.247399 -0.57511 22.0651 -0.0386016 0.935861 0.350248 -3.78037 0.624874 -0.250913 0.739307 -16.0166
0.881948 0.289474 -0.371984 22.3435 -0.196495 0.943148 0.268071 -3.78153 0.428435 -0.163332 0.888688 -16.091
0.926474 0.258781 -0.273273 22.6282 -0.178238 0.9412 0.287008 -3.85525 0.331477 -0.217198 0.918122 -16.4061
0.953877 0.295352 0.0537192 22.7995 -0.300057 0.932557 0.200758 -3.80913 0.00919816 -0.207617 0.978167 -16.5168
0.862162 0.385742 0.328451 22.9059 -0.458847 0.869376 0.183424 -3.77629 -0.214793 -0.308851 0.926539 -16.8038
0.881883 0.442339 0.16315 23.3503 -0.469599 0.854899 0.220509 -3.7574 -0.0419369 -0.271078 0.961643 -17.1432
0.938943 0.282447 -0.196494 23.4725 -0.206211 0.919097 0.335763 -3.79262 0.275433 -0.274743 0.921224 -17.4288
