1 4.69527e-06 2.01982e-05 -3.26704e-06 -4.69528e-06 1 5.36839e-07 3.265e-08 -2.01982e-05 -5.36934e-07 1 -2.12648e-06
0.972218 0.130733 -0.194167 0.211195 -0.103618 0.984166 0.14381 0.0488321 0.209893 -0.119696 0.97037 0.0924485
0.843949 0.14756 -0.515728 0.478972 -0.0318761 0.973517 0.22638 0.0453414 0.535475 -0.174614 0.826303 0.118263
0.578945 0.170651 -0.797309 1.01688 0.0357679 0.971596 0.233926 0.0729515 0.814582 -0.163949 0.556397 -0.11976
0.522426 0.251977 -0.814603 1.97388 -0.0312629 0.960358 0.277012 0.0890789 0.852111 -0.119252 0.509594 -0.741957
0.453139 0.236068 -0.859614 2.87955 0.0351272 0.958821 0.281829 0.0425832 0.890747 -0.157904 0.426187 -1.30667
0.400683 0.151084 -0.903674 3.81356 0.109504 0.971344 0.210951 0.0663912 0.90965 -0.183481 0.372656 -1.79684
0.41236 0.160989 -0.896684 4.75844 0.126593 0.964588 0.231397 0.00555743 0.902183 -0.208932 0.377377 -2.3759
0.450165 0.123338 -0.884387 5.67525 0.137294 0.969078 0.205034 -0.00871593 0.882328 -0.21372 0.419311 -3.02353
0.468428 0.212973 -0.857448 6.53994 0.0841358 0.955347 0.283253 -0.0836253 0.879487 -0.204826 0.429592 -3.62241
0.436671 0.120779 -0.891477 7.51038 0.139538 0.969861 0.199748 -0.152374 0.888734 -0.211619 0.406657 -4.15477
0.36385 0.0600601 -0.929519 8.47243 0.193044 0.97139 0.13833 -0.225251 0.911234 -0.229769 0.341846 -4.75243
0.2177 0.0570217 -0.974349 9.3766 0.245549 0.962983 0.11122 -0.291928 0.944623 -0.263463 0.19564 -5.35387
0.170923 0.0497943 -0.984025 10.2538 0.225089 0.970338 0.0881991 -0.299537 0.959229 -0.236569 0.154645 -5.90223
0.194752 0.0867996 -0.977004 11.1802 0.182368 0.975504 0.123019 -0.388364 0.96375 -0.202133 0.174151 -6.41678
0.33111 0.111458 -0.936986 12.1493 0.131446 0.977869 0.162772 -0.377669 0.934392 -0.177059 0.309132 -6.93654
0.30714 0.0736718 -0.948809 13.0445 0.175325 0.975553 0.132503 -0.426611 0.935375 -0.207047 0.286715 -7.38035
0.23066 0.0418864 -0.972132 13.9589 0.192812 0.977295 0.0878578 -0.438856 0.95374 -0.207704 0.217347 -7.79707
-0.034671 0.0731931 -0.996715 15.0345 0.232728 0.970488 0.0631716 -0.484794 0.971924 -0.229773 -0.0506818 -8.01946
0.150658 0.0717276 -0.98598 16.009 0.229953 0.967464 0.105518 -0.621145 0.961469 -0.242627 0.129262 -8.37213
0.298344 -0.00652176 -0.954436 16.9856 0.188982 0.980583 0.0523728 -0.737691 0.935562 -0.195996 0.293784 -8.79838
0.442469 0.013767 -0.896678 17.8709 0.144096 0.985799 0.0862402 -0.870062 0.885131 -0.167367 0.434201 -9.32074
0.632728 0.0381771 -0.773433 18.7749 0.105401 0.985243 0.134858 -0.913559 0.767168 -0.166849 0.619367 -9.90838
