0.999999 0.000517239 -0.00148034 -3.96369e-05 -0.000522396 0.999994 -0.0034852 -8.47622e-05 0.00147852 0.00348597 0.999993 5.22052e-05
0.971842 0.13143 -0.195576 0.211044 -0.104877 0.984516 0.140462 0.0483137 0.211009 -0.115995 0.970577 0.0929901
0.843096 0.14835 -0.516896 0.478779 -0.0342704 0.974064 0.223661 0.0445881 0.53667 -0.170853 0.826314 0.119202
0.577669 0.171436 -0.798065 1.01707 0.0324419 0.972102 0.232305 0.0727699 0.815626 -0.160086 0.555992 -0.11788
0.521098 0.252697 -0.815231 1.97512 -0.0347654 0.960657 0.275552 0.0907445 0.852788 -0.115248 0.509382 -0.738499
0.451779 0.23686 -0.860112 2.88166 0.0315496 0.959266 0.280737 0.0457689 0.891572 -0.153968 0.425904 -1.30196
0.399318 0.151546 -0.904201 3.81633 0.105597 0.972078 0.209557 0.073159 0.910711 -0.17916 0.372165 -1.79075
0.410986 0.161492 -0.897224 4.76208 0.122642 0.965444 0.229949 0.0145777 0.903355 -0.204543 0.376978 -2.36862
0.4488 0.123852 -0.885008 5.67989 0.13335 0.969979 0.203367 0.00290447 0.883627 -0.209287 0.418811 -3.01488
0.466988 0.213457 -0.858113 6.54559 0.0801656 0.956211 0.281485 -0.0694882 0.880622 -0.200241 0.429428 -3.61293
0.435242 0.121301 -0.892105 7.51688 0.135516 0.970766 0.198113 -0.136129 0.890056 -0.207121 0.406079 -4.14396
0.362375 0.0606099 -0.93006 8.47988 0.18886 0.972407 0.136954 -0.206517 0.912697 -0.22528 0.340929 -4.74041
0.216155 0.0576252 -0.974657 9.38502 0.241163 0.964175 0.110489 -0.270643 0.946107 -0.258934 0.194514 -5.34065
0.169324 0.0503578 -0.984273 10.2633 0.220633 0.97141 0.087655 -0.275954 0.960547 -0.232005 0.153372 -5.88766
0.193149 0.0872238 -0.977285 11.1904 0.177947 0.976409 0.122315 -0.362418 0.964898 -0.19753 0.173071 -6.40125
0.329531 0.111833 -0.937498 12.1603 0.127071 0.978672 0.16141 -0.349443 0.935555 -0.172318 0.308292 -6.91933
0.286288 0.0634548 -0.95604 13.0541 0.172995 0.977983 0.116715 -0.405443 0.942397 -0.198804 0.269007 -7.3732
0.21456 0.0335429 -0.976135 13.9763 0.188715 0.979154 0.0751272 -0.400997 0.958306 -0.20033 0.203757 -7.77137
-0.0510608 0.0654166 -0.996551 15.0558 0.225488 0.972841 0.0523068 -0.432062 0.972907 -0.222039 -0.0644247 -7.97706
0.138069 0.0659618 -0.988224 16.0359 0.224843 0.969641 0.0961352 -0.555759 0.964563 -0.235468 0.119046 -8.31906
0.289771 -0.00901726 -0.957054 17.0165 0.184637 0.981699 0.0466539 -0.662056 0.939118 -0.190226 0.286133 -8.73871
0.434032 0.0145537 -0.90078 17.9052 0.139749 0.986679 0.0832784 -0.788565 0.889992 -0.162029 0.426216 -9.25799
0.62173 0.0422351 -0.782092 18.8129 0.100607 0.985966 0.133223 -0.828821 0.776743 -0.161513 0.608756 -9.84128
0.773349 0.208219 -0.598812 19.8741 -0.0460086 0.96047 0.274555 -0.825553 0.632308 -0.184777 0.752359 -10.3956
0.596894 0.216108 -0.772668 20.8285 0.00708717 0.961583 0.274421 -0.932008 0.802289 -0.169276 0.572431 -10.7973
0.27309 0.17987 -0.945023 21.4143 0.0916163 0.973036 0.211677 -1.00209 0.957616 -0.144386 0.249248 -10.8197
-0.223789 0.141014 -0.964382 22.0528 0.278034 0.957599 0.0755034 -1.04214 0.934139 -0.251234 -0.253507 -10.7452
-0.565624 0.0625498 -0.822288 22.6944 0.188201 0.980597 -0.0548653 -1.09728 0.802901 -0.185789 -0.566421 -10.4716
-0.781532 0.0549507 -0.62144 23.6434 0.168112 0.977816 -0.124957 -1.09163 0.600787 -0.20213 -0.773433 -9.79326
-0.759562 0.172206 -0.627225 24.4096 0.24897 0.96785 -0.0357737 -1.0327 0.600899 -0.183332 -0.778016 -9.09164
-0.697383 0.207602 -0.685972 25.1738 0.308516 0.950867 -0.0258795 -0.994048 0.646896 -0.229682 -0.727167 -8.31465
-0.768496 0.18226 -0.613348 25.9442 0.285141 0.95568 -0.0732821 -0.979869 0.572808 -0.231208 -0.786406 -7.29982
-0.766734 0.116875 -0.631237 26.5712 0.214678 0.973358 -0.0805402 -0.980822 0.605006 -0.197266 -0.771397 -6.40952
-0.9224 0.0506465 -0.3829 27.0821 0.122458 0.978567 -0.165563 -0.993098 0.366308 -0.199604 -0.908832 -5.48479
-0.967371 0.0747731 -0.242079 27.5605 0.130345 0.966195 -0.222435 -0.916845 0.217263 -0.246731 -0.944415 -4.61029
-0.973168 0.0182855 -0.229367 28.0989 0.0720784 0.970892 -0.228416 -0.844521 0.218514 -0.23882 -0.946159 -3.67551
-0.956405 0.0711968 -0.283231 28.5449 0.131294 0.971117 -0.199235 -0.798551 0.260865 -0.227736 -0.938129 -2.73483
-0.977221 0.0725791 -0.199425 29.0074 0.114183 0.97191 -0.205799 -0.715781 0.178887 -0.223882 -0.958059 -1.80659
-0.979107 0.0858736 -0.184322 29.5606 0.120284 0.975446 -0.184491 -0.708908 0.163953 -0.202807 -0.965396 -0.945127
-0.964681 0.0236065 -0.262361 30.0954 0.0880001 0.967637 -0.236504 -0.635342 0.248288 -0.251239 -0.935539 -0.0538864
-0.899768 0.137073 -0.414281 30.7977 0.237847 0.950014 -0.202244 -0.62027 0.365851 -0.280508 -0.887394 0.993768
-0.750452 0.155471 -0.642379 31.5833 0.25927 0.963283 -0.0697523 -0.664892 0.607948 -0.218895 -0.763206 1.75828
-0.912857 0.0646281 -0.403133 32.2774 0.130616 0.981728 -0.138382 -0.716466 0.386823 -0.178979 -0.904618 2.48951
-0.996425 -0.00250443 -0.0844491 32.7187 0.0194825 0.96581 -0.258518 -0.723505 0.0822093 -0.259239 -0.962308 3.04706
-0.974085 0.0967386 0.20445 33.4442 0.0439706 0.967666 -0.248372 -0.663672 -0.221866 -0.232946 -0.946843 3.91833
-0.821551 0.24813 0.513308 33.9495 0.0431325 0.924797 -0.378008 -0.597121 -0.568501 -0.288413 -0.77047 4.4797
-0.811951 0.319767 0.48835 34.6662 0.0968614 0.898816 -0.42749 -0.566462 -0.575634 -0.299799 -0.760767 5.44091
-0.556426 0.184624 0.810126 35.2598 -0.148369 0.937254 -0.315502 -0.602793 -0.817543 -0.295752 -0.49412 6.12376
-0.121862 0.217206 0.968489 35.6861 -0.165719 0.957612 -0.235618 -0.601078 -0.978615 -0.18921 -0.0807016 6.0443
0.259419 0.17174 0.950372 35.978 -0.251205 0.962189 -0.105304 -0.60559 -0.932522 -0.21142 0.292752 5.97915
0.596387 0.186779 0.780664 36.3405 -0.352751 0.934592 0.0458768 -0.59252 -0.721033 -0.30274 0.623265 6.00275
0.937049 0.130393 0.323938 36.8521 -0.204149 0.957181 0.205249 -0.669693 -0.283305 -0.25846 0.923546 5.78788
0.984753 0.089083 -0.149415 37.1334 -0.0382263 0.948747 0.313715 -0.686651 0.169704 -0.303221 0.937688 5.41591
0.957252 0.0957627 -0.272942 37.4475 0.00425675 0.938841 0.344324 -0.76731 0.289223 -0.330767 0.8983 4.30703
0.988847 0.0886913 0.119649 37.4165 -0.119638 0.951495 0.283449 -0.851927 -0.0887057 -0.294602 0.951494 3.31237
0.904239 0.0884933 0.417756 36.9979 -0.199774 0.952299 0.230687 -0.981985 -0.377415 -0.292053 0.878785 2.31738
0.818437 0.1908 0.541993 36.1369 -0.341953 0.919773 0.192575 -1.01994 -0.461767 -0.342947 0.818021 1.35121
0.887328 0.191725 0.419392 35.2594 -0.313304 0.917979 0.24322 -1.06488 -0.338362 -0.347213 0.874617 0.557976
0.925542 0.096738 0.366079 34.5011 -0.21914 0.925294 0.309531 -1.17353 -0.308787 -0.366706 0.877597 -0.290004
0.834184 0.00601152 0.551453 33.8197 -0.17207 0.952859 0.249904 -1.26828 -0.523955 -0.303354 0.795894 -1.22754
0.674849 0.000827649 0.737956 33.0831 -0.154365 0.978035 0.140067 -1.37853 -0.721631 -0.208439 0.660153 -2.14592
0.435306 0.0734751 0.897279 32.5681 -0.017886 0.997173 -0.0729779 -1.41621 -0.900105 0.0157189 0.435389 -2.60493
0.391735 0.130914 0.910717 32.118 -0.156527 0.984879 -0.0742462 -1.24091 -0.906666 -0.113467 0.406303 -2.8835
0.614883 0.0567802 0.786571 31.6974 -0.173222 0.982771 0.0644688 -1.0235 -0.769359 -0.175892 0.614125 -3.44565
0.818444 -0.0461426 0.57273 31.2473 -0.103899 0.968454 0.226498 -0.802387 -0.565114 -0.244882 0.787832 -3.91358
0.97013 0.0741731 0.230969 31.1269 -0.126679 0.966879 0.22158 -0.683438 -0.206884 -0.24422 0.947394 -4.12683
0.985705 0.0975234 -0.137382 30.7609 -0.062421 0.9688 0.239856 -0.612508 0.156487 -0.227852 0.961039 -4.42841
0.859068 0.122616 -0.496958 30.4361 0.011707 0.965923 0.258563 -0.645616 0.511728 -0.227941 0.828358 -4.76344
0.598445 0.0704021 -0.798065 30.0972 0.121565 0.976618 0.177312 -0.680282 0.791887 -0.203128 0.575894 -5.12788
0.186767 0.117582 -0.975342 29.8657 0.184297 0.970992 0.152348 -0.730391 0.964963 -0.208206 0.159679 -5.49689
-0.216597 0.073197 -0.973513 29.6741 0.21249 0.976813 0.0261683 -0.779667 0.952856 -0.201194 -0.227128 -5.79805
-0.617669 0.0338574 -0.785709 29.6551 0.231755 0.962543 -0.140712 -0.88939 0.751515 -0.269006 -0.60238 -5.9829
-0.580561 -0.0957662 -0.808565 29.603 0.162169 0.959562 -0.23009 -0.972462 0.797903 -0.264705 -0.541554 -6.0718
-0.274147 0.137347 -0.95183 29.5645 0.311149 0.949181 0.0473472 -0.836616 0.909961 -0.283181 -0.30295 -6.17355
-0.0335111 0.164802 -0.985757 29.5178 0.196003 0.968242 0.155211 -0.798922 0.980031 -0.18801 -0.0647486 -6.06989
-0.0746401 0.23781 -0.96844 29.7389 0.324785 0.923994 0.201864 -0.788285 0.942838 -0.299468 -0.146204 -5.89806
-0.185967 0.255741 -0.94869 29.7443 0.342773 0.92176 0.181289 -0.766304 0.920827 -0.291472 -0.259078 -5.69918
-0.315833 0.321634 -0.892637 29.7703 0.366056 0.909262 0.198107 -0.747753 0.875359 -0.264186 -0.404911 -5.69299
-0.402865 0.310492 -0.860985 29.7854 0.342295 0.923549 0.17289 -0.752206 0.848843 -0.225059 -0.478345 -5.66548
-0.442421 0.304846 -0.843405 29.7778 0.336651 0.92813 0.158874 -0.750839 0.831222 -0.213644 -0.513251 -5.65936
-0.495964 0.319034 -0.807612 29.7741 0.337967 0.927647 0.158902 -0.741536 0.799874 -0.194136 -0.567902 -5.6494
-0.368268 0.286458 -0.884489 29.6788 0.260401 0.945053 0.197651 -0.756487 0.892508 -0.157533 -0.422627 -5.71181
-0.48341 0.269567 -0.832856 29.448 0.260321 0.952633 0.157238 -0.799416 0.835792 -0.140799 -0.530686 -5.98027
-0.653379 0.252419 -0.713709 29.3939 0.319117 0.946753 0.042699 -0.796734 0.686484 -0.199858 -0.699139 -6.11825
-0.779584 0.267253 -0.566414 29.4192 0.315863 0.948717 0.012897 -0.839338 0.540813 -0.168855 -0.82402 -6.32412
-0.902207 0.301966 -0.30796 29.4667 0.338062 0.938505 -0.0701557 -0.850087 0.267837 -0.167404 -0.948809 -6.654
-0.948063 0.308778 0.0763686 29.6381 0.294439 0.942759 -0.156558 -0.883283 -0.120339 -0.125941 -0.984712 -6.86483
-0.882379 0.110276 0.457434 29.7437 0.00742592 0.975292 -0.220795 -0.924389 -0.47048 -0.191428 -0.861396 -6.90424
-0.932774 0.0778703 0.351951 29.6632 -0.0094098 0.970794 -0.23973 -0.954761 -0.360339 -0.226926 -0.904798 -7.15081
-0.826564 0.0110415 0.562735 29.689 -0.0848974 0.985923 -0.144045 -1.0293 -0.556404 -0.166837 -0.81399 -7.8835
-0.589339 0.0297139 0.807339 29.856 -0.105963 0.987847 -0.113708 -1.10195 -0.800906 -0.15256 -0.579029 -8.23347
-0.191058 -0.0790158 0.978393 30.0745 -0.131837 0.989789 0.0541914 -1.21249 -0.972685 -0.118634 -0.199525 -8.4222
0.186628 -0.125571 0.974373 30.2998 -0.107851 0.983185 0.147364 -1.24315 -0.976493 -0.132589 0.169946 -8.52217
0.547299 -0.060843 0.834722 30.6439 -0.0533058 0.992795 0.107316 -1.20165 -0.835238 -0.103229 0.540113 -8.63401
0.843687 -0.0512629 0.534382 31.2215 -0.0125182 0.993281 0.115049 -1.21914 -0.536689 -0.103755 0.837377 -8.77045
0.98365 -0.128745 0.125928 31.6758 0.10972 0.982905 0.147849 -1.26605 -0.142811 -0.131615 0.98096 -9.13617
0.996974 -0.0525597 -0.0572799 32.418 0.0580447 0.99342 0.0987291 -1.31294 0.0517138 -0.101755 0.993464 -10.0429
0.990647 -0.0330637 -0.132386 32.9132 0.0455172 0.994702 0.0921771 -1.38394 0.128637 -0.0973408 0.986903 -10.9209
0.935754 -0.0477138 -0.34941 33.5344 0.0759598 0.994818 0.0675802 -1.48428 0.344375 -0.0897796 0.93453 -11.9363
0.889627 0.0726729 -0.450869 34.2058 -0.00374158 0.988384 0.151929 -1.50488 0.456673 -0.133473 0.879565 -12.6934
0.873966 0.151561 -0.46175 34.8822 -0.0368743 0.968069 0.247958 -1.54797 0.484587 -0.19968 0.851647 -13.5075
0.991871 0.0573773 -0.113577 35.1784 -0.0270427 0.967228 0.252465 -1.61084 0.12434 -0.247341 0.960917 -14.2372
0.924316 0.00991171 0.3815 35.2238 -0.121124 0.955595 0.268638 -1.67975 -0.361897 -0.294516 0.884472 -14.9744
0.705307 -0.0893104 0.703254 34.9758 -0.121081 0.962278 0.24364 -1.73292 -0.698485 -0.256991 0.667888 -15.3522
0.378813 -0.129818 0.916323 34.6353 -0.201223 0.954873 0.218467 -1.7297 -0.903333 -0.267144 0.335595 -15.6015
-0.130121 -0.242568 0.961368 34.2449 -0.233144 0.94991 0.208121 -1.74474 -0.963697 -0.197056 -0.180157 -15.7053
-0.475497 -0.363979 0.800888 33.6621 -0.364026 0.910201 0.197532 -1.76909 -0.800867 -0.197619 -0.565296 -15.5369
-0.726658 -0.410916 0.55056 33.1928 -0.411716 0.902017 0.129824 -1.81576 -0.549962 -0.132337 -0.824639 -15.1822
-0.818292 -0.280149 0.501912 32.4915 -0.285024 0.956038 0.0689372 -2.24683 -0.499159 -0.0866463 -0.862167 -14.3836
-0.893132 -0.204944 0.400392 32.1662 -0.226825 0.973907 -0.00746336 -2.53391 -0.388415 -0.0974847 -0.916314 -13.8876
-0.826622 -0.190877 0.529398 31.8152 -0.211678 0.977097 0.0217745 -2.77306 -0.52143 -0.0940629 -0.848094 -13.398
-0.855247 -0.179168 0.486263 31.4647 -0.190382 0.981346 0.0267401 -3.06414 -0.481983 -0.0697063 -0.873403 -13.0034
-0.919893 -0.0944796 0.380619 30.856 -0.10001 0.994973 0.00527159 -3.48598 -0.379204 -0.0332163 -0.924717 -12.3255
-0.974239 -0.167197 0.15134 30.1874 -0.171575 0.985037 -0.0162567 -3.97773 -0.146358 -0.0418042 -0.988348 -11.5948
-0.978388 -0.131423 -0.159638 29.7658 -0.11741 0.988598 -0.0942857 -4.4244 0.170209 -0.073505 -0.982663 -10.652
-0.892427 0.0927622 -0.441554 29.7001 0.166429 0.977305 -0.131056 -4.63991 0.419376 -0.190445 -0.887612 -9.921
-0.666292 0.0984265 -0.739166 29.9922 0.268518 0.956423 -0.114689 -4.66304 0.695667 -0.274896 -0.663686 -9.37422
-0.189642 0.0766061 -0.97886 30.5248 0.295532 0.955173 0.0174965 -4.8129 0.936321 -0.285966 -0.203781 -8.97526
0.242247 -0.0708731 -0.967622 31.2442 0.301858 0.953336 0.00574429 -4.88782 0.922062 -0.293476 0.252337 -8.86485
0.64596 -0.0978349 -0.757076 31.9795 0.209323 0.976441 0.0524177 -4.9678 0.734111 -0.192333 0.651221 -9.0608
0.751573 0.0487794 -0.657843 32.8616 0.111284 0.973593 0.199332 -4.99822 0.650195 -0.22302 0.726298 -9.70281
0.771956 0.0769262 -0.631004 33.5425 0.0857493 0.970976 0.223276 -5.05169 0.629866 -0.226467 0.742955 -10.5457
0.942636 0.114289 -0.313647 34.0072 -0.0369295 0.969502 0.242286 -5.15047 0.331772 -0.216804 0.918108 -11.5537
0.999403 0.0329413 -0.0103747 34.3045 -0.0304295 0.981965 0.186597 -5.28686 0.0163344 -0.18617 0.982382 -12.5756
0.99726 -0.0695733 0.0251213 34.6219 0.0660793 0.990556 0.120139 -5.43959 -0.0332425 -0.118149 0.992439 -13.7371
0.912883 -0.318342 -0.255543 34.9099 0.342757 0.937738 0.0562555 -5.76017 0.221724 -0.138944 0.96516 -14.557
0.913785 -0.0915697 -0.395743 35.2755 0.148086 0.982307 0.114642 -5.65959 0.378243 -0.163362 0.911178 -15.2521
0.905593 0.11331 -0.408732 35.8846 -0.0413959 0.982666 0.180701 -5.65323 0.422123 -0.146722 0.894586 -15.9078
0.80364 0.315076 -0.504866 36.3679 -0.146626 0.927027 0.345139 -5.67373 0.57677 -0.203341 0.791195 -16.292
0.716472 0.269706 -0.643371 36.566 -0.031871 0.933934 0.356021 -5.69986 0.696888 -0.234574 0.677734 -16.3327
0.513765 0.25871 -0.817994 36.8312 0.0343065 0.946492 0.320898 -5.76443 0.857245 -0.192929 0.4774 -16.6356
0.518925 0.272331 -0.810279 37.0756 0.0706794 0.93098 0.358163 -5.80359 0.851893 -0.24313 0.463861 -16.9353
0.333467 0.27214 -0.902629 37.0964 0.142843 0.931792 0.333704 -5.79105 0.931878 -0.240214 0.271848 -16.9224
0.315314 0.27926 -0.906968 37.1137 0.112383 0.938008 0.327888 -5.80683 0.94231 -0.205316 0.264383 -16.9088
0.194151 0.233365 -0.95281 37.09 0.126004 0.957313 0.260144 -5.81544 0.972845 -0.170565 0.156458 -16.9441
0.18388 0.262609 -0.94722 36.6005 0.0849967 0.955794 0.281486 -5.79998 0.979267 -0.13227 0.15343 -17.2286
0.0130196 0.213923 -0.976764 36.291 0.177727 0.960797 0.212795 -5.82236 0.983994 -0.176367 -0.0255106 -17.4165
0.434089 0.281341 -0.855812 36.2032 0.133822 0.919306 0.370092 -5.78535 0.890875 -0.27518 0.36141 -17.3109
0.676106 0.323757 -0.661863 36.2208 -0.0637554 0.920626 0.385206 -5.75726 0.734041 -0.218243 0.643082 -17.5012
0.806482 0.312476 -0.501942 36.5222 -0.156399 0.931443 0.328563 -5.81024 0.570199 -0.186477 0.800062 -18.359
0.810741 0.231995 -0.537473 37.1429 -0.108315 0.961717 0.251729 -5.9833 0.575297 -0.14587 0.804832 -19.2963
0.791267 0.149479 -0.592919 37.7999 -0.0179064 0.974908 0.221885 -6.09235 0.611209 -0.164953 0.77409 -20.0624
0.75154 0.0946903 -0.652856 38.4568 0.0428805 0.98054 0.19158 -6.20773 0.658292 -0.171975 0.732855 -20.8582
0.738976 0.14076 -0.658864 39.327 0.00122029 0.97765 0.210234 -6.32667 0.673731 -0.156162 0.722288 -21.6811
0.364035 0.244796 -0.89864 39.9252 0.0588502 0.956869 0.284498 -6.38602 0.929524 -0.156452 0.333927 -22.1524
-0.116055 0.163479 -0.979697 39.9899 0.183827 0.972857 0.140561 -6.43121 0.976083 -0.163782 -0.142957 -22.1306
-0.476763 0.0868851 -0.874727 39.8754 0.108648 0.993297 0.0394446 -6.41734 0.872291 -0.0762318 -0.483008 -21.9743
-0.511712 0.0965131 -0.853719 39.6285 0.212764 0.976954 -0.0170838 -6.35474 0.832396 -0.190383 -0.520453 -21.7574
-0.166078 0.0153213 -0.985994 39.7167 0.146254 0.989204 -0.00926347 -6.3921 0.975207 -0.145744 -0.166526 -21.9277
0.194995 0.111925 -0.974397 39.9762 0.0787693 0.988471 0.129305 -6.45874 0.977636 -0.101966 0.183931 -22.3915
0.529093 0.188271 -0.827415 40.4508 0.0184573 0.972292 0.233039 -6.52034 0.848363 -0.138571 0.510958 -22.8052
0.581549 0.167747 -0.796029 41.4348 0.0316456 0.973104 0.228181 -6.67662 0.812895 -0.157889 0.5606 -23.6037
0.438593 0.339594 -0.832053 42.19 -0.0177192 0.928943 0.369799 -6.7327 0.898511 -0.147448 0.413445 -24.2987
0.212059 0.299648 -0.930184 42.4322 0.116328 0.937324 0.328468 -6.7607 0.970309 -0.177861 0.16391 -24.5102
0.594742 0.320546 -0.737246 42.4131 -0.00893697 0.919648 0.392643 -6.76578 0.803867 -0.226932 0.549818 -24.3512
0.748976 0.366598 -0.551943 42.4941 -0.14289 0.902763 0.405712 -6.78156 0.647006 -0.225001 0.728531 -24.7285
0.568151 0.228701 -0.790506 42.8555 0.0451539 0.950495 0.30744 -6.89161 0.821685 -0.210367 0.529698 -25.8351
0.45066 0.0280073 -0.892256 43.6301 0.208381 0.968595 0.135653 -7.12579 0.868034 -0.247063 0.430671 -26.7481
0.534869 0.0584359 -0.842912 44.4763 0.112305 0.983837 0.139469 -7.20959 0.837438 -0.169261 0.519662 -27.6318
0.553691 0.143143 -0.820327 45.2572 0.0518965 0.977268 0.205556 -7.2719 0.831104 -0.156387 0.533676 -28.2885
0.484628 0.169848 -0.858072 46.2298 0.0696048 0.970368 0.231388 -7.39741 0.871947 -0.171863 0.458445 -29.0628
0.458826 0.155411 -0.874829 47.2072 0.0936312 0.970646 0.22154 -7.52965 0.883579 -0.18356 0.430806 -29.8196
0.274179 0.035327 -0.961029 47.9811 0.149129 0.985675 0.0787791 -7.70649 0.950045 -0.164917 0.264983 -30.5308
0.378851 0.118992 -0.917776 48.7638 0.116736 0.977634 0.174941 -7.80046 0.918065 -0.173415 0.356487 -31.4671
0.217724 0.0395495 -0.975209 49.4845 0.239949 0.966343 0.0927607 -7.95127 0.946055 -0.254197 0.200906 -32.367
-0.115338 0.170525 -0.97858 49.893 0.279821 0.950836 0.13271 -7.92273 0.953099 -0.25852 -0.157384 -32.7351
-0.39053 0.22424 -0.892862 50.5537 0.341891 0.935843 0.0854943 -8.00429 0.85475 -0.271873 -0.44214 -33.1743
-0.485202 0.171503 -0.857418 51.6097 0.304078 0.952468 0.0184406 -8.08079 0.819826 -0.251775 -0.51429 -33.3643
-0.628018 0.110136 -0.770365 52.6419 0.240242 0.96902 -0.0573131 -8.14308 0.740187 -0.221067 -0.635021 -33.0248
-0.41356 0.134824 -0.900439 53.7352 0.252402 0.967191 0.0288936 -8.17403 0.874792 -0.215323 -0.434021 -32.4592
-0.104275 0.12226 -0.987005 54.7555 0.199974 0.974725 0.0996121 -8.20792 0.974237 -0.186988 -0.126088 -32.1157
-0.244099 0.11413 -0.963011 55.8631 0.215444 0.974616 0.060896 -8.26167 0.945515 -0.19261 -0.262492 -32.0065
-0.575308 0.00341254 -0.81793 56.1234 0.139185 0.985815 -0.0937856 -8.30982 0.806008 -0.167799 -0.567622 -31.8912
-0.851038 -0.0705687 -0.520341 56.1075 0.0628402 0.97012 -0.234345 -8.30055 0.521331 -0.232135 -0.821175 -31.716
-0.985 0.000960034 -0.17255 55.9671 0.0303623 0.985346 -0.167841 -8.26501 0.16986 -0.170562 -0.970596 -31.2744
-0.997312 -0.0725086 0.0105862 55.8391 -0.0732641 0.98942 -0.125224 -8.27416 -0.00139439 -0.125663 -0.992072 -30.2243
-0.998739 0.00258865 -0.0501404 55.8153 0.00709073 0.995933 -0.0898211 -8.20871 0.049704 -0.0900633 -0.994695 -29.0257
-0.935777 -0.0151408 0.352266 55.5836 -0.0663367 0.988796 -0.13372 -8.18584 -0.346295 -0.148501 -0.926298 -28.3307
-0.735574 -0.0633999 0.674471 55.2172 -0.172178 0.980414 -0.0956175 -8.1583 -0.655199 -0.186463 -0.732083 -27.9766
-0.5812 0.0620756 0.81139 54.3479 -0.103297 0.983393 -0.149227 -8.02114 -0.807178 -0.170545 -0.565135 -27.2774
-0.402811 0.0942473 0.910418 53.536 -0.172762 0.968976 -0.176747 -7.92235 -0.898831 -0.228481 -0.374032 -26.7297
-0.456257 0.0922759 0.885051 52.8289 -0.132735 0.976424 -0.170229 -7.79861 -0.879893 -0.195146 -0.433251 -25.8079
-0.402269 -0.0379581 0.914734 52.0586 -0.187774 0.98132 -0.0418555 -7.73873 -0.896058 -0.1886 -0.401883 -24.8733
-0.112083 0.116015 0.986903 51.1445 -0.157969 0.978451 -0.132962 -7.55646 -0.981062 -0.170803 -0.0913409 -24.3672
0.194072 0.010351 0.980933 50.1773 -0.131502 0.991194 0.0155576 -7.54804 -0.972133 -0.132014 0.193724 -24.3815
0.604434 -0.0117818 0.796568 49.7287 -0.081378 0.993747 0.0764477 -7.57412 -0.792488 -0.111031 0.599696 -24.7182
0.896728 -0.0858254 0.434181 49.4089 0.0257225 0.989466 0.142464 -7.59822 -0.441834 -0.116583 0.889489 -25.216
0.995559 -0.0847422 0.0410005 49.3517 0.0784203 0.987487 0.136822 -7.60953 -0.052082 -0.132999 0.989747 -25.7318
0.968746 -0.0547525 -0.241938 49.4562 0.0982845 0.980233 0.171707 -7.61776 0.227754 -0.19012 0.954978 -26.2998
0.984988 -0.0340728 -0.169226 49.9588 0.0661363 0.980011 0.18763 -7.69101 0.15945 -0.196005 0.967552 -27.2245
0.9893 -0.0722495 0.126746 50.4933 0.0380375 0.966453 0.254013 -7.81434 -0.140846 -0.246474 0.95886 -28.3026
0.97928 -0.126598 0.158065 50.9472 0.0910707 0.97244 0.214629 -7.93821 -0.18088 -0.195787 0.96382 -29.3895
0.98459 -0.128807 -0.118289 51.3548 0.143494 0.981671 0.125429 -8.00804 0.0999646 -0.14047 0.985026 -29.9655
0.997597 -0.0568288 -0.03964 51.6788 0.0640292 0.974738 0.213977 -8.07599 0.0264785 -0.216001 0.976034 -30.8962
0.996316 0.00913533 0.0852669 51.9352 -0.0336348 0.956266 0.290559 -8.08854 -0.0788835 -0.292357 0.95305 -31.8621
0.956216 0.238518 -0.169588 52.2397 -0.174933 0.930376 0.322178 -8.04492 0.234626 -0.278406 0.931365 -32.5538
0.966243 0.256423 -0.0249346 52.1578 -0.238342 0.926443 0.291372 -8.12123 0.0978149 -0.275593 0.956285 -33.7889
0.949117 0.135757 0.284161 51.8259 -0.181063 0.973503 0.139673 -8.27546 -0.25767 -0.184017 0.948548 -34.8288
0.886471 0.293043 0.358184 51.7124 -0.315567 0.948892 0.00467417 -8.31437 -0.338508 -0.117174 0.933639 -35.966
0.985622 0.156927 -0.0626341 51.9548 -0.143842 0.973781 0.176241 -8.36829 0.0886489 -0.164698 0.982352 -36.6847
0.85271 0.194053 -0.485005 52.2408 -0.0427324 0.951243 0.305467 -8.414 0.520635 -0.239749 0.819427 -37.0413
0.537884 0.188411 -0.821695 52.693 0.158268 0.934805 0.317949 -8.5107 0.828029 -0.301067 0.472997 -37.5448
0.359954 0.0191726 -0.932773 53.3298 0.308863 0.940964 0.13853 -8.6994 0.880361 -0.337964 0.332782 -38.2841
0.482202 0.0108117 -0.875993 53.9205 0.267173 0.950474 0.1588 -8.85724 0.834326 -0.310615 0.455432 -39.2045
0.483074 -0.0542289 -0.873899 54.4992 0.237985 0.968638 0.0714456 -8.99071 0.842617 -0.242488 0.480829 -40.023
0.281098 0.104606 -0.953961 55.1979 0.118099 0.982715 0.142559 -8.99213 0.952385 -0.152735 0.263886 -40.5265
-0.181078 0.0970189 -0.978672 55.9631 0.172437 0.982839 0.065527 -9.08611 0.968234 -0.156893 -0.1947 -40.4054
-0.563964 0.0664987 -0.823118 56.2514 0.205509 0.976696 -0.0618996 -9.09211 0.799819 -0.204067 -0.564487 -40.1599
-0.83866 0.0957084 -0.53618 56.6498 0.231416 0.953777 -0.191717 -9.08496 0.493047 -0.284866 -0.822044 -39.651
-0.801878 0.0390761 -0.596209 57.531 0.20013 0.957784 -0.206393 -9.11726 0.562974 -0.284821 -0.775846 -38.7879
-0.680334 0.00243117 -0.732898 58.4932 0.187409 0.967326 -0.170759 -9.18197 0.708536 -0.253524 -0.65856 -38.2297
-0.85774 0.0626113 -0.510257 59.4961 0.17261 0.97001 -0.171131 -9.15474 0.48424 -0.234862 -0.842823 -37.5236
-0.890183 0.109563 -0.442234 60.4604 0.250377 0.928586 -0.273934 -9.1662 0.380639 -0.354576 -0.854043 -36.8995
-0.704752 0.0120784 -0.709351 61.1685 0.208888 0.959066 -0.191204 -9.22252 0.678004 -0.282926 -0.678427 -36.5834
-0.458633 -0.030032 -0.888118 61.4351 0.259658 0.951281 -0.166258 -9.25175 0.849843 -0.306858 -0.428491 -36.5444
-0.152568 -0.0385962 -0.987539 61.6893 0.274042 0.958402 -0.0797949 -9.30017 0.949539 -0.282801 -0.135644 -36.9306
0.14964 -0.0126227 -0.98866 62.1441 0.219046 0.975495 0.0206992 -9.36918 0.964172 -0.219659 0.148738 -37.2618
0.267621 -0.00588934 -0.963506 62.9676 0.240782 0.968663 0.060958 -9.45757 0.932954 -0.248309 0.260652 -37.8641
0.400869 0.0132504 -0.91604 63.8753 0.165996 0.982294 0.0868504 -9.54321 0.900971 -0.186875 0.391572 -38.3532
0.0960961 0.0212516 -0.995145 64.6124 0.222451 0.974026 0.0422816 -9.63083 0.970196 -0.225435 0.0888727 -38.5841
0.555397 -0.0906334 -0.826632 65.1009 0.241557 0.968765 0.0560798 -9.70713 0.795729 -0.230825 0.559942 -38.9595
0.840921 -0.0223766 -0.540695 65.1122 0.169296 0.959871 0.223575 -9.68669 0.513994 -0.279547 0.810964 -38.9835
0.978667 0.0258573 -0.203819 64.9718 0.0319609 0.960811 0.275357 -9.62377 0.202952 -0.275997 0.939487 -38.9657
0.984424 0.0165707 0.175025 64.8706 -0.0602052 0.967128 0.247058 -9.6071 -0.165178 -0.253748 0.953063 -38.9754
0.840919 0.058803 0.537956 64.8761 -0.156885 0.977879 0.138349 -9.627 -0.517921 -0.200737 0.831542 -39.1641
0.604159 0.0312299 0.796251 64.7436 -0.274706 0.946142 0.171326 -9.63151 -0.748016 -0.322243 0.580199 -39.4247
0.318588 -0.131838 0.93868 64.6992 -0.266116 0.938014 0.222064 -9.72321 -0.909771 -0.320545 0.263756 -39.4513
-0.109805 0.0170057 0.993808 64.8139 -0.223999 0.973709 -0.0414112 -9.66612 -0.968384 -0.227159 -0.103109 -39.2938
-0.340362 0.150676 0.928144 64.7344 -0.0692601 0.980379 -0.184555 -9.62386 -0.93774 -0.127099 -0.323247 -39.1108
-0.191242 0.209157 0.958999 63.8431 -0.153189 0.9587 -0.239641 -9.48224 -0.969515 -0.192737 -0.151303 -38.6584
0.211863 0.174065 0.961673 62.7886 -0.214675 0.968266 -0.127964 -9.41775 -0.95343 -0.179336 0.242507 -38.487
0.421484 0.0895945 0.902399 61.7002 -0.177596 0.983993 -0.0147455 -9.35599 -0.889275 -0.154048 0.430649 -38.3945
0.306597 0.0471884 0.950669 60.6914 -0.127264 0.991835 -0.00818825 -9.33434 -0.943293 -0.118476 0.310099 -38.1869
0.580905 -0.03327 0.813291 59.7986 -0.0493098 0.995891 0.07596 -9.29649 -0.812477 -0.0842288 0.576877 -38.1941
0.821453 0.0276371 0.569607 58.7956 -0.0787055 0.994761 0.065239 -9.19048 -0.564819 -0.0984219 0.819324 -38.6504
0.87068 -0.0232894 0.491298 57.8306 -0.0488972 0.989831 0.133577 -9.1659 -0.489413 -0.140326 0.860688 -39.4827
0.784016 0.00942101 0.620669 56.9988 -0.101991 0.988251 0.113832 -9.15946 -0.612305 -0.152548 0.775765 -40.1875
0.445005 -0.0503253 0.894113 56.0957 -0.194483 0.96916 0.151345 -9.10721 -0.874155 -0.241239 0.421493 -40.7064
0.12184 -0.0628124 0.99056 55.5663 -0.247423 0.964568 0.0915974 -9.09441 -0.961216 -0.256247 0.101981 -40.8586
-0.336442 -0.0915203 0.937246 54.5533 -0.301212 0.953439 -0.0150243 -9.08101 -0.892232 -0.287365 -0.348344 -40.6866
-0.603863 -0.0769184 0.793368 53.8796 -0.214629 0.974262 -0.0689061 -9.00838 -0.767648 -0.21189 -0.604829 -40.2268
-0.640149 0.0432202 0.767034 53.0937 -0.0655279 0.991706 -0.110568 -8.90954 -0.765451 -0.121042 -0.632007 -39.4844
-0.673059 0.127049 0.728595 52.4172 0.00480064 0.985865 -0.167475 -8.82911 -0.739574 -0.109223 -0.664154 -38.6407
-0.636357 0.061536 0.768936 51.7908 -0.0558075 0.990528 -0.125455 -8.81383 -0.769373 -0.122747 -0.626896 -37.778
-0.61417 0.0368014 0.788315 51.2325 -0.072518 0.992054 -0.102811 -8.81566 -0.785835 -0.12031 -0.606621 -36.8969
-0.614285 0.0200685 0.788829 50.5668 -0.08599 0.992021 -0.0922009 -8.82573 -0.784385 -0.124469 -0.607658 -35.9925
-0.599023 0.0231463 0.800398 49.8982 -0.053667 0.996174 -0.0689726 -8.77276 -0.798932 -0.0842711 -0.595488 -35.1294
-0.581682 0.0799401 0.809479 49.0649 -0.0544278 0.989104 -0.13679 -8.7054 -0.811593 -0.123627 -0.570993 -34.1363
-0.586704 0.0246211 0.809427 48.2291 -0.142456 0.980812 -0.133092 -8.72613 -0.797173 -0.193393 -0.571939 -33.1317
-0.589359 -0.035193 0.807104 47.6443 -0.169197 0.982271 -0.0807189 -8.75772 -0.789954 -0.184132 -0.584865 -32.2793
-0.570608 -0.0195828 0.820989 47.0381 -0.114977 0.991774 -0.0562555 -8.72793 -0.813134 -0.126495 -0.568166 -31.4687
-0.600341 0.102375 0.793165 46.3649 0.19011 0.981612 0.0171949 -8.73784 -0.77682 0.161112 -0.608764 -30.7009
-0.539081 0.20321 0.817373 45.8834 0.395484 0.917893 0.0326331 -8.72255 -0.743629 0.34085 -0.575184 -30.0981
-0.491355 0.208371 0.845667 45.2051 0.121993 0.977853 -0.17006 -8.6633 -0.862373 0.0196057 -0.505893 -29.3522
-0.196369 0.0993428 0.975485 44.4528 -0.0750351 0.990415 -0.115968 -8.67438 -0.977655 -0.0959681 -0.187033 -28.7206
0.165591 -0.0206669 0.985978 43.774 -0.0433451 0.998662 0.0282124 -8.75392 -0.985242 -0.047409 0.164474 -28.1404
0.520381 -0.0440555 0.852797 43.367 -0.0371744 0.996553 0.0741659 -8.77783 -0.853125 -0.0702967 0.516949 -27.7125
0.855301 -0.0526252 0.515452 43.1591 0.0132171 0.996721 0.079829 -8.77704 -0.517963 -0.061465 0.853192 -27.4484
0.983159 -0.109314 0.146455 43.0237 0.10046 0.992712 0.0665702 -8.75615 -0.152665 -0.0507362 0.986975 -27.1614
0.968129 -0.0415429 -0.246982 42.6339 0.0727888 0.990252 0.118758 -8.70295 0.23964 -0.13295 0.961715 -26.628
0.853639 0.166887 -0.493405 42.3873 -0.0485578 0.968654 0.243623 -8.63399 0.518596 -0.184007 0.834984 -26.3747
0.844034 0.204759 -0.495661 42.0036 -0.0989367 0.967829 0.23134 -8.59319 0.527084 -0.14622 0.837139 -25.9566
0.733328 0.0295095 -0.679234 41.9012 0.0341718 0.996195 0.0801732 -8.62123 0.679016 -0.0820039 0.72953 -25.4567
0.528431 0.014996 -0.848844 41.5275 0.0783315 0.994718 0.0663368 -8.61328 0.845355 -0.101546 0.524465 -25.0493
0.720856 -0.132978 -0.680209 40.9812 0.136759 0.989417 -0.0484958 -8.66763 0.679459 -0.058066 0.731412 -24.5045
0.893236 -0.0655694 -0.444781 40.5114 0.0916891 0.995084 0.0374408 -8.65841 0.44014 -0.0742251 0.894856 -24.0094
0.985393 0.0914714 -0.143642 40.096 -0.0703886 0.986843 0.145553 -8.59574 0.155066 -0.133316 0.978867 -23.5266
0.953701 0.245727 -0.173416 39.5152 -0.197597 0.946625 0.254668 -8.60685 0.226738 -0.208611 0.951352 -22.6624
0.967412 0.134287 -0.214665 38.7763 -0.0957249 0.978827 0.180926 -8.6223 0.234416 -0.154481 0.959784 -21.842
0.975128 0.130562 -0.179106 38.0974 -0.112101 0.987631 0.109624 -8.62502 0.191204 -0.0868199 0.977703 -20.9634
0.996576 0.0801454 0.0203261 37.3823 -0.082009 0.98944 0.11951 -8.64292 -0.0105332 -0.120768 0.992625 -20.1782
0.98335 0.0246492 0.180043 37.0184 -0.00922356 0.996251 -0.0860173 -8.65421 -0.181489 0.0829245 0.979891 -19.8477
0.920929 -0.0889092 0.379455 36.7925 0.0733306 0.995771 0.055345 -8.69237 -0.38277 -0.0231431 0.923554 -19.9796
0.815016 -0.129589 0.564761 36.6474 0.0820737 0.990662 0.108874 -8.70181 -0.573596 -0.0423818 0.818041 -19.7784
0.962286 -0.135085 0.236129 36.6623 0.123654 0.990347 0.0626374 -8.67991 -0.242311 -0.0310768 0.969701 -19.5989
0.999772 -0.0148001 -0.0153756 36.645 0.0170069 0.987759 0.155059 -8.64218 0.0128925 -0.155285 0.987786 -19.4146
0.946188 0.130496 -0.296139 36.3688 -0.0752829 0.978746 0.190757 -8.61305 0.314738 -0.158198 0.935902 -19.1825
0.707097 0.105841 -0.69915 36.0552 -0.0070895 0.989746 0.142663 -8.55987 0.707081 -0.09592 0.700597 -18.4609
0.331195 0.103963 -0.937817 35.8781 0.031967 0.992105 0.121271 -8.55195 0.943021 -0.0701435 0.325257 -18.033
0.258889 0.00586361 -0.965889 35.8398 0.0393157 0.999089 0.016603 -8.60829 0.965107 -0.042273 0.258423 -17.1677
-0.206404 0.0176833 -0.978307 35.779 0.107204 0.994226 -0.00464691 -8.6099 0.972576 -0.105837 -0.207108 -16.5551
-0.535807 0.00491449 -0.844326 35.5274 0.0909066 0.994506 -0.0519005 -8.60634 0.839432 -0.104563 -0.53331 -16.0135
-0.853183 0.0584902 -0.518323 35.0686 0.0734279 0.997266 -0.008329 -8.62477 0.516418 -0.0451655 -0.855145 -15.5438
-0.982206 0.115272 -0.148271 34.5384 0.132785 0.984545 -0.114191 -8.5965 0.132817 -0.131847 -0.982332 -15.2011
-0.983072 0.0807148 0.164484 33.7501 0.040553 0.971325 -0.23427 -8.54279 -0.178677 -0.223634 -0.958156 -14.5531
-0.949355 -0.01857 0.313656 33.0885 -0.107158 0.95754 -0.267647 -8.5493 -0.295368 -0.287703 -0.911035 -13.7309
-0.969781 0.130492 0.206148 32.5661 0.084521 0.972313 -0.217863 -8.5015 -0.228869 -0.193856 -0.95396 -12.7969
-0.96035 0.0341463 0.276698 31.994 -0.015344 0.984494 -0.174748 -8.54591 -0.278375 -0.172065 -0.944935 -11.8328
-0.833361 -0.0852901 0.546109 31.5033 -0.167862 0.980411 -0.103038 -8.52683 -0.526623 -0.177539 -0.831353 -11.2166
-0.947179 -0.0374133 0.318517 31.2016 -0.105705 0.974094 -0.199919 -8.54313 -0.302786 -0.223027 -0.926596 -10.7546
-0.998846 -0.0264023 -0.0401132 31.0656 -0.0194323 0.986077 -0.165152 -8.52034 0.0439151 -0.164182 -0.985452 -10.3668
-0.844736 -0.0332843 -0.534147 30.9555 0.0275125 0.994044 -0.105452 -8.5261 0.534475 -0.103775 -0.838789 -9.90159
-0.575188 0.0506816 -0.81645 31.0105 0.100793 0.994864 -0.00925197 -8.4974 0.811788 -0.0876144 -0.577342 -9.69409
-0.134462 0.00852668 -0.990882 31.0917 0.0640121 0.997949 -9.88724e-05 -8.5168 0.988849 -0.0634417 -0.134732 -9.53168
0.245333 0.0125543 -0.969357 31.1585 0.0323994 0.999251 0.0211414 -8.53904 0.968897 -0.0365933 0.244743 -9.49955
0.640428 0.15451 -0.752315 31.5038 -0.0801779 0.987652 0.13459 -8.5209 0.763821 -0.0258764 0.644909 -9.54285
0.88591 0.126818 -0.446184 31.9239 -0.0604645 0.985266 0.159986 -8.51433 0.459899 -0.114755 0.880525 -9.77321
0.95693 0.191354 -0.218329 32.7239 -0.151785 0.970829 0.185613 -8.55967 0.247478 -0.14448 0.958061 -10.4446
0.962918 0.129061 -0.236921 32.9713 -0.105453 0.988344 0.109799 -8.59479 0.248331 -0.0807436 0.965304 -10.6258
0.98869 0.135283 -0.0647363 32.9588 -0.0961247 0.902945 0.418867 -8.63693 0.115119 -0.407907 0.905737 -10.5128
0.98772 -0.0357427 0.152089 32.9202 -0.0258812 0.922594 0.384903 -8.67448 -0.154073 -0.384113 0.91034 -10.4857
0.982104 -0.175212 0.0690814 32.9078 0.14604 0.940072 0.308119 -8.73396 -0.118928 -0.292516 0.948836 -10.4946
0.916212 -0.143573 0.374089 -14.2161 0.0598493 0.972164 0.22653 -2.65606 -0.3962 -0.18516 0.899301 29.2934
0.719808 -0.221185 0.657992 -14.3736 0.0952783 0.970388 0.221968 -2.65824 -0.687604 -0.0970816 0.719567 29.4161
0.497399 -0.121082 0.859031 -14.9473 0.0502848 0.992571 0.110788 -2.62854 -0.866063 -0.0119098 0.499792 29.2555
0.370938 0.114764 0.921539 -15.7297 -0.104241 0.991209 -0.0814806 -2.53773 -0.922789 -0.0658382 0.37964 28.6655
0.416127 0.0543239 0.907682 -16.449 -0.157981 0.987352 0.0133341 -2.56034 -0.895478 -0.148945 0.419446 28.0231
0.419563 -0.0343423 0.907076 -17.3262 -0.194793 0.972598 0.126923 -2.57108 -0.886579 -0.229945 0.401376 27.2013
0.652527 -0.0162728 0.757591 -18.2678 -0.119676 0.985009 0.124237 -2.5336 -0.748256 -0.171733 0.640797 26.4531
0.937225 -0.0296139 0.347465 -18.8547 -0.0313349 0.985206 0.168488 -2.50065 -0.347314 -0.168799 0.922432 25.765
0.999475 0.0304684 -0.0110103 -18.9394 -0.0286086 0.989546 0.141353 -2.52635 0.0152019 -0.140964 0.989898 25.3525
0.928276 0.00731578 -0.37182 -18.955 0.0657906 0.980806 0.183549 -2.55195 0.366026 -0.194846 0.909978 24.9167
0.800858 0.00987106 -0.598774 -18.5439 0.103674 0.982481 0.154861 -2.57544 0.589813 -0.186099 0.785804 23.8751
0.844476 0.128575 -0.519931 -18.0134 -0.0229373 0.978549 0.204733 -2.51166 0.535102 -0.160966 0.829311 23.0443
0.839918 0.140034 -0.524336 -17.474 -0.0321555 0.977281 0.209493 -2.50169 0.54176 -0.159097 0.825339 22.2584
0.830067 0.130586 -0.542158 -16.8572 5.77445e-05 0.972177 0.234249 -2.51675 0.557663 -0.194474 0.806965 21.4475
0.874332 0.139112 -0.464964 -16.2048 -0.0380267 0.974731 0.220122 -2.56374 0.483837 -0.174779 0.857528 20.5656
0.878059 0.0247985 -0.47791 -15.5361 0.0689947 0.981663 0.177701 -2.61777 0.473553 -0.189005 0.860247 19.6783
0.838277 0.113272 -0.533349 -14.8913 -0.00545252 0.979876 0.199535 -2.58885 0.545217 -0.164357 0.822025 18.8115
0.819837 0.243261 -0.518355 -14.3112 -0.0959224 0.950824 0.294503 -2.54655 0.564506 -0.191723 0.802855 18.0041
0.813327 0.329417 -0.479567 -13.7808 -0.151521 0.915756 0.372064 -2.51196 0.56173 -0.229945 0.794723 17.2105
0.825655 0.329248 -0.458136 -13.0594 -0.173424 0.920846 0.349237 -2.55121 0.536858 -0.208897 0.817401 16.337
0.822352 0.241169 -0.515339 -12.419 -0.114378 0.957307 0.265483 -2.59922 0.557364 -0.159377 0.814828 15.5487
0.826286 0.255635 -0.501899 -11.8371 -0.137427 0.955644 0.260495 -2.61402 0.546229 -0.146269 0.824766 14.7384
0.811174 0.204944 -0.547718 -11.2211 -0.0663961 0.962801 0.261926 -2.68408 0.581024 -0.176101 0.794606 14.0403
0.811097 0.143596 -0.567012 -10.6129 0.00867461 0.966337 0.257134 -2.71733 0.584848 -0.213479 0.782547 13.2954
0.728822 0.0900071 -0.678762 -9.96232 0.0843018 0.971984 0.219409 -2.76191 0.679494 -0.217131 0.700815 12.4925
0.683962 0.0155638 -0.729351 -9.34869 0.164596 0.970701 0.175067 -2.77072 0.710706 -0.239787 0.661361 11.7438
0.656266 0.0970814 -0.748258 -8.57396 0.0935969 0.973554 0.208402 -2.7908 0.748702 -0.206802 0.629824 10.9083
0.829548 0.150851 -0.537675 -7.8232 -0.0223886 0.971033 0.237893 -2.80744 0.557987 -0.185306 0.808896 10.0572
0.823677 0.139477 -0.549638 -7.11195 -0.00201192 0.969991 0.243131 -2.85333 0.567056 -0.199155 0.79924 9.27256
0.81513 0.228984 -0.532099 -6.40954 -0.0735143 0.95202 0.297075 -2.87056 0.574594 -0.203038 0.792854 8.45666
0.945635 0.219027 -0.240418 -6.03321 -0.167379 0.961565 0.217661 -2.85342 0.278851 -0.165588 0.945951 7.79746
0.971045 0.211145 0.111754 -6.07854 -0.231047 0.948973 0.214631 -2.83383 -0.060733 -0.234237 0.970281 7.52321
0.911139 0.3598 0.200924 -6.10881 -0.385345 0.916672 0.105932 -2.75768 -0.146067 -0.173944 0.973862 7.45909
0.852605 0.383982 0.354431 -6.17418 -0.418431 0.90796 0.0228999 -2.72804 -0.313016 -0.16783 0.934802 7.4666
0.806711 0.373827 0.457681 -6.14835 -0.427066 0.904107 0.0142871 -2.73989 -0.408451 -0.206985 0.889002 7.32599
0.863666 0.311213 0.39652 -6.18898 -0.358845 0.932053 0.0500735 -2.74603 -0.353994 -0.185536 0.91666 7.40549
0.731619 0.243564 0.636719 -6.14844 -0.30544 0.952119 -0.0132497 -2.77616 -0.609459 -0.184786 0.770982 7.57857
0.538276 0.104037 0.836322 -6.12292 -0.193475 0.981102 0.00247801 -2.81369 -0.82026 -0.163141 0.548232 7.85302
0.361977 0.0129656 0.932097 -6.37782 -0.131844 0.990564 0.0374224 -2.84183 -0.922816 -0.136437 0.360271 8.01063
0.617118 -0.0944784 0.781178 -6.89683 -0.118938 0.970159 0.211293 -2.85596 -0.77783 -0.223304 0.587465 7.90407
0.545906 -0.0306218 0.837287 -7.57662 -0.227073 0.956523 0.183033 -2.80197 -0.806489 -0.290044 0.515218 7.41749
0.631502 -0.00951537 0.775316 -8.27913 -0.238261 0.949164 0.205715 -2.7729 -0.73786 -0.314637 0.597132 6.90409
0.509393 -0.0766678 0.857112 -9.18066 -0.218489 0.951861 0.214994 -2.7736 -0.832335 -0.296786 0.46812 6.94893
0.134953 -0.110067 0.98472 -9.35998 -0.295738 0.944038 0.14605 -2.74726 -0.945689 -0.310929 0.0948499 7.0248
-0.242424 -0.101362 0.964861 -9.37349 -0.306704 0.95153 0.0229014 -2.75285 -0.920415 -0.290374 -0.261762 7.03823
-0.537255 -0.0948262 0.838072 -9.15541 -0.263564 0.962773 -0.0600246 -2.75299 -0.801181 -0.253134 -0.542247 6.99281
-0.805646 -0.123907 0.579294 -9.07344 -0.213977 0.972728 -0.0895261 -2.76666 -0.552402 -0.196082 -0.810188 7.01725
-0.972198 -0.049465 0.228875 -8.83645 -0.0894188 0.981784 -0.167641 -2.75237 -0.216413 -0.183446 -0.958912 6.98971
-0.983722 0.0201311 -0.178568 -8.65409 0.0570656 0.977265 -0.204199 -2.74549 0.170397 -0.211065 -0.962505 6.96831
-0.856131 -0.012884 -0.516598 -8.54235 0.102399 0.975636 -0.194034 -2.75476 0.506512 -0.219018 -0.833953 6.89647
-0.61367 -0.00392087 -0.789553 -8.57621 0.137041 0.984281 -0.111401 -2.7615 0.777579 -0.176564 -0.603486 6.83548
-0.28904 0.0821127 -0.953789 -8.61152 0.191635 0.981111 0.0263912 -2.76078 0.93794 -0.175151 -0.299316 6.72034
0.0819434 0.214079 -0.973373 -8.66915 0.138985 0.96466 0.223864 -2.71112 0.986898 -0.153628 0.0492937 6.60797
0.233396 0.413352 -0.880151 -8.73787 0.0144396 0.903577 0.428183 -2.67643 0.972275 -0.112645 0.204923 6.53708
0.132877 0.416746 -0.899259 -8.65575 0.0115361 0.906593 0.421849 -2.67925 0.991065 -0.0664282 0.115658 6.61975
-0.13971 0.26142 -0.955061 -8.22518 0.0797945 0.964356 0.252292 -2.74598 0.986972 -0.0409609 -0.15559 6.89125
0.158664 0.230088 -0.960148 -7.64024 0.0838872 0.965809 0.245307 -2.85799 0.983762 -0.119466 0.133938 7.47606
0.366888 0.251927 -0.895503 -6.86378 0.0778299 0.950944 0.299411 -2.9291 0.927004 -0.179547 0.329283 7.84658
0.418651 0.334599 -0.84426 -6.08542 0.0469755 0.920428 0.38808 -2.93876 0.906931 -0.20213 0.36962 8.19615
0.605221 0.329898 -0.724482 -5.7812 0.0556525 0.890327 0.451907 -2.92377 0.794109 -0.313823 0.520485 8.14332
0.357996 0.333857 -0.871997 -5.67413 0.239 0.870017 0.431219 -2.9455 0.902617 -0.362782 0.231671 8.03162
0.418696 0.393033 -0.818669 -5.70799 0.207612 0.83619 0.507625 -2.91891 0.884076 -0.382506 0.268511 7.995
0.342966 0.375103 -0.861204 -5.54168 0.268498 0.839414 0.472539 -2.94633 0.900157 -0.393296 0.187176 7.8995
0.62623 0.333911 -0.704513 -5.66506 -0.0238441 0.911421 0.410783 -2.92739 0.779273 -0.240446 0.578722 8.07874
0.85197 0.262763 -0.452883 -5.80118 -0.154564 0.952625 0.261946 -2.94634 0.500257 -0.153171 0.852221 8.21428
0.760062 0.228347 -0.608411 -5.87189 -0.0629922 0.957711 0.280752 -2.94676 0.64679 -0.175064 0.742304 8.09236
0.804917 0.137765 -0.577173 -5.87523 -0.0562101 0.986004 0.156958 -2.96157 0.590719 -0.0938954 0.801396 7.72789
0.93498 0.208644 -0.286845 -5.76872 -0.139875 0.960044 0.242385 -2.97038 0.325956 -0.186502 0.926806 7.66501
0.999517 0.0144123 -0.0275456 -5.69072 -0.0103788 0.989908 0.141334 -3.03048 0.0293045 -0.14098 0.989579 7.95794
0.963605 -0.000663254 0.267328 -5.71171 -0.0195477 0.997145 0.0729353 -3.00303 -0.266613 -0.0755065 0.960841 8.22693
0.974533 -0.0468235 0.2193 -5.7238 0.00707217 0.983888 0.178646 -3.03962 -0.224131 -0.172545 0.959163 8.44215
0.991704 -0.0504488 0.118226 -5.57985 0.0400049 0.995219 0.0891046 -3.06419 -0.122156 -0.0836358 0.988981 8.98571
0.969919 -0.11325 -0.215479 -5.47273 0.130906 0.988958 0.0694642 -3.09192 0.205233 -0.0955822 0.974035 9.17076
0.850086 0.0126342 -0.526492 -4.96803 0.0187627 0.998351 0.054252 -3.1 0.526309 -0.0559973 0.848447 9.39183
0.672341 0.0474341 -0.73872 -4.47154 0.0830795 0.986804 0.138978 -3.12221 0.735565 -0.154813 0.659528 9.36843
0.632613 0.32262 -0.704071 -3.79525 -0.032889 0.919475 0.391771 -3.0611 0.773769 -0.224684 0.592282 9.52269
0.733663 0.250211 -0.631769 -3.44573 -0.0574085 0.949238 0.309276 -3.13134 0.677084 -0.190636 0.710785 9.86517
0.757891 -0.0707951 -0.648528 -3.39921 0.177051 0.979106 0.100026 -3.25714 0.627896 -0.190632 0.75459 10.205
0.415393 -0.132868 -0.899886 -3.4044 0.317623 0.948194 0.00661638 -3.27748 0.852387 -0.288572 0.436075 10.1943
0.0336355 -0.0942409 -0.994981 -3.43876 0.294992 0.952127 -0.0802097 -3.26334 0.954907 -0.290814 0.0598256 10.0728
-0.359775 -0.0752608 -0.929999 -3.475 0.274083 0.944242 -0.182444 -3.26383 0.891875 -0.320536 -0.319087 9.93228
-0.5494 0.139669 -0.823804 -3.95309 0.328965 0.942459 -0.0596026 -3.15905 0.768077 -0.303748 -0.563733 9.74827
-0.665949 0.298305 -0.683759 -4.35019 0.437738 0.898446 -0.0343696 -3.076 0.604067 -0.322196 -0.728898 9.58106
0.909306 -0.235218 0.34327 2.02055 0.204607 0.971037 0.123386 -3.86801 -0.362351 -0.0419598 0.931097 1.97059
0.965681 -0.20066 0.164914 2.0072 0.173478 0.970842 0.165445 -4.02333 -0.193304 -0.131158 0.972333 1.62162
0.886569 -0.290452 0.360046 1.95201 0.309107 0.951008 0.00604796 -4.23875 -0.344163 0.105931 0.932915 1.17856
0.911171 -0.196482 0.362163 1.89689 0.158277 0.978448 0.132619 -4.48985 -0.380415 -0.0635165 0.922632 0.684246
0.784651 -0.271571 0.557291 1.83509 0.284188 0.956496 0.0659761 -4.78877 -0.550963 0.106607 0.827692 0.162227
0.76433 -0.0759781 0.640333 1.62863 -0.0284493 0.988094 0.1512 -5.21824 -0.644197 -0.133783 0.753068 -0.625007
0.478531 -0.049071 0.876699 1.13748 -0.191659 0.968526 0.158824 -5.59895 -0.856899 -0.244029 0.454064 -1.30341
0.0390516 -0.0209459 0.999018 0.57794 -0.3052 0.951754 0.0318853 -5.66405 -0.951487 -0.306145 0.0307749 -1.41766
-0.403666 -0.0506567 0.913503 -0.000802641 -0.295869 0.952043 -0.0779469 -5.76437 -0.865746 -0.301741 -0.399295 -1.19127
-0.799187 0.00918238 0.601012 -0.617407 -0.159113 0.960984 -0.22626 -5.67988 -0.579641 -0.276453 -0.766544 -0.390799
-0.951715 0.0377104 0.304658 -0.876157 -0.042621 0.966583 -0.252786 -5.60961 -0.30401 -0.253565 -0.918304 0.754024
-0.976419 0.00402783 0.215848 -0.949679 -0.0524302 0.965468 -0.255191 -5.59894 -0.209422 -0.26049 -0.94249 1.98925
-0.975814 0.085511 0.201186 -0.885476 0.0289386 0.96275 -0.268841 -5.53521 -0.216681 -0.256517 -0.941939 3.27438
-0.977413 0.0446371 0.20657 -0.745236 -0.0176474 0.956788 -0.29025 -5.5573 -0.2106 -0.28734 -0.934389 4.4744
-0.815329 0.094732 0.571196 -0.674669 -0.057467 0.968413 -0.242638 -5.55912 -0.57614 -0.230655 -0.784131 5.28246
-0.590679 -0.0388758 0.80597 -0.521493 -0.161613 0.984299 -0.0709654 -5.56083 -0.790556 -0.172173 -0.587688 6.14994
-0.10749 -0.123883 0.986458 -0.412349 -0.216305 0.971353 0.098416 -5.50345 -0.970391 -0.202797 -0.131208 6.91617
0.247271 -0.1346 0.959552 -0.36257 -0.145483 0.973921 0.174105 -5.50885 -0.957962 -0.18265 0.22124 7.35676
0.594554 0.0574119 0.802003 -0.395156 -0.19181 0.978778 0.0721292 -5.46222 -0.780842 -0.196717 0.592949 7.67553
0.841332 0.122404 0.526476 -0.528119 -0.240603 0.95701 0.161993 -5.46827 -0.484014 -0.262962 0.834614 8.03796
0.843423 0.0607241 0.533807 -0.62138 -0.223001 0.943525 0.245013 -5.47981 -0.488782 -0.325689 0.809332 8.00511
0.853209 0.0809464 0.515249 -0.609093 -0.231763 0.943835 0.235502 -5.47789 -0.467247 -0.320348 0.824049 8.01268
0.857138 0.060179 0.51156 -0.606945 -0.216195 0.943467 0.251255 -5.49487 -0.46752 -0.325957 0.821692 8.00806
0.83375 0.150085 0.531353 -0.55769 -0.317096 0.917975 0.238268 -5.51259 -0.452008 -0.367146 0.812953 8.00166
0.570516 -0.0175175 0.821099 -0.226115 -0.327974 0.911734 0.247334 -5.52483 -0.752957 -0.410407 0.514414 8.18153
0.551502 0.0673369 0.831452 0.14674 -0.382377 0.906257 0.180236 -5.59168 -0.741373 -0.417329 0.525551 8.00963
0.438006 0.0884638 0.894609 0.206144 -0.353177 0.932065 0.0807502 -5.56795 -0.82669 -0.351325 0.439494 8.27223
0.696455 0.140164 0.703779 0.27457 -0.391523 0.896124 0.208978 -5.61134 -0.601382 -0.42109 0.678987 8.73689
0.765283 -0.120449 0.632324 0.290327 -0.0691188 0.961281 0.266762 -5.5706 -0.639972 -0.247854 0.727327 8.909
0.914502 -0.137842 0.380375 0.27444 0.0232701 0.956535 0.290686 -5.59131 -0.403911 -0.256982 0.877961 8.91896
0.803065 -0.0152901 0.595695 0.430017 -0.167791 0.953419 0.250674 -5.58373 -0.57178 -0.30126 0.763092 8.84792
0.795732 -0.00567859 0.605622 0.531791 -0.148562 0.967576 0.204269 -5.58045 -0.587145 -0.252516 0.769088 8.92123
0.769222 -0.0050718 0.638961 0.536003 -0.137877 0.975095 0.173725 -5.581 -0.623929 -0.221731 0.749365 8.9134
0.69509 -0.0504876 0.717148 0.495718 -0.171306 0.957167 0.233423 -5.57699 -0.698215 -0.285102 0.656668 8.94566
0.761863 -0.0701612 0.643927 0.509536 -0.152487 0.94675 0.283571 -5.58789 -0.629533 -0.314233 0.710595 8.9063
0.873114 -0.0553594 0.484363 0.523309 -0.0334353 0.984393 0.17278 -5.60392 -0.486368 -0.167051 0.857636 8.82462
0.773666 0.0458766 0.631931 0.529096 -0.0515456 0.998626 -0.0093912 -5.614 -0.631494 -0.0253076 0.774968 8.79157
0.558405 0.231535 0.796603 0.38923 -0.160255 0.972281 -0.170261 -5.58318 -0.813943 -0.0325851 0.580031 8.63768
0.618457 0.0390963 0.784845 0.0502863 -0.0646484 0.997907 0.00123306 -5.63304 -0.783155 -0.0515016 0.61969 8.10519
0.780594 0.172885 0.600653 0.200739 -0.188676 0.981332 -0.0372578 -5.60036 -0.595881 -0.0842454 0.798641 7.99688
0.872035 0.155856 0.463965 0.308811 -0.171759 0.985106 -0.0080926 -5.60984 -0.458316 -0.072633 0.885817 7.93524
0.883572 0.0696262 0.46309 0.322161 -0.066338 0.997523 -0.0234065 -5.653 -0.463572 -0.0100391 0.886002 7.99617
0.893214 -0.00286004 0.449623 0.327596 0.0070537 0.999946 -0.00765212 -5.65263 -0.449577 0.0100065 0.893185 8.00211
0.915114 -0.00365748 0.403179 0.369886 0.0207411 0.999062 -0.038014 -5.66737 -0.402661 0.0431495 0.914331 8.02911
-0.986621 0.0702317 -0.14713 6.96723 0.103094 0.967878 -0.22931 -3.43205 0.126299 -0.241411 -0.962169 0.899604
-0.846578 0.0399449 -0.530763 6.92347 0.137601 0.979706 -0.145744 -3.46232 0.514171 -0.196417 -0.834895 0.996498
-0.738211 0.248619 -0.627083 6.81905 0.348314 0.936578 -0.0387153 -3.39519 0.577687 -0.247002 -0.77799 0.700862
-0.487699 0.0165484 -0.872855 7.03714 0.236 0.965094 -0.113565 -3.466 0.840508 -0.261379 -0.474581 0.481119
-0.245302 -0.148761 -0.957965 7.61916 0.125114 0.975035 -0.183449 -3.49598 0.96134 -0.164855 -0.220565 0.236021
-0.0326413 0.0387288 -0.998716 8.5958 0.107269 0.993613 0.035025 -3.51814 0.993694 -0.105988 -0.0365872 0.293274
0.203691 0.240953 -0.948921 9.25333 0.22055 0.933034 0.284261 -3.53847 0.95387 -0.267186 0.136908 0.307833
0.496952 0.231071 -0.836448 9.15621 0.0513177 0.954384 0.29414 -3.512 0.86626 -0.189098 0.462424 0.253805
0.759072 0.133821 -0.637105 8.81184 -0.00376141 0.97953 0.201264 -3.51716 0.650996 -0.150378 0.744037 0.268704
0.875968 0.122828 -0.466469 8.73572 -0.0283926 0.97849 0.204333 -3.52194 0.481533 -0.165744 0.860613 0.203422
0.822263 0.120723 -0.556156 8.75945 0.00248203 0.976472 0.21563 -3.5253 0.569102 -0.178685 0.802617 0.228466
0.962039 0.107569 -0.250818 8.68922 -0.0594281 0.979562 0.192164 -3.5311 0.266362 -0.169963 0.948769 0.217042
0.837401 -0.0379817 -0.545268 8.88763 0.101391 0.991063 0.0866787 -3.5513 0.537102 -0.12787 0.833769 0.161786
0.46539 0.0332163 -0.884482 9.25924 0.104401 0.99026 0.0921216 -3.5389 0.878927 -0.135213 0.457389 0.114489
0.137728 0.0751744 -0.987613 9.45324 0.127998 0.987404 0.0930085 -3.50601 0.982165 -0.139223 0.126371 -0.0597222
-0.463016 0.306174 -0.83179 9.53622 0.361795 0.92199 0.137983 -3.52946 0.809148 -0.237049 -0.537668 -0.109524
-0.698806 0.302949 -0.64799 9.69567 0.337366 0.93839 0.074894 -3.53446 0.630756 -0.166273 -0.757957 -0.0481901
-0.706037 0.290445 -0.645874 10.0483 0.321625 0.944053 0.0729494 -3.63513 0.630927 -0.156224 -0.759951 0.103365
-0.47764 0.273244 -0.834983 10.3299 0.232395 0.955847 0.179859 -3.6609 0.847262 -0.108138 -0.520051 -0.0851814
-0.117008 0.341925 -0.932414 10.5481 0.0433564 0.939727 0.339165 -3.62167 0.992184 -0.000741057 -0.12478 -0.14117
0.295226 0.302641 -0.906228 10.778 -0.0973645 0.953098 0.286575 -3.61597 0.950453 0.0036302 0.310846 -0.154244
0.426266 0.139653 -0.893753 11.5618 -0.0756627 0.990053 0.118614 -3.71456 0.901428 0.0170627 0.432592 -0.151379
0.124763 0.0541715 -0.990707 12.0894 -0.0118553 0.998519 0.0531057 -3.81307 0.992116 0.00511948 0.125221 0.215445
0.432004 0.315473 -0.844896 12.482 -0.0903463 0.947251 0.307496 -3.76985 0.897335 -0.0565062 0.437718 0.46411
0.525635 0.334525 -0.782177 12.968 -0.0469075 0.929438 0.365984 -3.80685 0.849416 -0.155684 0.504237 0.8028
0.20137 0.395312 -0.896202 13.2534 0.133568 0.895316 0.424933 -3.78817 0.970366 -0.205273 0.127489 1.09708
0.279242 0.406894 -0.869748 13.6494 0.0466363 0.898963 0.435535 -3.80291 0.959088 -0.162181 0.232052 1.47035
0.349368 0.661273 -0.663822 13.7598 -0.0303494 0.71608 0.697358 -3.66469 0.936494 -0.223488 0.270245 1.66851
0.29868 0.324225 -0.89759 13.7636 -0.091928 0.945923 0.311094 -3.96619 0.949916 -0.0104038 0.312334 1.78217
0.498408 0.459438 -0.735191 13.8559 -0.238143 0.887961 0.393463 -3.9575 0.833593 -0.0210248 0.551979 1.88079
0.443803 0.103015 -0.890184 14.0342 0.0048156 0.993082 0.117323 -4.03581 0.896111 -0.0563552 0.440237 2.12338
0.04203 0.249558 -0.967447 13.9431 0.0784686 0.964488 0.252203 -3.96867 0.99603 -0.0865143 0.020955 2.62799
-0.311191 0.0959874 -0.945487 13.9249 0.122986 0.990588 0.0600873 -4.00923 0.942356 -0.097583 -0.320067 3.3209
-0.610988 0.0167837 -0.791462 13.8174 0.0858878 0.995279 -0.0451974 -4.03295 0.786967 -0.095592 -0.609545 3.53831
-0.85647 0.0865809 -0.508883 13.3723 0.100409 0.994946 0.00028738 -3.95456 0.506336 -0.0508501 -0.860836 3.62333
-0.892523 0.0592117 -0.447097 13.2775 0.0763064 0.996878 -0.0203052 -3.92766 0.444499 -0.0522392 -0.894255 3.64016
-0.843792 0.534343 0.0499257 55.7412 0.482883 0.796524 -0.36383 -4.81454 -0.234177 -0.282889 -0.930126 -52.6521
-0.837222 0.545752 0.0348521 55.6757 0.504129 0.794927 -0.337559 -4.82865 -0.211928 -0.265042 -0.940659 -52.5087
-0.791462 0.608008 -0.0625597 55.6142 0.590136 0.7335 -0.33722 -4.78453 -0.159145 -0.303815 -0.939345 -52.357
-0.662303 0.721483 -0.202032 55.3226 0.749236 0.637821 -0.178408 -4.77903 0.000141538 -0.26953 -0.962992 -52.443
-0.768335 0.624334 -0.140953 54.8594 0.638011 0.729534 -0.24642 -4.74152 -0.0510185 -0.279263 -0.958858 -52.0648
-0.735337 0.642404 -0.215862 54.8489 0.67017 0.736647 -0.0906852 -4.74219 0.100758 -0.211349 -0.972204 -52.1145
-0.810531 0.555513 -0.185593 54.3522 0.578345 0.809159 -0.103823 -4.70662 0.092499 -0.191488 -0.977127 -51.7412
-0.856513 0.468194 -0.217209 53.9297 0.506329 0.843828 -0.177719 -4.66886 0.10008 -0.262198 -0.95981 -51.4214
-0.853236 0.460872 -0.2441 53.3971 0.487556 0.871053 -0.059631 -4.65089 0.185142 -0.169892 -0.967915 -51.2021
-0.871084 0.403848 -0.2795 52.8514 0.434724 0.898811 -0.0561651 -4.66538 0.228535 -0.17043 -0.958502 -50.9088
-0.842617 0.382734 -0.378828 52.3835 0.437386 0.896787 -0.066834 -4.60357 0.314148 -0.22201 -0.923051 -50.5049
-0.641278 0.619508 -0.452738 51.976 0.641144 0.756773 0.127393 -4.5103 0.421541 -0.208576 -0.882496 -49.9778
-0.659171 0.625317 -0.4177 51.6413 0.663295 0.745186 0.0688354 -4.42222 0.354308 -0.231684 -0.905974 -49.2313
-0.563797 0.627837 -0.536613 51.5557 0.670974 0.727033 0.145663 -4.35698 0.481588 -0.277928 -0.831161 -48.526
-0.283247 0.721418 -0.631923 51.466 0.676392 0.617391 0.401649 -4.28477 0.6799 -0.313663 -0.662836 -48.1341
-0.232594 0.75292 -0.615638 51.7347 0.752463 0.540363 0.376571 -4.25715 0.616197 -0.375657 -0.692231 -47.6827
-0.160925 0.781314 -0.603035 51.6847 0.734527 0.502912 0.455577 -4.25612 0.659222 -0.369632 -0.654827 -47.6411
-0.351928 0.689883 -0.63262 51.9549 0.653941 0.664775 0.361159 -4.11496 0.669707 -0.286594 -0.685096 -47.2677
-0.168709 0.781563 -0.60058 52.0965 0.691949 0.527843 0.492533 -3.92261 0.701957 -0.332476 -0.629854 -46.864
-0.243361 0.796993 -0.552791 52.2626 0.751434 0.515283 0.412105 -3.71795 0.613288 -0.315096 -0.724287 -46.4209
-0.300187 0.79888 -0.521227 52.4752 0.804066 0.505903 0.312314 -3.49086 0.513192 -0.325349 -0.794218 -45.9752
-0.195273 0.869392 -0.453901 52.5503 0.863718 0.371691 0.340348 -3.32862 0.464606 -0.325582 -0.823491 -45.6208
-0.419314 0.798489 -0.431963 52.7198 0.847979 0.514407 0.127739 -3.11821 0.324203 -0.312733 -0.892799 -45.0985
-0.528443 0.769531 -0.358567 52.8954 0.824286 0.566174 0.000279045 -2.99668 0.203226 -0.295414 -0.933504 -44.7907
0.182362 0.343364 -0.921328 2.39914 0.184411 0.908467 0.375073 -3.07557 0.965783 -0.238302 0.10235 2.03239
0.114851 0.312078 -0.943089 2.58687 0.233531 0.914282 0.330985 -3.10449 0.965543 -0.258255 0.0321268 1.76229
0.489684 0.274161 -0.827674 2.82144 0.0673163 0.934556 0.349391 -3.17194 0.869297 -0.226807 0.439182 1.52023
0.644835 0.256764 -0.719903 3.14966 -0.063488 0.956623 0.284326 -3.21897 0.761681 -0.137638 0.633166 1.41032
0.695433 0.332136 -0.637227 3.44161 -0.0504806 0.907163 0.417741 -3.20915 0.716816 -0.258343 0.647637 1.1061
0.894174 0.272516 -0.35523 3.73982 -0.198377 0.952439 0.231316 -3.29583 0.401372 -0.136367 0.905707 0.913889
0.991834 0.119623 -0.0442303 3.76821 -0.116073 0.990357 0.0756286 -3.36771 0.0528507 -0.069877 0.996155 0.673877
0.971503 0.000914969 0.237025 3.81021 -0.00855522 0.999476 0.0312074 -3.42303 -0.236872 -0.0323459 0.971002 0.207909
0.866663 0.118047 0.484727 3.99697 -0.123987 0.992084 -0.0199231 -3.41117 -0.483241 -0.0428333 0.874439 0.0490491
0.810928 0.366492 0.456157 3.89812 -0.432417 0.90054 0.0452005 -3.25495 -0.394222 -0.233905 0.88875 -0.170524
0.751759 0.435824 0.49489 3.85845 -0.487717 0.872566 -0.02756 -3.26247 -0.443836 -0.220648 0.868518 -0.548325
0.90193 0.352717 0.249224 3.73476 -0.388838 0.914328 0.113174 -3.26912 -0.187954 -0.198983 0.96181 -0.906217
0.963569 0.232808 0.131663 3.86377 -0.247211 0.963125 0.106191 -3.36236 -0.102086 -0.134871 0.98559 -1.45123
0.983366 0.162116 -0.0819146 3.87759 -0.151144 0.980455 0.125954 -3.39374 0.100733 -0.111478 0.988648 -1.82936
0.96284 0.131132 -0.236102 4.16393 -0.108596 0.988407 0.106103 -3.44538 0.247278 -0.0765208 0.965918 -2.14056
0.822334 0.0770394 -0.563765 4.29224 0.00426805 0.989929 0.141501 -3.45568 0.568989 -0.118767 0.813724 -2.36879
0.572826 0.262614 -0.776469 4.56909 -0.0825429 0.960953 0.264115 -3.45043 0.81551 -0.0872001 0.572136 -2.29211
0.356234 0.333783 -0.872746 4.69754 0.130339 0.907139 0.400137 -3.40956 0.925262 -0.256296 0.279649 -2.44297
0.168978 0.193259 -0.966487 4.88375 0.446127 0.859389 0.249843 -3.41297 0.878872 -0.473394 0.0589998 -2.54725
0.410805 0.391716 -0.823284 5.0901 0.249632 0.820165 0.514794 -3.36596 0.876883 -0.416998 0.239143 -2.476
0.206102 0.400989 -0.892597 5.41398 0.360291 0.817002 0.45022 -3.36374 0.909787 -0.414386 0.0239133 -2.72267
0.254 0.321634 -0.91216 5.79632 0.186394 0.909133 0.37247 -3.42023 0.949074 -0.264628 0.170969 -2.93274
0.219045 0.274763 -0.936229 6.15635 0.172673 0.93347 0.314353 -3.46468 0.960314 -0.230519 0.157028 -3.24557
-0.0881611 0.25286 -0.963478 6.51515 0.256957 0.940281 0.22326 -3.49174 0.962393 -0.227889 -0.14787 -3.23004
0.0075453 0.301873 -0.953318 6.92844 0.187779 0.935958 0.297862 -3.51705 0.982182 -0.181261 -0.0496234 -3.37289
0.103447 0.301353 -0.947885 7.29699 0.19655 0.928011 0.316485 -3.52349 0.975021 -0.219046 0.0367688 -3.49232
0.397186 0.39482 -0.828469 7.6093 0.0411516 0.894159 0.445854 -3.48196 0.916815 -0.21118 0.3389 -3.59392
0.679932 0.336691 -0.651408 7.84921 -0.113847 0.926052 0.359814 -3.52243 0.724384 -0.170489 0.667983 -3.8085
0.856201 0.381431 -0.348469 7.9336 -0.280415 0.909585 0.306632 -3.54161 0.433921 -0.164822 0.885746 -4.07943
0.920446 0.390869 -0.00102968 8.0382 -0.379878 0.895176 0.233136 -3.51974 0.0920474 -0.214198 0.972444 -4.32592
0.887825 0.423558 0.179902 7.82479 -0.454828 0.867118 0.203071 -3.49281 -0.0699839 -0.262116 0.962495 -4.74256
0.788276 0.442153 0.427926 7.67669 -0.507852 0.860176 0.046732 -3.47275 -0.347429 -0.254161 0.902605 -5.23348
0.871897 0.382655 0.305568 7.36514 -0.423682 0.902367 0.0789103 -3.45884 -0.245539 -0.198265 0.948895 -5.6653
0.932549 0.352734 0.0770187 7.16441 -0.360977 0.90678 0.217821 -3.43544 0.00699377 -0.23093 0.972945 -5.7608
0.955597 0.235472 0.177163 6.92012 -0.257784 0.959279 0.115457 -3.48332 -0.142762 -0.156001 0.977386 -6.16481
0.963596 0.248753 0.0980031 6.65849 -0.264201 0.942128 0.20638 -3.44956 -0.0409936 -0.22476 0.973552 -6.65588
0.857391 0.335069 0.390651 6.62937 -0.372572 0.927743 0.0219682 -3.40467 -0.355063 -0.164381 0.920277 -7.0111
0.572769 0.393178 0.719268 6.46547 -0.35957 0.909046 -0.210583 -3.36842 -0.736644 -0.138012 0.662048 -7.27273
0.293149 0.328389 0.8979 6.43951 -0.239261 0.934475 -0.26365 -3.39305 -0.925645 -0.137544 0.352511 -7.33796
-0.0399036 0.141753 0.989097 6.36448 0.000956842 0.989891 -0.141828 -3.49167 -0.999203 -0.00471304 -0.0396359 -7.31941
-0.131032 -0.0461577 0.990303 6.23321 -0.0400334 0.998347 0.0412356 -3.55221 -0.99057 -0.0342421 -0.132663 -7.14648
-0.0732464 -0.085241 0.993664 6.19134 -0.0462524 0.995559 0.0819941 -3.56048 -0.996241 -0.0399536 -0.0768637 -7.05783
-0.474871 -0.0575269 0.878173 6.2117 -0.0464458 0.998109 0.0402681 -3.51494 -0.878829 -0.0216653 -0.476644 -7.22578
-0.796535 -0.0182843 0.604316 6.33949 -0.036018 0.999202 -0.0172423 -3.49664 -0.603519 -0.0355003 -0.796558 -7.29032
-0.95578 0.0633128 0.287188 6.45513 0.0498626 0.9973 -0.0539166 -3.45601 -0.289826 -0.0372124 -0.956356 -7.31359
-0.985731 0.127389 -0.11003 6.58223 0.135702 0.988154 -0.0716688 -3.43815 0.0995969 -0.0855774 -0.991341 -7.52995
-0.849059 0.229669 -0.475763 6.68336 0.259747 0.965673 0.00261688 -3.39631 0.460033 -0.121356 -0.879569 -7.73266
-0.61745 0.26169 -0.741804 6.77964 0.304186 0.949109 0.0816294 -3.36959 0.725415 -0.175244 -0.66563 -7.91344
-0.269898 0.312746 -0.910684 6.90861 0.250655 0.935996 0.247152 -3.34678 0.929692 -0.161562 -0.331015 -8.03447
0.0554363 0.338536 -0.939319 6.98985 0.151246 0.927062 0.343045 -3.34458 0.986941 -0.161085 0.000190768 -8.09658
0.376732 0.329889 -0.86559 7.04089 0.00233149 0.934097 0.357013 -3.35265 0.92632 -0.136516 0.351135 -8.09533
0.620429 0.320175 -0.71593 7.07941 -0.0988473 0.937515 0.333609 -3.34937 0.778008 -0.136213 0.61331 -8.20773
0.730205 0.301926 -0.612896 7.28709 -0.145686 0.945235 0.292074 -3.36888 0.667515 -0.123984 0.734202 -8.42381
0.756083 0.339324 -0.55964 7.56776 -0.160668 0.925164 0.343885 -3.34837 0.634448 -0.17009 0.75402 -8.45972
0.645226 0.329864 -0.689111 7.81121 -0.104051 0.931524 0.348477 -3.36293 0.756873 -0.153143 0.635366 -8.59304
0.543423 0.317281 -0.77719 8.21122 -0.0187393 0.930177 0.366634 -3.38501 0.83925 -0.184673 0.511425 -8.49965
0.448298 0.28678 -0.846632 8.55692 0.0647254 0.934238 0.350728 -3.39477 0.891537 -0.212029 0.400255 -8.55243
0.413728 0.332039 -0.847691 8.95338 -0.0107578 0.932836 0.36014 -3.43257 0.910337 -0.139881 0.389513 -8.2704
0.462439 0.354389 -0.812747 9.29322 -0.0262599 0.921721 0.386964 -3.44536 0.886262 -0.157605 0.435546 -8.22843
0.660213 0.20204 -0.723394 9.41539 -0.0674922 0.975203 0.210771 -3.58055 0.74804 -0.0903305 0.657478 -7.95589
0.82449 0.170423 -0.539604 9.66655 -0.108956 0.983539 0.14415 -3.59106 0.555288 -0.0600574 0.829487 -7.67504
0.842079 0.357027 -0.404269 9.70599 -0.254415 0.923852 0.285956 -3.49983 0.475579 -0.137945 0.86879 -7.51164
0.890823 0.341055 -0.300192 9.9914 -0.271149 0.929217 0.251066 -3.48353 0.364571 -0.142259 0.920245 -7.68195
0.915599 0.402068 0.00439327 10.2014 -0.396347 0.900621 0.1783 -3.47816 0.0677322 -0.164993 0.983966 -7.49309
0.865962 0.46449 -0.18536 10.4486 -0.371458 0.845553 0.383484 -3.42113 0.334856 -0.263229 0.904755 -7.53979
0.802644 0.447213 -0.39467 10.5952 -0.278065 0.865942 0.415721 -3.46923 0.527677 -0.223932 0.819397 -7.11279
0.814755 0.332122 -0.475258 10.8818 -0.187986 0.926721 0.325345 -3.5222 0.548486 -0.175735 0.817484 -6.91304
0.668603 0.489539 -0.559751 10.9666 -0.202137 0.844041 0.496725 -3.48018 0.715619 -0.218965 0.663282 -6.42802
0.436427 0.511697 -0.740066 10.9575 0.0377507 0.811395 0.583278 -3.44707 0.898947 -0.282496 0.334798 -6.39065
0.149084 0.410849 -0.899432 10.9011 0.189828 0.880787 0.433797 -3.4611 0.970432 -0.23541 0.0533208 -6.60098
-0.166954 0.416597 -0.893629 10.7356 0.251923 0.89429 0.369838 -3.47614 0.953237 -0.16338 -0.254256 -6.6519
-0.483252 0.352446 -0.801404 10.8353 0.360162 0.914373 0.184948 -3.48474 0.797966 -0.199259 -0.568811 -6.68318
-0.773453 0.326801 -0.543113 10.7401 0.408234 0.912301 -0.0324236 -3.47736 0.484886 -0.246795 -0.839033 -6.75054
-0.920578 0.327772 -0.212373 10.5868 0.36718 0.911646 -0.184609 -3.46256 0.133099 -0.247927 -0.959592 -6.91882
-0.940726 0.317337 0.119713 10.6699 0.278076 0.923725 -0.263451 -3.4543 -0.194184 -0.214546 -0.957216 -7.01846
-0.949898 0.0746612 0.303511 10.7404 0.0507334 0.995004 -0.0859826 -3.56026 -0.308414 -0.0662766 -0.948941 -6.75061
-0.848798 0.0275559 0.527998 10.9296 -0.0328905 0.993955 -0.104748 -3.57238 -0.527693 -0.106276 -0.842761 -6.64395
-0.975939 0.0265719 0.216419 11.0097 0.0173354 0.99886 -0.0444662 -3.5914 -0.217354 -0.0396446 -0.975287 -6.57683
-0.966289 0.138213 -0.217216 11.1159 0.144628 0.989389 -0.0138363 -3.57037 0.212999 -0.0447853 -0.976026 -6.55677
-0.669876 0.289091 -0.683881 11.4091 0.345798 0.936565 0.057189 -3.53302 0.657031 -0.198175 -0.727349 -6.51631
-0.321276 0.389955 -0.86297 11.6231 0.369774 0.890596 0.264775 -3.49132 0.871808 -0.234037 -0.430322 -6.51496
-0.00491347 0.466704 -0.8844 11.6798 0.280658 0.849507 0.446731 -3.45769 0.959795 -0.246019 -0.135158 -6.37207
0.427136 0.400848 -0.810478 11.8486 0.0257976 0.890594 0.454068 -3.50707 0.903819 -0.214857 0.370064 -6.41535
0.678823 0.575411 -0.456182 11.953 -0.241198 0.761501 0.601614 -3.46924 0.693558 -0.298359 0.655713 -6.53256
0.724748 0.655114 -0.213463 12.2023 -0.494719 0.710411 0.500569 -3.44857 0.479576 -0.257182 0.838966 -6.54856
0.855698 0.51637 0.0338194 12.4346 -0.505662 0.820488 0.266657 -3.50294 0.109945 -0.245279 0.963198 -6.73897
0.900807 0.369066 0.228773 12.6113 -0.395492 0.914856 0.0813878 -3.55835 -0.179257 -0.163793 0.970072 -7.10989
0.846486 0.292651 0.444767 12.8377 -0.321155 0.946953 -0.0118571 -3.58361 -0.424643 -0.132802 0.895568 -7.38873
0.934663 0.233276 0.268305 13.1455 -0.229924 0.972199 -0.0443124 -3.62738 -0.271183 -0.0202727 0.962314 -7.86539
0.930833 0.343673 0.124253 13.4371 -0.359851 0.921239 0.147736 -3.5652 -0.0636938 -0.18223 0.981191 -8.08942
0.896343 0.431704 -0.100997 13.674 -0.39852 0.884334 0.243177 -3.56912 0.194296 -0.177721 0.964709 -8.30386
0.824722 0.429953 -0.367388 13.8211 -0.265345 0.867864 0.420006 -3.57205 0.499425 -0.248904 0.829832 -8.34423
0.688875 0.427412 -0.585465 13.8399 -0.0797539 0.847459 0.524836 -3.56384 0.720479 -0.314854 0.617881 -8.46269
0.401112 0.419744 -0.814201 13.9677 0.128321 0.854326 0.503647 -3.56788 0.906997 -0.306498 0.288818 -8.47272
0.0532726 0.474565 -0.878607 14.1112 0.248827 0.845794 0.471929 -3.58783 0.967082 -0.243762 -0.0730272 -8.42953
-0.17846 0.431092 -0.884484 14.2612 0.323939 0.874543 0.360886 -3.59989 0.929094 -0.222115 -0.295718 -8.71325
0.211866 0.452591 -0.866184 14.4952 0.108542 0.869924 0.481094 -3.60992 0.971252 -0.195945 0.135182 -8.8404
0.395829 0.46216 -0.793554 14.8124 0.00239481 0.86361 0.504155 -3.6059 0.918321 -0.20146 0.340735 -9.12211
0.675701 0.498906 -0.542698 14.9429 -0.275572 0.853761 0.44176 -3.60814 0.683732 -0.148945 0.714371 -9.34413
0.843756 0.481391 -0.237357 15.0493 -0.413426 0.864933 0.284554 -3.61099 0.342279 -0.141964 0.928812 -9.40855
0.844922 0.530149 0.0710535 15.2184 -0.534794 0.834787 0.130864 -3.60606 0.0100626 -0.148569 0.988851 -9.41563
0.853325 0.291267 0.432434 15.2885 -0.32793 0.94464 0.0108434 -3.66388 -0.405336 -0.151061 0.9016 -9.78007
0.818251 0.0295166 0.574102 15.3983 -0.0369831 0.999315 0.00133269 -3.79836 -0.57367 -0.0223226 0.818783 -9.87334
0.894307 -0.0316244 0.446336 15.5019 0.0416868 0.999049 -0.0127402 -3.86004 -0.445509 0.03 0.894775 -10.2222
0.954481 0.227051 0.193427 15.9792 -0.225114 0.973799 -0.0322367 -3.73922 -0.195679 -0.012774 0.980585 -10.1703
0.930209 0.333219 -0.153872 16.0925 -0.302371 0.933376 0.193342 -3.66727 0.208046 -0.133322 0.96899 -10.2039
0.799516 0.347695 -0.489778 16.2872 -0.222151 0.928773 0.296698 -3.68209 0.558053 -0.128411 0.81981 -10.1693
0.586465 0.395902 -0.706626 16.3954 -0.0765502 0.895592 0.438241 -3.65907 0.806349 -0.202921 0.55554 -10.2183
0.548924 0.253939 -0.796365 16.6231 -0.0338611 0.958709 0.282366 -3.73959 0.835186 -0.128031 0.534857 -10.5392
0.43917 0.420107 -0.794128 16.7902 -0.0554297 0.894919 0.442773 -3.7118 0.896693 -0.150434 0.416308 -10.8951
0.638807 0.306581 -0.705644 17.0688 -0.112966 0.94461 0.308139 -3.75998 0.761029 -0.117128 0.638057 -11.0827
0.812927 0.387324 -0.434891 17.2096 -0.272557 0.912973 0.303633 -3.80656 0.514648 -0.128299 0.847748 -11.3929
0.897866 0.424204 -0.117844 17.256 -0.380511 0.882327 0.276966 -3.80894 0.221466 -0.203837 0.953626 -11.4645
0.882473 0.405294 0.238699 17.3466 -0.457807 0.856569 0.238123 -3.81048 -0.107952 -0.319415 0.941446 -11.4798
0.749437 0.435835 0.498389 17.3271 -0.553372 0.825623 0.11012 -3.79323 -0.363487 -0.358323 0.859931 -11.6319
0.805886 0.28902 0.516736 17.2846 -0.411631 0.900823 0.138121 -3.81929 -0.425568 -0.324014 0.84493 -11.938
0.940863 0.276645 0.195563 17.6725 -0.319503 0.916526 0.24062 -3.82293 -0.112672 -0.288873 0.950714 -12.1084
0.968523 0.14134 -0.204904 17.9405 -0.0935173 0.969466 0.226693 -3.89256 0.230688 -0.200396 0.952168 -12.362
0.912543 0.159421 -0.37663 18.2214 -0.0867976 0.975413 0.202571 -3.88289 0.399664 -0.152164 0.903944 -12.4683
0.732499 0.303643 -0.6093 18.3926 -0.120409 0.938694 0.32304 -3.81705 0.670035 -0.163261 0.724154 -12.6227
0.862164 0.399963 -0.310971 18.6957 -0.313738 0.903446 0.292153 -3.78681 0.397796 -0.15432 0.904402 -12.7253
0.929265 0.355384 0.100835 18.8303 -0.368577 0.910304 0.18841 -3.77997 -0.0248325 -0.212249 0.9769 -12.9794
0.822062 0.363546 0.438233 18.9531 -0.425513 0.903648 0.0485595 -3.75684 -0.378355 -0.226393 0.897549 -13.1179
0.787754 0.334612 0.517183 19.1129 -0.405543 0.91369 0.0265607 -3.76645 -0.463657 -0.230663 0.855463 -13.2578
0.636767 0.403866 0.656825 19.2548 -0.456979 0.883793 -0.1004 -3.73179 -0.621046 -0.236224 0.747329 -13.3755
0.504923 0.393623 0.768189 19.3876 -0.411913 0.891974 -0.186305 -3.75391 -0.758539 -0.222357 0.612516 -13.4494
0.601696 0.267187 0.752711 19.4707 -0.303392 0.948212 -0.09406 -3.81559 -0.738861 -0.171771 0.651597 -13.7542
0.345673 0.229458 0.909868 19.6581 -0.253315 0.95646 -0.14497 -3.85291 -0.903517 -0.180371 0.388747 -13.8595
0.460602 0.211332 0.862082 19.7639 -0.217801 0.968459 -0.12104 -3.86448 -0.86047 -0.132011 0.492102 -14.1377
0.556075 0.381331 0.73849 20.1086 -0.398445 0.902085 -0.165781 -3.79123 -0.729398 -0.202061 0.653567 -14.249
0.604177 0.481431 0.634976 20.0896 -0.54155 0.832626 -0.116005 -3.75053 -0.584546 -0.273784 0.763772 -14.4425
0.500094 0.448395 0.740843 20.3271 -0.497779 0.848889 -0.177773 -3.74822 -0.708606 -0.279872 0.647726 -14.5858
0.745759 0.384719 0.543907 20.6163 -0.482762 0.874683 0.0432384 -3.77373 -0.459112 -0.294823 0.838031 -14.8432
0.816469 0.333672 0.471212 20.8834 -0.3934 0.918845 0.0309973 -3.77809 -0.422627 -0.210683 0.881475 -15.1273
0.948792 0.259733 0.179811 21.241 -0.28945 0.942778 0.165492 -3.80664 -0.126538 -0.209064 0.969681 -15.3476
0.980782 0.132668 -0.143059 21.4581 -0.0994182 0.97073 0.21863 -3.80282 0.167877 -0.200206 0.965264 -15.5932
0.952885 0.139065 -0.269574 21.8201 -0.0776846 0.970957 0.226289 -3.80742 0.293214 -0.194686 0.936014 -15.8627
0.77846 0.246405 -0.577309 22.0611 -0.0352343 0.935432 0.351747 -3.74885 0.626705 -0.25348 0.736878 -16.0339
0.881332 0.288285 -0.37436 22.3396 -0.193625 0.943076 0.270401 -3.74981 0.431002 -0.165828 0.886983 -16.1077
0.926051 0.257667 -0.27575 22.6251 -0.175542 0.940892 0.289667 -3.82407 0.334088 -0.219841 0.916545 -16.422
0.954413 0.294054 0.0512648 22.7966 -0.29822 0.932096 0.205576 -3.77787 0.0126665 -0.211492 0.977298 -16.5323
0.863908 0.383602 0.326361 22.9041 -0.459382 0.865805 0.198368 -3.74539 -0.206471 -0.321297 0.924196 -16.8183
0.883719 0.439192 0.161715 23.3494 -0.467091 0.849389 0.245691 -3.7294 -0.0294533 -0.292657 0.955764 -17.1563
0.942535 0.279859 -0.1825 23.4676 -0.199412 0.909484 0.364792 -3.77039 0.268071 -0.307436 0.913028 -17.4368
0.961565 0.160586 -0.22272 23.609 -0.0765699 0.935789 0.344144 -3.83226 0.263683 -0.313863 0.912119 -17.6436
0.92802 0.304555 -0.214534 23.8185 -0.229315 0.920866 0.31531 -3.85516 0.293587 -0.243418 0.924421 -17.8033
0.837221 0.372801 -0.400102 24.0402 -0.213576 0.896423 0.388344 -3.84166 0.503435 -0.239677 0.830125 -18.155
0.729872 0.499184 -0.467014 24.512 -0.301312 0.848167 0.435688 -3.83697 0.613594 -0.17728 0.769463 -18.3838
0.711142 0.598467 -0.368935 24.8461 -0.400214 0.776045 0.487425 -3.84757 0.578019 -0.198976 0.791393 -18.5967
0.824229 0.409157 -0.391455 25.261 -0.230883 0.87406 0.427448 -3.89216 0.517048 -0.261935 0.814893 -18.9721
0.883319 0.368377 -0.289907 25.6557 -0.301237 0.919905 0.25106 -3.97622 0.359172 -0.134435 0.923538 -19.317
0.884573 0.355967 -0.30136 25.9343 -0.296277 0.927888 0.226371 -4.03168 0.360209 -0.110956 0.92625 -19.7093
0.768163 0.409198 -0.492426 26.4116 -0.271538 0.904729 0.328227 -4.02746 0.579821 -0.118419 0.806092 -19.9984
0.532383 0.40894 -0.741172 26.5411 -0.0999643 0.899814 0.424666 -4.02196 0.84058 -0.151995 0.519926 -20.1851
0.232356 0.473693 -0.849486 26.8819 -0.0141681 0.874945 0.484014 -3.99628 0.972528 -0.100428 0.21001 -20.3763
-0.00421795 0.43145 -0.902127 27.1585 0.221481 0.880133 0.419896 -3.95382 0.975155 -0.198033 -0.0992706 -20.617
0.305652 0.412221 -0.858284 27.523 -0.0467617 0.906834 0.418886 -3.97981 0.950994 -0.0878984 0.296452 -20.7367
0.561273 0.402134 -0.723368 27.8389 -0.0780852 0.895854 0.437434 -3.95775 0.823939 -0.189036 0.534219 -20.9358
0.821272 0.367694 -0.43625 28.0847 -0.204263 0.90344 0.376926 -3.95222 0.532719 -0.220449 0.817076 -21.3742
0.936541 0.333334 -0.108533 28.2843 -0.294814 0.91643 0.270629 -3.93032 0.189673 -0.221458 0.956546 -21.7038
0.940648 0.33868 0.0218489 28.5723 -0.335551 0.918445 0.209439 -3.93138 0.0508659 -0.20434 0.977578 -22.0279
0.899401 0.434254 0.0500086 28.9175 -0.431691 0.864411 0.257753 -3.93938 0.0687023 -0.253412 0.964916 -22.3219
0.847113 0.520317 0.108026 29.2668 -0.530956 0.820283 0.212656 -3.89722 0.0220367 -0.237501 0.971137 -22.5028
0.8756 0.41844 -0.241316 29.5415 -0.30326 0.865056 0.399639 -3.92339 0.375977 -0.276742 0.884339 -22.7908
0.838504 0.387535 -0.38305 29.8774 -0.253826 0.899846 0.354752 -3.95746 0.482165 -0.200233 0.852891 -23.0607
0.699939 0.404401 -0.588681 30.2101 -0.118064 0.878425 0.463066 -3.96224 0.704376 -0.254616 0.662589 -23.4713
0.779891 0.431159 -0.453731 30.5342 -0.2517 0.879747 0.40335 -3.96151 0.573077 -0.200365 0.79463 -23.7986
0.787938 0.334712 -0.516839 30.8006 -0.142366 0.915642 0.37594 -4.0398 0.599071 -0.222637 0.769121 -24.3647
0.621783 0.399862 -0.673422 31.2116 -0.0706299 0.88497 0.460261 -4.02578 0.779999 -0.238618 0.578501 -24.773
0.500756 0.412902 -0.76076 31.5975 -0.0423753 0.889533 0.454901 -4.02349 0.864551 -0.195557 0.462936 -25.107
0.196503 0.346285 -0.917319 31.9355 0.121369 0.919774 0.373211 -4.05341 0.972963 -0.184671 0.13871 -25.3192
0.506263 0.39779 -0.765154 32.2833 -0.112328 0.910118 0.398833 -4.05908 0.855032 -0.115966 0.505442 -25.5552
0.746624 0.447996 -0.491785 32.4526 -0.281873 0.882654 0.376124 -4.03336 0.602578 -0.142202 0.785289 -25.6811
0.849168 0.497302 -0.177775 32.8052 -0.425301 0.843499 0.328068 -4.01072 0.313102 -0.202978 0.927775 -26.0711
0.847073 0.508711 0.153882 32.9658 -0.524068 0.847663 0.0825857 -3.99654 -0.0884277 -0.150601 0.984632 -26.1936
0.783075 0.44267 0.436849 32.8592 -0.472001 0.880395 -0.0460404 -4.01047 -0.404981 -0.17014 0.898356 -26.5446
0.685128 0.357872 0.63445 32.7242 -0.36588 0.922218 -0.125087 -4.02548 -0.629866 -0.146432 0.762776 -26.8453
0.907941 0.186077 0.375524 32.4504 -0.219081 0.974585 0.0467742 -4.0798 -0.357276 -0.124739 0.925632 -27.1323
0.972767 0.21017 0.097735 32.3468 -0.216139 0.974812 0.0550078 -4.06846 -0.0837122 -0.0746342 0.993691 -27.4437
0.898815 0.237881 -0.368163 32.3386 -0.172159 0.964014 0.202578 -4.04264 0.403104 -0.118697 0.907424 -27.5602
0.690651 0.243486 -0.680967 32.4154 -0.0569811 0.957012 0.284396 -4.03416 0.72094 -0.157616 0.674835 -27.5929
0.340046 0.24535 -0.907839 32.59 0.087438 0.952936 0.290289 -4.01386 0.936335 -0.178091 0.30259 -27.6742
-0.0335676 0.340907 -0.939497 32.6709 0.263701 0.909737 0.320687 -3.96565 0.96402 -0.236981 -0.120435 -27.7655
0.0669571 0.510334 -0.857366 32.9797 0.184004 0.83824 0.513319 -3.87936 0.980642 -0.192129 -0.0377774 -27.7508
0.234993 0.679279 -0.69524 33.1952 -0.00284203 0.715746 0.698355 -3.81092 0.971993 -0.162132 0.170126 -27.7456
0.394073 0.755156 -0.523875 33.2207 -0.189911 0.624604 0.757498 -3.78311 0.899244 -0.19902 0.389552 -27.8363
0.611506 0.615093 -0.497715 33.4141 -0.286377 0.75844 0.585455 -3.84124 0.737596 -0.215475 0.639939 -28.0503
0.770008 0.546862 -0.328679 33.5969 -0.418859 0.821857 0.386145 -3.85864 0.481296 -0.159664 0.861894 -28.0787
0.843575 0.511836 -0.162498 33.722 -0.443008 0.834311 0.328128 -3.83914 0.303522 -0.204813 0.930552 -28.3389
0.955363 0.294775 0.0197284 33.8796 -0.294426 0.944461 0.145969 -3.94841 0.0243954 -0.145262 0.989092 -28.3538
0.994642 0.0886429 0.0532014 33.8482 -0.0952943 0.98565 0.139334 -4.05917 -0.0400869 -0.143657 0.988815 -28.461
0.999061 0.0209683 -0.0379026 33.9322 -0.0162198 0.992457 0.121512 -4.09025 0.0401646 -0.120783 0.991866 -28.6572
0.924889 0.123791 0.359521 33.8922 -0.145757 0.988718 0.034531 -4.0229 -0.35119 -0.0843402 0.932498 -28.7256
0.787902 0.238182 0.567874 33.7932 -0.276455 0.960831 -0.0194291 -3.95508 -0.550258 -0.141683 0.822886 -28.8008
0.776505 0.261123 0.573458 33.7007 -0.280643 0.958161 -0.0562853 -3.95222 -0.564162 -0.117231 0.817299 -28.9942
0.573946 0.505005 0.644637 33.6577 -0.529465 0.829377 -0.178327 -3.82024 -0.624703 -0.238962 0.7434 -29.2231
0.695093 0.368064 0.617555 33.4381 -0.390154 0.91463 -0.105981 -3.88459 -0.603843 -0.167275 0.779354 -29.524
0.877149 0.223799 0.424881 33.2996 -0.276366 0.958818 0.065503 -3.91217 -0.392724 -0.174878 0.902876 -29.8279
0.857376 0.110487 0.502691 32.9567 -0.165677 0.983948 0.0663099 -3.97648 -0.487295 -0.140137 0.861919 -29.9743
0.721309 -0.0869774 0.687131 32.8926 0.0537729 0.996122 0.0696421 -4.03122 -0.690523 -0.0132845 0.723188 -30.2438
0.842799 -0.233718 0.484836 33.0116 0.217704 0.971852 0.090048 -4.10141 -0.492235 0.0296583 0.869957 -30.3538
0.798499 -0.141374 0.585161 33.0057 0.120534 0.989896 0.0746784 -4.06146 -0.589806 0.0109012 0.807471 -30.3702
0.557474 -0.0526326 0.828524 32.7542 0.0379365 0.998561 0.0379086 -4.04001 -0.829327 0.0102982 0.558669 -30.3796
0.230312 0.042633 0.972182 32.7372 -0.0270126 0.998935 -0.0374069 -4.00908 -0.972742 -0.0176459 0.231219 -30.5039
-0.2015 0.0159906 0.979358 32.6569 0.0304966 0.999484 -0.0100446 -4.05237 -0.979014 0.0278431 -0.201884 -30.4911
-0.551142 0.0535215 0.832693 32.6103 0.0340426 0.998552 -0.0416501 -4.03323 -0.833716 0.00539189 -0.552166 -30.2778
-0.783605 0.281227 0.553963 32.6967 0.17727 0.955821 -0.23448 -3.97332 -0.595431 -0.0855391 -0.798839 -30.0942
-0.858648 0.413864 0.302392 32.5681 0.363681 0.907647 -0.209555 -3.9441 -0.361192 -0.0699595 -0.929864 -30.1126
-0.791041 0.516274 0.328199 32.7288 0.404615 0.843907 -0.352289 -3.93004 -0.458847 -0.145881 -0.876458 -29.9359
-0.723271 0.217177 0.655526 32.6541 0.152994 0.976065 -0.154567 -4.07259 -0.673404 -0.0115021 -0.739186 -29.6424
-0.514721 0.0403776 0.856406 32.8103 0.0305348 0.99912 -0.028754 -4.14341 -0.856814 0.0113499 -0.515501 -29.4372
-0.323742 0.127392 0.93753 33.2646 0.0333849 0.991815 -0.12324 -4.09318 -0.945556 -0.00859866 -0.325346 -29.2294
-0.527695 0.187946 0.82838 33.2837 0.00603036 0.976019 -0.217602 -4.11043 -0.849412 -0.109832 -0.516174 -28.6304
-0.713483 0.31523 0.625757 32.9599 0.173883 0.944803 -0.277691 -4.11282 -0.678753 -0.0893194 -0.728914 -28.387
-0.643375 0.506304 0.574216 32.5277 0.272497 0.852401 -0.446272 -4.10162 -0.715412 -0.130648 -0.68638 -28.1019
-0.528325 0.348565 0.774193 32.0142 0.0574112 0.924422 -0.377025 -4.15887 -0.847099 -0.154744 -0.508407 -27.8559
-0.379126 0.37473 0.846074 31.5675 0.084991 0.92457 -0.371412 -4.19354 -0.921434 -0.068903 -0.382377 -27.877
-0.0535115 0.257888 0.964692 31.4186 -0.0719323 0.962571 -0.261311 -4.23599 -0.995973 -0.0833756 -0.0329581 -27.7411
0.339321 0.144329 0.929532 31.3984 -0.139939 0.984909 -0.101843 -4.26388 -0.930203 -0.0955202 0.354397 -27.7084
0.623869 0.130057 0.770631 31.356 -0.120073 0.9903 -0.0699235 -4.29681 -0.77225 -0.048909 0.633433 -27.4537
0.736199 0.173583 0.654125 31.0321 -0.222389 0.974922 -0.00841875 -4.27126 -0.639182 -0.139273 0.756339 -27.497
0.743806 0.370472 0.55633 30.6532 -0.401054 0.913226 -0.0719324 -4.1982 -0.534704 -0.169614 0.827842 -27.7607
0.529147 0.535896 0.657889 30.21 -0.457011 0.833257 -0.311167 -4.12519 -0.714944 -0.136009 0.685826 -28.1125
0.613656 0.466933 0.63671 29.7579 -0.471805 0.863448 -0.17849 -4.12244 -0.633109 -0.190871 0.750161 -28.5601
0.323553 0.48452 0.812745 29.3742 -0.382188 0.852683 -0.35618 -4.05531 -0.86559 -0.195378 0.461066 -28.9958
0.261264 0.44925 0.854351 28.7431 -0.347361 0.869555 -0.35102 -4.05506 -0.9006 -0.205059 0.383236 -29.3317
0.20474 0.399692 0.893492 28.4209 -0.295013 0.895579 -0.333025 -4.02896 -0.9333 -0.195408 0.301275 -29.5468
-0.167141 0.48174 0.860227 28.3796 -0.173911 0.844414 -0.506675 -4.02546 -0.970474 -0.234289 -0.0573565 -29.5473
-0.546573 0.425472 0.721271 28.4466 0.0643686 0.880108 -0.470391 -4.0061 -0.834934 -0.210676 -0.50843 -29.6464
-0.701475 0.576019 0.419684 28.5589 0.388135 0.802645 -0.452893 -3.99595 -0.597732 -0.1548 -0.786609 -29.6541
-0.724793 0.683936 -0.0831086 28.745 0.688104 0.712562 -0.136997 -3.97969 -0.0344772 -0.156482 -0.987079 -29.6362
-0.617897 0.703185 -0.351759 28.867 0.699544 0.695905 0.162339 -3.97153 0.358945 -0.145762 -0.921907 -29.6797
-0.404554 0.744218 -0.531484 28.9033 0.67359 0.635576 0.377253 -3.94459 0.618557 -0.205383 -0.758423 -29.7546
-0.40976 0.55565 -0.723429 28.8884 0.45923 0.810892 0.362715 -4.01126 0.788165 -0.183594 -0.587442 -29.8263
-0.454064 0.441067 -0.774135 28.8112 0.367515 0.884227 0.288229 -4.04377 0.81164 -0.153631 -0.563594 -30.0164
-0.512678 0.278699 -0.812089 28.8377 0.206368 0.958122 0.198534 -4.10465 0.833411 -0.065805 -0.548723 -30.1844
-0.69411 0.348849 -0.629695 28.6319 0.343797 0.929174 0.135794 -4.03141 0.632468 -0.122231 -0.764882 -30.3127
-0.943108 0.258552 -0.20904 28.3734 0.272261 0.961425 -0.0391934 -4.06795 0.190842 -0.0938769 -0.977121 -30.4358
-0.956566 0.239818 0.165738 28.2685 0.223991 0.968517 -0.108639 -4.06012 -0.186574 -0.0667966 -0.980168 -30.6454
-0.847149 0.145863 0.510942 28.082 0.121504 0.989283 -0.0809652 -4.09724 -0.517277 -0.0065083 -0.855794 -30.9391
-0.581985 0.107979 0.805999 27.9957 0.0308106 0.993361 -0.110832 -4.0774 -0.812616 -0.0396694 -0.581448 -30.9985
-0.406584 0.133205 0.90385 27.8262 0.0656105 0.991017 -0.116538 -4.06433 -0.911254 0.0119197 -0.411672 -31.1465
-0.23449 0.249281 0.939613 27.7866 0.0146126 0.967357 -0.252995 -4.01443 -0.972009 -0.0455946 -0.230478 -31.3867
-0.404529 0.447368 0.797633 27.8068 0.13653 0.891951 -0.431025 -3.91044 -0.904277 -0.0654612 -0.421899 -31.3495
-0.587328 0.546875 0.596635 27.8422 0.288463 0.830212 -0.477008 -3.90374 -0.756198 -0.108053 -0.64536 -31.4114
-0.409612 0.385929 0.826606 27.6919 0.0821963 0.918035 -0.387885 -3.92558 -0.908549 -0.0909382 -0.40776 -31.5424
-0.0645891 0.387383 0.919653 27.6075 -0.103431 0.914015 -0.392273 -3.90912 -0.992537 -0.120457 -0.0189679 -31.6036
0.103892 0.429178 0.897225 27.7771 -0.215803 0.890343 -0.400898 -3.88757 -0.970894 -0.151974 0.185117 -31.8497
0.3613 0.452488 0.815302 27.5783 -0.335748 0.878848 -0.338969 -3.86127 -0.869906 -0.151267 0.469449 -31.8936
0.473695 0.642286 0.602562 27.7211 -0.581028 0.742085 -0.33424 -3.80594 -0.66183 -0.191777 0.724708 -31.8646
0.670736 0.453147 0.587172 27.8483 -0.421671 0.884251 -0.200735 -3.87883 -0.610169 -0.112953 0.784178 -31.9149
0.565742 0.213281 0.796522 27.8026 -0.132943 0.976925 -0.167162 -3.9954 -0.813795 -0.0113213 0.581042 -31.9602
0.501693 0.099435 0.859312 27.7904 -0.0185331 0.994379 -0.104244 -4.0621 -0.864847 0.0363727 0.500715 -31.9682
0.833437 0.0601083 0.549336 27.7942 -0.02587 0.997221 -0.0698667 -4.08008 -0.552008 0.0440182 0.832676 -32.0908
0.969704 0.135318 0.203378 27.8422 -0.133577 0.990787 -0.0223282 -4.0263 -0.204526 -0.00551494 0.978846 -32.1174
0.947347 0.290316 0.135094 28.0121 -0.294158 0.955715 0.00895369 -3.97652 -0.126512 -0.0482211 0.990792 -32.0313
0.873757 0.485472 0.0294112 28.0956 -0.48246 0.857517 0.178595 -3.89749 0.0614822 -0.170238 0.983483 -31.966
0.764563 0.633482 0.118927 27.9126 -0.643111 0.737447 0.206348 -3.81596 0.0430156 -0.23425 0.971224 -32.044
0.90738 0.40998 -0.0926176 27.8864 -0.383323 0.897576 0.217763 -3.91731 0.17241 -0.162092 0.971597 -32.0592
0.920155 0.26171 -0.291243 28.0625 -0.246494 0.965099 0.0884611 -4.02209 0.304229 -0.00960831 0.95255 -31.9983
0.92945 0.128294 -0.345925 28.2394 -0.0859151 0.987081 0.13524 -4.06296 0.358806 -0.0959786 0.928465 -32.151
0.884688 0.186266 -0.427355 28.5008 -0.154453 0.982047 0.108292 -4.06278 0.439854 -0.029798 0.897575 -32.4162
0.671888 0.193339 -0.714973 28.6064 -0.0431072 0.9739 0.222847 -4.03979 0.739397 -0.118907 0.662686 -32.6091
0.525377 0.089254 -0.846175 28.554 0.0130785 0.993518 0.112916 -4.0661 0.850769 -0.0703901 0.520805 -32.6595
0.232874 0.163451 -0.958673 28.369 -0.0063622 0.98601 0.166566 -4.04068 0.972486 -0.0326897 0.230656 -32.5672
-0.0496713 0.219871 -0.974263 28.1962 0.0931572 0.972235 0.214664 -4.01528 0.994412 -0.0800971 -0.0687748 -32.7418
-0.195149 0.338538 -0.920494 27.6998 0.181419 0.934803 0.305338 -3.93181 0.963848 -0.107409 -0.243843 -32.9215
-0.460091 0.202137 -0.864556 27.5264 0.240723 0.965667 0.0976716 -3.95381 0.854616 -0.163181 -0.492953 -33.1332
-0.685094 0.306135 -0.661006 27.0344 0.29964 0.945516 0.127342 -3.91082 0.663975 -0.110822 -0.739497 -33.1987
-0.851436 0.374264 -0.367401 26.8538 0.394721 0.918562 0.0209715 -3.87002 0.34533 -0.127165 -0.929826 -33.2086
-0.865686 0.489622 -0.104198 26.9405 0.500259 0.853702 -0.144687 -3.8148 0.0181122 -0.17738 -0.983976 -33.0634
-0.833554 0.547096 0.0766393 26.5836 0.516349 0.820886 -0.243986 -3.79612 -0.196396 -0.163803 -0.966746 -32.869
-0.811786 0.480838 0.331358 26.4017 0.337754 0.849511 -0.405281 -3.78103 -0.476367 -0.217084 -0.852026 -32.5186
-0.719233 0.349649 0.600374 25.9478 0.188349 0.929902 -0.315924 -3.80411 -0.668752 -0.114143 -0.734672 -32.3997
-0.446449 0.312889 0.838322 25.7414 -0.00149026 0.936611 -0.350367 -3.78179 -0.894808 -0.15767 -0.417683 -32.2533
-0.390865 0.284562 0.875356 25.6971 -0.0462105 0.943746 -0.327428 -3.78459 -0.919287 -0.168431 -0.355728 -32.2223
-0.378603 0.279098 0.882476 25.829 -0.0488316 0.946101 -0.320171 -3.7916 -0.92427 -0.16431 -0.344567 -32.3003
-0.313213 0.467215 0.826806 25.8418 -0.046633 0.861996 -0.504766 -3.73268 -0.948537 -0.196655 -0.2482 -32.3112
-0.645086 0.482999 0.592095 25.7197 0.267447 0.868589 -0.417164 -3.76996 -0.715777 -0.110753 -0.68949 -32.2821
-0.813496 0.477155 0.332486 25.6455 0.417473 0.87714 -0.237362 -3.76907 -0.404896 -0.0542891 -0.91275 -32.2371
-0.797931 0.602108 -0.0277754 25.6742 0.602135 0.794195 -0.0817732 -3.76077 -0.0271772 -0.0819739 -0.996264 -32.206
-0.661194 0.655571 -0.364759 25.9469 0.685549 0.725454 0.0611511 -3.77286 0.304705 -0.209627 -0.929092 -32.1028
-0.463742 0.60538 -0.646883 26.1316 0.572631 0.761944 0.302548 -3.79132 0.676045 -0.230121 -0.700005 -32.0368
-0.219904 0.604431 -0.765706 26.2285 0.429734 0.764678 0.480204 -3.80129 0.875769 -0.223451 -0.4279 -31.9426
-0.0240617 0.523887 -0.851448 26.5276 0.174858 0.840771 0.512376 -3.87909 0.9843 -0.136554 -0.111836 -31.7365
0.0666953 0.499346 -0.863832 26.9468 0.101075 0.857924 0.503736 -3.91899 0.992641 -0.120909 0.00674799 -31.5583
0.356021 0.460601 -0.813078 27.2145 -0.0695611 0.880736 0.468471 -3.94525 0.931885 -0.110227 0.345601 -31.4497
0.601232 0.372097 -0.707152 27.5843 -0.0830784 0.909276 0.407818 -3.98558 0.794744 -0.186444 0.577599 -31.5311
0.845599 0.364498 -0.390005 27.8502 -0.302568 0.929166 0.212375 -4.02355 0.43979 -0.061581 0.895987 -31.4294
0.942151 0.311993 -0.122522 27.8083 -0.308413 0.950058 0.0476624 -4.05479 0.131273 -0.0071179 0.991321 -31.3935
0.919872 0.277316 0.277367 27.6739 -0.295007 0.95521 0.0233426 -4.03184 -0.25847 -0.103298 0.96048 -31.152
0.829747 0.255695 0.496126 27.7575 -0.30199 0.953211 0.0137943 -4.0216 -0.469386 -0.161271 0.868141 -30.7247
0.745179 0.245165 0.620163 27.9516 -0.249957 0.964856 -0.0810858 -4.02964 -0.618247 -0.0945904 0.780271 -30.6858
0.632479 0.32218 0.704393 27.8349 -0.334113 0.933916 -0.127159 -3.98629 -0.698813 -0.154921 0.698327 -30.7478
0.588312 0.328545 0.738882 27.7763 -0.328331 0.932084 -0.153029 -3.98144 -0.738977 -0.152569 0.656228 -30.9113
0.64456 0.328398 0.690433 27.8649 -0.350656 0.92945 -0.114726 -3.96865 -0.679399 -0.168157 0.714241 -30.9736
0.37272 0.330035 0.86727 27.7427 -0.219904 0.939406 -0.262979 -4.00068 -0.901511 -0.0926987 0.422711 -30.9906
-0.00758603 0.34843 0.937304 27.8242 -0.122097 0.929995 -0.346701 -3.97579 -0.992489 -0.117072 0.0354873 -30.9655
-0.409568 0.288344 0.865512 28.0559 -0.0159374 0.94633 -0.32281 -3.98488 -0.91214 -0.146007 -0.382991 -30.7395
-0.618848 0.159905 0.769063 28.2953 0.0160866 0.981435 -0.191117 -4.05159 -0.785346 -0.105901 -0.609931 -30.7529
-0.862027 0.23588 0.448631 28.4872 0.162343 0.966975 -0.196478 -4.08773 -0.48016 -0.0965372 -0.871853 -30.6098
-0.974479 0.214044 0.0676474 28.4685 0.209088 0.975134 -0.0734611 -4.08093 -0.0816892 -0.057442 -0.995001 -30.5617
-0.945236 0.214161 -0.246301 28.7814 0.221251 0.975216 -0.00113945 -4.11103 0.239953 -0.0555714 -0.969193 -30.3551
-0.768052 0.353766 -0.533804 28.8638 0.329692 0.933045 0.143983 -4.05179 0.548999 -0.065404 -0.83326 -30.023
-0.535857 0.532913 -0.654875 29.1029 0.501907 0.824768 0.260477 -4.07011 0.678931 -0.189108 -0.70943 -29.8393
-0.356874 0.387835 -0.849838 29.4449 0.273544 0.913251 0.301905 -4.15711 0.893205 -0.124727 -0.432005 -29.3193
-0.333955 0.104874 -0.936737 29.9537 0.0301129 0.994471 0.100602 -4.34629 0.942108 0.00538884 -0.335267 -28.8724
-0.142635 0.158052 -0.977075 30.3785 0.111079 0.983488 0.142874 -4.34724 0.983523 -0.0881533 -0.157836 -28.3695
0.301468 0.343365 -0.889504 30.7322 -0.04961 0.937291 0.344999 -4.34956 0.952185 -0.0598778 0.299598 -28.0739
0.626193 0.376525 -0.682723 30.9312 -0.13983 0.915696 0.37676 -4.36589 0.767026 -0.140459 0.626052 -28.058
0.831947 0.354819 -0.426576 31.1112 -0.277216 0.93178 0.234388 -4.38626 0.48064 -0.076745 0.873553 -27.964
0.736906 0.25385 -0.626522 31.3907 -0.159909 0.96597 0.203302 -4.46518 0.656809 -0.0496283 0.752422 -27.7305
0.410334 0.165435 -0.896804 31.6116 -0.00383131 0.983712 0.179714 -4.4749 0.911927 -0.0703067 0.404284 -27.6386
0.126462 0.190102 -0.973585 31.8008 -0.0513419 0.981404 0.18496 -4.52794 0.990642 0.0265954 0.13387 -27.3547
0.202136 0.23693 -0.950266 32.0261 -0.0702718 0.971303 0.227227 -4.53622 0.976833 0.020846 0.212985 -27.3075
0.572467 0.169051 -0.802311 32.2292 -0.0398567 0.983095 0.178704 -4.51433 0.818958 -0.0703247 0.569527 -27.6676
0.312472 0.202283 -0.928139 32.3834 -0.0594395 0.979313 0.193425 -4.53217 0.948065 -0.00527172 0.318032 -27.4087
0.0693946 0.358069 -0.931113 32.3982 0.0261864 0.932388 0.36051 -4.49311 0.997246 -0.0494 0.0553262 -27.0898
-0.290151 0.298553 -0.909218 32.5442 0.142995 0.95295 0.26728 -4.51768 0.946237 -0.0524618 -0.319191 -26.9358
-0.673527 0.188073 -0.714836 32.563 0.161535 0.981164 0.105943 -4.56507 0.721296 -0.0441158 -0.69122 -26.7617
-0.737225 0.0939182 -0.669088 32.5173 0.0610952 0.995501 0.0724191 -4.63239 0.672879 0.0125111 -0.739647 -26.2829
-0.768039 0.137643 -0.625436 32.4705 0.112057 0.990447 0.0803655 -4.64496 0.630523 -0.00836071 -0.776125 -26.0152
-0.613309 0.22891 -0.755945 32.3499 0.1274 0.97322 0.191343 -4.61252 0.779501 0.0210452 -0.626047 -25.9489
0.442205 -0.16732 -0.881169 2.41119 0.0652536 0.985844 -0.154449 -5.52834 0.894537 0.0107987 0.446863 2.18479
0.16385 -0.162126 -0.973072 2.49606 -0.0576518 0.983143 -0.173512 -5.54311 0.984799 0.0845293 0.151742 2.24866
-0.012743 -0.117844 -0.99295 2.79247 -0.00350901 0.99303 -0.117809 -5.54296 0.999913 0.00198304 -0.0130677 2.23453
-0.202467 -0.0477424 -0.978125 3.1432 -0.00942525 0.99886 -0.0468035 -5.52646 0.979244 -0.000257105 -0.202686 2.22273
-0.259353 -0.0748665 -0.962876 3.53495 -0.00758178 0.997118 -0.0754867 -5.55805 0.965753 -0.0122774 -0.259173 2.3572
-0.199155 0.0752288 -0.977076 3.85023 0.0443618 0.996719 0.067699 -5.50969 0.978963 -0.0298623 -0.201839 2.51553
0.11186 0.191083 -0.975179 4.12794 0.0399471 0.97968 0.196547 -5.48397 0.992921 -0.0609414 0.101954 2.57602
0.129616 0.185349 -0.974087 4.55773 0.0106017 0.982059 0.188276 -5.49478 0.991508 -0.0347307 0.125326 2.44653
0.183588 0.119913 -0.975662 5.05969 0.0137534 0.992121 0.124524 -5.52543 0.982907 -0.0362797 0.180492 2.44991
