0.999995 -0.00183045 0.0024807 -3.01852e-08 0.00183002 0.999998 0.000176101 -2.88444e-05 -0.00248102 -0.00017156 0.999997 1.47575e-05
0.902547 -0.0114039 -0.43044 4.83462 0.00262111 0.999776 -0.0209917 0.228717 0.430583 0.0178178 0.902375 0.258246
0.848595 -0.0354507 -0.527854 5.59303 0.0193548 0.999165 -0.0359885 0.235043 0.528689 0.0203231 0.848572 0.65806
0.921911 -0.0718996 -0.380671 6.38454 0.0283375 0.99251 -0.118833 0.236643 0.386364 0.0987666 0.917043 1.40437
0.957167 -0.0931319 -0.27415 7.43607 0.0804286 0.995115 -0.057244 0.277004 0.278142 0.0327426 0.959982 1.80098
0.848904 -0.055353 -0.52564 8.46122 0.0375067 0.998303 -0.0445542 0.265439 0.527214 0.0181072 0.84954 2.24867
0.55787 -0.0664098 -0.827267 9.19038 0.0897715 0.995773 -0.0193991 0.310127 0.825059 -0.0634428 0.561474 3.08092
0.165048 -0.0661252 -0.984066 9.30158 0.25788 0.965934 -0.0216552 0.419934 0.951975 -0.250197 0.176477 3.3282
-0.236465 0.0245609 -0.97133 9.55857 0.298128 0.953294 -0.0484726 0.472499 0.924773 -0.301042 -0.232743 3.80276
-0.552005 0.00706795 -0.833811 9.61269 0.21712 0.966688 -0.135545 0.497687 0.805077 -0.255858 -0.535151 4.11531
-0.544308 -0.00412824 -0.838875 9.6627 0.0678098 0.996499 -0.0489026 0.423604 0.83614 -0.0835021 -0.542122 4.80477
-0.601632 0.0803698 -0.79472 10.0401 0.0383623 0.996684 0.0717527 0.309458 0.797851 0.0126815 -0.602721 4.76049
-0.865855 0.109649 -0.488132 10.1665 0.0590193 0.991261 0.117978 0.266669 0.496802 0.0733425 -0.864759 4.52567
-0.992175 0.019581 -0.123313 10.0866 0.0124015 0.998197 0.0587228 0.246681 0.12424 0.0567341 -0.990629 4.20352
-0.976672 -0.00603685 0.214651 9.66325 -0.00306049 0.999895 0.0141957 0.300528 -0.214714 0.0132076 -0.976588 3.62726
-0.820803 -0.00656049 0.571174 9.33057 0.047618 0.995668 0.0798654 0.2748 -0.569223 0.0927519 -0.816934 3.14271
-0.589333 -0.017112 0.807709 8.75815 0.00592071 0.999657 0.0254986 0.299051 -0.807868 0.0198094 -0.58903 2.34358
-0.5763 -0.050224 0.815693 8.1361 -0.0615964 0.99794 0.0179265 0.327733 -0.814913 -0.0399127 -0.578207 1.58407
-0.835423 -0.019022 0.549279 7.57028 -0.0156788 0.999819 0.0107781 0.325525 -0.549384 0.000392193 -0.83557 0.69747
-0.958637 -0.0491559 0.280356 6.94941 -0.0338021 0.997665 0.0593433 0.288174 -0.282619 0.0474121 -0.95806 -0.158998
-0.814409 -0.00496764 0.58027 6.23762 0.00173792 0.999938 0.0109996 0.257666 -0.580288 0.0099666 -0.81435 -0.795201
-0.904655 -0.0249559 0.425413 5.17295 -0.00106501 0.998413 0.056305 0.254857 -0.426143 0.0504835 -0.903246 -1.19853
-0.995473 -0.00846885 0.094669 4.48565 -0.00272638 0.998157 0.0606239 0.263303 -0.0950079 0.0600913 -0.993661 -1.68056
-0.921852 -0.0894854 -0.37707 4.56257 -0.119206 0.991279 0.0561848 0.262032 0.368754 0.0967431 -0.924479 -1.78958
-0.749703 -0.120687 -0.650676 4.71964 -0.192747 0.980423 0.0402325 0.26807 0.633083 0.155578 -0.758289 -1.81448
-0.469001 -0.0409169 -0.882249 4.92373 -0.205811 0.976489 0.0641211 0.248416 0.858883 0.21165 -0.466395 -1.82348
-0.100701 -0.0586146 -0.993189 5.15382 -0.0920153 0.994533 -0.0493644 0.278363 0.990653 0.0864175 -0.105544 -1.65883
0.246614 -0.109816 -0.962872 5.16415 0.0195821 0.993921 -0.108342 0.336492 0.968916 0.00786361 0.247265 -1.14465
0.338092 -0.15095 -0.928928 5.22938 0.0424459 0.988494 -0.14518 0.353931 0.940155 0.00965524 0.34061 -0.776737
0.622563 -0.108485 0.775013 2.34439 -0.086605 0.974711 0.206007 0.143648 -0.777762 -0.195372 0.597424 -0.421577
0.58165 -0.207256 0.786593 2.47753 0.0596562 0.975261 0.212854 0.111694 -0.811249 -0.0768815 0.579625 -0.514906
0.464807 -0.239227 0.852482 2.63611 0.0628942 0.969296 0.237716 0.107011 -0.883175 -0.0568757 0.465582 -0.560694
0.618614 -0.355496 0.700671 2.97086 0.0291938 0.901569 0.43165 0.221619 -0.785153 -0.246569 0.568101 -0.89475
0.664914 -0.41464 0.62126 3.36561 0.029727 0.845794 0.532682 0.27547 -0.746328 -0.335719 0.574706 -0.976919
0.798123 -0.443171 0.408166 3.65747 0.207521 0.838213 0.504315 0.236647 -0.565628 -0.317802 0.760964 -0.974684
0.864605 -0.172859 0.471782 3.99351 0.0793718 0.974157 0.211468 0.146139 -0.496144 -0.14539 0.855981 -0.639693
0.975173 -0.164242 0.148531 4.2084 0.134796 0.97243 0.190288 0.165556 -0.175689 -0.165542 0.970427 -0.259227
0.977024 -0.114897 -0.179505 4.36643 0.130537 0.988382 0.077855 0.123221 0.168475 -0.0994983 0.980671 0.056677
0.862453 -0.0702887 -0.501233 4.32641 0.141353 0.984355 0.105184 0.135388 0.485998 -0.161567 0.858896 0.379734
0.700328 -0.311392 -0.642321 4.3325 0.448935 0.891734 0.0571725 0.243805 0.554976 -0.328399 0.764301 0.581557
0.718666 -0.475089 -0.50775 4.26704 0.647071 0.724273 0.238176 0.310094 0.254595 -0.499719 0.827927 0.693305
0.817693 -0.2638 -0.511652 4.1326 0.386821 0.910039 0.148993 0.199578 0.426319 -0.319749 0.846175 1.10948
0.793722 0.0144931 -0.608108 4.09204 0.0976903 0.983702 0.150953 0.0724075 0.600384 -0.179221 0.77937 1.39963
0.572072 -0.0310277 -0.819616 3.9085 0.121567 0.991455 0.047318 0.0932449 0.811144 -0.126708 0.570955 1.5636
0.28907 0.00403203 -0.957299 3.91336 0.0716415 0.997096 0.0258328 0.0694606 0.954623 -0.0760499 0.287942 1.74005
-0.0357528 -0.0614636 -0.997469 4.10072 0.188766 0.979724 -0.0671363 0.153597 0.981371 -0.190689 -0.0234257 1.57685
-0.371571 -0.129115 -0.919382 4.20334 0.116051 0.976056 -0.183977 0.163283 0.921123 -0.175056 -0.34769 1.61977
-0.646812 -0.28403 -0.707786 4.57248 0.0394011 0.914377 -0.402941 0.243389 0.761631 -0.288515 -0.580239 1.61635
-0.85532 -0.27088 -0.441646 4.67009 -0.0812789 0.912035 -0.401978 0.215991 0.511684 -0.307924 -0.802099 1.53342
-0.944364 -0.270182 -0.18756 4.58195 -0.186038 0.909064 -0.372817 0.231215 0.271233 -0.317181 -0.908751 1.55112
-0.989169 -0.111931 0.0949492 4.41693 -0.128206 0.973838 -0.187623 0.145958 -0.0714643 -0.197764 -0.977641 1.39501
-0.855665 -0.105425 0.506679 4.34579 -0.181937 0.977817 -0.103795 0.137043 -0.484497 -0.180997 -0.855864 1.13955
-0.589994 -0.164815 0.790407 4.27056 -0.267401 0.963584 0.00132537 0.176196 -0.761842 -0.210574 -0.612581 1.07184
-0.29372 -0.155682 0.943129 4.30329 -0.299285 0.952019 0.0639429 0.161315 -0.907831 -0.263483 -0.32622 0.93583
0.0551614 -0.18375 0.981424 4.37397 -0.303133 0.933446 0.191805 0.196299 -0.951351 -0.308082 -0.00421035 0.64208
0.140216 -0.0841282 0.98654 4.52169 -0.218037 0.969301 0.113647 0.150095 -0.965815 -0.231037 0.117569 0.246195
-0.255077 -0.026884 0.966547 4.69559 -0.139707 0.990149 -0.00932877 0.0972153 -0.956775 -0.137413 -0.25632 -0.225457
-0.594935 0.0590095 0.801605 4.69827 -0.0473419 0.992997 -0.108235 0.0930734 -0.802378 -0.102342 -0.587976 -0.467479
-0.901642 -0.0555678 0.428898 4.72249 -0.150285 0.970167 -0.19024 0.162066 -0.405532 -0.235985 -0.883094 -0.571863
-0.976108 -0.186526 0.111454 4.51406 -0.208795 0.947169 -0.243466 0.189408 -0.0601527 -0.26092 -0.963485 -0.655275
-0.957223 -0.107337 -0.268706 4.2501 -0.0276489 0.958331 -0.28432 0.190139 0.288028 -0.264728 -0.920304 -0.885596
-0.747708 -0.040347 -0.662801 3.74937 0.0800826 0.985388 -0.150325 0.153868 0.659181 -0.165478 -0.733551 -0.923597
-0.488346 -0.141189 -0.861153 3.39016 0.14167 0.960907 -0.237883 0.207964 0.861074 -0.238168 -0.449253 -1.01721
-0.39462 -0.240611 -0.886782 2.80405 0.174373 0.927957 -0.329379 0.224424 0.902147 -0.28461 -0.324234 -0.911191
-0.341908 -0.232468 -0.910526 2.30423 0.197965 0.929358 -0.311614 0.216702 0.918645 -0.286796 -0.271734 -0.756953
-0.492714 -0.254754 -0.832066 1.76217 0.201844 0.896651 -0.394051 0.261121 0.846459 -0.362102 -0.390372 -0.712965
-0.597575 -0.250942 -0.761532 1.07449 0.0252347 0.943407 -0.330676 0.252798 0.801416 -0.216821 -0.557424 -0.86558
-0.507922 -0.125564 -0.852203 0.449486 0.10042 0.973942 -0.203352 0.168059 0.85553 -0.188865 -0.482077 -1.21793
-0.185685 -0.0948548 -0.97802 -0.0954609 0.120687 0.985592 -0.118503 0.147441 0.97517 -0.140039 -0.171562 -1.27718
0.167459 -0.0883109 -0.981916 -0.292617 0.185712 0.980975 -0.0565543 0.150162 0.96823 -0.172883 0.180674 -1.23889
0.625662 -0.144852 -0.766528 -0.482498 0.234339 0.972126 0.00757025 0.185987 0.744065 -0.184364 0.642166 -0.94693
0.867581 -0.143364 -0.476183 -0.525922 0.210737 0.973306 0.0909184 0.197757 0.450437 -0.179228 0.874633 -0.883195
0.950852 -0.255811 -0.174472 -0.498243 0.287834 0.937938 0.193454 0.179397 0.114157 -0.234165 0.965471 -0.770767
0.904835 -0.419823 0.0708704 -0.426734 0.363173 0.847927 0.386166 0.237552 -0.222214 -0.323679 0.919703 -0.579916
0.803056 -0.576443 0.151042 -0.558635 0.362202 0.673446 0.644422 0.308039 -0.473191 -0.462799 0.749604 -0.37693
0.734474 -0.673318 0.0848016 -0.330216 0.306902 0.441001 0.843403 0.382805 -0.605276 -0.593432 0.530546 -0.0523082
0.731776 -0.674055 -0.100767 -0.0629507 0.473225 0.396117 0.78686 0.391308 -0.490471 -0.623491 0.608849 0.327298
0.744063 -0.627741 -0.228719 0.248467 0.621757 0.525309 0.580921 0.368576 -0.24452 -0.574449 0.781165 0.759712
0.780312 -0.496821 -0.379844 0.256619 0.619472 0.697386 0.360427 0.316651 0.0858306 -0.516548 0.851945 1.14955
0.677722 -0.384753 -0.626624 0.30522 0.443744 0.893517 -0.0686983 0.184634 0.586331 -0.231502 0.776288 1.35022
0.582494 -0.285082 -0.761202 0.283396 0.114612 0.955928 -0.270306 0.121589 0.804714 0.0702089 0.589497 1.52725
0.359657 -0.198293 -0.911771 -0.0124618 0.103388 0.97961 -0.172265 0.0896745 0.927339 -0.0323096 0.372825 1.86052
0.416774 -0.0840265 -0.905118 -0.129836 0.193639 0.981071 -0.00191377 0.0661138 0.888146 -0.174468 0.425156 2.41466
0.47784 -0.134059 -0.868157 -0.441337 0.270464 0.96273 0.000202945 0.0793138 0.835774 -0.234902 0.496289 2.80007
0.67382 -0.0660483 -0.735938 -0.649771 0.191953 0.977448 0.0880278 0.0865421 0.713527 -0.20058 0.671302 3.32514
0.707721 -0.134549 -0.693562 -0.816157 0.180181 0.983609 -0.0069578 0.0856978 0.68313 -0.120042 0.720363 3.94861
0.892246 -0.121564 -0.434878 -0.827477 0.204778 0.967284 0.149757 0.121049 0.402446 -0.222674 0.887949 4.39849
0.822001 -0.240598 -0.516165 -0.808101 0.330954 0.939426 0.0891588 0.174544 0.463447 -0.244115 0.851836 4.86503
0.660713 -0.120846 -0.740847 -1.2043 0.19309 0.981105 0.0121689 0.0993089 0.725378 -0.151091 0.671564 5.40434
0.695684 -0.160464 -0.700197 -1.40365 0.304003 0.948909 0.0845825 0.153466 0.650851 -0.271704 0.708922 5.96777
0.683309 -0.216936 -0.697157 -1.57134 0.349672 0.935448 0.0516406 0.173046 0.640952 -0.279063 0.715056 6.47951
0.548976 -0.116784 -0.827639 -1.87153 0.312736 0.946967 0.0738179 0.139145 0.775127 -0.299357 0.556385 6.8032
0.236775 -0.0676003 -0.96921 -2.0177 0.177936 0.983721 -0.0251433 0.0779911 0.955132 -0.166504 0.244949 6.96322
-0.140969 -0.102692 -0.984674 -2.10865 0.155845 0.979903 -0.124506 0.0998959 0.977671 -0.171008 -0.122132 7.12648
-0.399412 -0.126779 -0.907963 -2.31917 0.162884 0.964821 -0.206371 0.116913 0.902185 -0.230319 -0.364711 7.37799
-0.195599 -0.138328 -0.970879 -2.47413 0.105232 0.981326 -0.161017 0.107321 0.975022 -0.133662 -0.17739 7.91467
0.193748 -0.137184 -0.971412 -2.50856 0.163036 0.980909 -0.106008 0.0961095 0.967409 -0.137836 0.212415 8.15973
0.514797 -0.080389 -0.853535 -2.6149 0.238901 0.969609 0.0527685 0.0931965 0.823353 -0.231076 0.518357 8.38843
0.706315 -0.00265899 -0.707893 -2.76073 0.113811 0.987411 0.109848 0.0676603 0.698689 -0.158153 0.697726 8.9074
0.8608 -0.165471 -0.481292 -2.89224 0.31163 0.919032 0.241386 0.0742515 0.402381 -0.35777 0.842669 9.0787
0.952343 -0.148971 -0.266176 -3.02182 0.212225 0.950393 0.227405 0.057523 0.219095 -0.273057 0.936716 9.54008
0.956631 -0.0872542 -0.277929 -3.28269 0.165693 0.947698 0.272788 0.0458945 0.239591 -0.307009 0.921055 9.73132
0.886564 -0.163557 -0.432729 -3.43144 0.273321 0.939884 0.204729 0.0654537 0.37323 -0.299779 0.87797 10.1465
0.859612 -0.00106298 -0.510946 -3.70937 0.137378 0.963655 0.229119 0.00797159 0.492132 -0.267146 0.828516 10.6948
0.641448 -0.0885359 -0.762041 -3.78473 0.212773 0.974881 0.0658379 0.0319979 0.73707 -0.204374 0.644174 11.0449
0.575695 -0.253821 -0.777271 -3.88633 0.495566 0.864424 0.0847659 0.0882745 0.650376 -0.433988 0.62343 11.4017
0.176626 -0.449525 -0.875632 -3.93967 0.685184 0.694826 -0.218494 0.192555 0.70663 -0.561377 0.430732 11.4914
-0.155062 -0.471131 -0.868327 -3.96807 0.54715 0.690879 -0.47256 0.217309 0.822546 -0.548381 0.15065 11.68
0.118478 -0.239074 -0.963746 -4.34258 0.414976 0.89368 -0.170678 0.0565996 0.902085 -0.37971 0.205091 12.0509
0.27628 -0.102324 -0.955615 -4.52035 0.105215 0.99156 -0.0757543 -0.0673311 0.955301 -0.0796159 0.284714 12.428
0.38687 -0.0285315 -0.921693 -4.62926 -0.000104659 0.99952 -0.0309846 -0.0877431 0.922134 0.0120835 0.386681 12.6664
0.632186 -0.161162 -0.757871 -4.80539 0.2077 0.977579 -0.0346284 -0.00142445 0.74646 -0.135518 0.651485 12.9635
0.669327 -0.182906 -0.720102 -4.92462 0.257823 0.966175 -0.0057651 0.0165853 0.696799 -0.1818 0.693845 13.485
0.67791 -0.157115 -0.71816 -5.13712 0.22101 0.97526 -0.00473847 0.0315817 0.701137 -0.155508 0.695862 13.9827
0.818373 -0.197246 -0.539778 -5.21528 0.263853 0.963368 0.0480014 0.045503 0.510537 -0.181705 0.840438 14.3282
0.883358 -0.332569 -0.330267 -5.32599 0.38506 0.916687 0.106835 0.10639 0.267222 -0.221546 0.937822 14.8574
0.923369 -0.275693 -0.267175 -5.55167 0.309883 0.94604 0.094767 0.0955258 0.226632 -0.170298 0.958977 15.3927
0.92284 -0.24408 -0.297977 -5.81009 0.292873 0.947101 0.131241 0.0919309 0.250181 -0.208384 0.945508 16.061
0.918775 -0.359692 -0.162705 -5.92144 0.3878 0.899473 0.201393 0.146048 0.0739092 -0.248132 0.965903 16.5173
0.935952 -0.123098 -0.329911 -6.22603 0.165461 0.980775 0.103458 0.0733461 0.310833 -0.151419 0.938326 16.9918
0.927397 -0.158725 -0.338736 -6.32982 0.175263 0.984346 0.0185924 0.0688968 0.330482 -0.0766103 0.940698 17.5708
0.89103 0.0779424 -0.447203 -6.53423 -0.0758335 0.996863 0.0226474 -0.0457878 0.447566 0.0137334 0.894146 18.0082
0.651559 0.186645 -0.735278 -6.68491 -0.208982 0.975917 0.0625423 -0.126525 0.729244 0.11291 0.674874 18.1733
0.157222 0.0462433 -0.98648 -6.86334 -0.0374105 0.998465 0.0408428 -0.0437436 0.986854 0.0304833 0.158711 18.2132
-0.239463 -0.0855691 -0.967127 -7.05476 0.0286678 0.995051 -0.0951379 0.0502927 0.970482 -0.0505074 -0.235825 18.2038
-0.321086 -0.295655 -0.899718 -7.24919 0.175622 0.914955 -0.363337 0.152936 0.930624 -0.274673 -0.241856 18.3685
-0.323377 -0.356656 -0.876484 -7.35909 0.178774 0.886544 -0.426709 0.174151 0.929229 -0.294681 -0.222927 18.8308
-0.118023 -0.246823 -0.961847 -7.66704 0.155926 0.951994 -0.263427 0.097973 0.980692 -0.181067 -0.0738716 19.3944
0.157324 -0.0903343 -0.983407 -7.79644 0.215338 0.974983 -0.0551112 0.0507015 0.963784 -0.203094 0.17284 20.0614
0.000141852 -0.0476723 -0.998863 -7.89926 0.198593 0.978969 -0.0466946 0.023819 0.980082 -0.19836 0.00960624 20.5714
0.0266626 -0.0322561 -0.999124 -8.0048 0.203661 0.978692 -0.0261616 -0.0169212 0.978678 -0.202785 0.0326637 20.8443
0.325629 -0.0785136 -0.942232 -8.20989 0.239253 0.970956 0.00177726 -0.0183303 0.914726 -0.226011 0.334956 21.3313
-0.0325104 -0.111698 -0.99321 -8.42438 0.244942 0.962541 -0.116266 0.00770529 0.968993 -0.247059 -0.00393312 21.6248
-0.414522 -0.122956 -0.901695 -8.77959 0.188279 0.957806 -0.217162 -0.0192467 0.89035 -0.259788 -0.373881 21.9079
-0.663108 -0.200808 -0.721085 -8.88998 0.0152122 0.959529 -0.281199 0.0354146 0.748369 -0.197435 -0.633216 22.1828
-0.421172 -0.147985 -0.894827 -9.3438 0.138669 0.964493 -0.224774 -0.006382 0.896318 -0.218753 -0.385696 22.645
-0.0510632 -0.16727 -0.984588 -9.41915 0.238181 0.955386 -0.174662 0.02426 0.969878 -0.243429 -0.00894457 23.0771
0.383599 -0.105294 -0.917478 -9.5072 0.313936 0.949182 0.0223244 -0.00381616 0.868502 -0.296593 0.39716 23.4736
0.541717 -0.265979 -0.797369 -9.51026 0.421418 0.906723 -0.0161534 0.0352323 0.727289 -0.327275 0.603275 23.9179
0.391305 -0.309578 -0.866627 -9.6408 0.584101 0.811262 -0.026064 0.0686281 0.711131 -0.495999 0.498275 24.4832
0.279808 -0.235867 -0.930631 -9.78846 0.362747 0.923468 -0.124986 0.0273062 0.888888 -0.302612 0.343954 25.0872
0.43121 -0.16407 -0.887209 -10.0279 0.376447 0.926365 0.0116538 -0.00558066 0.819967 -0.339013 0.461221 25.6548
0.329512 -0.121072 -0.936356 -10.386 0.371511 0.928367 0.0106996 -0.00631183 0.867987 -0.351392 0.350888 26.2549
0.0818959 -0.186571 -0.979022 -10.6523 0.299764 0.941447 -0.154335 0.00421109 0.950492 -0.280836 0.133028 26.537
0.156711 -0.0135347 -0.987552 -10.9654 0.205808 0.978403 0.0192495 -0.0329526 0.965963 -0.206262 0.156112 26.9916
-0.120546 -0.0331694 -0.992153 -11.0599 0.108143 0.993055 -0.0463388 -0.038116 0.9868 -0.11288 -0.116122 27.3014
-0.385407 -0.00461403 -0.922735 -11.4059 0.0738119 0.996629 -0.0358133 -0.0444355 0.91979 -0.0819116 -0.383768 27.3507
-0.703232 0.023918 -0.710558 -11.6565 0.0104427 0.999674 0.0233148 -0.0659921 0.710884 0.00897557 -0.703252 27.4032
-0.601914 -0.147777 -0.784768 -11.9701 0.0412157 0.97567 -0.215337 0.0064485 0.797496 -0.161959 -0.581179 27.3361
-0.746461 -0.179918 -0.640645 -12.2569 -0.0825415 0.980354 -0.179146 0.0283408 0.66029 -0.0808459 -0.746646 27.3103
-0.548666 -0.194087 -0.813201 -12.2975 0.0915006 0.952897 -0.289164 0.0664937 0.831019 -0.233063 -0.505063 27.1993
-0.831029 -0.166831 -0.530621 -12.5014 -0.0380672 0.968782 -0.244973 0.041591 0.554925 -0.18338 -0.811437 26.9615
-0.955555 -0.231194 -0.18293 -12.47 -0.188074 0.955881 -0.225653 0.0836692 0.227029 -0.181219 -0.956879 26.7812
-0.955899 -0.249816 0.154433 -12.4092 -0.277811 0.939693 -0.199493 0.0851387 -0.0952829 -0.233598 -0.967653 26.5833
-0.936262 -0.221429 0.272732 -12.5212 -0.254271 0.962825 -0.0911779 0.0915872 -0.242404 -0.154714 -0.95776 26.5037
-0.982699 -0.1317 0.130218 -12.4167 -0.15541 0.968819 -0.19297 0.0806346 -0.100744 -0.209868 -0.972526 26.5047
-0.91088 -0.147816 0.385289 -12.4565 -0.167276 0.985759 -0.0172793 0.0265493 -0.377248 -0.0801892 -0.922634 26.4727
-0.950324 -0.25244 0.182096 -12.6264 -0.290164 0.930209 -0.224758 0.0857774 -0.112649 -0.266431 -0.957249 26.3402
-0.941525 -0.336764 -0.0109834 -12.624 -0.311025 0.881177 -0.356077 0.148377 0.129592 -0.331839 -0.934392 26.1793
-0.915531 -0.304768 -0.262523 -12.9438 -0.172184 0.886756 -0.428971 0.143771 0.363531 -0.347534 -0.86433 26.0954
-0.862377 -0.115995 -0.4928 -12.9672 0.026288 0.961826 -0.272398 0.0756665 0.505584 -0.247864 -0.826407 26.111
-0.605964 -0.134111 -0.784106 -13.1967 0.0408821 0.979134 -0.199062 0.0309845 0.794441 -0.15268 -0.587837 26.2809
-0.173798 -0.040423 -0.983951 -13.2312 0.107617 0.992394 -0.0597785 0.00169491 0.978883 -0.116279 -0.168126 26.3706
0.189556 -0.0206729 -0.981652 -13.2018 0.100626 0.994923 -0.00152158 0.00398506 0.9767 -0.0984912 0.190674 26.2778
0.0401138 -0.254329 -0.966285 -13.3189 0.265398 0.935039 -0.235087 0.0688688 0.963304 -0.24702 0.105006 26.3865
0.438862 -0.254159 -0.86186 -13.3003 0.387423 0.91895 -0.0737182 0.0962669 0.810743 -0.301552 0.501759 26.417
0.497114 -0.374426 -0.78274 -13.5259 0.409239 0.896639 -0.169004 0.157266 0.765115 -0.236314 0.598962 26.3431
0.283602 -0.234932 -0.929719 -13.8165 0.310602 0.939764 -0.142724 0.101479 0.907247 -0.248296 0.339489 26.4445
0.282312 -0.0994736 -0.954152 -14.0329 0.143527 0.987794 -0.0605146 0.00832531 0.948525 -0.119863 0.293143 26.2849
0.290088 -0.0967863 -0.952093 -14.06 0.0346807 0.995282 -0.0906101 -0.0269767 0.956371 -0.00673438 0.292076 26.3506
0.592818 -0.0673688 -0.802514 -14.1168 0.0914048 0.995684 -0.0160641 -0.0107684 0.800133 -0.0638306 0.596417 26.431
0.749125 -0.23348 -0.619918 -14.2729 0.385246 0.914849 0.120982 0.120965 0.538884 -0.329452 0.775284 26.4151
0.81418 -0.363095 -0.45307 -14.2356 0.52496 0.793728 0.307268 0.241529 0.248047 -0.488015 0.836848 26.6734
0.913031 -0.330603 -0.238906 -14.5176 0.404231 0.811676 0.42164 0.209824 0.054519 -0.481543 0.874725 26.7755
0.986892 -0.16121 -0.00743087 -14.4434 0.157951 0.955441 0.249366 0.0140418 -0.0331006 -0.247271 0.968381 26.9487
0.963162 -0.0176116 0.268343 -14.5382 0.00143992 0.998177 0.0603431 -0.0709951 -0.268916 -0.0577338 0.961432 26.8693
0.764435 0.0670179 0.641208 -14.589 -0.0467445 0.997726 -0.0485527 -0.112068 -0.643004 0.0071425 0.76583 26.629
0.448163 0.0233988 0.893646 -14.5435 -0.0879643 0.99596 0.0180363 -0.0429852 -0.889614 -0.0866922 0.448411 26.3315
0.256994 -0.0962701 0.961606 -14.5733 -0.218074 0.963585 0.15475 0.064847 -0.941487 -0.249471 0.226642 26.3688
-0.104104 -0.0501502 0.993301 -14.7823 -0.200193 0.979343 0.028464 0.0320885 -0.97421 -0.195889 -0.111993 26.455
0.129762 -0.0776954 0.988496 -15.0669 -0.176319 0.979229 0.100113 0.0454093 -0.975743 -0.187282 0.113368 26.6735
-0.0596294 -0.080838 0.994942 -15.1706 -0.147288 0.986518 0.0713262 0.00603821 -0.987295 -0.14229 -0.070732 26.7051
0.00915128 -0.143596 0.989594 -15.441 -0.157471 0.97708 0.143237 0.063175 -0.987481 -0.157143 -0.0136708 26.9779
0.254207 -0.105899 0.961335 -15.5002 -0.122186 0.982506 0.140541 0.0324542 -0.959401 -0.153188 0.23682 27.2474
0.579136 -0.0564541 0.813274 -15.5111 -0.134348 0.97735 0.163514 0.0136317 -0.804085 -0.203958 0.558434 27.5209
0.876082 0.0402476 0.48048 -15.4821 -0.134077 0.977543 0.162584 -0.0240326 -0.463146 -0.206858 0.861804 27.9731
0.977932 -0.10486 0.180704 -15.344 0.0626368 0.97229 0.22523 0.0408214 -0.199314 -0.208941 0.957401 28.2056
0.984177 -0.0948539 -0.149659 -15.5031 0.127017 0.966586 0.222661 0.0584872 0.123538 -0.238147 0.96334 28.5806
0.874287 -0.0522131 -0.482593 -15.6474 0.133604 0.981682 0.135832 0.019854 0.46666 -0.183233 0.865248 28.7675
0.59073 -0.0225411 -0.806555 -15.7643 0.108163 0.9928 0.0514735 -0.00065467 0.799587 -0.117646 0.588914 28.8751
0.237385 0.00904948 -0.971374 -15.8936 0.0652257 0.997551 0.0252332 -0.00871519 0.969223 -0.0693485 0.236213 28.9376
0.100028 0.0827107 -0.991541 -16.0979 0.0675662 0.993674 0.0897048 -0.0402492 0.992688 -0.0759677 0.0938068 29.1157
0.0156307 0.128499 -0.991586 -16.4031 -0.0722906 0.989258 0.127058 -0.0849949 0.997261 0.0696964 0.024752 29.5084
0.319261 0.314283 -0.894035 -16.5244 -0.191316 0.945357 0.264005 -0.145487 0.928154 0.0867569 0.361943 30.0257
0.58618 0.381546 -0.714713 -16.4507 -0.336403 0.917148 0.213711 -0.207721 0.737039 0.115159 0.665967 30.5773
0.808326 0.285425 -0.514919 -16.5342 -0.205927 0.956444 0.206902 -0.11209 0.551546 -0.0612083 0.831895 30.7986
0.70637 0.0957144 -0.701342 -16.6521 0.0746173 0.975226 0.208245 0.0251086 0.703899 -0.19943 0.681729 31.0264
0.486965 0.0104222 -0.873359 -16.8644 0.205326 0.97054 0.126067 0.0755272 0.848944 -0.240714 0.470479 30.8451
0.0886111 0.119154 -0.988914 -17.0199 -0.0535114 0.991955 0.114726 -0.0289102 0.994628 0.0427522 0.0942743 30.7259
-0.260672 0.28964 -0.920955 -17.0816 -0.0773485 0.944603 0.31897 -0.150395 0.962324 0.154381 -0.223829 30.5624
-0.447183 0.367655 -0.815387 -17.0423 -0.059133 0.897469 0.437096 -0.228286 0.892486 0.243678 -0.379593 30.7211
-0.40451 0.319176 -0.857029 -17.173 0.0107638 0.938718 0.344518 -0.341746 0.91447 0.130136 -0.383156 31.0261
-0.29847 -0.00526585 -0.954404 -17.2257 0.197683 0.977959 -0.0672172 -0.290798 0.933722 -0.208732 -0.290851 31.1879
-0.355161 -0.115367 -0.927659 -17.2948 0.207794 0.957785 -0.198669 -0.373134 0.911418 -0.263321 -0.316196 31.4175
-0.279034 0.153339 -0.94796 -17.5455 0.0569833 0.988073 0.143054 -0.544097 0.958589 -0.0141009 -0.284443 31.515
-0.218783 0.280449 -0.934603 -17.9612 -0.0243847 0.955937 0.292559 -0.784756 0.975469 0.086797 -0.202304 31.6097
0.125894 0.412653 -0.902146 -18.0374 -0.193987 0.902066 0.385546 -0.820493 0.972892 0.126467 0.193614 31.7555
0.389918 0.518202 -0.761204 -18.0797 -0.395643 0.84072 0.369671 -0.861222 0.831523 0.157023 0.532835 31.7958
0.758883 0.365241 -0.539161 -17.9123 -0.378967 0.920976 0.0904854 -0.981622 0.529603 0.135657 0.837328 31.9915
0.899614 0.384654 -0.206727 -17.8231 -0.389342 0.920893 0.0191931 -0.990198 0.197756 0.063221 0.97821 32.0259
0.947625 0.292261 0.128806 -17.962 -0.30034 0.952618 0.0481096 -1.05753 -0.108642 -0.0842754 0.990502 32.0556
0.964306 0.263597 0.0251072 -17.9897 -0.262644 0.964228 -0.0358054 -1.26121 -0.0336473 0.0279331 0.999043 32.3434
0.981985 0.188785 -0.00816352 -18.1286 -0.188947 0.981521 -0.0302619 -1.37303 0.00229967 0.0312592 0.999509 32.5491
0.91284 0.29645 -0.280787 -18.3404 -0.308926 0.951086 -0.000178177 -1.42085 0.267 0.086905 0.95977 32.7005
0.886517 0.193283 -0.420392 -18.3438 -0.262219 0.958452 -0.112297 -1.58247 0.381221 0.209788 0.900366 32.9728
0.890155 0.279663 -0.359741 -18.5164 -0.292757 0.956002 0.0187884 -1.72954 0.349167 0.088592 0.932863 33.2038
0.905867 0.235961 -0.351748 -18.6989 -0.211322 0.97149 0.107476 -1.74171 0.36708 -0.0230265 0.929904 33.2005
0.944412 -0.00881799 -0.328645 -18.7996 0.0969946 0.962618 0.2529 -1.63446 0.31413 -0.270719 0.909964 33.1379
0.926411 0.0797125 -0.36798 -18.7715 -0.00163315 0.978174 0.207782 -1.67684 0.376511 -0.191891 0.906321 33.2553
0.86999 0.222071 -0.440229 -18.8576 -0.157606 0.971241 0.178472 -1.94336 0.467202 -0.0858858 0.879969 33.7066
0.690189 0.240419 -0.682524 -19.0261 -0.1392 0.96969 0.20081 -2.05128 0.710115 -0.0435895 0.702735 33.8742
0.338591 0.368426 -0.865805 -18.9645 -0.227496 0.92491 0.304609 -2.11474 0.913018 0.0938292 0.396982 33.9847
0.138498 0.403652 -0.904369 -18.9941 -0.181059 0.908099 0.377588 -2.29149 0.973671 0.111449 0.198855 34.1725
-0.0582197 0.388273 -0.919703 -18.8336 -0.136286 0.90955 0.392614 -2.32611 0.988957 0.1482 -3.75767e-05 34.4075
-0.0383932 0.337244 -0.940634 -18.8084 -0.100879 0.935211 0.339418 -2.57743 0.994158 0.107922 -0.00188481 34.818
0.0271487 0.322663 -0.946124 -19.0935 -0.107847 0.941894 0.318126 -2.7416 0.993797 0.0934 0.0603695 35.0853
0.396076 0.263368 -0.879637 -19.1428 -0.0773474 0.964148 0.253844 -2.8521 0.914954 -0.032504 0.402247 35.3978
0.614856 0.0875965 -0.783759 -19.3725 0.0704203 0.983744 0.165192 -2.9269 0.785489 -0.156762 0.598693 35.5727
0.664524 0.0388548 -0.746256 -19.6211 0.0899723 0.987222 0.131519 -3.10295 0.741831 -0.15454 0.652537 35.9185
0.755908 0.160689 -0.634652 -19.6925 -0.0650973 0.983054 0.171367 -3.28523 0.651434 -0.0882233 0.753559 36.2989
0.85629 0.279275 -0.43448 -19.8043 -0.254586 0.960139 0.11541 -3.48339 0.449393 0.0117884 0.893257 36.499
0.942871 0.246486 -0.224138 -19.7368 -0.250426 0.968072 0.0111386 -3.65052 0.219727 0.0456278 0.974494 36.8
0.939918 0.324448 0.106244 -19.6835 -0.314249 0.943827 -0.102165 -3.80278 -0.133423 0.0626398 0.989078 36.9928
0.841166 0.385045 0.37971 -19.5308 -0.318998 0.920282 -0.226542 -3.84936 -0.436669 0.0694329 0.896939 37.0616
0.81416 0.395102 0.425485 -19.4541 -0.247986 0.899201 -0.360473 -3.88351 -0.52502 0.187968 0.830073 37.1722
0.86079 0.355934 0.363801 -19.5971 -0.258671 0.921541 -0.289571 -3.98523 -0.438326 0.155155 0.885323 37.6989
0.624772 0.363563 0.691001 -19.4544 -0.0969312 0.91425 -0.393383 -3.98536 -0.774767 0.178795 0.606439 37.8322
0.230479 0.437262 0.8693 -19.44 0.0662261 0.884231 -0.462331 -4.0034 -0.970821 0.164128 0.174839 37.8441
-0.189853 0.443364 0.876005 -19.5094 0.223635 0.888306 -0.401122 -3.99119 -0.956004 0.119751 -0.267799 37.7806
-0.5227 0.295983 0.799486 -19.6266 0.147871 0.955058 -0.256901 -3.93057 -0.839594 -0.0160618 -0.542976 37.8111
-0.511252 0.0289224 0.858944 -19.6502 -0.118506 0.987514 -0.103788 -3.8276 -0.851221 -0.154852 -0.501442 37.8865
-0.641874 -0.216708 0.735551 -19.6772 -0.452988 0.881129 -0.135698 -3.68688 -0.618708 -0.420297 -0.66374 37.9667
-0.821676 -0.288393 0.491608 -19.7128 -0.477166 0.819795 -0.31662 -3.66944 -0.311707 -0.494738 -0.811217 37.9374
-0.853873 -0.421886 0.304817 -19.7065 -0.520196 0.711169 -0.472901 -3.64721 -0.0172664 -0.562362 -0.826711 37.9631
-0.763822 -0.435958 0.475938 -19.5793 -0.630168 0.663128 -0.403918 -3.65704 -0.139517 -0.608443 -0.781238 37.9197
-0.637485 -0.301979 0.708817 -19.4571 -0.547615 0.82474 -0.14114 -3.67344 -0.541969 -0.478134 -0.691128 37.7197
-0.627624 -0.134336 0.766839 -19.2121 -0.358824 0.924053 -0.131804 -3.72309 -0.690894 -0.357883 -0.62816 37.6155
-0.384278 -0.087864 0.919027 -19.3006 -0.255071 0.966818 -0.0142216 -3.76381 -0.887282 -0.239883 -0.393939 37.4057
-0.424233 0.0447152 0.904449 -19.0544 -0.178353 0.975091 -0.131864 -3.81423 -0.887816 -0.217252 -0.40569 37.2212
-0.31958 -0.0512504 0.946172 -19.0788 -0.245721 0.96886 -0.0305154 -3.65668 -0.915145 -0.242246 -0.322221 36.7682
-0.52866 -0.114012 0.841142 -18.9872 -0.373202 0.921243 -0.109688 -3.60929 -0.762391 -0.371903 -0.529574 36.5796
-0.808569 -0.0187392 0.588103 -18.9933 -0.199325 0.94912 -0.243804 -3.52019 -0.553612 -0.314356 -0.771164 36.3986
-0.84209 0.0712359 0.534612 -19.2117 -0.0205001 0.986295 -0.163712 -3.41443 -0.538947 -0.14882 -0.829089 36.0683
-0.769799 -0.0013879 0.638285 -19.2498 -0.116018 0.983644 -0.137784 -3.26492 -0.627654 -0.180118 -0.757369 35.8014
-0.515985 -0.0736979 0.853421 -19.3548 -0.228516 0.972029 -0.0542222 -3.13374 -0.825554 -0.222998 -0.518394 35.5273
-0.187509 -0.057153 0.980599 -19.3329 -0.253623 0.967271 0.00787872 -3.05452 -0.948955 -0.247225 -0.195867 35.4487
0.144204 -0.0420774 0.988653 -19.1344 -0.234213 0.969256 0.075414 -2.97693 -0.961431 -0.242431 0.129916 35.3893
0.177781 -0.0342641 0.983473 -19.1252 -0.227148 0.970976 0.0748899 -2.78605 -0.957495 -0.236708 0.164838 35.0449
-0.0310427 -0.0780788 0.996464 -18.9304 -0.340688 0.938071 0.06289 -2.64109 -0.939664 -0.33753 -0.0557207 34.7995
-0.226455 -0.222527 0.948261 -18.8425 -0.410535 0.904659 0.114255 -2.5805 -0.883278 -0.363421 -0.29622 34.6634
-0.463046 -0.224484 0.857435 -18.8159 -0.335337 0.939855 0.0649675 -2.45489 -0.820449 -0.257447 -0.510474 34.3175
-0.631841 -0.379522 0.675826 -18.7747 -0.515803 0.856706 -0.00113349 -2.34282 -0.578554 -0.349309 -0.737061 34.2904
-0.655121 -0.299994 0.693412 -18.7026 -0.430256 0.902565 -0.0160152 -2.22254 -0.621045 -0.308836 -0.720363 34.0364
-0.647238 -0.28136 0.708463 -18.4619 -0.446928 0.892958 -0.0536742 -2.04263 -0.617526 -0.351372 -0.703704 33.8555
-0.70599 -0.167558 0.688115 -18.3003 -0.280611 0.95827 -0.0545585 -1.94021 -0.650258 -0.231611 -0.723547 33.4957
-0.83925 -0.209764 0.501655 -18.1809 -0.282807 0.956378 -0.0732204 -1.75649 -0.464413 -0.203322 -0.861963 33.2501
-0.738037 -0.305573 0.601603 -18.2441 -0.381928 0.924192 0.000882044 -1.5634 -0.556266 -0.229118 -0.798794 32.8768
-0.469064 -0.298553 0.831171 -18.0786 -0.352383 0.926237 0.133836 -1.51945 -0.809818 -0.230113 -0.53967 32.7625
-0.162751 -0.269846 0.94905 -17.9402 -0.237906 0.944227 0.227677 -1.40698 -0.957556 -0.18873 -0.217872 32.779
0.185326 -0.244031 0.951894 -17.8534 -0.188133 0.941946 0.278109 -1.33424 -0.9645 -0.230624 0.128657 32.6132
0.154405 -0.193685 0.968837 -17.6249 -0.22334 0.948372 0.225188 -1.18047 -0.962434 -0.25115 0.103176 32.4057
0.120355 -0.3203 0.93964 -17.5532 -0.316624 0.884702 0.342128 -0.95715 -0.940885 -0.338689 0.00506347 32.1005
0.0839543 -0.230285 0.969495 -17.2332 -0.31275 0.917678 0.245059 -0.894204 -0.946118 -0.323784 0.00502141 32.015
-0.243633 -0.309975 0.918999 -17.1866 -0.350833 0.911551 0.214454 -0.71498 -0.90419 -0.270167 -0.330833 31.8534
-0.496032 -0.301095 0.814429 -17.2983 -0.381335 0.9182 0.107206 -0.57504 -0.780087 -0.257392 -0.570274 31.4461
-0.655449 -0.254988 0.710892 -17.141 -0.37213 0.928125 -0.0102012 -0.428137 -0.657195 -0.271231 -0.703227 31.2326
-0.837721 -0.321347 0.441543 -17.2413 -0.389459 0.918337 -0.0705565 -0.403806 -0.382812 -0.23107 -0.894462 31.1322
-0.937729 -0.0966796 0.333641 -17.2219 -0.160978 0.972073 -0.170765 -0.295059 -0.307814 -0.21384 -0.927104 30.6369
-0.766837 -0.137363 0.62697 -16.9918 -0.243853 0.965936 -0.0866256 -0.127629 -0.593714 -0.219317 -0.774212 30.6375
-0.747461 -0.0377234 0.663233 -16.4541 -0.196392 0.966308 -0.166371 0.0116543 -0.634612 -0.25461 -0.729686 30.4113
-0.476264 -0.125628 0.870282 -16.1889 -0.257989 0.966146 -0.00171883 0.0484641 -0.840604 -0.225342 -0.492551 30.4193
-0.12711 -0.158498 0.979143 -15.9537 -0.300982 0.946769 0.114185 0.0675372 -0.945121 -0.28019 -0.168049 30.4943
0.252591 -0.121876 0.959867 -15.8109 -0.215468 0.96004 0.178599 0.0452135 -0.943277 -0.251933 0.216237 30.6011
0.54947 -0.205327 0.809891 -15.6344 -0.0889929 0.949436 0.301083 0.0824217 -0.83076 -0.23751 0.503414 30.6774
0.686569 -0.169517 0.707027 -15.3944 -0.069076 0.952833 0.295529 0.0730497 -0.723776 -0.251739 0.642476 30.8229
0.772613 -0.129547 0.621519 -15.3657 -0.0756216 0.953213 0.29269 0.0370917 -0.630357 -0.273136 0.726668 31.0592
0.897258 -0.214462 0.385921 -15.1533 0.0841704 0.941157 0.32732 0.034536 -0.43341 -0.261207 0.862512 31.1856
0.950588 -0.127657 0.282994 -15.0508 0.0242558 0.939301 0.342236 -0.00858466 -0.309505 -0.318461 0.895985 31.6655
0.979497 -0.138962 -0.14586 -14.9509 0.168421 0.962119 0.214386 -0.00188717 0.110543 -0.234557 0.965797 32.0481
0.875111 -0.167164 -0.454133 -15.184 0.285229 0.93628 0.204996 0.0010238 0.390928 -0.308926 0.867029 32.3224
0.586707 -0.217521 -0.780038 -15.4514 0.377995 0.925436 0.0262429 -0.0111832 0.716166 -0.310247 0.625182 32.5549
0.326221 -0.164055 -0.930949 -15.5848 0.303647 0.95082 -0.061153 -0.0102393 0.895197 -0.262731 0.359992 32.7517
0.109218 -0.0178152 -0.993858 -15.9074 0.245672 0.969305 0.00962258 -0.0588788 0.96318 -0.245214 0.110242 32.8849
-0.195458 -0.142981 -0.970233 -16.0305 0.173081 0.968757 -0.177631 -0.0113119 0.965318 -0.202649 -0.164604 33.1957
0.0288063 -0.0306348 -0.999115 -16.3747 0.214875 0.976353 -0.0237417 -0.0448651 0.976217 -0.214001 0.0347078 33.4062
0.0863592 -0.0329622 -0.995719 -16.5934 0.133804 0.990781 -0.0211939 -0.0357453 0.987238 -0.131401 0.0899735 33.8099
0.337314 0.113531 -0.934521 -16.9039 0.206727 0.959537 0.191187 -0.0826985 0.918414 -0.257681 0.300195 34.085
0.470199 -0.101449 -0.87671 -16.8854 0.267512 0.963022 0.0320368 -0.0188392 0.841041 -0.249595 0.479951 34.4618
0.732227 -0.133278 -0.667893 -16.9421 0.32027 0.932852 0.164969 -0.0240458 0.601058 -0.334701 0.725744 34.7877
0.802926 -0.244233 -0.543746 -16.9629 0.348609 0.932339 0.0959998 0.00375866 0.483509 -0.266635 0.833741 35.2765
0.903083 -0.215714 -0.37136 -17.057 0.31718 0.917993 0.238087 0.0170044 0.289547 -0.3328 0.897444 35.8173
0.819593 -0.235061 -0.522506 -17.1631 0.316917 0.945743 0.0716463 0.0139058 0.477316 -0.224312 0.84962 36.2802
0.639981 -0.231414 -0.732715 -17.4721 0.351923 0.935955 0.0117801 -0.00634972 0.683062 -0.265399 0.680433 36.7455
0.449779 -0.211927 -0.867632 -17.6946 0.379378 0.92478 -0.0292166 0.00766516 0.808561 -0.31602 0.496347 37.2712
0.125517 -0.21918 -0.967577 -18.0495 0.244354 0.952075 -0.18397 0.0126479 0.961528 -0.21334 0.173059 37.6859
-0.154015 -0.090356 -0.983928 -18.2642 0.206052 0.970979 -0.12142 -0.0299698 0.966345 -0.221441 -0.130927 37.7663
-0.418834 -0.0597584 -0.906095 -18.6773 0.0851607 0.99085 -0.104713 -0.0501002 0.904061 -0.121021 -0.409912 37.8828
-0.757096 -0.110758 -0.643846 -18.7884 -0.046796 0.992187 -0.115654 -0.0303043 0.651625 -0.0574315 -0.756364 37.8362
-0.919948 -0.081492 -0.383477 -19.0005 0.0307909 0.960117 -0.277899 -0.0626734 0.390829 -0.26746 -0.880748 37.5827
-0.984919 -0.16653 -0.0469382 -19.1767 -0.156122 0.972336 -0.173747 -0.0591497 0.0745737 -0.163798 -0.983671 37.4059
-0.924684 -0.258978 0.279087 -19.2375 -0.296441 0.949705 -0.100909 -0.0229156 -0.238917 -0.176042 -0.954949 37.31
-0.8032 -0.242015 0.544333 -19.149 -0.305418 0.951822 -0.0274759 -0.00232954 -0.511459 -0.188318 -0.838419 36.8629
-0.581295 -0.356749 0.731318 -19.1564 -0.364352 0.917746 0.158082 0.205947 -0.72756 -0.174565 -0.663463 36.3908
-0.410709 -0.424879 0.806719 -19.0847 -0.516631 0.837488 0.178062 0.414988 -0.751273 -0.343644 -0.563469 36.1803
-0.192381 -0.369741 0.909 -19.1318 -0.372786 0.884399 0.280838 0.586944 -0.907756 -0.284835 -0.307976 35.8241
-0.0359679 -0.305412 0.951541 -18.9701 -0.367325 0.889545 0.271629 0.738819 -0.929397 -0.339755 -0.14418 35.5828
0.297038 -0.190686 0.935632 -19.0693 -0.245643 0.931619 0.267853 0.830319 -0.922729 -0.309394 0.229886 35.4263
0.412151 0.101649 0.905428 -19.2676 -0.148098 0.988015 -0.0435062 0.700874 -0.898999 -0.116161 0.422265 35.4132
0.0621535 0.246119 0.967245 -19.3183 -0.0509408 0.968637 -0.2432 0.625043 -0.996766 -0.0341565 0.0727417 35.1907
-0.356348 0.147243 0.922679 -19.2474 0.0171765 0.98837 -0.151092 0.791379 -0.934195 -0.037993 -0.354733 34.7457
-0.638375 0.114845 0.761109 -19.2445 -0.0306974 0.984221 -0.174258 0.969749 -0.769113 -0.134606 -0.624777 34.4146
-0.594814 -0.0521386 0.802171 -19.2485 -0.189643 0.978829 -0.0770002 1.20158 -0.781173 -0.197927 -0.592109 34.1466
-0.570977 -0.130825 0.810475 -19.0012 -0.269954 0.962242 -0.0348586 1.39096 -0.775313 -0.238694 -0.584735 34.0106
-0.338754 -0.253703 0.906024 -18.7051 -0.443435 0.892354 0.0840794 1.53312 -0.829826 -0.37328 -0.41479 34.1465
-0.175662 -0.317639 0.931798 -18.6627 -0.390971 0.89118 0.230087 1.53958 -0.903484 -0.323889 -0.280734 34.0786
-0.327088 -0.241199 0.913694 -18.5456 -0.28416 0.947234 0.148328 1.71365 -0.901258 -0.211119 -0.378368 33.7829
-0.611411 -0.108322 0.783864 -18.5973 -0.166273 0.986058 0.00657083 1.70787 -0.773647 -0.126318 -0.620898 33.4164
-0.582796 -0.0934936 0.807223 -18.3257 -0.145946 0.98925 0.00920698 1.92502 -0.799405 -0.112445 -0.590175 33.1587
-0.141281 -0.1009 0.984814 -18.0544 -0.116078 0.989619 0.0847401 1.98585 -0.983141 -0.102343 -0.151527 33.209
0.206336 -0.0463145 0.977384 -17.8542 -0.0668107 0.995881 0.0612955 2.086 -0.976198 -0.0779472 0.202392 33.1536
0.191795 -0.0293822 0.980995 -17.5516 -0.128922 0.990136 0.0548616 2.22478 -0.972931 -0.136994 0.186115 33.0249
-0.156859 -0.142014 0.977357 -17.4513 -0.111842 0.985796 0.12529 2.34931 -0.981268 -0.089657 -0.170514 32.6216
-0.369761 -0.0396835 0.928279 -17.311 -0.135447 0.990717 -0.0115999 2.4799 -0.919201 -0.130022 -0.371703 32.3297
-0.720543 -0.046029 0.691881 -17.4387 -0.0959031 0.99482 -0.0336933 2.58274 -0.686746 -0.0906311 -0.721225 32.0985
-0.86295 -0.0951505 0.49625 -17.6643 -0.0612481 0.994566 0.0841902 2.72729 -0.501564 0.0422576 -0.864088 31.9074
-0.93723 -0.0954427 0.335396 -17.6421 -0.0621159 0.992127 0.10875 2.76221 -0.343135 0.0810904 -0.935779 31.7834
-0.853023 -0.170389 0.493274 -17.5259 -0.156728 0.985209 0.0692827 2.92713 -0.497783 -0.0182103 -0.867111 31.5936
-0.892808 -0.0595804 0.44648 -17.2521 -0.018535 0.995233 0.095745 3.0153 -0.450056 0.0772063 -0.889656 31.3838
-0.938633 -0.00497472 0.344881 -17.3413 0.0378149 0.992384 0.117232 3.14642 -0.342838 0.12308 -0.931297 31.131
-0.989443 0.0619658 0.13101 -17.0389 0.0715121 0.995018 0.0694608 3.3172 -0.126053 0.0780963 -0.988945 31.0722
-0.98405 0.16327 -0.0706258 -17.0018 0.158293 0.984826 0.0711429 3.41318 0.0811696 0.0588286 -0.994963 30.7554
-0.907175 0.146182 -0.394544 -16.8404 0.0999314 0.985732 0.13545 3.5288 0.408715 0.0834496 -0.908839 30.703
-0.685059 0.227369 -0.692096 -16.8258 0.158742 0.973807 0.162789 3.61041 0.710981 0.00165533 -0.703209 30.7746
-0.332236 0.248635 -0.909835 -16.8653 0.0522848 0.968001 0.245438 3.62096 0.941746 0.0339728 -0.334605 30.8155
0.0191467 0.270023 -0.962663 -16.6757 -0.0456904 0.96207 0.268948 3.60859 0.998772 0.038835 0.0307579 30.7224
0.160259 0.218434 -0.962603 -16.3391 -0.0969255 0.973977 0.204878 3.64238 0.982305 0.0604673 0.17726 30.6355
0.0700922 0.309405 -0.948344 -16.234 -0.211093 0.933753 0.289043 3.57737 0.97495 0.179929 0.130762 30.5915
0.0376669 0.307175 -0.950907 -16.233 -0.217097 0.93137 0.292264 3.58455 0.975423 0.195431 0.101769 30.5839
-0.997674 0.010314 0.0673755 -134.736 0.00145182 0.991476 -0.130279 11.4982 -0.0681449 -0.129878 -0.989186 2.07654
-0.997841 0.0596193 0.0275606 -134.56 0.0564892 0.993074 -0.103018 11.3985 -0.0335116 -0.101238 -0.994298 1.75038
-0.972284 0.0846164 -0.217955 -134.526 0.107025 0.989885 -0.0931301 11.4687 0.20787 -0.113875 -0.971505 1.12548
-0.85851 0.231896 -0.457367 -134.673 0.200782 0.972708 0.116304 11.3568 0.471855 0.00801695 -0.88164 0.42917
-0.737811 0.31514 -0.596927 -134.903 0.23475 0.94892 0.210816 11.3709 0.632873 0.0154137 -0.774103 -0.161547
-0.494069 0.262708 -0.828782 -135.088 0.130681 0.964866 0.22794 11.4091 0.859545 0.0043125 -0.511041 -0.468874
-0.180006 0.336925 -0.924164 -135.311 -0.0269516 0.937469 0.347025 11.3922 0.983296 0.0873742 -0.159669 -0.577215
0.246331 0.32016 -0.914778 -135.336 -0.120288 0.946664 0.298928 11.4344 0.961692 0.0364016 0.271704 -0.613899
0.603023 0.101076 -0.791295 -135.266 0.0472978 0.985665 0.161949 11.6216 0.796321 -0.135085 0.589598 -0.750138
0.726621 -0.0873244 -0.681467 -135.088 0.215924 0.970656 0.10585 11.7111 0.652226 -0.224058 0.724154 -0.778397
0.745702 -0.0501044 -0.664393 -135.058 0.207236 0.96515 0.159812 11.6559 0.633231 -0.256858 0.730097 -0.777971
0.713314 0.132031 -0.688295 -135.17 0.0537359 0.9689 0.241547 11.5564 0.698781 -0.209285 0.684036 -0.863985
0.477001 0.246642 -0.843586 -135.094 0.00926706 0.958353 0.285436 11.49 0.878854 -0.143971 0.45485 -0.882523
0.191492 0.204264 -0.960004 -135.098 0.170061 0.956405 0.23742 11.4718 0.966649 -0.208723 0.148407 -1.11453
-0.159877 0.236251 -0.958449 -135.037 0.215353 0.955899 0.1997 11.478 0.96336 -0.174477 -0.203704 -1.42129
-0.475902 0.238246 -0.846615 -134.973 0.244587 0.96049 0.132804 11.4682 0.844805 -0.143869 -0.51537 -1.53801
-0.755438 0.286995 -0.589022 -134.995 0.292015 0.952222 0.0894426 11.4792 0.58655 -0.104435 -0.803152 -1.71645
-0.925564 0.289429 -0.244053 -134.985 0.298191 0.954506 0.00109639 11.4356 0.233267 -0.0717595 -0.969761 -1.89547
-0.869594 0.348012 0.350278 -134.905 0.328785 0.937369 -0.115067 11.2583 -0.368384 0.0151043 -0.929551 -2.20713
-0.659084 0.37185 0.65371 -134.948 0.32644 0.924511 -0.196767 11.0582 -0.677529 0.0837114 -0.730717 -2.42468
-0.601714 0.250973 0.758257 -134.777 0.192866 0.966912 -0.166986 10.8663 -0.775076 0.0457641 -0.630208 -2.75359
-0.817034 0.0607597 0.573379 -134.85 -0.07007 0.976599 -0.203334 10.8056 -0.572316 -0.206307 -0.793657 -2.9771
-0.771194 -0.162421 0.615532 -134.664 -0.304447 0.943263 -0.132539 10.6626 -0.559081 -0.289611 -0.776887 -3.22158
-0.908939 -0.102163 0.404219 -134.685 -0.168853 0.976647 -0.13285 10.5173 -0.381207 -0.189006 -0.904963 -3.5145
-0.908858 0.0418703 0.414998 -134.52 -0.0959604 0.94727 -0.305729 10.174 -0.405916 -0.317688 -0.856917 -3.94245
-0.884157 0.0719574 0.461614 -134.593 0.0490748 0.996906 -0.0614039 10.0255 -0.464605 -0.0316371 -0.884953 -4.16832
-0.931754 -0.0317703 0.361698 -134.625 0.00108187 0.995917 0.0902648 9.97988 -0.363089 0.0844959 -0.927915 -4.71092
-0.943183 0.0395552 0.329911 -134.713 0.0820908 0.98985 0.11601 9.92726 -0.321974 0.136501 -0.936857 -4.77692
-0.849585 -0.0616246 0.523839 -134.694 -0.0239291 0.996632 0.0784347 9.93411 -0.526909 0.0541019 -0.848198 -4.718
-0.818534 -0.114093 0.563014 -134.929 -0.106506 0.993227 0.0464308 9.96689 -0.564498 -0.0219593 -0.825142 -5.02213
-0.660458 -0.063395 0.748182 -134.9 -0.0729372 0.997134 0.0201039 9.97859 -0.747312 -0.0412925 -0.663189 -5.53433
-0.381758 -0.0530453 0.922739 -134.754 -0.211121 0.976962 -0.0311829 9.97791 -0.899827 -0.206714 -0.384162 -5.92434
-0.187148 -0.0365172 0.981653 -134.502 -0.242991 0.969975 -0.0102425 9.87338 -0.951804 -0.240449 -0.190403 -6.73353
-0.114286 -0.0938437 0.989006 -134.165 -0.190528 0.979119 0.0708889 9.94098 -0.975007 -0.180332 -0.129779 -7.2616
-0.560797 -0.137951 0.81638 -133.773 -0.293582 0.955085 -0.040281 9.97508 -0.774155 -0.262264 -0.576108 -7.83553
