1 -0.00026124 -7.11433e-05 4.79643e-08 0.000261214 1 -0.000372844 -3.03766e-05 7.12407e-05 0.000372826 1 9.07939e-06
0.901445 -0.00988119 -0.43278 4.8343 0.000969125 0.999783 -0.0208084 0.220995 0.432892 0.0183382 0.901259 0.27071
0.847263 -0.0339282 -0.530088 5.59169 0.0177266 0.999208 -0.0356209 0.225916 0.530877 0.0207836 0.847194 0.672453
0.920949 -0.0705762 -0.383238 6.38128 0.0266552 0.992568 -0.118734 0.225859 0.38877 0.0991331 0.915986 1.42079
0.956529 -0.0915688 -0.27689 7.43163 0.0786412 0.995245 -0.0574628 0.263676 0.280836 0.0331898 0.959182 1.82117
0.84753 -0.0537222 -0.528022 8.45552 0.0357676 0.998384 -0.0441673 0.249973 0.529541 0.018547 0.848081 2.27139
0.55576 -0.0645731 -0.828831 9.1825 0.0883583 0.99592 -0.0183434 0.292938 0.826634 -0.0630396 0.559198 3.10564
0.162872 -0.0638409 -0.98458 9.29315 0.256937 0.966218 -0.0201471 0.402431 0.952605 -0.249693 0.173773 3.35365
-0.238521 0.0269639 -0.970763 9.54894 0.297862 0.953466 -0.0467028 0.454234 0.92433 -0.300293 -0.235454 3.82894
-0.553861 0.00937463 -0.832556 9.60223 0.217472 0.966854 -0.133787 0.479113 0.803706 -0.255158 -0.537542 4.14166
-0.546501 -0.00224589 -0.837456 9.65022 0.0681253 0.996563 -0.0471293 0.404461 0.834683 -0.0828081 -0.544469 4.83121
-0.603739 0.0820057 -0.792953 10.0276 0.0389051 0.996541 0.0734388 0.289865 0.796232 0.013488 -0.604841 4.78752
-0.867109 0.111112 -0.485567 10.1546 0.060183 0.991032 0.119304 0.247004 0.494469 0.0742264 -0.86602 4.55301
-0.992491 0.0211061 -0.120482 10.0756 0.0140016 0.998129 0.0595117 0.227338 0.121513 0.0573778 -0.99093 4.23063
-0.976075 -0.00438223 0.217388 9.65389 -0.00128055 0.999895 0.0144068 0.282235 -0.217428 0.0137837 -0.975979 3.65323
-0.819122 -0.00512932 0.573596 9.3225 0.0493496 0.995622 0.0793768 0.257353 -0.571493 0.093326 -0.815283 3.16775
-0.587212 -0.015636 0.809282 8.75384 0.00728538 0.999671 0.0246007 0.283864 -0.809401 0.0203417 -0.586904 2.36572
-0.573344 -0.04832 0.817889 8.1345 -0.0596344 0.998073 0.0171611 0.314853 -0.817142 -0.0389351 -0.57512 1.60276
-0.833655 -0.0175488 0.552006 7.57268 -0.0139351 0.999845 0.0107408 0.315592 -0.552109 0.00126185 -0.833771 0.712196
-0.95837 -0.0485545 0.28137 6.95521 -0.0332271 0.997705 0.0589943 0.280873 -0.283589 0.0471892 -0.957784 -0.148172
-0.814465 -0.0051344 0.58019 6.24416 0.000680707 0.999952 0.00980465 0.252001 -0.580213 0.00838048 -0.814422 -0.786636
-0.90588 -0.0290309 0.422539 5.17923 -0.0118563 0.998995 0.0432182 0.250175 -0.423369 0.0341407 -0.905314 -1.191
-0.995607 -0.0108442 0.0930004 4.49092 -0.00603913 0.99864 0.0517935 0.249617 -0.0934355 0.0510043 -0.994318 -1.6715
-0.921737 -0.0900384 -0.377218 4.56811 -0.118982 0.991422 0.0540902 0.249333 0.369112 0.0947389 -0.924544 -1.78108
-0.74975 -0.12006 -0.650738 4.72592 -0.191493 0.980691 0.039694 0.257423 0.633407 0.154373 -0.758264 -1.80591
-0.468917 -0.0405141 -0.882312 4.92763 -0.204479 0.976788 0.0638212 0.239029 0.859247 0.210341 -0.466317 -1.81651
-0.105942 -0.062448 -0.992409 5.15395 -0.0944801 0.994143 -0.052471 0.270419 0.989874 0.088204 -0.111222 -1.6524
0.246906 -0.109401 -0.962844 5.16587 0.0207398 0.993976 -0.10762 0.328179 0.968818 0.00660291 0.247687 -1.13866
0.338325 -0.150323 -0.928945 5.23326 0.0433192 0.9886 -0.144199 0.346456 0.940032 0.00854517 0.34098 -0.770065
0.622616 -0.107393 0.775123 2.34852 -0.0877112 0.974719 0.205501 0.139368 -0.777596 -0.195935 0.597456 -0.41452
0.582045 -0.205997 0.786631 2.4815 0.0585515 0.975486 0.212129 0.107591 -0.811046 -0.0774102 0.579838 -0.50819
0.465476 -0.237942 0.852476 2.63988 0.0620448 0.969587 0.236751 0.102756 -0.882883 -0.0573102 0.466082 -0.554105
0.618894 -0.354302 0.701028 2.97518 0.0280789 0.901899 0.431034 0.216752 -0.784972 -0.24708 0.568128 -0.887699
0.66515 -0.41351 0.621759 3.37002 0.0285666 0.846148 0.532182 0.270016 -0.746163 -0.33622 0.574628 -0.969752
0.798492 -0.442102 0.408603 3.66183 0.206291 0.838585 0.504201 0.230801 -0.565556 -0.31831 0.760806 -0.967393
0.864771 -0.171719 0.471894 3.9977 0.0781044 0.974274 0.211402 0.139992 -0.496055 -0.145957 0.855935 -0.632265
0.975271 -0.163324 0.148898 4.21262 0.133684 0.972438 0.191031 0.159262 -0.175994 -0.166402 0.970225 -0.251793
0.977193 -0.113881 -0.179236 4.37058 0.129659 0.988415 0.07889 0.116936 0.168176 -0.10033 0.980638 0.0641696
0.86235 -0.0694883 -0.501521 4.33125 0.140934 0.984334 0.105947 0.129538 0.486302 -0.162044 0.858634 0.387708
0.700382 -0.310581 -0.642654 4.33757 0.448689 0.891803 0.0580038 0.238629 0.555107 -0.328977 0.763957 0.589537
0.719011 -0.474313 -0.507987 4.2721 0.646668 0.724381 0.23894 0.305019 0.254644 -0.500299 0.827561 0.701221
0.817769 -0.26298 -0.511953 4.13738 0.386429 0.910077 0.149774 0.1948 0.426529 -0.320314 0.845856 1.11738
0.793492 0.0153008 -0.608388 4.09658 0.0973962 0.983606 0.151767 0.0677954 0.600737 -0.17968 0.778993 1.40757
0.571749 -0.0302383 -0.819871 3.91297 0.121535 0.991417 0.0481893 0.0888437 0.811376 -0.127195 0.570517 1.57144
0.28864 0.0047995 -0.957426 3.91772 0.071885 0.997056 0.0266697 0.0651393 0.954735 -0.0765225 0.287445 1.7479
-0.0361485 -0.0606612 -0.997504 4.10505 0.189218 0.979685 -0.0664347 0.148433 0.981269 -0.191147 -0.0239359 1.58476
-0.371924 -0.128342 -0.919348 4.2078 0.116801 0.976054 -0.18351 0.158028 0.920886 -0.175633 -0.348027 1.62775
-0.646689 -0.283675 -0.708041 4.57823 0.0406956 0.914115 -0.403407 0.237557 0.761668 -0.289693 -0.579604 1.62469
-0.855318 -0.27039 -0.441951 4.67568 -0.0801289 0.911789 -0.402766 0.210044 0.51187 -0.30908 -0.801535 1.54168
-0.944402 -0.269855 -0.187837 4.5878 -0.185286 0.908744 -0.373969 0.225265 0.271613 -0.318374 -0.90822 1.55945
-0.989258 -0.111263 0.0948068 4.42206 -0.127603 0.973697 -0.188766 0.140111 -0.0713105 -0.198836 -0.977435 1.40318
-0.85566 -0.104305 0.506919 4.34984 -0.181386 0.977793 -0.104979 0.131327 -0.484711 -0.181775 -0.855577 1.14721
-0.590039 -0.16373 0.790599 4.27483 -0.267337 0.963603 3.97387e-05 0.170622 -0.76183 -0.211333 -0.612334 1.07941
-0.294075 -0.154995 0.943131 4.30913 -0.300046 0.951851 0.0628713 0.155574 -0.907465 -0.264494 -0.326421 0.94387
0.0549194 -0.183183 0.981544 4.38027 -0.304259 0.933206 0.191186 0.190175 -0.951005 -0.309144 -0.00448413 0.650239
0.139932 -0.0836406 0.986622 4.52838 -0.219228 0.969079 0.113246 0.143415 -0.965587 -0.232142 0.117268 0.254567
-0.25526 -0.0263191 0.966514 4.70162 -0.140677 0.990003 -0.0101947 0.0900501 -0.956584 -0.138569 -0.256411 -0.217382
-0.594925 0.0598358 0.801551 4.7036 -0.047616 0.99285 -0.109458 0.0857696 -0.80237 -0.103286 -0.587822 -0.459575
-0.901785 -0.0547528 0.428703 4.72788 -0.149913 0.969984 -0.191461 0.154661 -0.405351 -0.236925 -0.882925 -0.564057
-0.9763 -0.185736 0.111089 4.51946 -0.207999 0.947072 -0.244521 0.182119 -0.0597933 -0.261832 -0.963259 -0.647528
-0.957207 -0.106519 -0.26909 4.25585 -0.0265121 0.958166 -0.284982 0.18279 0.288189 -0.265653 -0.919987 -0.877659
-0.747459 -0.0397072 -0.66312 3.75622 0.0812968 0.985241 -0.150632 0.146648 0.659315 -0.166501 -0.733199 -0.915026
-0.487957 -0.140753 -0.861445 3.39818 0.142899 0.960716 -0.237917 0.200616 0.861091 -0.239193 -0.448674 -1.00806
-0.394522 -0.240107 -0.886962 2.81327 0.175709 0.927733 -0.329299 0.217193 0.901931 -0.285763 -0.323822 -0.901337
-0.341658 -0.232036 -0.91073 2.31276 0.199207 0.929145 -0.311459 0.209882 0.91847 -0.287836 -0.271227 -0.747434
-0.492613 -0.254246 -0.832281 1.77202 0.203076 0.896384 -0.394025 0.254345 0.846223 -0.363118 -0.389939 -0.702918
-0.597856 -0.249793 -0.76169 1.08624 0.0266261 0.943495 -0.330314 0.245553 0.801161 -0.217761 -0.557424 -0.85482
-0.507814 -0.122279 -0.852744 0.468553 0.101929 0.974393 -0.200422 0.160498 0.855416 -0.188696 -0.482346 -1.20479
-0.18357 -0.088417 -0.979022 -0.0674274 0.119387 0.986569 -0.111484 0.140834 0.97573 -0.137348 -0.170548 -1.26459
0.169042 -0.0828634 -0.982119 -0.266309 0.182932 0.981784 -0.0513489 0.144913 0.968484 -0.170981 0.181121 -1.2261
0.626973 -0.140405 -0.766284 -0.457631 0.230534 0.973009 0.0103399 0.18139 0.74415 -0.183137 0.642418 -0.934053
0.867654 -0.141736 -0.476538 -0.506636 0.209754 0.973379 0.0923974 0.193673 0.450756 -0.180125 0.874285 -0.87073
0.951092 -0.254273 -0.175411 -0.479993 0.286675 0.938059 0.194582 0.175374 0.115069 -0.235351 0.965075 -0.758884
0.905642 -0.418279 0.0696823 -0.409584 0.361919 0.848086 0.386995 0.233618 -0.220968 -0.32526 0.919445 -0.568614
0.804338 -0.574832 0.150362 -0.542219 0.360835 0.673619 0.645008 0.30444 -0.472058 -0.464548 0.749237 -0.366251
0.735935 -0.671727 0.0847516 -0.314349 0.305497 0.441164 0.843828 0.379285 -0.604211 -0.595111 0.529878 -0.0413012
0.733193 -0.672478 -0.101003 -0.0479658 0.471934 0.396254 0.787566 0.387868 -0.489598 -0.625104 0.607896 0.338676
0.745163 -0.626168 -0.229446 0.262425 0.620706 0.525423 0.581941 0.365217 -0.243837 -0.57606 0.780191 0.771555
0.780822 -0.495595 -0.380397 0.268894 0.618802 0.697339 0.361666 0.313667 0.0860251 -0.517787 0.851173 1.16083
0.677917 -0.384054 -0.626842 0.316206 0.443919 0.893531 -0.0673604 0.181806 0.585973 -0.232602 0.776229 1.36107
0.582484 -0.284544 -0.761411 0.293277 0.11525 0.956174 -0.269162 0.118979 0.80463 0.0690296 0.58975 1.53761
0.359645 -0.197745 -0.911895 -0.00280454 0.104309 0.97968 -0.171306 0.0876355 0.92724 -0.0335094 0.372964 1.87082
0.416811 -0.08347 -0.905153 -0.120211 0.194487 0.980905 -0.000897072 0.0648093 0.887944 -0.175666 0.425085 2.42497
0.477916 -0.133492 -0.868203 -0.431749 0.271203 0.962521 0.00129351 0.0786527 0.835491 -0.236077 0.496208 2.81035
0.673862 -0.0654946 -0.735949 -0.640228 0.19245 0.97724 0.0892463 0.0866266 0.713354 -0.201773 0.671129 3.33539
0.707761 -0.133971 -0.693632 -0.806637 0.180608 0.983539 -0.00567777 0.0867001 0.682975 -0.121257 0.720307 3.95884
0.89237 -0.120903 -0.434809 -0.81786 0.204638 0.96711 0.151068 0.122566 0.402244 -0.223787 0.887761 4.40857
0.822167 -0.240016 -0.516173 -0.798548 0.331003 0.939283 0.0904671 0.176582 0.463119 -0.245234 0.851693 4.87509
0.660776 -0.12026 -0.740887 -1.19489 0.193586 0.980992 0.0134206 0.102303 0.725189 -0.152293 0.671496 5.41451
0.695833 -0.159901 -0.700177 -1.39432 0.304391 0.94867 0.0858532 0.157267 0.650509 -0.272867 0.708788 5.97783
0.683486 -0.216382 -0.697156 -1.56203 0.350057 0.935232 0.0529175 0.177568 0.640552 -0.280213 0.714964 6.48954
0.549065 -0.116256 -0.827655 -1.86226 0.313399 0.94666 0.0749369 0.144124 0.774796 -0.300532 0.556212 6.81328
0.236822 -0.0670259 -0.969238 -2.0084 0.178967 0.983555 -0.0242874 0.0833611 0.954927 -0.16771 0.244923 6.97337
-0.140972 -0.102098 -0.984735 -2.09834 0.157098 0.979758 -0.124071 0.10527 0.97747 -0.17219 -0.12208 7.137
-0.399341 -0.12612 -0.908086 -2.3095 0.164208 0.964636 -0.206186 0.122921 0.901977 -0.231454 -0.364509 7.38807
-0.195579 -0.137797 -0.970959 -2.46471 0.106519 0.981237 -0.160712 0.113964 0.974886 -0.134857 -0.177231 7.92478
0.193769 -0.136611 -0.971489 -2.49935 0.164109 0.980818 -0.10519 0.103214 0.967224 -0.139047 0.212471 8.16981
0.514874 -0.0798222 -0.853542 -2.60572 0.239618 0.969371 0.0538879 0.100647 0.823097 -0.232269 0.51823 8.3985
0.706366 -0.00209082 -0.707844 -2.75154 0.114245 0.987222 0.11109 0.0756511 0.698567 -0.159338 0.697579 8.91749
0.860981 -0.164898 -0.481166 -2.88293 0.311572 0.918714 0.242667 0.0825255 0.402039 -0.358849 0.842373 9.08879
0.95247 -0.148346 -0.26607 -3.0124 0.211865 0.950171 0.228664 0.0664236 0.218891 -0.274167 0.93644 9.55021
0.956731 -0.0866009 -0.277789 -3.27316 0.165328 0.947397 0.274052 0.0553345 0.239444 -0.308121 0.920722 9.74143
0.886715 -0.162891 -0.432669 -3.42139 0.273162 0.939638 0.206065 0.0753652 0.372986 -0.30091 0.877687 10.1569
0.859673 -0.000525651 -0.510844 -3.70006 0.1375 0.963333 0.2304 0.0186071 0.491992 -0.26831 0.828223 10.705
0.641565 -0.0879711 -0.762007 -3.77574 0.213296 0.974683 0.0670591 0.04336 0.736817 -0.205556 0.644087 11.055
0.575934 -0.253323 -0.777256 -3.87748 0.496037 0.864037 0.0859485 0.0999405 0.649806 -0.435048 0.623286 11.4116
0.177039 -0.449161 -0.875735 -3.93117 0.685948 0.694391 -0.217478 0.204624 0.705785 -0.562206 0.431035 11.5011
-0.154712 -0.470798 -0.86857 -3.95986 0.548249 0.690454 -0.471907 0.229609 0.82188 -0.549203 0.151293 11.6895
0.118682 -0.238575 -0.963845 -4.33392 0.415991 0.893355 -0.169904 0.0693229 0.901591 -0.380786 0.20527 12.0609
0.276332 -0.101724 -0.955664 -4.51144 0.106189 0.991526 -0.074837 -0.0538537 0.955178 -0.0808007 0.284792 12.4381
0.386855 -0.0279818 -0.921716 -4.62029 0.000793406 0.999549 -0.0300117 -0.0741589 0.92214 0.0108789 0.386703 12.6766
0.632259 -0.160596 -0.75793 -4.79658 0.20825 0.977505 -0.0334 0.0128694 0.746244 -0.136722 0.651481 12.9735
0.66943 -0.182349 -0.720147 -4.91585 0.258284 0.966058 -0.00452207 0.0313431 0.696529 -0.182975 0.693807 13.495
0.67803 -0.156561 -0.718167 -5.12838 0.221481 0.975158 -0.00348181 0.0473129 0.700871 -0.1567 0.695862 13.9927
0.818488 -0.196677 -0.53981 -5.20601 0.263997 0.963261 0.0493273 0.0613364 0.510277 -0.182882 0.84034 14.3384
0.883563 -0.33203 -0.330263 -5.31673 0.384875 0.91661 0.108157 0.122933 0.266811 -0.222673 0.937672 14.8674
0.923551 -0.275095 -0.267165 -5.54241 0.309572 0.946012 0.0960536 0.112844 0.226318 -0.171417 0.958852 15.4027
0.923032 -0.243425 -0.297921 -5.80085 0.292532 0.947026 0.132538 0.110486 0.249876 -0.209488 0.945345 16.0709
0.919024 -0.359099 -0.162611 -5.91225 0.387291 0.899413 0.202638 0.164914 0.0734879 -0.249207 0.965658 16.5271
0.936038 -0.12253 -0.329878 -6.21692 0.165303 0.98066 0.104793 0.0932923 0.310658 -0.15262 0.938189 17.0018
0.927484 -0.158205 -0.33874 -6.3207 0.175177 0.984336 0.0199169 0.0892783 0.330283 -0.077812 0.940669 17.5808
0.890983 0.0784878 -0.4472 -6.5252 -0.0757844 0.996836 0.0239644 -0.0247449 0.447666 0.0125389 0.894113 18.0184
0.651426 0.187187 -0.735259 -6.67596 -0.208469 0.975948 0.063763 -0.105202 0.72951 0.111742 0.674781 18.1835
0.157175 0.0468059 -0.986461 -6.85434 -0.0363175 0.998475 0.0415894 -0.0222717 0.986903 0.029289 0.158635 18.2233
-0.239478 -0.0849494 -0.967178 -7.04567 0.0299429 0.995045 -0.094811 0.0718609 0.97044 -0.0516652 -0.235747 18.2137
-0.32101 -0.295043 -0.899946 -7.24002 0.176913 0.91483 -0.363027 0.174822 0.930406 -0.275747 -0.241472 18.3782
-0.323293 -0.356056 -0.876759 -7.3499 0.180076 0.886435 -0.426386 0.196984 0.929007 -0.29573 -0.222462 18.8405
-0.117925 -0.246306 -0.961991 -7.65809 0.157182 0.951908 -0.262992 0.121703 0.980504 -0.182221 -0.0735391 19.4043
0.15745 -0.0898023 -0.983435 -7.78756 0.216396 0.974791 -0.0543674 0.0749569 0.963526 -0.204252 0.172914 20.0714
0.000258881 -0.0471721 -0.998887 -7.89036 0.199761 0.978756 -0.0461696 0.0487181 0.979845 -0.199527 0.00967654 20.5814
0.0267817 -0.0317326 -0.999138 -7.99592 0.204822 0.978465 -0.0255858 0.00837022 0.978433 -0.20396 0.0327044 20.8544
0.325846 -0.077966 -0.942202 -8.20116 0.240187 0.970723 0.0027392 0.00809988 0.914404 -0.227198 0.335033 21.3413
-0.0321934 -0.111114 -0.993286 -8.41587 0.246119 0.962318 -0.115626 0.0346428 0.968705 -0.248189 -0.00363311 21.6347
-0.414412 -0.122275 -0.901838 -8.77071 0.189574 0.957599 -0.216948 0.00811717 0.890126 -0.260871 -0.373661 21.9178
-0.663118 -0.200176 -0.721252 -8.88107 0.0165037 0.959433 -0.281454 0.0627546 0.748333 -0.19854 -0.632913 22.1927
-0.421076 -0.147433 -0.894963 -9.33489 0.139966 0.964321 -0.224712 0.0217738 0.896161 -0.219885 -0.385416 22.655
-0.0509283 -0.166742 -0.984684 -9.41015 0.239383 0.955183 -0.174127 0.053413 0.969589 -0.244585 -0.00873076 23.0871
0.383884 -0.104788 -0.917416 -9.49836 0.314782 0.948877 0.0233362 0.0260033 0.86807 -0.297745 0.397244 23.4838
0.542053 -0.265539 -0.797287 -9.50131 0.422013 0.906466 -0.0149873 0.0651722 0.726694 -0.328341 0.603414 23.9281
0.391729 -0.309219 -0.866564 -9.63175 0.584755 0.810825 -0.0249919 0.0993393 0.710359 -0.496937 0.49844 24.4934
0.280141 -0.235412 -0.930646 -9.77935 0.363677 0.923227 -0.124062 0.0588213 0.888403 -0.3037 0.344248 25.0975
0.431546 -0.163624 -0.887127 -10.0188 0.37721 0.926041 0.0126935 0.0267582 0.819439 -0.340111 0.46135 25.6651
0.329765 -0.120684 -0.936318 -10.3766 0.37242 0.927993 0.0115525 0.0275124 0.867502 -0.352513 0.350964 26.2654
0.0821927 -0.186114 -0.979084 -10.6429 0.300862 0.941208 -0.153657 0.0379631 0.950119 -0.28194 0.133355 26.5474
0.156888 -0.0131025 -0.98753 -10.956 0.206923 0.978155 0.0198955 0.00206171 0.965696 -0.207464 0.156172 27.0022
-0.120878 -0.0326383 -0.992131 -11.0507 0.109158 0.992961 -0.0459651 -0.00335175 0.986647 -0.113856 -0.116464 27.3124
-0.38613 -0.00371915 -0.922437 -11.397 0.074763 0.996576 -0.0353136 -0.0101297 0.91941 -0.0825998 -0.384529 27.3621
-0.703805 0.0249109 -0.709956 -11.6477 0.0116314 0.999655 0.0235452 -0.0316201 0.710298 0.0083134 -0.703852 27.4144
-0.602423 -0.146818 -0.784558 -11.9612 0.0423343 0.975676 -0.215089 0.0410833 0.797054 -0.162788 -0.581554 27.347
-0.746664 -0.178963 -0.640676 -12.2479 -0.0812476 0.980454 -0.179187 0.063804 0.660221 -0.0817388 -0.74661 27.3211
-0.54937 -0.192965 -0.812993 -12.2884 0.0925887 0.952919 -0.288742 0.101388 0.830434 -0.2339 -0.505639 27.2099
-0.831122 -0.165836 -0.530786 -12.4921 -0.0367482 0.96879 -0.245142 0.07696 0.554874 -0.184238 -0.811277 26.9722
-0.955726 -0.23028 -0.183193 -12.4607 -0.186938 0.955933 -0.226377 0.118418 0.22725 -0.182109 -0.956657 26.7919
-0.956118 -0.249168 0.154125 -12.3998 -0.27722 0.939609 -0.200708 0.119712 -0.0948075 -0.234627 -0.967451 26.5941
-0.936483 -0.22078 0.272499 -12.5118 -0.253903 0.962795 -0.0925155 0.126188 -0.241935 -0.155828 -0.957698 26.5144
-0.98283 -0.131026 0.129917 -12.4074 -0.154809 0.968669 -0.194204 0.115109 -0.100401 -0.210981 -0.97232 26.5154
-0.911059 -0.147142 0.385125 -12.4472 -0.167093 0.985765 -0.0186548 0.0610819 -0.376897 -0.0813472 -0.922676 26.4835
-0.950532 -0.251866 0.181802 -12.6172 -0.289675 0.930046 -0.226059 0.120315 -0.112147 -0.26754 -0.956998 26.351
-0.941799 -0.335986 -0.0113349 -12.6146 -0.310056 0.881157 -0.35697 0.182707 0.129925 -0.332679 -0.934047 26.1899
-0.915688 -0.30392 -0.26296 -12.9345 -0.170969 0.886734 -0.429502 0.178319 0.36371 -0.348332 -0.863933 26.106
-0.862337 -0.115067 -0.493087 -12.958 0.0275859 0.961712 -0.272669 0.110253 0.505583 -0.248735 -0.826146 26.1217
-0.605921 -0.133195 -0.784295 -13.1874 0.0421908 0.979116 -0.198876 0.0659512 0.794405 -0.153593 -0.587647 26.2916
-0.173959 -0.0394376 -0.983963 -13.2218 0.108598 0.992335 -0.0589726 0.0367659 0.978747 -0.117115 -0.168343 26.3811
0.188337 -0.019472 -0.981911 -13.192 0.100918 0.994895 -0.000372723 0.0393675 0.976906 -0.0990224 0.18934 26.2879
0.0345993 -0.250291 -0.967552 -13.3087 0.264042 0.936021 -0.232693 0.103697 0.96389 -0.247423 0.098473 26.396
0.435964 -0.250814 -0.864308 -13.2903 0.385904 0.919707 -0.0722376 0.131049 0.813028 -0.302046 0.497749 26.4269
0.495634 -0.372293 -0.784694 -13.5156 0.408337 0.897278 -0.167791 0.192622 0.766556 -0.237257 0.596742 26.3522
0.282838 -0.233 -0.930437 -13.8064 0.31017 0.940145 -0.141145 0.137127 0.907633 -0.248672 0.338179 26.4534
0.282143 -0.096913 -0.954465 -14.0224 0.142381 0.988097 -0.0582396 0.0439684 0.948748 -0.119466 0.292584 26.2936
0.287788 -0.0948256 -0.952988 -14.05 0.0338156 0.995472 -0.0888411 0.00906209 0.957097 -0.00665841 0.289692 26.3582
0.592535 -0.066534 -0.802793 -14.1077 0.0916585 0.99568 -0.0148677 0.0254525 0.800313 -0.0647731 0.596073 26.4405
0.749338 -0.232908 -0.619876 -14.2639 0.38536 0.914642 0.122182 0.156227 0.538507 -0.330431 0.775129 26.4249
0.814468 -0.362698 -0.452871 -14.2265 0.524816 0.793357 0.308469 0.276881 0.247407 -0.488912 0.836514 26.6832
0.91321 -0.330267 -0.238688 -14.5084 0.403899 0.811213 0.422847 0.24585 0.0539745 -0.482554 0.874202 26.7855
0.986962 -0.160792 -0.00724737 -14.4344 0.157458 0.955202 0.250592 0.0505138 -0.0333705 -0.248466 0.968066 26.9591
0.96316 -0.0170763 0.268385 -14.5293 0.000595195 0.998115 0.0613702 -0.0344422 -0.268927 -0.0589496 0.961355 26.8795
0.764358 0.0676229 0.641236 -14.58 -0.0479434 0.997693 -0.048065 -0.0760933 -0.643007 0.00599578 0.765836 26.6398
0.447939 0.0240792 0.89374 -14.5343 -0.0893233 0.995841 0.0179384 -0.00717749 -0.889591 -0.0878671 0.448227 26.3426
0.256673 -0.0956298 0.961756 -14.564 -0.21938 0.963355 0.154337 0.100713 -0.941271 -0.250604 0.226288 26.3799
-0.104422 -0.0494764 0.993302 -14.773 -0.20127 0.979147 0.0276127 0.068214 -0.973954 -0.197038 -0.112202 26.4662
0.129461 -0.0770336 0.988588 -15.0576 -0.177578 0.979059 0.0995458 0.0819949 -0.975554 -0.188438 0.11307 26.6848
-0.0599081 -0.0801566 0.99498 -15.1613 -0.148419 0.986406 0.0705295 0.0427284 -0.987108 -0.143449 -0.0709905 26.7164
0.00886488 -0.142921 0.989694 -15.4316 -0.15865 0.976996 0.142508 0.100389 -0.987295 -0.158279 -0.0140135 26.9892
0.25384 -0.104986 0.961532 -15.4908 -0.123531 0.982432 0.13988 0.0705689 -0.959325 -0.154286 0.236412 27.2588
0.577453 -0.0527471 0.814719 -15.5014 -0.137082 0.977479 0.160445 0.0521838 -0.804834 -0.204333 0.557217 27.5333
0.876494 0.0404718 0.479709 -15.4733 -0.12816 0.980117 0.151476 0.0212761 -0.464041 -0.194248 0.864253 27.994
0.978171 -0.103339 0.180283 -15.3349 0.0638531 0.97508 0.212467 0.088775 -0.197746 -0.196317 0.960394 28.2314
0.984203 -0.0924345 -0.150996 -15.489 0.123236 0.970023 0.209448 0.102412 0.12711 -0.224748 0.966091 28.6102
0.875888 -0.0492726 -0.479993 -15.6362 0.124838 0.984043 0.126789 0.0677495 0.466086 -0.170975 0.868062 28.7932
0.592966 -0.0222213 -0.804921 -15.7547 0.0973247 0.994269 0.044248 0.0467004 0.799325 -0.104576 0.59173 28.8958
0.239474 0.00644131 -0.970881 -15.8871 0.0539036 0.998347 0.0199192 0.0380369 0.969405 -0.0571041 0.238731 28.9553
0.102793 0.0841063 -0.991141 -16.0929 0.0546033 0.994439 0.0900492 0.00342819 0.993203 -0.0633759 0.0976286 29.1364
0.0209139 0.126634 -0.991729 -16.3965 -0.0806364 0.988928 0.124576 -0.0437775 0.996524 0.077364 0.0308937 29.5255
0.321721 0.312664 -0.893721 -16.5158 -0.202367 0.944799 0.257686 -0.110229 0.924956 0.0979566 0.367235 30.0429
0.589073 0.379265 -0.713548 -16.4414 -0.34434 0.916648 0.202945 -0.175945 0.731042 0.126153 0.670569 30.5928
0.81037 0.285446 -0.511684 -16.5198 -0.213428 0.957113 0.195918 -0.0892128 0.545663 -0.0495586 0.836538 30.8152
0.710496 0.0978961 -0.696859 -16.6347 0.0621879 0.977667 0.200749 0.041957 0.700948 -0.185968 0.68854 31.0447
0.490221 0.0101374 -0.871539 -16.8493 0.193812 0.97363 0.12034 0.0967669 0.849777 -0.227908 0.475329 30.8653
0.0910847 0.118236 -0.988799 -17.0091 -0.0660314 0.991459 0.112471 -0.00487858 0.993652 0.0550474 0.0981139 30.7462
-0.25836 0.287634 -0.922235 -17.0746 -0.0903231 0.943272 0.319499 -0.125959 0.961817 0.165845 -0.217724 30.5818
-0.445653 0.368345 -0.815914 -17.0304 -0.0711073 0.893981 0.442427 -0.215714 0.892377 0.255186 -0.372213 30.7406
-0.4021 0.316298 -0.859227 -17.1675 -0.00189834 0.938145 0.346237 -0.326895 0.915594 0.140853 -0.376628 31.044
-0.29916 -0.00350744 -0.954197 -17.2184 0.188932 0.979978 -0.062836 -0.279372 0.935312 -0.199076 -0.292507 31.2106
-0.351461 -0.115251 -0.929081 -17.2884 0.19895 0.960532 -0.194413 -0.366218 0.914819 -0.25317 -0.314661 31.4458
-0.276014 0.154797 -0.948606 -17.5365 0.0490011 0.987929 0.146956 -0.536431 0.959904 -0.00592092 -0.280267 31.5339
-0.216635 0.28185 -0.934682 -17.9523 -0.0337945 0.954679 0.295712 -0.777378 0.975668 0.0956486 -0.197292 31.6281
0.128474 0.41388 -0.90122 -18.0234 -0.204585 0.900265 0.384276 -0.813321 0.970381 0.135006 0.200335 31.7673
0.393286 0.518673 -0.759147 -18.0639 -0.403365 0.839316 0.364479 -0.85176 0.82621 0.162869 0.539305 31.8063
0.760133 0.366911 -0.536259 -17.8928 -0.386846 0.91865 0.0802017 -0.975075 0.522061 0.146485 0.840235 32.0016
0.899584 0.386264 -0.203835 -17.803 -0.393402 0.919347 0.00594802 -0.98386 0.189693 0.0748383 0.978987 32.0371
0.945919 0.295843 0.133097 -17.9415 -0.302517 0.952586 0.0326102 -1.05226 -0.117139 -0.0711106 0.990566 32.0685
0.963714 0.265324 0.0293165 -17.9666 -0.263666 0.963285 -0.0506289 -1.26015 -0.0416732 0.041062 0.998287 32.351
0.982112 0.188228 -0.00521041 -18.1082 -0.188276 0.981168 -0.0431407 -1.3749 -0.00300799 0.04335 0.999055 32.5542
0.912938 0.29772 -0.279118 -18.318 -0.313891 0.949355 -0.0140505 -1.42389 0.260799 0.10044 0.960154 32.7053
0.886855 0.196162 -0.41834 -18.3207 -0.269937 0.95479 -0.124542 -1.58972 0.374996 0.223376 0.899712 32.9764
0.890987 0.281194 -0.356472 -18.4924 -0.298245 0.95446 0.00745154 -1.73857 0.342334 0.0996768 0.934276 33.2064
0.905245 0.240498 -0.350276 -18.6757 -0.220277 0.97059 0.0971242 -1.75216 0.363332 -0.0107635 0.931598 33.2035
0.945588 -0.00707327 -0.325289 -18.778 0.09053 0.966004 0.242158 -1.64067 0.312517 -0.25843 0.914082 33.1433
0.927237 0.0806584 -0.365686 -18.7485 -0.00645641 0.979826 0.199747 -1.6859 0.37442 -0.182851 0.909052 33.2579
0.870847 0.222666 -0.43823 -18.8337 -0.163943 0.97204 0.16811 -1.95824 0.46341 -0.0745532 0.883002 33.7073
0.691376 0.239779 -0.681546 -19.005 -0.148622 0.970349 0.190618 -2.07047 0.707043 -0.0304961 0.706512 33.8735
0.340134 0.368158 -0.865314 -18.9441 -0.239068 0.923799 0.299069 -2.13694 0.909481 0.105145 0.40223 33.9824
0.140088 0.402921 -0.90445 -18.973 -0.194579 0.906848 0.373852 -2.31285 0.970832 0.123615 0.205439 34.1679
-0.0562443 0.388295 -0.919817 -18.812 -0.147239 0.907977 0.3923 -2.35356 0.9875 0.157498 0.00610378 34.4006
-0.0365167 0.337082 -0.940767 -18.7867 -0.112167 0.934064 0.339034 -2.61277 0.993018 0.117903 0.00370037 34.8097
0.0305432 0.321618 -0.946377 -19.0721 -0.120966 0.941049 0.315903 -2.77835 0.992187 0.104831 0.0676476 35.076
0.39734 0.262899 -0.879207 -19.121 -0.0870232 0.964562 0.249093 -2.89244 0.913536 -0.0224632 0.406137 35.3856
0.614928 0.0877193 -0.783689 -19.3664 0.059719 0.98576 0.157196 -2.96868 0.786319 -0.143466 0.600933 35.5581
0.664528 0.0410444 -0.746135 -19.6113 0.0809876 0.988653 0.126515 -3.15124 0.742861 -0.144501 0.653664 35.8996
0.756607 0.164598 -0.632814 -19.6809 -0.0747732 0.983229 0.166343 -3.33733 0.64958 -0.0785386 0.756225 36.2781
0.856755 0.279916 -0.433149 -19.7933 -0.256833 0.959907 0.112318 -3.54059 0.447223 0.0150179 0.894297 36.4745
0.941908 0.249273 -0.225104 -19.7214 -0.255694 0.966758 0.000649901 -3.7167 0.217783 0.0569455 0.974335 36.7781
0.938887 0.327435 0.1062 -19.6707 -0.315795 0.942098 -0.112804 -3.86456 -0.136987 0.0723731 0.987925 36.9649
