1 2.72541e-05 1.80661e-05 7.88287e-06 -2.7254e-05 1 -6.59604e-06 -2.33169e-06 -1.80663e-05 6.59555e-06 1 -5.50306e-07
0.901484 -0.00959009 -0.432705 4.83439 0.000867245 0.999793 -0.0203517 0.219728 0.432811 0.0179715 0.901306 0.270188
0.847316 -0.0336353 -0.530023 5.59182 0.0176754 0.999226 -0.0351542 0.224577 0.530795 0.0204183 0.847254 0.671862
0.920992 -0.0702735 -0.383191 6.38148 0.0265271 0.992626 -0.11828 0.224566 0.388677 0.0987703 0.916065 1.42013
0.956607 -0.0913366 -0.276696 7.43206 0.0785721 0.995283 -0.056897 0.26304 0.280588 0.0326874 0.959272 1.81945
0.84765 -0.0534723 -0.527854 8.45604 0.0358394 0.998407 -0.0435875 0.249364 0.529344 0.018029 0.848216 2.26946
0.55597 -0.0643599 -0.828707 9.18319 0.0886743 0.995901 -0.0178541 0.292578 0.826459 -0.0635587 0.559398 3.10355
0.163103 -0.0636632 -0.984553 9.29395 0.257419 0.966097 -0.0198252 0.402174 0.952435 -0.250209 0.173962 3.35145
-0.238259 0.0271259 -0.970823 9.54985 0.298414 0.953298 -0.0466005 0.454168 0.924219 -0.30081 -0.235227 3.82667
-0.553633 0.00955895 -0.832706 9.60321 0.218032 0.966717 -0.133864 0.479205 0.803712 -0.255668 -0.537291 4.13935
-0.54631 -0.0020328 -0.837581 9.65132 0.0686811 0.996521 -0.0472156 0.40491 0.834763 -0.0833203 -0.544269 4.82893
-0.603558 0.0822438 -0.793066 10.0287 0.0394723 0.996528 0.0733034 0.290203 0.796342 0.0129386 -0.604709 4.78522
-0.866986 0.111365 -0.485729 10.1556 0.0606556 0.991045 0.118956 0.247194 0.494627 0.0736711 -0.865977 4.55072
-0.992461 0.0213631 -0.120688 10.0765 0.0143102 0.998155 0.0590067 0.227374 0.121725 0.0568347 -0.990935 4.22837
-0.976124 -0.00412917 0.217173 9.6547 -0.00115454 0.999904 0.0138221 0.282063 -0.217209 0.0132414 -0.976035 3.65103
-0.819232 -0.0048248 0.573443 9.32318 0.0492704 0.995675 0.078766 0.256688 -0.571342 0.0927813 -0.815451 3.16572
-0.587359 -0.0149259 0.809189 8.75465 0.00675128 0.999705 0.0233406 0.281943 -0.809298 0.0191724 -0.587085 2.36364
-0.573465 -0.0475182 0.817851 8.1356 -0.0609537 0.998024 0.0152467 0.310924 -0.816959 -0.0411076 -0.575228 1.60048
-0.833961 -0.0157683 0.551597 7.57411 -0.0134476 0.999876 0.00825161 0.308623 -0.551659 -0.000536165 -0.83407 0.709677
-0.958901 -0.0447854 0.280183 6.95655 -0.0297032 0.997883 0.0578486 0.271888 -0.282181 0.0471488 -0.958202 -0.15058
-0.815681 0.00292379 0.578494 6.24375 0.0116248 0.999868 0.0113376 0.24187 -0.578385 0.0159728 -0.815608 -0.7851
-0.906013 -0.0239573 0.42257 5.17858 -0.00587975 0.999013 0.0440318 0.24833 -0.423208 0.0374088 -0.90526 -1.18986
-0.995661 -0.00650312 0.0928259 4.49078 -0.00168499 0.998651 0.0518893 0.2496 -0.0930381 0.0515078 -0.994329 -1.67296
-0.921957 -0.0866892 -0.377466 4.56854 -0.115213 0.991893 0.0536072 0.245824 0.369759 0.0929125 -0.924471 -1.78531
-0.745738 -0.118941 -0.655537 4.72258 -0.190345 0.98096 0.0385496 0.251821 0.63847 0.153526 -0.754179 -1.81929
-0.466804 -0.0351747 -0.883661 4.92864 -0.20543 0.976189 0.0696627 0.230261 0.86017 0.214049 -0.462915 -1.82847
-0.101054 -0.0610397 -0.993007 5.17053 -0.0950394 0.994144 -0.0514379 0.26376 0.990331 0.0891768 -0.106263 -1.66913
0.245564 -0.112927 -0.96278 5.19989 0.0217064 0.993583 -0.111003 0.325021 0.969137 0.00635986 0.246439 -1.15946
0.337856 -0.150618 -0.929068 5.2515 0.0422773 0.988545 -0.144886 0.347467 0.940248 0.00967222 0.340353 -0.780665
0.623762 -0.109 0.773977 2.35027 -0.0874827 0.97427 0.207711 0.138544 -0.776703 -0.197272 0.598177 -0.417214
0.58225 -0.207823 0.785999 2.48107 0.0585793 0.974988 0.214399 0.106826 -0.810896 -0.0787906 0.579861 -0.508634
0.465656 -0.239517 0.851937 2.63994 0.0616721 0.96912 0.238753 0.102333 -0.882815 -0.0586359 0.466048 -0.554699
0.619157 -0.355893 0.699989 2.97471 0.0281294 0.900882 0.433151 0.216285 -0.784763 -0.248499 0.567799 -0.888065
0.665344 -0.415064 0.620516 3.36933 0.0288199 0.844853 0.534221 0.270132 -0.745981 -0.337558 0.57408 -0.969848
0.79819 -0.443771 0.407383 3.66105 0.207159 0.83722 0.506111 0.23142 -0.565667 -0.319579 0.760191 -0.967158
0.864592 -0.173884 0.471428 3.99684 0.0793466 0.973689 0.213621 0.141742 -0.49617 -0.147289 0.855641 -0.631645
0.974365 -0.166695 0.151084 4.21002 0.136488 0.97185 0.192036 0.161421 -0.178842 -0.166493 0.969688 -0.248556
0.977004 -0.117459 -0.177952 4.36835 0.133526 0.987718 0.0811399 0.119795 0.166236 -0.103035 0.980688 0.0665589
0.863825 -0.0684809 -0.499116 4.33204 0.139945 0.984345 0.107147 0.13117 0.483965 -0.162405 0.859885 0.388285
0.702707 -0.309876 -0.640453 4.3392 0.447647 0.892231 0.0594638 0.240249 0.553006 -0.328483 0.765692 0.589673
0.72087 -0.474376 -0.505286 4.27417 0.64548 0.725021 0.24021 0.30678 0.252393 -0.499312 0.828846 0.701505
0.819631 -0.262263 -0.509336 4.14041 0.385168 0.910402 0.151042 0.196989 0.424088 -0.319979 0.847209 1.11807
0.795308 0.0165894 -0.605978 4.10016 0.0962206 0.983498 0.153208 0.0701741 0.59852 -0.180155 0.780588 1.40844
0.574187 -0.0287823 -0.818218 3.91703 0.12085 0.991414 0.049932 0.0916219 0.809756 -0.127552 0.572735 1.57279
0.291377 0.00640445 -0.956587 3.92222 0.0717824 0.997012 0.02854 0.0679883 0.953911 -0.076982 0.290046 1.74926
-0.0332382 -0.0591417 -0.997696 4.10915 0.189681 0.979732 -0.064396 0.150797 0.981283 -0.191384 -0.0213465 1.5857
-0.369034 -0.126945 -0.920706 4.21245 0.117899 0.976231 -0.181857 0.160224 0.921908 -0.175662 -0.345296 1.62783
-0.643779 -0.283778 -0.710647 4.58664 0.0414072 0.914414 -0.402657 0.239222 0.764091 -0.288648 -0.57693 1.61856
-0.853373 -0.270963 -0.445346 4.68307 -0.0795835 0.912001 -0.402393 0.21227 0.51519 -0.307949 -0.799842 1.5354
-0.943522 -0.270199 -0.191725 4.5964 -0.184314 0.908952 -0.373944 0.227198 0.275309 -0.317487 -0.907418 1.55234
-0.989478 -0.112134 0.0914236 4.42709 -0.127767 0.973724 -0.188514 0.143523 -0.0678824 -0.198212 -0.977806 1.39929
-0.85581 -0.106892 0.506126 4.34929 -0.183344 0.977579 -0.103555 0.13714 -0.483709 -0.181419 -0.85622 1.14753
-0.591323 -0.165957 0.789174 4.27185 -0.269588 0.962976 0.000505207 0.175318 -0.760039 -0.212453 -0.614169 1.07908
