0.999992 -0.00390326 0.00111069 0.000110081 0.00391204 0.99996 -0.00802226 0.000350483 -0.00107934 0.00802654 0.999967 8.06923e-05
0.90195 -0.0135101 -0.431628 4.83389 0.000947355 0.99957 -0.0293072 0.236958 0.431839 0.0260248 0.901575 0.266866
0.847827 -0.0375565 -0.528941 5.59173 0.016744 0.998887 -0.0440855 0.24157 0.530008 0.0285203 0.847513 0.667765
0.921315 -0.0740969 -0.381691 6.38221 0.0270162 0.9915 -0.127267 0.238649 0.387877 0.106941 0.915486 1.41516
0.95661 -0.0952354 -0.275369 7.43311 0.0800483 0.99461 -0.0659009 0.277864 0.280161 0.0409986 0.959077 1.81358
0.848107 -0.0574038 -0.526705 8.45766 0.0348264 0.998003 -0.0526911 0.264557 0.528678 0.0263445 0.848413 2.26231
0.556565 -0.0683732 -0.827986 9.18558 0.0840504 0.996128 -0.02576 0.303759 0.826541 -0.0552553 0.560157 3.09591
0.163185 -0.0677597 -0.984266 9.29619 0.250176 0.967874 -0.0251537 0.411754 0.954349 -0.242135 0.174894 3.34459
-0.238374 0.0230115 -0.970901 9.55242 0.289822 0.955851 -0.0485019 0.46084 0.92692 -0.29295 -0.234519 3.81993
-0.553577 0.00543155 -0.832781 9.60604 0.209186 0.968826 -0.132734 0.4835 0.806098 -0.247684 -0.537455 4.13276
-0.545617 -0.00607231 -0.838013 9.65524 0.0596108 0.99716 -0.0460372 0.403703 0.835912 -0.0750733 -0.543705 4.82164
-0.602795 0.0783146 -0.794044 10.033 0.0304949 0.996706 0.0751525 0.290857 0.797313 0.0210872 -0.603197 4.77657
-0.866649 0.107525 -0.487194 10.1598 0.0531086 0.990834 0.124207 0.25028 0.496084 0.0817699 -0.864416 4.54157
-0.992367 0.0174728 -0.122077 10.0805 0.00934481 0.99772 0.0668392 0.232825 0.122966 0.0651882 -0.990268 4.21916
-0.976368 -0.00808252 0.215963 9.65775 -0.00319612 0.999731 0.0229658 0.290683 -0.216091 0.0217328 -0.976131 3.64278
-0.82011 -0.00870218 0.572139 9.32578 0.0508768 0.994815 0.0880584 0.268423 -0.569939 0.101326 -0.815416 3.15757
-0.588252 -0.0175835 0.808487 8.75507 0.0094236 0.999547 0.0285954 0.300522 -0.808623 0.0244401 -0.58782 2.3582
-0.574352 -0.049364 0.817118 8.13556 -0.0582786 0.998113 0.0193343 0.334377 -0.816531 -0.0365158 -0.576145 1.59857
-0.834055 -0.018119 0.551384 7.57343 -0.0145379 0.999835 0.0108645 0.337635 -0.55149 0.00104562 -0.834181 0.711155
-0.958175 -0.0493062 0.281903 6.9562 -0.0349353 0.997832 0.055782 0.303344 -0.284042 0.0436005 -0.95782 -0.146322
-0.814082 -0.00802902 0.580694 6.24914 -0.00389354 0.999957 0.0083676 0.270579 -0.580737 0.00455095 -0.814079 -0.782752
-0.904495 -0.0269315 0.425632 5.18834 -0.00426288 0.998525 0.0541219 0.26242 -0.426462 0.0471386 -0.903276 -1.18642
-0.995428 -0.0109292 0.094892 4.49883 -0.00555842 0.998377 0.0566792 0.26841 -0.0953575 0.0558926 -0.993873 -1.6687
-0.921742 -0.0923877 -0.376637 4.57345 -0.119958 0.991501 0.0503599 0.267385 0.368784 0.0915993 -0.924991 -1.77765
-0.749537 -0.123814 -0.65028 4.73148 -0.191737 0.980849 0.0342476 0.27394 0.633586 0.150352 -0.758922 -1.80149
-0.47102 -0.0363023 -0.881375 4.94106 -0.203504 0.976673 0.0685281 0.256892 0.858328 0.211641 -0.46742 -1.80693
-0.10048 -0.0608335 -0.993078 5.16953 -0.0794969 0.995429 -0.052934 0.286115 0.991758 0.0736278 -0.104856 -1.64334
0.246118 -0.113679 -0.96255 5.17281 0.0260204 0.993515 -0.110683 0.351222 0.96889 0.00219512 0.24748 -1.1349
0.337763 -0.15434 -0.928491 5.23257 0.0486382 0.988008 -0.14654 0.371551 0.939973 0.00433569 0.34122 -0.770274
0.622935 -0.111122 0.774341 2.34438 -0.0868711 0.973911 0.209647 0.154953 -0.777435 -0.197864 0.597029 -0.415884
0.581753 -0.209965 0.785798 2.4773 0.0600918 0.974561 0.215914 0.123632 -0.811143 -0.0783888 0.579571 -0.50963
0.464975 -0.241877 0.851642 2.63609 0.063916 0.968616 0.240203 0.119534 -0.883014 -0.0572548 0.465842 -0.555437
0.618759 -0.357783 0.699378 2.97043 0.0296764 0.900278 0.434302 0.234837 -0.78502 -0.247973 0.567673 -0.889275
0.664982 -0.416767 0.619761 3.36459 0.0301275 0.844116 0.535313 0.289234 -0.746251 -0.337302 0.573879 -0.971566
0.797652 -0.445382 0.406678 3.65607 0.208482 0.83634 0.507022 0.250801 -0.565939 -0.319642 0.759962 -0.969361
0.864372 -0.175756 0.471138 3.99181 0.080661 0.973259 0.215085 0.161541 -0.496342 -0.147911 0.855434 -0.634284
0.974363 -0.16982 0.147573 4.19707 0.139171 0.970329 0.19772 0.182054 -0.176772 -0.172113 0.969087 -0.257887
0.976636 -0.117549 -0.179899 4.36503 0.134002 0.987568 0.0821797 0.140649 0.168003 -0.104367 0.980246 0.0626805
0.86218 -0.0713734 -0.501548 4.33015 0.144262 0.983626 0.108016 0.152963 0.485627 -0.165484 0.85836 0.388226
0.699598 -0.312191 -0.642727 4.33675 0.451881 0.89009 0.0595229 0.262698 0.553503 -0.332079 0.763779 0.589927
0.717848 -0.475621 -0.508408 4.2712 0.64885 0.721768 0.240925 0.32936 0.252364 -0.502828 0.826726 0.701392
0.817078 -0.264646 -0.512197 4.13666 0.389409 0.908469 0.151806 0.220367 0.425141 -0.323491 0.845345 1.11794
0.793314 0.0135411 -0.608662 4.09612 0.100916 0.982998 0.153401 0.0942992 0.600391 -0.183119 0.778459 1.40857
0.571517 -0.032003 -0.819966 3.91248 0.125394 0.99091 0.048725 0.11559 0.810953 -0.130666 0.570335 1.57237
0.288485 0.00302565 -0.95748 3.91728 0.0757471 0.996789 0.0259722 0.0925096 0.954484 -0.0800189 0.287329 1.74892
-0.0365553 -0.0622661 -0.99739 4.10454 0.192603 0.978906 -0.0681713 0.175503 0.980596 -0.194593 -0.0237915 1.58545
-0.372339 -0.130077 -0.918936 4.20746 0.11935 0.975198 -0.1864 0.185501 0.920391 -0.179079 -0.347579 1.62866
-0.647344 -0.286256 -0.706401 4.57956 0.0414759 0.912192 -0.407658 0.266381 0.761068 -0.293193 -0.57863 1.6275
-0.855276 -0.273174 -0.440317 4.67631 -0.0811186 0.909858 -0.406914 0.238864 0.511785 -0.312305 -0.800339 1.54411
-0.944003 -0.2725 -0.186018 4.58912 -0.187267 0.906708 -0.377904 0.253988 0.271643 -0.321907 -0.906965 1.56239
-0.988833 -0.114544 0.0953406 4.42142 -0.131141 0.972683 -0.191547 0.167499 -0.0707956 -0.201911 -0.976842 1.40462
-0.855309 -0.108029 0.506731 4.34531 -0.185661 0.976977 -0.105096 0.157298 -0.483711 -0.18397 -0.855674 1.14587
-0.588851 -0.167458 0.790703 4.27031 -0.271618 0.962404 0.0015425 0.196503 -0.761234 -0.213861 -0.612198 1.07801
-0.292396 -0.158767 0.943026 4.30683 -0.305258 0.950028 0.0652966 0.181792 -0.906268 -0.268774 -0.32625 0.943589
0.0567384 -0.186942 0.980731 4.37867 -0.30816 0.931071 0.195304 0.215528 -0.949641 -0.313304 -0.00478065 0.650179
0.141168 -0.087755 0.986089 4.52792 -0.22284 0.967685 0.118019 0.167815 -0.96458 -0.2364 0.117051 0.255139
-0.254206 -0.0298105 0.966691 4.6998 -0.1454 0.989343 -0.00772609 0.113729 -0.956158 -0.142521 -0.255831 -0.217413
-0.594518 0.0561045 0.802123 4.7001 -0.0526335 0.992708 -0.108446 0.109069 -0.802358 -0.106692 -0.587229 -0.460318
-0.901109 -0.0583311 0.429651 4.72273 -0.154815 0.968877 -0.193156 0.177966 -0.405012 -0.240571 -0.882095 -0.565376
-0.975493 -0.189208 0.112307 4.51282 -0.211904 0.945298 -0.24801 0.204598 -0.0592384 -0.265731 -0.962226 -0.649337
-0.957159 -0.108387 -0.268512 4.24694 -0.0275613 0.957194 -0.288133 0.203404 0.288248 -0.268389 -0.919174 -0.879806
-0.747566 -0.0433634 -0.662771 3.75287 0.0809983 0.984466 -0.155772 0.165183 0.65923 -0.170133 -0.732441 -0.915029
-0.488495 -0.14594 -0.860276 3.40008 0.144272 0.958835 -0.244583 0.216488 0.860557 -0.243591 -0.447331 -1.00611
-0.397055 -0.24569 -0.884299 2.82058 0.178248 0.924515 -0.336897 0.229469 0.900319 -0.291391 -0.32329 -0.897269
-0.343561 -0.236654 -0.908824 2.3162 0.202039 0.926444 -0.317618 0.220202 0.91714 -0.292739 -0.270477 -0.74584
-0.49455 -0.258476 -0.829826 1.77535 0.204831 0.893203 -0.40029 0.262375 0.844668 -0.367937 -0.38879 -0.701867
-0.598422 -0.254316 -0.759746 1.0865 0.0275189 0.941199 -0.33673 0.251015 0.800708 -0.222414 -0.556236 -0.855496
-0.508858 -0.12893 -0.851141 0.461553 0.10334 0.972422 -0.209083 0.161564 0.854625 -0.19435 -0.481501 -1.20881
-0.186142 -0.0967008 -0.977753 -0.0838806 0.125086 0.984715 -0.121203 0.13853 0.974528 -0.144864 -0.171201 -1.26955
0.166416 -0.0904044 -0.981903 -0.282597 0.190977 0.979888 -0.0578514 0.141132 0.967385 -0.177894 0.180335 -1.2317
0.624666 -0.147223 -0.766888 -0.474292 0.239782 0.970786 0.00894725 0.178075 0.743167 -0.189475 0.641718 -0.94045
0.866685 -0.146663 -0.47681 -0.522543 0.216253 0.971786 0.0941635 0.190268 0.449547 -0.184722 0.873948 -0.878075
0.949738 -0.259026 -0.175791 -0.495276 0.291895 0.935664 0.198319 0.172669 0.113111 -0.239663 0.964244 -0.765801
0.903677 -0.422677 0.0686415 -0.424532 0.365237 0.844485 0.391723 0.23221 -0.223539 -0.328921 0.917519 -0.575506
0.802121 -0.578542 0.147959 -0.557065 0.362467 0.668599 0.649302 0.303404 -0.474574 -0.467188 0.745999 -0.373161
0.733859 -0.674434 0.0811772 -0.329246 0.306149 0.435043 0.846765 0.380893 -0.606403 -0.596554 0.525737 -0.0488041
0.730425 -0.674991 -0.104241 -0.0624387 0.473125 0.389981 0.789979 0.392597 -0.492577 -0.626339 0.604208 0.330931
0.741928 -0.629231 -0.23154 0.2486 0.623124 0.519626 0.584556 0.373538 -0.247506 -0.577977 0.777614 0.763685
0.777912 -0.499218 -0.38162 0.256196 0.622917 0.692509 0.363875 0.323931 0.0826224 -0.520781 0.849683 1.15355
0.675948 -0.388225 -0.626399 0.304765 0.44976 0.890658 -0.0666689 0.193292 0.583789 -0.236664 0.776647 1.35472
0.581999 -0.288907 -0.760138 0.282678 0.121604 0.955171 -0.269928 0.131226 0.804046 0.0646623 0.591041 1.53185
0.359211 -0.202203 -0.911088 -0.0131196 0.110193 0.978607 -0.173743 0.100067 0.926728 -0.0379853 0.373808 1.86527
0.415964 -0.0879551 -0.905118 -0.130424 0.200458 0.979697 -0.00307813 0.0792415 0.887012 -0.180158 0.42515 2.41951
0.476767 -0.13785 -0.868154 -0.442025 0.277167 0.960822 -0.000351409 0.0934408 0.834189 -0.240456 0.496295 2.80485
0.673043 -0.0699286 -0.73629 -0.650478 0.198755 0.976001 0.0889873 0.102879 0.712397 -0.206234 0.670789 3.32987
0.707003 -0.13844 -0.693528 -0.816957 0.186932 0.982357 -0.0055311 0.10492 0.682058 -0.125732 0.720408 3.95329
0.891269 -0.125796 -0.435678 -0.829028 0.211154 0.965369 0.153222 0.142325 0.401316 -0.228558 0.886965 4.40254
0.820609 -0.244562 -0.516518 -0.809615 0.337185 0.936925 0.0920799 0.19893 0.461419 -0.249724 0.851311 4.86895
0.659905 -0.124761 -0.740919 -1.20513 0.199936 0.979721 0.0131016 0.125441 0.724259 -0.156782 0.671467 5.40893
0.694477 -0.164232 -0.700521 -1.40476 0.310506 0.946684 0.0858839 0.182132 0.649067 -0.27716 0.708445 5.97201
0.681922 -0.22065 -0.697349 -1.57253 0.356066 0.932957 0.0529907 0.204 0.638904 -0.284438 0.71477 6.48364
0.547725 -0.120551 -0.827928 -1.8725 0.319404 0.944745 0.0737452 0.170758 0.773291 -0.304836 0.555964 6.80757
0.236051 -0.0715707 -0.969101 -2.01836 0.184415 0.98246 -0.027638 0.109903 0.954081 -0.172192 0.24511 6.96796
-0.142491 -0.107979 -0.983889 -2.10755 0.161529 0.978169 -0.130744 0.131454 0.976527 -0.177556 -0.121938 7.13177
-0.400319 -0.13111 -0.906948 -2.32068 0.166623 0.962799 -0.21273 0.149349 0.9011 -0.236279 -0.363581 7.382
-0.196428 -0.142495 -0.970109 -2.47505 0.110222 0.979904 -0.166252 0.142647 0.974303 -0.139584 -0.176774 7.91905
0.193069 -0.141103 -0.970986 -2.50939 0.169417 0.979536 -0.108659 0.132995 0.966448 -0.143523 0.213024 8.16431
0.51382 -0.0842553 -0.853751 -2.61573 0.245718 0.967926 0.0523591 0.13101 0.821956 -0.236685 0.518042 8.39302
0.705647 -0.00674118 -0.708531 -2.76175 0.120855 0.986447 0.110977 0.107921 0.698181 -0.16394 0.696898 8.91198
0.859153 -0.169515 -0.482826 -2.89482 0.318026 0.916071 0.244281 0.114859 0.400894 -0.363426 0.840955 9.08252
0.951269 -0.153779 -0.267282 -3.02604 0.218413 0.947882 0.231984 0.100235 0.217678 -0.279057 0.935277 9.54325
0.955668 -0.0930448 -0.27936 -3.28846 0.173122 0.945002 0.277489 0.0883759 0.238177 -0.31355 0.919216 9.73387
0.88658 -0.165973 -0.431775 -3.43974 0.276942 0.938092 0.208055 0.110288 0.370513 -0.304034 0.877658 10.1479
0.858754 -0.00497608 -0.512364 -3.71017 0.143915 0.962043 0.231868 0.0546423 0.491762 -0.272854 0.826874 10.6995
0.640329 -0.0923813 -0.762525 -3.78542 0.219602 0.973321 0.0664903 0.0805457 0.73604 -0.210027 0.643533 11.0498
0.573706 -0.257219 -0.777625 -3.88709 0.501576 0.8609 0.0852821 0.138481 0.647521 -0.438965 0.622918 11.4063
0.174014 -0.452133 -0.874811 -3.94051 0.689802 0.68996 -0.219382 0.243288 0.702775 -0.565271 0.431945 11.4957
-0.157175 -0.473728 -0.866532 -3.96854 0.551173 0.68599 -0.475001 0.268999 0.819454 -0.552267 0.153286 11.6843
0.116783 -0.242576 -0.963078 -4.34317 0.420611 0.890535 -0.173301 0.108808 0.899693 -0.384843 0.206029 12.0558
0.275635 -0.106515 -0.955343 -4.52117 0.112118 0.990621 -0.0780999 -0.01371 0.954702 -0.085584 0.284992 12.4331
0.386593 -0.0325939 -0.921674 -4.63032 0.00677698 0.999449 -0.0325017 -0.0331418 0.922226 0.00631877 0.386601 12.6715
0.63132 -0.165066 -0.757752 -4.80602 0.214544 0.976126 -0.0338886 0.054135 0.745256 -0.141177 0.651662 12.9685
0.668264 -0.186761 -0.7201 -4.92531 0.264527 0.964367 -0.00462731 0.0746886 0.695305 -0.187394 0.693855 13.49
0.677073 -0.160943 -0.718101 -5.13765 0.227646 0.973737 -0.00359788 0.0916949 0.699821 -0.161037 0.695929 13.9876
0.817391 -0.200116 -0.540208 -5.21405 0.26903 0.961792 0.050782 0.107044 0.509406 -0.186841 0.839998 14.333
0.881758 -0.335982 -0.331086 -5.32786 0.389925 0.914158 0.110783 0.170901 0.265444 -0.226783 0.937075 14.8611
0.921983 -0.279519 -0.267987 -5.55406 0.315034 0.943865 0.0993631 0.162437 0.22517 -0.176036 0.958285 15.3963
0.921465 -0.248293 -0.298751 -5.81309 0.298548 0.944699 0.135696 0.162038 0.248537 -0.21423 0.944635 16.0644
0.917048 -0.363572 -0.163824 -5.92506 0.392259 0.896397 0.206409 0.218255 0.0718069 -0.253549 0.964654 16.5203
0.93519 -0.127189 -0.330519 -6.2298 0.171174 0.979364 0.107455 0.146709 0.310032 -0.157067 0.937662 16.9951
0.926398 -0.162969 -0.339452 -6.33459 0.181293 0.983166 0.0227525 0.145421 0.33003 -0.0826181 0.940348 17.5737
0.891049 0.0734683 -0.447921 -6.53901 -0.0691114 0.997268 0.026089 0.0326028 0.448614 0.00770986 0.893692 18.0116
0.652153 0.182473 -0.735799 -6.68833 -0.201932 0.977345 0.063398 -0.0482136 0.730698 0.107236 0.674226 18.1775
0.157036 0.0419866 -0.9867 -6.86706 -0.0309153 0.998815 0.0375818 0.0340839 0.987109 0.0246024 0.158148 18.2169
-0.23967 -0.0900169 -0.966672 -7.05839 0.0335317 0.994331 -0.100906 0.127506 0.970275 -0.0565984 -0.235293 18.2071
-0.321965 -0.299648 -0.898081 -7.25308 0.179883 0.911951 -0.368765 0.230372 0.929506 -0.280279 -0.239714 18.3712
-0.324383 -0.360431 -0.874566 -7.36293 0.182987 0.883186 -0.431855 0.254013 0.928058 -0.300121 -0.220536 18.8334
-0.119037 -0.249632 -0.960997 -7.66972 0.160559 0.9503 -0.266741 0.1782 0.979822 -0.186048 -0.0730403 19.3976
0.155508 -0.0938234 -0.983369 -7.79911 0.221314 0.973483 -0.057882 0.134858 0.962724 -0.208632 0.172149 20.0653
-0.00146476 -0.0510579 -0.998695 -7.90297 0.204009 0.977677 -0.0502826 0.110399 0.978968 -0.203816 0.00898419 20.575
0.0248549 -0.0357367 -0.999052 -8.00803 0.209209 0.977418 -0.0297581 0.07078 0.977555 -0.208271 0.0317701 20.8483
0.324865 -0.0819829 -0.9422 -8.20972 0.245429 0.969414 0.00027169 0.0713837 0.91336 -0.231332 0.33505 21.3367
-0.0332595 -0.115301 -0.992774 -8.42486 0.250126 0.960753 -0.119962 0.098639 0.967642 -0.252309 -0.00311431 21.6299
-0.415648 -0.126948 -0.900622 -8.78268 0.19183 0.955701 -0.223243 0.0730744 0.889066 -0.265557 -0.372883 21.9118
-0.663071 -0.206139 -0.719614 -8.89306 0.0164139 0.9571 -0.289294 0.129208 0.748377 -0.203634 -0.631241 22.1862
-0.422638 -0.152724 -0.893338 -9.34912 0.142189 0.962319 -0.231787 0.0877779 0.895075 -0.224984 -0.384997 22.6476
-0.0528165 -0.171466 -0.983773 -9.42754 0.243919 0.953093 -0.179214 0.120642 0.968356 -0.249426 -0.00851518 23.0781
0.382474 -0.108766 -0.917542 -9.50695 0.320083 0.947154 0.021149 0.0932586 0.866753 -0.301778 0.397075 23.4791
0.54006 -0.269167 -0.797424 -9.51045 0.427311 0.903968 -0.0157317 0.134624 0.72508 -0.332252 0.603214 23.9231
0.389035 -0.312359 -0.866651 -9.6411 0.589357 0.80744 -0.0264591 0.170645 0.708033 -0.500473 0.498213 24.4882
0.278253 -0.239126 -0.930265 -9.78878 0.368608 0.920941 -0.126474 0.132096 0.886963 -0.307712 0.344399 25.0924
0.429475 -0.16703 -0.887498 -10.0266 0.382335 0.923957 0.0111269 0.101282 0.818151 -0.3441 0.460678 25.6608
0.327758 -0.124092 -0.936577 -10.3869 0.377439 0.925987 0.00939669 0.102575 0.866092 -0.35658 0.350336 26.2601
0.0804774 -0.189749 -0.978529 -10.6529 0.305207 0.93925 -0.157031 0.113736 0.948879 -0.286016 0.133501 26.5421
0.155554 -0.0168182 -0.987684 -10.9665 0.21164 0.977205 0.0166921 0.0779494 0.964889 -0.21163 0.155567 26.9967
-0.121517 -0.0365981 -0.991914 -11.063 0.113407 0.992264 -0.0505043 0.0744634 0.986089 -0.118628 -0.116427 27.3066
-0.386761 -0.00833361 -0.922142 -11.4105 0.0777329 0.996106 -0.0416045 0.0677595 0.918898 -0.0877717 -0.384607 27.3564
-0.704081 0.0198788 -0.709842 -11.6618 0.0118733 0.999798 0.0162219 0.0453541 0.710021 0.00299337 -0.704174 27.4085
-0.602958 -0.151263 -0.783301 -11.9756 0.0435962 0.974145 -0.221676 0.116265 0.796581 -0.16781 -0.580775 27.3406
-0.746429 -0.183743 -0.639596 -12.2629 -0.0814751 0.979128 -0.1862 0.136495 0.660459 -0.0868741 -0.74582 27.3142
-0.550351 -0.197631 -0.811206 -12.3016 0.0947855 0.950512 -0.295875 0.174514 0.829536 -0.239726 -0.504383 27.2039
-0.831078 -0.170659 -0.529326 -12.5072 -0.0380668 0.96698 -0.251994 0.14664 0.554852 -0.189277 -0.810132 26.9653
-0.954918 -0.234777 -0.18169 -12.4764 -0.190398 0.953913 -0.231946 0.187456 0.227772 -0.186896 -0.95561 26.7845
-0.954864 -0.25278 0.156002 -12.4159 -0.281577 0.937524 -0.204359 0.187632 -0.094598 -0.239061 -0.966386 26.586
-0.935205 -0.224456 0.27388 -12.5279 -0.258679 0.961228 -0.0955309 0.193042 -0.241819 -0.160188 -0.957008 26.506
-0.982079 -0.134756 0.131762 -12.4234 -0.159269 0.967189 -0.197937 0.182593 -0.100765 -0.215375 -0.971319 26.5072
-0.909992 -0.150989 0.386156 -12.463 -0.17235 0.98481 -0.0210854 0.128055 -0.377107 -0.0857417 -0.922192 26.4753
-0.949261 -0.255278 0.183673 -12.6329 -0.293917 0.927899 -0.229384 0.186057 -0.111873 -0.27173 -0.955849 26.3425
-0.940329 -0.340143 -0.00917816 -12.6304 -0.314008 0.877837 -0.361666 0.248091 0.131075 -0.337203 -0.932263 26.1822
-0.914947 -0.308207 -0.26054 -12.9501 -0.173695 0.883459 -0.43512 0.24175 0.364284 -0.352857 -0.861852 26.0984
-0.862633 -0.11979 -0.491442 -12.9732 0.0258056 0.959867 -0.279266 0.173653 0.505172 -0.253586 -0.824921 26.1144
-0.606453 -0.137796 -0.783088 -13.2026 0.0431995 0.977704 -0.205496 0.129138 0.793945 -0.158453 -0.586979 26.2844
-0.175491 -0.0431775 -0.983534 -13.2369 0.112312 0.991637 -0.0635729 0.101406 0.978054 -0.121619 -0.169174 26.3748
0.187459 -0.0245682 -0.981965 -13.2055 0.107125 0.994236 -0.0044249 0.103295 0.976414 -0.104363 0.18901 26.2816
0.0333239 -0.259835 -0.965078 -13.3219 0.271124 0.931756 -0.241502 0.170163 0.961968 -0.253608 0.101497 26.3914
0.433179 -0.258754 -0.863367 -13.3038 0.394979 0.915523 -0.0762121 0.197189 0.810153 -0.307998 0.498788 26.4213
0.492813 -0.378463 -0.783518 -13.5296 0.416496 0.893201 -0.169477 0.255637 0.76398 -0.242812 0.59781 26.3456
0.280213 -0.238798 -0.929761 -13.8207 0.317684 0.937056 -0.144927 0.198438 0.905846 -0.254759 0.338438 26.4463
0.279427 -0.103746 -0.954546 -14.0363 0.151394 0.98647 -0.062898 0.102867 0.948156 -0.126937 0.291353 26.2865
0.288344 -0.101633 -0.952118 -14.0602 0.044078 0.994706 -0.0928307 0.068373 0.956512 -0.0152003 0.291297 26.3535
0.591898 -0.0708941 -0.802889 -14.1218 0.0981266 0.995053 -0.0155219 0.0858381 0.800017 -0.0695973 0.595927 26.4328
0.74744 -0.236039 -0.620983 -14.2805 0.390454 0.912344 0.12318 0.217162 0.537475 -0.334535 0.774085 26.4144
0.812418 -0.365057 -0.454654 -14.2443 0.52866 0.790099 0.310261 0.339253 0.245959 -0.492419 0.834882 26.6717
0.911871 -0.332397 -0.240838 -14.5266 0.407004 0.808329 0.425385 0.307295 0.0532794 -0.485918 0.872379 26.7733
0.986816 -0.16162 -0.0085651 -14.4557 0.158509 0.954421 0.252895 0.113813 -0.0326982 -0.250918 0.967456 26.9454
0.963395 -0.0214268 0.267228 -14.549 0.00365252 0.997757 0.066834 0.0255377 -0.268061 -0.0634115 0.961313 26.867
0.765376 0.0635055 0.640442 -14.5974 -0.0475882 0.99798 -0.042087 -0.0169194 -0.641821 0.00173491 0.766852 26.6287
0.449194 0.0202091 0.893205 -14.5498 -0.0913812 0.99554 0.0234312 0.0508589 -0.888748 -0.0921474 0.449038 26.3326
0.258523 -0.0992064 0.960897 -14.5798 -0.222409 0.961877 0.159145 0.15879 -0.940053 -0.254855 0.226603 26.3695
-0.102606 -0.0531819 0.993299 -14.7888 -0.205887 0.978082 0.0310994 0.125832 -0.973182 -0.201316 -0.111307 26.4556
0.131178 -0.0807244 0.988067 -15.0736 -0.181259 0.977925 0.10396 0.13942 -0.974647 -0.192733 0.11365 26.6739
-0.0583 -0.0839305 0.994765 -15.1773 -0.152916 0.985451 0.0741827 0.0998718 -0.986518 -0.147791 -0.0702861 26.7056
0.0105079 -0.146641 0.989134 -15.4481 -0.162877 0.975727 0.146384 0.157628 -0.98659 -0.162645 -0.0136316 26.9779
0.255312 -0.108777 0.96072 -15.5075 -0.127 0.981269 0.144854 0.128018 -0.958482 -0.158994 0.236715 27.2473
0.578593 -0.0569567 0.813625 -15.5198 -0.142593 0.975131 0.169665 0.108539 -0.803055 -0.214184 0.556083 27.519
0.877529 0.0372045 0.478079 -15.4859 -0.131069 0.97763 0.164501 0.0940772 -0.461264 -0.207016 0.862775 27.9764
0.977696 -0.107671 0.180325 -15.3493 0.0651754 0.971746 0.226852 0.156344 -0.199656 -0.210039 0.95709 28.2094
0.983453 -0.0990313 -0.151699 -15.5074 0.130795 0.967521 0.216323 0.205733 0.125349 -0.232585 0.964465 28.5894
0.873185 -0.0571568 -0.484025 -15.6511 0.13468 0.982727 0.126918 0.17331 0.46841 -0.176011 0.865801 28.7759
0.589116 -0.0264572 -0.807616 -15.7688 0.108928 0.992941 0.0469292 0.135214 0.800673 -0.115619 0.587839 28.882
0.23615 0.0057046 -0.9717 -15.897 0.0663641 0.997553 0.0219847 0.111532 0.969448 -0.0696776 0.235194 28.9407
0.0988928 0.0797956 -0.991894 -16.1016 0.0687945 0.993847 0.0868116 0.0761204 0.992717 -0.0768218 0.0927948 29.1181
0.0149549 0.125536 -0.991976 -16.4072 -0.0712456 0.989699 0.124173 0.0305087 0.997347 0.0688169 0.0237447 29.5106
0.319118 0.311609 -0.895021 -16.5296 -0.189088 0.946346 0.26206 -0.0309291 0.92866 0.0856096 0.360917 30.0276
0.586752 0.379256 -0.715463 -16.4571 -0.333931 0.918242 0.212888 -0.0930795 0.737707 0.114002 0.665426 30.5783
0.809902 0.281517 -0.514594 -16.5467 -0.201187 0.957405 0.207123 0.00314725 0.550984 -0.0642199 0.832041 30.7954
0.706277 0.0927754 -0.70183 -16.6626 0.0787066 0.974939 0.208083 0.139066 0.703547 -0.202203 0.681275 31.0238
0.48631 0.0074271 -0.873755 -16.8743 0.208918 0.969973 0.124523 0.189342 0.848443 -0.2431 0.470156 30.8432
0.0879647 0.116173 -0.989326 -17.0259 -0.0517673 0.992367 0.111927 0.0856577 0.994778 0.0413692 0.0933072 30.7271
-0.261439 0.286817 -0.921621 -17.086 -0.0766611 0.945644 0.316039 -0.0368836 0.962171 0.153278 -0.225241 30.5643
-0.44823 0.36478 -0.816104 -17.0457 -0.0590392 0.898877 0.434205 -0.11459 0.891967 0.242806 -0.381367 30.724
-0.405784 0.316308 -0.85749 -17.1763 0.0110031 0.939827 0.341474 -0.228077 0.913903 0.12913 -0.384847 31.029
-0.299422 -0.0089946 -0.954078 -17.2282 0.198757 0.97743 -0.0715915 -0.178368 0.933189 -0.211066 -0.290877 31.1899
-0.356766 -0.119479 -0.926522 -17.2958 0.209045 0.956428 -0.20383 -0.261698 0.910504 -0.266404 -0.316244 31.4198
-0.280271 0.150033 -0.948123 -17.5479 0.057477 0.988561 0.139442 -0.431456 0.958199 -0.0154138 -0.285689 31.5177
-0.219584 0.276933 -0.935463 -17.9626 -0.0230318 0.957127 0.288753 -0.67391 0.975322 0.0849508 -0.203791 31.6124
0.125256 0.409932 -0.903475 -18.0411 -0.192108 0.903433 0.383279 -0.70811 0.973348 0.125557 0.191911 31.7576
0.389923 0.515812 -0.762822 -18.0844 -0.393497 0.842282 0.368403 -0.748854 0.832539 0.156519 0.531396 31.7973
0.759823 0.362764 -0.53951 -17.9188 -0.375478 0.922318 0.0913557 -0.868944 0.53074 0.13316 0.837009 31.9922
0.900708 0.382069 -0.206758 -17.8298 -0.386349 0.922116 0.0209127 -0.87612 0.198645 0.0610445 0.978169 32.0266
0.948395 0.289961 0.128336 -17.9685 -0.298225 0.95317 0.0502774 -0.944052 -0.107747 -0.0859557 0.990456 32.057
0.965502 0.259222 0.0246794 -17.9938 -0.258102 0.965243 -0.0411091 -1.1379 -0.034478 0.0333212 0.99885 32.3414
0.982461 0.186278 -0.00844593 -18.1343 -0.186443 0.982076 -0.0276699 -1.25921 0.00314025 0.0287593 0.999581 32.5508
0.913242 0.295984 -0.27997 -18.3459 -0.306599 0.951819 0.00615616 -1.31037 0.268303 0.0802166 0.959989 32.7033
0.887258 0.190557 -0.420072 -18.3488 -0.258817 0.959479 -0.111415 -1.46807 0.38182 0.207576 0.900625 32.9747
0.890712 0.278015 -0.359637 -18.521 -0.290082 0.956768 0.0211774 -1.61524 0.349977 0.0854613 0.932852 33.2066
0.90616 0.233687 -0.352512 -18.7038 -0.208054 0.971967 0.109517 -1.62756 0.368223 -0.0258988 0.929377 33.2031
0.944046 -0.00979458 -0.329668 -18.8054 0.0991594 0.961742 0.255382 -1.52112 0.314554 -0.273782 0.9089 33.1391
0.926034 0.0772816 -0.369445 -18.7763 0.00193561 0.977829 0.209397 -1.56277 0.377436 -0.194624 0.905353 33.2575
0.870648 0.218595 -0.440668 -18.8609 -0.153106 0.971762 0.179547 -1.8286 0.467472 -0.088853 0.879531 33.7097
0.690179 0.237922 -0.683407 -19.0295 -0.135792 0.97021 0.200632 -1.93754 0.710783 -0.045671 0.701927 33.8777
0.338433 0.366051 -0.866874 -18.9677 -0.224985 0.925994 0.303179 -2.00111 0.913698 0.0924278 0.395743 33.9885
0.138243 0.401205 -0.905496 -18.9968 -0.178789 0.909363 0.375623 -2.17776 0.974127 0.109965 0.197444 34.1762
-0.0589892 0.385575 -0.920789 -18.8363 -0.134887 0.910857 0.390057 -2.21146 0.989104 0.147212 -0.00172174 34.4116
-0.0392406 0.334538 -0.941565 -18.8109 -0.0994213 0.936308 0.336813 -2.46203 0.994271 0.106828 -0.00348107 34.8226
0.0267886 0.320214 -0.946966 -19.096 -0.105685 0.942905 0.315851 -2.62632 0.994039 0.0916186 0.0591008 35.0899
0.396035 0.261518 -0.880207 -19.1458 -0.0751775 0.964602 0.252768 -2.73643 0.915153 -0.0339331 0.401676 35.4036
0.615244 0.0880475 -0.783404 -19.379 0.0785202 0.981958 0.172029 -2.81519 0.784416 -0.167353 0.59723 35.5869
0.663875 0.0379669 -0.74688 -19.6216 0.0925433 0.986863 0.132425 -2.99458 0.742096 -0.157032 0.65164 35.9205
0.757154 0.15711 -0.634062 -19.6964 -0.0658942 0.984065 0.165148 -3.17185 0.649904 -0.0832613 0.755441 36.2992
0.860381 0.271563 -0.431276 -19.804 -0.2475 0.962367 0.112223 -3.37541 0.445521 0.0101866 0.895213 36.5003
0.94381 0.244092 -0.222805 -19.733 -0.249103 0.96846 0.00578064 -3.53992 0.217189 0.0500456 0.974846 36.8009
0.939712 0.324738 0.107175 -19.6875 -0.314976 0.943974 -0.0985061 -3.69292 -0.133159 0.0588098 0.989348 36.9887
0.841533 0.384606 0.379343 -19.5337 -0.318346 0.920405 -0.226959 -3.74059 -0.436439 0.0702308 0.896989 37.057
0.81427 0.393236 0.427002 -19.4513 -0.245792 0.899959 -0.360083 -3.77549 -0.525882 0.188251 0.829464 37.1698
0.860358 0.354202 0.366504 -19.5927 -0.253846 0.921321 -0.294501 -3.87762 -0.44198 0.16034 0.882578 37.6975
0.624597 0.36016 0.692938 -19.4503 -0.0890826 0.914371 -0.394955 -3.87802 -0.775849 0.184959 0.603198 37.8303
0.229546 0.433958 0.8712 -19.4358 0.0739185 0.884743 -0.46018 -3.89607 -0.970487 0.17003 0.171012 37.8421
-0.190007 0.43561 0.879853 -19.507 0.237175 0.890002 -0.389416 -3.88258 -0.952704 0.134687 -0.272422 37.7783
-0.5226 0.291623 0.801153 -19.6198 0.144346 0.956381 -0.253968 -3.81698 -0.84027 -0.0170808 -0.541899 37.8147
-0.510405 0.0244705 0.859586 -19.6418 -0.122543 0.987324 -0.100871 -3.71181 -0.851158 -0.156822 -0.500936 37.8927
-0.639972 -0.220642 0.736039 -19.6685 -0.457373 0.879098 -0.134151 -3.56973 -0.617451 -0.422497 -0.663514 37.9742
-0.821479 -0.291132 0.490321 -19.7027 -0.482779 0.812678 -0.32631 -3.55192 -0.303474 -0.504774 -0.80815 37.946
-0.852421 -0.424332 0.305485 -19.6971 -0.522687 0.706428 -0.477239 -3.52844 -0.013295 -0.566482 -0.823967 37.9721
-0.76224 -0.437857 0.47673 -19.5703 -0.632618 0.659865 -0.40543 -3.53751 -0.137057 -0.610623 -0.779971 37.929
-0.635141 -0.30565 0.709347 -19.4485 -0.551743 0.822224 -0.139737 -3.55564 -0.540532 -0.48013 -0.690869 37.7276
-0.626038 -0.138449 0.767404 -19.2035 -0.363166 0.922637 -0.129811 -3.60504 -0.690063 -0.359961 -0.627886 37.6227
-0.382901 -0.0922052 0.919176 -19.2921 -0.258643 0.965912 -0.0108494 -3.64714 -0.886843 -0.241893 -0.393697 37.4122
-0.423173 0.040338 0.905151 -19.0457 -0.182085 0.974841 -0.128572 -3.69696 -0.887564 -0.219223 -0.405181 37.2278
-0.318211 -0.0556186 0.946387 -19.0706 -0.249063 0.968115 -0.0268487 -3.54034 -0.914718 -0.244253 -0.321917 36.7746
-0.526686 -0.118113 0.841814 -18.9792 -0.377171 0.919953 -0.106903 -3.49295 -0.761803 -0.373813 -0.529075 36.5858
-0.807579 -0.0229416 0.589313 -18.9857 -0.204096 0.948372 -0.242768 -3.40419 -0.553318 -0.31633 -0.770567 36.4048
-0.841794 0.0668035 0.53565 -19.2047 -0.0253803 0.986317 -0.162894 -3.30037 -0.539203 -0.150718 -0.82858 36.0737
-0.769068 -0.00580517 0.63914 -19.2433 -0.120766 0.983267 -0.136386 -3.1515 -0.627654 -0.182077 -0.756901 35.8066
-0.51468 -0.0780479 0.853823 -19.3488 -0.232504 0.971238 -0.0513718 -3.02134 -0.825255 -0.224958 -0.518023 35.5322
-0.18609 -0.0615435 0.980603 -19.3269 -0.256436 0.966487 0.0119934 -2.94204 -0.948478 -0.24923 -0.195636 35.4538
0.145526 -0.0469289 0.988241 -19.1269 -0.235732 0.968461 0.080703 -2.86324 -0.96086 -0.244704 0.129874 35.3954
0.178723 -0.0409159 0.983048 -19.1145 -0.228764 0.970025 0.0819643 -2.67337 -0.956935 -0.239535 0.164006 35.0522
-0.0291529 -0.0827021 0.996148 -18.9248 -0.342967 0.936901 0.0677462 -2.52805 -0.938895 -0.339671 -0.0556775 34.8046
-0.224421 -0.226821 0.947727 -18.8379 -0.413552 0.902784 0.118136 -2.46736 -0.882389 -0.365422 -0.296406 34.6682
-0.461328 -0.228712 0.857244 -18.8126 -0.339142 0.938287 0.0678232 -2.3424 -0.819853 -0.259439 -0.510424 34.3215
-0.629413 -0.383304 0.675956 -18.7721 -0.51986 0.854252 0.00034207 -2.2303 -0.577568 -0.351187 -0.736941 34.2944
-0.653099 -0.303982 0.693582 -18.7007 -0.434474 0.900569 -0.0144142 -2.11017 -0.620237 -0.310757 -0.720233 34.04
-0.645114 -0.285204 0.708863 -18.4608 -0.451036 0.89099 -0.051993 -1.92965 -0.616762 -0.353264 -0.703427 33.8587
-0.704636 -0.171634 0.688498 -18.3001 -0.284958 0.957071 -0.0530511 -1.82719 -0.649836 -0.233575 -0.723296 33.4985
-0.837983 -0.212286 0.502712 -18.1833 -0.285841 0.955493 -0.0729889 -1.64272 -0.464843 -0.204859 -0.861367 33.2527
-0.736573 -0.308366 0.601972 -18.2479 -0.385078 0.922883 0.00157449 -1.45098 -0.556035 -0.230646 -0.798515 32.8781
-0.467374 -0.301859 0.830929 -18.0816 -0.355401 0.924761 0.136042 -1.40707 -0.809476 -0.231731 -0.53949 32.7637
-0.161356 -0.273429 0.948262 -17.9431 -0.240178 0.942844 0.230998 -1.29404 -0.957225 -0.190479 -0.217805 32.7802
0.186455 -0.247219 0.950851 -17.8576 -0.188844 0.940757 0.281626 -1.22129 -0.964143 -0.232073 0.128723 32.6136
0.155721 -0.196855 0.967987 -17.6296 -0.224164 0.947333 0.228716 -1.06702 -0.96203 -0.252604 0.103392 32.406
0.122404 -0.32216 0.938739 -17.5604 -0.315546 0.88414 0.344567 -0.84405 -0.940983 -0.338391 0.00656589 32.0988
0.0823531 -0.233613 0.968836 -17.2411 -0.314317 0.916434 0.247695 -0.780337 -0.945739 -0.32492 0.00204279 32.0169
-0.240807 -0.314793 0.918106 -17.1997 -0.350919 0.910187 0.220036 -0.605155 -0.904913 -0.269195 -0.329646 31.8508
-0.489354 -0.306345 0.816508 -17.3159 -0.381586 0.917102 0.115393 -0.468686 -0.784172 -0.2551 -0.565684 31.4395
-0.65164 -0.258528 0.713112 -17.156 -0.373632 0.927563 -0.00514967 -0.317735 -0.660124 -0.269797 -0.701032 31.2293
-0.836644 -0.321856 0.44321 -17.2531 -0.39041 0.917948 -0.0703667 -0.291825 -0.384196 -0.231906 -0.893651 31.1305
-0.937369 -0.0980152 0.334263 -17.2312 -0.162702 0.971685 -0.171338 -0.182506 -0.308005 -0.214992 -0.926775 30.6375
-0.763983 -0.141413 0.629549 -17.0059 -0.246251 0.965739 -0.0819062 -0.0151024 -0.596397 -0.217602 -0.772632 30.6358
-0.744318 -0.0424312 0.666476 -16.4694 -0.198545 0.966915 -0.160175 0.127495 -0.637629 -0.251546 -0.728116 30.411
-0.472962 -0.131155 0.871266 -16.2052 -0.257143 0.966356 0.00588018 0.165403 -0.842724 -0.221259 -0.490775 30.4187
-0.124505 -0.166124 0.978213 -15.9659 -0.294868 0.947539 0.123385 0.184265 -0.947392 -0.273081 -0.166958 30.4951
0.255402 -0.129629 0.958105 -15.8235 -0.20491 0.961202 0.184671 0.161525 -0.944871 -0.243491 0.218931 30.6004
0.552039 -0.213093 0.80613 -15.648 -0.0756112 0.950016 0.302906 0.198755 -0.830383 -0.228168 0.508333 30.6759
0.688197 -0.173054 0.704583 -15.4022 -0.0664446 0.952023 0.298728 0.184447 -0.722475 -0.252399 0.643681 30.822
0.77456 -0.1322 0.61853 -15.3661 -0.0742414 0.952151 0.296475 0.146001 -0.628128 -0.275558 0.727684 31.0609
0.896595 -0.216493 0.386326 -15.1621 0.0848459 0.940177 0.329952 0.146332 -0.434647 -0.263055 0.861327 31.1791
0.950511 -0.129833 0.282261 -15.058 0.0254554 0.937988 0.345731 0.106347 -0.309645 -0.321436 0.894873 31.6598
0.97964 -0.139093 -0.144768 -14.9608 0.169398 0.9597 0.224233 0.111218 0.107745 -0.244192 0.963723 32.0441
0.874974 -0.166444 -0.454662 -15.1927 0.288995 0.932964 0.214614 0.114354 0.388463 -0.319177 0.864421 32.3234
0.585597 -0.221684 -0.7797 -15.4613 0.38082 0.924358 0.023203 0.112857 0.715578 -0.310513 0.625723 32.5543
0.324261 -0.173196 -0.929977 -15.5928 0.306276 0.949365 -0.0700153 0.115649 0.895014 -0.262126 0.360888 32.7477
0.108 -0.0197388 -0.993955 -15.9176 0.247695 0.968808 0.00767446 0.061129 0.9628 -0.247027 0.109521 32.8877
-0.196148 -0.144316 -0.969896 -16.0421 0.176076 0.96785 -0.17962 0.107862 0.964636 -0.206008 -0.164432 33.1996
0.0279154 -0.0318741 -0.999102 -16.3863 0.217093 0.975829 -0.0250659 0.0746793 0.975752 -0.216198 0.0341603 33.4102
0.0862896 -0.0331927 -0.995717 -16.6064 0.140557 0.989854 -0.0208164 0.083392 0.986305 -0.138159 0.0900796 33.8149
0.336112 0.112675 -0.935058 -16.9156 0.214982 0.957429 0.192647 0.0364144 0.916958 -0.265771 0.29758 34.0944
0.470637 -0.100446 -0.876591 -16.901 0.278901 0.959495 0.0397948 0.103692 0.837088 -0.263211 0.479588 34.4717
0.731737 -0.135068 -0.66807 -16.9519 0.323071 0.931796 0.165472 0.100267 0.600155 -0.336916 0.725466 34.7872
0.802833 -0.244743 -0.543655 -16.9747 0.352929 0.930018 0.102507 0.129263 0.480521 -0.274167 0.833026 35.2732
0.899606 -0.2239 -0.374938 -17.0668 0.320012 0.922201 0.217113 0.145534 0.297156 -0.3153 0.901268 35.8159
0.820628 -0.232998 -0.521807 -17.1707 0.321298 0.943234 0.08412 0.136741 0.472587 -0.236687 0.848906 36.2781
0.639595 -0.233337 -0.732443 -17.4802 0.353462 0.935388 0.0106665 0.113647 0.682629 -0.265713 0.680745 36.7388
0.447683 -0.21416 -0.868168 -17.6972 0.38232 0.923521 -0.0306665 0.129389 0.808339 -0.318189 0.495322 37.2647
0.1256 -0.222691 -0.966764 -18.0527 0.244261 0.951425 -0.187424 0.133522 0.961541 -0.212603 0.173893 37.6789
-0.161083 -0.104034 -0.981442 -18.2749 0.180794 0.974491 -0.132971 0.0801539 0.97024 -0.198858 -0.138165 37.7585
-0.42056 -0.0642163 -0.904989 -18.6893 0.0810426 0.990845 -0.10797 0.0596628 0.903638 -0.11875 -0.411505 37.8805
-0.757523 -0.112908 -0.64297 -18.7999 -0.0480737 0.991903 -0.117543 0.0832231 0.651036 -0.0581318 -0.756818 37.8344
-0.920239 -0.0830712 -0.382438 -19.0112 0.0299586 0.959392 -0.280482 0.0544173 0.390208 -0.269568 -0.880381 37.5819
-0.984568 -0.168775 -0.0462708 -19.1848 -0.158046 0.971063 -0.179051 0.0606234 0.0751511 -0.168974 -0.982751 37.4056
-0.924579 -0.259949 0.278532 -19.2443 -0.299811 0.947531 -0.110902 0.0976496 -0.235089 -0.186044 -0.954002 37.3098
-0.801959 -0.245973 0.544389 -19.1568 -0.310035 0.950332 -0.0273328 0.114365 -0.510627 -0.1907 -0.838388 36.8619
-0.579553 -0.360868 0.730679 -19.1654 -0.368526 0.915751 0.159968 0.3213 -0.726847 -0.176564 -0.663715 36.3893
-0.408161 -0.428647 0.806019 -19.0949 -0.520096 0.8348 0.180581 0.530136 -0.75027 -0.345501 -0.56367 36.1783
-0.19044 -0.373826 0.907737 -19.1427 -0.375655 0.882034 0.28443 0.701204 -0.906982 -0.286829 -0.308404 35.8218
-0.0340953 -0.309443 0.950307 -18.9816 -0.369527 0.88738 0.275694 0.853494 -0.928594 -0.341764 -0.144603 35.5802
0.297703 -0.193737 0.934794 -19.0811 -0.246888 0.930256 0.271423 0.946907 -0.922182 -0.311593 0.229109 35.4235
0.411126 0.100093 0.906067 -19.2799 -0.152873 0.987447 -0.0397173 0.821424 -0.898669 -0.122184 0.421267 35.4112
0.0623594 0.242811 0.968067 -19.33 -0.0541238 0.969351 -0.239646 0.739468 -0.996585 -0.0374512 0.07359 35.1888
-0.356146 0.142832 0.923449 -19.2591 0.0136164 0.988937 -0.147709 0.902809 -0.934331 -0.0400321 -0.354151 34.743
-0.638002 0.110505 0.762064 -19.2569 -0.035089 0.984449 -0.172129 1.0804 -0.769235 -0.136558 -0.624203 34.4115
-0.593731 -0.0564815 0.802679 -19.2619 -0.193906 0.97818 -0.0745989 1.31167 -0.780951 -0.199936 -0.591728 34.143
-0.569533 -0.135079 0.810794 -19.0153 -0.274089 0.961158 -0.0324012 1.50189 -0.774924 -0.240683 -0.584435 34.0067
-0.336473 -0.257622 0.905769 -18.7201 -0.446764 0.890384 0.0872837 1.64566 -0.828968 -0.375296 -0.414687 34.1422
-0.173573 -0.321534 0.930853 -18.6778 -0.393736 0.889028 0.233669 1.65218 -0.902688 -0.325952 -0.280911 34.0743
-0.325562 -0.245437 0.91311 -18.5612 -0.28752 0.945688 0.151681 1.82618 -0.900745 -0.213156 -0.378448 33.7783
-0.61041 -0.112593 0.784042 -18.6127 -0.170503 0.985318 0.00875397 1.81936 -0.773517 -0.128338 -0.620645 33.4119
-0.58192 -0.0978534 0.807338 -18.342 -0.15014 0.988597 0.011604 2.03708 -0.799267 -0.114461 -0.589976 33.1537
-0.14032 -0.105032 0.984519 -18.0707 -0.117973 0.989047 0.0887008 2.09895 -0.983053 -0.1037 -0.151174 33.204
0.207715 -0.0541029 0.976692 -17.8703 -0.0580347 0.996029 0.0675164 2.1981 -0.976466 -0.0707062 0.20375 33.1454
0.192023 -0.030949 0.980902 -17.5683 -0.135036 0.989162 0.0576444 2.3372 -0.972056 -0.143526 0.185762 33.0135
-0.155964 -0.145558 0.976979 -17.4686 -0.114245 0.985103 0.12853 2.46345 -0.981134 -0.0915685 -0.170269 32.6165
-0.368696 -0.0429934 0.928555 -17.3281 -0.137873 0.99041 -0.00888703 2.59429 -0.919268 -0.131299 -0.371088 32.3256
-0.719684 -0.0487102 0.692591 -17.4547 -0.0987956 0.99457 -0.0327119 2.69637 -0.687237 -0.0919672 -0.720588 32.0945
-0.862394 -0.0974925 0.496762 -17.6791 -0.0639677 0.994401 0.0841074 2.84001 -0.502181 0.0407569 -0.863802 31.9034
-0.936759 -0.0979484 0.335989 -17.6561 -0.0648916 0.992001 0.108269 2.87533 -0.343906 0.0796192 -0.935622 31.78
-0.852287 -0.172645 0.493762 -17.5407 -0.159453 0.984784 0.0690979 3.03971 -0.498178 -0.0198406 -0.866848 31.5895
-0.892176 -0.0620699 0.447403 -17.2662 -0.0211749 0.995172 0.0958386 3.12862 -0.451191 0.0760312 -0.889183 31.3806
-0.938429 -0.00738039 0.345394 -17.3547 0.0352147 0.992521 0.116886 3.25944 -0.343674 0.121852 -0.93115 31.1279
-0.989458 0.0600375 0.131788 -17.0529 0.0695441 0.995207 0.0687563 3.43039 -0.127028 0.0771966 -0.988891 31.0693
-0.984393 0.161399 -0.0701473 -17.0143 0.156534 0.985182 0.0700931 3.52638 0.0804208 0.0580188 -0.995071 30.7528
-0.907751 0.143737 -0.394116 -16.8552 0.0983564 0.986205 0.133135 3.64244 0.407815 0.0820898 -0.909367 30.6994
-0.686304 0.224294 -0.691866 -16.8407 0.157716 0.974521 0.15948 3.72469 0.710008 0.000333425 -0.704193 30.7715
-0.333409 0.245425 -0.910277 -16.8807 0.0525543 0.968859 0.241971 3.73569 0.941316 0.0328363 -0.335925 30.813
0.018776 0.263591 -0.964452 -16.69 -0.0427301 0.963952 0.262623 3.72317 0.99891 0.0362801 0.0293625 30.72
0.159605 0.214397 -0.963618 -16.3535 -0.0943147 0.974978 0.201303 3.75819 0.982665 0.0587543 0.175833 30.6333
0.0695218 0.306417 -0.949355 -16.2475 -0.209175 0.93498 0.286459 3.69321 0.975404 0.178667 0.129096 30.5899
0.0372633 0.304522 -0.951776 -16.2441 -0.214426 0.932689 0.290021 3.70124 0.976029 0.193279 0.100053 30.5842
-0.997493 0.00967956 0.0700936 -134.742 0.00094083 0.992326 -0.123646 11.2339 -0.0707525 -0.12327 -0.989848 1.98313
-0.997964 0.0562628 0.0300233 -134.565 0.0525967 0.992383 -0.111398 11.1416 -0.0360622 -0.109592 -0.993322 1.67073
-0.973059 0.0834807 -0.214913 -134.532 0.10438 0.990655 -0.0877883 11.203 0.205576 -0.107856 -0.97268 1.04622
-0.861614 0.227514 -0.453717 -134.679 0.20171 0.973775 0.105244 11.0989 0.465763 -0.000839353 -0.884909 0.352336
-0.740089 0.3123 -0.595598 -134.909 0.235382 0.949908 0.205596 11.1089 0.629971 0.0119659 -0.776526 -0.238186
-0.496526 0.259927 -0.828191 -135.094 0.133729 0.965628 0.222886 11.1455 0.857659 -8.47625e-05 -0.514219 -0.545029
-0.182926 0.333692 -0.924763 -135.317 -0.0222944 0.938985 0.343234 11.1276 0.982874 0.0834036 -0.164326 -0.654154
0.240538 0.316274 -0.917667 -135.342 -0.115441 0.948036 0.296481 11.1696 0.96375 0.0346215 0.264549 -0.692893
0.60016 0.098473 -0.793795 -135.273 0.0526414 0.985379 0.16204 11.3568 0.798146 -0.139036 0.586201 -0.829618
0.724623 -0.0894439 -0.683317 -135.096 0.220845 0.969388 0.107306 11.4468 0.652801 -0.228663 0.722194 -0.857715
0.743769 -0.0521347 -0.6664 -135.066 0.212119 0.963833 0.161342 11.3917 0.633887 -0.261358 0.727928 -0.856985
0.711218 0.129799 -0.690884 -135.177 0.0589027 0.968346 0.242564 11.2915 0.700499 -0.213211 0.681059 -0.942815
0.474067 0.244187 -0.845951 -135.098 0.0143006 0.958512 0.284692 11.2252 0.880372 -0.147061 0.450907 -0.96087
0.187591 0.201404 -0.961377 -135.103 0.178154 0.955543 0.234944 11.2064 0.965956 -0.215347 0.14337 -1.19094
-0.163385 0.233758 -0.958469 -135.04 0.220284 0.95564 0.195517 11.2089 0.961655 -0.179191 -0.20763 -1.49817
-0.478161 0.23601 -0.845968 -134.977 0.247877 0.960324 0.127808 11.1996 0.842567 -0.148583 -0.517691 -1.61321
-0.757401 0.28472 -0.587604 -134.999 0.293208 0.952392 0.0835418 11.2096 0.583415 -0.109015 -0.804824 -1.79175
-0.92591 0.28839 -0.243971 -134.993 0.298678 0.954338 -0.00544209 11.1663 0.231262 -0.0779079 -0.969767 -1.96492
-0.870107 0.348702 0.348311 -134.921 0.3267 0.937203 -0.122135 10.9893 -0.369027 0.0075221 -0.929388 -2.26423
-0.660066 0.372738 0.65221 -134.971 0.322577 0.924733 -0.202023 10.79 -0.678422 0.0770397 -0.730622 -2.46903
-0.6024 0.250751 0.757785 -134.809 0.189363 0.967166 -0.169501 10.5982 -0.775407 0.0413892 -0.630104 -2.7858
-0.817238 0.0601389 0.573155 -134.883 -0.0727594 0.975815 -0.206133 10.5364 -0.57169 -0.210162 -0.793097 -3.00762
-0.771309 -0.161829 0.615544 -134.698 -0.303692 0.943514 -0.132488 10.3917 -0.559334 -0.289124 -0.776886 -3.25237
-0.909019 -0.10276 0.403888 -134.719 -0.170824 0.975844 -0.136188 10.2462 -0.380137 -0.192791 -0.904614 -3.54345
-0.909007 0.0412725 0.414732 -134.554 -0.0980054 0.946015 -0.308951 9.90095 -0.405094 -0.321485 -0.855889 -3.97009
-0.88456 0.0717141 0.46088 -134.627 0.0476841 0.996836 -0.0635908 9.7541 -0.463982 -0.0342733 -0.885181 -4.19421
-0.933186 -0.0298881 0.358148 -134.659 0.00169938 0.996158 0.0875591 9.72815 -0.359389 0.0823176 -0.92955 -4.72821
-0.945113 0.0418939 0.324048 -134.746 0.08246 0.990226 0.112482 9.69661 -0.316169 0.133029 -0.93933 -4.7853
-0.854299 -0.059504 0.516364 -134.726 -0.0240631 0.996888 0.0750666 9.72471 -0.519224 0.0517041 -0.853073 -4.71811
-0.820302 -0.109286 0.561392 -134.956 -0.108442 0.993488 0.0349472 9.76293 -0.561555 -0.032211 -0.826812 -5.04201
-0.66219 -0.060709 0.746873 -134.931 -0.0760014 0.997014 0.0136574 9.76552 -0.745472 -0.0477196 -0.664827 -5.55174
-0.380105 -0.0468746 0.923755 -134.779 -0.215913 0.97562 -0.0393372 9.75668 -0.899389 -0.214403 -0.380959 -5.95856
-0.188604 -0.0325673 0.981513 -134.533 -0.25228 0.967516 -0.0163744 9.67922 -0.949096 -0.250705 -0.190694 -6.73418
-0.119971 -0.09353 0.988362 -134.208 -0.198144 0.977778 0.0684771 9.70678 -0.972803 -0.187622 -0.135837 -7.22824
-0.56392 -0.131875 0.815232 -133.802 -0.30102 0.952075 -0.0542136 9.74363 -0.769013 -0.275973 -0.576591 -7.85383
-0.833881 -0.138431 0.534303 -133.654 -0.243936 0.960796 -0.131779 9.76106 -0.495114 -0.240224 -0.834958 -8.11732
-0.86054 -0.133768 0.491505 -133.366 -0.229929 0.963017 -0.140471 9.67412 -0.454537 -0.233892 -0.859471 -8.90377
-0.798335 -0.0398192 0.600896 -133.226 -0.250098 0.929617 -0.270671 9.62143 -0.547825 -0.366369 -0.752104 -9.75918
-0.805135 -0.259024 0.533539 -133.235 -0.231555 0.96548 0.119297 9.60683 -0.546022 -0.0274931 -0.83732 -10.1579
-0.956115 -0.284142 0.0714623 -133.437 -0.2899 0.952792 -0.0902499 9.6136 -0.0424449 -0.107006 -0.993352 -10.5086
-0.974923 0.0707929 0.210981 -133.489 -0.0338206 0.889909 -0.454883 9.60829 -0.219957 -0.450611 -0.865199 -10.9501
-0.784174 0.390826 0.482002 -133.455 -0.0053554 0.772454 -0.635048 9.5256 -0.620518 -0.500569 -0.603645 -11.2854
-0.815725 0.00108919 0.578439 -133.646 -0.077192 0.990849 -0.110723 9.68131 -0.573266 -0.134971 -0.808176 -11.6748
-0.9579 -0.0994488 0.269328 -133.969 -0.0682599 0.99008 0.12281 9.74654 -0.278869 0.0992552 -0.955186 -12.0403
-0.994935 -0.00959084 0.10006 -134.092 -0.0484925 0.917739 -0.394213 9.73904 -0.0880483 -0.397069 -0.913556 -12.3553
-0.944482 -0.296099 0.142406 -134.632 -0.325348 0.903317 -0.279584 9.81827 -0.0458533 -0.310393 -0.949502 -13.1628
-0.95368 -0.280074 -0.109785 -135.17 -0.237859 0.925487 -0.294783 9.75169 0.184165 -0.255016 -0.949237 -13.8418
-0.972036 -0.203148 0.117798 -135.626 -0.227586 0.938588 -0.25934 9.77759 -0.0578791 -0.278897 -0.958575 -14.5234
-0.891108 -0.437877 -0.119124 -136.134 -0.44437 0.895218 0.0334609 9.71141 0.0919899 0.0827523 -0.992315 -14.8626
-0.823712 -0.350046 -0.446056 -136.659 -0.340654 0.934396 -0.104203 9.67934 0.453269 0.0661177 -0.888918 -15.1794
-0.585474 -0.413761 -0.697153 -137.162 -0.362893 0.90274 -0.231017 9.65533 0.724934 0.117738 -0.678682 -15.2651
-0.460613 -0.139053 -0.876641 -137.513 0.0961127 0.974031 -0.205001 9.63657 0.882382 -0.178683 -0.435287 -15.2791
-0.651859 0.13982 -0.745339 -137.663 0.455569 0.857936 -0.23749 9.56031 0.606248 -0.494364 -0.622951 -15.4037
-0.851864 0.224881 -0.473028 -137.94 0.405939 0.854172 -0.324966 9.53686 0.330969 -0.468848 -0.818927 -15.5587
-0.994126 0.0848011 -0.0672414 -138.232 0.100539 0.953601 -0.283791 9.54549 0.0400556 -0.288885 -0.956525 -15.7281
-0.929463 0.049892 0.365525 -138.353 -0.0299243 0.977352 -0.209495 9.55133 -0.367698 -0.205656 -0.90692 -15.8893
-0.839029 -0.0693921 0.539644 -138.627 -0.265767 0.917728 -0.2952 9.58166 -0.474762 -0.3911 -0.788442 -16.1181
-0.541919 -0.0765697 0.836935 -138.897 -0.322953 0.938353 -0.123265 9.53375 -0.775903 -0.337091 -0.53324 -16.2914
-0.286136 0.0217881 0.957941 -139.064 -0.340971 0.931986 -0.123045 9.56363 -0.895469 -0.361838 -0.259246 -16.6027
-0.0404191 -0.0698884 0.996736 -139.386 -0.329903 0.942542 0.0527104 9.56463 -0.943149 -0.326695 -0.061153 -16.6726
0.106761 0.0192934 0.994098 -139.546 -0.265477 0.964067 0.00980022 9.54955 -0.958188 -0.264957 0.108047 -16.4052
0.419796 0.0151028 0.907493 -139.543 -0.215768 0.972857 0.0836215 9.58661 -0.881598 -0.230912 0.41166 -16.1774
0.442534 -0.081231 0.893065 -139.107 -0.227289 0.953209 0.199328 9.71255 -0.867469 -0.291193 0.403365 -16.1252
0.459007 -0.146592 0.876255 -138.637 -0.218806 0.937261 0.271414 9.69068 -0.861067 -0.316311 0.398135 -16.1596
0.15415 -0.17177 0.973002 -138.243 -0.323419 0.921749 0.213961 9.70913 -0.933616 -0.347669 0.0865341 -16.1289
0.420336 -0.194259 0.88633 -137.876 -0.172365 0.941933 0.288189 9.68115 -0.890847 -0.273908 0.362444 -16.1176
0.267081 -0.270593 0.924904 -137.336 -0.253312 0.906304 0.3383 9.71262 -0.929785 -0.324643 0.173512 -16.2864
0.568662 -0.176988 0.803305 -136.825 -0.101538 0.954006 0.28207 9.68836 -0.81628 -0.241968 0.524536 -16.3946
0.861085 -0.170467 0.479035 -136.45 0.0272033 0.956221 0.291378 9.64977 -0.507733 -0.23787 0.828025 -16.047
0.981468 -0.121792 0.147944 -136.493 0.0898842 0.974438 0.205891 9.5578 -0.169238 -0.188778 0.967327 -15.9054
0.950787 -0.0770642 -0.300108 -136.516 0.132336 0.976789 0.168433 9.46472 0.280162 -0.199859 0.938917 -15.6906
0.550051 -0.126214 -0.825539 -136.637 0.248046 0.968596 0.0171858 9.50143 0.797444 -0.214224 0.564084 -15.5283
0.494107 -0.206686 -0.844475 -137.02 0.405852 0.913834 0.0138042 9.56108 0.768858 -0.349553 0.535416 -15.3306
0.511968 -0.114659 -0.851318 -137.354 0.343507 0.935689 0.0805564 9.5047 0.787332 -0.333676 0.518429 -14.8083
0.55964 -0.139351 -0.816936 -137.386 0.31701 0.946787 0.0556662 9.51148 0.765707 -0.29013 0.574036 -14.4357
0.334558 -0.120587 -0.934628 -136.994 0.367901 0.929791 0.0117303 9.51581 0.867594 -0.347775 0.355433 -14.6521
0.208043 0.0251624 -0.977796 -136.468 0.24574 0.966261 0.0771509 9.52631 0.946747 -0.256335 0.19484 -14.6072
0.409738 -0.0988843 -0.906828 -136.342 0.249815 0.968266 0.00729163 9.52297 0.87733 -0.229527 0.421438 -14.0965
0.304929 -0.0614667 -0.950389 -136.259 0.26598 0.963704 0.0230111 9.46722 0.914479 -0.259801 0.310211 -13.5191
0.416235 -0.114261 -0.902049 -136.153 0.325505 0.945049 0.0304906 9.54252 0.848997 -0.306313 0.430555 -12.8613
0.752969 -0.0682627 -0.654506 -135.993 0.24451 0.952421 0.181959 9.51028 0.610945 -0.297043 0.733834 -12.467
0.890248 -0.152279 -0.429266 -135.795 0.237235 0.95955 0.151605 9.55209 0.388815 -0.236803 0.890363 -11.861
0.813518 -0.0996457 -0.572939 -135.694 0.0938656 0.994792 -0.0397343 9.4946 0.573914 -0.0214547 0.818634 -11.2382
0.944462 -0.0403942 -0.326129 -135.351 0.103931 0.978193 0.179823 9.56601 0.311754 -0.203731 0.928064 -10.512
0.893354 0.0788251 -0.442387 -135.215 0.0463728 0.963065 0.265245 9.49231 0.446955 -0.257473 0.856702 -10.0526
0.762492 -0.0769722 -0.642402 -135.071 0.142028 0.988593 0.0501266 9.54136 0.631216 -0.12946 0.764726 -9.33015
0.953363 -0.100159 -0.284723 -134.927 0.108697 0.993972 0.0143015 9.60072 0.281574 -0.0445829 0.958503 -8.92386
0.774438 -0.0897472 -0.626252 -134.854 0.198086 0.974512 0.105302 9.59491 0.600839 -0.205601 0.772477 -8.59654
