0.999989 -0.00275235 0.00374264 7.53429e-05 0.00272942 0.999978 0.00611747 0.000229135 -0.00375939 -0.00610719 0.999974 5.59143e-05
0.903088 -0.0122998 -0.42928 4.83481 0.00600944 0.999854 -0.0160058 0.234939 0.429414 0.0118749 0.90303 0.250807
0.849247 -0.0363425 -0.526744 5.59371 0.0232884 0.999236 -0.0313949 0.244338 0.527482 0.014395 0.849444 0.649614
0.92238 -0.0726776 -0.379386 6.38616 0.0315019 0.993022 -0.113641 0.251123 0.384998 0.0928687 0.918233 1.39489
0.957454 -0.093987 -0.272853 7.43817 0.0829767 0.995213 -0.0516419 0.29483 0.2764 0.0268043 0.960669 1.78989
0.849573 -0.0562026 -0.524468 8.46391 0.0415189 0.998348 -0.0397285 0.286788 0.525834 0.011977 0.850503 2.23603
0.558891 -0.0674017 -0.826497 9.19413 0.0954144 0.995298 -0.0166468 0.337251 0.823734 -0.069556 0.562694 3.06701
0.166059 -0.0672834 -0.983818 9.30553 0.263819 0.964334 -0.0214208 0.448736 0.95017 -0.255993 0.177887 3.31381
-0.235535 0.023311 -0.971586 9.5631 0.303547 0.951463 -0.0507587 0.504418 0.923245 -0.306878 -0.231179 3.7877
-0.551156 0.00586696 -0.834382 9.6176 0.221533 0.965116 -0.139549 0.531557 0.804457 -0.261756 -0.533229 4.10001
-0.543285 -0.00513269 -0.839533 9.66857 0.072423 0.995967 -0.052956 0.461723 0.836419 -0.0895717 -0.540722 4.78985
-0.6006 0.0795085 -0.795587 10.0461 0.0428003 0.996814 0.0673079 0.347789 0.798403 0.00637382 -0.602089 4.74541
-0.865239 0.108868 -0.489396 10.1722 0.0613579 0.991795 0.11215 0.303661 0.49759 0.0670081 -0.86482 4.51069
-0.992015 0.0187793 -0.124712 10.092 0.0123183 0.998551 0.0523781 0.281594 0.125515 0.0504236 -0.990809 4.18878
-0.976965 -0.006893 0.21329 9.66773 -0.00526944 0.999953 0.00817958 0.331443 -0.213336 0.00686724 -0.976955 3.61276
-0.820483 -0.00770023 0.571619 9.35133 0.0462498 0.995737 0.0797991 0.301267 -0.569796 0.0919111 -0.81663 3.13022
-0.588751 -0.0186474 0.808099 8.78096 0.00471102 0.999638 0.0264996 0.325355 -0.808301 0.0194086 -0.58845 2.33193
-0.574723 -0.0514256 0.816731 8.16132 -0.0620981 0.997887 0.0191344 0.35401 -0.815988 -0.0397204 -0.576702 1.57324
-0.834317 -0.0207266 0.550895 7.59902 -0.0171777 0.999785 0.0116002 0.35253 -0.551018 0.000215077 -0.834494 0.686866
-0.958187 -0.0519961 0.28138 6.98178 -0.0369086 0.997595 0.0586599 0.315186 -0.283754 0.0458218 -0.957802 -0.169539
-0.814101 -0.00989989 0.580639 6.275 -0.00375048 0.999923 0.0117902 0.282166 -0.580712 0.00742075 -0.814076 -0.805399
-0.904749 -0.0260696 0.425147 5.21493 -0.00678592 0.998881 0.0468095 0.273927 -0.425892 0.0394658 -0.903913 -1.20901
-0.99545 -0.011372 0.0946037 4.52515 -0.00624198 0.998503 0.0543464 0.277505 -0.0950801 0.0535086 -0.99403 -1.69085
-0.921549 -0.0940697 -0.376694 4.59974 -0.122565 0.991079 0.052349 0.276997 0.368409 0.0944118 -0.924858 -1.79975
-0.749366 -0.124763 -0.650296 4.75774 -0.194546 0.980228 0.0361226 0.284605 0.632932 0.153582 -0.758821 -1.82352
-0.47081 -0.0369572 -0.88146 4.96741 -0.206894 0.975885 0.0695908 0.266954 0.857632 0.215133 -0.467102 -1.82875
-0.0998289 -0.0599816 -0.993195 5.19648 -0.0700624 0.996127 -0.0531165 0.29487 0.992535 0.0642831 -0.103645 -1.66503
0.246115 -0.115231 -0.962367 5.19868 0.0233654 0.993325 -0.112962 0.364072 0.968959 0.00531552 0.247164 -1.15704
0.33775 -0.155696 -0.928269 5.2578 0.0460752 0.987776 -0.148912 0.382571 0.940107 0.00752497 0.340795 -0.792493
0.622728 -0.111659 0.774431 2.36995 -0.0857694 0.974059 0.20941 0.158401 -0.777724 -0.196828 0.596996 -0.437475
0.581339 -0.210187 0.786045 2.50247 0.0602063 0.974522 0.216059 0.12696 -0.811431 -0.0782783 0.579182 -0.530889
0.464547 -0.241878 0.851875 2.66097 0.0629711 0.968562 0.24067 0.12282 -0.883307 -0.0581589 0.465174 -0.576775
0.61836 -0.3583 0.699465 2.99542 0.0299356 0.900116 0.43462 0.237693 -0.785324 -0.247813 0.567322 -0.910898
0.664637 -0.417415 0.619695 3.38975 0.0307179 0.843958 0.535529 0.292509 -0.746534 -0.336897 0.573748 -0.993304
0.797281 -0.446069 0.406653 3.6815 0.209347 0.836233 0.506842 0.254493 -0.566143 -0.318964 0.760095 -0.991149
0.864157 -0.176417 0.471286 4.01768 0.081685 0.97329 0.214555 0.16551 -0.496549 -0.146912 0.855486 -0.656189
0.974325 -0.17026 0.14732 4.22622 0.140277 0.970861 0.194297 0.186037 -0.176108 -0.168642 0.969817 -0.278581
0.976413 -0.119154 -0.180057 4.39146 0.135104 0.987674 0.0790428 0.144796 0.16842 -0.101505 0.980475 0.0404741
0.861964 -0.073568 -0.501603 4.35647 0.144948 0.983875 0.104781 0.156338 0.485807 -0.163024 0.858729 0.365814
0.698709 -0.314254 -0.642689 4.36284 0.452138 0.89017 0.056284 0.265584 0.554416 -0.32991 0.764057 0.567712
0.716471 -0.477325 -0.508753 4.29718 0.649843 0.721886 0.237875 0.331813 0.253718 -0.50104 0.827397 0.679335
0.816309 -0.266726 -0.512344 4.16298 0.390211 0.908642 0.148678 0.221549 0.425881 -0.321289 0.845812 1.09567
0.793229 0.0113276 -0.608818 4.12279 0.101248 0.983456 0.150214 0.0947201 0.600447 -0.180795 0.778958 1.38601
0.571403 -0.0342615 -0.819954 3.93914 0.124779 0.991139 0.0455408 0.115214 0.811128 -0.128335 0.570615 1.5499
0.288526 0.00078388 -0.957472 3.94402 0.0741431 0.996979 0.0231586 0.0917344 0.954597 -0.0776718 0.287596 1.72639
-0.0367532 -0.064525 -0.997239 4.13108 0.190106 0.979239 -0.0703667 0.175459 0.981075 -0.192168 -0.0237236 1.56312
-0.372402 -0.132209 -0.918606 4.23397 0.116227 0.975365 -0.187496 0.185498 0.920765 -0.176591 -0.347862 1.60633
-0.647427 -0.287578 -0.705788 4.60578 0.0382387 0.912653 -0.406943 0.266424 0.761167 -0.290454 -0.57988 1.60538
-0.855173 -0.274317 -0.439806 4.70253 -0.0836908 0.910424 -0.405121 0.239509 0.511542 -0.309641 -0.801528 1.52196
-0.943762 -0.27369 -0.185491 4.61532 -0.189359 0.907342 -0.375332 0.25423 0.271028 -0.3191 -0.908141 1.54027
-0.988697 -0.115561 0.0955138 4.44771 -0.131981 0.973099 -0.188839 0.168678 -0.0711218 -0.199311 -0.977352 1.3823
-0.855235 -0.108649 0.506724 4.37155 -0.185397 0.977211 -0.10338 0.160214 -0.483944 -0.182359 -0.855887 1.12366
-0.588828 -0.168158 0.790572 4.29653 -0.27072 0.962653 0.00312496 0.19924 -0.761572 -0.212184 -0.612361 1.05583
-0.292427 -0.159234 0.942937 4.33324 -0.301905 0.950983 0.0669648 0.184274 -0.907381 -0.265095 -0.326167 0.921178
0.0567842 -0.187459 0.98063 4.40501 -0.304681 0.932106 0.195826 0.219038 -0.95076 -0.309899 -0.00418631 0.627887
0.14121 -0.0883572 0.986029 4.55423 -0.219349 0.968461 0.118196 0.172708 -0.965374 -0.232974 0.117375 0.232668
-0.2541 -0.0311605 0.966676 4.72608 -0.142693 0.989751 -0.00560375 0.119663 -0.956594 -0.139361 -0.255942 -0.240032
-0.59457 0.0551768 0.802148 4.7263 -0.0510398 0.99304 -0.106139 0.115119 -0.802422 -0.104049 -0.587616 -0.482803
-0.901027 -0.0590909 0.429719 4.74903 -0.154224 0.969586 -0.190046 0.184077 -0.405419 -0.23751 -0.882737 -0.587635
-0.975381 -0.189743 0.112384 4.53927 -0.212223 0.946157 -0.244436 0.210568 -0.0599529 -0.262268 -0.963131 -0.671435
-0.957151 -0.108944 -0.268315 4.27338 -0.0291614 0.958088 -0.284986 0.209979 0.288117 -0.26495 -0.920212 -0.901805
-0.747643 -0.0435713 -0.66267 3.77929 0.0784574 0.985062 -0.153287 0.172465 0.659451 -0.166595 -0.733056 -0.937215
-0.48856 -0.146075 -0.860216 3.42644 0.141125 0.959676 -0.243116 0.2249 0.861042 -0.240174 -0.448244 -1.02818
-0.397169 -0.246255 -0.88409 2.84689 0.174734 0.925416 -0.336264 0.238288 0.900958 -0.288034 -0.324517 -0.919335
-0.343719 -0.237455 -0.908555 2.34242 0.198515 0.927265 -0.317446 0.227583 0.91785 -0.289474 -0.27158 -0.767944
-0.494788 -0.25953 -0.829355 1.80152 0.201385 0.89414 -0.399948 0.26883 0.845357 -0.364909 -0.390144 -0.723859
-0.598399 -0.255476 -0.759375 1.11253 0.0242208 0.941598 -0.335868 0.255889 0.800832 -0.219376 -0.557264 -0.877583
-0.508998 -0.130149 -0.850871 0.487246 0.100066 0.972854 -0.208668 0.166379 0.854931 -0.191355 -0.482158 -1.2311
-0.185953 -0.0958034 -0.977877 -0.0584847 0.126469 0.984623 -0.120514 0.143633 0.974385 -0.146081 -0.170978 -1.29202
0.166572 -0.0898669 -0.981925 -0.257297 0.191239 0.979873 -0.0572375 0.146825 0.967306 -0.178249 0.180406 -1.25423
0.62475 -0.147099 -0.766843 -0.449072 0.239237 0.970923 0.00866074 0.184334 0.743272 -0.188868 0.641776 -0.963027
0.866491 -0.147756 -0.476824 -0.497662 0.215659 0.972254 0.0906219 0.197214 0.450204 -0.181355 0.874315 -0.90079
0.949347 -0.260145 -0.176254 -0.470852 0.292715 0.936113 0.194961 0.179449 0.114275 -0.236678 0.964844 -0.788926
0.903285 -0.423673 0.0676657 -0.400713 0.367157 0.844917 0.388986 0.238672 -0.221975 -0.326521 0.918755 -0.598795
0.801849 -0.579246 0.14667 -0.533667 0.365016 0.669185 0.647268 0.309114 -0.473076 -0.465475 0.748019 -0.396486
0.733736 -0.67474 0.0797362 -0.30615 0.309006 0.435913 0.845278 0.385975 -0.605101 -0.595572 0.528343 -0.0717795
0.730008 -0.675227 -0.105623 -0.0396441 0.475633 0.39096 0.787987 0.39695 -0.490776 -0.625475 0.606564 0.308054
0.741192 -0.629679 -0.23268 0.271117 0.624892 0.520557 0.581834 0.377051 -0.245246 -0.57665 0.779313 0.740828
0.777095 -0.500064 -0.382178 0.278122 0.62365 0.693577 0.360572 0.326436 0.0847605 -0.518544 0.85084 1.13019
0.675553 -0.389457 -0.626061 0.326358 0.448585 0.890978 -0.0702075 0.195399 0.585149 -0.233413 0.776607 1.33058
0.582144 -0.290103 -0.759571 0.303867 0.119512 0.954567 -0.272982 0.132897 0.804254 0.0681372 0.590366 1.50718
0.359424 -0.203468 -0.910722 0.00818428 0.10738 0.978475 -0.176226 0.100213 0.926976 -0.0344535 0.373536 1.84058
0.41605 -0.089282 -0.904948 -0.108927 0.197861 0.980213 -0.0057411 0.0772921 0.887555 -0.176665 0.425483 2.39478
0.476739 -0.139174 -0.867958 -0.420395 0.274817 0.961491 -0.00322357 0.0897426 0.834982 -0.236993 0.496628 2.78029
0.67307 -0.0712544 -0.736139 -0.628658 0.197089 0.976635 0.0856697 0.0970469 0.712835 -0.202746 0.671387 3.30541
0.707049 -0.139826 -0.693203 -0.795238 0.185484 0.982606 -0.00901199 0.0967862 0.682406 -0.122206 0.720686 3.92873
0.891138 -0.128279 -0.435221 -0.809949 0.211989 0.965785 0.149399 0.133596 0.401165 -0.225397 0.887842 4.37639
0.820786 -0.246106 -0.515502 -0.792759 0.337544 0.936987 0.0901121 0.187876 0.460841 -0.247967 0.852137 4.84321
0.659967 -0.12614 -0.74063 -1.18296 0.198277 0.980097 0.0097579 0.111661 0.724658 -0.15329 0.671843 5.38462
0.694275 -0.165522 -0.700417 -1.38185 0.309116 0.947438 0.0825075 0.165946 0.649945 -0.273793 0.708949 5.94818
0.681656 -0.221926 -0.697205 -1.54946 0.3547 0.933664 0.0495972 0.185794 0.639948 -0.281107 0.715154 6.45995
0.547621 -0.121873 -0.827803 -1.84937 0.317357 0.945666 0.0707169 0.151043 0.774207 -0.301435 0.556544 6.78382
0.236097 -0.0728357 -0.968996 -1.99487 0.181339 0.982972 -0.0297027 0.0893753 0.954659 -0.168704 0.245285 6.94414
-0.1426 -0.108602 -0.983804 -2.08174 0.157802 0.978754 -0.130918 0.109334 0.97712 -0.173915 -0.122432 7.10899
-0.400541 -0.137048 -0.905972 -2.30017 0.163077 0.962303 -0.217667 0.126857 0.90165 -0.234927 -0.363093 7.35707
-0.196266 -0.144618 -0.969827 -2.45224 0.106683 0.980043 -0.167731 0.118263 0.97473 -0.136384 -0.176921 7.89508
0.19321 -0.142451 -0.970761 -2.48577 0.166274 0.979847 -0.110691 0.107693 0.966966 -0.140026 0.213002 8.14062
0.513807 -0.0855732 -0.853628 -2.59194 0.24346 0.96865 0.0494371 0.1048 0.822636 -0.233225 0.518533 8.3694
0.705679 -0.0078688 -0.708488 -2.7372 0.119068 0.987035 0.107633 0.0801694 0.698456 -0.160313 0.697466 8.88857
0.859017 -0.170343 -0.482777 -2.87028 0.317258 0.917241 0.240865 0.0880286 0.401793 -0.360072 0.841968 9.05919
0.951198 -0.154528 -0.267102 -3.0014 0.218132 0.948961 0.227799 0.0733334 0.218268 -0.274946 0.936357 9.51992
0.955572 -0.0944601 -0.279213 -3.26379 0.173292 0.946298 0.27293 0.0622463 0.238437 -0.30919 0.920624 9.71074
0.886395 -0.166579 -0.431921 -3.41335 0.276125 0.939118 0.20448 0.0768366 0.371563 -0.300514 0.878426 10.1253
0.858687 -0.00585578 -0.512468 -3.68458 0.142882 0.963024 0.228407 0.018493 0.492181 -0.269353 0.827772 10.6763
0.640243 -0.0935821 -0.762451 -3.76049 0.217722 0.973957 0.0632831 0.043426 0.736672 -0.206519 0.643944 11.0265
0.573288 -0.25846 -0.777521 -3.86217 0.500018 0.862115 0.0820979 0.0999067 0.649093 -0.435841 0.623475 11.3832
0.173271 -0.453089 -0.874464 -3.91539 0.687595 0.691337 -0.22196 0.203938 0.705117 -0.562818 0.43133 11.473
-0.157755 -0.474686 -0.865902 -3.94329 0.548175 0.687263 -0.476627 0.228845 0.821351 -0.549856 0.151792 11.6618
0.116525 -0.243854 -0.962786 -4.31788 0.417611 0.891561 -0.175271 0.0672938 0.901123 -0.381647 0.205726 12.0327
0.276012 -0.108001 -0.955067 -4.49551 0.109029 0.990771 -0.0805292 -0.0563736 0.95495 -0.0819027 0.28524 12.4097
0.386765 -0.0336734 -0.921563 -4.60462 0.00385318 0.999383 -0.0348998 -0.0770215 0.92217 0.00994706 0.386656 12.6481
0.631308 -0.166362 -0.757479 -4.78045 0.212709 0.976408 -0.0371659 0.00894472 0.745792 -0.13766 0.651801 12.9454
0.668174 -0.18807 -0.719843 -4.89959 0.262927 0.964782 -0.00800961 0.0275018 0.695998 -0.183914 0.694091 13.4669
0.676933 -0.162173 -0.717957 -5.11181 0.226022 0.974098 -0.00692272 0.042424 0.700483 -0.157588 0.696053 13.9647
0.81722 -0.200712 -0.540247 -5.18795 0.267678 0.962343 0.0473816 0.0561183 0.510393 -0.183333 0.840171 14.3103
0.881453 -0.336781 -0.331088 -5.3015 0.389681 0.914713 0.107004 0.118127 0.266814 -0.223337 0.937513 14.8387
0.921844 -0.280514 -0.267426 -5.52666 0.31504 0.944261 0.0955025 0.107685 0.22573 -0.172288 0.958834 15.3741
0.921277 -0.249409 -0.298401 -5.78425 0.298546 0.945272 0.131649 0.104738 0.249236 -0.210372 0.945318 16.0427
0.916478 -0.364927 -0.164002 -5.89655 0.39335 0.896767 0.202695 0.159144 0.0731023 -0.250276 0.965411 16.4986
0.93503 -0.128307 -0.330541 -6.20318 0.171113 0.979777 0.103719 0.0853752 0.310548 -0.15354 0.938075 16.9726
0.926272 -0.163811 -0.33939 -6.30821 0.180886 0.983319 0.0190652 0.0817361 0.330606 -0.0790505 0.940452 17.5511
0.89115 0.0725272 -0.447874 -6.51242 -0.0698586 0.997303 0.0224999 -0.0327745 0.448298 0.0112371 0.893813 17.9887
0.652476 0.181508 -0.735751 -6.66151 -0.203933 0.977132 0.0602051 -0.11429 0.729854 0.110761 0.674571 18.1544
0.157295 0.0410939 -0.986696 -6.84018 -0.0344803 0.998753 0.0360994 -0.0323475 0.98695 0.0283434 0.158516 18.1941
-0.239043 -0.0902674 -0.966804 -7.03063 0.0290733 0.994558 -0.100047 0.0607306 0.970574 -0.0520237 -0.235117 18.1852
-0.321232 -0.299716 -0.898321 -7.22492 0.175429 0.913344 -0.36746 0.162755 0.93061 -0.275631 -0.240817 18.3499
-0.323629 -0.360179 -0.874949 -7.3341 0.178403 0.884899 -0.430263 0.184118 0.929213 -0.295339 -0.222122 18.8124
-0.119103 -0.250256 -0.960826 -7.64301 0.156977 0.950797 -0.267103 0.106315 0.980394 -0.18264 -0.073958 19.3754
0.155339 -0.0947696 -0.983305 -7.7722 0.218115 0.974112 -0.0594265 0.0607443 0.963481 -0.205243 0.171988 20.043
-0.00157505 -0.0520553 -0.998643 -7.87596 0.200542 0.97834 -0.0513133 0.0343046 0.979684 -0.200351 0.00889835 20.5526
0.0246943 -0.0366687 -0.999022 -7.98096 0.205831 0.978102 -0.030813 -0.00634303 0.978276 -0.204869 0.0317012 20.8258
0.324662 -0.0830675 -0.942175 -8.18265 0.242695 0.970101 -0.00189979 -0.00740155 0.914163 -0.228044 0.335115 21.3142
-0.0334535 -0.116315 -0.992649 -8.39771 0.246785 0.961489 -0.12098 0.0185771 0.968493 -0.249018 -0.00346051 21.6075
-0.415423 -0.126086 -0.900847 -8.75223 0.187511 0.957206 -0.220445 -0.0108068 0.890092 -0.260497 -0.374003 21.8911
-0.66298 -0.20662 -0.719559 -8.86186 0.0139776 0.957575 -0.287844 0.044499 0.748506 -0.200893 -0.631966 22.1659
-0.423082 -0.153312 -0.893027 -9.31988 0.139194 0.962886 -0.231249 0.00223929 0.895336 -0.222141 -0.386039 22.6262
-0.052996 -0.172317 -0.983615 -9.40053 0.240448 0.953817 -0.180052 0.0344494 0.969214 -0.24605 -0.00911508 23.0558
0.382141 -0.10992 -0.917543 -9.47964 0.317652 0.948022 0.0187254 0.0057417 0.867793 -0.298615 0.397195 23.4568
0.539546 -0.270375 -0.797363 -9.48326 0.425694 0.904674 -0.0187113 0.0456805 0.726412 -0.329337 0.60321 23.9008
0.38831 -0.313447 -0.866583 -9.61391 0.587608 0.80862 -0.0291786 0.0796742 0.709882 -0.497881 0.498179 24.4661
0.277838 -0.240325 -0.930081 -9.76147 0.366132 0.921611 -0.128764 0.0389701 0.888118 -0.304757 0.34405 25.0702
0.42908 -0.168175 -0.887472 -9.99935 0.38023 0.924852 0.00857752 0.00594772 0.819338 -0.341124 0.460781 25.6385
0.327317 -0.125372 -0.93656 -10.3595 0.37535 0.926856 0.00710834 0.00498279 0.867165 -0.353865 0.350434 26.2377
0.0801461 -0.191012 -0.97831 -10.6255 0.302372 0.93988 -0.158737 0.0149082 0.949815 -0.283092 0.133084 26.5199
0.155355 -0.0181545 -0.987692 -10.939 0.2091 0.97778 0.0149172 -0.0226993 0.965475 -0.208844 0.155699 26.9743
-0.121416 -0.0376989 -0.991886 -11.0353 0.112614 0.992303 -0.0514998 -0.027417 0.986193 -0.117953 -0.116236 27.284
-0.386233 -0.00918144 -0.922356 -11.3821 0.0782706 0.996018 -0.0426902 -0.0346712 0.919074 -0.0886817 -0.383976 27.3335
-0.703764 0.0194402 -0.710168 -11.6344 0.0116115 0.999807 0.0158621 -0.0568038 0.710339 0.00291703 -0.703853 27.3854
-0.602387 -0.152795 -0.783443 -11.9469 0.0428012 0.973912 -0.222853 0.0135286 0.797056 -0.167776 -0.580132 27.3181
-0.746133 -0.184156 -0.639822 -12.2365 -0.0829216 0.979208 -0.185139 0.0343504 0.660613 -0.0850832 -0.74589 27.2911
-0.550088 -0.196427 -0.811677 -12.2748 0.096785 0.950399 -0.295591 0.0713832 0.829479 -0.241159 -0.503792 27.181
-0.830966 -0.171104 -0.529357 -12.4813 -0.039569 0.967296 -0.250545 0.0448003 0.554914 -0.187248 -0.81056 26.9422
-0.954776 -0.235429 -0.181593 -12.4509 -0.191604 0.954216 -0.229695 0.0863715 0.227356 -0.184513 -0.956172 26.7614
-0.954707 -0.253321 0.156087 -12.3903 -0.281918 0.937889 -0.202205 0.0874684 -0.0951695 -0.23705 -0.966825 26.563
-0.935046 -0.225067 0.273922 -12.5024 -0.258759 0.961422 -0.0933384 0.0931845 -0.242347 -0.158155 -0.957212 26.483
-0.98199 -0.135321 0.131849 -12.3979 -0.159627 0.967557 -0.19584 0.0826348 -0.10107 -0.21336 -0.971732 26.4843
-0.909888 -0.151618 0.386155 -12.4374 -0.172129 0.984893 -0.0188802 0.0283169 -0.377459 -0.0836473 -0.922241 26.4523
-0.949072 -0.255896 0.183795 -12.6074 -0.294283 0.928351 -0.227073 0.0864946 -0.112519 -0.269596 -0.956377 26.3195
-0.940129 -0.340698 -0.00904919 -12.6049 -0.314887 0.878454 -0.359394 0.148331 0.130394 -0.335027 -0.933142 26.1593
-0.914791 -0.308852 -0.260321 -12.9247 -0.175253 0.884138 -0.433113 0.141936 0.363927 -0.350586 -0.862929 26.0755
-0.8626 -0.120454 -0.491338 -12.9477 0.0239464 0.960428 -0.277496 0.0737848 0.50532 -0.251134 -0.825581 26.0913
-0.606412 -0.138434 -0.783007 -13.1769 0.0407819 0.978018 -0.204495 0.0286562 0.794104 -0.155941 -0.587436 26.2612
-0.175327 -0.0430671 -0.983568 -13.2105 0.110862 0.991825 -0.0631906 -0.000924976 0.978248 -0.12012 -0.16912 26.3522
0.188377 -0.0250839 -0.981776 -13.1778 0.108377 0.994099 -0.00460415 -0.00116925 0.976099 -0.105534 0.189984 26.2597
0.0353449 -0.256457 -0.965909 -13.2958 0.280261 0.930273 -0.23674 0.0646628 0.959273 -0.262339 0.104755 26.368
0.434978 -0.256441 -0.863153 -13.2773 0.399435 0.914064 -0.0702746 0.092297 0.806998 -0.314206 0.500029 26.3981
0.493954 -0.377155 -0.783431 -13.5028 0.41909 0.892727 -0.165535 0.151236 0.761822 -0.246561 0.599028 26.3227
0.280834 -0.238105 -0.929752 -13.7942 0.320263 0.93646 -0.143086 0.0951416 0.904745 -0.257582 0.339246 26.4238
0.279655 -0.102562 -0.954607 -14.0106 0.155669 0.985965 -0.060328 -0.000696523 0.947397 -0.131731 0.291696 26.2641
0.288959 -0.0989888 -0.95221 -14.0335 0.0483493 0.99488 -0.0887524 -0.0362461 0.95612 -0.0203929 0.292266 26.3322
0.593024 -0.0732959 -0.801842 -14.09 0.0985874 0.994965 -0.0180361 -0.0214913 0.799126 -0.0683557 0.597264 26.4139
0.74701 -0.237501 -0.620942 -14.2513 0.390259 0.912805 0.120357 0.111796 0.538213 -0.332236 0.774562 26.3942
0.811764 -0.366114 -0.454972 -14.2158 0.528978 0.791068 0.307236 0.233835 0.24743 -0.490073 0.835827 26.6514
0.911391 -0.333403 -0.241265 -14.4987 0.407919 0.809455 0.422355 0.201761 0.0544786 -0.483347 0.873732 26.7524
0.986678 -0.162451 -0.00870026 -14.4277 0.159459 0.955143 0.24955 0.00835711 -0.0322296 -0.247613 0.968323 26.9239
0.96337 -0.0222847 0.267247 -14.5218 0.0054143 0.997955 0.0636981 -0.0786469 -0.26812 -0.0599179 0.96152 26.8445
0.765307 0.0627346 0.640601 -14.5709 -0.0451086 0.998019 -0.043847 -0.119497 -0.642083 0.00465981 0.766621 26.6057
0.449239 0.0196125 0.893196 -14.5241 -0.0891845 0.99575 0.0229916 -0.0499969 -0.888949 -0.089988 0.449079 26.3094
0.258641 -0.0997814 0.960806 -14.5543 -0.22025 0.962359 0.159232 0.0579034 -0.940529 -0.252802 0.226928 26.3465
-0.1025 -0.0537641 0.993279 -14.7632 -0.203881 0.978475 0.0319236 0.0246105 -0.973615 -0.199239 -0.111255 26.4326
0.131266 -0.0813109 0.988007 -15.0481 -0.179114 0.978283 0.104308 0.037528 -0.975032 -0.190658 0.113852 26.6509
-0.0582279 -0.0845199 0.994719 -15.1517 -0.150855 0.985713 0.074924 -0.00214545 -0.98684 -0.145695 -0.0701462 26.6825
0.0105846 -0.147229 0.989046 -15.4225 -0.160773 0.975982 0.147005 0.0548244 -0.986935 -0.160567 -0.01334 26.9549
0.255242 -0.108948 0.96072 -15.482 -0.126093 0.981395 0.144792 0.0248897 -0.95862 -0.158097 0.236755 27.2243
0.576706 -0.0518254 0.815306 -15.4952 -0.157068 0.972333 0.172909 0.00898764 -0.801711 -0.227777 0.55261 27.4955
0.87658 0.0409363 0.479512 -15.4602 -0.139134 0.975384 0.171077 0.00916474 -0.460705 -0.216679 0.860698 27.9527
0.977767 -0.104072 0.182047 -15.3231 0.0594465 0.970103 0.235302 0.0750841 -0.201092 -0.219248 0.954721 28.1851
0.984083 -0.0953396 -0.149967 -15.4811 0.128034 0.96561 0.226285 0.125892 0.123236 -0.241884 0.962447 28.5646
0.87408 -0.0535622 -0.48282 -15.6252 0.135579 0.981307 0.136586 0.0972229 0.466478 -0.184847 0.865003 28.7524
0.590283 -0.0225831 -0.80688 -15.7435 0.114537 0.991838 0.0560312 0.060196 0.799029 -0.125492 0.588052 28.8591
0.237339 0.00962069 -0.971379 -15.8718 0.0750675 0.996779 0.0282137 0.0377597 0.968522 -0.0796152 0.235853 28.9178
0.100137 0.0836905 -0.991448 -16.0763 0.0782685 0.992706 0.0917018 0.00496688 0.99189 -0.0867819 0.0928561 29.0957
0.0156422 0.129556 -0.991449 -16.3817 -0.0613808 0.989824 0.128375 -0.0355233 0.997992 0.0588478 0.0234352 29.4889
0.319257 0.315503 -0.893607 -16.5038 -0.181093 0.945887 0.269262 -0.0913921 0.930204 0.0758623 0.359117 30.0066
0.586134 0.383103 -0.713918 -16.4312 -0.328979 0.917775 0.222402 -0.148349 0.740419 0.104507 0.663972 30.5579
0.809559 0.285534 -0.512918 -16.5202 -0.198901 0.955474 0.217964 -0.0507672 0.552316 -0.0744348 0.830305 30.774
0.707285 0.0967841 -0.700272 -16.6351 0.0831375 0.972322 0.218354 0.0874535 0.702022 -0.212657 0.679663 31.0008
0.488007 0.0113286 -0.872766 -16.847 0.215711 0.967334 0.133171 0.137243 0.845765 -0.253253 0.469622 30.8202
0.0887217 0.120224 -0.988774 -16.999 -0.0421589 0.992253 0.116864 0.0340439 0.995164 0.0313172 0.0931029 30.7054
-0.260782 0.290775 -0.920566 -17.0598 -0.0660475 0.945954 0.317504 -0.0896126 0.963136 0.143601 -0.227483 30.5439
-0.447546 0.368626 -0.81475 -17.0198 -0.0483597 0.899778 0.43366 -0.165885 0.892952 0.233484 -0.384866 30.7043
-0.404819 0.32019 -0.856504 -17.1505 0.0217279 0.939792 0.341056 -0.275793 0.914139 0.119456 -0.387403 31.0105
-0.297788 -0.00521658 -0.954618 -17.202 0.209212 0.975319 -0.0705921 -0.224183 0.931425 -0.220739 -0.289347 31.171
-0.355089 -0.115793 -0.927633 -17.2696 0.219441 0.954248 -0.203115 -0.304911 0.908712 -0.275685 -0.313434 31.4018
-0.27911 0.153984 -0.947833 -17.5224 0.0681241 0.987747 0.140408 -0.472775 0.95784 -0.025381 -0.28618 31.5015
-0.218767 0.280877 -0.934478 -17.9379 -0.01248 0.956792 0.290506 -0.712574 0.975697 0.0752152 -0.205809 31.599
0.125435 0.413664 -0.901747 -18.0165 -0.182896 0.902989 0.388792 -0.745138 0.975097 0.116158 0.188924 31.7447
0.389147 0.519336 -0.760825 -18.06 -0.386719 0.841725 0.376758 -0.785436 0.83607 0.147611 0.528392 31.785
0.758686 0.366897 -0.538314 -17.8948 -0.3731 0.922097 0.102633 -0.904758 0.534033 0.122979 0.836471 31.9811
0.899195 0.386171 -0.205718 -17.8058 -0.388169 0.921024 0.0322446 -0.912001 0.201924 0.0508594 0.97808 32.0155
0.947026 0.29389 0.129503 -17.9444 -0.303307 0.951013 0.0598186 -0.97837 -0.105579 -0.0959288 0.989773 32.0464
0.96444 0.263079 0.0253833 -17.9705 -0.262257 0.964479 -0.0316646 -1.16798 -0.0328119 0.0238817 0.999176 32.3327
0.981474 0.191444 -0.00764949 -18.1119 -0.191544 0.981361 -0.0155754 -1.28951 0.0045251 0.016752 0.999849 32.5446
0.912257 0.299798 -0.279121 -18.3232 -0.307648 0.95136 0.0163432 -1.33577 0.270444 0.0709619 0.960117 32.6969
0.886452 0.195017 -0.419727 -18.3265 -0.258701 0.96077 -0.0999689 -1.49161 0.383766 0.197202 0.902128 32.9703
0.889777 0.282268 -0.358639 -18.4991 -0.290156 0.956414 0.0328764 -1.63559 0.352287 0.0748087 0.932897 33.2038
0.905262 0.238945 -0.351292 -18.6823 -0.208225 0.970268 0.12338 -1.64734 0.370328 -0.0385434 0.928101 33.2013
0.944849 -0.00535928 -0.327463 -18.7833 0.0982283 0.958472 0.267738 -1.54188 0.312429 -0.285138 0.906137 33.136
0.926404 0.0813969 -0.367627 -18.7541 0.00192285 0.975319 0.220793 -1.5814 0.376525 -0.20525 0.903383 33.2544
0.870417 0.222802 -0.439015 -18.8393 -0.151926 0.969772 0.190947 -1.84203 0.468288 -0.0995062 0.877955 33.7094
0.69033 0.241946 -0.681841 -19.0078 -0.131359 0.968678 0.210732 -1.94908 0.71147 -0.0559087 0.700489 33.8779
0.338408 0.369858 -0.865266 -18.946 -0.217145 0.925394 0.310634 -2.01196 0.915603 0.0827671 0.393474 33.9891
0.138419 0.405026 -0.903767 -18.9756 -0.169519 0.908773 0.381306 -2.18665 0.975758 0.100426 0.194451 34.1786
-0.0585642 0.389367 -0.919219 -18.815 -0.124779 0.910723 0.393718 -2.21861 0.990455 0.137757 -0.00475096 34.4143
-0.0386698 0.338393 -0.94021 -18.7902 -0.0893446 0.935974 0.340543 -2.46516 0.99525 0.0971714 -0.0059604 34.8277
0.0272465 0.324184 -0.945601 -19.0756 -0.0957015 0.942453 0.320348 -2.62551 0.995037 0.0817672 0.0567035 35.0968
0.396502 0.265283 -0.878869 -19.1257 -0.0676084 0.963177 0.260229 -2.73234 0.915541 -0.0437625 0.399837 35.4116
0.616239 0.0917926 -0.782192 -19.3587 0.0836026 0.979948 0.180865 -2.8097 0.78311 -0.176849 0.596208 35.5946
0.664795 0.0415077 -0.745872 -19.6016 0.0966398 0.985286 0.140966 -2.98519 0.740749 -0.165794 0.651002 35.9289
0.757467 0.161215 -0.632655 -19.6774 -0.0624081 0.982475 0.175637 -3.15847 0.649883 -0.0935566 0.754254 36.3111
0.859728 0.275588 -0.430022 -19.7855 -0.246573 0.961276 0.123088 -3.35972 0.447292 0.000209208 0.894388 36.5142
0.942786 0.249033 -0.221669 -19.7149 -0.25099 0.967788 0.0197612 -3.52073 0.219449 0.0370061 0.974922 36.8177
0.937175 0.33164 0.108248 -19.67 -0.324118 0.942504 -0.0814485 -3.67122 -0.129036 0.0412464 0.990782 37.0073
0.839971 0.38817 0.379173 -19.5161 -0.32606 0.919605 -0.219115 -3.71732 -0.433743 0.0604173 0.899009 37.0771
0.812897 0.396859 0.426265 -19.4339 -0.254426 0.90035 -0.353041 -3.75138 -0.523895 0.178533 0.832863 37.1901
0.858665 0.358779 0.366023 -19.5752 -0.263517 0.921555 -0.285124 -3.84745 -0.439607 0.148372 0.885851 37.7188
0.623294 0.364868 0.691647 -19.4327 -0.102167 0.914888 -0.390565 -3.84687 -0.775285 0.172773 0.607522 37.8514
0.228836 0.438501 0.869109 -19.4183 0.06026 0.884706 -0.462237 -3.86485 -0.971598 0.158149 0.176029 37.8634
-0.189938 0.441161 0.877098 -19.4896 0.223668 0.889313 -0.398868 -3.85191 -0.955979 0.120418 -0.267588 37.7996
-0.522808 0.295604 0.799556 -19.6022 0.137962 0.954926 -0.262837 -3.78587 -0.841212 -0.0271044 -0.540025 37.8345
-0.511639 0.0283988 0.858731 -19.6238 -0.128998 0.985586 -0.109452 -3.68035 -0.849462 -0.166775 -0.500601 37.911
-0.642341 -0.217389 0.734942 -19.6499 -0.460883 0.875737 -0.143778 -3.53765 -0.61236 -0.431077 -0.662712 37.9908
-0.823445 -0.288588 0.488524 -19.6842 -0.482435 0.809299 -0.3351 -3.52021 -0.298656 -0.511617 -0.805638 37.9623
-0.854451 -0.42207 0.302935 -19.6785 -0.519475 0.702706 -0.486159 -3.49671 -0.00768077 -0.572766 -0.819683 37.9881
-0.764859 -0.435762 0.474449 -19.5516 -0.630861 0.655755 -0.414728 -3.50681 -0.130399 -0.61652 -0.776466 37.945
-0.63784 -0.302666 0.708204 -19.4301 -0.554489 0.818647 -0.149531 -3.52701 -0.534511 -0.488068 -0.689991 37.7438
-0.628095 -0.134955 0.766344 -19.1854 -0.367483 0.919546 -0.139255 -3.57831 -0.685895 -0.369084 -0.627156 37.6393
-0.384707 -0.0884354 0.918792 -19.2743 -0.265973 0.963801 -0.0185977 -3.622 -0.883888 -0.251528 -0.394303 37.4295
-0.424668 0.0441578 0.904272 -19.0282 -0.189265 0.97241 -0.136369 -3.67466 -0.885345 -0.229059 -0.404594 37.2454
-0.320014 -0.0518473 0.945993 -19.0528 -0.256937 0.96583 -0.0339832 -3.52253 -0.911907 -0.253936 -0.322401 36.7907
-0.528891 -0.114646 0.840911 -18.9614 -0.382645 0.916623 -0.115696 -3.4774 -0.757534 -0.382961 -0.528662 36.6014
-0.808873 -0.0193143 0.587666 -18.9677 -0.206323 0.945231 -0.252921 -3.39049 -0.550595 -0.32583 -0.768557 36.4194
-0.842358 0.0707365 0.534256 -19.1866 -0.0273359 0.984464 -0.173445 -3.28903 -0.538225 -0.160707 -0.827338 36.0876
-0.770095 -0.0019138 0.637926 -19.2248 -0.12391 0.981399 -0.146638 -3.1427 -0.625779 -0.19197 -0.756008 35.819
-0.516332 -0.0742446 0.853164 -19.3299 -0.23868 0.969237 -0.060103 -3.01488 -0.822455 -0.234666 -0.518169 35.5434
-0.187954 -0.0577801 0.980477 -19.3078 -0.265203 0.964174 0.00598076 -2.93647 -0.945696 -0.258901 -0.196544 35.4641
0.143737 -0.0431434 0.988675 -19.1075 -0.245992 0.966134 0.077923 -2.85898 -0.958555 -0.254407 0.128256 35.4047
0.176896 -0.0371286 0.983529 -19.0947 -0.239105 0.967731 0.0795371 -2.6726 -0.954744 -0.249236 0.16231 35.0595
-0.031357 -0.0791492 0.996369 -18.9045 -0.35226 0.933773 0.0630907 -2.53069 -0.935377 -0.349003 -0.0571614 34.8104
-0.226856 -0.223425 0.947955 -18.8175 -0.421464 0.899994 0.11126 -2.47176 -0.878012 -0.374289 -0.298334 34.6732
-0.463417 -0.22507 0.857081 -18.792 -0.345462 0.936566 0.0591542 -2.3504 -0.816027 -0.268676 -0.511774 34.3254
-0.632029 -0.380088 0.675331 -18.7511 -0.523034 0.852255 -0.00983292 -2.23875 -0.571817 -0.359436 -0.737449 34.297
-0.655392 -0.30056 0.692911 -18.6793 -0.437988 0.898648 -0.0244708 -2.12148 -0.615328 -0.319524 -0.720608 34.0413
-0.647457 -0.281855 0.708066 -18.4388 -0.454535 0.888574 -0.0619194 -1.94379 -0.611717 -0.361931 -0.703427 33.858
-0.706335 -0.167909 0.687676 -18.278 -0.288537 0.955388 -0.0630909 -1.84563 -0.646403 -0.242983 -0.723272 33.4967
-0.839572 -0.208665 0.501576 -18.1608 -0.287068 0.954262 -0.0835236 -1.66428 -0.461207 -0.214111 -0.861072 33.249
-0.738567 -0.304962 0.601262 -18.2243 -0.387548 0.92181 -0.00850343 -1.47623 -0.551657 -0.239298 -0.799006 32.8717
-0.469432 -0.298405 0.831017 -18.058 -0.361391 0.923653 0.127523 -1.43395 -0.805624 -0.240459 -0.541433 32.7568
-0.163072 -0.269816 0.949003 -17.9191 -0.248894 0.942019 0.225061 -1.32116 -0.954704 -0.1995 -0.220772 32.7723
0.184977 -0.243776 0.952028 -17.8331 -0.19879 0.939438 0.279176 -1.25063 -0.962427 -0.240895 0.125314 32.6044
0.154122 -0.193397 0.96894 -17.6047 -0.233956 0.945626 0.225957 -1.09925 -0.959954 -0.261514 0.100495 32.3951
0.120768 -0.319623 0.939817 -17.5338 -0.323651 0.882336 0.341663 -0.880036 -0.938438 -0.345435 0.00311139 32.0842
0.080341 -0.230394 0.969775 -17.2153 -0.323516 0.914223 0.243997 -0.817899 -0.942806 -0.333341 -0.00108638 32.0028
-0.242807 -0.312161 0.918477 -17.1726 -0.35729 0.90903 0.214497 -0.644887 -0.901881 -0.276081 -0.332251 31.8355
-0.491365 -0.303545 0.816346 -17.2877 -0.386393 0.915987 0.108022 -0.511237 -0.780552 -0.262352 -0.567371 31.4241
-0.653469 -0.255788 0.712426 -17.1281 -0.377115 0.926069 -0.0134125 -0.36284 -0.656325 -0.277431 -0.701619 31.2119
-0.838432 -0.318801 0.442038 -17.2257 -0.391124 0.916796 -0.0806605 -0.337778 -0.379545 -0.24052 -0.893362 31.1125
-0.938236 -0.0945664 0.332821 -17.2044 -0.162172 0.969911 -0.181583 -0.233346 -0.305635 -0.224342 -0.925342 30.6181
-0.765315 -0.13845 0.62859 -16.9776 -0.2488 0.964315 -0.0905221 -0.0658632 -0.593626 -0.225671 -0.772451 30.6156
-0.745437 -0.039795 0.665388 -16.4409 -0.20118 0.965099 -0.167664 0.0733449 -0.635492 -0.258846 -0.727426 30.3892
-0.473858 -0.129285 0.871059 -16.1775 -0.260501 0.965472 0.00158507 0.110655 -0.841188 -0.226161 -0.491176 30.3959
-0.124391 -0.166411 0.978179 -15.9383 -0.294497 0.947605 0.123759 0.129025 -0.947522 -0.272676 -0.166881 30.4715
0.254654 -0.128143 0.958504 -15.7955 -0.209298 0.960384 0.184001 0.106196 -0.944111 -0.24747 0.217746 30.5765
0.551087 -0.209863 0.807627 -15.6194 -0.0849184 0.948728 0.304473 0.143364 -0.830116 -0.236373 0.50501 30.6515
0.687311 -0.169613 0.706283 -15.3737 -0.075923 0.950253 0.302085 0.12872 -0.722385 -0.261249 0.640241 30.7976
0.773765 -0.128962 0.620207 -15.3373 -0.0827182 0.950106 0.300758 0.0962245 -0.628049 -0.284018 0.724492 31.0371
0.896352 -0.21606 0.387132 -15.1309 0.0831925 0.93967 0.331813 0.123549 -0.435468 -0.265214 0.860249 31.1573
0.950311 -0.12585 0.284731 -15.0302 0.0178626 0.935178 0.353727 0.0576395 -0.310791 -0.331065 0.890958 31.6353
0.979861 -0.13785 -0.144466 -14.9339 0.168402 0.95925 0.226893 0.054488 0.107302 -0.246652 0.963145 32.0176
0.879497 -0.154815 -0.450018 -15.1643 0.289361 0.924696 0.247401 0.0470757 0.377829 -0.347806 0.858065 32.297
0.588149 -0.217612 -0.778926 -15.4318 0.386185 0.921792 0.0340735 0.0708796 0.710593 -0.32085 0.626189 32.5292
0.32619 -0.169767 -0.929935 -15.5628 0.313138 0.947606 -0.0631545 0.0778272 0.891933 -0.270597 0.36226 32.723
0.109971 -0.0162253 -0.993802 -15.888 0.256571 0.966443 0.0126127 0.0264754 0.960249 -0.256368 0.110444 32.8641
-0.194457 -0.140668 -0.970772 -16.012 0.186253 0.966365 -0.177338 0.0768586 0.963066 -0.215294 -0.161717 33.1757
0.0297994 -0.0282987 -0.999155 -16.3561 0.226454 0.973799 -0.0208267 0.0470775 0.973566 -0.225642 0.035427 33.387
0.0877463 -0.0293333 -0.995711 -16.5758 0.149796 0.988589 -0.0159228 0.060828 0.984816 -0.147757 0.091139 33.7918
0.337852 0.116392 -0.933975 -16.8847 0.22278 0.954236 0.199504 0.018322 0.914453 -0.275474 0.296461 34.0716
0.472467 -0.0969229 -0.876003 -16.8696 0.284954 0.95735 0.0477651 0.0897732 0.834012 -0.272188 0.479935 34.4479
0.733679 -0.131502 -0.66665 -16.9203 0.326245 0.928787 0.175838 0.0981083 0.596052 -0.3465 0.724333 34.7635
0.805288 -0.23979 -0.542229 -16.9422 0.3548 0.92763 0.116704 0.135443 0.475003 -0.286363 0.832087 35.2488
0.900968 -0.220885 -0.373453 -17.0339 0.319395 0.920209 0.226278 0.158815 0.293674 -0.323149 0.899628 35.7922
0.821937 -0.230104 -0.521029 -17.1387 0.322345 0.942097 0.0924477 0.147781 0.469587 -0.243937 0.848518 36.2544
0.640775 -0.231359 -0.732038 -17.4467 0.355375 0.934592 0.0156941 0.12535 0.680526 -0.270204 0.681083 36.7172
0.449595 -0.211305 -0.867879 -17.665 0.387482 0.921574 -0.0236472 0.141069 0.804812 -0.325656 0.496212 37.2427
0.127187 -0.219828 -0.967212 -18.0196 0.251084 0.950507 -0.183014 0.150481 0.959573 -0.219575 0.176087 37.6579
-0.160168 -0.0997936 -0.982032 -18.2411 0.190149 0.973123 -0.129901 0.100783 0.968602 -0.207539 -0.136888 37.7376
-0.419456 -0.0604818 -0.905759 -18.6553 0.0912764 0.989911 -0.108371 0.0838916 0.903175 -0.128131 -0.409704 37.8595
-0.757095 -0.109115 -0.644128 -18.7658 -0.038812 0.991724 -0.122379 0.107914 0.652151 -0.0676527 -0.755064 37.8133
-0.919754 -0.0795879 -0.384342 -18.9776 0.037303 0.957068 -0.287453 0.0778941 0.39072 -0.278723 -0.877298 37.5614
-0.985119 -0.165077 -0.047863 -19.1517 -0.153405 0.970059 -0.188289 0.0836865 0.0775119 -0.178144 -0.980947 37.3854
-0.925954 -0.256382 0.277268 -19.2112 -0.298371 0.94675 -0.120996 0.12038 -0.231482 -0.194765 -0.953144 37.2894
-0.803647 -0.24224 0.543574 -19.124 -0.311826 0.949382 -0.0379347 0.132958 -0.506869 -0.199987 -0.838504 36.8413
-0.581671 -0.357255 0.730772 -19.1321 -0.373412 0.91541 0.150296 0.335322 -0.72265 -0.185457 -0.66587 36.3666
-0.410941 -0.425501 0.806273 -19.0609 -0.525916 0.833049 0.171584 0.541768 -0.744674 -0.353521 -0.566112 36.1535
-0.192751 -0.370442 0.908636 -19.1083 -0.383952 0.880642 0.27758 0.709465 -0.90301 -0.295369 -0.311977 35.7952
-0.036412 -0.306081 0.951309 -18.9468 -0.378729 0.885157 0.2703 0.85873 -0.924791 -0.350446 -0.148152 35.552
0.295806 -0.189977 0.936166 -19.0459 -0.257819 0.927777 0.269739 0.951894 -0.919798 -0.321152 0.225463 35.3942
0.409495 0.104777 0.906275 -19.2448 -0.165684 0.985405 -0.0390622 0.828085 -0.897141 -0.13416 0.420879 35.3828
0.0611746 0.247024 0.967076 -19.2958 -0.0651584 0.967813 -0.24309 0.742846 -0.995998 -0.0481422 0.0753012 35.1618
-0.356889 0.146874 0.922528 -19.2248 0.00566377 0.987884 -0.155088 0.900731 -0.93413 -0.0501242 -0.353397 34.7145
-0.638791 0.114439 0.760821 -19.2221 -0.0401784 0.982565 -0.181527 1.07491 -0.76833 -0.146527 -0.623056 34.3813
-0.595181 -0.0526361 0.801866 -19.2264 -0.199295 0.976347 -0.0838366 1.3035 -0.778486 -0.209706 -0.591593 34.1105
-0.571305 -0.131348 0.810159 -18.9792 -0.279516 0.95924 -0.0415897 1.49132 -0.771675 -0.250213 -0.584733 33.9721
-0.338988 -0.254284 0.905774 -18.6833 -0.45364 0.88764 0.0794166 1.63522 -0.824195 -0.383974 -0.416253 34.106
-0.17592 -0.318173 0.931567 -18.6411 -0.402009 0.887039 0.227048 1.64087 -0.898577 -0.334557 -0.283956 34.0379
-0.327505 -0.241729 0.913404 -18.5239 -0.29521 0.944502 0.144111 1.81143 -0.897548 -0.222449 -0.38069 33.7401
-0.611749 -0.108665 0.783553 -18.5758 -0.175735 0.984437 -0.000678685 1.80113 -0.771285 -0.138113 -0.621325 33.3739
-0.583208 -0.093885 0.806879 -18.3044 -0.155758 0.987792 0.00235457 2.01513 -0.79725 -0.124304 -0.590711 33.1133
-0.141601 -0.101129 0.984745 -18.0329 -0.127066 0.988396 0.0832328 2.07627 -0.981735 -0.113341 -0.152808 33.1629
0.206612 -0.0502318 0.977133 -17.8315 -0.0681506 0.995517 0.0655871 2.1738 -0.976047 -0.0801432 0.202262 33.1023
0.190748 -0.027575 0.981252 -17.5287 -0.143834 0.988032 0.0557257 2.30984 -0.971044 -0.151767 0.184498 32.9679
-0.157197 -0.141812 0.977332 -17.4299 -0.123005 0.984741 0.123103 2.43241 -0.979877 -0.100866 -0.172242 32.5716
-0.369961 -0.0393122 0.928215 -17.2893 -0.145194 0.989274 -0.015972 2.55986 -0.917632 -0.14068 -0.371701 32.2797
-0.720671 -0.0449613 0.691818 -17.4158 -0.10264 0.993817 -0.0423324 2.66018 -0.685638 -0.101516 -0.72083 32.0476
-0.863131 -0.0935698 0.496236 -17.6399 -0.0654921 0.995126 0.073726 2.80279 -0.500716 0.0311356 -0.865052 31.8552
-0.937353 -0.0939313 0.33548 -17.617 -0.0645565 0.993121 0.0976898 2.83681 -0.342348 0.0699124 -0.936968 31.7313
-0.853393 -0.168806 0.493179 -17.501 -0.160966 0.985214 0.0586863 2.99889 -0.495793 -0.0293023 -0.867946 31.5392
-0.892733 -0.0580705 0.446829 -17.2264 -0.0221223 0.996113 0.0852574 3.08463 -0.450043 0.0662272 -0.890548 31.329
-0.938613 -0.00335776 0.344957 -17.3147 0.0355083 0.993701 0.106289 3.21326 -0.343141 0.112013 -0.932581 31.075
-0.989303 0.0639326 0.131119 -17.0122 0.0720993 0.99568 0.0585097 3.38261 -0.126811 0.0673374 -0.989639 31.0145
-0.983707 0.165266 -0.0707706 -16.9736 0.161143 0.985075 0.0605042 3.47516 0.0797136 0.0481142 -0.995656 30.6969
-0.90695 0.147719 -0.394488 -16.8141 0.10597 0.986389 0.125729 3.59002 0.407691 0.0722261 -0.910259 30.6423
-0.68497 0.228198 -0.691912 -16.7992 0.167508 0.973568 0.155262 3.67286 0.709054 -0.00955121 -0.70509 30.7134
-0.332275 0.249344 -0.909627 -16.8392 0.0632456 0.968142 0.242282 3.68439 0.94106 0.0229743 -0.337459 30.7548
0.0195021 0.267592 -0.963335 -16.6487 -0.0329749 0.963166 0.266878 3.67015 0.999266 0.0265612 0.0276076 30.6617
0.160165 0.218405 -0.962625 -16.3122 -0.0851993 0.974634 0.206954 3.70288 0.983406 0.0488682 0.17471 30.5743
0.0696517 0.310369 -0.948061 -16.2066 -0.199729 0.935465 0.291572 3.63712 0.977373 0.169046 0.127146 30.5315
0.0372751 0.308623 -0.950454 -16.2039 -0.204757 0.933294 0.295021 3.64487 0.978103 0.183615 0.0979815 30.5252
-0.99755 0.0107645 0.0691249 -134.702 0.00145989 0.991079 -0.133268 11.3899 -0.0699428 -0.13284 -0.988667 1.95728
-0.997951 0.0569634 0.0291456 -134.526 0.0530486 0.991242 -0.120932 11.2948 -0.035779 -0.119138 -0.992233 1.6455
-0.972828 0.0840522 -0.215734 -134.495 0.106984 0.989528 -0.0969009 11.3503 0.20533 -0.117348 -0.971632 1.02076
-0.861124 0.228107 -0.454348 -134.642 0.206673 0.973581 0.0970835 11.2401 0.46449 -0.0103008 -0.885518 0.327918
-0.739611 0.312817 -0.59592 -134.872 0.24113 0.949806 0.199311 11.2449 0.628357 0.00371876 -0.777917 -0.262441
-0.496123 0.260371 -0.828293 -135.058 0.140996 0.965475 0.219041 11.2792 0.856728 -0.0081145 -0.515705 -0.569454
-0.182481 0.334143 -0.924689 -135.282 -0.0138765 0.939511 0.342238 11.2604 0.983112 0.0752832 -0.166806 -0.67831
0.241211 0.31674 -0.917329 -135.306 -0.106364 0.948174 0.299421 11.3016 0.964626 0.0253471 0.2624 -0.717312
0.600598 0.0990662 -0.79339 -135.237 0.0575958 0.984356 0.166511 11.4872 0.797474 -0.145702 0.585496 -0.855668
0.725014 -0.0887809 -0.682988 -135.06 0.22339 0.968358 0.11126 11.5769 0.651499 -0.233238 0.721907 -0.884288
0.74415 -0.0514872 -0.666025 -135.03 0.214551 0.962623 0.165302 11.5217 0.63262 -0.265906 0.727383 -0.883325
0.711581 0.130387 -0.6904 -135.141 0.0627091 0.966922 0.247243 11.4211 0.6998 -0.219228 0.679867 -0.968524
0.474654 0.244689 -0.845477 -135.062 0.0214012 0.957088 0.289005 11.3546 0.879912 -0.155272 0.449049 -0.986057
0.18841 0.201725 -0.96115 -135.067 0.187294 0.953335 0.236799 11.3338 0.964066 -0.224633 0.141836 -1.21591
-0.162768 0.234156 -0.958477 -135.004 0.228594 0.953949 0.19423 11.3342 0.959818 -0.187488 -0.208799 -1.52315
-0.477816 0.236407 -0.846052 -134.941 0.254784 0.959005 0.124077 11.3249 0.8407 -0.156274 -0.518461 -1.63806
-0.757096 0.285103 -0.587811 -134.963 0.298215 0.951361 0.0773347 11.3335 0.581268 -0.116744 -0.805294 -1.81668
-0.925865 0.288701 -0.243776 -134.956 0.300584 0.953678 -0.0121919 11.292 0.228963 -0.084563 -0.969755 -1.9893
-0.869638 0.349555 0.348627 -134.881 0.324877 0.936915 -0.129015 11.1194 -0.371732 0.00106398 -0.92834 -2.28693
-0.659357 0.374251 0.652062 -134.93 0.317961 0.924729 -0.20923 10.9251 -0.681285 0.069373 -0.728724 -2.48993
-0.602261 0.254541 0.756631 -134.766 0.18264 0.9666 -0.1798 10.7368 -0.777126 0.0299048 -0.628634 -2.80462
-0.818093 0.0640514 0.571508 -134.84 -0.0762714 0.972915 -0.218218 10.6736 -0.570006 -0.222113 -0.791049 -3.02571
-0.773296 -0.159023 0.613779 -134.656 -0.308462 0.940112 -0.145057 10.5253 -0.553953 -0.301499 -0.776037 -3.26844
-0.910097 -0.098846 0.402435 -134.677 -0.171631 0.973837 -0.148946 10.3762 -0.377183 -0.204626 -0.90325 -3.55809
-0.909785 0.0449515 0.412638 -134.514 -0.0991552 0.941801 -0.321215 10.025 -0.403062 -0.333152 -0.85238 -3.98061
-0.884513 0.0753677 0.460387 -134.587 0.0451384 0.99606 -0.0763385 9.8742 -0.464327 -0.0467412 -0.88443 -4.20667
-0.933238 -0.0299545 0.358009 -134.611 -0.00155355 0.996845 0.079356 9.82954 -0.359256 0.0735019 -0.93034 -4.77104
-0.945199 0.0429511 0.323657 -134.703 0.0800132 0.991553 0.102083 9.78608 -0.316539 0.122386 -0.940651 -4.81897
-0.855062 -0.057423 0.515336 -134.686 -0.0292814 0.99761 0.0625773 9.80347 -0.517698 0.0384177 -0.854701 -4.74316
-0.821105 -0.107978 0.56047 -134.922 -0.110623 0.99343 0.0293247 9.83323 -0.559954 -0.0379221 -0.827655 -5.05397
-0.6632 -0.0580905 0.746185 -134.896 -0.0828433 0.996555 0.00395173 9.83258 -0.743844 -0.0591956 -0.665727 -5.56875
-0.381145 -0.0453278 0.923404 -134.747 -0.222071 0.974044 -0.0438486 9.82023 -0.897448 -0.221774 -0.381318 -5.97067
-0.189533 -0.0303284 0.981406 -134.503 -0.259382 0.965562 -0.0202541 9.73639 -0.946994 -0.258398 -0.190873 -6.74424
-0.120075 -0.0916854 0.988522 -134.184 -0.203892 0.976778 0.0658295 9.7403 -0.971602 -0.193647 -0.135981 -7.22837
-0.564161 -0.131105 0.81519 -133.771 -0.305739 0.950301 -0.058755 9.7894 -0.766972 -0.282382 -0.576206 -7.86598
-0.834305 -0.136191 0.534217 -133.624 -0.246065 0.959122 -0.139773 9.80849 -0.493344 -0.248065 -0.833712 -8.12728
-0.860182 -0.132437 0.492492 -133.333 -0.232315 0.961435 -0.147218 9.71508 -0.454001 -0.241048 -0.857776 -8.91145
-0.798615 -0.0417469 0.600392 -133.192 -0.255456 0.926781 -0.275354 9.66644 -0.544937 -0.373276 -0.750806 -9.77267
-0.806221 -0.257581 0.532598 -133.204 -0.234757 0.965622 0.111641 9.63436 -0.543045 -0.0350237 -0.838973 -10.1737
-0.956842 -0.281754 0.0711844 -133.406 -0.28783 0.95261 -0.0984243 9.63994 -0.0400796 -0.114666 -0.992595 -10.5225
-0.974856 0.0736467 0.210313 -133.458 -0.032594 0.88653 -0.461523 9.63758 -0.220439 -0.456773 -0.861838 -10.9623
-0.784144 0.392251 0.480892 -133.424 -0.0119804 0.765196 -0.643686 9.53218 -0.620464 -0.510503 -0.595324 -11.3057
-0.816556 0.000706254 0.577265 -133.614 -0.0865293 0.988551 -0.123607 9.66358 -0.570744 -0.150883 -0.807147 -11.7095
-0.95865 -0.0949781 0.268273 -133.937 -0.0677379 0.991726 0.10905 9.69846 -0.27641 0.0863688 -0.957151 -12.0724
-0.996012 -0.00339314 0.0891522 -134.056 -0.0382805 0.91887 -0.392699 9.64641 -0.0805868 -0.394546 -0.915336 -12.395
-0.950523 -0.282426 0.129387 -134.594 -0.307993 0.911146 -0.273778 9.71587 -0.0405684 -0.300082 -0.95305 -13.1995
-0.95574 -0.266401 -0.124865 -135.137 -0.223411 0.933293 -0.281162 9.65945 0.191437 -0.240822 -0.951502 -13.8755
-0.977064 -0.181403 0.111528 -135.601 -0.203586 0.94932 -0.239467 9.69108 -0.0624355 -0.25668 -0.964478 -14.5456
-0.894651 -0.428437 -0.126657 -136.109 -0.435726 0.899379 0.035498 9.65229 0.098704 0.0869461 -0.991311 -14.8859
-0.825385 -0.340949 -0.449993 -136.633 -0.331726 0.937833 -0.102116 9.63585 0.456834 0.0649897 -0.887175 -15.1988
-0.588134 -0.403124 -0.701134 -137.134 -0.353553 0.907851 -0.225406 9.62666 0.727392 0.115319 -0.676463 -15.2832
-0.458043 -0.128815 -0.879547 -137.485 0.104808 0.974718 -0.197334 9.61538 0.88273 -0.182571 -0.432962 -15.2967
-0.64653 0.147387 -0.748516 -137.635 0.465049 0.853925 -0.233543 9.54371 0.604755 -0.499089 -0.62063 -15.4209
-0.849902 0.227701 -0.475205 -137.91 0.412438 0.848742 -0.330957 9.53246 0.327967 -0.477273 -0.815259 -15.576
-0.993983 0.0852949 -0.0687206 -138.208 0.101832 0.9507 -0.292917 9.53501 0.0403483 -0.298152 -0.953665 -15.734
-0.930751 0.0501736 0.362196 -138.332 -0.0320498 0.975535 -0.217497 9.52775 -0.364247 -0.214044 -0.906372 -15.8823
-0.840929 -0.0683655 0.53681 -138.607 -0.268801 0.913725 -0.304718 9.5557 -0.469664 -0.400541 -0.786754 -16.1112
-0.544496 -0.0746375 0.835436 -138.879 -0.328601 0.935396 -0.130598 9.50497 -0.771716 -0.345635 -0.533845 -16.2796
-0.287717 0.0232079 0.957434 -139.047 -0.343594 0.930653 -0.125811 9.52749 -0.893959 -0.365167 -0.25979 -16.5806
-0.0449329 -0.0702459 0.996517 -139.367 -0.330746 0.942313 0.0515116 9.54357 -0.942649 -0.32728 -0.0655744 -16.6623
0.108119 0.0198067 0.993941 -139.518 -0.272433 0.962118 0.0104622 9.53549 -0.956081 -0.271913 0.109419 -16.4052
0.418584 0.0183503 0.907993 -139.517 -0.225411 0.97061 0.0842984 9.56372 -0.87976 -0.239957 0.410418 -16.1859
0.441566 -0.0786534 0.893774 -139.081 -0.236571 0.950693 0.20054 9.68622 -0.865479 -0.299993 0.401187 -16.1359
0.457715 -0.143252 0.877483 -138.611 -0.228591 0.934797 0.271847 9.66598 -0.859211 -0.325013 0.395125 -16.1696
0.152524 -0.168771 0.973783 -138.218 -0.332673 0.919045 0.211391 9.68208 -0.930626 -0.356193 0.0840309 -16.1393
0.419246 -0.191154 0.887521 -137.851 -0.182137 0.939998 0.288494 9.65288 -0.889415 -0.2826 0.359274 -16.128
0.265722 -0.267678 0.926143 -137.311 -0.262852 0.904165 0.336741 9.68095 -0.927524 -0.332918 0.169897 -16.2973
0.568136 -0.174176 0.804291 -136.8 -0.111129 0.952155 0.284696 9.65473 -0.815397 -0.251126 0.521597 -16.4048
0.86083 -0.169232 0.479929 -136.427 0.0210998 0.954144 0.298603 9.63016 -0.508455 -0.24692 0.824927 -16.0464
0.981604 -0.121717 0.147102 -136.463 0.088558 0.972813 0.213993 9.54738 -0.169149 -0.197029 0.965696 -15.9204
0.951261 -0.0741901 -0.299331 -136.486 0.131873 0.97527 0.177364 9.45573 0.27877 -0.208193 0.93752 -15.7054
0.550747 -0.124521 -0.825332 -136.609 0.250502 0.967886 0.0211324 9.4927 0.796195 -0.218385 0.564253 -15.5401
0.49604 -0.203621 -0.844087 -136.994 0.410372 0.911671 0.0212369 9.55249 0.765205 -0.356924 0.535786 -15.3408
0.514102 -0.111307 -0.850476 -137.328 0.348406 0.933159 0.0884787 9.50138 0.783781 -0.341798 0.518518 -14.8171
0.561531 -0.135974 -0.816207 -137.36 0.321464 0.944772 0.0637681 9.51141 0.762459 -0.298189 0.574229 -14.4448
0.336695 -0.117311 -0.934278 -136.968 0.374127 0.927195 0.0184057 9.51236 0.864098 -0.355735 0.356071 -14.6616
0.209804 0.028716 -0.977322 -136.442 0.253557 0.963774 0.0827496 9.52084 0.944294 -0.265168 0.194922 -14.6172
0.411421 -0.0953896 -0.90644 -136.316 0.255855 0.966608 0.0144077 9.52186 0.874798 -0.237845 0.422088 -14.1066
0.306719 -0.0579663 -0.950033 -136.232 0.272953 0.961576 0.0294525 9.47088 0.911822 -0.268348 0.310756 -13.5288
0.418167 -0.110875 -0.901578 -136.126 0.331198 0.942809 0.0376699 9.55114 0.84584 -0.314353 0.430973 -12.8718
0.754133 -0.0644666 -0.65355 -135.965 0.247075 0.949905 0.191401 9.51958 0.608472 -0.305817 0.732283 -12.4776
0.891276 -0.148361 -0.428505 -135.766 0.237253 0.957873 0.161835 9.56575 0.386443 -0.245904 0.888928 -11.8727
0.813937 -0.0957163 -0.573015 -135.665 0.0960644 0.994931 -0.0297389 9.5132 0.572956 -0.0308407 0.819005 -11.2489
0.943676 -0.0366999 -0.328829 -135.322 0.103314 0.976822 0.187471 9.59173 0.314327 -0.210885 0.925595 -10.5172
0.893655 0.0824685 -0.441112 -135.185 0.0470268 0.960347 0.274814 9.51952 0.446284 -0.266333 0.85434 -10.0622
0.763238 -0.0728868 -0.641993 -135.04 0.144898 0.987617 0.0601373 9.57555 0.62966 -0.138923 0.764348 -9.34167
0.953665 -0.0941867 -0.285749 -134.896 0.105224 0.994171 0.0234859 9.63907 0.281871 -0.0524654 0.958017 -8.93633
0.775137 -0.0846763 -0.626093 -134.822 0.199661 0.973023 0.115594 9.63866 0.599415 -0.214608 0.771133 -8.61109
0.971065 -0.14529 -0.189537 -134.525 0.168169 0.979518 0.110738 9.6361 0.169565 -0.139408 0.975609 -8.46517
0.97359 -0.0722456 0.216571 -134.214 0.0191548 0.971115 0.237842 9.61963 -0.227499 -0.227413 0.946852 -8.44165
0.73823 -0.0788139 0.669929 -133.973 -0.0866914 0.97383 0.210096 9.63143 -0.668955 -0.213176 0.712078 -8.58304
0.428787 -0.135975 0.893114 -133.686 -0.0902738 0.977211 0.192119 9.60611 -0.898884 -0.163003 0.406741 -8.94217
0.0511704 -0.145836 0.987985 -133.403 -0.266445 0.951429 0.15424 9.55531 -0.962491 -0.271136 0.00982774 -9.30761
-0.129389 -0.246101 0.960569 -133.175 -0.263206 0.942486 0.206014 9.65201 -0.956023 -0.226172 -0.186723 -9.76392
-0.438152 -0.192317 0.878087 -133.23 -0.26737 0.960516 0.0769572 9.60538 -0.858217 -0.201055 -0.472272 -10.1019
-0.762714 -0.214646 0.610077 -133.311 -0.372625 0.916856 -0.143271 9.63337 -0.5286 -0.336605 -0.779281 -10.5969
-0.912648 -0.260816 0.31472 -133.499 -0.278295 0.960432 -0.0110876 9.60321 -0.299376 -0.0977041 -0.94912 -10.8739
-0.828287 -0.0454018 0.558462 -133.581 -0.181641 0.964642 -0.190979 9.55561 -0.530045 -0.259625 -0.807247 -11.4526
-0.959801 -0.140918 0.242744 -133.862 -0.191139 0.961467 -0.197602 9.61807 -0.205545 -0.236057 -0.949752 -11.808
-0.974267 -0.110119 0.196665 -134.389 -0.156798 0.957927 -0.240395 9.58674 -0.161919 -0.265045 -0.950544 -12.3063
