1 2.72541e-05 1.80661e-05 7.88287e-06 -2.7254e-05 1 -6.59604e-06 -2.33169e-06 -1.80663e-05 6.59555e-06 1 -5.50306e-07
0.901484 -0.00959009 -0.432705 4.83439 0.000867245 0.999793 -0.0203517 0.219728 0.432811 0.0179715 0.901306 0.270188
0.847316 -0.0336353 -0.530023 5.59182 0.0176754 0.999226 -0.0351542 0.224577 0.530795 0.0204183 0.847254 0.671862
0.920992 -0.0702735 -0.383191 6.38148 0.0265271 0.992626 -0.11828 0.224566 0.388677 0.0987703 0.916065 1.42013
0.956607 -0.0913366 -0.276696 7.43206 0.0785721 0.995283 -0.056897 0.26304 0.280588 0.0326874 0.959272 1.81945
0.84765 -0.0534723 -0.527854 8.45604 0.0358394 0.998407 -0.0435875 0.249364 0.529344 0.018029 0.848216 2.26946
0.55597 -0.0643599 -0.828707 9.18319 0.0886743 0.995901 -0.0178541 0.292578 0.826459 -0.0635587 0.559398 3.10355
0.163103 -0.0636632 -0.984553 9.29395 0.257419 0.966097 -0.0198252 0.402174 0.952435 -0.250209 0.173962 3.35145
-0.238259 0.0271259 -0.970823 9.54985 0.298414 0.953298 -0.0466005 0.454168 0.924219 -0.30081 -0.235227 3.82667
-0.553633 0.00955895 -0.832706 9.60321 0.218032 0.966717 -0.133864 0.479205 0.803712 -0.255668 -0.537291 4.13935
-0.54631 -0.0020328 -0.837581 9.65132 0.0686811 0.996521 -0.0472156 0.40491 0.834763 -0.0833203 -0.544269 4.82893
-0.603558 0.0822438 -0.793066 10.0287 0.0394723 0.996528 0.0733034 0.290203 0.796342 0.0129386 -0.604709 4.78522
-0.866986 0.111365 -0.485729 10.1556 0.0606556 0.991045 0.118956 0.247194 0.494627 0.0736711 -0.865977 4.55072
-0.992461 0.0213631 -0.120688 10.0765 0.0143102 0.998155 0.0590067 0.227374 0.121725 0.0568347 -0.990935 4.22837
-0.976124 -0.00412917 0.217173 9.6547 -0.00115454 0.999904 0.0138221 0.282063 -0.217209 0.0132414 -0.976035 3.65103
-0.819224 -0.00482873 0.573454 9.32313 0.0492698 0.995675 0.0787698 0.256711 -0.571353 0.0927841 -0.815442 3.16587
-0.587348 -0.014915 0.809197 8.75459 0.00673247 0.999706 0.0233132 0.281957 -0.809307 0.0191408 -0.587074 2.36375
-0.573457 -0.0475084 0.817857 8.13553 -0.0609999 0.998022 0.0152027 0.310915 -0.816961 -0.0411711 -0.575221 1.60055
-0.833958 -0.0157576 0.551602 7.57403 -0.0134883 0.999876 0.00817061 0.308557 -0.551663 -0.000626234 -0.834067 0.709725
-0.958902 -0.0447702 0.280184 6.95646 -0.0297204 0.997889 0.0577362 0.271746 -0.282178 0.0470362 -0.958208 -0.150557
-0.815671 0.00289876 0.578509 6.24364 0.0115178 0.999871 0.0112295 0.241627 -0.578402 0.0158228 -0.815599 -0.785106
-0.906009 -0.0239788 0.422579 5.17845 -0.00597122 0.999019 0.0438859 0.24796 -0.423217 0.0372377 -0.905263 -1.18992
-0.995662 -0.0064929 0.0928188 4.49063 -0.00169127 0.99866 0.0517166 0.249093 -0.0930302 0.0513353 -0.994339 -1.67306
-0.921954 -0.0866501 -0.377483 4.56836 -0.115115 0.991912 0.053464 0.245257 0.369797 0.0927454 -0.924472 -1.78544
-0.745732 -0.118899 -0.655551 4.72241 -0.190207 0.980991 0.0384487 0.251246 0.638518 0.153363 -0.754171 -1.81943
-0.466785 -0.0351309 -0.883673 4.92849 -0.20527 0.976226 0.0696201 0.229725 0.860219 0.213889 -0.462899 -1.82859
-0.101016 -0.0609893 -0.993014 5.17041 -0.0948823 0.99416 -0.0514077 0.263292 0.99035 0.0890264 -0.106213 -1.66923
0.245605 -0.112872 -0.962776 5.19983 0.0218089 0.99359 -0.110921 0.324678 0.969125 0.00624547 0.246492 -1.15954
0.337886 -0.150553 -0.929068 5.25148 0.0423189 0.988555 -0.144802 0.347216 0.940235 0.00960953 0.34039 -0.780722
0.623832 -0.109042 0.773914 2.3503 -0.0874401 0.974265 0.207754 0.138551 -0.776652 -0.197275 0.598243 -0.417137
0.582319 -0.207866 0.785936 2.48111 0.058608 0.974977 0.21444 0.106843 -0.810845 -0.0788105 0.579931 -0.508553
0.46566 -0.239468 0.851948 2.63988 0.0616307 0.969131 0.23872 0.102321 -0.882815 -0.0586561 0.466044 -0.554668
0.619219 -0.35594 0.699911 2.97477 0.0281935 0.900862 0.43319 0.216327 -0.784712 -0.248506 0.567866 -0.887945
0.665404 -0.415094 0.620432 3.36939 0.0288795 0.844831 0.534253 0.270199 -0.745925 -0.337576 0.574141 -0.969697
0.798224 -0.443798 0.407286 3.66112 0.207219 0.837196 0.506127 0.231502 -0.565596 -0.319605 0.760233 -0.966985
0.864631 -0.173932 0.47134 3.99689 0.0794041 0.973679 0.213644 0.141835 -0.496093 -0.147297 0.855684 -0.631446
0.97437 -0.166742 0.150995 4.21003 0.136549 0.97184 0.192045 0.161525 -0.178765 -0.166505 0.969701 -0.248337
0.976984 -0.117513 -0.178026 4.36834 0.133588 0.98771 0.0811343 0.11991 0.166304 -0.103049 0.980675 0.0667917
0.863821 -0.0684773 -0.499123 4.33197 0.139983 0.984332 0.10722 0.131173 0.483961 -0.162488 0.859872 0.388345
0.702707 -0.309876 -0.640453 4.3392 0.447647 0.892231 0.0594638 0.240249 0.553006 -0.328483 0.765692 0.589673
0.72087 -0.474376 -0.505286 4.27417 0.64548 0.725021 0.24021 0.30678 0.252393 -0.499312 0.828846 0.701505
0.819631 -0.262263 -0.509336 4.14041 0.385168 0.910402 0.151042 0.196989 0.424088 -0.319979 0.847209 1.11807
0.795308 0.0165894 -0.605978 4.10016 0.0962206 0.983498 0.153208 0.0701741 0.59852 -0.180155 0.780588 1.40844
0.574187 -0.0287823 -0.818218 3.91703 0.12085 0.991414 0.049932 0.0916219 0.809756 -0.127552 0.572735 1.57279
0.291377 0.00640445 -0.956587 3.92222 0.0717824 0.997012 0.02854 0.0679883 0.953911 -0.076982 0.290046 1.74926
-0.0332349 -0.0591315 -0.997697 4.10906 0.189778 0.979714 -0.0643875 0.150894 0.981264 -0.191481 -0.0213388 1.58574
-0.369021 -0.126931 -0.920713 4.21236 0.118007 0.976214 -0.18188 0.160315 0.921899 -0.175768 -0.345265 1.62785
-0.643736 -0.283753 -0.710696 4.58652 0.0415978 0.914365 -0.402748 0.239228 0.764116 -0.288827 -0.576806 1.61843
-0.853318 -0.270941 -0.445465 4.68293 -0.0793587 0.911917 -0.402629 0.2122 0.515316 -0.308219 -0.799657 1.5352
-0.943508 -0.270176 -0.191825 4.59627 -0.184184 0.90888 -0.374185 0.227157 0.275441 -0.317715 -0.907298 1.55217
-0.989508 -0.112076 0.0911791 4.42689 -0.127695 0.973637 -0.189011 0.143354 -0.0675916 -0.198671 -0.977733 1.39905
-0.856237 -0.106793 0.505424 4.34872 -0.183513 0.977462 -0.104359 0.136725 -0.482888 -0.182108 -0.856537 1.14713
-0.590264 -0.166186 0.789918 4.27238 -0.269162 0.963094 0.00148919 0.176033 -0.761013 -0.211737 -0.613211 1.08008
-0.293417 -0.157463 0.942927 4.30102 -0.299341 0.951874 0.065809 0.161941 -0.90791 -0.262948 -0.326431 0.944769
0.053577 -0.185322 0.981216 4.37065 -0.302697 0.933379 0.192815 0.19764 -0.95158 -0.307342 -0.0060887 0.651289
0.137 -0.0851156 0.986907 4.51669 -0.217897 0.969309 0.113846 0.152177 -0.966308 -0.230641 0.114249 0.255359
-0.257082 -0.0271451 0.966008 4.69138 -0.139271 0.990211 -0.00923867 0.0980279 -0.956302 -0.136912 -0.258346 -0.217023
-0.596389 0.0578766 0.800607 4.69658 -0.0485652 0.992968 -0.10796 0.0925926 -0.801225 -0.103268 -0.589384 -0.459777
-0.902524 -0.057827 0.426739 4.72119 -0.152395 0.969708 -0.190901 0.161345 -0.402773 -0.237325 -0.883997 -0.565282
-0.975853 -0.189768 0.108161 4.51314 -0.211187 0.946148 -0.245366 0.188038 -0.0557735 -0.262284 -0.963378 -0.649178
-0.956738 -0.109317 -0.269634 4.24649 -0.0287227 0.957692 -0.286359 0.189204 0.289531 -0.266226 -0.9194 -0.87814
-0.746131 -0.0417363 -0.66449 3.73995 0.0808764 0.984961 -0.152678 0.155807 0.660869 -0.167659 -0.731534 -0.913723
-0.486472 -0.143062 -0.861904 3.37465 0.143882 0.959916 -0.24054 0.213098 0.861767 -0.241028 -0.446388 -1.00497
-0.39349 -0.244719 -0.886159 2.78296 0.176449 0.925895 -0.334043 0.232883 0.902237 -0.287804 -0.32115 -0.896026
-0.339886 -0.236384 -0.910275 2.28998 0.19942 0.927772 -0.315389 0.220898 0.91908 -0.288724 -0.268197 -0.739606
-0.491864 -0.260666 -0.830737 1.74853 0.203026 0.893492 -0.400565 0.263139 0.84667 -0.365684 -0.386554 -0.692332
