1 8.08718e-07 -8.06782e-05 -1.19541e-05 -8.10304e-07 1 -1.96551e-05 -7.28407e-06 8.06782e-05 1.96552e-05 1 1.39052e-05
0.901442 -0.00961839 -0.432794 4.83434 0.000885498 0.999792 -0.020375 0.219847 0.4329 0.0179836 0.901263 0.270682
0.847263 -0.033664 -0.530106 5.59173 0.0176912 0.999224 -0.0351795 0.224712 0.530879 0.0204281 0.847202 0.672431
0.920953 -0.0703103 -0.383278 6.38131 0.0265471 0.992623 -0.118303 0.224712 0.388769 0.0987764 0.916025 1.42078
0.956555 -0.0913151 -0.276882 7.43171 0.0785528 0.995287 -0.0568639 0.262871 0.280769 0.0326437 0.95922 1.82081
0.84755 -0.0534479 -0.528018 8.4556 0.0358297 0.998409 -0.0435503 0.249178 0.529505 0.0179923 0.848116 2.27101
0.555814 -0.0643198 -0.828815 9.1826 0.0886807 0.995901 -0.017816 0.292394 0.826563 -0.0635975 0.559239 3.10524
0.162928 -0.0635886 -0.984587 9.29331 0.257439 0.966092 -0.0197935 0.401996 0.95246 -0.250246 0.173773 3.35316
-0.238428 0.0272102 -0.970779 9.54911 0.298445 0.953289 -0.0465796 0.453993 0.924166 -0.30083 -0.235412 3.82842
-0.553784 0.00963469 -0.832604 9.60241 0.218067 0.966711 -0.133855 0.479039 0.803598 -0.25569 -0.53745 4.14112
-0.546455 -0.00197567 -0.837486 9.6504 0.0687368 0.996518 -0.0472013 0.404766 0.834663 -0.0833595 -0.544417 4.83071
-0.603708 0.0822706 -0.792949 10.0277 0.0395121 0.996526 0.07331 0.290039 0.796226 0.0129268 -0.604861 4.78707
-0.86708 0.111379 -0.485559 10.1547 0.0606935 0.991044 0.118946 0.247021 0.494459 0.0736657 -0.866074 4.5526
-0.992484 0.02138 -0.120493 10.0757 0.0143413 0.998156 0.0589827 0.227194 0.121532 0.0568114 -0.99096 4.23023
-0.976082 -0.00410408 0.217366 9.65399 -0.00113359 0.999904 0.0137888 0.281879 -0.217402 0.0132126 -0.975993 3.65281
-0.819123 -0.00484551 0.573598 9.32259 0.0492521 0.995677 0.0787451 0.256813 -0.5715 0.0927528 -0.815343 3.16735
-0.587192 -0.0149028 0.809311 8.7541 0.00669851 0.999707 0.0232688 0.282009 -0.80942 0.0190845 -0.58692 2.36538
-0.573304 -0.0474452 0.817968 8.13505 -0.0610549 0.99802 0.0150963 0.3109 -0.817065 -0.0412862 -0.575065 1.60244
-0.833666 -0.015643 0.552047 7.57359 -0.0134627 0.999877 0.00800242 0.308442 -0.552104 -0.000760688 -0.833775 0.711881
-0.95856 -0.0446372 0.281372 6.95632 -0.0295656 0.997903 0.0575861 0.271556 -0.283352 0.0468808 -0.957869 -0.148347
-0.814887 0.00322443 0.579611 6.24441 0.0117613 0.999871 0.0109731 0.24153 -0.5795 0.0157588 -0.81482 -0.783641
-0.905357 -0.0235568 0.423998 5.1799 -0.00555483 0.999032 0.0436438 0.248228 -0.424615 0.037158 -0.904611 -1.18977
-0.995495 -0.00597947 0.0946266 4.49297 -0.00108976 0.998665 0.0516412 0.249699 -0.0948091 0.0513055 -0.994173 -1.67384
-0.922778 -0.0861074 -0.375589 4.57104 -0.11444 0.991975 0.0537451 0.245839 0.367947 0.0925771 -0.925227 -1.78595
-0.74781 -0.11784 -0.653372 4.72574 -0.189228 0.981133 0.0396245 0.252483 0.636375 0.153267 -0.756 -1.8204
-0.469781 -0.0346486 -0.882103 4.92844 -0.204591 0.976297 0.0706105 0.230592 0.858748 0.213642 -0.465734 -1.82575
-0.103347 -0.0602291 -0.99282 5.16649 -0.0941615 0.994274 -0.0505157 0.263817 0.990178 0.0882648 -0.108426 -1.66239
0.24611 -0.111942 -0.962756 5.19144 0.0228901 0.993702 -0.109689 0.325434 0.968972 0.00495794 0.247122 -1.14943
0.340143 -0.150871 -0.928192 5.24675 0.0426041 0.988505 -0.145062 0.348237 0.939408 0.00979724 0.342661 -0.776934
0.622798 -0.109324 0.774707 2.34994 -0.0875276 0.974238 0.207846 0.138395 -0.777471 -0.197254 0.597184 -0.415125
0.581977 -0.207942 0.78617 2.48136 0.0585924 0.974964 0.214504 0.106835 -0.811091 -0.0787726 0.579591 -0.508275
0.46532 -0.239523 0.852119 2.64003 0.061591 0.969119 0.238777 0.102323 -0.882997 -0.0586251 0.465703 -0.554337
0.618912 -0.35609 0.700106 2.97488 0.0282033 0.900832 0.433251 0.216316 -0.784954 -0.248399 0.567578 -0.8879
0.665129 -0.415267 0.62061 3.3695 0.0288926 0.844795 0.53431 0.270206 -0.74617 -0.337454 0.573895 -0.96986
0.798027 -0.443951 0.407506 3.66126 0.207244 0.837158 0.506179 0.231524 -0.565866 -0.319491 0.76008 -0.967308
0.864497 -0.174024 0.471551 3.99718 0.0794288 0.973663 0.21371 0.141885 -0.496322 -0.147296 0.855551 -0.631929
0.974344 -0.166803 0.151097 4.21047 0.136582 0.971824 0.192101 0.161615 -0.178882 -0.166536 0.969674 -0.248943
0.97697 -0.117535 -0.178088 4.36887 0.133624 0.987701 0.0811831 0.120034 0.166356 -0.10311 0.98066 0.0661015
0.863174 -0.0680802 -0.500295 4.33131 0.139891 0.984324 0.10741 0.131489 0.48514 -0.1627 0.859167 0.387459
0.702003 -0.309217 -0.641542 4.33811 0.447617 0.892227 0.0597575 0.240608 0.553923 -0.329115 0.764756 0.588814
0.72064 -0.473511 -0.506424 4.27294 0.645385 0.725013 0.240487 0.307172 0.253291 -0.500143 0.82807 0.700541
0.819097 -0.261612 -0.510529 4.13854 0.385088 0.910389 0.151325 0.197496 0.425192 -0.320548 0.84644 1.11693
0.79447 0.0170483 -0.607064 4.09786 0.0961842 0.983457 0.153496 0.0707502 0.599638 -0.180338 0.779687 1.40728
0.573055 -0.0283979 -0.819025 3.9145 0.120903 0.991393 0.0502191 0.0922691 0.810549 -0.127801 0.571556 1.57136
0.290032 0.0067172 -0.956993 3.91944 0.0719235 0.996994 0.0287956 0.0686712 0.95431 -0.0771819 0.288677 1.74784
-0.0345753 -0.0586724 -0.997678 4.10663 0.189894 0.979704 -0.0641963 0.15141 0.981196 -0.191673 -0.022732 1.58452
-0.370355 -0.126454 -0.920243 4.20971 0.118186 0.976224 -0.181711 0.16083 0.921341 -0.176057 -0.346604 1.62678
-0.645302 -0.282572 -0.709745 4.58245 0.0420331 0.914533 -0.402321 0.23978 0.76277 -0.289451 -0.578273 1.61794
-0.854477 -0.269804 -0.44393 4.67952 -0.0789037 0.912043 -0.402432 0.212639 0.513461 -0.308841 -0.800609 1.53489
-0.944233 -0.268897 -0.190048 4.59234 -0.183581 0.909041 -0.37409 0.22769 0.273353 -0.318339 -0.907711 1.5517
-0.989412 -0.111311 0.0931317 4.42475 -0.127338 0.97367 -0.189081 0.14382 -0.0696328 -0.198938 -0.977535 1.39814
-0.855514 -0.106551 0.506697 4.35017 -0.183628 0.977425 -0.104502 0.136778 -0.484124 -0.182447 -0.855767 1.14524
-0.589425 -0.1661 0.790562 4.27416 -0.269369 0.963036 0.00150215 0.175995 -0.761589 -0.212068 -0.61238 1.07828
-0.289504 -0.156841 0.94424 4.30392 -0.299608 0.951761 0.0662299 0.16131 -0.909078 -0.263728 -0.322529 0.940688
0.0586366 -0.184295 0.98112 4.37497 -0.302745 0.933244 0.193395 0.196858 -0.951266 -0.30837 -0.00107218 0.646593
0.143047 -0.0844572 0.986106 4.5233 -0.217789 0.969244 0.114606 0.151296 -0.965456 -0.231157 0.120254 0.250504
-0.253145 -0.0271157 0.967048 4.6984 -0.139424 0.990194 -0.00873255 0.097437 -0.957329 -0.137041 -0.254443 -0.219972
-0.594278 0.0578145 0.802179 4.70227 -0.0488887 0.992972 -0.107784 0.092234 -0.802772 -0.103271 -0.587275 -0.462125
-0.901356 -0.0574776 0.429247 4.72682 -0.152733 0.969659 -0.190876 0.16102 -0.405252 -0.237607 -0.882787 -0.567754
-0.975622 -0.189286 0.111049 4.51867 -0.211487 0.946065 -0.245426 0.187677 -0.0586042 -0.262928 -0.963034 -0.652398
-0.957818 -0.10882 -0.265977 4.25379 -0.0292473 0.95764 -0.28648 0.188693 0.285885 -0.266616 -0.920427 -0.883861
-0.748967 -0.0420599 -0.661271 3.75133 0.0799781 0.984948 -0.153232 0.154787 0.657763 -0.167653 -0.73433 -0.926772
-0.488631 -0.144132 -0.860503 3.39028 0.142489 0.959837 -0.241681 0.211478 0.860777 -0.240705 -0.448469 -1.02492
-0.391653 -0.247501 -0.8862 2.80224 0.174458 0.925697 -0.335633 0.229964 0.903422 -0.286057 -0.319373 -0.92267
-0.340902 -0.236688 -0.909816 2.30673 0.198447 0.927862 -0.315739 0.217593 0.918915 -0.288186 -0.26934 -0.762077
-0.490746 -0.260198 -0.831544 1.76597 0.202303 0.89426 -0.399215 0.259797 0.847491 -0.364137 -0.386216 -0.715782
-0.596754 -0.254081 -0.761136 1.08411 0.0272485 0.941582 -0.335681 0.246478 0.801962 -0.221059 -0.554969 -0.860523
-0.511286 -0.129078 -0.849662 0.465291 0.104176 0.972058 -0.21036 0.15497 0.853073 -0.196069 -0.483553 -1.20871
-0.185389 -0.0946108 -0.9781 -0.0698913 0.122703 0.985335 -0.118568 0.127338 0.974974 -0.141997 -0.171061 -1.27217
0.167753 -0.0884609 -0.981852 -0.268789 0.187704 0.980612 -0.0562793 0.129181 0.967794 -0.174856 0.181105 -1.23467
0.62639 -0.145249 -0.765858 -0.46033 0.236196 0.971665 0.00890203 0.164573 0.742864 -0.186469 0.642948 -0.943582
0.86879 -0.144536 -0.473618 -0.508941 0.212692 0.972652 0.0933275 0.173382 0.447176 -0.181817 0.875772 -0.882381
0.950527 -0.256978 -0.174528 -0.48457 0.289322 0.936908 0.196206 0.155324 0.113096 -0.236994 0.964906 -0.771321
0.904719 -0.420481 0.068409 -0.416755 0.363921 0.846309 0.389002 0.214085 -0.221463 -0.327042 0.918693 -0.58203
0.803674 -0.576317 0.148211 -0.550862 0.362044 0.671215 0.646834 0.284935 -0.472263 -0.466185 0.74809 -0.380228
0.735454 -0.672561 0.0822745 -0.323537 0.306261 0.438276 0.845056 0.361017 -0.60441 -0.596302 0.528311 -0.0553451
0.732154 -0.673266 -0.103262 -0.0579361 0.472908 0.393345 0.78844 0.371016 -0.490213 -0.626093 0.606382 0.324643
0.743578 -0.627501 -0.230942 0.251819 0.62216 0.522765 0.582781 0.349975 -0.244967 -0.577026 0.779123 0.757575
0.779453 -0.498671 -0.379184 0.255705 0.620935 0.695197 0.362133 0.299089 0.0830218 -0.517714 0.851516 1.1462
0.67985 -0.387946 -0.622336 0.30115 0.446863 0.892022 -0.0678988 0.167621 0.581478 -0.231938 0.7798 1.34579
0.586831 -0.287202 -0.757063 0.27645 0.118564 0.955382 -0.270533 0.104941 0.800982 0.0689965 0.5947 1.52168
0.364799 -0.201074 -0.909116 -0.017947 0.107126 0.978983 -0.173541 0.0732222 0.924903 -0.0340825 0.378672 1.85656
0.42144 -0.0876864 -0.902607 -0.132041 0.197442 0.98031 -0.00304645 0.0510339 0.885102 -0.176929 0.430455 2.41142
0.481963 -0.13788 -0.865275 -0.441275 0.274164 0.961683 -0.000531658 0.0645976 0.832194 -0.236971 0.501297 2.79857
0.677429 -0.0697841 -0.732271 -0.646675 0.195854 0.976667 0.0881111 0.0728707 0.709036 -0.203107 0.67529 3.32478
0.711167 -0.137988 -0.689348 -0.809666 0.184215 0.982863 -0.00669621 0.0736142 0.678459 -0.122226 0.724399 3.94901
0.893738 -0.12842 -0.429815 -0.819435 0.21141 0.96565 0.151081 0.112165 0.39565 -0.225894 0.890187 4.39731
0.823507 -0.246302 -0.51105 -0.797081 0.336112 0.937534 0.0897652 0.166658 0.457017 -0.245692 0.854851 4.86424
0.664435 -0.124471 -0.736908 -1.18927 0.197144 0.980299 0.0121725 0.0904218 0.720875 -0.153365 0.675884 5.4071
0.699051 -0.164515 -0.69589 -1.38634 0.307747 0.947654 0.08511 0.145296 0.645461 -0.273654 0.713087 5.97146
0.686605 -0.220922 -0.692652 -1.55145 0.353521 0.933949 0.052551 0.165327 0.635292 -0.280949 0.719355 6.48482
0.552584 -0.12103 -0.824623 -1.84841 0.316515 0.945752 0.0732905 0.132674 0.771018 -0.301505 0.560915 6.80965
0.241812 -0.0710716 -0.967717 -1.99272 0.18189 0.982955 -0.0267403 0.0715511 0.953123 -0.169552 0.250618 6.97116
-0.137941 -0.109444 -0.984375 -2.07334 0.156532 0.978976 -0.130779 0.101411 0.977993 -0.172126 -0.117909 7.13486
-0.396594 -0.13734 -0.907662 -2.2877 0.162669 0.962584 -0.216727 0.117654 0.903467 -0.233601 -0.359415 7.39115
-0.192185 -0.142596 -0.970944 -2.43827 0.107602 0.98036 -0.165277 0.105068 0.975442 -0.136239 -0.173066 7.92643
0.198825 -0.140609 -0.969896 -2.47661 0.166413 0.980126 -0.107978 0.0924643 0.965803 -0.139935 0.218273 8.1705
0.518885 -0.0842927 -0.850678 -2.58174 0.242678 0.96871 0.052037 0.0899792 0.819674 -0.233442 0.523105 8.39982
0.708489 -0.00623314 -0.705694 -2.71862 0.11698 0.987165 0.108724 0.0689274 0.695959 -0.159582 0.700125 8.92269
0.861624 -0.171852 -0.477568 -2.84748 0.315851 0.918088 0.239484 0.0755333 0.397293 -0.357186 0.845326 9.09039
0.952588 -0.157065 -0.26059 -2.9723 0.218162 0.949586 0.225148 0.0585847 0.212089 -0.271324 0.93883 9.54846
0.956369 -0.0939646 -0.276639 -3.23367 0.172252 0.946143 0.274121 0.0462462 0.235982 -0.309812 0.921048 9.74438
0.887302 -0.16721 -0.42981 -3.37954 0.276022 0.939152 0.204462 0.0646683 0.369469 -0.300056 0.879465 10.1564
0.860382 -0.0047073 -0.509627 -3.65456 0.140436 0.963434 0.228193 0.00825682 0.489918 -0.267903 0.829583 10.7131
0.644262 -0.0922201 -0.759224 -3.73578 0.215406 0.974397 0.0644326 0.0340222 0.733844 -0.205053 0.647632 11.0637
0.578161 -0.258628 -0.773849 -3.83621 0.498896 0.862536 0.0844685 0.0907045 0.645626 -0.434906 0.627713 11.42
0.181149 -0.455348 -0.87169 -3.88986 0.6867 0.693063 -0.219332 0.195051 0.704009 -0.558858 0.438235 11.5076
-0.152605 -0.475619 -0.866313 -3.92098 0.548349 0.688523 -0.474603 0.219675 0.822207 -0.547469 0.155733 11.697
0.122736 -0.243718 -0.962049 -4.28912 0.417712 0.892018 -0.172686 0.059344 0.900251 -0.380664 0.211286 12.0715
0.280464 -0.106675 -0.953918 -4.4627 0.108287 0.990977 -0.0789819 -0.0640878 0.953737 -0.0811452 0.289485 12.45
0.389121 -0.0303537 -0.920686 -4.57006 0.00310348 0.999495 -0.0316402 -0.0862681 0.921181 0.00945455 0.389018 12.6866
0.635783 -0.164523 -0.75413 -4.74561 0.211517 0.976756 -0.034769 0.0029853 0.742321 -0.137406 0.655804 12.9874
0.672607 -0.18657 -0.716095 -4.86186 0.261633 0.96515 -0.00571372 0.0223196 0.692205 -0.183511 0.697979 13.5098
0.681536 -0.160509 -0.713965 -5.07165 0.22481 0.974393 -0.00445795 0.0377012 0.696397 -0.157468 0.700168 14.0081
0.818697 -0.200774 -0.537982 -5.15101 0.267794 0.962259 0.0484139 0.0448529 0.507957 -0.183705 0.841565 14.3533
0.884071 -0.335263 -0.325602 -5.26223 0.38745 0.915367 0.109474 0.105702 0.261343 -0.222937 0.939148 14.884
0.923868 -0.279007 -0.261958 -5.48264 0.313032 0.944692 0.0978196 0.0980901 0.220177 -0.172374 0.960109 15.4213
0.922812 -0.248512 -0.294379 -5.73477 0.297082 0.945533 0.133078 0.0982526 0.245274 -0.21026 0.946378 16.0919
0.917372 -0.364464 -0.159983 -5.84201 0.391876 0.897429 0.202619 0.154618 0.0697259 -0.248571 0.966101 16.5467
0.936958 -0.126631 -0.32569 -6.15111 0.168433 0.980273 0.103418 0.077466 0.306169 -0.151755 0.939804 17.0178
0.928387 -0.160759 -0.335043 -6.25602 0.177894 0.983828 0.0208776 0.0700149 0.326268 -0.0789846 0.941972 17.5971
