0.999993 -0.00356866 0.00123525 2.07367e-05 0.00357778 0.999966 -0.00746343 -0.000234423 -0.00120857 0.0074678 0.999971 -4.71377e-05
0.902005 -0.01318 -0.431525 4.83391 0.000894518 0.999589 -0.0286606 0.2349 0.431725 0.0254659 0.901646 0.265997
0.847898 -0.0372371 -0.52885 5.5918 0.016775 0.998915 -0.0434399 0.239484 0.529894 0.0279611 0.847603 0.666798
0.921369 -0.0738043 -0.381619 6.38238 0.0269802 0.991583 -0.12663 0.236729 0.387752 0.106377 0.915605 1.4141
0.95666 -0.0949898 -0.275278 7.43333 0.0799828 0.994657 -0.0652647 0.275874 0.280007 0.0404187 0.959147 1.81236
0.848175 -0.0571661 -0.526623 8.45793 0.0349412 0.998032 -0.0520627 0.262577 0.528563 0.0257575 0.848503 2.26098
0.556677 -0.0681456 -0.827929 9.18595 0.0844118 0.996111 -0.0252322 0.302102 0.826429 -0.0558408 0.560265 3.09448
0.16335 -0.0675576 -0.984252 9.29661 0.250705 0.967745 -0.0248167 0.41022 0.954182 -0.242703 0.175018 3.34308
-0.238202 0.0232051 -0.970938 9.5529 0.29043 0.955671 -0.0484116 0.459527 0.926774 -0.293522 -0.234382 3.81837
-0.553438 0.00563312 -0.832872 9.60657 0.209796 0.968677 -0.132856 0.48236 0.806035 -0.248261 -0.537284 4.13117
-0.54551 -0.00584585 -0.838084 9.65583 0.0602372 0.997116 -0.0461636 0.402961 0.835937 -0.0756666 -0.543585 4.8201
-0.602699 0.0785503 -0.794093 10.0336 0.0311116 0.9967 0.0749788 0.289999 0.797362 0.0204842 -0.603154 4.77505
-0.866584 0.107748 -0.487261 10.1604 0.0535966 0.99086 0.123789 0.249252 0.496146 0.0811578 -0.864438 4.54007
-0.992353 0.0176397 -0.122166 10.0809 0.00958246 0.997758 0.066229 0.231613 0.123061 0.0645519 -0.990298 4.21767
-0.976389 -0.00797287 0.215875 9.65818 -0.00323412 0.999746 0.0222958 0.289166 -0.215998 0.0210712 -0.976167 3.6413
-0.820156 -0.00863715 0.572074 9.32617 0.0505321 0.994885 0.0874663 0.266615 -0.569904 0.100644 -0.815525 3.15613
-0.58832 -0.0175268 0.808438 8.7554 0.00889526 0.999564 0.0281436 0.298221 -0.808579 0.0237487 -0.587908 2.35679
-0.57442 -0.049303 0.817074 8.13584 -0.0588016 0.998091 0.0188869 0.331603 -0.816446 -0.0371962 -0.576223 1.59718
-0.834101 -0.0180579 0.551317 7.57364 -0.0148717 0.999837 0.0102491 0.334311 -0.551412 0.000349742 -0.834233 0.709805
-0.958203 -0.0492578 0.281816 6.95634 -0.0350996 0.997865 0.0550717 0.29948 -0.283927 0.0428782 -0.957887 -0.147604
-0.814132 -0.00800042 0.580624 6.24922 -0.00429295 0.999961 0.00775903 0.266288 -0.580663 0.00382429 -0.814135 -0.783958
-0.904533 -0.0268709 0.425557 5.18835 -0.00450849 0.998559 0.0534691 0.257863 -0.426381 0.0464459 -0.903351 -1.18753
-0.995436 -0.0108824 0.0948139 4.49884 -0.00558454 0.998417 0.055964 0.263544 -0.0952729 0.055179 -0.993921 -1.66972
-0.921715 -0.0923533 -0.376711 4.5735 -0.119662 0.99157 0.0496911 0.262427 0.368947 0.0908789 -0.924997 -1.77867
-0.749488 -0.123788 -0.650341 4.73155 -0.191253 0.980962 0.0336911 0.268927 0.63379 0.149631 -0.758895 -1.8025
-0.470961 -0.0362253 -0.88141 4.94115 -0.202867 0.976825 0.0682504 0.251864 0.858511 0.210952 -0.467395 -1.80796
-0.100399 -0.0607703 -0.99309 5.1695 -0.0788106 0.995482 -0.0529491 0.281183 0.991821 0.07295 -0.104735 -1.64443
0.246207 -0.113577 -0.96254 5.17293 0.0266607 0.993528 -0.110414 0.346616 0.968851 0.0015228 0.247641 -1.13603
0.337847 -0.154283 -0.92847 5.23275 0.0492887 0.98802 -0.146243 0.367217 0.93991 0.00364472 0.341404 -0.771401
0.622862 -0.111123 0.7744 2.34451 -0.0874537 0.973767 0.210072 0.151062 -0.777429 -0.19857 0.596804 -0.416628
0.581679 -0.209952 0.785856 2.47741 0.0594854 0.974508 0.216323 0.119676 -0.81124 -0.0790836 0.57934 -0.510367
0.464895 -0.241857 0.851691 2.63619 0.0632628 0.968581 0.240518 0.115548 -0.883103 -0.0579355 0.465589 -0.556186
0.618686 -0.357788 0.699439 2.97051 0.0290893 0.900103 0.434705 0.230593 -0.7851 -0.248599 0.567289 -0.890138
0.664913 -0.416782 0.619825 3.36465 0.0295673 0.843877 0.535721 0.284921 -0.746335 -0.337881 0.573428 -0.972506
0.797603 -0.445395 0.406758 3.65613 0.208051 0.836113 0.507572 0.246483 -0.566166 -0.320214 0.759552 -0.9703
0.864327 -0.175751 0.471222 3.99191 0.0802799 0.973153 0.215704 0.157462 -0.496481 -0.14861 0.855232 -0.635188
0.974357 -0.169771 0.14767 4.19714 0.138982 0.970218 0.198394 0.178268 -0.176954 -0.172783 0.968934 -0.258848
0.976647 -0.117586 -0.179819 4.36519 0.134159 0.987484 0.0829278 0.137061 0.167818 -0.105116 0.980198 0.0617561
0.862229 -0.0713644 -0.501466 4.33034 0.144598 0.983506 0.108659 0.149607 0.485441 -0.1662 0.858327 0.387301
0.699662 -0.312197 -0.642656 4.33697 0.452267 0.889855 0.0601008 0.259495 0.553107 -0.332702 0.763794 0.588913
0.71789 -0.475647 -0.508325 4.27143 0.649015 0.721413 0.241545 0.32624 0.251823 -0.503313 0.826596 0.700335
0.817128 -0.26465 -0.512115 4.13693 0.389697 0.908239 0.15244 0.217557 0.42478 -0.324133 0.845281 1.11698
0.793372 0.0135523 -0.608586 4.09641 0.101333 0.982863 0.153988 0.0917024 0.600244 -0.18384 0.778402 1.40771
0.571595 -0.0319867 -0.819912 3.91278 0.125972 0.990815 0.0491664 0.113118 0.810808 -0.131389 0.570374 1.5715
0.288574 0.00304676 -0.957453 3.9176 0.0764383 0.99673 0.0262101 0.0901671 0.954401 -0.0807496 0.287398 1.74806
-0.0364593 -0.0622542 -0.997394 4.10485 0.193322 0.978765 -0.0681582 0.173034 0.980458 -0.195304 -0.02365 1.58453
-0.372251 -0.130063 -0.918974 4.20777 0.120035 0.97507 -0.186626 0.183061 0.920337 -0.179781 -0.347359 1.62772
-0.64728 -0.286247 -0.706464 4.57989 0.0420532 0.91199 -0.408052 0.263926 0.761091 -0.293833 -0.578275 1.62647
-0.855236 -0.273168 -0.440398 4.67664 -0.0807153 0.90964 -0.40748 0.236347 0.511914 -0.312945 -0.800006 1.54311
-0.943987 -0.272492 -0.186106 4.58945 -0.187035 0.906484 -0.378556 0.251485 0.271856 -0.322544 -0.906675 1.56138
-0.988843 -0.114529 0.0952539 4.42173 -0.131161 0.972539 -0.192264 0.164894 -0.0706183 -0.202612 -0.976709 1.40368
-0.855352 -0.108022 0.506659 4.34558 -0.185999 0.976844 -0.10574 0.154517 -0.483505 -0.184683 -0.855637 1.14493
-0.588913 -0.167474 0.790654 4.27058 -0.272186 0.962244 0.00108401 0.193684 -0.760984 -0.214567 -0.612262 1.07705
-0.292474 -0.158787 0.942998 4.30716 -0.305926 0.94983 0.0650531 0.178891 -0.906018 -0.269462 -0.326378 0.942668
0.0566653 -0.186978 0.980728 4.379 -0.308873 0.930833 0.195312 0.212417 -0.949414 -0.313988 -0.00500652 0.649236
0.14109 -0.0877976 0.986096 4.52823 -0.223577 0.967501 0.118131 0.164416 -0.964421 -0.237135 0.116875 0.254227
-0.254261 -0.0299953 0.96667 4.70005 -0.146277 0.989213 -0.00777998 0.109969 -0.95601 -0.143379 -0.255906 -0.218324
-0.594581 0.0560387 0.80208 4.70029 -0.053301 0.992627 -0.108864 0.105089 -0.802267 -0.10748 -0.58721 -0.461226
-0.901144 -0.0583514 0.429576 4.72289 -0.155118 0.968697 -0.193817 0.173903 -0.404819 -0.241292 -0.881986 -0.566354
-0.975511 -0.189174 0.112209 4.51297 -0.211888 0.94512 -0.248699 0.200464 -0.0590038 -0.266384 -0.962059 -0.650321
-0.957136 -0.108352 -0.268609 4.24707 -0.0272987 0.95701 -0.288769 0.19911 0.28835 -0.269058 -0.918946 -0.880746
-0.747499 -0.0433285 -0.662849 3.75309 0.0815051 0.984348 -0.156258 0.160865 0.659244 -0.170828 -0.732267 -0.915862
-0.4884 -0.145919 -0.860333 3.40039 0.144906 0.958669 -0.244859 0.212101 0.860504 -0.244256 -0.44707 -1.00692
-0.396975 -0.245658 -0.884343 2.821 0.178913 0.924321 -0.337076 0.225158 0.900223 -0.292031 -0.322981 -0.897994
-0.34348 -0.236652 -0.908855 2.31653 0.202722 0.926236 -0.317791 0.216009 0.91702 -0.2934 -0.270168 -0.746556
-0.494472 -0.258466 -0.829875 1.77569 0.205465 0.892948 -0.400534 0.258237 0.84456 -0.368563 -0.388433 -0.702565
-0.598352 -0.254278 -0.759814 1.08673 0.0281327 0.941053 -0.337086 0.246777 0.800739 -0.223072 -0.555928 -0.856153
-0.50878 -0.128832 -0.851202 0.461705 0.103992 0.972302 -0.209319 0.15711 0.854592 -0.195015 -0.481291 -1.20934
-0.186051 -0.0966569 -0.977774 -0.0837632 0.125778 0.984619 -0.121266 0.134115 0.974456 -0.145544 -0.171032 -1.27002
0.166516 -0.0903656 -0.981889 -0.282445 0.191648 0.979768 -0.0576691 0.136756 0.967235 -0.178575 0.180466 -1.23215
0.624746 -0.147188 -0.76683 -0.474081 0.240273 0.970659 0.00944209 0.173917 0.742941 -0.190147 0.64178 -0.940907
0.866732 -0.146633 -0.476732 -0.522234 0.216535 0.97166 0.0948123 0.186164 0.449319 -0.185406 0.87392 -0.878529
0.949762 -0.259004 -0.175699 -0.494953 0.291933 0.935503 0.199021 0.16865 0.112819 -0.240315 0.964116 -0.766244
0.903674 -0.422668 0.0687403 -0.424186 0.365034 0.844266 0.392384 0.22833 -0.223883 -0.329494 0.917229 -0.575997
0.802096 -0.578552 0.148054 -0.55669 0.362086 0.668287 0.649836 0.299676 -0.474906 -0.467622 0.745516 -0.373683
0.73382 -0.674467 0.0812616 -0.328839 0.305676 0.434641 0.847142 0.377389 -0.606688 -0.59681 0.525117 -0.049402
0.730403 -0.675028 -0.104153 -0.0619969 0.472735 0.389559 0.790421 0.389357 -0.492983 -0.626563 0.603644 0.330301
0.741935 -0.629257 -0.231446 0.249079 0.622911 0.519237 0.585129 0.370599 -0.248021 -0.578298 0.777211 0.763042
0.777949 -0.499228 -0.381533 0.25671 0.62294 0.692158 0.364505 0.321277 0.0821099 -0.521238 0.849452 1.15295
0.676016 -0.388199 -0.626341 0.305293 0.450143 0.890508 -0.0660832 0.190785 0.583415 -0.23727 0.776743 1.35421
0.582068 -0.28885 -0.760106 0.283224 0.122145 0.955232 -0.269466 0.128852 0.803914 0.0640048 0.591292 1.53138
0.35929 -0.202154 -0.911068 -0.0125511 0.110833 0.97859 -0.173428 0.0979464 0.926621 -0.0386656 0.374003 1.86484
0.416044 -0.0879167 -0.905084 -0.129812 0.201067 0.979574 -0.00272699 0.0775219 0.886837 -0.180848 0.425223 2.41911
0.476846 -0.137819 -0.868115 -0.441383 0.277736 0.960657 4.72948e-05 0.0920119 0.833954 -0.24113 0.496363 2.80447
0.673109 -0.0698939 -0.736233 -0.649794 0.199228 0.975857 0.0895034 0.101835 0.712203 -0.206924 0.670783 3.32949
0.707066 -0.138398 -0.693473 -0.816222 0.187381 0.982275 -0.00498177 0.10433 0.68187 -0.126421 0.720466 3.95293
0.891311 -0.125755 -0.435603 -0.828244 0.211385 0.965214 0.153877 0.142053 0.401099 -0.229232 0.886889 4.40216
0.820663 -0.244527 -0.516449 -0.808798 0.337465 0.936761 0.0927141 0.198988 0.461118 -0.250371 0.851284 4.86852
0.659973 -0.12472 -0.740865 -1.20428 0.200415 0.979616 0.0136193 0.125908 0.724065 -0.157469 0.671516 5.40858
0.694548 -0.164197 -0.700459 -1.40387 0.310924 0.946497 0.086428 0.183011 0.648791 -0.277818 0.70844 5.97163
0.681995 -0.220616 -0.697289 -1.57159 0.356477 0.932769 0.0535383 0.205254 0.638598 -0.285081 0.714788 6.48326
0.547801 -0.120525 -0.827881 -1.87154 0.319926 0.944534 0.0741842 0.172256 0.773021 -0.305499 0.555976 6.80724
0.236136 -0.071535 -0.969083 -2.01738 0.185083 0.98234 -0.0274144 0.111521 0.953931 -0.172888 0.245206 6.96769
-0.142406 -0.107936 -0.983906 -2.10649 0.162232 0.978049 -0.130774 0.133174 0.976423 -0.178244 -0.121769 7.13151
-0.400243 -0.13107 -0.906987 -2.31966 0.167286 0.96264 -0.212933 0.151275 0.901011 -0.236951 -0.363364 7.38173
-0.196344 -0.142452 -0.970132 -2.47398 0.110926 0.979812 -0.166323 0.144962 0.974241 -0.140269 -0.176579 7.9188
0.193154 -0.141062 -0.970975 -2.50832 0.170094 0.979441 -0.108456 0.135491 0.966312 -0.144209 0.213177 8.16405
0.513898 -0.0842223 -0.853707 -2.61465 0.246275 0.967762 0.0527734 0.133675 0.821741 -0.237367 0.518073 8.39277
0.70571 -0.0067018 -0.708469 -2.76062 0.121314 0.986331 0.111511 0.110959 0.698038 -0.164642 0.696876 8.91176
0.859201 -0.169491 -0.482748 -2.8937 0.318263 0.915822 0.244906 0.118027 0.400602 -0.364064 0.840818 9.0823
0.951299 -0.153746 -0.267192 -3.02491 0.218511 0.947692 0.232663 0.103739 0.217444 -0.279717 0.935134 9.54304
0.955698 -0.0930134 -0.279267 -3.28733 0.173232 0.944786 0.278156 0.092032 0.237975 -0.314211 0.919043 9.7337
0.886625 -0.165942 -0.431694 -3.43844 0.277154 0.937885 0.208705 0.114225 0.370247 -0.304689 0.877543 10.1477
0.8588 -0.00494149 -0.512287 -3.70887 0.144215 0.961848 0.232486 0.058996 0.491593 -0.273538 0.826748 10.6994
0.6404 -0.0923468 -0.76247 -3.78412 0.220092 0.973176 0.0669891 0.0851628 0.735831 -0.210713 0.643547 11.0497
0.573783 -0.257209 -0.777571 -3.88577 0.502008 0.8606 0.0857662 0.143359 0.647117 -0.439558 0.622919 11.4062
0.17409 -0.452161 -0.874782 -3.93919 0.690307 0.689562 -0.219046 0.248229 0.70226 -0.565734 0.432176 11.4954
-0.157075 -0.473733 -0.866547 -3.96722 0.551763 0.685626 -0.474841 0.274084 0.819076 -0.552715 0.153694 11.6841
0.116876 -0.242563 -0.96307 -4.34181 0.421247 0.890273 -0.173106 0.114173 0.899384 -0.385458 0.206231 12.0557
0.275712 -0.106466 -0.955326 -4.51978 0.112781 0.990566 -0.0778439 -0.00806816 0.954601 -0.0862804 0.285119 12.4331
0.386667 -0.0325414 -0.921645 -4.6289 0.0074145 0.999455 -0.032178 -0.0273268 0.922189 0.00560865 0.386698 12.6716
0.63139 -0.165025 -0.757703 -4.80458 0.215041 0.976034 -0.0333842 0.0601734 0.745053 -0.141859 0.651745 12.9685
0.668333 -0.186724 -0.720045 -4.92382 0.264986 0.964244 -0.0040949 0.0811045 0.695063 -0.188065 0.693915 13.4899
0.677141 -0.160908 -0.718045 -5.13613 0.228112 0.97363 -0.00306524 0.0984763 0.699603 -0.161719 0.69599 13.9876
0.817446 -0.200076 -0.540141 -5.21241 0.269344 0.961671 0.0514072 0.114069 0.509152 -0.187506 0.840003 14.333
0.881801 -0.335946 -0.331009 -5.32621 0.390062 0.914017 0.111468 0.17831 0.2651 -0.227407 0.937021 14.861
0.922016 -0.279474 -0.26792 -5.5524 0.315139 0.943756 0.100059 0.170241 0.224887 -0.176688 0.958231 15.3963
0.921501 -0.248251 -0.298675 -5.81142 0.298667 0.944562 0.136383 0.170332 0.24826 -0.214882 0.94456 16.0644
0.917076 -0.363541 -0.163734 -5.92334 0.392256 0.896238 0.207104 0.22688 0.0714542 -0.254156 0.96452 16.5202
0.935224 -0.127148 -0.330439 -6.22801 0.171344 0.979258 0.108142 0.155689 0.309835 -0.157755 0.937612 16.9951
0.926434 -0.162918 -0.339379 -6.33275 0.181474 0.983116 0.0234415 0.154817 0.32983 -0.0833053 0.940358 17.5737
0.89108 0.0735264 -0.447852 -6.53715 -0.0688435 0.997269 0.0267513 0.0423232 0.448595 0.00699412 0.893708 18.0118
0.652199 0.182535 -0.735743 -6.68646 -0.201447 0.977412 0.0639187 -0.0383658 0.730791 0.106526 0.674238 18.1777
0.157111 0.0420435 -0.986686 -6.86519 -0.0302211 0.99883 0.0377489 0.0439695 0.987118 0.0238879 0.158198 18.2171
-0.239599 -0.0899634 -0.966695 -7.05654 0.034234 0.994296 -0.101017 0.137395 0.970268 -0.0572973 -0.235152 18.2072
-0.32189 -0.299613 -0.89812 -7.25121 0.180561 0.91177 -0.368881 0.240388 0.9294 -0.280904 -0.239391 18.3712
-0.324308 -0.360397 -0.874607 -7.36103 0.183664 0.882995 -0.431957 0.264362 0.92795 -0.300721 -0.22017 18.8334
-0.118949 -0.24959 -0.961018 -7.66773 0.161261 0.950183 -0.266736 0.188969 0.979717 -0.186702 -0.0727741 19.3977
0.155592 -0.0937943 -0.983358 -7.79708 0.222003 0.973336 -0.057712 0.146109 0.962552 -0.209329 0.172266 20.0655
-0.0013826 -0.0510254 -0.998696 -7.90091 0.204714 0.977532 -0.0502274 0.122021 0.978821 -0.204516 0.00909406 20.5752
0.0249389 -0.035706 -0.999051 -8.00594 0.209914 0.977269 -0.0296876 0.0826029 0.977402 -0.208974 0.0318672 20.8486
0.324932 -0.0820171 -0.942174 -8.2076 0.246119 0.969239 0.000507025 0.0835674 0.913151 -0.232052 0.335123 21.3369
-0.0331734 -0.115297 -0.992777 -8.42272 0.250834 0.960571 -0.119938 0.111042 0.967462 -0.253001 -0.00294513 21.6301
-0.415577 -0.126913 -0.90066 -8.78058 0.192486 0.955518 -0.223459 0.0856955 0.888957 -0.266229 -0.372662 21.9121
-0.663007 -0.206098 -0.719684 -8.89094 0.0169864 0.956967 -0.289698 0.142028 0.74842 -0.204297 -0.630976 22.1865
-0.422552 -0.152682 -0.893386 -9.34693 0.142847 0.96217 -0.232001 0.100959 0.895011 -0.22565 -0.384756 22.6479
-0.0527277 -0.171422 -0.983786 -9.42528 0.244598 0.95293 -0.179155 0.134138 0.96819 -0.250078 -0.00831634 23.0784
0.382555 -0.108749 -0.91751 -9.50467 0.320702 0.946936 0.0214797 0.107034 0.866488 -0.302465 0.397131 23.4794
0.540155 -0.269107 -0.79738 -9.50813 0.427768 0.90376 -0.0152337 0.148727 0.724739 -0.332865 0.603286 23.9234
0.389061 -0.312434 -0.866612 -9.63873 0.589921 0.807039 -0.0261137 0.185153 0.707548 -0.501073 0.498299 24.4885
0.278338 -0.239091 -0.930249 -9.78636 0.369224 0.920736 -0.126171 0.147053 0.88668 -0.308352 0.344554 25.0927
0.429529 -0.167058 -0.887466 -10.0242 0.382932 0.923705 0.011458 0.11667 0.817843 -0.344761 0.46073 25.6612
0.327847 -0.124007 -0.936557 -10.3844 0.377936 0.925781 0.00971866 0.118415 0.865841 -0.357145 0.350381 26.2605
0.0805546 -0.189741 -0.978524 -10.6504 0.305899 0.939046 -0.156904 0.129775 0.94865 -0.28669 0.133686 26.5425
0.15563 -0.0167881 -0.987673 -10.964 0.212317 0.977056 0.0168477 0.0943283 0.964728 -0.212321 0.155624 26.9972
-0.121442 -0.0365283 -0.991926 -11.0606 0.114088 0.992186 -0.0505058 0.0910552 0.98602 -0.1193 -0.116326 27.307
-0.386694 -0.00830032 -0.922171 -11.4081 0.0783915 0.996044 -0.0418372 0.0844476 0.91887 -0.0884685 -0.384514 27.3568
-0.704017 0.0198697 -0.709905 -11.6593 0.0124182 0.9998 0.0156684 0.0621772 0.710075 0.0022151 -0.704123 27.409
-0.602909 -0.151294 -0.783334 -11.9731 0.0441226 0.974029 -0.222085 0.133018 0.796589 -0.16846 -0.580575 27.3411
-0.746384 -0.183707 -0.639658 -12.2605 -0.081011 0.979079 -0.186659 0.153239 0.660566 -0.0875004 -0.745651 27.3147
-0.550273 -0.197606 -0.811266 -12.2992 0.095377 0.950358 -0.296179 0.191132 0.82952 -0.240355 -0.504109 27.2043
-0.831037 -0.170632 -0.529399 -12.5048 -0.0376577 0.966859 -0.252517 0.163166 0.554942 -0.189915 -0.809921 26.9658
-0.954916 -0.234722 -0.181774 -12.474 -0.190182 0.953809 -0.232551 0.203876 0.227962 -0.187496 -0.955447 26.785
-0.954888 -0.252745 0.155914 -12.4135 -0.281591 0.937365 -0.205069 0.20397 -0.0943182 -0.239722 -0.966249 26.5864
-0.935241 -0.224411 0.273796 -12.5255 -0.258804 0.961121 -0.0962673 0.209325 -0.241547 -0.160892 -0.956958 26.5064
-0.982097 -0.134712 0.131672 -12.421 -0.159278 0.967046 -0.198629 0.198866 -0.100575 -0.216045 -0.97119 26.5077
-0.910029 -0.150955 0.386082 -12.4606 -0.172596 0.984752 -0.021792 0.144341 -0.376906 -0.0864675 -0.922207 26.4758
-0.949294 -0.255231 0.183573 -12.6306 -0.293923 0.927725 -0.230076 0.202212 -0.111583 -0.272366 -0.955702 26.3429
-0.940331 -0.340135 -0.00926113 -12.628 -0.313883 0.87762 -0.3623 0.264114 0.131359 -0.337775 -0.932015 26.1826
-0.914924 -0.308201 -0.260626 -12.9478 -0.173405 0.883224 -0.435714 0.257719 0.364478 -0.353451 -0.861527 26.0988
-0.862588 -0.119718 -0.491538 -12.9709 0.0262406 0.959702 -0.279792 0.189633 0.505227 -0.254244 -0.824686 26.1149
-0.606399 -0.137749 -0.783138 -13.2003 0.043728 0.977613 -0.205816 0.145251 0.793957 -0.159051 -0.5868 26.2849
-0.175406 -0.0431204 -0.983551 -13.2344 0.113047 0.99155 -0.0636318 0.1175 0.977984 -0.122348 -0.169049 26.3754
0.187538 -0.0245203 -0.981951 -13.2031 0.107822 0.994161 -0.00423271 0.119282 0.976322 -0.105082 0.189087 26.2822
0.0334606 -0.259726 -0.965103 -13.3197 0.272019 0.931556 -0.241267 0.186052 0.96171 -0.254454 0.101821 26.3918
0.433334 -0.258643 -0.863322 -13.3015 0.395653 0.915282 -0.0756165 0.213157 0.809741 -0.308809 0.498955 26.4217
0.49296 -0.378341 -0.783485 -13.5273 0.417049 0.893061 -0.168852 0.27163 0.763584 -0.243514 0.59803 26.3461
0.280371 -0.238639 -0.929755 -13.8184 0.318358 0.936897 -0.14447 0.214556 0.905561 -0.25549 0.338651 26.4468
0.279565 -0.103547 -0.954527 -14.0341 0.152191 0.986378 -0.0624278 0.118938 0.947988 -0.127818 0.291516 26.2871
0.288434 -0.101527 -0.952102 -14.0581 0.0448024 0.994705 -0.092497 0.0844406 0.956451 -0.0159772 0.291455 26.354
0.591963 -0.0708217 -0.802848 -14.1195 0.0986238 0.995011 -0.0150548 0.101976 0.799908 -0.070268 0.595994 26.4334
0.747571 -0.235878 -0.620886 -14.2781 0.390682 0.912154 0.123863 0.233282 0.537127 -0.335165 0.774054 26.415
0.812451 -0.365084 -0.454574 -14.2418 0.528834 0.789724 0.31092 0.355566 0.245476 -0.493002 0.83468 26.6722
0.911889 -0.332413 -0.240751 -14.5241 0.407015 0.807974 0.426048 0.323691 0.0528969 -0.486497 0.872079 26.7738
0.986821 -0.161595 -0.00847396 -14.4532 0.158438 0.954246 0.253597 0.130344 -0.0328937 -0.251597 0.967273 26.9461
0.963374 -0.0213786 0.267309 -14.5464 0.00340923 0.997713 0.0675075 0.0420262 -0.268141 -0.0641237 0.961243 26.8677
0.765316 0.0635558 0.64051 -14.595 -0.0480843 0.997978 -0.0415726 -0.000517841 -0.641857 0.00101772 0.766824 26.6295
0.449118 0.0202569 0.893243 -14.5474 -0.0920577 0.995471 0.0237109 0.0671279 -0.888717 -0.0928789 0.448949 26.3333
0.258434 -0.0991751 0.960925 -14.5775 -0.223113 0.961695 0.159259 0.175094 -0.939911 -0.255553 0.226408 26.3701
-0.102696 -0.0531451 0.993292 -14.7864 -0.206595 0.977936 0.0309637 0.142211 -0.973022 -0.202029 -0.11141 26.4563
0.131089 -0.0806873 0.988082 -15.0712 -0.181981 0.977788 0.10399 0.155973 -0.974525 -0.193444 0.113494 26.6746
-0.0583881 -0.0838896 0.994763 -15.1749 -0.153636 0.985347 0.0740777 0.116455 -0.986401 -0.148507 -0.070421 26.7063
0.0104192 -0.146602 0.989141 -15.4457 -0.1636 0.975615 0.146321 0.174424 -0.986472 -0.163348 -0.013819 26.9786
0.255228 -0.108739 0.960747 -15.5051 -0.127715 0.981158 0.144978 0.145041 -0.958409 -0.159704 0.236532 27.2481
0.578523 -0.0569431 0.813676 -15.5174 -0.143127 0.974995 0.169996 0.126112 -0.80301 -0.214805 0.555908 27.5197
0.877469 0.0372796 0.478182 -15.4834 -0.131534 0.977456 0.165163 0.111598 -0.461244 -0.207822 0.862591 27.9771
0.977683 -0.107593 0.180446 -15.3468 0.0649096 0.971582 0.227628 0.17397 -0.199809 -0.210835 0.956883 28.2101
0.983476 -0.0989737 -0.151589 -15.505 0.130812 0.967347 0.217088 0.224255 0.125153 -0.233331 0.96431 28.5902
0.873163 -0.0574589 -0.484031 -15.6489 0.134866 0.982739 0.12663 0.194439 0.4684 -0.175848 0.86584 28.7768
0.589106 -0.0266559 -0.807616 -15.7666 0.109352 0.992892 0.0469948 0.154997 0.800622 -0.116 0.587833 28.8827
0.236208 0.0056948 -0.971686 -15.8946 0.0669579 0.997511 0.022123 0.130074 0.969393 -0.0702877 0.235239 28.9411
0.0989683 0.0798345 -0.991883 -16.0992 0.0694512 0.993792 0.0869178 0.0944842 0.992664 -0.0774896 0.0928093 29.1185
0.0150102 0.12558 -0.99197 -16.4048 -0.0705804 0.98974 0.124229 0.0491293 0.997393 0.068149 0.0237197 29.5111
0.319171 0.311669 -0.894982 -16.5271 -0.188446 0.946389 0.262367 -0.0120688 0.928772 0.0849158 0.360793 30.0281
0.586776 0.379339 -0.715399 -16.4547 -0.333469 0.91829 0.213407 -0.073923 0.737897 0.113341 0.665328 30.5789
0.809935 0.28159 -0.514502 -16.5444 -0.200874 0.957337 0.207737 0.0222816 0.551049 -0.0649031 0.831945 30.7957
0.706318 0.0927807 -0.701788 -16.6601 0.0792238 0.974785 0.208608 0.158296 0.703447 -0.202942 0.681158 31.024
0.486386 0.00747222 -0.873712 -16.8719 0.209445 0.969812 0.12489 0.208575 0.84827 -0.24374 0.470138 30.8435
0.0880279 0.11622 -0.989315 -17.0234 -0.0510859 0.99239 0.112035 0.105077 0.994807 0.0406778 0.0932952 30.7276
-0.261372 0.286895 -0.921616 -17.0835 -0.0759687 0.945731 0.315947 -0.0176079 0.962244 0.152594 -0.225392 30.5649
-0.448166 0.364858 -0.816104 -17.0432 -0.0583801 0.899025 0.433989 -0.0952252 0.892042 0.242144 -0.381612 30.7246
-0.405715 0.316388 -0.857493 -17.1738 0.0116775 0.939894 0.341267 -0.208486 0.913925 0.128444 -0.385024 31.0297
-0.299339 -0.00895172 -0.954105 -17.2258 0.199486 0.97727 -0.0717553 -0.158684 0.93306 -0.211809 -0.290749 31.1907
-0.356662 -0.119411 -0.926571 -17.2933 0.209782 0.956233 -0.203984 -0.241865 0.910376 -0.267132 -0.316001 31.4207
-0.280192 0.150099 -0.948137 -17.5454 0.058176 0.988539 0.139303 -0.411493 0.95818 -0.0161272 -0.285713 31.5186
-0.219508 0.277008 -0.935459 -17.9601 -0.0222976 0.957169 0.288669 -0.653863 0.975356 0.0842236 -0.20393 31.6135
0.125317 0.409997 -0.903437 -18.0386 -0.191427 0.903496 0.383471 -0.687964 0.973474 0.124886 0.191708 31.7587
0.389961 0.515883 -0.762755 -18.082 -0.392959 0.842352 0.368816 -0.728748 0.832775 0.155908 0.531206 31.7984
0.759841 0.36283 -0.53944 -17.9163 -0.375167 0.922386 0.0919505 -0.848905 0.530934 0.132512 0.836988 31.9933
0.900704 0.382105 -0.206708 -17.8273 -0.386237 0.922146 0.0216328 -0.856099 0.198881 0.0603534 0.978164 32.0276
0.948382 0.289993 0.128358 -17.9659 -0.298334 0.953099 0.0509763 -0.923908 -0.107555 -0.0866386 0.990417 32.0581
0.965501 0.259219 0.0247641 -17.9913 -0.258115 0.965263 -0.0405453 -1.1175 -0.034414 0.0327545 0.998871 32.3426
0.982457 0.186298 -0.0083996 -18.1318 -0.18646 0.982093 -0.02696 -1.23878 0.00322658 0.0280532 0.999601 32.5521
0.913266 0.295984 -0.279891 -18.3434 -0.306442 0.951866 0.00669752 -1.28978 0.268401 0.0796536 0.960009 32.7047
0.887256 0.190637 -0.42004 -18.3463 -0.258595 0.959621 -0.110705 -1.44739 0.381975 0.206844 0.900728 32.9761
0.890734 0.278055 -0.359552 -18.5184 -0.289873 0.956816 0.0218259 -1.59435 0.350094 0.0847834 0.93287 33.2081
0.906176 0.233689 -0.35247 -18.7012 -0.207806 0.971948 0.11015 -1.60665 0.368323 -0.0265694 0.929318 33.2047
0.944083 -0.00974334 -0.329563 -18.8029 0.099312 0.961544 0.256067 -1.50036 0.314394 -0.274478 0.908745 33.1406
0.926069 0.0773596 -0.369338 -18.7738 0.0021212 0.977678 0.210098 -1.54184 0.377347 -0.195348 0.905234 33.259
0.870676 0.218674 -0.440574 -18.8584 -0.152847 0.971678 0.18022 -1.80734 0.467505 -0.0895731 0.87944 33.7114
0.690218 0.237947 -0.68336 -19.027 -0.135217 0.970165 0.201239 -1.916 0.710856 -0.0464968 0.701799 33.8797
0.338508 0.366091 -0.866827 -18.9651 -0.224218 0.926059 0.303546 -1.97939 0.913859 0.0916058 0.395563 33.9905
0.138295 0.401291 -0.90545 -18.9943 -0.178044 0.909414 0.375854 -2.15584 0.974256 0.109231 0.197215 34.1784
-0.0589312 0.385645 -0.920763 -18.8337 -0.134169 0.910938 0.390117 -2.18934 0.989205 0.146528 -0.00194085 34.4139
-0.0391822 0.334603 -0.941544 -18.8083 -0.0987109 0.936363 0.33687 -2.43962 0.994344 0.10614 -0.00365981 34.825
0.0268459 0.320307 -0.946933 -19.0933 -0.104915 0.942946 0.315984 -2.60368 0.994119 0.0908649 0.0589194 35.0925
0.396094 0.261584 -0.880161 -19.1432 -0.0745225 0.964558 0.25313 -2.71345 0.915181 -0.0346713 0.401549 35.4064
0.615326 0.088123 -0.783332 -19.3762 0.0791035 0.981812 0.172589 -2.79102 0.784294 -0.168163 0.597164 35.5903
0.66396 0.0380681 -0.746798 -19.619 0.0931234 0.986719 0.133092 -2.97003 0.741947 -0.157912 0.651597 35.9242
0.757211 0.157208 -0.633969 -19.6937 -0.0654155 0.983976 0.165869 -3.14702 0.649886 -0.0841266 0.755361 36.3033
0.860397 0.271679 -0.431171 -19.8013 -0.247207 0.962343 0.113069 -3.3504 0.445652 0.00930438 0.895158 36.5045
0.943812 0.244162 -0.222718 -19.7304 -0.249004 0.968481 0.00652761 -3.51505 0.217292 0.0492968 0.974861 36.8052
0.939647 0.324894 0.107271 -19.6848 -0.315252 0.943978 -0.0975776 -3.66782 -0.132964 0.0578711 0.98943 36.9932
0.841455 0.384712 0.379408 -19.5311 -0.318804 0.920422 -0.226244 -3.71565 -0.436255 0.0694177 0.897142 37.0614
0.814196 0.393339 0.427048 -19.4486 -0.246293 0.900074 -0.359453 -3.75048 -0.525761 0.187486 0.829713 37.1742
0.860312 0.354251 0.366564 -19.59 -0.254181 0.921416 -0.293912 -3.85215 -0.441876 0.159682 0.88275 37.702
0.624532 0.360258 0.692946 -19.4476 -0.0896165 0.914452 -0.394648 -3.85247 -0.775841 0.184371 0.603389 37.8348
0.229473 0.434016 0.87119 -19.433 0.0732506 0.884836 -0.460109 -3.87052 -0.970555 0.169398 0.171254 37.8466
-0.190075 0.435588 0.879849 -19.5043 0.236673 0.890087 -0.389527 -3.85713 -0.952815 0.134197 -0.272275 37.7827
-0.52268 0.291689 0.801076 -19.6171 0.14367 0.956345 -0.254485 -3.79206 -0.840336 -0.0179238 -0.541769 37.8187
-0.51048 0.0245218 0.85954 -19.6391 -0.123207 0.987194 -0.101336 -3.68694 -0.851017 -0.157631 -0.500922 37.8965
-0.640043 -0.220627 0.735982 -19.6658 -0.457837 0.878769 -0.134725 -3.54481 -0.617034 -0.423189 -0.663461 37.9779
-0.821578 -0.291069 0.490192 -19.6999 -0.482926 0.812281 -0.32708 -3.527 -0.302971 -0.505449 -0.807917 37.9497
-0.852482 -0.424318 0.305334 -19.6944 -0.522603 0.705933 -0.478064 -3.50344 -0.0126945 -0.567109 -0.823545 37.9757
-0.762351 -0.437821 0.476586 -19.5675 -0.632624 0.659385 -0.406199 -3.51253 -0.136411 -0.611166 -0.779659 37.9327
-0.635225 -0.305636 0.709278 -19.4458 -0.552136 0.821858 -0.140342 -3.53093 -0.540032 -0.480766 -0.690817 37.7311
-0.626109 -0.138422 0.76735 -19.2008 -0.363692 0.922352 -0.130367 -3.58043 -0.689721 -0.360703 -0.627836 37.6263
-0.382974 -0.0921571 0.919151 -19.2895 -0.259336 0.965722 -0.0112286 -3.62272 -0.886609 -0.242669 -0.393746 37.4158
-0.423236 0.0403762 0.905119 -19.043 -0.182794 0.974658 -0.128953 -3.67267 -0.887388 -0.220028 -0.40513 37.2315
-0.318295 -0.0555787 0.946361 -19.0679 -0.249793 0.967918 -0.0271695 -3.51643 -0.91449 -0.245043 -0.321966 36.7782
-0.526782 -0.118081 0.841759 -18.9766 -0.377765 0.919651 -0.107401 -3.4692 -0.761443 -0.374564 -0.529062 36.5894
-0.807624 -0.0229134 0.589253 -18.9831 -0.204508 0.948113 -0.243429 -3.38058 -0.553101 -0.317106 -0.770405 36.4082
-0.841843 0.0668633 0.535565 -19.2022 -0.0257614 0.986188 -0.163616 -3.27702 -0.539108 -0.151535 -0.828493 36.0771
-0.769117 -0.00576031 0.639082 -19.2407 -0.121236 0.983118 -0.137042 -3.12837 -0.627504 -0.182881 -0.756831 35.8098
-0.514748 -0.078006 0.853785 -19.3462 -0.233152 0.971057 -0.0518472 -2.99843 -0.82503 -0.22575 -0.518037 35.5354
-0.186167 -0.0615025 0.980591 -19.3243 -0.257188 0.96629 0.011778 -2.91921 -0.94826 -0.250003 -0.195709 35.4568
0.145444 -0.0468743 0.988256 -19.1244 -0.236513 0.968268 0.0807344 -2.84052 -0.960681 -0.245478 0.129742 35.3983
0.178601 -0.0408245 0.983074 -19.1121 -0.22954 0.969841 0.0819769 -2.65091 -0.956772 -0.240296 0.163844 35.0549
-0.0292445 -0.0826558 0.996149 -18.9223 -0.343713 0.936637 0.0676272 -2.50578 -0.938619 -0.340411 -0.0558013 34.8072
-0.224502 -0.226781 0.947718 -18.8354 -0.414245 0.902506 0.117833 -2.4452 -0.882043 -0.366134 -0.296557 34.6707
-0.461403 -0.228669 0.857215 -18.8101 -0.339776 0.938091 0.0673555 -2.32051 -0.819548 -0.260184 -0.510534 34.324
-0.629487 -0.383262 0.675912 -18.7696 -0.52028 0.853996 -0.000304081 -2.20843 -0.577109 -0.351855 -0.736982 34.2968
-0.65316 -0.303957 0.693537 -18.6981 -0.434941 0.900333 -0.0150296 -2.08852 -0.619846 -0.311464 -0.720265 34.0423
-0.645166 -0.285182 0.708824 -18.4583 -0.451499 0.89072 -0.0525863 -1.90815 -0.616367 -0.353961 -0.703423 33.8608
-0.704689 -0.171586 0.688456 -18.2976 -0.28542 0.956899 -0.053658 -1.80597 -0.649576 -0.234311 -0.72329 33.5006
-0.83803 -0.212234 0.502655 -18.1808 -0.286112 0.955363 -0.073628 -1.62154 -0.464591 -0.205518 -0.861346 33.2544
-0.736629 -0.308314 0.601931 -18.2454 -0.38544 0.922732 0.000938508 -1.43013 -0.555711 -0.231317 -0.798547 32.8798
-0.467444 -0.301797 0.830912 -18.0791 -0.355999 0.924603 0.135553 -1.38639 -0.809173 -0.23244 -0.53964 32.7654
-0.161416 -0.273379 0.948266 -17.9406 -0.24092 0.942711 0.230768 -1.27339 -0.957028 -0.191207 -0.218031 32.7818
0.186397 -0.24719 0.95087 -17.8551 -0.189606 0.940587 0.281685 -1.20072 -0.964005 -0.232796 0.128454 32.6152
0.155673 -0.196832 0.967999 -17.627 -0.224901 0.947147 0.228761 -1.04662 -0.961866 -0.253316 0.103178 32.4074
0.122294 -0.322133 0.938762 -17.5577 -0.316238 0.883916 0.34451 -0.823653 -0.940764 -0.339004 0.00622711 32.1001
0.0822406 -0.233578 0.968854 -17.2385 -0.315025 0.91621 0.247627 -0.759875 -0.945513 -0.325578 0.00176659 32.0182
-0.240952 -0.314702 0.918098 -17.197 -0.351558 0.910028 0.219671 -0.584591 -0.904626 -0.269835 -0.32991 31.8521
-0.489468 -0.306273 0.816467 -17.3133 -0.382186 0.916922 0.114837 -0.448215 -0.783808 -0.255834 -0.565857 31.4408
-0.651692 -0.25856 0.713052 -17.1533 -0.374217 0.927323 -0.00575696 -0.297652 -0.659742 -0.270588 -0.701087 31.2304
-0.836709 -0.321823 0.443111 -17.2504 -0.390678 0.917774 -0.0711398 -0.272042 -0.383781 -0.232637 -0.89364 31.1315
-0.937407 -0.0979563 0.334174 -17.2287 -0.162866 0.971526 -0.172079 -0.163213 -0.307802 -0.215734 -0.92667 30.6383
-0.764042 -0.141382 0.629485 -17.0033 -0.246702 0.965567 -0.0825703 0.00445843 -0.596136 -0.218382 -0.772613 30.6366
-0.744383 -0.0423998 0.666406 -16.4668 -0.199026 0.966711 -0.160808 0.146909 -0.637403 -0.252334 -0.728041 30.4117
-0.47306 -0.131107 0.87122 -16.2026 -0.257741 0.966199 0.00544956 0.184798 -0.842486 -0.221971 -0.490862 30.4194
-0.124614 -0.166086 0.978206 -15.9632 -0.295558 0.947348 0.123196 0.20372 -0.947162 -0.273765 -0.167141 30.4958
0.255314 -0.129638 0.958128 -15.8208 -0.205639 0.961016 0.184826 0.181069 -0.944737 -0.244217 0.218702 30.6011
0.551949 -0.213025 0.806209 -15.6453 -0.076335 0.949852 0.303241 0.218371 -0.830377 -0.228915 0.508008 30.6766
0.688114 -0.17297 0.704685 -15.3995 -0.0671533 0.951823 0.299205 0.204361 -0.722488 -0.253209 0.643347 30.8227
0.774486 -0.132119 0.61864 -15.3633 -0.0748759 0.951926 0.297035 0.166165 -0.628144 -0.276371 0.727361 31.0617
0.896559 -0.216477 0.386419 -15.1589 0.0845103 0.940006 0.330526 0.167029 -0.434787 -0.263679 0.861065 31.18
0.950486 -0.12984 0.282345 -15.0553 0.0252364 0.937786 0.346296 0.127558 -0.309742 -0.322024 0.894629 31.6604
0.979357 -0.140445 -0.14538 -14.9619 0.170506 0.960267 0.220943 0.133281 0.108573 -0.24117 0.96439 32.0433
0.87499 -0.166506 -0.454609 -15.1903 0.289206 0.932814 0.214983 0.134974 0.388269 -0.319584 0.864357 32.3237
0.585642 -0.221723 -0.779655 -15.4587 0.381186 0.9242 0.0235002 0.133426 0.715346 -0.310956 0.625768 32.5546
0.324318 -0.17324 -0.929949 -15.5901 0.306696 0.949239 -0.069874 0.136096 0.894849 -0.26255 0.360988 32.7478
0.108046 -0.019704 -0.993951 -15.915 0.248294 0.968653 0.00778777 0.0817129 0.96264 -0.247633 0.109551 32.8879
-0.196025 -0.14416 -0.969944 -16.0395 0.176876 0.967713 -0.179575 0.128605 0.964515 -0.206761 -0.164198 33.1998
0.0280174 -0.0317912 -0.999102 -16.3837 0.21774 0.975688 -0.0249402 0.0956675 0.975605 -0.216846 0.0342585 33.4105
0.0864073 -0.033082 -0.99571 -16.6038 0.141355 0.989744 -0.0206171 0.104668 0.986181 -0.138967 0.0901974 33.8152
0.336245 0.112803 -0.934994 -16.9131 0.215762 0.957168 0.193071 0.0575591 0.916726 -0.266655 0.297505 34.0946
0.470689 -0.100495 -0.876557 -16.8982 0.27927 0.95938 0.0399699 0.125337 0.836935 -0.263609 0.479635 34.4718
0.731801 -0.13508 -0.667998 -16.9491 0.323453 0.931576 0.165968 0.122181 0.599871 -0.337521 0.72542 34.7876
0.802852 -0.244798 -0.543602 -16.9718 0.35318 0.929883 0.102864 0.151404 0.480305 -0.274574 0.833016 35.2737
0.899609 -0.223975 -0.374885 -17.0641 0.32019 0.922053 0.217477 0.16776 0.296954 -0.315678 0.901202 35.8168
0.820644 -0.233066 -0.521751 -17.1677 0.321546 0.94312 0.0844567 0.159549 0.47239 -0.237076 0.848907 36.2787
0.639713 -0.233244 -0.732369 -17.4772 0.354001 0.935176 0.0113816 0.13798 0.682239 -0.266541 0.680812 36.7398
0.447757 -0.214164 -0.868128 -17.6939 0.382828 0.923322 -0.0303277 0.154545 0.808057 -0.318764 0.495412 37.2657
0.125245 -0.223474 -0.96663 -18.0497 0.243147 0.951503 -0.188473 0.15924 0.96187 -0.211428 0.173508 37.6797
-0.160098 -0.100759 -0.981945 -18.2717 0.189216 0.973197 -0.130711 0.107332 0.968796 -0.206727 -0.136741 37.7604
-0.420399 -0.0638788 -0.905088 -18.686 0.0824658 0.9907 -0.108225 0.0860884 0.903584 -0.120137 -0.411222 37.8817
-0.75746 -0.112823 -0.643059 -18.7966 -0.0474251 0.991862 -0.118157 0.109063 0.651156 -0.059002 -0.756647 37.8355
-0.920203 -0.083024 -0.382535 -19.008 0.0303534 0.959172 -0.281192 0.0795228 0.390262 -0.270365 -0.880113 37.5828
-0.984576 -0.168697 -0.0463793 -19.1817 -0.157888 0.97094 -0.179854 0.0853675 0.0753723 -0.169757 -0.982599 37.4063
-0.924641 -0.259845 0.278423 -19.2413 -0.299891 0.947406 -0.111747 0.122199 -0.234743 -0.186823 -0.953936 37.3105
-0.80202 -0.245924 0.544322 -19.1539 -0.3104 0.950192 -0.0280566 0.138376 -0.51031 -0.191459 -0.838407 36.8625
-0.579615 -0.360836 0.730646 -19.1626 -0.369085 0.915625 0.159398 0.344882 -0.726514 -0.177281 -0.663889 36.3897
-0.408272 -0.428591 0.805992 -19.0921 -0.520649 0.834569 0.180055 0.553519 -0.749826 -0.346127 -0.563877 36.1785
-0.190519 -0.373793 0.907734 -19.1398 -0.376364 0.881827 0.284132 0.724311 -0.906671 -0.287506 -0.308687 35.8218
-0.0341908 -0.309394 0.950319 -18.9788 -0.370253 0.887136 0.275503 0.876373 -0.928301 -0.342439 -0.144886 35.5801
0.297635 -0.193698 0.934823 -19.0783 -0.24768 0.930006 0.271558 0.969415 -0.921991 -0.312362 0.228828 35.4233
0.410899 0.100729 0.906099 -19.2773 -0.155003 0.987126 -0.0394454 0.843833 -0.898407 -0.12424 0.421223 35.4109
0.0622573 0.243064 0.96801 -19.3274 -0.055329 0.969241 -0.239815 0.761951 -0.996525 -0.0386289 0.0737908 35.1888
-0.356212 0.142911 0.923412 -19.2564 0.0128791 0.988892 -0.148076 0.925052 -0.934316 -0.0408538 -0.354096 34.7429
-0.638056 0.110565 0.762011 -19.2542 -0.0356524 0.984333 -0.172677 1.10237 -0.769164 -0.137345 -0.624117 34.4113
-0.593794 -0.0564299 0.802636 -19.2591 -0.194484 0.978025 -0.0751199 1.33344 -0.780759 -0.200706 -0.59172 34.1426
-0.569598 -0.135048 0.810753 -19.0126 -0.274691 0.960969 -0.0329152 1.52354 -0.774663 -0.241455 -0.584462 34.0061
-0.336557 -0.257573 0.905751 -18.7174 -0.447376 0.890115 0.0868911 1.66739 -0.828604 -0.375968 -0.414807 34.1415
-0.173639 -0.32151 0.930849 -18.6751 -0.394423 0.888792 0.233409 1.67385 -0.902375 -0.32662 -0.28114 34.0736
-0.325648 -0.245371 0.913097 -18.5584 -0.288219 0.945536 0.151298 1.84761 -0.900491 -0.213902 -0.378632 33.7774
-0.610474 -0.112542 0.784 -18.61 -0.17112 0.985216 0.00818174 1.84051 -0.77333 -0.129163 -0.620707 33.4111
-0.581987 -0.0977898 0.807297 -18.3393 -0.150764 0.988508 0.0110534 2.05799 -0.7991 -0.115278 -0.590042 33.1527
-0.140381 -0.104973 0.984517 -18.068 -0.11874 0.988972 0.0885172 2.1199 -0.982952 -0.104475 -0.151297 33.203
0.207607 -0.0539678 0.976723 -17.8676 -0.0588968 0.995976 0.0675504 2.21854 -0.976438 -0.0715497 0.203593 33.1443
0.191891 -0.0307869 0.980933 -17.5655 -0.135996 0.989031 0.0576447 2.35728 -0.971948 -0.144464 0.185599 33.012
-0.15603 -0.145496 0.976978 -17.4659 -0.115007 0.985041 0.12833 2.48391 -0.981034 -0.092336 -0.170429 32.6152
-0.368758 -0.0429384 0.928533 -17.3254 -0.13855 0.990312 -0.00922851 2.61461 -0.919142 -0.132051 -0.371135 32.3242
-0.71974 -0.048644 0.692537 -17.4519 -0.0992413 0.994507 -0.033285 2.71659 -0.687114 -0.0926849 -0.720614 32.0931
-0.862434 -0.0974222 0.496706 -17.6763 -0.06427 0.994437 0.0834531 2.86019 -0.502073 0.0400494 -0.863897 31.9019
-0.936788 -0.0978723 0.335931 -17.6534 -0.0650688 0.992065 0.107582 2.89545 -0.343794 0.0789226 -0.935723 31.7785
-0.852335 -0.172577 0.493703 -17.538 -0.159753 0.984782 0.068438 3.05966 -0.498001 -0.0205384 -0.866933 31.5879
-0.892209 -0.0620024 0.447346 -17.2634 -0.0214428 0.99523 0.0951728 3.14844 -0.451113 0.0753217 -0.889283 31.3789
-0.938452 -0.00729905 0.345332 -17.3519 0.0350321 0.99261 0.116181 3.2791 -0.343628 0.121128 -0.931261 31.1262
-0.989464 0.0601189 0.13171 -17.0501 0.0695194 0.995262 0.067974 3.45002 -0.127 0.0764142 -0.988955 31.0673
-0.984374 0.161485 -0.0702235 -17.0115 0.156677 0.985214 0.0693223 3.54574 0.0803796 0.0572366 -0.99512 30.7508
-0.907716 0.143814 -0.39417 -16.8525 0.0987101 0.986253 0.132522 3.66173 0.40781 0.0813839 -0.909433 30.6973
-0.686243 0.224361 -0.691906 -16.8379 0.158265 0.974506 0.159028 3.74407 0.709946 -0.000372914 -0.704256 30.7694
-0.333339 0.245484 -0.910287 -16.878 0.0532259 0.968867 0.241791 3.75514 0.941303 0.0321476 -0.336028 30.811
0.0188607 0.263661 -0.964431 -16.6872 -0.0420299 0.963959 0.26271 3.74251 0.998938 0.03558 0.0292626 30.7179
0.159679 0.214465 -0.963591 -16.3508 -0.0936495 0.975004 0.201487 3.77742 0.982717 0.0580667 0.175772 30.6312
0.0695842 0.306487 -0.949328 -16.2447 -0.208514 0.935083 0.286604 3.71242 0.975541 0.178005 0.128974 30.5878
0.0373379 0.304565 -0.951759 -16.2413 -0.213845 0.932796 0.290108 3.72048 0.976154 0.192697 0.0999585 30.5821
-0.9975 0.00972101 0.0699988 -134.741 0.000945109 0.992241 -0.124328 11.2394 -0.0706643 -0.123951 -0.989769 1.98648
-0.997965 0.0563087 0.0299259 -134.564 0.0526284 0.992304 -0.112081 11.1469 -0.0360067 -0.110278 -0.993248 1.67414
-0.973034 0.0835284 -0.215007 -134.532 0.104577 0.990576 -0.0884427 11.2079 0.205594 -0.108543 -0.972599 1.0496
-0.861559 0.227571 -0.453793 -134.678 0.20208 0.97376 0.104664 11.1033 0.465704 -0.00152801 -0.884939 0.355796
-0.740014 0.312359 -0.59566 -134.908 0.235866 0.949897 0.205092 11.113 0.629878 0.0112745 -0.776612 -0.234708
-0.496431 0.259988 -0.828228 -135.093 0.134362 0.965612 0.222578 11.1493 0.857615 -0.000787534 -0.514292 -0.541558
-0.18283 0.33376 -0.924758 -135.317 -0.0215971 0.939022 0.343178 11.1313 0.982907 0.0827154 -0.164474 -0.650649
0.24062 0.316335 -0.917624 -135.341 -0.114795 0.94804 0.296719 11.1733 0.963807 0.0339422 0.264432 -0.689417
0.600237 0.0985227 -0.793731 -135.272 0.0531548 0.985277 0.162495 11.3604 0.798054 -0.139726 0.586162 -0.826278
0.724696 -0.0894042 -0.683244 -135.096 0.221253 0.969234 0.10785 11.4504 0.652582 -0.229328 0.722181 -0.854455
0.74384 -0.0520986 -0.666324 -135.065 0.212513 0.963655 0.161889 11.3953 0.633672 -0.262022 0.727877 -0.853688
0.711286 0.129841 -0.690807 -135.176 0.0593429 0.96819 0.243078 11.295 0.700393 -0.213893 0.680955 -0.939439
0.47415 0.244231 -0.845892 -135.097 0.0148791 0.958396 0.285054 11.2287 0.880319 -0.147745 0.450789 -0.957456
0.187691 0.201441 -0.96135 -135.102 0.178805 0.955383 0.2351 11.2097 0.965816 -0.21602 0.143298 -1.18751
-0.163278 0.2338 -0.958477 -135.039 0.220963 0.955501 0.195432 11.212 0.961517 -0.179878 -0.207674 -1.49475
-0.478058 0.236057 -0.846013 -134.976 0.248502 0.960204 0.127498 11.2027 0.842442 -0.149285 -0.517693 -1.60978
-0.757322 0.284771 -0.587681 -134.998 0.293668 0.952296 0.0830134 11.2126 0.583286 -0.109715 -0.804823 -1.78833
-0.925861 0.288452 -0.244083 -134.992 0.298915 0.95426 -0.00612374 11.1691 0.231152 -0.0786297 -0.969735 -1.96147
-0.870126 0.348776 0.348189 -134.92 0.326499 0.937181 -0.122839 10.9918 -0.36916 0.00679757 -0.929341 -2.26064
-0.66012 0.372814 0.652113 -134.971 0.32214 0.924761 -0.202592 10.7923 -0.678578 0.076337 -0.730551 -2.46527
-0.602461 0.250796 0.757722 -134.809 0.188869 0.967183 -0.169955 10.6002 -0.77548 0.040719 -0.630058 -2.78191
-0.817288 0.0601587 0.573081 -134.883 -0.0731063 0.975674 -0.20668 10.5382 -0.571573 -0.210813 -0.793008 -3.00367
-0.771356 -0.161797 0.615492 -134.698 -0.304008 0.943338 -0.133014 10.3933 -0.559096 -0.289716 -0.776837 -3.24836
-0.909056 -0.102739 0.403809 -134.719 -0.171041 0.975721 -0.1368 10.2475 -0.37995 -0.193427 -0.904558 -3.53933
-0.909044 0.0412799 0.414651 -134.554 -0.0982394 0.945802 -0.309529 9.90206 -0.404955 -0.32211 -0.85572 -3.96576
-0.8846 0.0717377 0.460799 -134.627 0.0473923 0.996811 -0.0642051 9.75501 -0.463936 -0.0349575 -0.885179 -4.18977
-0.933216 -0.0299173 0.358069 -134.659 0.00144201 0.996208 0.0869933 9.72822 -0.359313 0.0816998 -0.929634 -4.72373
-0.945138 0.0418405 0.32398 -134.746 0.0822333 0.990299 0.112004 9.69617 -0.316151 0.132502 -0.93941 -4.78078
-0.854326 -0.0595931 0.516309 -134.726 -0.0243871 0.996907 0.0747115 9.72384 -0.519164 0.0512367 -0.853137 -4.71359
-0.820314 -0.109358 0.561361 -134.957 -0.108725 0.993468 0.0346572 9.7613 -0.561484 -0.0326043 -0.826845 -5.03737
-0.66223 -0.0607407 0.746835 -134.932 -0.07637 0.99699 0.0133675 9.76395 -0.745399 -0.0481834 -0.664875 -5.5473
-0.380187 -0.046884 0.92372 -134.779 -0.216186 0.975554 -0.0394635 9.75488 -0.899289 -0.214699 -0.381029 -5.95435
-0.188573 -0.0327114 0.981514 -134.534 -0.2526 0.967434 -0.0162887 9.67617 -0.949017 -0.251002 -0.190695 -6.72904
-0.119146 -0.0946538 0.988355 -134.214 -0.197122 0.977885 0.0698879 9.69433 -0.973112 -0.1865 -0.13517 -7.21753
-0.563811 -0.132188 0.815257 -133.803 -0.30132 0.951991 -0.0540272 9.73996 -0.768976 -0.276114 -0.576574 -7.84865
-0.833879 -0.138473 0.534294 -133.655 -0.244159 0.960698 -0.132078 9.75848 -0.495006 -0.24059 -0.834916 -8.11288
-0.860505 -0.133806 0.491555 -133.367 -0.230114 0.962937 -0.140713 9.67105 -0.454509 -0.234198 -0.859403 -8.89923
-0.798208 -0.0400013 0.601053 -133.226 -0.250528 0.92945 -0.270848 9.6184 -0.547814 -0.366774 -0.751915 -9.75445
-0.805244 -0.259155 0.533311 -133.235 -0.232145 0.965421 0.118618 9.60592 -0.54561 -0.0282884 -0.837562 -10.1549
-0.956254 -0.283701 0.0713569 -133.438 -0.289483 0.952845 -0.0910302 9.61017 -0.0421667 -0.107705 -0.993288 -10.505
-0.974929 0.0707649 0.210965 -133.49 -0.0339275 0.889726 -0.455233 9.60462 -0.219915 -0.450977 -0.865018 -10.9456
-0.784223 0.390835 0.481916 -133.456 -0.00573063 0.772088 -0.63549 9.52182 -0.620453 -0.501127 -0.603249 -11.281
-0.815771 0.00110666 0.578374 -133.647 -0.0775196 0.990766 -0.111234 9.67733 -0.573156 -0.135577 -0.808153 -11.6704
-0.95793 -0.0993752 0.269248 -133.97 -0.068403 0.990159 0.122088 9.74249 -0.278731 0.0985346 -0.955301 -12.0359
-0.994947 -0.00958013 0.0999438 -134.093 -0.0485013 0.917446 -0.394892 9.73481 -0.0879099 -0.397744 -0.913275 -12.3507
-0.944503 -0.296085 0.142293 -134.633 -0.325334 0.903103 -0.280291 9.81347 -0.045515 -0.311028 -0.94931 -13.1582
-0.953673 -0.280052 -0.1099 -135.171 -0.237674 0.925313 -0.295476 9.74642 0.18444 -0.255668 -0.949008 -13.8371
-0.972055 -0.203124 0.117686 -135.627 -0.227574 0.938394 -0.260051 9.77184 -0.0576135 -0.279566 -0.958396 -14.5186
-0.891121 -0.437821 -0.119226 -136.136 -0.444256 0.895301 0.0327429 9.70544 0.0924078 0.0821448 -0.992327 -14.8578
-0.823681 -0.349998 -0.44615 -136.66 -0.340301 0.934458 -0.104805 9.67315 0.45359 0.0654993 -0.8888 -15.1745
-0.585412 -0.41374 -0.697218 -137.163 -0.362438 0.902818 -0.231428 9.6491 0.725212 0.117218 -0.678475 -15.2601
-0.460536 -0.139067 -0.87668 -137.514 0.0966349 0.973926 -0.205257 9.63033 0.882365 -0.179246 -0.435089 -15.2741
-0.651814 0.139771 -0.745388 -137.664 0.455905 0.857659 -0.237848 9.55399 0.606044 -0.494858 -0.622757 -15.3986
-0.851861 0.224821 -0.473063 -137.941 0.406065 0.853957 -0.325376 9.53044 0.330824 -0.469269 -0.818744 -15.5536
-0.994118 0.0848296 -0.067325 -138.232 0.100617 0.953405 -0.284422 9.5391 0.0400606 -0.289523 -0.956332 -15.7233
-0.929461 0.0499664 0.365522 -138.354 -0.0301092 0.977206 -0.210145 9.54501 -0.367691 -0.206327 -0.90677 -15.8847
-0.839055 -0.0693296 0.539611 -138.627 -0.266032 0.917464 -0.295783 9.57526 -0.474567 -0.391732 -0.788247 -16.1135
-0.541964 -0.0765076 0.836912 -138.898 -0.323503 0.938102 -0.123735 9.52733 -0.775642 -0.337803 -0.533168 -16.2869
-0.286112 0.0218357 0.957947 -139.064 -0.341624 0.931717 -0.123271 9.55688 -0.895228 -0.362528 -0.259116 -16.5983
-0.0396227 -0.0697842 0.996775 -139.386 -0.330564 0.942304 0.0528304 9.55737 -0.942951 -0.327405 -0.0604048 -16.6689
0.109265 0.0194036 0.993823 -139.544 -0.266592 0.963752 0.0104938 9.54187 -0.957596 -0.266092 0.110477 -16.4001
0.419856 0.0151779 0.907464 -139.543 -0.216586 0.972648 0.0839396 9.58 -0.881369 -0.231787 0.411659 -16.1721
0.442513 -0.081159 0.893082 -139.108 -0.228064 0.952966 0.199604 9.70599 -0.867277 -0.292007 0.40319 -16.12
0.458988 -0.146499 0.876281 -138.638 -0.219625 0.936991 0.271686 9.68409 -0.860868 -0.317154 0.397893 -16.1544
0.154127 -0.171691 0.97302 -138.244 -0.324248 0.921459 0.213954 9.70253 -0.933332 -0.348476 0.086351 -16.1236
0.420326 -0.194184 0.886352 -137.877 -0.173176 0.941709 0.288435 9.67449 -0.890694 -0.274732 0.362196 -16.1123
0.267072 -0.270522 0.924927 -137.337 -0.25415 0.906038 0.338383 9.70579 -0.929559 -0.325443 0.173224 -16.2811
0.568821 -0.176968 0.803197 -136.826 -0.102346 0.953756 0.282622 9.6814 -0.816069 -0.242965 0.524405 -16.3891
0.862163 -0.171061 0.476878 -136.45 0.0269862 0.955443 0.293939 9.64342 -0.505912 -0.240554 0.828364 -16.0384
0.981661 -0.122431 0.146121 -136.493 0.0906069 0.974047 0.207421 9.55172 -0.167724 -0.190378 0.967277 -15.9
0.950749 -0.0770829 -0.300224 -136.517 0.132561 0.976654 0.169038 9.45916 0.280185 -0.200511 0.938771 -15.6859
0.550068 -0.126146 -0.825537 -136.637 0.248618 0.96844 0.0176759 9.4962 0.797254 -0.214967 0.564071 -15.5237
0.494209 -0.206628 -0.84443 -137.021 0.406484 0.913545 0.0143578 9.55626 0.768458 -0.350343 0.535474 -15.3262
0.512067 -0.114609 -0.851265 -137.355 0.344124 0.935418 0.0810645 9.50043 0.786998 -0.334451 0.518437 -14.8039
0.559742 -0.139278 -0.816878 -137.387 0.31762 0.946548 0.0562532 9.50755 0.76538 -0.290944 0.57406 -14.4313
0.334674 -0.120521 -0.934595 -136.995 0.368621 0.9295 0.0121369 9.51164 0.867244 -0.348573 0.355506 -14.6477
0.208157 0.025246 -0.97777 -136.469 0.246514 0.966042 0.0774234 9.52215 0.946521 -0.25715 0.194864 -14.6029
0.409841 -0.0988017 -0.90679 -136.343 0.250535 0.968077 0.0077546 9.51921 0.877076 -0.230361 0.42151 -14.0922
0.305042 -0.0613825 -0.950359 -136.259 0.266733 0.963487 0.0233845 9.46395 0.914222 -0.260625 0.310277 -13.5147
0.416314 -0.114184 -0.902023 -136.154 0.326221 0.944786 0.0309644 9.53985 0.848683 -0.30715 0.430577 -12.857
0.75285 -0.0681075 -0.654659 -135.994 0.245034 0.952139 0.18273 9.50823 0.610881 -0.297982 0.733506 -12.4628
0.890163 -0.152069 -0.429517 -135.796 0.237451 0.959362 0.152452 9.551 0.388879 -0.237696 0.890098 -11.857
0.813343 -0.0994713 -0.573217 -135.695 0.0942269 0.994789 -0.0389279 9.4942 0.574103 -0.0223507 0.818478 -11.234
0.943676 -0.0400903 -0.328432 -135.353 0.104302 0.978066 0.180299 9.56522 0.314001 -0.204399 0.927159 -10.5044
0.893251 0.079049 -0.442554 -135.216 0.046646 0.962809 0.266127 9.49302 0.447132 -0.258362 0.856343 -10.0486
0.762329 -0.0766975 -0.642629 -135.071 0.142367 0.988504 0.0509079 9.54256 0.631337 -0.130298 0.764484 -9.32589
0.952946 -0.0989963 -0.28652 -134.927 0.107695 0.994075 0.0147191 9.60063 0.283366 -0.0448832 0.957961 -8.91911
0.774021 -0.0888652 -0.626893 -134.854 0.197967 0.974428 0.106298 9.59574 0.601416 -0.206381 0.77182 -8.59385
0.970328 -0.148767 -0.190607 -134.561 0.170478 0.979963 0.103002 9.59665 0.171465 -0.13244 0.976248 -8.44381
