1 -0.000253908 -3.64846e-05 -1.25445e-05 0.000253891 1 -0.000460089 -2.28472e-05 3.66015e-05 0.000460079 1 1.28197e-05
0.901461 -0.00987307 -0.432749 4.83429 0.00092449 0.999781 -0.020884 0.220943 0.43286 0.018426 0.901273 0.270566
0.847282 -0.0339199 -0.530059 5.5917 0.0176735 0.999207 -0.0356913 0.225824 0.530849 0.0208726 0.847209 0.672283
0.920963 -0.0705644 -0.383206 6.38132 0.0266131 0.99256 -0.118813 0.225695 0.388739 0.0992238 0.915989 1.4206
0.956573 -0.0916082 -0.276722 7.4319 0.0786998 0.995243 -0.0574231 0.264117 0.280666 0.0331515 0.959233 1.81992
0.847611 -0.0537421 -0.527889 8.45588 0.0358289 0.998384 -0.0441121 0.250474 0.529407 0.0184763 0.848167 2.26995
0.555892 -0.0646117 -0.82874 9.18298 0.0884379 0.995913 -0.0183239 0.293519 0.826537 -0.0631059 0.559334 3.10408
0.162996 -0.0639018 -0.984555 9.29369 0.257009 0.966199 -0.0201618 0.403037 0.952564 -0.249753 0.17391 3.35206
-0.238381 0.0268912 -0.970799 9.54953 0.297928 0.953443 -0.046746 0.454879 0.924345 -0.300371 -0.235294 3.82732
-0.553736 0.00930447 -0.832641 9.60288 0.217516 0.966835 -0.133852 0.479786 0.803781 -0.255231 -0.537395 4.14002
-0.546356 -0.00228808 -0.83755 9.65098 0.0681759 0.996556 -0.0471955 0.405185 0.834773 -0.0828863 -0.544319 4.82957
-0.603591 0.0819817 -0.793068 10.0284 0.0389552 0.996544 0.0733674 0.290596 0.796342 0.0133897 -0.604699 4.78583
-0.867027 0.111098 -0.485717 10.1553 0.0602 0.991041 0.119222 0.247725 0.494611 0.0741283 -0.865947 4.55131
-0.99247 0.0210902 -0.120655 10.0763 0.0139857 0.998135 0.0594291 0.22803 0.121684 0.0572942 -0.990914 4.22894
-0.976114 -0.00440542 0.217215 9.65444 -0.00132305 0.999896 0.0143338 0.28287 -0.217256 0.013704 -0.976018 3.65161
-0.819226 -0.00513789 0.573448 9.32298 0.0492826 0.99563 0.0793254 0.257941 -0.57135 0.0932464 -0.815392 3.16619
-0.587353 -0.0156393 0.80918 8.7542 0.00719029 0.999673 0.0245402 0.284303 -0.809299 0.020232 -0.587049 2.3643
-0.573462 -0.0483398 0.817805 8.13477 -0.0597785 0.998066 0.0170769 0.31509 -0.817048 -0.0390942 -0.575242 1.6015
-0.833725 -0.0175068 0.551902 7.57287 -0.0139667 0.999846 0.0106172 0.315561 -0.552002 0.00114361 -0.833842 0.711075
-0.958408 -0.0483807 0.281273 6.95534 -0.0330584 0.997712 0.0589699 0.280652 -0.283482 0.0472187 -0.957814 -0.149153
-0.814563 -0.0052116 0.580051 6.24385 0.000508451 0.999953 0.00969832 0.251847 -0.580075 0.00819482 -0.814522 -0.786981
-0.905803 -0.0287672 0.422721 5.17922 -0.0116422 0.999006 0.0430379 0.249827 -0.423539 0.0340625 -0.905237 -1.19162
-0.995602 -0.0102732 0.0931157 4.49134 -0.00546138 0.998643 0.0517843 0.249464 -0.0935214 0.051048 -0.994308 -1.67268
-0.921833 -0.0891595 -0.377193 4.5689 -0.118226 0.991486 0.054571 0.249182 0.369116 0.0948992 -0.924525 -1.78268
-0.749619 -0.119772 -0.650942 4.72683 -0.191247 0.980735 0.0397851 0.256729 0.633636 0.154314 -0.758084 -1.80833
-0.46886 -0.0405725 -0.88234 4.92789 -0.20431 0.976835 0.0636489 0.237474 0.859318 0.210113 -0.466288 -1.81539
-0.105581 -0.0628028 -0.992426 5.15478 -0.094093 0.994157 -0.0529021 0.269073 0.989949 0.0877948 -0.110873 -1.65156
0.247054 -0.110085 -0.962728 5.16738 0.0214034 0.993903 -0.108157 0.327195 0.968765 0.00611498 0.247904 -1.13813
0.338452 -0.150918 -0.928803 5.23465 0.0439479 0.988513 -0.144606 0.346131 0.939957 0.0081232 0.341196 -0.769674
0.622439 -0.107773 0.775212 2.34853 -0.0876362 0.974648 0.205865 0.139093 -0.777746 -0.196075 0.597215 -0.41465
0.581848 -0.206188 0.786727 2.48131 0.058535 0.975438 0.212354 0.107717 -0.811188 -0.0775069 0.579626 -0.508518
0.465252 -0.238124 0.852548 2.6397 0.062009 0.969538 0.236961 0.102867 -0.883004 -0.0573808 0.465845 -0.554453
0.618717 -0.354495 0.701087 2.9749 0.0280477 0.901805 0.431232 0.216921 -0.785113 -0.247147 0.567904 -0.888161
0.664983 -0.413695 0.621814 3.36972 0.0285375 0.84604 0.532355 0.270257 -0.746313 -0.336262 0.574408 -0.970319
0.79835 -0.442256 0.408714 3.66154 0.206286 0.83849 0.504361 0.231103 -0.565759 -0.318345 0.76064 -0.968029
0.864665 -0.171812 0.472053 3.99751 0.0780889 0.974241 0.211556 0.140404 -0.496242 -0.146063 0.855809 -0.632969
0.975306 -0.162951 0.149079 4.21269 0.133295 0.972506 0.190955 0.159727 -0.176096 -0.166368 0.970212 -0.252647
0.977239 -0.113674 -0.179113 4.37061 0.129459 0.988431 0.0790219 0.11746 0.168058 -0.100411 0.98065 0.0633452
0.862482 -0.0692011 -0.501334 4.33145 0.140608 0.984372 0.106022 0.12981 0.486162 -0.161934 0.858734 0.386851
0.700643 -0.310322 -0.642495 4.33787 0.448378 0.89195 0.0581506 0.238848 0.555028 -0.328824 0.76408 0.588665
0.719289 -0.474143 -0.507751 4.27244 0.646383 0.724605 0.239034 0.305249 0.254583 -0.500136 0.827679 0.700367
0.817987 -0.262709 -0.511743 4.13776 0.386086 0.910208 0.149867 0.195033 0.426421 -0.320166 0.845966 1.11654
0.793635 0.0156213 -0.608193 4.09696 0.097048 0.983619 0.151903 0.0680123 0.600604 -0.179579 0.779119 1.40673
0.571939 -0.0299053 -0.819751 3.91339 0.121245 0.991441 0.0484239 0.0891082 0.811286 -0.127086 0.57067 1.57062
0.288837 0.00514372 -0.957364 3.91816 0.0716821 0.997062 0.0269835 0.0653837 0.954691 -0.0764198 0.28762 1.74709
-0.0359169 -0.0603662 -0.99753 4.10548 0.189137 0.979723 -0.0660987 0.148631 0.981294 -0.191044 -0.0237711 1.58394
-0.371712 -0.12797 -0.919486 4.20829 0.11685 0.976127 -0.183091 0.158152 0.920965 -0.1755 -0.347885 1.62685
-0.646634 -0.282774 -0.708452 4.57925 0.0411484 0.914467 -0.402562 0.237178 0.76169 -0.289462 -0.57969 1.62316
-0.855334 -0.269586 -0.44241 4.67659 -0.0794884 0.912125 -0.402132 0.209711 0.511943 -0.30879 -0.8016 1.5402
-0.944589 -0.268918 -0.188243 4.58883 -0.184382 0.909113 -0.373519 0.224895 0.27158 -0.318113 -0.908322 1.55788
-0.98936 -0.11066 0.0944477 4.42271 -0.12692 0.973832 -0.188529 0.140269 -0.0711136 -0.198511 -0.977515 1.40186
-0.855868 -0.104379 0.506552 4.34994 -0.181279 0.977832 -0.104797 0.132154 -0.484384 -0.181519 -0.855817 1.14634
-0.590281 -0.163958 0.790371 4.27474 -0.267436 0.963576 0.00015643 0.171554 -0.761608 -0.211281 -0.612628 1.07867
-0.294256 -0.15523 0.943036 4.30795 -0.300202 0.951793 0.0629993 0.15748 -0.907354 -0.264563 -0.326672 0.942975
0.0547567 -0.183356 0.98152 4.37867 -0.304315 0.933165 0.1913 0.192374 -0.950996 -0.309167 -0.00470113 0.649246
0.139928 -0.0837051 0.986617 4.52638 -0.219404 0.96903 0.11333 0.145923 -0.965548 -0.232326 0.117229 0.253471
-0.255318 -0.0272303 0.966474 4.6996 -0.141604 0.989878 -0.00951862 0.0920625 -0.956431 -0.139287 -0.256589 -0.217707
-0.595109 0.0594322 0.801445 4.70231 -0.048074 0.992843 -0.109323 0.0872244 -0.802206 -0.103588 -0.587992 -0.460238
-0.901853 -0.054899 0.428541 4.72669 -0.150056 0.969948 -0.191531 0.156182 -0.405147 -0.237038 -0.882988 -0.564855
-0.976344 -0.185638 0.110866 4.51839 -0.207844 0.947109 -0.244512 0.183695 -0.0596112 -0.26177 -0.963287 -0.648393
-0.957158 -0.106493 -0.269272 4.25441 -0.0264294 0.958165 -0.284993 0.185075 0.288357 -0.265667 -0.91993 -0.878847
-0.747487 -0.0402042 -0.663059 3.75385 0.0812519 0.985138 -0.151331 0.150673 0.659289 -0.166993 -0.733111 -0.916993
-0.488097 -0.142355 -0.861102 3.39481 0.143011 0.96023 -0.239805 0.206112 0.860993 -0.240196 -0.448327 -1.01092
-0.394475 -0.243834 -0.885965 2.80894 0.175495 0.926414 -0.333106 0.223581 0.901993 -0.286885 -0.322656 -0.905001
-0.341407 -0.234283 -0.910249 2.30975 0.199323 0.928364 -0.313705 0.213427 0.918538 -0.288534 -0.270252 -0.749492
-0.49208 -0.257226 -0.83168 1.76912 0.202693 0.89524 -0.396812 0.256967 0.846624 -0.363839 -0.388392 -0.704376
-0.596764 -0.25247 -0.761664 1.08473 0.0260471 0.942617 -0.332858 0.2462 0.801994 -0.218477 -0.555944 -0.85369
-0.508552 -0.12741 -0.851553 0.465635 0.100919 0.973355 -0.205903 0.159606 0.855097 -0.19065 -0.482143 -1.19848
-0.184139 -0.0924217 -0.978545 -0.0684411 0.120179 0.985983 -0.115739 0.136672 0.975525 -0.138913 -0.17045 -1.25995
0.168391 -0.0864417 -0.981923 -0.266762 0.184951 0.981226 -0.054663 0.139883 0.968214 -0.172402 0.181218 -1.22202
0.62627 -0.143538 -0.766279 -0.457632 0.233539 0.972308 0.00873737 0.175969 0.743805 -0.184428 0.642449 -0.930547
0.867333 -0.143652 -0.476548 -0.504893 0.211864 0.972929 0.0923161 0.187878 0.450386 -0.181032 0.874288 -0.868803
0.950673 -0.255873 -0.175358 -0.477914 0.288296 0.937465 0.19505 0.169642 0.114484 -0.235984 0.96499 -0.756766
0.905048 -0.419566 0.0696583 -0.407268 0.362971 0.84733 0.387665 0.228058 -0.221674 -0.325571 0.919165 -0.566404
0.803647 -0.57589 0.150006 -0.539727 0.361524 0.672668 0.645615 0.298811 -0.472707 -0.464616 0.748786 -0.3639
0.735241 -0.672575 0.0840417 -0.311771 0.306024 0.440028 0.84423 0.374121 -0.604789 -0.594994 0.529351 -0.0391179
0.732388 -0.673268 -0.101579 -0.0451318 0.472499 0.395132 0.787791 0.383225 -0.490258 -0.624965 0.607508 0.340744
0.744349 -0.627046 -0.229691 0.265585 0.621395 0.524406 0.582122 0.361163 -0.244566 -0.576031 0.779984 0.773508
0.780293 -0.496383 -0.380457 0.272587 0.619551 0.696605 0.361797 0.30975 0.0854383 -0.51802 0.851091 1.163
0.677662 -0.384655 -0.626749 0.320357 0.444683 0.893152 -0.0673485 0.177956 0.585688 -0.233065 0.776305 1.36348
0.582456 -0.285055 -0.761241 0.297778 0.115963 0.956056 -0.269278 0.115109 0.804548 0.0685664 0.589916 1.54023
0.359624 -0.198266 -0.91179 0.00177662 0.104959 0.979559 -0.171605 0.0837673 0.927175 -0.0339875 0.373083 1.87349
0.416741 -0.083996 -0.905136 -0.115593 0.195147 0.980773 -0.00116585 0.0611482 0.887832 -0.176149 0.42512 2.42766
0.477793 -0.13402 -0.868189 -0.427115 0.271883 0.96233 0.00107408 0.0750145 0.83534 -0.236559 0.496232 2.81304
0.673779 -0.066026 -0.735977 -0.63558 0.193171 0.977103 0.0891881 0.0831396 0.713237 -0.202263 0.671106 3.33808
0.707677 -0.134508 -0.693614 -0.801942 0.181328 0.983406 -0.0057003 0.0833459 0.682871 -0.121738 0.720324 3.96155
0.892278 -0.121218 -0.434909 -0.812839 0.205122 0.966967 0.151325 0.11926 0.4022 -0.224233 0.887668 4.41155
0.821999 -0.240381 -0.51627 -0.793699 0.33157 0.939062 0.0906848 0.173607 0.463011 -0.245723 0.851611 4.87792
0.660694 -0.120791 -0.740873 -1.19018 0.194291 0.980853 0.0133471 0.0994613 0.725075 -0.152763 0.671513 5.41723
0.695707 -0.160429 -0.700182 -1.38967 0.305082 0.948451 0.0858195 0.15459 0.65032 -0.273318 0.708788 5.98049
0.683336 -0.216903 -0.697141 -1.55737 0.350736 0.93498 0.0528885 0.175047 0.640341 -0.280653 0.714981 6.4922
0.548912 -0.11678 -0.827683 -1.85754 0.314094 0.946443 0.0747681 0.141731 0.774623 -0.301011 0.556194 6.81596
0.236741 -0.0676856 -0.969212 -2.00366 0.179641 0.98342 -0.0247984 0.0809299 0.954821 -0.16824 0.244975 6.97605
-0.141216 -0.105107 -0.984383 -2.09396 0.157846 0.979237 -0.127202 0.104534 0.977314 -0.173344 -0.121693 7.13826
-0.399481 -0.126552 -0.907964 -2.30451 0.164468 0.964463 -0.206789 0.120508 0.901867 -0.23194 -0.364471 7.39087
-0.195678 -0.138181 -0.970884 -2.45889 0.106813 0.98113 -0.161167 0.111699 0.974834 -0.13524 -0.177226 7.92751
0.193701 -0.137136 -0.971429 -2.49446 0.164674 0.980678 -0.105606 0.100998 0.967141 -0.139513 0.212541 8.17259
0.514769 -0.0803378 -0.853556 -2.60085 0.24028 0.969218 0.0536857 0.0984748 0.822969 -0.232728 0.518227 8.40129
0.706236 -0.00226271 -0.707973 -2.74576 0.114634 0.987165 0.111198 0.0734991 0.698634 -0.159689 0.69743 8.92066
0.860826 -0.16507 -0.481385 -2.87738 0.311956 0.918527 0.242881 0.0804611 0.402072 -0.35925 0.842186 9.09188
0.952376 -0.148628 -0.266252 -3.00714 0.212272 0.950006 0.228974 0.0645646 0.218909 -0.274587 0.936312 9.55321
0.956647 -0.0869473 -0.277967 -3.26816 0.165815 0.947218 0.274379 0.0533667 0.239439 -0.308576 0.92057 9.74439
0.886374 -0.164135 -0.432898 -3.41612 0.274626 0.939179 0.206214 0.0736697 0.372721 -0.301667 0.87754 10.1594
0.859244 -0.000303279 -0.511567 -3.69208 0.137698 0.96323 0.230712 0.0165624 0.492686 -0.268679 0.827691 10.7079
0.641422 -0.0883524 -0.762084 -3.7707 0.213862 0.974562 0.0670149 0.0417211 0.736777 -0.205966 0.644001 11.0581
0.575687 -0.253806 -0.777282 -3.87258 0.496675 0.863681 0.0858405 0.0987748 0.649537 -0.435474 0.623269 11.4144
0.176728 -0.449575 -0.875585 -3.92657 0.686381 0.693881 -0.217738 0.203357 0.705441 -0.562505 0.431208 11.5037
-0.154973 -0.471274 -0.868265 -3.95531 0.548575 0.689882 -0.472365 0.228496 0.821613 -0.549513 0.151616 11.692
0.118497 -0.239089 -0.96374 -4.32905 0.416513 0.89303 -0.170335 0.0682619 0.901374 -0.381226 0.205405 12.0636
0.276229 -0.102165 -0.955646 -4.50647 0.106783 0.99144 -0.0751264 -0.0550994 0.955141 -0.0812951 0.284774 12.441
0.386741 -0.0281933 -0.921757 -4.61525 0.00124706 0.999548 -0.0300494 -0.0753937 0.922187 0.0104718 0.386601 12.6798
0.632162 -0.161106 -0.757902 -4.79158 0.20894 0.977355 -0.03348 0.0117295 0.746133 -0.137191 0.651509 12.9764
0.66931 -0.182862 -0.720129 -4.91083 0.258986 0.96587 -0.00455335 0.0306464 0.696384 -0.183456 0.693825 13.4979
0.677926 -0.157125 -0.718142 -5.12336 0.222249 0.974984 -0.00351729 0.0464913 0.700729 -0.157222 0.695888 13.9955
0.818177 -0.198072 -0.539771 -5.20041 0.265609 0.96282 0.0492939 0.0603216 0.509939 -0.183699 0.840367 14.3409
0.88341 -0.332634 -0.330062 -5.31269 0.385523 0.916308 0.108405 0.122129 0.266379 -0.223013 0.937714 14.8699
0.923448 -0.275533 -0.267068 -5.53814 0.310107 0.945792 0.0964957 0.112435 0.226003 -0.171929 0.958834 15.4053
0.922906 -0.243755 -0.298041 -5.79642 0.292991 0.946835 0.132893 0.110344 0.249802 -0.209971 0.945257 16.0737
0.918886 -0.359397 -0.162734 -5.90799 0.38764 0.899182 0.202996 0.165116 0.0733711 -0.249612 0.965562 16.5298
0.936023 -0.122781 -0.329827 -6.21291 0.165688 0.980552 0.10519 0.092881 0.310497 -0.153109 0.938163 17.0045
0.928632 -0.158338 -0.335516 -6.3183 0.175403 0.984273 0.0209717 0.0885041 0.326919 -0.0783254 0.941801 17.5843
0.890856 0.0782219 -0.4475 -6.51917 -0.0751992 0.996866 0.0245477 -0.0249688 0.448018 0.0117832 0.893947 18.0205
0.651268 0.186977 -0.735452 -6.67188 -0.207992 0.976037 0.0639582 -0.104803 0.729787 0.111314 0.674552 18.1857
0.156949 0.0466057 -0.986506 -6.85025 -0.0358051 0.998498 0.0414757 -0.0218691 0.986957 0.0288123 0.158382 18.2255
-0.239559 -0.0852418 -0.967133 -7.04138 0.030378 0.994992 -0.0952219 0.0723269 0.970407 -0.0521908 -0.23577 18.2163
-0.321121 -0.295358 -0.899803 -7.23572 0.177326 0.914566 -0.363488 0.175333 0.930289 -0.276282 -0.241312 18.3808
-0.323453 -0.356394 -0.876562 -7.34559 0.180483 0.886116 -0.426877 0.197408 0.928872 -0.29628 -0.222294 18.8432
-0.116431 -0.247188 -0.961947 -7.65229 0.15838 0.951519 -0.263679 0.121256 0.980489 -0.183054 -0.0716363 19.4075
0.156457 -0.0876082 -0.983792 -7.78287 0.218851 0.974374 -0.0519646 0.0754721 0.963133 -0.207174 0.171621 20.0749
-0.000401785 -0.0465516 -0.998916 -7.88809 0.201226 0.978479 -0.0456801 0.0501665 0.979545 -0.201026 0.00897426 20.5869
0.0276031 -0.0330518 -0.999072 -7.99108 0.204907 0.978417 -0.0267072 0.0100067 0.978392 -0.20398 0.0337799 20.8577
0.325807 -0.0785871 -0.942165 -8.19593 0.240881 0.970552 0.00234325 0.00961901 0.914235 -0.227713 0.335142 21.3443
-0.0323848 -0.111932 -0.993188 -8.41013 0.246821 0.962036 -0.11647 0.0355122 0.96852 -0.248912 -0.00352808 21.6377
-0.414556 -0.122584 -0.90173 -8.76655 0.189871 0.957427 -0.217446 0.0097384 0.889996 -0.261356 -0.373632 21.9203
-0.662856 -0.200559 -0.721386 -8.87647 0.0166918 0.95926 -0.282031 0.0647467 0.748561 -0.198987 -0.632504 22.1952
-0.419498 -0.147377 -0.895713 -9.32729 0.141108 0.964151 -0.224724 0.0231569 0.896722 -0.220663 -0.383663 22.6575
-0.0488374 -0.166211 -0.98488 -9.39899 0.24138 0.954865 -0.173115 0.0541122 0.969201 -0.246185 -0.00651313 23.0895
0.383711 -0.105309 -0.917429 -9.49218 0.31557 0.948621 0.0230966 0.027508 0.86786 -0.298376 0.397228 23.4868
0.541738 -0.266007 -0.797346 -9.49552 0.422794 0.906101 -0.0150321 0.0674034 0.726475 -0.32897 0.603335 23.9311
0.391315 -0.309614 -0.866609 -9.62599 0.585443 0.810323 -0.02515 0.101877 0.710021 -0.497509 0.498353 24.4964
0.279829 -0.235879 -0.930622 -9.77357 0.364423 0.922895 -0.124342 0.0616081 0.888196 -0.304346 0.344212 25.1005
0.431218 -0.164152 -0.887189 -10.013 0.378039 0.925706 0.0124679 0.0298282 0.81923 -0.340769 0.461237 25.6681
0.329443 -0.121016 -0.936388 -10.3714 0.373148 0.927702 0.0113888 0.030431 0.867311 -0.353163 0.350782 26.2682
0.0819336 -0.186578 -0.979018 -10.6374 0.301525 0.940926 -0.154085 0.0412552 0.949931 -0.282573 0.133351 26.5503
0.156716 -0.0135291 -0.987551 -10.9508 0.207624 0.978013 0.0195498 0.0051346 0.965574 -0.208103 0.156079 27.005
-0.120675 -0.032841 -0.992149 -11.0469 0.110243 0.992827 -0.0462723 0.00103004 0.986552 -0.114961 -0.116189 27.3146
-0.385698 -0.0041458 -0.922616 -11.3944 0.0762436 0.996426 -0.0363509 -0.00504554 0.919469 -0.084364 -0.384003 27.3638
-0.70324 0.0245261 -0.710529 -11.6454 0.0127319 0.999679 0.0219056 -0.0259513 0.710838 0.00635854 -0.703327 27.416
-0.602185 -0.147217 -0.784666 -11.9586 0.0433909 0.975363 -0.216295 0.0463696 0.797176 -0.164297 -0.580962 27.3488
-0.746987 -0.17808 -0.640545 -12.2455 -0.0801819 0.980558 -0.179102 0.0697325 0.659986 -0.0824268 -0.746742 27.3224
-0.548967 -0.193348 -0.813174 -12.2858 0.0938005 0.952481 -0.289795 0.106288 0.830564 -0.235364 -0.504744 27.2118
-0.831262 -0.165162 -0.530777 -12.4895 -0.0359228 0.968806 -0.245203 0.0828508 0.554718 -0.184761 -0.811265 26.9734
-0.956193 -0.228712 -0.182718 -12.4583 -0.185353 0.956134 -0.226832 0.125642 0.226582 -0.183028 -0.956641 26.7927
-0.956633 -0.246251 0.155607 -12.3979 -0.274891 0.939895 -0.202566 0.126919 -0.0963727 -0.236556 -0.966827 26.5949
-0.937446 -0.213953 0.274626 -12.5108 -0.248159 0.963939 -0.096123 0.137959 -0.244157 -0.158261 -0.956734 26.5154
-0.983209 -0.125357 0.13261 -12.4046 -0.150112 0.968812 -0.197153 0.123928 -0.10376 -0.213749 -0.971363 26.5141
-0.909788 -0.14558 0.388707 -12.44 -0.166639 0.985798 -0.0208223 0.0672927 -0.380155 -0.0837176 -0.921126 26.4818
-0.951384 -0.247129 0.183838 -12.6159 -0.28589 0.930621 -0.228499 0.130735 -0.114615 -0.269948 -0.956029 26.3501
-0.942294 -0.334602 -0.0111144 -12.6117 -0.308743 0.88135 -0.357631 0.189591 0.12946 -0.333562 -0.933797 26.1907
-0.915926 -0.303123 -0.263052 -12.9315 -0.170089 0.88682 -0.429675 0.185085 0.363524 -0.348808 -0.863819 26.1069
-0.862459 -0.114235 -0.493067 -12.955 0.02849 0.961694 -0.272641 0.117047 0.505324 -0.24919 -0.826167 26.1226
-0.60606 -0.13249 -0.784307 -13.1839 0.0429041 0.97915 -0.198558 0.0727468 0.794261 -0.153988 -0.587739 26.2927
-0.173785 -0.0393324 -0.983998 -13.2185 0.109191 0.992271 -0.0589475 0.0411816 0.978711 -0.117688 -0.168147 26.3831
0.188699 -0.0197837 -0.981836 -13.1898 0.102495 0.994733 -0.000345024 0.0415586 0.976672 -0.100568 0.189733 26.2904
0.0358122 -0.250532 -0.967446 -13.3089 0.267484 0.935149 -0.232267 0.104118 0.962896 -0.250459 0.100503 26.3993
0.436852 -0.251058 -0.863789 -13.29 0.388436 0.918768 -0.0705899 0.132136 0.811343 -0.304689 0.498885 26.4299
0.496328 -0.372575 -0.784121 -13.5149 0.410502 0.89659 -0.166178 0.194033 0.764949 -0.239404 0.597946 26.3551
0.284211 -0.232954 -0.930031 -13.8069 0.313544 0.939278 -0.139453 0.13769 0.906043 -0.251971 0.339994 26.4572
0.283876 -0.0950097 -0.954142 -14.0264 0.14759 0.98755 -0.0544254 0.0404901 0.947434 -0.125372 0.294364 26.2995
0.288798 -0.0941398 -0.952751 -14.0506 0.0371297 0.995507 -0.0871097 0.00888837 0.95667 -0.0102183 0.290995 26.3627
0.592654 -0.0668294 -0.80268 -14.105 0.0926889 0.99559 -0.0144544 0.0274907 0.800106 -0.065833 0.596235 26.4431
0.749123 -0.233824 -0.619791 -14.2611 0.386709 0.914019 0.122578 0.160287 0.53784 -0.331505 0.775134 26.4283
0.813974 -0.363698 -0.452957 -14.2238 0.526 0.79236 0.309014 0.281673 0.246517 -0.489785 0.836266 26.6866
0.912617 -0.331645 -0.239043 -14.5058 0.405361 0.809943 0.423881 0.250332 0.0530328 -0.48374 0.873604 26.7895
0.98664 -0.162757 -0.0072268 -14.4394 0.159304 0.954519 0.252022 0.0582019 -0.0341202 -0.249807 0.967694 26.9631
