0.999993 -0.00275401 0.0023288 0.000141699 0.00275144 0.999996 0.00110437 -9.80236e-05 -0.00233183 -0.00109795 0.999997 5.83405e-05
0.90248 -0.0123322 -0.430555 4.83452 0.00385783 0.999781 -0.02055 0.233345 0.430715 0.016885 0.90233 0.258795
0.848498 -0.0363837 -0.527947 5.59285 0.0206389 0.99915 -0.0356867 0.240744 0.528797 0.0193838 0.848527 0.658717
0.921826 -0.0728521 -0.380696 6.38425 0.0295737 0.992534 -0.118326 0.243778 0.386475 0.0978177 0.917098 1.40514
0.957047 -0.0940917 -0.27424 7.43569 0.0816129 0.995056 -0.0565896 0.285506 0.278209 0.0317774 0.959995 1.80187
0.848808 -0.0562895 -0.525696 8.46078 0.0388704 0.998269 -0.0441293 0.275227 0.52727 0.0170233 0.849527 2.24944
0.557708 -0.0673527 -0.8273 9.18978 0.0911971 0.99564 -0.019579 0.321481 0.825012 -0.064528 0.561419 3.08173
0.164634 -0.0670028 -0.984076 9.30084 0.25896 0.965628 -0.0224232 0.43168 0.951754 -0.251144 0.176327 3.32924
-0.236893 0.0236888 -0.971247 9.5577 0.298786 0.953029 -0.0496312 0.484948 0.924451 -0.301952 -0.232844 3.80379
-0.552335 0.00617852 -0.833599 9.61175 0.217364 0.966448 -0.13686 0.510488 0.804785 -0.256787 -0.535146 4.11632
-0.5445 -0.00507308 -0.838746 9.66173 0.0680904 0.996414 -0.0502299 0.437115 0.835993 -0.0844608 -0.542202 4.80587
-0.601758 0.0794287 -0.794719 10.0393 0.0386591 0.996773 0.0703506 0.323435 0.797742 0.011611 -0.602887 4.76139
-0.865963 0.108697 -0.488153 10.1658 0.0587352 0.991444 0.116572 0.280513 0.496647 0.0722749 -0.864938 4.52661
-0.992199 0.018598 -0.123268 10.086 0.0115675 0.998278 0.0575061 0.260096 0.124126 0.0556316 -0.990706 4.20448
-0.976647 -0.007043 0.214734 9.66262 -0.0042833 0.999902 0.0133143 0.312891 -0.214807 0.0120836 -0.976582 3.62811
-0.820796 -0.00759534 0.571171 9.33001 0.0461236 0.995765 0.0795229 0.286282 -0.569357 0.0916166 -0.81697 3.14356
-0.589266 -0.0181678 0.807735 8.75764 0.00442703 0.99966 0.0257143 0.309006 -0.807927 0.0187284 -0.588985 2.34432
-0.576165 -0.0512823 0.815723 8.13562 -0.0630749 0.997843 0.0181804 0.336203 -0.814896 -0.0409767 -0.578157 1.5847
-0.835363 -0.0200896 0.549331 7.56986 -0.0171409 0.999798 0.0104978 0.332441 -0.549431 -0.000646583 -0.835539 0.698026
-0.958581 -0.0502216 0.280357 6.94908 -0.0351084 0.99766 0.0586745 0.293524 -0.282647 0.0464014 -0.958101 -0.158477
-0.814373 -0.00600371 0.580311 6.23734 0.000337474 0.999941 0.0108187 0.261603 -0.580342 0.00900626 -0.814323 -0.794712
-0.904602 -0.0259965 0.425463 5.1727 -0.00234726 0.998427 0.0560148 0.257351 -0.42625 0.0496725 -0.903241 -1.19802
-0.995461 -0.00951397 0.0946927 4.48544 -0.00384733 0.9982 0.059846 0.264675 -0.0950916 0.0592101 -0.993706 -1.68016
-0.92175 -0.0905259 -0.37707 4.56237 -0.119815 0.991277 0.0549052 0.263371 0.368811 0.0957875 -0.924556 -1.78919
-0.74954 -0.12173 -0.650671 4.71942 -0.192926 0.980445 0.0388156 0.269534 0.633222 0.154625 -0.758367 -1.8141
-0.468843 -0.0419227 -0.882286 4.92347 -0.205479 0.976645 0.0627844 0.250097 0.859049 0.210727 -0.466507 -1.8231
-0.100726 -0.0596534 -0.993124 5.15342 -0.0912958 0.994544 -0.050479 0.280438 0.990717 0.0855835 -0.105623 -1.65847
0.246537 -0.110814 -0.962777 5.16373 0.0207391 0.993817 -0.109076 0.338969 0.968912 0.0069242 0.24731 -1.14435
0.33799 -0.151983 -0.928797 5.22898 0.0437056 0.988345 -0.145823 0.356816 0.940134 0.00869298 0.340693 -0.776427
0.622714 -0.109508 0.774749 2.34426 -0.0867273 0.974397 0.207436 0.143843 -0.777628 -0.196365 0.597273 -0.421233
0.58165 -0.208283 0.786322 2.47746 0.0594404 0.974962 0.214282 0.111931 -0.811265 -0.0778975 0.579466 -0.514522
0.464811 -0.240247 0.852192 2.63606 0.0624714 0.968984 0.239098 0.107369 -0.883203 -0.057898 0.465403 -0.560293
0.618645 -0.356433 0.700167 2.9707 0.0290452 0.900938 0.432975 0.221983 -0.785134 -0.247521 0.567713 -0.89445
0.664939 -0.415514 0.620648 3.3654 0.0296727 0.845008 0.533929 0.276172 -0.746308 -0.336614 0.574208 -0.976639
0.797947 -0.444039 0.407567 3.6573 0.207796 0.837417 0.505523 0.237663 -0.565776 -0.31869 0.760483 -0.97434
0.864557 -0.173888 0.471491 3.99341 0.0797923 0.973824 0.212838 0.147859 -0.49616 -0.146389 0.855801 -0.63923
0.97504 -0.165269 0.148265 4.20824 0.135666 0.972092 0.191394 0.167897 -0.175759 -0.166502 0.97025 -0.258761
0.97687 -0.115969 -0.179654 4.36629 0.131769 0.988157 0.0786311 0.126049 0.168407 -0.100485 0.980582 0.0571912
0.862268 -0.0713306 -0.501404 4.32621 0.142763 0.984117 0.105508 0.138492 0.485914 -0.162558 0.858756 0.380234
0.699796 -0.312305 -0.642458 4.33233 0.450235 0.891072 0.0572591 0.247745 0.554594 -0.329327 0.764179 0.581954
0.717953 -0.475808 -0.508085 4.26679 0.648089 0.723265 0.238469 0.314077 0.254015 -0.500494 0.827636 0.693629
0.817239 -0.264734 -0.511895 4.13243 0.388117 0.909436 0.149301 0.203837 0.426011 -0.32069 0.845974 1.1099
0.793558 0.0134671 -0.608346 4.09198 0.0991362 0.983536 0.151091 0.0769153 0.600365 -0.180209 0.779158 1.40018
0.571861 -0.0320671 -0.819723 3.90839 0.12299 0.991293 0.0470222 0.0977226 0.811078 -0.127708 0.570826 1.5641
0.288898 0.00298158 -0.957355 3.91326 0.072908 0.997023 0.0251064 0.0741209 0.95458 -0.0770521 0.287821 1.74058
-0.0360206 -0.0624966 -0.997395 4.10043 0.189711 0.979467 -0.0682246 0.157661 0.981179 -0.191675 -0.0234246 1.57731
-0.371757 -0.130145 -0.919162 4.20303 0.116575 0.975742 -0.185305 0.1675 0.920982 -0.176039 -0.347567 1.62023
-0.646902 -0.284979 -0.707322 4.57208 0.039454 0.913797 -0.404251 0.248001 0.761552 -0.289417 -0.579893 1.61676
-0.855267 -0.271824 -0.441169 4.66973 -0.0816864 0.911448 -0.403224 0.220627 0.511709 -0.308827 -0.801736 1.53386
-0.944184 -0.271122 -0.187109 4.58157 -0.186773 0.908471 -0.373893 0.235775 0.271354 -0.318076 -0.908402 1.55153
-0.989028 -0.112949 0.0952132 4.41666 -0.129324 0.973525 -0.18848 0.150191 -0.0714037 -0.198726 -0.977451 1.3955
-0.855437 -0.106453 0.506849 4.34556 -0.183333 0.977522 -0.104112 0.140948 -0.484373 -0.181983 -0.855725 1.14005
-0.589655 -0.165827 0.790448 4.27029 -0.268792 0.963197 0.00155501 0.179948 -0.761615 -0.21155 -0.612527 1.0723
-0.293344 -0.156673 0.943081 4.30304 -0.300476 0.951597 0.0646253 0.164958 -0.907559 -0.264416 -0.326222 0.936309
0.0555446 -0.184715 0.981221 4.37371 -0.303996 0.932952 0.192837 0.199731 -0.951053 -0.308999 -0.0043323 0.642532
0.140512 -0.0851345 0.986412 4.52149 -0.218824 0.968988 0.114802 0.153298 -0.965594 -0.231981 0.117525 0.246702
-0.254868 -0.0279165 0.966573 4.69548 -0.1409 0.989987 -0.00856001 0.100133 -0.956655 -0.138372 -0.256249 -0.224885
-0.594831 0.0579647 0.801758 4.69819 -0.0487597 0.992958 -0.107963 0.0957481 -0.802371 -0.103313 -0.587816 -0.466907
-0.901456 -0.0565803 0.429158 4.72235 -0.151637 0.969876 -0.190648 0.164659 -0.405443 -0.236937 -0.88288 -0.571357
-0.975882 -0.187512 0.111773 4.51389 -0.209887 0.946717 -0.244284 0.191695 -0.0600115 -0.261852 -0.96324 -0.65481
-0.957212 -0.108335 -0.268346 4.24994 -0.0283826 0.957959 -0.285498 0.19192 0.287994 -0.265666 -0.920044 -0.88515
-0.747834 -0.0413701 -0.662595 3.74925 0.0799353 0.985184 -0.15173 0.155088 0.659056 -0.166433 -0.733448 -0.923148
-0.488549 -0.142173 -0.860875 3.38999 0.14199 0.96053 -0.239211 0.208721 0.860906 -0.239102 -0.449079 -1.01684
-0.394859 -0.241553 -0.886419 2.80385 0.174827 0.927434 -0.330607 0.224678 0.901955 -0.285513 -0.323975 -0.910871
-0.342174 -0.233423 -0.910182 2.30403 0.198492 0.928838 -0.312828 0.216589 0.918432 -0.287705 -0.271491 -0.756665
-0.492975 -0.25567 -0.83163 1.76192 0.202141 0.896036 -0.395296 0.260494 0.846236 -0.362978 -0.390041 -0.712754
-0.597664 -0.251904 -0.761146 1.07425 0.0253867 0.942937 -0.332003 0.251331 0.801345 -0.217749 -0.557164 -0.865386
-0.508083 -0.126581 -0.851956 0.449404 0.100709 0.973626 -0.204719 0.165574 0.8554 -0.189814 -0.481935 -1.21771
-0.185921 -0.0958569 -0.977878 -0.0954907 0.121442 0.985357 -0.11968 0.144306 0.975031 -0.141007 -0.171558 -1.27698
0.167164 -0.0893077 -0.981876 -0.292661 0.186824 0.980715 -0.0573954 0.146861 0.968067 -0.173843 0.180625 -1.2387
0.625348 -0.145841 -0.766597 -0.482617 0.235707 0.971796 0.00739685 0.182772 0.743897 -0.185318 0.642086 -0.946797
0.867332 -0.144365 -0.476335 -0.526077 0.212072 0.972983 0.0912633 0.194559 0.45029 -0.180173 0.874515 -0.883068
0.950544 -0.256773 -0.17474 -0.498389 0.288935 0.937445 0.194199 0.176334 0.113944 -0.235083 0.965273 -0.770621
0.90447 -0.420686 0.0704024 -0.426957 0.363905 0.847177 0.387123 0.234746 -0.222501 -0.324522 0.919336 -0.579824
0.80271 -0.577115 0.150315 -0.558947 0.362588 0.672398 0.645299 0.305289 -0.473483 -0.463486 0.748996 -0.376915
0.734195 -0.673737 0.0838819 -0.330629 0.307089 0.439726 0.844001 0.380606 -0.605519 -0.593902 0.529742 -0.0523495
0.731315 -0.674425 -0.101634 -0.0634003 0.473519 0.394813 0.787339 0.389753 -0.490875 -0.623918 0.608086 0.327267
0.743428 -0.62825 -0.229382 0.24801 0.6223 0.524099 0.581431 0.367762 -0.245065 -0.574997 0.78059 0.759723
0.779656 -0.497516 -0.380281 0.256187 0.620372 0.696366 0.360849 0.316219 0.0852862 -0.517254 0.851572 1.14961
0.677216 -0.385678 -0.626602 0.30491 0.445023 0.892887 -0.0686074 0.184445 0.585945 -0.232391 0.776313 1.35041
0.582322 -0.286082 -0.760959 0.28314 0.115992 0.955698 -0.270532 0.121551 0.804641 0.0692717 0.589707 1.52751
0.359488 -0.199322 -0.911614 -0.0127074 0.104662 0.979369 -0.172864 0.0896451 0.927262 -0.0332686 0.372933 1.86079
0.416512 -0.0850505 -0.905143 -0.130092 0.194937 0.980813 -0.00245813 0.0664928 0.887985 -0.175422 0.425099 2.41494
0.477501 -0.135054 -0.868189 -0.441633 0.271773 0.962361 -0.000229568 0.0797394 0.835543 -0.23584 0.496233 2.80032
0.67357 -0.0670655 -0.736074 -0.650103 0.193352 0.977184 0.0879002 0.0872613 0.713385 -0.201529 0.671169 3.32537
0.707488 -0.135565 -0.693601 -0.816534 0.181574 0.983352 -0.00698757 0.0868406 0.683002 -0.120996 0.720326 3.94883
0.892008 -0.122555 -0.435088 -0.827932 0.206093 0.966943 0.150159 0.122607 0.402303 -0.223611 0.887778 4.39866
0.821624 -0.241562 -0.516315 -0.808638 0.332255 0.93894 0.0894349 0.176576 0.463185 -0.24503 0.851716 4.86515
0.660469 -0.121846 -0.740901 -1.20478 0.194464 0.980836 0.0120481 0.101441 0.725234 -0.152036 0.671506 5.40452
0.695329 -0.161423 -0.700329 -1.40423 0.30534 0.948483 0.0845386 0.155938 0.650604 -0.272621 0.708797 5.96787
0.682909 -0.217877 -0.697255 -1.57197 0.350984 0.934958 0.0516084 0.17583 0.64066 -0.279969 0.714963 6.47959
0.54859 -0.117777 -0.827754 -1.87214 0.314078 0.94655 0.0734737 0.141931 0.774857 -0.300286 0.556259 6.80329
0.236527 -0.0686195 -0.969199 -2.01826 0.179104 0.983489 -0.025922 0.0807784 0.954975 -0.167457 0.244911 6.96336
-0.141194 -0.103705 -0.984535 -2.10925 0.15664 0.97963 -0.125652 0.102746 0.977511 -0.171958 -0.122073 7.1266
-0.399634 -0.127762 -0.907728 -2.31979 0.163331 0.96447 -0.207656 0.119787 0.902006 -0.231246 -0.364567 7.37807
-0.195772 -0.139375 -0.970694 -2.4748 0.105974 0.981045 -0.162235 0.110554 0.974907 -0.134629 -0.177291 7.91474
0.193512 -0.138203 -0.971315 -2.50921 0.164168 0.980631 -0.106822 0.0995376 0.967265 -0.138787 0.212452 8.15982
0.514491 -0.081392 -0.853625 -2.61556 0.240235 0.969301 0.052371 0.0967304 0.823157 -0.232015 0.518249 8.38852
0.706153 -0.00368551 -0.70805 -2.7614 0.115228 0.987254 0.109781 0.0715196 0.698621 -0.159109 0.697577 8.9075
0.860444 -0.166385 -0.481614 -2.89294 0.312901 0.918518 0.241699 0.0781504 0.402156 -0.358666 0.842395 9.0788
0.95211 -0.149931 -0.266472 -3.02253 0.213413 0.949979 0.228024 0.0617495 0.218955 -0.273972 0.936482 9.5402
0.956442 -0.0882263 -0.278272 -3.2834 0.166924 0.94731 0.273386 0.0500287 0.23949 -0.307928 0.920774 9.73142
0.886253 -0.164521 -0.432999 -3.43219 0.274608 0.939423 0.205122 0.0698349 0.373022 -0.300695 0.877745 10.1465
0.859436 -0.00206198 -0.51124 -3.7101 0.138761 0.963395 0.229383 0.0125853 0.492053 -0.26808 0.828262 10.6949
0.64118 -0.0895353 -0.762149 -3.7855 0.214148 0.974591 0.0656662 0.0368683 0.736904 -0.205317 0.644063 11.045
0.575133 -0.254698 -0.7774 -3.8872 0.496796 0.863739 0.084553 0.0933812 0.649935 -0.434839 0.623298 11.4017
0.175859 -0.450221 -0.875428 -3.94064 0.686053 0.693809 -0.219 0.197698 0.705978 -0.562077 0.430888 11.4913
-0.155691 -0.471825 -0.867837 -3.96909 0.547783 0.68985 -0.47333 0.2226 0.822006 -0.54908 0.151054 11.6798
0.117973 -0.240004 -0.963577 -4.34345 0.415971 0.893058 -0.171511 0.0618597 0.901693 -0.380586 0.205191 12.051
0.276109 -0.10336 -0.955552 -4.52111 0.106429 0.991374 -0.0764822 -0.0618947 0.955215 -0.0805808 0.284728 12.4281
0.386811 -0.0295811 -0.921684 -4.63002 0.00119165 0.999501 -0.0315785 -0.0821871 0.922158 0.0111166 0.386653 12.6665
0.63192 -0.162176 -0.757876 -4.80626 0.20908 0.977279 -0.0347936 0.00422841 0.746299 -0.13647 0.65147 12.9635
0.669013 -0.183903 -0.72014 -4.92554 0.259192 0.965808 -0.00584944 0.0226171 0.696593 -0.182741 0.693804 13.485
0.677633 -0.158127 -0.718198 -5.13808 0.222397 0.974944 -0.00481957 0.0378676 0.700966 -0.156459 0.695822 13.9827
0.818065 -0.198239 -0.539881 -5.21628 0.2652 0.962985 0.0482504 0.0520453 0.510333 -0.182648 0.840357 14.3282
0.882937 -0.333515 -0.33044 -5.32708 0.386243 0.916124 0.107392 0.113333 0.266907 -0.222451 0.937697 14.8573
0.923029 -0.276674 -0.267336 -5.55278 0.31107 0.945586 0.0954121 0.102746 0.226391 -0.171228 0.958868 15.3926
0.922517 -0.24506 -0.298174 -5.81124 0.294083 0.946643 0.131843 0.0995235 0.249955 -0.209315 0.945362 16.0609
0.918365 -0.360619 -0.162973 -5.92268 0.388833 0.898854 0.202165 0.153965 0.0735843 -0.24903 0.965696 16.5171
0.935758 -0.124117 -0.330079 -6.22722 0.166743 0.980498 0.104019 0.0814035 0.310731 -0.152375 0.938205 16.9916
0.92719 -0.159759 -0.338815 -6.33104 0.176562 0.984103 0.0191478 0.0774021 0.33037 -0.0775756 0.940658 17.5707
0.89108 0.0768994 -0.447284 -6.53536 -0.0744713 0.996957 0.0230403 -0.0370721 0.447695 0.0127791 0.894095 18.0082
0.651733 0.185613 -0.735386 -6.68595 -0.207594 0.976222 0.0624214 -0.117808 0.729486 0.111979 0.674767 18.1733
0.1572 0.0451899 -0.986532 -6.86448 -0.0362969 0.998542 0.0399562 -0.0351741 0.9869 0.029527 0.158611 18.2131
-0.239553 -0.0866037 -0.967013 -7.056 0.0293491 0.994913 -0.0963728 0.0586424 0.97044 -0.0514674 -0.235792 18.2036
-0.321328 -0.296595 -0.899322 -7.25054 0.176185 0.91438 -0.364512 0.161243 0.930434 -0.275575 -0.24156 18.3682
-0.323625 -0.357568 -0.876021 -7.3605 0.179337 0.885882 -0.427845 0.182791 0.929035 -0.295564 -0.222568 18.8305
-0.118249 -0.247811 -0.961565 -7.66841 0.156748 0.951559 -0.264509 0.10684 0.980534 -0.182001 -0.0736772 19.3942
0.157037 -0.091338 -0.98336 -7.79781 0.216426 0.974693 -0.055971 0.0600754 0.963587 -0.204035 0.172831 20.0612
-0.000128533 -0.0486839 -0.998814 -7.90063 0.199537 0.978727 -0.0477305 0.0335782 0.97989 -0.199307 0.00958847 20.5712
0.0263862 -0.0332706 -0.999098 -8.00614 0.204634 0.978461 -0.0271789 -0.00700997 0.978483 -0.203732 0.0326261 20.8442
0.325321 -0.0795212 -0.942254 -8.21127 0.240479 0.970654 0.00110964 -0.00817266 0.914514 -0.226954 0.334897 21.3311
-0.0328255 -0.112685 -0.993088 -8.42579 0.245839 0.962186 -0.117305 0.0179189 0.968755 -0.247991 -0.00388181 21.6246
-0.414775 -0.12394 -0.901444 -8.781 0.188706 0.957425 -0.218465 -0.00912108 0.890142 -0.260722 -0.373727 21.9077
-0.663171 -0.201798 -0.720751 -8.89147 0.0152408 0.959128 -0.282562 0.0456905 0.748313 -0.198372 -0.63299 22.1825
-0.421374 -0.148979 -0.894567 -9.34527 0.139091 0.964127 -0.22608 0.0038605 0.896157 -0.21969 -0.385536 22.6448
-0.0513746 -0.168253 -0.984404 -9.42068 0.239062 0.954976 -0.1757 0.0348347 0.969644 -0.24436 -0.00883858 23.0768
0.383219 -0.106262 -0.917525 -9.50872 0.315169 0.948786 0.0217525 0.00704657 0.868223 -0.297511 0.397084 23.4734
0.541238 -0.266895 -0.797389 -9.51185 0.422673 0.906134 -0.0163978 0.0465166 0.726917 -0.32816 0.603243 23.9176
0.390653 -0.310397 -0.866628 -9.64245 0.585194 0.81046 -0.0264892 0.0803259 0.71059 -0.496798 0.498251 24.4828
0.27938 -0.236803 -0.930522 -9.79011 0.36389 0.922932 -0.125618 0.0394234 0.888556 -0.303512 0.344019 25.0869
0.430769 -0.165017 -0.887247 -10.0296 0.377688 0.925866 0.0111723 0.00683757 0.819628 -0.339915 0.461159 25.6545
0.329075 -0.122009 -0.936388 -10.3876 0.37268 0.927905 0.0100679 0.00631685 0.867651 -0.352286 0.350821 26.2546
0.0815274 -0.187535 -0.978869 -10.654 0.300765 0.940981 -0.155227 0.0168317 0.950207 -0.281754 0.13312 26.5366
0.156439 -0.0145375 -0.987581 -10.9671 0.206901 0.978189 0.0183751 -0.0202219 0.965774 -0.207206 0.156034 26.9913
-0.120722 -0.0341828 -0.992098 -11.0616 0.108992 0.992908 -0.0474732 -0.0252012 0.986685 -0.113862 -0.11614 27.3011
-0.385544 -0.00561708 -0.922672 -11.4076 0.0743543 0.99654 -0.0371362 -0.031835 0.919689 -0.0829222 -0.383793 27.3504
-0.703292 0.022893 -0.710533 -11.6582 0.0104335 0.999706 0.0218828 -0.0535903 0.710825 0.00797666 -0.703324 27.4029
-0.602012 -0.148761 -0.784508 -11.9719 0.0413994 0.975356 -0.216719 0.0184605 0.797413 -0.162946 -0.581017 27.3356
-0.746416 -0.180924 -0.640413 -12.2587 -0.0826602 0.980087 -0.180544 0.0400292 0.660326 -0.0818242 -0.746508 27.3098
-0.548816 -0.19504 -0.812872 -12.2993 0.0917867 0.952461 -0.290504 0.0780387 0.830889 -0.234044 -0.504824 27.1988
-0.831022 -0.167821 -0.530319 -12.5031 -0.0383789 0.968428 -0.246321 0.0526893 0.554914 -0.184346 -0.811226 26.961
-0.955375 -0.232169 -0.182638 -12.4718 -0.18884 0.955466 -0.226769 0.0946152 0.227154 -0.18216 -0.956671 26.7807
-0.955599 -0.250792 0.154704 -12.411 -0.27891 0.939204 -0.200261 0.0959513 -0.0950743 -0.234518 -0.967451 26.5828
-0.935977 -0.222436 0.27289 -12.523 -0.255494 0.962442 -0.0918102 0.102209 -0.242219 -0.155654 -0.957654 26.5032
-0.982528 -0.132712 0.130484 -12.4185 -0.156548 0.968476 -0.19377 0.091369 -0.100656 -0.210811 -0.972331 26.5042
-0.910678 -0.148855 0.385367 -12.4582 -0.168605 0.985524 -0.0177606 0.0372139 -0.377144 -0.081149 -0.922593 26.4722
-0.950009 -0.253405 0.182395 -12.6282 -0.291276 0.929685 -0.225488 0.0961288 -0.11243 -0.267343 -0.95702 26.3397
-0.941207 -0.337667 -0.0105516 -12.6258 -0.311885 0.880499 -0.357 0.158573 0.129838 -0.33272 -0.934045 26.1787
-0.915373 -0.305678 -0.262019 -12.9457 -0.17279 0.886094 -0.430094 0.15355 0.363643 -0.348422 -0.863925 26.0948
-0.862435 -0.11699 -0.492462 -12.9689 0.0258776 0.96146 -0.273726 0.085434 0.505505 -0.248814 -0.826169 26.1104
-0.606057 -0.135129 -0.783859 -13.1984 0.041024 0.978842 -0.200461 0.0406731 0.794363 -0.153648 -0.587691 26.2804
-0.173976 -0.041448 -0.983877 -13.2329 0.108401 0.992236 -0.0609684 0.0114421 0.978765 -0.117261 -0.168132 26.3701
0.18938 -0.0216549 -0.981665 -13.2035 0.101812 0.994801 -0.00230345 0.0136763 0.976611 -0.0995086 0.1906 26.2773
0.0397473 -0.255132 -0.966089 -13.3207 0.26661 0.934509 -0.235823 0.0785552 0.962985 -0.248195 0.105165 26.386
0.438417 -0.254975 -0.861846 -13.3021 0.388762 0.918367 -0.0739351 0.106 0.810342 -0.302639 0.501753 26.4164
0.496653 -0.375272 -0.782628 -13.5278 0.41055 0.896019 -0.169109 0.166697 0.764712 -0.23732 0.599079 26.3424
0.283213 -0.235861 -0.929602 -13.8183 0.311819 0.939271 -0.143315 0.110713 0.90695 -0.249279 0.33956 26.4438
0.282079 -0.100493 -0.954113 -14.0346 0.144762 0.987571 -0.0612184 0.0171549 0.948407 -0.120851 0.293121 26.2844
0.289962 -0.0977692 -0.952031 -14.0617 0.0359855 0.995179 -0.0912401 -0.0180622 0.956362 -0.00780315 0.292082 26.3501
0.592669 -0.0683883 -0.802537 -14.1185 0.0928011 0.995551 -0.016303 -0.00184505 0.800082 -0.0648141 0.596379 26.4305
0.748687 -0.234412 -0.620095 -14.2748 0.38655 0.914285 0.121087 0.129703 0.53856 -0.330354 0.775126 26.4144
0.813614 -0.363894 -0.453446 -14.2376 0.526052 0.792875 0.307602 0.250548 0.247592 -0.488805 0.836521 26.6726
0.912605 -0.33142 -0.239403 -14.5195 0.405237 0.810866 0.422232 0.218645 0.0541873 -0.482346 0.874303 26.7747
0.98673 -0.162185 -0.00775045 -14.4452 0.158942 0.955037 0.250284 0.0231039 -0.0331904 -0.248195 0.968141 26.9481
0.963178 -0.0186525 0.268218 -14.5399 0.00218874 0.998102 0.0615504 -0.0621202 -0.268857 -0.0586969 0.96139 26.8688
0.764527 0.0659689 0.641208 -14.5906 -0.0465614 0.997803 -0.04714 -0.103493 -0.642908 0.00618427 0.765918 26.6286
0.448312 0.0223516 0.893598 -14.5451 -0.0883458 0.995901 0.019412 -0.034665 -0.889501 -0.0876482 0.448449 26.3309
0.257285 -0.0972719 0.961427 -14.5751 -0.218708 0.963242 0.155983 0.073165 -0.941261 -0.250404 0.226553 26.3682
-0.10383 -0.0511726 0.993278 -14.784 -0.20124 0.9791 0.029406 0.0402715 -0.974023 -0.196834 -0.111958 26.4544
0.130011 -0.0787182 0.988383 -15.0687 -0.17712 0.978966 0.101266 0.0535038 -0.975564 -0.188228 0.113334 26.6729
-0.0594105 -0.0818713 0.994871 -15.1723 -0.148301 0.986295 0.0723095 0.0140503 -0.987156 -0.143244 -0.0707379 26.7045
0.00938087 -0.144619 0.989443 -15.4428 -0.158411 0.976776 0.144269 0.0711665 -0.987329 -0.158092 -0.0137462 26.9772
0.254401 -0.106928 0.961169 -15.502 -0.12283 0.982247 0.141784 0.0406366 -0.959267 -0.154131 0.236751 27.2468
0.579383 -0.0574715 0.813026 -15.5128 -0.134403 0.977118 0.16485 0.0220221 -0.803897 -0.204784 0.558402 27.5203
0.876247 0.0392804 0.480259 -15.4842 -0.133694 0.97736 0.163991 -0.0145647 -0.462944 -0.207904 0.86166 27.9725
0.97788 -0.105825 0.180421 -15.3462 0.0634101 0.971964 0.226418 0.0508316 -0.199323 -0.209969 0.957175 28.2049
0.984032 -0.095819 -0.150001 -15.5051 0.128149 0.966255 0.223447 0.0691737 0.123529 -0.239101 0.963105 28.58
0.874295 -0.0531838 -0.482473 -15.65 0.13486 0.98146 0.136193 0.0320029 0.466285 -0.184139 0.865258 28.7664
0.590658 -0.023718 -0.806573 -15.7669 0.109564 0.992668 0.0510439 0.0118861 0.799449 -0.118521 0.588926 28.874
0.237301 0.00767835 -0.971406 -15.8963 0.0664024 0.997502 0.0241058 0.00393809 0.969164 -0.070224 0.236199 28.9366
0.0999351 0.0813359 -0.991664 -16.1006 0.068566 0.993721 0.0884144 -0.0276624 0.992629 -0.0768301 0.0937307 29.1148
0.0157375 0.127114 -0.991763 -16.4058 -0.0713955 0.989497 0.125691 -0.0724911 0.997324 0.0688293 0.0246476 29.5076
0.319548 0.312972 -0.894392 -16.5269 -0.190071 0.945867 0.263076 -0.132646 0.928311 0.0859326 0.361737 30.0249
0.58667 0.38024 -0.715007 -16.4531 -0.334931 0.91779 0.213265 -0.194245 0.737319 0.114362 0.665794 30.5766
0.808628 0.28416 -0.515145 -16.5366 -0.204468 0.956776 0.206813 -0.097902 0.551646 -0.0619043 0.831778 30.7976
0.706335 0.0943689 -0.70156 -16.6547 0.0760308 0.975227 0.207729 0.039523 0.703783 -0.200066 0.681662 31.0253
0.486746 0.00911148 -0.873496 -16.867 0.206562 0.970387 0.125226 0.0892994 0.84877 -0.241384 0.47045 30.8439
0.0887053 0.117784 -0.989069 -17.0225 -0.0525504 0.992154 0.113439 -0.0160947 0.994671 0.0419134 0.094199 30.7249
-0.260556 0.288319 -0.921403 -17.0841 -0.0768702 0.945142 0.317485 -0.137949 0.962394 0.153551 -0.224099 30.5616
-0.447082 0.366413 -0.816002 -17.0447 -0.0589785 0.898191 0.435632 -0.21566 0.892547 0.24289 -0.379954 30.7204
-0.404517 0.317875 -0.857509 -17.1753 0.0110016 0.939273 0.342995 -0.329046 0.914464 0.129313 -0.383449 31.0255
-0.298753 -0.0065813 -0.954308 -17.228 0.198075 0.977773 -0.0687519 -0.278057 0.933549 -0.209564 -0.290809 31.1873
-0.355439 -0.116634 -0.927394 -17.297 0.208099 0.957407 -0.200166 -0.360321 0.91124 -0.264136 -0.316029 31.417
-0.279113 0.151968 -0.948157 -17.5475 0.0574243 0.988272 0.141494 -0.53149 0.95854 -0.0149545 -0.284566 31.5146
-0.218747 0.279141 -0.935003 -17.9629 -0.0238418 0.956394 0.291105 -0.772613 0.97549 0.0859705 -0.202553 31.6094
0.126186 0.411405 -0.902676 -18.039 -0.192973 0.902746 0.384461 -0.808268 0.973056 0.125678 0.193303 31.7553
0.390498 0.51704 -0.761696 -18.0812 -0.394391 0.841573 0.369068 -0.848896 0.831845 0.156286 0.532549 31.7956
0.759423 0.364004 -0.539238 -17.9134 -0.377607 0.921554 0.090286 -0.968287 0.529802 0.135055 0.837299 31.9912
0.900177 0.383359 -0.206683 -17.8242 -0.38796 0.921471 0.019454 -0.976562 0.19791 0.0626726 0.978215 32.0256
0.94805 0.290881 0.128803 -17.9631 -0.299057 0.952973 0.0490604 -1.04459 -0.108475 -0.0850309 0.990456 32.0555
0.964668 0.262282 0.0249903 -17.99 -0.261327 0.964581 -0.0359394 -1.24665 -0.0335314 0.028139 0.999041 32.3431
0.982251 0.187398 -0.00808395 -18.1292 -0.187557 0.981812 -0.0294615 -1.35967 0.00241589 0.0304548 0.999533 32.5491
0.913216 0.295136 -0.280948 -18.3407 -0.307731 0.951473 -0.000749096 -1.40696 0.267094 0.0871404 0.959723 32.7003
0.886972 0.191845 -0.420091 -18.344 -0.260631 0.958873 -0.112399 -1.56908 0.381251 0.209184 0.900494 32.9729
0.890452 0.278488 -0.359915 -18.5165 -0.291525 0.956379 0.018759 -1.71623 0.349439 0.0882201 0.932797 33.204
0.906134 0.234683 -0.351917 -18.6989 -0.209794 0.971778 0.107861 -1.72859 0.367298 -0.0239068 0.929796 33.2008
0.944273 -0.0101359 -0.329007 -18.7996 0.0985058 0.96242 0.253069 -1.62155 0.314078 -0.271375 0.909786 33.1381
0.926453 0.0783391 -0.368169 -18.7716 -0.000131232 0.97817 0.207805 -1.66385 0.376411 -0.192473 0.906239 33.2554
0.870347 0.22057 -0.440278 -18.8574 -0.1559 0.971507 0.178518 -1.93036 0.467109 -0.0867334 0.879936 33.707
0.690443 0.23914 -0.682716 -19.0258 -0.137712 0.969969 0.200488 -2.03856 0.710158 -0.0444074 0.70264 33.8751
0.338931 0.367181 -0.866201 -18.9642 -0.226248 0.925487 0.303785 -2.10191 0.913202 0.0930145 0.39675 33.9857
0.138787 0.402409 -0.904878 -18.9936 -0.180015 0.90875 0.376521 -2.27854 0.973824 0.110635 0.198562 34.1737
-0.0579922 0.387025 -0.920244 -18.833 -0.135508 0.910212 0.391346 -2.31274 0.989078 0.147395 -0.000340162 34.4086
-0.0382115 0.335963 -0.9411 -18.8075 -0.100071 0.935767 0.338122 -2.56367 0.994246 0.107097 -0.00213685 34.8194
0.0273509 0.321389 -0.946552 -19.0924 -0.10693 0.942414 0.316895 -2.72802 0.99389 0.0925476 0.060142 35.0869
0.396214 0.262043 -0.879971 -19.1415 -0.0759847 0.964479 0.252995 -2.83834 0.915009 -0.033376 0.402051 35.3995
0.614762 0.0866973 -0.783933 -19.3722 0.0723349 0.983554 0.165499 -2.91376 0.785389 -0.158448 0.59838 35.5759
0.66436 0.0378494 -0.746454 -19.6207 0.0913588 0.987116 0.131364 -3.08972 0.741808 -0.155468 0.652342 35.9206
0.7559 0.15968 -0.634916 -19.6919 -0.063578 0.98312 0.17156 -3.27143 0.651593 -0.0893151 0.753292 36.3015
0.856501 0.278264 -0.434714 -19.8034 -0.253212 0.960444 0.115893 -3.46952 0.449767 0.0108125 0.893081 36.5015
0.943148 0.245345 -0.224225 -19.7358 -0.249134 0.968398 0.0116918 -3.63612 0.220008 0.0448351 0.974467 36.8024
0.940288 0.323355 0.106297 -19.6824 -0.313291 0.94426 -0.101107 -3.78815 -0.133066 0.061768 0.989181 36.9955
0.841583 0.383898 0.379949 -19.5296 -0.318334 0.920821 -0.225283 -3.83444 -0.436351 0.0686435 0.897155 37.0641
0.814479 0.394 0.425898 -19.4529 -0.247439 0.899841 -0.359249 -3.86841 -0.524784 0.187217 0.830392 37.1747
0.861135 0.354821 0.364072 -19.5958 -0.258 0.922091 -0.288416 -3.96988 -0.438044 0.154434 0.885589 37.7015
0.624954 0.362463 0.691414 -19.4532 -0.0968006 0.914822 -0.392085 -3.96973 -0.774637 0.178106 0.606808 37.8348
0.230485 0.436198 0.869832 -19.4387 0.0657342 0.884878 -0.461161 -3.98776 -0.970853 0.163468 0.175278 37.8467
-0.189964 0.442316 0.87651 -19.5081 0.222791 0.888897 -0.400282 -3.97569 -0.956179 0.11924 -0.267402 37.7831
-0.522851 0.294767 0.799837 -19.6246 0.146491 0.95542 -0.256344 -3.91545 -0.839743 -0.0168605 -0.542723 37.8136
-0.511112 0.0276363 0.85907 -19.648 -0.119884 0.987421 -0.103091 -3.81251 -0.851113 -0.15568 -0.501369 37.8889
-0.641293 -0.217861 0.735718 -19.6751 -0.454342 0.880493 -0.135298 -3.67175 -0.618318 -0.421033 -0.663637 37.969
-0.821048 -0.289498 0.492007 -19.7107 -0.478523 0.818993 -0.316649 -3.65435 -0.311281 -0.495421 -0.810964 37.9397
-0.853163 -0.422878 0.30543 -19.7045 -0.521375 0.710118 -0.473182 -3.63207 -0.016793 -0.562944 -0.826324 37.9653
-0.762992 -0.43686 0.476442 -19.5773 -0.631295 0.662042 -0.403939 -3.64175 -0.13896 -0.608977 -0.78092 37.922
-0.636787 -0.303066 0.70898 -19.455 -0.548897 0.823947 -0.140794 -3.65823 -0.541492 -0.478814 -0.691031 37.722
-0.627178 -0.135547 0.766991 -19.2101 -0.360217 0.923577 -0.131334 -3.70765 -0.690574 -0.358653 -0.628073 37.6178
-0.383979 -0.0891234 0.919031 -19.2985 -0.25631 0.966502 -0.0133614 -3.74868 -0.887054 -0.240687 -0.39396 37.4081
-0.424019 0.0434393 0.904611 -19.0522 -0.17965 0.974966 -0.131025 -3.79894 -0.887657 -0.218071 -0.4056 37.2237
-0.319287 -0.0525189 0.946202 -19.0768 -0.246901 0.96859 -0.0295527 -3.6418 -0.914929 -0.243053 -0.322225 36.7705
-0.528195 -0.115219 0.841269 -18.9853 -0.374526 0.920783 -0.109039 -3.59445 -0.762063 -0.372671 -0.529506 36.5819
-0.808326 -0.0199805 0.588397 -18.9915 -0.200838 0.948831 -0.243686 -3.50549 -0.55342 -0.31515 -0.770978 36.4008
-0.84207 0.0699541 0.534813 -19.2102 -0.0220457 0.986261 -0.163715 -3.4003 -0.538918 -0.14965 -0.828959 36.0705
-0.769666 -0.00266979 0.638441 -19.2484 -0.117542 0.98349 -0.137589 -3.25106 -0.627533 -0.180941 -0.757273 35.8034
-0.515707 -0.0749658 0.853479 -19.3536 -0.229878 0.971745 -0.0535478 -3.12025 -0.82535 -0.223811 -0.518369 35.5292
-0.187218 -0.0584187 0.98058 -19.3317 -0.254655 0.96699 0.00898901 -3.04108 -0.948736 -0.248027 -0.195914 35.4505
0.144451 -0.0433549 0.988562 -19.1333 -0.234811 0.969002 0.0768082 -2.96331 -0.961248 -0.24322 0.129793 35.391
0.178009 -0.0355504 0.983386 -19.1243 -0.227695 0.970738 0.0763097 -2.7727 -0.957323 -0.237496 0.164705 35.0465
-0.0306404 -0.0793195 0.996378 -18.9298 -0.341516 0.937684 0.0641448 -2.62767 -0.939376 -0.338314 -0.0558199 34.8009
-0.225959 -0.223728 0.948097 -18.842 -0.411572 0.904061 0.115247 -2.56707 -0.882922 -0.364169 -0.296361 34.6648
-0.462637 -0.225723 0.857331 -18.8156 -0.33663 0.939345 0.0656617 -2.44172 -0.820151 -0.258226 -0.510561 34.3188
-0.631183 -0.380662 0.675799 -18.7745 -0.517119 0.855913 -0.000863049 -2.32962 -0.578097 -0.350014 -0.737085 34.2916
-0.654573 -0.301197 0.693408 -18.7026 -0.431643 0.901908 -0.0157047 -2.20945 -0.62066 -0.309584 -0.720374 34.0375
-0.646669 -0.282555 0.708507 -18.4621 -0.448307 0.892287 -0.0533323 -2.02937 -0.617122 -0.352117 -0.703686 33.8564
-0.705647 -0.168841 0.688153 -18.3006 -0.282093 0.957852 -0.0542515 -1.92703 -0.649989 -0.232406 -0.723535 33.4965
-0.838866 -0.211099 0.501738 -18.1812 -0.284381 0.955907 -0.0732771 -1.74325 -0.464146 -0.204154 -0.86191 33.2508
-0.737513 -0.306847 0.601597 -18.2448 -0.383435 0.923567 0.00100668 -1.55068 -0.555924 -0.229931 -0.798799 32.8773
-0.468592 -0.299813 0.830983 -18.0794 -0.353713 0.925633 0.134503 -1.50663 -0.809511 -0.230903 -0.539792 32.763
-0.162477 -0.271131 0.94873 -17.9412 -0.238944 0.9437 0.228772 -1.39396 -0.957344 -0.189523 -0.218115 32.7794
0.185541 -0.245325 0.95152 -17.8544 -0.188716 0.941412 0.279517 -1.32128 -0.964345 -0.231429 0.128374 32.6136
0.154682 -0.194997 0.96853 -17.6261 -0.223978 0.947882 0.226611 -1.16736 -0.962241 -0.251982 0.102945 32.406
0.120773 -0.321472 0.939186 -17.5546 -0.317349 0.883958 0.343377 -0.944394 -0.940587 -0.33952 0.00473908 32.1006
0.0843455 -0.231485 0.969175 -17.2347 -0.313565 0.917061 0.246327 -0.881193 -0.945813 -0.324676 0.00476425 32.0151
-0.243248 -0.310977 0.918762 -17.1884 -0.352 0.910941 0.215136 -0.70204 -0.90384 -0.271073 -0.331048 31.8533
-0.495611 -0.302083 0.814319 -17.3003 -0.382637 0.917621 0.107524 -0.562548 -0.779717 -0.258298 -0.570371 31.4458
-0.654995 -0.256079 0.710919 -17.1431 -0.373551 0.927555 -0.0100532 -0.415592 -0.656842 -0.272149 -0.703202 31.2322
-0.837177 -0.322607 0.441655 -17.2435 -0.390962 0.917683 -0.070764 -0.391286 -0.38247 -0.231912 -0.89439 31.1318
-0.937505 -0.0980436 0.333875 -17.2242 -0.162571 0.971742 -0.171136 -0.2829 -0.307662 -0.214719 -0.926952 30.6363
-0.766542 -0.138491 0.627083 -16.9943 -0.245325 0.965561 -0.086641 -0.115463 -0.593488 -0.220253 -0.774119 30.6368
-0.747234 -0.0387817 0.663429 -16.4567 -0.197831 0.966018 -0.166352 0.0240978 -0.634432 -0.255551 -0.729513 30.4105
-0.475988 -0.12661 0.87029 -16.1915 -0.259284 0.9658 -0.00130506 0.0610192 -0.840362 -0.226274 -0.492537 30.4184
-0.126816 -0.159435 0.979029 -15.9563 -0.302008 0.946345 0.114992 0.0801556 -0.944833 -0.281092 -0.168163 30.4935
0.252804 -0.122792 0.959694 -15.8134 -0.216111 0.959686 0.17972 0.0578254 -0.943073 -0.252834 0.216076 30.6003
0.549574 -0.206242 0.809588 -15.6369 -0.0892444 0.949013 0.302342 0.0950275 -0.830664 -0.23841 0.503147 30.6765
0.6867 -0.170438 0.706678 -15.3967 -0.069205 0.952383 0.296946 0.0850312 -0.723639 -0.252819 0.642207 30.822
0.772744 -0.130438 0.621171 -15.368 -0.0755826 0.952782 0.294098 0.0492622 -0.630202 -0.274212 0.726398 31.0583
0.897231 -0.215234 0.385553 -15.1556 0.0845034 0.940715 0.328502 0.046465 -0.4334 -0.262162 0.862227 31.1847
0.950594 -0.128494 0.282597 -15.0529 0.0247292 0.938767 0.343663 0.00293664 -0.309451 -0.319696 0.895564 31.6648
0.98028 -0.135637 -0.143715 -14.9511 0.166401 0.95884 0.230078 0.00952824 0.106593 -0.249455 0.962502 32.048
0.874722 -0.167021 -0.454935 -15.1854 0.285753 0.935941 0.205816 0.0172616 0.391416 -0.31003 0.866415 32.3219
0.5877 -0.219215 -0.778815 -15.4549 0.381876 0.923785 0.0281465 0.00272982 0.713288 -0.313952 0.626622 32.553
0.32497 -0.170164 -0.930289 -15.5891 0.308517 0.94894 -0.0658037 0.00907661 0.893986 -0.265626 0.360876 32.7499
0.108612 -0.0195649 -0.993892 -15.91 0.246816 0.96903 0.00789649 -0.0420206 0.962956 -0.246166 0.110077 32.8841
-0.195798 -0.144601 -0.969925 -16.0331 0.173589 0.968339 -0.179407 0.00538675 0.965158 -0.203496 -0.164498 33.1948
0.0283797 -0.0321398 -0.99908 -16.3773 0.215802 0.97611 -0.0252709 -0.0286304 0.976025 -0.214886 0.0346376 33.4053
0.0862376 -0.0344636 -0.995678 -16.596 0.134796 0.990615 -0.0226135 -0.019639 0.987114 -0.132263 0.0900739 33.809
0.337197 0.111919 -0.934758 -16.9063 0.208035 0.959505 0.189927 -0.0666771 0.918161 -0.258505 0.300259 34.084
0.469762 -0.102583 -0.876812 -16.8882 0.268464 0.962785 0.0311915 -0.00251755 0.840982 -0.250045 0.47982 34.4608
0.731434 -0.13502 -0.668411 -16.9441 0.320513 0.933251 0.162215 -0.00455356 0.601893 -0.332884 0.725887 34.7869
0.80116 -0.246218 -0.545453 -16.9657 0.349633 0.932289 0.092705 0.0236873 0.485694 -0.26498 0.832999 35.2753
0.902163 -0.217921 -0.372307 -17.0594 0.318448 0.918613 0.233966 0.0356696 0.291021 -0.329636 0.898135 35.8163
0.815238 -0.243836 -0.525291 -17.1649 0.313435 0.948487 0.0461629 0.0334936 0.486976 -0.202278 0.849669 36.2799
0.6398 -0.232519 -0.732524 -17.4749 0.353066 0.935529 0.0114167 0.00846424 0.682643 -0.265934 0.680646 36.7444
0.449921 -0.210956 -0.867795 -17.6971 0.384356 0.922845 -0.0250633 0.0234912 0.806128 -0.322266 0.49629 37.2702
0.124878 -0.223105 -0.966763 -18.0527 0.237712 0.952738 -0.189163 0.0296077 0.963275 -0.206189 0.172011 37.6847
-0.157335 -0.0911129 -0.983333 -18.2674 0.206111 0.970777 -0.122927 -0.0137002 0.965797 -0.222016 -0.133957 37.7659
-0.419245 -0.0607832 -0.905836 -18.6802 0.0856422 0.990659 -0.106113 -0.033496 0.903824 -0.122065 -0.410124 37.8818
-0.757028 -0.112083 -0.643697 -18.7913 -0.0472377 0.991987 -0.117175 -0.0138903 0.651672 -0.0582979 -0.756257 37.8353
-0.919988 -0.0828007 -0.383102 -19.0032 0.029884 0.959768 -0.279201 -0.0467714 0.390807 -0.26831 -0.8805 37.5819
-0.984709 -0.16783 -0.0467061 -19.1794 -0.157374 0.97197 -0.174665 -0.0437018 0.0747108 -0.164644 -0.98352 37.4051
-0.924293 -0.260234 0.279216 -19.2402 -0.29787 0.949209 -0.101368 -0.00767521 -0.238655 -0.176863 -0.954863 37.3092
-0.802813 -0.243267 0.544346 -19.1517 -0.306901 0.951345 -0.0274704 0.0125681 -0.511178 -0.189114 -0.838411 36.8622
-0.580841 -0.357953 0.73109 -19.1594 -0.365722 0.917132 0.15848 0.220417 -0.727235 -0.175325 -0.66362 36.3899
-0.410059 -0.425993 0.806463 -19.0881 -0.5178 0.836641 0.17865 0.429365 -0.750823 -0.34433 -0.563651 36.1792
-0.191925 -0.370913 0.908619 -19.1354 -0.373796 0.883674 0.281774 0.600952 -0.907437 -0.285559 -0.308245 35.8229
-0.0355472 -0.306585 0.951179 -18.9738 -0.368133 0.888869 0.272744 0.752825 -0.929093 -0.340465 -0.144461 35.5815
0.297327 -0.192067 0.935258 -19.0729 -0.245735 0.931164 0.269347 0.843888 -0.922611 -0.309909 0.229663 35.4252
0.411892 0.0994769 0.905786 -19.2704 -0.148019 0.988126 -0.0412104 0.714357 -0.89913 -0.117099 0.421726 35.4119
0.0619961 0.244578 0.967646 -19.3216 -0.0516967 0.968996 -0.241607 0.638274 -0.996737 -0.0350454 0.0727179 35.1894
-0.35641 0.145937 0.922862 -19.2513 0.0159247 0.988532 -0.150172 0.804344 -0.934194 -0.0388265 -0.354647 34.7443
-0.638355 0.113549 0.761321 -19.2487 -0.0321891 0.984257 -0.173789 0.982443 -0.769069 -0.135446 -0.62465 34.4131
-0.594592 -0.0534282 0.80225 -19.253 -0.19108 0.978593 -0.0764478 1.21404 -0.780992 -0.198749 -0.592073 34.1449
-0.570656 -0.132102 0.810494 -19.0059 -0.271356 0.961868 -0.0342825 1.40363 -0.77506 -0.239496 -0.584743 34.0087
-0.338203 -0.254907 0.905892 -18.7099 -0.444589 0.891699 0.0849316 1.54629 -0.829433 -0.374026 -0.414905 34.1445
-0.175185 -0.318844 0.931477 -18.6676 -0.391974 0.890479 0.231091 1.55275 -0.903143 -0.324631 -0.280977 34.0766
-0.326746 -0.242446 0.913486 -18.5507 -0.285347 0.946739 0.149206 1.72673 -0.901007 -0.211908 -0.378525 33.7807
-0.611214 -0.109627 0.783836 -18.6024 -0.167734 0.985807 0.00708067 1.72056 -0.773488 -0.127148 -0.620927 33.4142
-0.58262 -0.0948021 0.807196 -18.3312 -0.147391 0.98903 0.00977321 1.93786 -0.799268 -0.11328 -0.590202 33.1563
-0.141153 -0.102247 0.984694 -18.06 -0.117104 0.989393 0.0859481 1.99908 -0.983037 -0.10318 -0.15163 33.2065
0.206335 -0.0482178 0.977293 -17.8608 -0.0672032 0.995728 0.063316 2.09946 -0.976171 -0.0787415 0.202213 33.1511
0.19188 -0.0309649 0.98093 -17.5578 -0.129375 0.989981 0.0565578 2.2391 -0.972854 -0.137761 0.185951 33.0221
-0.156747 -0.143363 0.977178 -17.4574 -0.112906 0.985523 0.126476 2.36289 -0.981164 -0.0905049 -0.170665 32.6187
-0.3696 -0.0410405 0.928284 -17.3172 -0.136748 0.990549 -0.0106534 2.49337 -0.919073 -0.130878 -0.371719 32.3267
-0.720405 -0.0474035 0.691932 -17.4451 -0.0974731 0.99468 -0.0333397 2.59589 -0.68667 -0.0914628 -0.721192 32.0954
-0.86288 -0.0965655 0.496098 -17.6708 -0.0629129 0.994465 0.0841461 2.74003 -0.501478 0.041397 -0.864179 31.9041
-0.937149 -0.0968542 0.335217 -17.6487 -0.0637539 0.992061 0.108402 2.77492 -0.343055 0.0802175 -0.935884 31.7801
-0.852815 -0.171776 0.493152 -17.5328 -0.158368 0.984951 0.0692121 2.93981 -0.49762 -0.0190746 -0.867185 31.5902
-0.892783 -0.0609682 0.446342 -17.2591 -0.0201728 0.995216 0.0955917 3.02817 -0.450035 0.0763387 -0.889742 31.3802
-0.938687 -0.00637497 0.344712 -17.3485 0.0361868 0.992485 0.116895 3.15895 -0.342867 0.122202 -0.931402 31.1273
-0.989541 0.0605906 0.130907 -17.0462 0.0700321 0.995172 0.0687625 3.33003 -0.126109 0.077211 -0.989007 31.0684
-0.984269 0.161903 -0.0707212 -17.0093 0.156998 0.985103 0.0701643 3.42578 0.0810275 0.0579575 -0.995025 30.7515
-0.907319 0.14475 -0.394739 -16.8482 0.0989761 0.986017 0.13407 3.54171 0.408626 0.0825748 -0.908959 30.699
-0.685268 0.226012 -0.692333 -16.8336 0.158401 0.974124 0.161218 3.62339 0.710856 0.00081155 -0.703337 30.7705
-0.332297 0.247294 -0.910178 -16.8731 0.0526452 0.968374 0.243886 3.63393 0.941704 0.033126 -0.334807 30.8114
0.019211 0.268719 -0.963027 -16.6835 -0.0448014 0.962469 0.267669 3.62176 0.998811 0.0380027 0.0305289 30.7183
0.160396 0.217117 -0.962878 -16.3468 -0.0958629 0.974323 0.203729 3.656 0.982387 0.0596269 0.177091 30.6314
0.0703529 0.308166 -0.948728 -16.2417 -0.21016 0.934316 0.2879 3.591 0.975132 0.17913 0.130496 30.5875
0.0377689 0.306133 -0.951239 -16.2406 -0.216247 0.931866 0.291312 3.59814 0.975608 0.1947 0.101396 30.5799
-0.997663 0.00930942 0.0676966 -134.748 0.000355077 0.991369 -0.131097 11.3591 -0.0683328 -0.130767 -0.989055 2.05002
-0.997893 0.0586044 0.0278396 -134.572 0.0554239 0.993051 -0.103813 11.259 -0.03373 -0.102051 -0.994207 1.72431
-0.972428 0.0835834 -0.217709 -134.537 0.106173 0.989876 -0.0941994 11.3289 0.207632 -0.114717 -0.971457 1.09912
-0.858783 0.230903 -0.457357 -134.685 0.200292 0.97295 0.115117 11.2161 0.471566 0.00725515 -0.881801 0.403081
-0.738157 0.314158 -0.597017 -134.914 0.234504 0.949257 0.209568 11.2296 0.63256 0.0146907 -0.774372 -0.187716
-0.494358 0.261717 -0.828923 -135.099 0.130908 0.965138 0.226652 11.2673 0.859344 0.00353467 -0.511385 -0.495089
-0.180167 0.335904 -0.924504 -135.323 -0.0263301 0.937901 0.345902 11.2501 0.983283 0.0866627 -0.160135 -0.603466
0.246307 0.319145 -0.915139 -135.347 -0.119193 0.947036 0.298188 11.2922 0.961835 0.035632 0.271301 -0.640249
0.602866 0.100066 -0.791542 -135.278 0.0486914 0.98564 0.161689 11.4794 0.796355 -0.136018 0.589336 -0.776637
0.726314 -0.0883016 -0.681667 -135.1 0.217312 0.970346 0.105849 11.569 0.652106 -0.225014 0.723965 -0.804952
0.745407 -0.0510715 -0.66465 -135.07 0.208625 0.964846 0.159835 11.5138 0.633122 -0.257804 0.729858 -0.804478
0.71317 0.131058 -0.688631 -135.182 0.0551642 0.968828 0.241514 11.4142 0.698817 -0.210228 0.68371 -0.890403
0.476864 0.245666 -0.843948 -135.105 0.0105276 0.958483 0.284954 11.3479 0.878914 -0.144769 0.45448 -0.908854
0.191167 0.203296 -0.960274 -135.11 0.171109 0.956435 0.236547 11.3295 0.966528 -0.209531 0.148053 -1.1408
-0.160266 0.235283 -0.958622 -135.048 0.216027 0.955992 0.198522 11.3354 0.963144 -0.175272 -0.204041 -1.44755
-0.476333 0.237263 -0.846648 -134.984 0.244807 0.960617 0.131471 11.3256 0.844497 -0.144642 -0.515658 -1.56425
-0.755864 0.286012 -0.588954 -135.006 0.29172 0.952435 0.0881348 11.3364 0.586147 -0.105192 -0.803347 -1.7427
-0.925952 0.288408 -0.243791 -134.996 0.297391 0.954756 -4.2793e-05 11.2927 0.232748 -0.0725408 -0.969828 -1.92165
-0.869846 0.346966 0.350689 -134.916 0.32746 0.937769 -0.115584 11.1152 -0.368969 0.0142969 -0.929332 -2.23304
-0.659245 0.370837 0.654122 -134.958 0.325036 0.924994 -0.196819 10.9148 -0.678047 0.0828618 -0.730333 -2.45034
-0.601795 0.250025 0.758505 -134.786 0.191453 0.967204 -0.166919 10.7228 -0.775363 0.0447668 -0.629927 -2.77892
-0.816908 0.0598523 0.573654 -134.859 -0.0714967 0.976421 -0.20369 10.6619 -0.572319 -0.20741 -0.793367 -3.00234
-0.77084 -0.163299 0.615743 -134.673 -0.305797 0.942791 -0.132789 10.5187 -0.558832 -0.290652 -0.776678 -3.24672
-0.90874 -0.103071 0.404434 -134.694 -0.170141 0.976338 -0.133475 10.3729 -0.381107 -0.190105 -0.904775 -3.53946
-0.90873 0.0410144 0.415364 -134.528 -0.097279 0.946942 -0.306331 10.0293 -0.405889 -0.318778 -0.856525 -3.96702
-0.884156 0.0710289 0.461762 -134.601 0.0477777 0.99694 -0.0618689 9.88059 -0.464743 -0.0326399 -0.884844 -4.19273
-0.931669 -0.0325261 0.361849 -134.633 0.000235715 0.99593 0.0901296 9.83441 -0.363308 0.0840563 -0.92787 -4.73539
-0.943106 0.038944 0.330202 -134.722 0.0816024 0.989853 0.116325 9.78173 -0.322322 0.136652 -0.936715 -4.80149
-0.849308 -0.0620386 0.52424 -134.703 -0.0238829 0.996569 0.0792421 9.78861 -0.527358 0.0547805 -0.847875 -4.74268
-0.818282 -0.113496 0.563501 -134.939 -0.104712 0.993343 0.0480148 9.82157 -0.565199 -0.0197157 -0.824719 -5.04821
-0.659439 -0.063752 0.74905 -134.909 -0.0724805 0.997147 0.0210583 9.83365 -0.748256 -0.0404048 -0.662178 -5.55826
-0.378178 -0.0529894 0.924215 -134.762 -0.209958 0.977254 -0.0298822 9.83275 -0.901609 -0.205348 -0.380702 -5.94539
-0.183377 -0.0392195 0.98226 -134.512 -0.239166 0.970961 -0.00588138 9.74364 -0.953505 -0.236002 -0.187432 -6.74362
-0.112991 -0.0947035 0.989072 -134.188 -0.191852 0.978794 0.0718024 9.80803 -0.974898 -0.181643 -0.128764 -7.23403
-0.558501 -0.137895 0.817962 -133.777 -0.296403 0.95416 -0.0415276 9.83921 -0.77474 -0.26564 -0.573771 -7.85822
-0.830002 -0.135807 0.540975 -133.637 -0.235124 0.964707 -0.118564 9.86231 -0.50578 -0.225605 -0.83264 -8.11595
-0.857856 -0.136783 0.495353 -133.341 -0.227055 0.965621 -0.126576 9.78704 -0.46101 -0.221056 -0.859421 -8.90319
-0.795763 -0.0425175 0.604114 -133.197 -0.247423 0.933307 -0.26023 9.76027 -0.552759 -0.356553 -0.753211 -9.75334
-0.805463 -0.261553 0.531807 -133.198 -0.233613 0.964811 0.120688 9.748 -0.544659 -0.0270268 -0.838222 -10.172
-0.955874 -0.283685 0.0763347 -133.413 -0.289116 0.954498 -0.0731145 9.73875 -0.0521198 -0.0919578 -0.994398 -10.5048
-0.973333 0.0731002 0.217436 -133.454 -0.0305917 0.898038 -0.438854 9.7507 -0.227346 -0.433803 -0.871854 -10.9623
