0.999989 -0.00364752 0.00279769 0.000167583 0.00364495 0.999993 0.000922216 2.96475e-05 -0.00280104 -0.000912009 0.999996 5.17271e-05
0.902679 -0.0132178 -0.430111 4.83445 0.00458506 0.999767 -0.0211012 0.237743 0.43029 0.0170755 0.902529 0.256559
0.848729 -0.037268 -0.527514 5.59297 0.0212998 0.999113 -0.0363161 0.245746 0.528399 0.0195866 0.84877 0.656125
0.921983 -0.0736938 -0.380153 6.38472 0.0303259 0.99245 -0.11884 0.249351 0.386041 0.0980404 0.917257 1.40218
0.957107 -0.0949665 -0.273728 7.43631 0.0824154 0.994966 -0.0570203 0.291947 0.277764 0.0320152 0.960116 1.79841
0.849027 -0.0571603 -0.525248 8.46162 0.039524 0.998216 -0.0447434 0.282492 0.526869 0.0172284 0.849772 2.24549
0.558017 -0.0682465 -0.827018 9.191 0.0915239 0.995594 -0.0204033 0.329254 0.824767 -0.0643066 0.561805 3.07744
0.164864 -0.0680179 -0.983968 9.30207 0.258939 0.965611 -0.0233637 0.439488 0.95172 -0.250936 0.176807 3.32493
-0.236715 0.0226949 -0.971314 9.55911 0.298403 0.953105 -0.0504533 0.4929 0.92462 -0.301786 -0.232387 3.79936
-0.552141 0.00519454 -0.833734 9.61329 0.216722 0.966501 -0.137503 0.51843 0.805091 -0.25661 -0.534771 4.11187
-0.544158 -0.00600005 -0.838961 9.66366 0.0674509 0.996425 -0.0508755 0.444973 0.836267 -0.084273 -0.541808 4.80138
-0.601409 0.0785481 -0.795071 10.0413 0.037976 0.996841 0.0697558 0.331637 0.798038 0.0117582 -0.602492 4.75669
-0.865776 0.107862 -0.488669 10.1677 0.0578822 0.991525 0.116305 0.288868 0.497072 0.0724089 -0.864683 4.52186
-0.992149 0.0177525 -0.123795 10.0878 0.0106763 0.998283 0.0575911 0.268443 0.124605 0.0558173 -0.990635 4.19975
-0.976747 -0.00790718 0.21425 9.6641 -0.00508998 0.999893 0.0136976 0.320979 -0.214335 0.0122886 -0.976683 3.6236
-0.821113 -0.00841418 0.570704 9.33128 0.0455297 0.995739 0.0801875 0.294179 -0.568947 0.091827 -0.817231 3.1392
-0.589635 -0.0189615 0.807447 8.75844 0.00403188 0.999643 0.0264192 0.316522 -0.80766 0.0188332 -0.589348 2.3404
-0.576549 -0.0521122 0.815399 8.13602 -0.0635276 0.997802 0.0188507 0.343231 -0.814589 -0.040932 -0.578592 1.58124
-0.835618 -0.0208715 0.548914 7.56975 -0.0177974 0.999782 0.0109218 0.338964 -0.549022 -0.000642788 -0.835808 0.695046
-0.958644 -0.0509216 0.280017 6.94855 -0.0357863 0.997622 0.0589043 0.299496 -0.282351 0.0464474 -0.958186 -0.160977
-0.814467 -0.00663082 0.580172 6.23664 -0.000148957 0.999937 0.0112192 0.26706 -0.58021 0.00905127 -0.814417 -0.796881
-0.90481 -0.0268308 0.424969 5.17202 -0.00304197 0.998395 0.0565577 0.262129 -0.425804 0.0498813 -0.903439 -1.20005
-0.995488 -0.0102372 0.0943377 4.48468 -0.00457586 0.998186 0.060033 0.268936 -0.0947811 0.0593304 -0.993729 -1.68183
-0.921619 -0.0911324 -0.377244 4.56175 -0.120408 0.991216 0.0547074 0.267683 0.368945 0.0958424 -0.924497 -1.79086
-0.749326 -0.122314 -0.650807 4.71886 -0.193419 0.980363 0.0384471 0.273936 0.633324 0.154688 -0.758269 -1.81577
-0.468587 -0.0425152 -0.882394 4.92307 -0.205801 0.976613 0.0622336 0.25456 0.859112 0.210759 -0.466378 -1.82472
-0.100142 -0.0604708 -0.993134 5.15325 -0.0912556 0.994503 -0.0513525 0.285002 0.99078 0.0854865 -0.105109 -1.66013
0.246655 -0.111535 -0.962664 5.16351 0.0209359 0.993736 -0.109771 0.343617 0.968877 0.00692132 0.247445 -1.14595
0.338096 -0.152632 -0.928652 5.22866 0.0439077 0.988244 -0.146441 0.361481 0.940087 0.00873623 0.340824 -0.778084
0.622602 -0.110222 0.774737 2.34394 -0.086256 0.974332 0.207936 0.146558 -0.77777 -0.196287 0.597113 -0.422404
0.581403 -0.208999 0.786314 2.4771 0.0599144 0.974818 0.214802 0.11471 -0.811407 -0.0777749 0.579284 -0.515673
0.464522 -0.240974 0.852145 2.63569 0.0628875 0.968812 0.239684 0.110261 -0.883326 -0.0577491 0.465188 -0.561472
0.618429 -0.357133 0.700002 2.97016 0.0295412 0.900703 0.433429 0.225157 -0.785286 -0.247366 0.567571 -0.895728
0.664737 -0.416188 0.620414 3.36481 0.0301899 0.84474 0.534324 0.279632 -0.746468 -0.336455 0.574094 -0.978018
0.79767 -0.444693 0.407396 3.65675 0.208385 0.837129 0.505757 0.241326 -0.565949 -0.318532 0.76042 -0.975797
0.864393 -0.174586 0.471535 3.99301 0.0804126 0.973714 0.21311 0.151733 -0.496346 -0.146293 0.85571 -0.640776
0.974928 -0.165906 0.14829 4.20794 0.136287 0.971994 0.191451 0.171889 -0.1759 -0.166441 0.970235 -0.260378
0.976811 -0.116619 -0.179557 4.36608 0.132393 0.988085 0.0784869 0.130129 0.168265 -0.100439 0.980612 0.0555551
0.862289 -0.0720426 -0.501267 4.32601 0.143337 0.984073 0.105139 0.142554 0.485709 -0.16251 0.858882 0.378575
0.699624 -0.312995 -0.642309 4.3321 0.450696 0.890869 0.0567952 0.251805 0.554436 -0.329221 0.764339 0.580297
0.717572 -0.476425 -0.508045 4.26655 0.648572 0.722956 0.238095 0.318088 0.25386 -0.500354 0.827769 0.69199
0.817077 -0.265434 -0.51179 4.13236 0.388662 0.909265 0.148924 0.207743 0.425824 -0.320596 0.846104 1.10829
0.793638 0.01275 -0.608257 4.09207 0.0996599 0.983551 0.15065 0.0807848 0.600173 -0.18018 0.779312 1.39857
0.571977 -0.0327767 -0.819615 3.90851 0.123355 0.991275 0.0464431 0.101461 0.810942 -0.127668 0.571029 1.56254
0.289083 0.0022805 -0.957301 3.91343 0.0730751 0.997027 0.0244422 0.0778573 0.954511 -0.0770207 0.288057 1.73902
-0.0359018 -0.0632193 -0.997354 4.10051 0.189655 0.97943 -0.0689102 0.161531 0.981194 -0.191627 -0.0231734 1.57571
-0.371614 -0.130852 -0.91912 4.20311 0.116291 0.975659 -0.18592 0.171438 0.921075 -0.175976 -0.347351 1.6186
-0.646813 -0.285598 -0.707154 4.57204 0.0390171 0.913628 -0.404674 0.252171 0.76165 -0.28934 -0.579803 1.61508
-0.855136 -0.272451 -0.441036 4.6697 -0.0822504 0.911288 -0.403472 0.224854 0.511837 -0.308748 -0.801684 1.53217
-0.944026 -0.271738 -0.18701 4.58152 -0.187375 0.908314 -0.373973 0.239947 0.271487 -0.317999 -0.90839 1.54986
-0.988956 -0.113612 0.0951737 4.41666 -0.12996 0.97346 -0.188377 0.154255 -0.0712459 -0.198666 -0.977474 1.39385
-0.85541 -0.107151 0.506746 4.34557 -0.183886 0.977459 -0.103726 0.144957 -0.48421 -0.181912 -0.855832 1.13842
-0.589628 -0.166517 0.790324 4.27025 -0.26915 0.963096 0.00211786 0.183909 -0.76151 -0.211467 -0.612686 1.07069
-0.293293 -0.157309 0.942992 4.30295 -0.300626 0.951509 0.0652285 0.168954 -0.907526 -0.264357 -0.326362 0.934693
0.0555887 -0.185346 0.9811 4.37355 -0.303924 0.932849 0.19345 0.203784 -0.951073 -0.308933 -0.00447507 0.640903
0.140501 -0.0857735 0.986358 4.52129 -0.218697 0.968944 0.115411 0.157459 -0.965625 -0.231928 0.117379 0.245045
-0.254925 -0.028552 0.966539 4.69524 -0.14102 0.989975 -0.00794987 0.104431 -0.956622 -0.138328 -0.256396 -0.226576
-0.594937 0.0573068 0.801727 4.6979 -0.0491087 0.993 -0.107421 0.100067 -0.802271 -0.10328 -0.587958 -0.468601
-0.901424 -0.0572396 0.429137 4.722 -0.152198 0.969849 -0.190339 0.168998 -0.405303 -0.23689 -0.882957 -0.573051
-0.975758 -0.188154 0.111783 4.51351 -0.210506 0.946606 -0.24418 0.195904 -0.059871 -0.261791 -0.963266 -0.656468
-0.95715 -0.108983 -0.268303 4.24952 -0.0290007 0.957899 -0.285636 0.195963 0.288137 -0.265616 -0.920014 -0.886766
-0.747785 -0.0420127 -0.662611 3.74885 0.0794396 0.985165 -0.152115 0.158804 0.659172 -0.166387 -0.733354 -0.924692
-0.488506 -0.1428 -0.860796 3.38954 0.141648 0.960453 -0.239719 0.212207 0.860986 -0.239035 -0.44896 -1.01833
-0.394826 -0.24215 -0.886271 2.80341 0.174543 0.927305 -0.331119 0.22779 0.902024 -0.285427 -0.323858 -0.912272
-0.342155 -0.234029 -0.910033 2.30362 0.19824 0.92871 -0.313366 0.219404 0.918494 -0.287625 -0.271368 -0.757988
-0.492966 -0.256264 -0.831453 1.76148 0.201802 0.895901 -0.395775 0.262986 0.846322 -0.362893 -0.389934 -0.713998
-0.597552 -0.252516 -0.761031 1.07377 0.0249827 0.942793 -0.332442 0.253444 0.801441 -0.217664 -0.557059 -0.866535
-0.508018 -0.127242 -0.851896 0.448806 0.100353 0.97355 -0.205257 0.167352 0.855481 -0.189765 -0.481812 -1.21879
-0.185537 -0.0967873 -0.977859 -0.0961723 0.121142 0.985293 -0.120508 0.145705 0.975141 -0.140819 -0.171083 -1.27801
0.167431 -0.0902007 -0.981749 -0.293305 0.186848 0.980661 -0.0582351 0.148071 0.968016 -0.173687 0.181047 -1.23964
0.625432 -0.146679 -0.766368 -0.483142 0.236132 0.971698 0.00672886 0.183778 0.743691 -0.185173 0.642367 -0.947663
0.867259 -0.145047 -0.47626 -0.526544 0.212646 0.97289 0.0909257 0.195505 0.45016 -0.180131 0.874591 -0.883961
0.950372 -0.257429 -0.174711 -0.498819 0.289558 0.937282 0.19406 0.177296 0.113797 -0.235018 0.965307 -0.771517
0.904197 -0.421289 0.0703064 -0.427386 0.364497 0.846914 0.387141 0.23575 -0.222642 -0.324426 0.919336 -0.580727
0.802397 -0.577625 0.150028 -0.559384 0.363118 0.672043 0.645371 0.306202 -0.473607 -0.463367 0.748991 -0.377793
0.733896 -0.674119 0.0834304 -0.331059 0.307579 0.439313 0.844037 0.381655 -0.605634 -0.593774 0.529755 -0.0532632
0.730929 -0.674783 -0.102034 -0.0637708 0.474003 0.394402 0.787254 0.390961 -0.490983 -0.623791 0.608129 0.326309
0.742991 -0.62868 -0.229621 0.247728 0.622782 0.523718 0.581259 0.369156 -0.245169 -0.574874 0.780648 0.758712
0.779282 -0.498036 -0.380369 0.256013 0.620857 0.696074 0.360579 0.317605 0.0851835 -0.517147 0.851647 1.1486
0.677034 -0.386262 -0.62644 0.304858 0.445414 0.89266 -0.0690244 0.185853 0.58586 -0.232294 0.776407 1.34939
0.582374 -0.286658 -0.760702 0.283159 0.116317 0.955519 -0.271023 0.122936 0.804556 0.0693543 0.589813 1.52649
0.359567 -0.199919 -0.911452 -0.0126137 0.104837 0.97925 -0.173432 0.0908424 0.927211 -0.0331933 0.373065 1.85981
0.416529 -0.0856683 -0.905077 -0.129895 0.195148 0.980769 -0.00302304 0.0675935 0.887931 -0.175365 0.425237 2.41398
0.47747 -0.135652 -0.868113 -0.441386 0.272006 0.962295 -0.000763728 0.0806401 0.835485 -0.235767 0.496366 2.79941
0.673565 -0.0676792 -0.736023 -0.649787 0.193719 0.977154 0.0874286 0.0880012 0.71329 -0.201471 0.671287 3.32449
0.70748 -0.136198 -0.693485 -0.816117 0.181991 0.983272 -0.00744794 0.0874548 0.682899 -0.120939 0.720432 3.94797
0.89195 -0.123146 -0.435041 -0.827469 0.206583 0.966885 0.149857 0.123186 0.40218 -0.223537 0.887853 4.39783
0.821495 -0.242159 -0.516241 -0.808134 0.332723 0.938807 0.0890872 0.177145 0.463077 -0.24495 0.851798 4.86431
0.660458 -0.122477 -0.740806 -1.20415 0.194846 0.980766 0.0115638 0.101755 0.725141 -0.15198 0.671619 5.40372
0.69524 -0.162046 -0.700273 -1.40354 0.305739 0.948396 0.0840797 0.156107 0.650511 -0.272556 0.708906 5.96711
0.682788 -0.218498 -0.697179 -1.57122 0.351382 0.934834 0.0511481 0.175878 0.640571 -0.279899 0.71507 6.47885
0.548522 -0.118388 -0.827712 -1.87132 0.314368 0.946494 0.0729539 0.141774 0.774788 -0.300223 0.55639 6.8026
0.236563 -0.06924 -0.969146 -2.01739 0.179202 0.983455 -0.02652 0.0805446 0.954947 -0.1674 0.245057 6.96269
-0.141142 -0.104331 -0.984477 -2.10837 0.15651 0.979574 -0.12625 0.102459 0.97754 -0.1719 -0.12193 7.12594
-0.399597 -0.128384 -0.907656 -2.31889 0.163052 0.964401 -0.208194 0.119325 0.902073 -0.231189 -0.364438 7.37746
-0.19569 -0.139991 -0.970622 -2.4738 0.10581 0.980967 -0.162815 0.10999 0.974941 -0.134563 -0.177153 7.91414
0.193563 -0.138816 -0.971218 -2.50816 0.164244 0.980554 -0.107416 0.0989311 0.967242 -0.138725 0.212598 8.15923
0.514473 -0.0820136 -0.853576 -2.61447 0.24051 0.969262 0.051833 0.0960521 0.823087 -0.23196 0.518384 8.38794
0.706188 -0.00429184 -0.708011 -2.76021 0.115607 0.98726 0.109325 0.0707505 0.698522 -0.159055 0.697688 8.90695
0.860329 -0.167015 -0.481602 -2.89173 0.313386 0.918452 0.241319 0.0772871 0.402025 -0.358541 0.842511 9.07826
0.95202 -0.150517 -0.266461 -3.02124 0.213948 0.949908 0.227819 0.0607494 0.218823 -0.273897 0.936534 9.53967
0.956378 -0.0888397 -0.278295 -3.28208 0.167485 0.947271 0.273178 0.0488644 0.239352 -0.307871 0.920829 9.73095
0.886142 -0.165142 -0.43299 -3.43082 0.275135 0.939335 0.20482 0.0685783 0.372898 -0.30063 0.87782 10.1461
0.859428 -0.00267096 -0.511249 -3.70861 0.13924 0.963408 0.229035 0.011155 0.49193 -0.268026 0.828352 10.6945
0.641157 -0.0901742 -0.762094 -3.78396 0.214519 0.974544 0.0651647 0.035365 0.736817 -0.205264 0.644179 11.0446
0.574927 -0.255292 -0.777358 -3.88563 0.497121 0.8636 0.0840518 0.0917978 0.649869 -0.434765 0.623418 11.4013
0.175544 -0.45073 -0.87523 -3.93913 0.686131 0.693556 -0.219554 0.196072 0.705981 -0.561981 0.43101 11.4909
-0.15591 -0.472337 -0.86752 -3.96756 0.547654 0.689577 -0.473877 0.220952 0.82205 -0.548983 0.151165 11.6795
0.117861 -0.240599 -0.963442 -4.34178 0.416005 0.892929 -0.172099 0.0599733 0.901692 -0.380513 0.205332 12.0506
0.276189 -0.103957 -0.955464 -4.51931 0.106543 0.991317 -0.0770609 -0.0639035 0.95518 -0.0805144 0.284867 12.4278
0.38695 -0.0301786 -0.921607 -4.62817 0.00138118 0.999482 -0.0321488 -0.0842848 0.9221 0.0111671 0.386791 12.6663
0.631907 -0.162789 -0.757756 -4.80441 0.20943 0.977187 -0.0352818 0.00202397 0.746212 -0.136402 0.651584 12.9633
0.668961 -0.184518 -0.720031 -4.92363 0.259568 0.965704 -0.0063172 0.0203189 0.696503 -0.182671 0.693913 13.4848
0.677604 -0.158744 -0.71809 -5.1361 0.222779 0.974855 -0.00528594 0.0354174 0.700873 -0.156394 0.69593 13.9825
0.817977 -0.198861 -0.539785 -5.21426 0.265679 0.962872 0.0478746 0.0495371 0.510224 -0.18257 0.84044 14.328
0.882741 -0.334109 -0.330363 -5.32503 0.386774 0.915927 0.10716 0.110708 0.266785 -0.22237 0.937751 14.8571
0.922879 -0.277263 -0.267245 -5.55063 0.311609 0.945428 0.0952118 0.0999705 0.226262 -0.171145 0.958913 15.3925
0.922384 -0.24564 -0.29811 -5.80898 0.294603 0.946513 0.131616 0.0965702 0.249834 -0.209225 0.945414 16.0608
0.918147 -0.361178 -0.162961 -5.92038 0.389363 0.898667 0.201977 0.150919 0.0734977 -0.248895 0.965738 16.517
0.935704 -0.124728 -0.330001 -6.22482 0.167289 0.980431 0.103775 0.0781475 0.3106 -0.152309 0.938259 16.9916
0.927132 -0.160367 -0.338686 -6.32856 0.177109 0.98401 0.0188992 0.0740576 0.330239 -0.0775065 0.94071 17.5707
0.891192 0.0762988 -0.447163 -6.53274 -0.0739541 0.997003 0.0227272 -0.0405604 0.447557 0.0128153 0.894164 18.0082
0.651966 0.185047 -0.735322 -6.68326 -0.207242 0.976326 0.0619486 -0.121398 0.729377 0.112001 0.674881 18.1733
0.15737 0.0446 -0.986532 -6.86184 -0.0362532 0.998567 0.039361 -0.0388737 0.986874 0.0295707 0.158761 18.2132
-0.239424 -0.0871963 -0.966992 -7.05342 0.029161 0.994864 -0.0969298 0.0548408 0.970477 -0.0514058 -0.235652 18.2037
-0.321292 -0.297176 -0.899143 -7.248 0.175952 0.914217 -0.365031 0.15732 0.93049 -0.275487 -0.241442 18.3683
-0.32359 -0.358136 -0.875801 -7.3579 0.179104 0.885684 -0.428353 0.178783 0.929091 -0.29547 -0.222455 18.8306
-0.118198 -0.248419 -0.961414 -7.66567 0.156632 0.951416 -0.265092 0.102616 0.980559 -0.181921 -0.0735452 19.3944
0.15705 -0.0919629 -0.9833 -7.79495 0.216479 0.974646 -0.0565781 0.0557352 0.963572 -0.203979 0.172976 20.0615
-0.0001028 -0.0493099 -0.998784 -7.89768 0.199495 0.978706 -0.0483392 0.0291497 0.979899 -0.199257 0.00973645 20.5714
0.0264083 -0.0338978 -0.999076 -8.00312 0.204607 0.97845 -0.0277897 -0.011514 0.978488 -0.203685 0.0327749 20.8444
0.325306 -0.0801593 -0.942205 -8.20816 0.240646 0.970613 0.000509621 -0.0128214 0.914475 -0.226904 0.335037 21.3313
-0.032842 -0.113337 -0.993014 -8.42266 0.245789 0.962121 -0.11794 0.0131195 0.968767 -0.247946 -0.00374102 21.6249
-0.414751 -0.124552 -0.90137 -8.77782 0.188427 0.95736 -0.21899 -0.0141221 0.890212 -0.260669 -0.373598 21.908
-0.663067 -0.202397 -0.720678 -8.88827 0.0148099 0.959018 -0.282959 0.0406096 0.748413 -0.198294 -0.632896 22.1829
-0.421323 -0.149591 -0.894488 -9.34198 0.138792 0.964049 -0.226598 -0.00152872 0.896228 -0.219619 -0.385414 22.6452
-0.0513749 -0.168869 -0.984299 -9.41734 0.238986 0.954885 -0.176296 0.0293621 0.969663 -0.24429 -0.0086999 23.0773
0.383144 -0.10691 -0.917481 -9.5053 0.315386 0.948728 0.0211551 0.00150225 0.868177 -0.297466 0.397218 23.4738
0.541071 -0.267529 -0.797289 -9.5084 0.423004 0.90597 -0.01693 0.0409507 0.726849 -0.328096 0.60336 23.9181
0.390377 -0.310995 -0.866538 -9.63894 0.585429 0.810272 -0.0270643 0.0746614 0.710548 -0.496731 0.498377 24.4833
0.279274 -0.237446 -0.93039 -9.78648 0.364047 0.922787 -0.12623 0.0336493 0.888524 -0.303453 0.344152 25.0874
0.430647 -0.165659 -0.887187 -10.0258 0.37794 0.92577 0.010591 0.000889095 0.819576 -0.339864 0.461289 25.6551
0.328969 -0.122653 -0.936342 -10.3838 0.372875 0.927833 0.00946519 0.000111093 0.867608 -0.352252 0.350962 26.2551
0.0814734 -0.188183 -0.978749 -10.6502 0.300795 0.940866 -0.155861 0.0104549 0.950202 -0.281704 0.13326 26.5373
0.156454 -0.0151881 -0.987568 -10.9632 0.206989 0.978182 0.0177483 -0.0268182 0.965752 -0.207193 0.156185 26.992
-0.120602 -0.0347386 -0.992093 -11.0576 0.109059 0.992875 -0.0480235 -0.0319211 0.986692 -0.113988 -0.115954 27.3018
-0.385384 -0.00604504 -0.922736 -11.4036 0.0744308 0.996517 -0.0376147 -0.0388424 0.919749 -0.0831761 -0.383592 27.351
-0.703148 0.0224407 -0.71069 -11.6542 0.0102181 0.999718 0.0214574 -0.0606881 0.710971 0.00782583 -0.703178 27.4036
-0.601872 -0.149233 -0.784525 -11.9679 0.0412682 0.97526 -0.217174 0.0111997 0.797525 -0.163087 -0.580824 27.3364
-0.746253 -0.181481 -0.640446 -12.2547 -0.0830443 0.979983 -0.180931 0.0326341 0.660462 -0.0818351 -0.746386 27.3107
-0.548679 -0.195486 -0.812857 -12.2954 0.0917595 0.952323 -0.290964 0.0706095 0.830982 -0.234233 -0.504582 27.1996
-0.830906 -0.168405 -0.530316 -12.4992 -0.0388372 0.968327 -0.246647 0.0451347 0.555056 -0.184344 -0.811129 26.9619
-0.955223 -0.232779 -0.182652 -12.468 -0.189427 0.955329 -0.226856 0.0870703 0.227301 -0.182099 -0.956648 26.7816
-0.955439 -0.251415 0.154684 -12.4072 -0.2795 0.939066 -0.200086 0.088442 -0.0949542 -0.234404 -0.967491 26.5837
-0.935852 -0.223064 0.272806 -12.5192 -0.256057 0.962317 -0.0915446 0.0946416 -0.242105 -0.155526 -0.957704 26.504
-0.982444 -0.133352 0.130462 -12.4147 -0.157155 0.968413 -0.193593 0.0838685 -0.100525 -0.210697 -0.972369 26.505
-0.910628 -0.149486 0.385241 -12.4544 -0.16914 0.985438 -0.017428 0.0296899 -0.377026 -0.08103 -0.922651 26.4731
-0.949843 -0.254028 0.182395 -12.6245 -0.291862 0.929547 -0.225296 0.0885037 -0.112313 -0.26723 -0.957065 26.3406
-0.940998 -0.33825 -0.0104863 -12.6221 -0.312454 0.880302 -0.356989 0.150944 0.129983 -0.33265 -0.93405 26.1796
-0.91521 -0.306267 -0.261899 -12.942 -0.173342 0.885913 -0.430246 0.145728 0.36379 -0.348367 -0.863885 26.0957
-0.862369 -0.117608 -0.49243 -12.9652 0.0253563 0.961391 -0.274016 0.0775972 0.505644 -0.248789 -0.826092 26.1114
-0.605953 -0.135739 -0.783834 -13.1946 0.0406589 0.978762 -0.200927 0.0326931 0.794461 -0.153622 -0.587565 26.2813
-0.17386 -0.0420121 -0.983874 -13.2291 0.108368 0.992206 -0.0615176 0.00341633 0.97879 -0.117316 -0.167952 26.3711
0.189591 -0.0220004 -0.981617 -13.1997 0.102188 0.994762 -0.00255834 0.00561358 0.976531 -0.0998239 0.190846 26.2783
0.0405354 -0.254653 -0.966183 -13.3169 0.267871 0.934349 -0.235024 0.0702994 0.962602 -0.249286 0.106088 26.387
0.438947 -0.254827 -0.86162 -13.2983 0.389408 0.918155 -0.0731656 0.097795 0.809745 -0.303406 0.502253 26.4174
0.496915 -0.375387 -0.782407 -13.524 0.411034 0.895862 -0.168769 0.158516 0.764282 -0.237732 0.599464 26.3434
0.283351 -0.236235 -0.929465 -13.8145 0.312139 0.939131 -0.143535 0.102524 0.906797 -0.249452 0.339842 26.445
0.282214 -0.101008 -0.954019 -14.0309 0.144893 0.987522 -0.0616933 0.00882321 0.948347 -0.12082 0.293328 26.2856
0.290285 -0.097882 -0.951921 -14.0579 0.0364606 0.995164 -0.09121 -0.0262383 0.956245 -0.00823073 0.29245 26.3515
0.592769 -0.0689053 -0.80242 -14.1147 0.0931619 0.995511 -0.0166652 -0.0101973 0.799966 -0.0648763 0.596528 26.4317
0.748545 -0.235005 -0.620042 -14.271 0.386985 0.914151 0.12071 0.121179 0.538445 -0.330304 0.775227 26.4156
0.813332 -0.364453 -0.453504 -14.2339 0.52654 0.792668 0.307299 0.242021 0.247482 -0.488724 0.836601 26.6738
0.912365 -0.331991 -0.239526 -14.5157 0.405793 0.81068 0.422054 0.20992 0.0540611 -0.482265 0.874356 26.7759
0.986626 -0.162815 -0.00775975 -14.4413 0.159555 0.954945 0.250245 0.0144248 -0.0333334 -0.248136 0.968152 26.9493
0.963135 -0.0192686 0.268326 -14.5359 0.00278707 0.998093 0.0616697 -0.0708707 -0.269002 -0.0586484 0.961352 26.87
0.764457 0.0653511 0.641354 -14.5867 -0.0460466 0.997843 -0.0467908 -0.112309 -0.643028 0.0062374 0.765817 26.6298
0.448237 0.0217088 0.893651 -14.5413 -0.0879768 0.995923 0.0199341 -0.0434799 -0.889575 -0.0875558 0.448319 26.3321
0.257284 -0.097918 0.961362 -14.5713 -0.218453 0.963205 0.156569 0.0643246 -0.94132 -0.250295 0.226427 26.3693
-0.103847 -0.0518214 0.993242 -14.7802 -0.20121 0.979087 0.0300456 0.0312918 -0.974028 -0.19673 -0.112102 26.4556
0.129979 -0.0793662 0.988335 -15.0648 -0.176941 0.978934 0.101881 0.044325 -0.975601 -0.18812 0.113197 26.6741
-0.0594627 -0.0825174 0.994814 -15.1685 -0.148241 0.986257 0.0729469 0.00480333 -0.987162 -0.143135 -0.070878 26.7058
0.00933479 -0.145261 0.989349 -15.439 -0.158307 0.9767 0.144898 0.0617243 -0.987346 -0.157974 -0.0138786 26.9785
0.254339 -0.107625 0.961108 -15.4981 -0.122466 0.982205 0.142395 0.0311331 -0.95933 -0.153919 0.236632 27.2481
0.579378 -0.0588475 0.812932 -15.5089 -0.132416 0.977344 0.165122 0.0124656 -0.80423 -0.203313 0.558459 27.5215
0.875197 0.0442223 0.481742 -15.4779 -0.139558 0.976556 0.163895 -0.0286734 -0.4632 -0.210671 0.86085 27.9747
0.978072 -0.100731 0.182288 -15.3389 0.0575606 0.971905 0.228225 0.0356807 -0.200156 -0.212728 0.956391 28.207
0.984996 -0.0885555 -0.148123 -15.4953 0.120983 0.966409 0.226751 0.0559282 0.123067 -0.241269 0.962623 28.5826
0.8761 -0.0449341 -0.480031 -15.6439 0.128047 0.981576 0.141816 0.0183484 0.464814 -0.185712 0.865713 28.7684
0.59232 -0.018742 -0.805484 -15.7605 0.108295 0.99251 0.056542 -0.000536464 0.798391 -0.120721 0.589913 28.8764
0.238366 0.0116051 -0.971106 -15.8897 0.06849 0.997238 0.0287288 -0.00723687 0.968757 -0.073359 0.236912 28.9394
0.100984 0.0851727 -0.991236 -16.0939 0.0713117 0.993146 0.0926019 -0.0373914 0.992329 -0.080038 0.0942176 29.1178
0.016219 0.131053 -0.991243 -16.3989 -0.0683105 0.989202 0.129665 -0.0797663 0.997532 0.0656093 0.0249962 29.511
0.319464 0.316733 -0.893097 -16.5198 -0.18837 0.944902 0.267724 -0.13783 0.928687 0.0827047 0.361526 30.0286
0.585929 0.383935 -0.713639 -16.4458 -0.334932 0.91664 0.218155 -0.197944 0.737908 0.111198 0.665678 30.5804
0.808504 0.28734 -0.513574 -16.5288 -0.205474 0.955606 0.211182 -0.100788 0.551455 -0.0652155 0.831652 30.8011
0.707216 0.0976658 -0.700219 -16.6461 0.0757357 0.974248 0.21238 0.0376033 0.702929 -0.20323 0.681607 31.0285
0.488275 0.0121666 -0.872605 -16.8585 0.207592 0.969582 0.129679 0.0876834 0.84764 -0.244465 0.470897 30.8472
0.0892226 0.12168 -0.988551 -17.0145 -0.0497282 0.991816 0.117594 -0.0171615 0.99477 0.0386669 0.0945434 30.7287
-0.260149 0.292141 -0.920313 -17.0766 -0.0728127 0.944481 0.320396 -0.139162 0.962819 0.150361 -0.224434 30.5658
-0.446756 0.36995 -0.814583 -17.0372 -0.0544276 0.897574 0.437491 -0.216478 0.892999 0.239788 -0.380861 30.7249
-0.403913 0.321507 -0.856439 -17.168 0.0154626 0.938472 0.34501 -0.328403 0.914667 0.126111 -0.384032 31.0305
-0.297417 -0.00271994 -0.954744 -17.2204 0.202207 0.977132 -0.065774 -0.27683 0.933089 -0.212618 -0.290065 31.1922
-0.353993 -0.112801 -0.928421 -17.2896 0.212428 0.957056 -0.197276 -0.358133 0.910804 -0.267057 -0.314829 31.4222
-0.278225 0.155806 -0.947795 -17.5407 0.0615597 0.98762 0.144282 -0.527876 0.958541 -0.0182031 -0.284372 31.5204
-0.218225 0.28302 -0.933958 -17.957 -0.0198942 0.955535 0.294207 -0.767099 0.975696 0.0827837 -0.202891 31.6163
0.126077 0.41495 -0.901066 -18.0332 -0.190349 0.901555 0.388542 -0.802051 0.973587 0.122531 0.192651 31.7623
0.389622 0.520311 -0.759915 -18.0752 -0.393227 0.840113 0.373608 -0.842606 0.832807 0.153253 0.531927 31.8027
0.758626 0.367361 -0.538082 -17.9075 -0.378618 0.920688 0.0947725 -0.962671 0.530222 0.131831 0.837548 31.9987
0.899026 0.386575 -0.205702 -17.8183 -0.390418 0.920344 0.023265 -0.971191 0.19831 0.0593938 0.978338 32.0331
0.94682 0.294425 0.129791 -17.9576 -0.302983 0.951598 0.0515947 -1.03826 -0.108319 -0.0881756 0.990198 32.0632
0.964178 0.263905 0.0267385 -17.984 -0.263024 0.964244 -0.0324319 -1.2397 -0.0343413 0.0242372 0.999116 32.3518
0.981479 0.191428 -0.00737916 -18.1246 -0.191557 0.981128 -0.0263457 -1.35228 0.0021966 0.0272713 0.999626 32.558
0.912775 0.297726 -0.279646 -18.3358 -0.309471 0.950906 0.00225907 -1.39728 0.26659 0.0844804 0.960101 32.7092
0.886371 0.195428 -0.419707 -18.3392 -0.262593 0.958832 -0.108104 -1.55891 0.381302 0.206032 0.901199 32.9827
0.890234 0.28131 -0.358257 -18.5108 -0.292697 0.955922 0.0232816 -1.7049 0.349015 0.0841348 0.933333 33.2147
0.9056 0.238567 -0.350678 -18.6948 -0.21225 0.970744 0.112279 -1.71714 0.367205 -0.0272487 0.929741 33.2114
0.944959 -0.0064197 -0.327126 -18.7957 0.0956338 0.961565 0.257384 -1.60908 0.312901 -0.274501 0.909253 33.1484
0.9268 0.0815156 -0.366603 -18.7668 -0.00210531 0.977272 0.211978 -1.65143 0.37555 -0.195689 0.905907 33.266
0.870073 0.224305 -0.438931 -18.8532 -0.157868 0.970365 0.182947 -1.91622 0.466959 -0.0898837 0.879699 33.7184
0.690249 0.242998 -0.681549 -19.023 -0.138231 0.968859 0.205439 -2.02202 0.710246 -0.0475932 0.702343 33.8867
0.338551 0.370949 -0.864743 -18.9619 -0.224636 0.924302 0.308553 -2.08492 0.913741 0.0897911 0.396252 33.9974
0.138694 0.406089 -0.903247 -18.9919 -0.177437 0.907493 0.380752 -2.26082 0.97431 0.107461 0.197919 34.1859
-0.0578874 0.390631 -0.918725 -18.8313 -0.132123 0.909176 0.394896 -2.29489 0.989542 0.144244 -0.00101834 34.4209
-0.0379581 0.339649 -0.939786 -18.8065 -0.0967509 0.934796 0.341753 -2.54461 0.994585 0.103897 -0.00262174 34.8324
0.0276029 0.325196 -0.945244 -19.0919 -0.103874 0.941418 0.320847 -2.70695 0.994207 0.0893295 0.0597652 35.1006
0.396597 0.265971 -0.878618 -19.1417 -0.0747366 0.963286 0.257866 -2.81561 0.914946 -0.036604 0.401914 35.4135
0.61644 0.0920155 -0.782007 -19.3763 0.0704111 0.982728 0.171137 -2.88421 0.784247 -0.160558 0.599314 35.5887
0.665099 0.0430717 -0.745512 -19.6243 0.0901976 0.986392 0.137457 -3.05775 0.741288 -0.158666 0.652163 35.9348
0.756179 0.164722 -0.633293 -19.6963 -0.0657322 0.982024 0.176942 -3.23908 0.651055 -0.092172 0.753413 36.3163
0.855497 0.283285 -0.433445 -19.8085 -0.256376 0.959004 0.120759 -3.43624 0.449885 0.00781602 0.893052 36.5172
0.941957 0.250225 -0.223841 -19.7408 -0.253248 0.967276 0.0155802 -3.60405 0.220415 0.0420116 0.974501 36.8191
0.938644 0.328061 0.106407 -19.6884 -0.318327 0.942824 -0.0987484 -3.7554 -0.132719 0.0588172 0.989407 37.0124
0.839886 0.388026 0.379511 -19.5357 -0.323471 0.919322 -0.224083 -3.80331 -0.435842 0.0654433 0.897641 37.0815
0.813201 0.397804 0.424801 -19.459 -0.252524 0.898813 -0.358282 -3.83728 -0.524343 0.184083 0.831371 37.1921
0.859788 0.359361 0.362802 -19.602 -0.263562 0.920811 -0.287476 -3.93634 -0.437379 0.151548 0.886416 37.7192
0.624402 0.36702 0.689506 -19.4593 -0.102271 0.913548 -0.393663 -3.93646 -0.774379 0.175287 0.607957 37.8525
0.23073 0.440604 0.867544 -19.4449 0.0616225 0.883194 -0.464942 -3.95451 -0.971065 0.160736 0.176628 37.8645
-0.188052 0.447426 0.874326 -19.514 0.221017 0.886654 -0.406198 -3.9426 -0.956968 0.116854 -0.265626 37.8009
-0.522614 0.298862 0.798471 -19.6291 0.146103 0.954087 -0.26148 -3.88356 -0.839957 -0.0199943 -0.542284 37.8314
-0.512115 0.031741 0.85833 -19.6514 -0.120332 0.98681 -0.108287 -3.78063 -0.850446 -0.15874 -0.501541 37.9063
-0.643593 -0.214378 0.734731 -19.6778 -0.453518 0.880108 -0.140467 -3.6395 -0.61653 -0.423617 -0.663656 37.986
-0.823243 -0.28633 0.490189 -19.7132 -0.476014 0.818669 -0.321234 -3.62197 -0.309324 -0.497791 -0.810261 37.9566
-0.855351 -0.420213 0.302977 -19.7068 -0.51784 0.710131 -0.477029 -3.59957 -0.0146997 -0.564921 -0.825014 37.9821
-0.765727 -0.434445 0.474258 -19.5796 -0.628508 0.661974 -0.408373 -3.6099 -0.13653 -0.610777 -0.779943 37.9388
-0.639439 -0.299869 0.707953 -19.4577 -0.547865 0.82374 -0.145931 -3.62765 -0.539409 -0.481177 -0.691019 37.7388
-0.629138 -0.131842 0.766031 -19.2131 -0.359669 0.923037 -0.13653 -3.67847 -0.689075 -0.361414 -0.628137 37.6346
-0.385604 -0.0851563 0.918726 -19.3019 -0.257397 0.966129 -0.0184838 -3.71981 -0.886034 -0.243605 -0.394463 37.4251
-0.425323 0.0474504 0.903797 -19.0559 -0.18057 0.974098 -0.136117 -3.77167 -0.886846 -0.221092 -0.405738 37.2406
-0.320889 -0.0485562 0.945871 -19.0801 -0.248348 0.968054 -0.0345575 -3.61584 -0.913977 -0.245994 -0.322697 36.787
-0.530253 -0.11153 0.840472 -18.9886 -0.374613 0.920116 -0.114244 -3.56946 -0.76059 -0.375429 -0.529675 36.5982
-0.809518 -0.0161392 0.586873 -18.9945 -0.199094 0.947935 -0.248558 -3.481 -0.552306 -0.318055 -0.770584 36.4169
-0.842482 0.0740585 0.53361 -19.2129 -0.020119 0.98549 -0.168539 -3.37588 -0.538349 -0.152726 -0.828767 36.0863
-0.770533 0.00140107 0.637399 -19.2507 -0.1162 0.982931 -0.142632 -3.22731 -0.626719 -0.183969 -0.757218 35.8188
-0.51718 -0.0709681 0.852929 -19.3554 -0.230217 0.971363 -0.0587717 -3.0969 -0.824333 -0.226755 -0.518708 35.5443
-0.18888 -0.0544584 0.980489 -19.3333 -0.256767 0.966464 0.00421617 -3.01811 -0.947837 -0.250961 -0.196529 35.4653
0.142817 -0.0394386 0.988963 -19.1344 -0.238326 0.968435 0.0730367 -2.94159 -0.960627 -0.246126 0.12891 35.4054
0.1764 -0.0316329 0.98381 -19.1248 -0.231332 0.970157 0.0726723 -2.75209 -0.956749 -0.240406 0.163818 35.0603
-0.0326689 -0.0755816 0.996604 -18.9299 -0.344248 0.936974 0.0597748 -2.60847 -0.93831 -0.341126 -0.0566287 34.8142
-0.228239 -0.220144 0.94839 -18.8419 -0.413301 0.903884 0.110348 -2.54862 -0.881527 -0.366785 -0.297287 34.6778
-0.464577 -0.221898 0.85728 -18.8153 -0.337171 0.9395 0.06046 -2.42441 -0.818831 -0.260961 -0.511287 34.3314
-0.633724 -0.377273 0.675322 -18.7736 -0.516215 0.856439 -0.00596254 -2.31256 -0.576122 -0.352389 -0.737499 34.3039
-0.656778 -0.297591 0.69288 -18.7014 -0.430766 0.902224 -0.0208179 -2.19347 -0.618937 -0.312142 -0.720753 34.0493
-0.648952 -0.279024 0.707818 -18.4602 -0.447452 0.892395 -0.0584542 -2.01495 -0.615344 -0.354649 -0.703972 33.8675
-0.707243 -0.164994 0.687448 -18.2984 -0.281122 0.957836 -0.0593268 -1.91436 -0.648674 -0.235215 -0.723806 33.5072
-0.840331 -0.207479 0.500795 -18.178 -0.282519 0.956088 -0.0779599 -1.73167 -0.462629 -0.206997 -0.862048 33.2608
-0.739529 -0.303263 0.600939 -18.2412 -0.382105 0.924111 -0.00387562 -1.54001 -0.554159 -0.232488 -0.799285 32.8867
-0.470699 -0.296157 0.831104 -18.0759 -0.354203 0.926169 0.129428 -1.49703 -0.808074 -0.233457 -0.540846 32.7722
-0.164156 -0.267337 0.949517 -17.9373 -0.241158 0.944243 0.22416 -1.38493 -0.956502 -0.192187 -0.219474 32.7881
0.183998 -0.2416 0.952772 -17.8503 -0.192373 0.941724 0.275949 -1.313 -0.963918 -0.234061 0.126798 32.6219
0.152993 -0.191249 0.969545 -17.6215 -0.227493 0.947929 0.222883 -1.16066 -0.961686 -0.254664 0.101519 32.4137
0.118656 -0.318062 0.940615 -17.5495 -0.320646 0.884281 0.339461 -0.938516 -0.939738 -0.341883 0.00293977 32.1074
0.0822703 -0.227944 0.970192 -17.2294 -0.316735 0.91704 0.242315 -0.876806 -0.94494 -0.327229 0.00324727 32.0213
-0.245157 -0.307876 0.919299 -17.1822 -0.353666 0.911291 0.210879 -0.698857 -0.902673 -0.273426 -0.332294 31.8588
-0.497254 -0.299518 0.814265 -17.2938 -0.383099 0.91787 0.103678 -0.560699 -0.778443 -0.260389 -0.57116 31.4507
-0.656753 -0.253085 0.710369 -17.1364 -0.373094 0.927681 -0.0144262 -0.414513 -0.655345 -0.274509 -0.703682 31.2368
-0.83903 -0.319136 0.44066 -17.2367 -0.388799 0.918242 -0.0752726 -0.389981 -0.38061 -0.234484 -0.894513 31.1365
-0.938401 -0.0942822 0.332437 -17.2174 -0.159736 0.971454 -0.175387 -0.283142 -0.306411 -0.217686 -0.926674 30.6409
-0.767816 -0.135317 0.626217 -16.9869 -0.244315 0.965422 -0.0909444 -0.116537 -0.592258 -0.222823 -0.774326 30.6405
-0.748353 -0.0356807 0.662341 -16.449 -0.196999 0.965452 -0.170572 0.0206175 -0.633372 -0.258128 -0.729527 30.4134
-0.477563 -0.123195 0.869917 -16.1837 -0.259851 0.965631 -0.00590228 0.0565792 -0.839292 -0.228867 -0.493162 30.421
-0.128773 -0.155717 0.979372 -15.9482 -0.304106 0.946213 0.11046 0.0750064 -0.943895 -0.283608 -0.169201 30.4959
0.251089 -0.118619 0.960668 -15.8053 -0.219918 0.959518 0.175957 0.0523281 -0.942651 -0.255449 0.214838 30.6026
0.548475 -0.201741 0.811465 -15.6284 -0.0943326 0.949334 0.299776 0.0888836 -0.830829 -0.240967 0.501655 30.6785
0.685674 -0.165202 0.708914 -15.3883 -0.0750864 0.952658 0.294627 0.0784664 -0.724026 -0.255248 0.640808 30.8237
0.771747 -0.12531 0.623461 -15.3598 -0.0817116 0.952726 0.292636 0.0426966 -0.630658 -0.276785 0.725025 31.06
0.896987 -0.211533 0.38816 -15.1483 0.0787082 0.94047 0.330638 0.0357735 -0.434994 -0.266027 0.860238 31.1857
0.950203 -0.127947 0.284154 -15.0461 0.0216716 0.936751 0.349326 -0.00912371 -0.310876 -0.325773 0.892876 31.6656
0.980161 -0.137515 -0.142741 -14.9501 0.167239 0.960312 0.223231 0.00266279 0.106378 -0.242674 0.964258 32.0465
0.87642 -0.163967 -0.452773 -15.1772 0.28382 0.935461 0.210616 0.00980095 0.389017 -0.313094 0.866394 32.323
0.588298 -0.214989 -0.779542 -15.4441 0.379792 0.924531 0.031643 0.000732664 0.713907 -0.314679 0.625551 32.5559
0.327982 -0.161923 -0.930703 -15.5776 0.306304 0.950203 -0.0573733 0.00480899 0.893648 -0.266261 0.361247 32.753
0.11079 -0.0155319 -0.993722 -15.9003 0.249163 0.968379 0.0126433 -0.0419066 0.962104 -0.249 0.111156 32.8867
-0.194063 -0.140635 -0.970856 -16.0229 0.177419 0.968319 -0.175731 0.00724651 0.964812 -0.206351 -0.162964 33.1974
0.030299 -0.0283034 -0.99914 -16.367 0.218607 0.975587 -0.0210069 -0.0245341 0.975343 -0.217782 0.0357466 33.4083
0.0877278 -0.030583 -0.995675 -16.5853 0.13739 0.990348 -0.0183141 -0.0132485 0.986624 -0.135189 0.0910829 33.8123
0.338917 0.115569 -0.933691 -16.8955 0.209386 0.95827 0.194616 -0.0585262 0.91722 -0.26146 0.300575 34.0878
0.47291 -0.0993828 -0.875488 -16.8758 0.269626 0.962277 0.0364083 0.0063898 0.838843 -0.253272 0.481866 34.4644
0.734666 -0.129693 -0.665917 -16.934 0.321305 0.93101 0.173154 0.00100895 0.597519 -0.341173 0.725653 34.7897
0.804956 -0.240354 -0.542473 -16.9538 0.348572 0.931433 0.104543 0.0316995 0.48015 -0.273244 0.833543 35.2784
0.905216 -0.211409 -0.368633 -17.0488 0.314888 0.916211 0.247796 0.0477753 0.285359 -0.340387 0.895939 35.8185
0.82396 -0.226053 -0.519605 -17.1539 0.318772 0.943036 0.0952253 0.0474744 0.46848 -0.244098 0.849083 36.2819
0.643362 -0.227212 -0.731068 -17.4619 0.353998 0.935012 0.0209326 0.0331572 0.678801 -0.272264 0.681983 36.7478
0.450845 -0.208843 -0.867827 -17.6834 0.382084 0.923821 -0.0238214 0.0508891 0.806691 -0.320843 0.496295 37.2739
0.128187 -0.216339 -0.967866 -18.0328 0.247169 0.952092 -0.180077 0.058858 0.960456 -0.216143 0.175519 37.6909
-0.151984 -0.08682 -0.984562 -18.2522 0.211736 0.970149 -0.118234 0.0165674 0.965437 -0.226437 -0.129064 37.7701
-0.417747 -0.055459 -0.906869 -18.6664 0.0906329 0.990613 -0.10233 -0.00216004 0.904031 -0.12494 -0.4088 37.8866
-0.756606 -0.107766 -0.644929 -18.7777 -0.0417781 0.992277 -0.116795 0.0164559 0.652535 -0.0614238 -0.755265 37.8405
-0.919526 -0.0790098 -0.385005 -18.9901 0.0349923 0.959238 -0.280426 -0.0174463 0.391468 -0.271332 -0.879279 37.5873
-0.985305 -0.163878 -0.0481453 -19.1667 -0.153011 0.972137 -0.17759 -0.0147224 0.0759069 -0.167613 -0.982926 37.4105
-0.925699 -0.256355 0.278142 -19.2275 -0.294729 0.949732 -0.105565 0.0209872 -0.237099 -0.179698 -0.954721 37.3146
-0.804429 -0.239351 0.543696 -19.1394 -0.30507 0.95178 -0.0323659 0.0391732 -0.509732 -0.191901 -0.838658 36.8675
-0.582844 -0.354181 0.731334 -19.1465 -0.365484 0.918098 0.153354 0.245488 -0.725751 -0.177909 -0.664555 36.3946
-0.412721 -0.422662 0.806857 -19.0744 -0.518346 0.837384 0.173511 0.453457 -0.748985 -0.34662 -0.564691 36.1832
-0.194081 -0.367361 0.909603 -19.1212 -0.375746 0.884358 0.276993 0.624133 -0.906172 -0.288021 -0.309672 35.8264
-0.0376665 -0.303097 0.952215 -18.9591 -0.370807 0.889099 0.268339 0.774512 -0.927946 -0.34298 -0.14588 35.5844
0.295617 -0.188966 0.936431 -19.0578 -0.249612 0.930909 0.26665 0.864383 -0.922119 -0.312571 0.228024 35.4282
0.410885 0.103865 0.905751 -19.2559 -0.152526 0.987318 -0.044027 0.735955 -0.898838 -0.12006 0.421517 35.4154
0.0612749 0.248759 0.966625 -19.3077 -0.0549782 0.967816 -0.24558 0.660136 -0.996606 -0.0380955 0.0729792 35.193
-0.356899 0.15011 0.922003 -19.237 0.014569 0.987779 -0.155179 0.824776 -0.934029 -0.0419507 -0.354724 34.7473
-0.638964 0.117625 0.76019 -19.2338 -0.0318389 0.983349 -0.178916 1.00185 -0.768577 -0.138525 -0.62458 34.4155
-0.59588 -0.0494203 0.801551 -19.2373 -0.190953 0.978198 -0.0816448 1.23263 -0.780041 -0.201709 -0.592326 34.1466
-0.572273 -0.128179 0.809983 -18.9894 -0.271309 0.961681 -0.039501 1.42075 -0.773883 -0.242361 -0.585121 34.0097
-0.340613 -0.251396 0.905971 -18.6928 -0.445678 0.891625 0.0798561 1.56255 -0.827861 -0.376571 -0.415741 34.1449
-0.177437 -0.315314 0.932252 -18.6505 -0.393963 0.890827 0.226319 1.56861 -0.901837 -0.327116 -0.282287 34.0769
-0.328515 -0.238578 0.91387 -18.5331 -0.286711 0.947104 0.144188 1.74122 -0.899931 -0.214648 -0.379541 33.7804
-0.612424 -0.105569 0.783449 -18.585 -0.167519 0.985867 0.0018948 1.73417 -0.772576 -0.130082 -0.621453 33.414
-0.583747 -0.0906783 0.806856 -18.313 -0.147358 0.989073 0.00454542 1.94951 -0.798452 -0.116244 -0.59073 33.1552
-0.14235 -0.0982151 0.984932 -18.0416 -0.119479 0.989494 0.081402 2.00981 -0.982579 -0.106091 -0.152589 33.2051
0.205029 -0.0441958 0.977758 -17.842 -0.0708712 0.995687 0.0598674 2.10907 -0.976187 -0.0815694 0.201013 33.1497
0.190357 -0.0270437 0.981342 -17.5385 -0.133136 0.989674 0.0530984 2.24642 -0.972645 -0.140759 0.184791 33.0196
-0.157956 -0.139335 0.977566 -17.4379 -0.11522 0.985833 0.121896 2.36933 -0.980701 -0.0933806 -0.171772 32.6157
-0.370881 -0.0370421 0.927941 -17.2975 -0.137996 0.99031 -0.0156228 2.49849 -0.91837 -0.133847 -0.372399 32.3231
-0.721347 -0.0434436 0.69121 -17.4253 -0.0966584 0.994578 -0.0383619 2.60086 -0.685796 -0.0944835 -0.721635 32.0915
-0.863538 -0.0925622 0.495716 -17.6508 -0.0610225 0.994967 0.0794832 2.74535 -0.500578 0.0383869 -0.86484 31.8998
-0.937655 -0.0928612 0.334933 -17.6287 -0.0611139 0.992684 0.104135 2.77975 -0.342153 0.0771732 -0.93647 31.7756
-0.853832 -0.167881 0.492734 -17.5123 -0.156526 0.985562 0.0645592 2.9436 -0.496458 -0.022003 -0.867782 31.5851
-0.893222 -0.057155 0.445968 -17.2384 -0.0182299 0.995676 0.0910928 3.03026 -0.449245 0.0732362 -0.890402 31.3746
-0.938791 -0.00232908 0.344478 -17.3275 0.0388481 0.992883 0.112584 3.16063 -0.342289 0.119075 -0.932019 31.1213
-0.98935 0.0646955 0.130387 -17.0246 0.0736562 0.995156 0.065111 3.3304 -0.125543 0.0740214 -0.989323 31.0615
-0.983546 0.166036 -0.0712064 -16.9874 0.161341 0.984601 0.0673087 3.42504 0.0812855 0.0547127 -0.995188 30.7442
-0.906587 0.148766 -0.394928 -16.826 0.103887 0.985681 0.132817 3.53992 0.409032 0.0793821 -0.909061 30.6915
-0.684157 0.229755 -0.6922 -16.8113 0.163289 0.973245 0.161648 3.62182 0.71082 -0.00243622 -0.703369 30.7626
-0.331424 0.251043 -0.90947 -16.8507 0.0569112 0.967515 0.246326 3.63262 0.941764 0.0298795 -0.334945 30.8036
0.0197657 0.272049 -0.96208 -16.6613 -0.0416596 0.961657 0.271073 3.61944 0.998936 0.034722 0.0303412 30.7103
0.160785 0.22044 -0.962057 -16.3248 -0.0932523 0.973772 0.20754 3.65215 0.982574 0.0563448 0.177124 30.623
0.0704516 0.311021 -0.947788 -16.2199 -0.207191 0.93399 0.291092 3.5867 0.975761 0.175865 0.130242 30.5792
0.0386482 0.306204 -0.951181 -16.2193 -0.212838 0.932572 0.291565 3.5939 0.976323 0.191179 0.101214 30.5715
-0.997736 0.00848476 0.0667209 -134.755 -0.000367696 0.991308 -0.131561 11.2429 -0.0672572 -0.131288 -0.98906 2.11795
-0.997966 0.0577305 0.0270337 -134.579 0.0546331 0.993084 -0.103919 11.1428 -0.032846 -0.10223 -0.994218 1.79236
-0.972335 0.0826902 -0.218466 -134.546 0.105358 0.989961 -0.0942166 11.2124 0.208482 -0.114627 -0.971286 1.16681
-0.858533 0.230118 -0.458221 -134.694 0.199505 0.973136 0.114912 11.0997 0.472355 0.00723832 -0.881379 0.471102
-0.73774 0.313396 -0.597933 -134.924 0.233588 0.949506 0.209462 11.1129 0.633385 0.0148582 -0.773694 -0.11966
-0.493531 0.260966 -0.829653 -135.109 0.129891 0.96534 0.226378 11.1504 0.859974 0.00396008 -0.510322 -0.426896
-0.179141 0.335252 -0.92494 -135.333 -0.027112 0.938109 0.345277 11.1331 0.98345 0.0869302 -0.158964 -0.535049
0.247175 0.318387 -0.915169 -135.357 -0.119316 0.947288 0.297336 11.1754 0.961597 0.0357001 0.272135 -0.571816
0.603386 0.0991422 -0.791262 -135.288 0.0489938 0.985758 0.160873 11.3626 0.795943 -0.135835 0.589936 -0.708185
0.726542 -0.0892698 -0.681299 -135.11 0.217792 0.970318 0.105115 11.4524 0.651693 -0.224752 0.724419 -0.736601
0.74563 -0.0520559 -0.664324 -135.08 0.209125 0.964857 0.159114 11.3973 0.632695 -0.257567 0.730312 -0.736158
0.713603 0.130096 -0.688364 -135.192 0.0555981 0.968989 0.240769 11.2976 0.698341 -0.210085 0.68424 -0.822035
0.477536 0.244757 -0.843833 -135.115 0.0106795 0.958727 0.284127 11.2313 0.878547 -0.144692 0.455213 -0.840558
0.191805 0.20234 -0.960349 -135.12 0.170933 0.956674 0.235705 11.213 0.966433 -0.209365 0.148908 -1.07249
-0.159524 0.234345 -0.958976 -135.059 0.215344 0.956283 0.197865 11.2192 0.96342 -0.174946 -0.203015 -1.37932
-0.475526 0.236361 -0.847354 -134.995 0.243519 0.960956 0.131389 11.2095 0.845325 -0.143868 -0.514518 -1.49619
-0.755411 0.285168 -0.589943 -135.018 0.290501 0.952767 0.0885703 11.2205 0.587336 -0.104472 -0.802572 -1.67461
-0.925795 0.287677 -0.245246 -135.009 0.296076 0.95516 0.00273845 11.177 0.235037 -0.0700762 -0.969457 -1.85391
-0.87065 0.346206 0.349442 -134.931 0.329232 0.937941 -0.108961 11.0004 -0.365479 0.0201807 -0.930601 -2.16659
-0.660357 0.369552 0.653728 -134.975 0.331134 0.924625 -0.188199 10.8015 -0.674003 0.092193 -0.732954 -2.38583
-0.601947 0.247519 0.759206 -134.806 0.200745 0.96712 -0.15614 10.6131 -0.772891 0.0584191 -0.631843 -2.71705
-0.815992 0.0569094 0.575255 -134.879 -0.0667612 0.979205 -0.191571 10.5526 -0.574196 -0.194725 -0.795224 -2.94181
-0.769886 -0.165173 0.616436 -134.694 -0.30235 0.945046 -0.124391 10.4091 -0.562015 -0.282146 -0.777517 -3.18233
-0.907693 -0.105913 0.40605 -134.712 -0.168797 0.978044 -0.122222 10.2673 -0.38419 -0.17948 -0.905641 -3.48097
-0.907967 0.039416 0.417184 -134.544 -0.0955135 0.949893 -0.297624 9.92988 -0.408011 -0.31008 -0.858707 -3.91327
