1 -0.000235864 -6.52707e-05 8.23594e-06 0.000235837 1 -0.000404693 -4.57949e-05 6.53661e-05 0.000404678 1 2.11394e-05
0.90144 -0.00986058 -0.432791 4.83431 0.000937976 0.999783 -0.0208251 0.220848 0.432902 0.0183666 0.901254 0.270698
0.847262 -0.0339057 -0.530091 5.5917 0.0176914 0.999208 -0.0356346 0.22574 0.53088 0.0208138 0.847192 0.672447
0.920949 -0.0705546 -0.383242 6.38129 0.0266232 0.992567 -0.118754 0.225642 0.388772 0.0991631 0.915982 1.42079
0.956564 -0.0915974 -0.276759 7.43185 0.0787049 0.995246 -0.0573628 0.264073 0.280697 0.0330889 0.959226 1.82015
0.847598 -0.0537431 -0.52791 8.45581 0.0358497 0.998385 -0.0440799 0.250464 0.529426 0.0184366 0.848156 2.27023
0.555883 -0.0646132 -0.828745 9.18288 0.0884748 0.99591 -0.0183015 0.293536 0.826538 -0.0631495 0.559327 3.10439
0.162969 -0.0638876 -0.984561 9.29359 0.257055 0.966187 -0.0201466 0.403065 0.952557 -0.249803 0.173881 3.35235
-0.238407 0.0269021 -0.970793 9.54942 0.297967 0.95343 -0.0467537 0.454934 0.924325 -0.300411 -0.23532 3.82761
-0.553762 0.00931518 -0.832623 9.60276 0.217548 0.966826 -0.13387 0.47985 0.803754 -0.255267 -0.537417 4.14031
-0.546391 -0.00228432 -0.837527 9.65084 0.0682072 0.996553 -0.0472154 0.405279 0.834749 -0.0829235 -0.544351 4.82987
-0.60363 0.0819806 -0.793038 10.0282 0.0389839 0.996544 0.073345 0.290689 0.796311 0.0133576 -0.60474 4.78614
-0.867041 0.111095 -0.485693 10.1552 0.0602184 0.991044 0.119186 0.247802 0.494584 0.0740919 -0.865966 4.55163
-0.992474 0.0210848 -0.120627 10.0761 0.0139871 0.998137 0.0593874 0.228095 0.121655 0.0572533 -0.99092 4.22926
-0.976107 -0.00441162 0.217244 9.65435 -0.00133806 0.999897 0.0142931 0.282909 -0.217284 0.0136609 -0.976013 3.65192
-0.819209 -0.00514839 0.573471 9.3229 0.0492509 0.995634 0.0792938 0.257957 -0.571376 0.0932022 -0.815379 3.16648
-0.587334 -0.0156667 0.809193 8.75411 0.00716529 0.999673 0.0245553 0.284349 -0.809313 0.0202203 -0.587029 2.36454
-0.573467 -0.0483602 0.8178 8.13465 -0.0597522 0.998066 0.01712 0.315225 -0.817046 -0.0390476 -0.575248 1.60166
-0.833739 -0.0175825 0.551879 7.57269 -0.0140279 0.999845 0.0106621 0.315839 -0.551981 0.00114767 -0.833856 0.711183
-0.958416 -0.0486266 0.2812 6.95507 -0.0333741 0.997713 0.0587804 0.281072 -0.283416 0.0469513 -0.957847 -0.149281
-0.814566 -0.00523146 0.580047 6.24389 0.000461368 0.999953 0.00966652 0.252046 -0.58007 0.00814163 -0.814526 -0.787632
-0.90596 -0.0291001 0.422363 5.17889 -0.0120288 0.999001 0.043028 0.24995 -0.423193 0.0339011 -0.905405 -1.19182
-0.995623 -0.0109178 0.0928213 4.49049 -0.00614583 0.998652 0.051542 0.249215 -0.0932588 0.0507459 -0.994348 -1.67217
-0.921663 -0.090097 -0.377386 4.56768 -0.118961 0.991438 0.0538337 0.248936 0.369304 0.0945106 -0.92449 -1.78176
-0.749625 -0.120109 -0.650873 4.72547 -0.191408 0.980717 0.0394719 0.25711 0.633581 0.154171 -0.75816 -1.8066
-0.46875 -0.0405548 -0.882399 4.92719 -0.20432 0.976833 0.0636444 0.238719 0.859376 0.210125 -0.466177 -1.81725
-0.105766 -0.0624427 -0.992429 5.15354 -0.094305 0.994158 -0.0525011 0.270139 0.989909 0.0880381 -0.111037 -1.6532
0.247079 -0.109327 -0.962808 5.16555 0.0208598 0.993985 -0.107514 0.327971 0.968771 0.00648043 0.247873 -1.13948
0.338488 -0.15039 -0.928875 5.233 0.0435549 0.988591 -0.144187 0.346372 0.939962 0.00834849 0.341176 -0.770906
0.622484 -0.107497 0.775215 2.34835 -0.0878597 0.974662 0.205704 0.139157 -0.777686 -0.196158 0.597267 -0.414796
0.581895 -0.206084 0.78672 2.48131 0.0583988 0.975452 0.212328 0.107369 -0.811165 -0.0776093 0.579646 -0.508477
0.465315 -0.238018 0.852543 2.63968 0.0618564 0.969557 0.236926 0.102534 -0.882981 -0.05751 0.465872 -0.554422
0.618751 -0.354402 0.701104 2.97492 0.0279142 0.901813 0.431223 0.216472 -0.785091 -0.247249 0.567891 -0.888103
0.665011 -0.413628 0.62183 3.36974 0.0284188 0.846034 0.532371 0.269744 -0.746292 -0.336361 0.574377 -0.970239
0.798381 -0.44221 0.408704 3.66156 0.206198 0.838477 0.504419 0.230534 -0.565748 -0.318444 0.760607 -0.967929
0.864677 -0.171809 0.472034 3.99749 0.0780382 0.974226 0.211644 0.139845 -0.49623 -0.146167 0.855798 -0.632834
0.975234 -0.163402 0.14906 4.21248 0.133692 0.972391 0.191263 0.159228 -0.176197 -0.166598 0.970155 -0.252411
0.977213 -0.113969 -0.17907 4.37049 0.12977 0.988383 0.0791151 0.116988 0.167973 -0.10055 0.98065 0.0635378
0.862423 -0.0695932 -0.501382 4.33122 0.14112 0.984289 0.106117 0.129658 0.486119 -0.162272 0.858694 0.387089
0.700349 -0.310972 -0.642501 4.33753 0.449001 0.891655 0.0578648 0.240041 0.554896 -0.32901 0.764097 0.588753
0.718839 -0.474683 -0.507884 4.27206 0.646952 0.724155 0.238855 0.306422 0.254406 -0.500275 0.827649 0.700445
0.817729 -0.263375 -0.511814 4.13748 0.386768 0.909947 0.14969 0.196203 0.426299 -0.320359 0.845955 1.11665
0.793594 0.0149114 -0.608265 4.09679 0.0977468 0.983591 0.151641 0.0692176 0.600545 -0.179797 0.779114 1.40686
0.571891 -0.0306185 -0.819758 3.91321 0.121831 0.991391 0.0479646 0.0902198 0.811232 -0.127303 0.570698 1.57077
0.288831 0.00442874 -0.95737 3.91801 0.0720975 0.997049 0.0263636 0.0665375 0.954661 -0.0766386 0.28766 1.74723
-0.0359938 -0.0607718 -0.997502 4.10522 0.189455 0.979634 -0.0665195 0.148827 0.981229 -0.191376 -0.0237472 1.58417
-0.371774 -0.12845 -0.919394 4.20797 0.116996 0.976001 -0.183668 0.158442 0.920921 -0.175849 -0.347823 1.62715
-0.646558 -0.283794 -0.708113 4.57839 0.0408352 0.914022 -0.403603 0.237996 0.761771 -0.289869 -0.579379 1.62401
-0.855223 -0.270512 -0.44206 4.67583 -0.0800689 0.911693 -0.402994 0.210475 0.512038 -0.309255 -0.80136 1.54099
-0.94434 -0.269981 -0.187968 4.58794 -0.185291 0.908646 -0.374205 0.225692 0.271825 -0.318548 -0.908096 1.55878
-0.989261 -0.111368 0.0946519 4.4222 -0.127692 0.97364 -0.188997 0.140491 -0.0711087 -0.199054 -0.977405 1.40255
-0.85573 -0.104403 0.506779 4.34995 -0.181565 0.977741 -0.105156 0.13165 -0.48452 -0.181998 -0.855638 1.14658
-0.590167 -0.163836 0.790481 4.27492 -0.267565 0.96354 -5.7974e-05 0.170918 -0.761651 -0.211539 -0.612486 1.07879
-0.294217 -0.155101 0.94307 4.30919 -0.300282 0.951778 0.0628516 0.155842 -0.907341 -0.264694 -0.326603 0.943241
0.0547669 -0.183281 0.981534 4.38027 -0.304456 0.933133 0.191231 0.190374 -0.950951 -0.309307 -0.00469614 0.649591
0.139776 -0.0837468 0.986635 4.52834 -0.219437 0.969021 0.113339 0.143539 -0.965562 -0.232346 0.117069 0.253904
-0.255422 -0.0263897 0.96647 4.70149 -0.140904 0.989971 -0.0102071 0.09007 -0.956507 -0.138786 -0.256578 -0.218065
-0.595068 0.0597566 0.801451 4.70341 -0.0478429 0.992829 -0.109549 0.0857282 -0.80225 -0.103533 -0.587942 -0.460257
-0.901848 -0.0548614 0.428557 4.72768 -0.150073 0.969922 -0.191648 0.154594 -0.405153 -0.237152 -0.882955 -0.564758
-0.976294 -0.185854 0.110939 4.51925 -0.208088 0.946993 -0.244751 0.182016 -0.0595709 -0.262034 -0.963218 -0.648194
-0.957154 -0.10664 -0.269228 4.2556 -0.0265142 0.958091 -0.285234 0.182615 0.288362 -0.265874 -0.919869 -0.87828
-0.747352 -0.0398115 -0.663234 3.75597 0.0814102 0.985195 -0.150873 0.146438 0.659422 -0.166749 -0.733047 -0.915544
-0.487825 -0.140871 -0.8615 3.39791 0.143091 0.96064 -0.238107 0.20037 0.861134 -0.239428 -0.448467 -1.00853
-0.394385 -0.240259 -0.886981 2.813 0.175885 0.927636 -0.329477 0.216971 0.901956 -0.285948 -0.323588 -0.90169
-0.34151 -0.232172 -0.910751 2.31252 0.199404 0.929052 -0.31161 0.209619 0.918482 -0.288025 -0.270984 -0.747714
-0.492478 -0.254399 -0.832314 1.77178 0.203243 0.896267 -0.394205 0.254046 0.846261 -0.363299 -0.389686 -0.703104
-0.597711 -0.249933 -0.761758 1.08596 0.0267571 0.943416 -0.33053 0.245177 0.801265 -0.217944 -0.557203 -0.854857
-0.507675 -0.122441 -0.852804 0.468203 0.102098 0.974325 -0.200668 0.159955 0.855478 -0.188944 -0.482139 -1.20468
-0.183414 -0.0885557 -0.979039 -0.0677802 0.119628 0.986522 -0.111644 0.140205 0.97573 -0.137598 -0.170348 -1.2644
0.16919 -0.0830025 -0.982082 -0.266654 0.183209 0.981729 -0.0514099 0.144271 0.968405 -0.171229 0.181306 -1.22589
0.627079 -0.14054 -0.766173 -0.457927 0.230797 0.972946 0.0104277 0.180805 0.743979 -0.183369 0.64255 -0.933822
0.867712 -0.141866 -0.476392 -0.50692 0.209949 0.973321 0.0925594 0.193111 0.450552 -0.180333 0.874347 -0.870506
0.951086 -0.254401 -0.175258 -0.480253 0.286793 0.937975 0.194814 0.174834 0.114827 -0.235548 0.965055 -0.758672
0.905569 -0.418415 0.0698077 -0.409816 0.361946 0.847961 0.387242 0.233136 -0.221222 -0.325408 0.919332 -0.568432
0.804221 -0.574978 0.15043 -0.542407 0.360799 0.673452 0.645202 0.304004 -0.472284 -0.46461 0.749056 -0.366064
0.735799 -0.671873 0.0847683 -0.314507 0.305402 0.440942 0.843978 0.378943 -0.604424 -0.59511 0.529637 -0.041178
0.733062 -0.672625 -0.10097 -0.0480342 0.471874 0.396027 0.787716 0.38765 -0.489851 -0.62509 0.607707 0.338762
0.745062 -0.626318 -0.229365 0.262438 0.620713 0.525216 0.58212 0.365139 -0.244126 -0.576086 0.780082 0.771594
0.78078 -0.495751 -0.380281 0.268977 0.618897 0.69716 0.361849 0.31369 0.0857301 -0.517879 0.851147 1.16088
0.677979 -0.384177 -0.626699 0.316334 0.444131 0.893437 -0.0672197 0.181886 0.585741 -0.232763 0.776356 1.36114
0.582615 -0.284619 -0.761283 0.293448 0.115507 0.956166 -0.26908 0.11911 0.804499 0.0688363 0.589952 1.5377
0.359797 -0.19785 -0.911812 -0.00256925 0.104585 0.979652 -0.171301 0.0878171 0.92715 -0.0337278 0.373168 1.87097
0.416948 -0.0836097 -0.905077 -0.119896 0.194764 0.98085 -0.000886362 0.0651218 0.887818 -0.175906 0.425248 2.42514
0.478035 -0.133629 -0.868116 -0.431349 0.271466 0.962447 0.00133514 0.0790359 0.835338 -0.236302 0.496359 2.81058
0.673966 -0.0656271 -0.735842 -0.639717 0.192703 0.977181 0.0893476 0.0871154 0.713187 -0.202016 0.671233 3.33566
0.707862 -0.134091 -0.693506 -0.806045 0.180843 0.983496 -0.00557466 0.0872779 0.682808 -0.12147 0.720429 3.95914
0.892423 -0.121025 -0.434666 -0.817183 0.204815 0.967043 0.151254 0.123316 0.402035 -0.224009 0.887799 4.40885
0.822218 -0.240145 -0.516031 -0.797795 0.331196 0.939198 0.0906377 0.177453 0.462889 -0.245431 0.851761 4.87536
0.660882 -0.12039 -0.740771 -1.19404 0.193831 0.980942 0.0135047 0.103193 0.725027 -0.15251 0.671622 5.41487
0.695914 -0.160048 -0.700063 -1.39338 0.304621 0.948588 0.0859505 0.158276 0.650315 -0.273068 0.70889 5.97821
0.683558 -0.216535 -0.697037 -1.56101 0.35029 0.93514 0.0530151 0.178676 0.640347 -0.280404 0.715073 6.48995
0.549173 -0.116395 -0.827563 -1.86116 0.313646 0.946573 0.0750021 0.145389 0.77462 -0.300751 0.556339 6.81374
0.23697 -0.0671624 -0.969193 -2.00728 0.179225 0.983507 -0.0243334 0.0845424 0.954842 -0.167938 0.245098 6.97388
-0.140816 -0.102227 -0.984744 -2.09719 0.157337 0.979703 -0.124202 0.106586 0.977454 -0.172427 -0.121874 7.13752
-0.399202 -0.126265 -0.908127 -2.30831 0.164386 0.964566 -0.206374 0.124161 0.902006 -0.231668 -0.3643 7.38862
-0.195416 -0.1379 -0.970977 -2.46341 0.106747 0.981192 -0.160835 0.115449 0.974894 -0.135078 -0.177021 7.92536
0.19392 -0.136739 -0.971441 -2.49802 0.164364 0.980769 -0.105241 0.104631 0.96715 -0.139261 0.212666 8.1704
0.514992 -0.0799659 -0.853457 -2.60435 0.239872 0.969306 0.0539228 0.102111 0.822949 -0.23249 0.518366 8.39911
0.706478 -0.00220775 -0.707732 -2.75007 0.114485 0.987181 0.111203 0.0773824 0.698414 -0.159587 0.697675 8.91813
0.861032 -0.165017 -0.481033 -2.88164 0.311684 0.918651 0.242763 0.083396 0.401841 -0.358957 0.842421 9.08937
0.95249 -0.148448 -0.265942 -3.01105 0.211953 0.950127 0.228767 0.067358 0.218719 -0.274266 0.936451 9.55081
0.956755 -0.0867524 -0.277656 -3.27155 0.165484 0.947314 0.274246 0.0570461 0.239236 -0.308335 0.920704 9.74217
0.886752 -0.163041 -0.432537 -3.41972 0.273344 0.939549 0.206231 0.0771624 0.372766 -0.301107 0.877713 10.1576
0.859747 -0.000659801 -0.51072 -3.69827 0.137702 0.963264 0.230564 0.0207034 0.491806 -0.268554 0.828255 10.7058
0.641671 -0.0881142 -0.761902 -3.77391 0.213545 0.974624 0.0671315 0.0453438 0.736653 -0.205777 0.644204 11.0558
0.576 -0.253483 -0.777155 -3.87557 0.496259 0.863901 0.086033 0.102204 0.649577 -0.435225 0.623401 11.4125
0.177095 -0.449328 -0.875638 -3.92928 0.686133 0.694213 -0.217463 0.2067 0.705592 -0.562292 0.43124 11.5019
-0.154616 -0.470954 -0.868502 -3.95793 0.548425 0.690286 -0.471949 0.231741 0.821781 -0.549279 0.151554 11.6903
0.118801 -0.238726 -0.963793 -4.3319 0.416232 0.893236 -0.169943 0.0717104 0.901464 -0.380972 0.205483 12.0618
0.276488 -0.101847 -0.955605 -4.50935 0.106451 0.991495 -0.0748722 -0.0516146 0.955103 -0.0810243 0.284978 12.4391
0.387019 -0.0280678 -0.921645 -4.61814 0.00106118 0.999549 -0.0299947 -0.0716604 0.922071 0.0106305 0.386874 12.6776
0.632367 -0.160724 -0.757812 -4.7944 0.208498 0.977455 -0.0333229 0.0152061 0.746083 -0.13693 0.651621 12.9745
0.669527 -0.182476 -0.720025 -4.91357 0.258529 0.965993 -0.00441426 0.0340378 0.696345 -0.183192 0.693934 13.4961
0.678129 -0.156692 -0.718045 -5.12603 0.221722 0.975104 -0.0033906 0.0498648 0.7007 -0.156907 0.695989 13.9937
0.818551 -0.196806 -0.539668 -5.20359 0.264211 0.963194 0.0494889 0.0642173 0.510066 -0.183095 0.840422 14.3395
0.883566 -0.332169 -0.330112 -5.31421 0.385044 0.916514 0.10837 0.125927 0.266555 -0.22286 0.9377 14.8685
0.92355 -0.275228 -0.267031 -5.53982 0.309744 0.94593 0.096307 0.11596 0.226086 -0.171655 0.958864 15.4038
0.923043 -0.24357 -0.297768 -5.79816 0.292697 0.946947 0.132737 0.113473 0.24964 -0.209678 0.945365 16.0721
0.918998 -0.359234 -0.16246 -5.90945 0.387401 0.899315 0.20286 0.168289 0.0732287 -0.249365 0.965637 16.5283
0.936076 -0.122659 -0.329723 -6.21406 0.165474 0.980611 0.104982 0.0964446 0.310453 -0.152832 0.938222 17.003
0.927527 -0.158306 -0.338576 -6.31772 0.175342 0.984302 0.0201245 0.0928785 0.330075 -0.0780326 0.940724 17.5821
0.891069 0.0783968 -0.447045 -6.52212 -0.0755858 0.996847 0.0241529 -0.0210577 0.447529 0.0122683 0.894185 18.0197
0.651575 0.187115 -0.735145 -6.67284 -0.208222 0.975994 0.0638666 -0.101484 0.729448 0.111459 0.674895 18.1849
0.157348 0.0467165 -0.986438 -6.85122 -0.036048 0.998486 0.0415371 -0.018561 0.986885 0.0290233 0.158794 18.2247
-0.239337 -0.0850062 -0.967208 -7.04301 0.0300601 0.995034 -0.0948902 0.0736574 0.970471 -0.0517851 -0.235593 18.2149
-0.320877 -0.295136 -0.899962 -7.23735 0.177016 0.914777 -0.363109 0.176629 0.930432 -0.275822 -0.241287 18.3795
-0.323148 -0.356193 -0.876757 -7.34671 0.180264 0.886331 -0.426523 0.200467 0.929021 -0.295878 -0.222207 18.8419
-0.11777 -0.246438 -0.961976 -7.6548 0.157408 0.951838 -0.263111 0.125281 0.980486 -0.18241 -0.0733067 19.4058
0.157601 -0.0899276 -0.9834 -7.78414 0.216657 0.97473 -0.0544132 0.0790484 0.963443 -0.204485 0.173101 20.073
0.000413738 -0.0472924 -0.998881 -7.88685 0.200006 0.978702 -0.0462541 0.0529321 0.979794 -0.199763 0.0098637 20.583
0.026935 -0.0318599 -0.999129 -7.99235 0.205074 0.97841 -0.0256707 0.0126506 0.978376 -0.204204 0.0328871 20.856
0.325979 -0.0781176 -0.942144 -8.19753 0.240444 0.970659 0.00271098 0.0120905 0.914289 -0.227417 0.335197 21.3429
-0.0320485 -0.111247 -0.993276 -8.41218 0.246342 0.96225 -0.115721 0.0386803 0.968653 -0.248394 -0.00343384 21.6363
-0.414274 -0.122411 -0.901883 -8.76696 0.189744 0.957526 -0.217121 0.0121987 0.890154 -0.261074 -0.373452 21.9195
-0.662983 -0.200307 -0.721339 -8.87726 0.0166305 0.959362 -0.281689 0.0673005 0.74845 -0.198751 -0.632709 22.1944
-0.420924 -0.147582 -0.89501 -9.331 0.140145 0.964249 -0.22491 0.0264117 0.896204 -0.220101 -0.385193 22.6568
-0.0507836 -0.16689 -0.984667 -9.40622 0.239617 0.955105 -0.174238 0.0577245 0.969538 -0.244792 -0.00851394 23.0889
0.38401 -0.104937 -0.917346 -9.49434 0.315011 0.948801 0.0233319 0.0303789 0.867931 -0.297934 0.397405 23.4856
0.542152 -0.265665 -0.797178 -9.49721 0.422237 0.906363 -0.0148928 0.0700768 0.726489 -0.328524 0.60356 23.9299
0.391799 -0.309369 -0.866478 -9.62752 0.584972 0.81067 -0.024934 0.104362 0.710142 -0.497096 0.498592 24.4952
0.280269 -0.235529 -0.930578 -9.77502 0.363918 0.923135 -0.124041 0.0639895 0.888264 -0.303889 0.344439 25.0994
0.43166 -0.163746 -0.88705 -10.0144 0.377439 0.925947 0.0127451 0.032046 0.819274 -0.340309 0.461498 25.667
0.329896 -0.120814 -0.936254 -10.3722 0.372628 0.927909 0.0115613 0.0324422 0.867362 -0.352689 0.351132 26.2673
0.0823372 -0.186221 -0.979052 -10.6384 0.301106 0.941125 -0.153685 0.0434241 0.950029 -0.282144 0.133562 26.5495
0.157037 -0.0132162 -0.987504 -10.9514 0.207155 0.978107 0.0198522 0.00711416 0.965622 -0.207684 0.156337 27.0043
-0.120716 -0.032736 -0.992147 -11.0459 0.109383 0.992931 -0.0460708 0.0022759 0.986642 -0.114086 -0.116282 27.3145
-0.385979 -0.00380894 -0.9225 -11.3923 0.0749658 0.996555 -0.0354808 -0.00452182 0.919457 -0.0828508 -0.384363 27.3643
-0.70368 0.0248308 -0.710083 -11.6429 0.0117678 0.999659 0.0232953 -0.0260181 0.710419 0.0080363 -0.703733 27.4166
-0.602281 -0.146922 -0.784647 -11.9565 0.0424983 0.975622 -0.215302 0.046656 0.797152 -0.163018 -0.581355 27.3492
-0.746539 -0.179056 -0.640795 -12.2432 -0.0811497 0.980421 -0.179416 0.0688193 0.660374 -0.0819407 -0.746453 27.3234
-0.549235 -0.193097 -0.813053 -12.2837 0.0927497 0.952841 -0.28895 0.106902 0.830505 -0.234112 -0.505424 27.2122
-0.83102 -0.165937 -0.530915 -12.4875 -0.0366676 0.968733 -0.245382 0.0818973 0.555033 -0.18445 -0.811121 26.9746
-0.955671 -0.230386 -0.183347 -12.4561 -0.186954 0.95587 -0.226631 0.123794 0.227468 -0.182307 -0.956568 26.7943
-0.956112 -0.249284 0.153972 -12.3952 -0.277319 0.939532 -0.200934 0.12505 -0.094572 -0.234815 -0.967429 26.5964
-0.936504 -0.220882 0.272345 -12.5073 -0.254033 0.962741 -0.0927159 0.131493 -0.241719 -0.156014 -0.957722 26.5168
-0.982836 -0.131144 0.12975 -12.4028 -0.154913 0.968607 -0.194427 0.120422 -0.100179 -0.21119 -0.972298 26.5177
-0.911115 -0.147224 0.384962 -12.4426 -0.167244 0.985735 -0.018845 0.066362 -0.376696 -0.0815524 -0.92274 26.4858
-0.950528 -0.251992 0.18165 -12.6126 -0.289783 0.929957 -0.226287 0.125564 -0.111905 -0.267731 -0.956973 26.3534
-0.941759 -0.336092 -0.0114849 -12.6101 -0.310073 0.881057 -0.357202 0.187911 0.130172 -0.332837 -0.933957 26.1923
-0.91561 -0.30404 -0.263093 -12.93 -0.170937 0.886629 -0.429732 0.183492 0.363921 -0.348494 -0.863778 26.1084
-0.862247 -0.115181 -0.493218 -12.9535 0.0276455 0.961645 -0.272902 0.115414 0.505733 -0.248944 -0.825991 26.1241
-0.60578 -0.13329 -0.784388 -13.1829 0.0423371 0.979071 -0.199069 0.0711484 0.794505 -0.153801 -0.587458 26.2941
-0.173798 -0.0395429 -0.983987 -13.2172 0.108839 0.992301 -0.0591008 0.0419869 0.978748 -0.117368 -0.168156 26.3835
0.188495 -0.0195849 -0.981879 -13.1875 0.101173 0.994869 -0.000421316 0.0440673 0.976849 -0.0992605 0.189509 26.2904
0.0347376 -0.2504 -0.967519 -13.3041 0.264315 0.935933 -0.232736 0.108924 0.963811 -0.247645 0.0986967 26.3984
0.436069 -0.250946 -0.864217 -13.2857 0.38616 0.919603 -0.0721787 0.136284 0.812849 -0.302251 0.497916 26.4293
0.49573 -0.372424 -0.784572 -13.511 0.408583 0.89718 -0.167715 0.197818 0.766363 -0.237421 0.596925 26.3547
0.282996 -0.233144 -0.930353 -13.8018 0.310456 0.940051 -0.141139 0.142328 0.907486 -0.248892 0.338412 26.4559
0.282309 -0.0970649 -0.9544 -14.0179 0.14264 0.988056 -0.0582955 0.0491443 0.94866 -0.119678 0.292782 26.2962
0.287924 -0.0949146 -0.952938 -14.0455 0.0341102 0.995461 -0.0888438 0.0142136 0.957046 -0.00692457 0.289855 26.3609
0.592663 -0.066642 -0.802689 -14.1032 0.0919105 0.995657 -0.0148012 0.0300824 0.80019 -0.0650034 0.596214 26.4431
0.749386 -0.233054 -0.619763 -14.2593 0.385571 0.914535 0.122314 0.161346 0.538289 -0.330623 0.775199 26.4276
0.814451 -0.362864 -0.452768 -14.2219 0.524966 0.793196 0.308627 0.282069 0.247144 -0.489049 0.836511 26.6858
0.913183 -0.33042 -0.238577 -14.5039 0.403993 0.811074 0.423023 0.250506 0.0537285 -0.482681 0.874147 26.7881
0.986942 -0.160919 -0.00710219 -14.4298 0.157537 0.95513 0.250815 0.0552294 -0.0335774 -0.248659 0.968009 26.9618
0.963114 -0.0171828 0.268546 -14.5247 0.000624005 0.998099 0.0616251 -0.0297539 -0.269095 -0.0591844 0.961294 26.8822
0.764248 0.0675542 0.641375 -14.5754 -0.048048 0.997699 -0.0478318 -0.0709373 -0.64313 0.00573863 0.765735 26.6425
0.447782 0.0240107 0.89382 -14.5297 -0.0895137 0.995821 0.0180934 -0.00208485 -0.889651 -0.0881111 0.44806 26.3454
0.256515 -0.0957416 0.961787 -14.5595 -0.21959 0.963288 0.154457 0.105821 -0.941265 -0.25082 0.226073 26.3826
-0.104582 -0.0495801 0.99328 -14.7684 -0.201516 0.979095 0.0276545 0.073327 -0.973886 -0.197269 -0.112387 26.4689
0.129302 -0.0771186 0.988602 -15.053 -0.177791 0.979012 0.0996243 0.0871385 -0.975536 -0.188646 0.112877 26.6876
-0.0600739 -0.0802399 0.994964 -15.1567 -0.148656 0.986368 0.0705711 0.047871 -0.987063 -0.143668 -0.0711831 26.7192
0.00870119 -0.143009 0.989683 -15.427 -0.158882 0.97695 0.142566 0.105585 -0.987259 -0.158483 -0.0142209 26.992
0.253673 -0.105087 0.961565 -15.4861 -0.123739 0.982388 0.140007 0.0752854 -0.959343 -0.154499 0.236202 27.2617
0.577319 -0.0529006 0.814803 -15.4966 -0.137206 0.977424 0.160674 0.0569445 -0.804908 -0.204556 0.557028 27.5362
0.876423 0.0403201 0.479851 -15.4685 -0.128168 0.980076 0.151739 0.02615 -0.464173 -0.194489 0.864128 27.9969
0.97714 -0.105924 0.184331 -15.3317 0.0654885 0.974848 0.213033 0.0925086 -0.20226 -0.196092 0.959499 28.2372
0.984436 -0.0932338 -0.148973 -15.4832 0.123772 0.969599 0.211089 0.10774 0.124763 -0.226242 0.966048 28.6135
0.874892 -0.0503523 -0.481693 -15.6288 0.124791 0.984435 0.123752 0.0739507 0.467965 -0.168381 0.867558 28.7929
0.591461 -0.0233825 -0.805995 -15.7472 0.0957735 0.994541 0.0414288 0.0530382 0.800626 -0.101696 0.590471 28.8937
0.238228 0.00522989 -0.971195 -15.8797 0.0516693 0.998501 0.0180511 0.0444313 0.969834 -0.0544812 0.2376 28.9522
0.101638 0.0828939 -0.991362 -16.0858 0.0521093 0.994711 0.0885164 0.00917818 0.993456 -0.0606558 0.0967811 29.1328
0.0202322 0.125131 -0.991934 -16.3902 -0.0830982 0.988915 0.123056 -0.039684 0.996336 0.0799383 0.0304061 29.5216
0.323443 0.310518 -0.893847 -16.5113 -0.203176 0.945381 0.254901 -0.108735 0.924178 0.0991628 0.368866 30.0397
0.587879 0.377922 -0.715244 -16.4357 -0.346382 0.916609 0.199619 -0.175075 0.731039 0.130395 0.66976 30.5888
0.809654 0.284394 -0.513401 -16.5145 -0.21418 0.957601 0.192684 -0.0893323 0.546431 -0.046047 0.836237 30.8107
0.709102 0.0971634 -0.69838 -16.6298 0.0607029 0.978371 0.197753 0.0408699 0.702489 -0.18262 0.687866 31.0404
0.488556 0.00937511 -0.872482 -16.8443 0.191721 0.974351 0.117826 0.0962364 0.851208 -0.224838 0.474228 30.8608
0.0918162 0.116275 -0.988964 -17.0032 -0.0679402 0.991576 0.110274 -0.00438979 0.993456 0.0570654 0.0989425 30.7413
-0.261281 0.286418 -0.92179 -17.0691 -0.0940337 0.942868 0.319621 -0.12512 0.960672 0.17019 -0.21942 30.5767
-0.444976 0.366516 -0.817106 -17.0261 -0.0735442 0.894377 0.441227 -0.215298 0.892518 0.256429 -0.371021 30.7383
-0.405525 0.315773 -0.85781 -17.1636 -0.00471541 0.937701 0.347411 -0.326814 0.914072 0.144929 -0.378772 31.0386
-0.301206 -0.00421639 -0.95355 -17.2146 0.185983 0.980526 -0.0630838 -0.280402 0.935246 -0.196345 -0.294557 31.2061
-0.353356 -0.116032 -0.928265 -17.285 0.195979 0.961078 -0.194735 -0.368086 0.91473 -0.250731 -0.316863 31.4408
-0.27824 0.153834 -0.948113 -17.5335 0.0459463 0.988093 0.146837 -0.538698 0.959412 -0.00270634 -0.281995 31.5273
-0.217827 0.2803 -0.934871 -17.9484 -0.0366996 0.954842 0.294839 -0.780891 0.975297 0.0985334 -0.197704 31.6216
0.129463 0.411766 -0.902046 -18.0177 -0.206271 0.900985 0.381678 -0.819311 0.969893 0.136653 0.201579 31.7639
0.393079 0.517199 -0.760259 -18.0592 -0.405222 0.839631 0.361683 -0.857403 0.8254 0.165904 0.539621 31.7987
0.759706 0.365596 -0.537761 -17.8886 -0.387551 0.918625 0.0770238 -0.980627 0.52216 0.149894 0.839572 31.992
0.899744 0.38508 -0.205365 -17.799 -0.392911 0.919572 0.00286899 -0.989525 0.189953 0.0781088 0.978681 32.0272
0.946371 0.294706 0.132405 -17.9377 -0.301102 0.953096 0.0307539 -1.05843 -0.117131 -0.068972 0.990719 32.0575
0.964074 0.264167 0.0278941 -17.963 -0.262455 0.963466 -0.0533893 -1.26634 -0.0409787 0.0441503 0.998184 32.3398
0.982327 0.187053 -0.00665328 -18.1048 -0.18716 0.981254 -0.0459497 -1.3818 -0.00206647 0.0463829 0.998922 32.5425
0.912892 0.296484 -0.28058 -18.3147 -0.313601 0.949401 -0.017113 -1.43144 0.261309 0.103613 0.959678 32.6932
0.886596 0.194705 -0.419569 -18.3174 -0.26999 0.954366 -0.127636 -1.59868 0.375571 0.226441 0.898705 32.9639
0.89077 0.279928 -0.358007 -18.4894 -0.298248 0.954479 0.00423184 -1.74845 0.342895 0.103006 0.933709 33.1932
0.904939 0.239408 -0.351809 -18.6727 -0.220286 0.970889 0.0940657 -1.76152 0.364088 -0.00762495 0.931333 33.1899
0.944994 -0.00782532 -0.326993 -18.775 0.0907538 0.966735 0.239139 -1.65067 0.314244 -0.255661 0.914269 33.1303
0.926662 0.0798046 -0.367326 -18.7455 -0.00647413 0.980447 0.196678 -1.69619 0.375839 -0.179876 0.90906 33.2445
0.870232 0.221756 -0.43991 -18.8312 -0.16438 0.97249 0.16505 -1.97005 0.464409 -0.0713193 0.882745 33.6927
0.689148 0.240249 -0.683634 -19.0049 -0.150955 0.970337 0.188833 -2.08512 0.708723 -0.0269353 0.704973 33.8544
