1 3.33818e-05 1.58635e-05 -1.33882e-06 -3.33816e-05 1 -1.41854e-05 -3.45876e-06 -1.5864e-05 1.41849e-05 1 -1.74334e-06
0.901484 -0.00958399 -0.432707 4.83438 0.000858417 0.999792 -0.0203559 0.219695 0.432813 0.0179791 0.901305 0.270199
0.847315 -0.0336292 -0.530025 5.59181 0.0176662 0.999226 -0.0351574 0.224537 0.530797 0.0204259 0.847253 0.671875
0.920991 -0.0702676 -0.383194 6.38147 0.0265185 0.992626 -0.118285 0.224515 0.38868 0.0987778 0.916063 1.42015
0.956612 -0.0913236 -0.276684 7.43209 0.0785579 0.995284 -0.0569007 0.262926 0.280576 0.0326961 0.959275 1.81935
0.847658 -0.0534636 -0.527843 8.45607 0.0358305 0.998407 -0.0435857 0.249214 0.529332 0.0180329 0.848223 2.26934
0.555982 -0.064349 -0.8287 9.18324 0.0886613 0.995902 -0.0178487 0.292434 0.826452 -0.0635501 0.559409 3.10342
0.163119 -0.0636553 -0.984551 9.294 0.257411 0.966099 -0.019815 0.402022 0.952435 -0.250202 0.173974 3.35133
-0.238244 0.0271325 -0.970826 9.5499 0.298411 0.9533 -0.0465884 0.454008 0.924224 -0.300805 -0.235214 3.82654
-0.55362 0.00956582 -0.832715 9.60327 0.218034 0.966719 -0.133852 0.479041 0.803721 -0.255663 -0.53728 4.13922
-0.546298 -0.0020235 -0.837589 9.65139 0.068682 0.996521 -0.0472037 0.404743 0.83477 -0.0833146 -0.544258 4.8288
-0.603546 0.0822549 -0.793074 10.0287 0.0394742 0.996527 0.0733156 0.290034 0.79635 0.0129434 -0.604697 4.78509
-0.866979 0.111376 -0.485739 10.1557 0.0606618 0.991044 0.118966 0.247027 0.494639 0.0736752 -0.86597 4.55058
-0.992459 0.0213738 -0.1207 10.0766 0.0143195 0.998154 0.0590133 0.22721 0.121739 0.0568399 -0.990933 4.22823
-0.976127 -0.00411927 0.21716 9.65475 -0.00114389 0.999904 0.0138253 0.281906 -0.217196 0.0132468 -0.976038 3.6509
-0.819245 -0.00484363 0.573423 9.32324 0.0492566 0.995674 0.0787829 0.25685 -0.571324 0.0927874 -0.815463 3.16551
-0.587265 -0.0107038 0.809324 8.75683 0.00924056 0.999759 0.0199275 0.282228 -0.809342 0.0191813 -0.587024 2.36493
-0.573245 -0.0454876 0.81812 8.13708 -0.0619635 0.998005 0.0120723 0.312649 -0.817038 -0.0437732 -0.57492 1.60185
-0.833068 -0.0152952 0.552959 7.57507 -0.0154092 0.999871 0.00444216 0.307934 -0.552956 -0.00482007 -0.833197 0.710953
-0.957843 -0.0453132 0.283696 6.95801 -0.0314265 0.998083 0.053313 0.26665 -0.285568 0.0421499 -0.957431 -0.150024
-0.81411 0.00358769 0.580699 6.24934 0.00974169 0.999925 0.00747958 0.233338 -0.580629 0.0117462 -0.814084 -0.78537
-0.90486 -0.022348 0.425123 5.18703 -0.00588723 0.999183 0.0399945 0.2389 -0.425669 0.0336866 -0.904252 -1.19143
-0.995375 -0.00398854 0.0959833 4.50233 0.000678378 0.998821 0.0485405 0.23963 -0.0960637 0.0483811 -0.994199 -1.67479
