1 2.72541e-05 1.80661e-05 7.88287e-06 -2.7254e-05 1 -6.59604e-06 -2.33169e-06 -1.80663e-05 6.59555e-06 1 -5.50306e-07
0.901484 -0.00959009 -0.432705 4.83439 0.000867245 0.999793 -0.0203517 0.219728 0.432811 0.0179715 0.901306 0.270188
0.847316 -0.0336353 -0.530023 5.59182 0.0176754 0.999226 -0.0351542 0.224577 0.530795 0.0204183 0.847254 0.671862
0.920992 -0.0702735 -0.383191 6.38148 0.0265271 0.992626 -0.11828 0.224566 0.388677 0.0987703 0.916065 1.42013
0.956611 -0.0913158 -0.276688 7.43209 0.0785509 0.995285 -0.0568965 0.26287 0.280579 0.0326937 0.959274 1.81938
0.847656 -0.0534516 -0.527846 8.45607 0.0358191 0.998408 -0.0435813 0.24917 0.529335 0.0180349 0.848221 2.26937
0.55598 -0.0643401 -0.828702 9.18324 0.0886584 0.995902 -0.0178402 0.292366 0.826454 -0.0635526 0.559406 3.10346
0.163118 -0.0636459 -0.984552 9.294 0.25741 0.966099 -0.019806 0.401957 0.952435 -0.250203 0.173971 3.35136
-0.238244 0.0271425 -0.970826 9.5499 0.298414 0.953299 -0.0465792 0.453944 0.924223 -0.300805 -0.235217 3.82657
-0.55362 0.00957628 -0.832714 9.60326 0.218039 0.966719 -0.133843 0.478978 0.803719 -0.255663 -0.537283 4.13926
-0.5463 -0.00201315 -0.837587 9.65138 0.0686878 0.996521 -0.0471954 0.404678 0.834768 -0.0833149 -0.544261 4.82883
-0.603549 0.0822644 -0.793071 10.0287 0.0394804 0.996526 0.0733229 0.289964 0.796348 0.0129432 -0.6047 4.78512
-0.86698 0.111386 -0.485735 10.1557 0.0606707 0.991042 0.118971 0.246953 0.494636 0.0736754 -0.865972 4.55062
-0.992459 0.0213838 -0.120696 10.0766 0.0143296 0.998154 0.0590143 0.227136 0.121735 0.0568397 -0.990934 4.22827
-0.976126 -0.00410914 0.217164 9.65475 -0.001134 0.999904 0.0138228 0.281837 -0.2172 0.0132465 -0.976037 3.65094
-0.819243 -0.00483386 0.573427 9.32324 0.0492648 0.995674 0.0787768 0.256784 -0.571327 0.0927871 -0.815461 3.16554
-0.587326 -0.0148272 0.809215 8.75499 0.00652109 0.999713 0.0230507 0.28234 -0.809324 0.0188152 -0.587061 2.3636
-0.574277 -0.0462205 0.817356 8.1357 -0.0615132 0.998019 0.0132175 0.311772 -0.816347 -0.0426877 -0.575982 1.60091
-0.834711 -0.0135714 0.550521 7.57314 -0.0135301 0.9999 0.00413479 0.309437 -0.550522 -0.00399725 -0.834811 0.711123
-0.959308 -0.0420874 0.279208 6.95411 -0.0288164 0.998259 0.0514679 0.271737 -0.280888 0.0413278 -0.95885 -0.147697
-0.816245 0.00427763 0.57769 6.24058 0.00963139 0.999934 0.00620442 0.239066 -0.577626 0.0106283 -0.816233 -0.780354
-0.906012 -0.0230623 0.422623 5.17512 -0.00696753 0.999192 0.0395884 0.244036 -0.423194 0.032923 -0.905441 -1.18327
-0.995517 -0.00559518 0.0944166 4.48743 -0.00100845 0.99882 0.0485576 0.242969 -0.0945769 0.0482447 -0.994348 -1.66555
-0.923181 -0.0859582 -0.374629 4.56546 -0.113564 0.992159 0.0521999 0.237968 0.367205 0.0907342 -0.925704 -1.77693
-0.751119 -0.118584 -0.649429 4.71769 -0.188046 0.981414 0.0382884 0.24332 0.632818 0.150882 -0.759458 -1.80301
-0.47205 -0.0348732 -0.880882 4.92582 -0.202812 0.976711 0.0700167 0.222073 0.857925 0.211705 -0.46813 -1.812
-0.105356 -0.0598123 -0.992634 5.16887 -0.092397 0.99446 -0.0501155 0.256202 0.990133 0.0864365 -0.110299 -1.65283
0.241959 -0.111434 -0.963866 5.19823 0.0236403 0.993765 -0.108956 0.319357 0.969998 0.00357678 0.243085 -1.14469
0.334001 -0.149242 -0.930683 5.25049 0.0436477 0.988775 -0.142893 0.343285 0.941562 0.00710427 0.336766 -0.767248
0.624511 -0.108959 0.773378 2.34952 -0.0886504 0.973932 0.208801 0.139863 -0.775968 -0.198959 0.598572 -0.416944
0.582827 -0.206371 0.785954 2.48065 0.0593002 0.975436 0.21215 0.106053 -0.810429 -0.0770396 0.580749 -0.508769
0.463617 -0.238813 0.853245 2.64093 0.0621604 0.969386 0.237544 0.101938 -0.883853 -0.0570914 0.464268 -0.555277
0.620555 -0.355546 0.698927 2.97385 0.0265407 0.900315 0.434428 0.217297 -0.783714 -0.251036 0.568132 -0.887651
0.667027 -0.414151 0.619317 3.36851 0.0275342 0.844396 0.535011 0.2708 -0.744524 -0.339814 0.574639 -0.968756
0.799792 -0.442574 0.405539 3.66012 0.206265 0.83707 0.506724 0.231828 -0.563727 -0.321625 0.760769 -0.965262
0.866154 -0.172908 0.468914 3.99489 0.0786164 0.973703 0.213828 0.142136 -0.493555 -0.148344 0.85697 -0.62867
0.974959 -0.165699 0.148317 4.20683 0.135922 0.971878 0.192299 0.161762 -0.17601 -0.167324 0.970063 -0.244813
0.976599 -0.116702 -0.180652 4.36413 0.133097 0.987752 0.081427 0.120014 0.168936 -0.103566 0.980171 0.070918
0.862977 -0.0672797 -0.500744 4.32787 0.141138 0.98374 0.111062 0.137352 0.48513 -0.166518 0.858441 0.393818
0.702618 -0.309568 -0.640699 4.32923 0.449552 0.891068 0.0624583 0.24103 0.551572 -0.331912 0.765247 0.608796
