1 8.08718e-07 -8.06782e-05 -1.19541e-05 -8.10304e-07 1 -1.96551e-05 -7.28407e-06 8.06782e-05 1.96552e-05 1 1.39052e-05
0.901442 -0.00961839 -0.432794 4.83434 0.000885498 0.999792 -0.020375 0.219847 0.4329 0.0179836 0.901263 0.270682
0.847263 -0.033664 -0.530106 5.59173 0.0176912 0.999224 -0.0351795 0.224712 0.530879 0.0204281 0.847202 0.672431
0.920953 -0.0703103 -0.383278 6.38131 0.0265471 0.992623 -0.118303 0.224712 0.388769 0.0987764 0.916025 1.42078
0.956555 -0.0913151 -0.276882 7.43171 0.0785528 0.995287 -0.0568639 0.262871 0.280769 0.0326437 0.95922 1.82081
0.84755 -0.0534479 -0.528018 8.4556 0.0358297 0.998409 -0.0435503 0.249178 0.529505 0.0179923 0.848116 2.27101
0.555814 -0.0643198 -0.828815 9.1826 0.0886807 0.995901 -0.017816 0.292394 0.826563 -0.0635975 0.559239 3.10524
0.162928 -0.0635886 -0.984587 9.29331 0.257439 0.966092 -0.0197935 0.401996 0.95246 -0.250246 0.173773 3.35316
-0.238428 0.0272102 -0.970779 9.54911 0.298445 0.953289 -0.0465796 0.453993 0.924166 -0.30083 -0.235412 3.82842
-0.553784 0.00963469 -0.832604 9.60241 0.218067 0.966711 -0.133855 0.479039 0.803598 -0.25569 -0.53745 4.14112
-0.546455 -0.00197567 -0.837486 9.6504 0.0687368 0.996518 -0.0472013 0.404766 0.834663 -0.0833595 -0.544417 4.83071
-0.603708 0.0822706 -0.792949 10.0277 0.0395121 0.996526 0.07331 0.290039 0.796226 0.0129268 -0.604861 4.78707
-0.86708 0.111379 -0.485559 10.1547 0.0606935 0.991044 0.118946 0.247021 0.494459 0.0736657 -0.866074 4.5526
-0.992484 0.02138 -0.120493 10.0757 0.0143413 0.998156 0.0589827 0.227194 0.121532 0.0568114 -0.99096 4.23023
-0.976082 -0.00410408 0.217366 9.65399 -0.00113359 0.999904 0.0137888 0.281879 -0.217402 0.0132126 -0.975993 3.65281
-0.819123 -0.00484551 0.573598 9.32259 0.0492521 0.995677 0.0787451 0.256813 -0.5715 0.0927528 -0.815343 3.16735
-0.587192 -0.0149028 0.809311 8.7541 0.00669851 0.999707 0.0232688 0.282009 -0.80942 0.0190845 -0.58692 2.36538
-0.573304 -0.0474452 0.817968 8.13505 -0.0610549 0.99802 0.0150963 0.3109 -0.817065 -0.0412862 -0.575065 1.60244
-0.833666 -0.015643 0.552047 7.57359 -0.0134627 0.999877 0.00800242 0.308442 -0.552104 -0.000760688 -0.833775 0.711881
-0.95856 -0.0446372 0.281372 6.95632 -0.0295656 0.997903 0.0575861 0.271556 -0.283352 0.0468808 -0.957869 -0.148347
-0.814887 0.00322443 0.579611 6.24441 0.0117613 0.999871 0.0109731 0.24153 -0.5795 0.0157588 -0.81482 -0.783641
-0.905357 -0.0235568 0.423998 5.1799 -0.00555483 0.999032 0.0436438 0.248228 -0.424615 0.037158 -0.904611 -1.18977
-0.995495 -0.00597947 0.0946266 4.49297 -0.00108976 0.998665 0.0516412 0.249699 -0.0948091 0.0513055 -0.994173 -1.67384
-0.922778 -0.0861074 -0.375589 4.57104 -0.11444 0.991975 0.0537451 0.245839 0.367947 0.0925771 -0.925227 -1.78595
-0.747751 -0.117943 -0.653421 4.72564 -0.189319 0.981119 0.0395568 0.252346 0.636418 0.153283 -0.755961 -1.81998
-0.469754 -0.0347087 -0.882115 4.92849 -0.204616 0.976297 0.0705502 0.230459 0.858757 0.213636 -0.465722 -1.82538
-0.103405 -0.0602589 -0.992812 5.1667 -0.0941399 0.994275 -0.0505427 0.263682 0.990174 0.0882368 -0.108486 -1.66205
0.2459 -0.111938 -0.96281 5.19177 0.0229367 0.993703 -0.109671 0.325294 0.969024 0.00488447 0.246919 -1.14912
0.339942 -0.15086 -0.928268 5.24706 0.0426403 0.988507 -0.145034 0.348102 0.939479 0.00972158 0.342468 -0.776575
0.622883 -0.109289 0.774644 2.34999 -0.0874995 0.974248 0.207807 0.138318 -0.777407 -0.197221 0.59728 -0.415122
0.581977 -0.207942 0.78617 2.48136 0.0585924 0.974964 0.214504 0.106835 -0.811091 -0.0787726 0.579591 -0.508275
0.46532 -0.239523 0.852119 2.64003 0.061591 0.969119 0.238777 0.102323 -0.882997 -0.0586251 0.465703 -0.554337
0.618912 -0.35609 0.700106 2.97488 0.0282033 0.900832 0.433251 0.216316 -0.784954 -0.248399 0.567578 -0.8879
0.665129 -0.415267 0.62061 3.3695 0.0288926 0.844795 0.53431 0.270206 -0.74617 -0.337454 0.573895 -0.96986
0.798027 -0.443951 0.407506 3.66126 0.207244 0.837158 0.506179 0.231524 -0.565866 -0.319491 0.76008 -0.967308
0.864497 -0.174024 0.471551 3.99718 0.0794288 0.973663 0.21371 0.141885 -0.496322 -0.147296 0.855551 -0.631929
0.974344 -0.166803 0.151097 4.21047 0.136582 0.971824 0.192101 0.161615 -0.178882 -0.166536 0.969674 -0.248943
0.97697 -0.117535 -0.178088 4.36887 0.133624 0.987701 0.0811831 0.120034 0.166356 -0.10311 0.98066 0.0661015
0.863174 -0.0680802 -0.500295 4.33131 0.139891 0.984324 0.10741 0.131489 0.48514 -0.1627 0.859167 0.387459
0.702003 -0.309217 -0.641542 4.33811 0.447617 0.892227 0.0597575 0.240608 0.553923 -0.329115 0.764756 0.588814
0.72064 -0.473511 -0.506424 4.27294 0.645385 0.725013 0.240487 0.307172 0.253291 -0.500143 0.82807 0.700541
0.819097 -0.261612 -0.510529 4.13854 0.385088 0.910389 0.151325 0.197496 0.425192 -0.320548 0.84644 1.11693
0.79447 0.0170483 -0.607064 4.09786 0.0961842 0.983457 0.153496 0.0707502 0.599638 -0.180338 0.779687 1.40728
0.573055 -0.0283979 -0.819025 3.9145 0.120903 0.991393 0.0502191 0.0922691 0.810549 -0.127801 0.571556 1.57136
0.290032 0.0067172 -0.956993 3.91944 0.0719235 0.996994 0.0287956 0.0686712 0.95431 -0.0771819 0.288677 1.74784
-0.0345753 -0.0586724 -0.997678 4.10663 0.189894 0.979704 -0.0641963 0.15141 0.981196 -0.191673 -0.022732 1.58452
-0.370355 -0.126454 -0.920243 4.20971 0.118186 0.976224 -0.181711 0.16083 0.921341 -0.176057 -0.346604 1.62678
-0.645302 -0.282572 -0.709745 4.58245 0.0420331 0.914533 -0.402321 0.23978 0.76277 -0.289451 -0.578273 1.61794
-0.854477 -0.269804 -0.44393 4.67952 -0.0789037 0.912043 -0.402432 0.212639 0.513461 -0.308841 -0.800609 1.53489
-0.944233 -0.268897 -0.190048 4.59234 -0.183581 0.909041 -0.37409 0.22769 0.273353 -0.318339 -0.907711 1.5517
-0.989412 -0.111311 0.0931317 4.42475 -0.127338 0.97367 -0.189081 0.14382 -0.0696328 -0.198938 -0.977535 1.39814
-0.855514 -0.106536 0.506701 4.35004 -0.183586 0.977438 -0.104456 0.136594 -0.484141 -0.182387 -0.85577 1.14549
-0.589412 -0.166077 0.790577 4.27403 -0.269308 0.963053 0.00152738 0.175815 -0.761621 -0.212009 -0.612361 1.07852
-0.289504 -0.156841 0.94424 4.30392 -0.299608 0.951761 0.0662299 0.16131 -0.909078 -0.263728 -0.322529 0.940688
0.0586366 -0.184295 0.98112 4.37497 -0.302745 0.933244 0.193395 0.196858 -0.951266 -0.30837 -0.00107218 0.646593
0.143047 -0.0844572 0.986106 4.5233 -0.217789 0.969244 0.114606 0.151296 -0.965456 -0.231157 0.120254 0.250504
-0.253145 -0.0271157 0.967048 4.6984 -0.139424 0.990194 -0.00873255 0.097437 -0.957329 -0.137041 -0.254443 -0.219972
-0.594301 0.0578444 0.80216 4.7021 -0.0488015 0.992978 -0.10776 0.0921545 -0.802761 -0.103189 -0.587305 -0.461869
-0.901374 -0.057451 0.429214 4.72665 -0.152667 0.969681 -0.190817 0.16094 -0.405238 -0.237524 -0.882816 -0.567489
-0.975632 -0.189258 0.111008 4.5185 -0.211444 0.946094 -0.24535 0.187602 -0.058589 -0.262843 -0.963058 -0.652119
-0.957803 -0.10877 -0.266051 4.25356 -0.0292115 0.957676 -0.286364 0.188639 0.285938 -0.266508 -0.920442 -0.883552
-0.748886 -0.041928 -0.661371 3.75092 0.0799763 0.984984 -0.153003 0.154766 0.657855 -0.167476 -0.734288 -0.926362
-0.488505 -0.143921 -0.86061 3.38969 0.142401 0.959931 -0.241361 0.211522 0.860863 -0.240458 -0.448436 -1.02439
-0.391519 -0.247202 -0.886343 2.8015 0.174319 0.92587 -0.335228 0.230122 0.903507 -0.285754 -0.319403 -0.921997
-0.340792 -0.236643 -0.909868 2.30621 0.198298 0.927936 -0.315615 0.217734 0.918988 -0.287984 -0.269307 -0.761404
-0.490705 -0.260312 -0.831532 1.76555 0.202141 0.894284 -0.399244 0.259841 0.847554 -0.363998 -0.38621 -0.715031
-0.596694 -0.254425 -0.761068 1.08405 0.0270552 0.94149 -0.335953 0.245932 0.802013 -0.221052 -0.554898 -0.859726
-0.511205 -0.129561 -0.849637 0.46559 0.103932 0.971999 -0.210753 0.153678 0.853152 -0.196042 -0.483425 -1.20769
-0.185276 -0.0949222 -0.978091 -0.0692309 0.122582 0.985317 -0.118844 0.125272 0.975011 -0.141915 -0.170919 -1.27091
0.167836 -0.0886717 -0.981819 -0.268002 0.187672 0.980607 -0.0564808 0.126873 0.967786 -0.17478 0.181223 -1.23333
0.626412 -0.145317 -0.765827 -0.459392 0.236227 0.971658 0.00884931 0.162026 0.742836 -0.186453 0.642985 -0.942156
0.868787 -0.14419 -0.473728 -0.50764 0.212472 0.972673 0.0936059 0.170307 0.447285 -0.181978 0.875683 -0.880792
0.950671 -0.256828 -0.173967 -0.482362 0.289074 0.93692 0.196514 0.152391 0.112523 -0.23711 0.964944 -0.769411
0.904565 -0.420641 0.0694497 -0.413497 0.363641 0.846272 0.389345 0.211317 -0.222548 -0.326933 0.91847 -0.579836
0.80317 -0.576781 0.149134 -0.546934 0.361776 0.671093 0.647111 0.282336 -0.473324 -0.465787 0.747668 -0.377746
0.73481 -0.673181 0.0829482 -0.319173 0.305939 0.438099 0.845263 0.358507 -0.605355 -0.595731 0.527873 -0.0531247
0.731668 -0.673901 -0.102565 -0.0529546 0.472656 0.393135 0.788696 0.368656 -0.491181 -0.625541 0.606168 0.326618
0.74338 -0.628014 -0.230185 0.257451 0.622024 0.522565 0.583106 0.347792 -0.245912 -0.576649 0.779104 0.759287
0.779441 -0.498721 -0.379142 0.26264 0.620984 0.695009 0.362409 0.297195 0.0827663 -0.517918 0.851417 1.14828
0.679286 -0.387695 -0.623107 0.309041 0.446965 0.891984 -0.0677255 0.165933 0.582058 -0.232502 0.779199 1.34828
0.585979 -0.287177 -0.757732 0.285161 0.118629 0.955423 -0.270361 0.10345 0.801596 0.0685365 0.593925 1.52459
0.363792 -0.200959 -0.909544 -0.0094522 0.107252 0.978993 -0.173405 0.0717998 0.925285 -0.0344674 0.377703 1.85923
0.420491 -0.0873758 -0.903079 -0.124139 0.197523 0.980294 -0.00287623 0.0497567 0.885535 -0.177169 0.429464 2.41395
0.481063 -0.13754 -0.86583 -0.433781 0.274261 0.961655 -0.000380764 0.063407 0.832682 -0.23728 0.500338 2.80079
0.676665 -0.0694791 -0.733005 -0.639777 0.195913 0.976639 0.0882827 0.0717733 0.709748 -0.203343 0.67447 3.32673
0.710432 -0.137792 -0.690145 -0.803386 0.184262 0.982855 -0.00655466 0.0728856 0.679216 -0.122511 0.723642 3.95054
0.893091 -0.128242 -0.431211 -0.812039 0.21124 0.965814 0.15027 0.113715 0.397198 -0.225294 0.889649 4.39535
0.82292 -0.246178 -0.512053 -0.791115 0.336035 0.937609 0.0892701 0.167074 0.458129 -0.24553 0.854302 4.86413
0.66366 -0.124224 -0.737648 -1.18462 0.197194 0.980287 0.012329 0.0897643 0.721575 -0.153642 0.675073 5.40828
0.698368 -0.164129 -0.696666 -1.38233 0.307789 0.947624 0.0852883 0.144687 0.64618 -0.273989 0.712307 5.97261
0.685932 -0.220543 -0.69344 -1.54801 0.35358 0.933917 0.0527268 0.164808 0.635987 -0.281353 0.718583 6.48578
0.551771 -0.120619 -0.825227 -1.84536 0.316597 0.945712 0.073457 0.132201 0.771566 -0.301796 0.560004 6.81021
0.240805 -0.0708124 -0.967987 -1.9901 0.18207 0.982925 -0.0266117 0.0709474 0.953343 -0.169834 0.249586 6.97169
-0.136657 -0.109034 -0.9846 -2.07476 0.158783 0.978662 -0.130414 0.0984041 0.97781 -0.174159 -0.116428 7.13616
-0.396171 -0.137478 -0.907826 -2.28952 0.162029 0.962742 -0.216503 0.117678 0.903767 -0.232866 -0.359135 7.3939
-0.192168 -0.143866 -0.97076 -2.43802 0.105301 0.980462 -0.166149 0.10685 0.975696 -0.134151 -0.173264 7.92662
0.197762 -0.140404 -0.970143 -2.47513 0.166535 0.980114 -0.107899 0.0924484 0.966 -0.140224 0.217212 8.17053
0.517948 -0.0839315 -0.851285 -2.5802 0.242834 0.96866 0.0522436 0.0894516 0.820221 -0.23378 0.522097 8.39978
0.706821 -0.00505641 -0.707374 -2.71502 0.118858 0.986607 0.111713 0.0627616 0.697336 -0.163038 0.697955 8.92365
0.861029 -0.170432 -0.479146 -2.84558 0.316355 0.917189 0.242248 0.0706735 0.398181 -0.360162 0.843644 9.09211
0.952465 -0.156178 -0.26157 -2.97264 0.218005 0.949154 0.227112 0.0557453 0.2128 -0.27334 0.938084 9.55108
0.956315 -0.0934815 -0.276988 -3.23552 0.172123 0.945903 0.275029 0.0445427 0.236294 -0.31069 0.920672 9.74784
0.887401 -0.16695 -0.429706 -3.37921 0.27601 0.939 0.205177 0.0649941 0.36924 -0.300677 0.879349 10.1574
0.860015 -0.00454189 -0.510249 -3.65413 0.140737 0.963286 0.228635 0.00862836 0.490477 -0.26844 0.829079 10.7125
0.641574 -0.0915672 -0.761576 -3.7371 0.215128 0.974482 0.0640644 0.0348295 0.736276 -0.204938 0.644901 11.0634
0.577433 -0.258039 -0.774588 -3.83825 0.498947 0.86249 0.0846293 0.0911974 0.646237 -0.435346 0.626779 11.4185
0.180482 -0.454717 -0.872157 -3.89201 0.6868 0.693009 -0.21919 0.195564 0.704083 -0.559437 0.437376 11.5059
-0.153365 -0.475028 -0.866503 -3.92333 0.548489 0.688477 -0.47451 0.220219 0.821973 -0.548041 0.15496 11.6953
0.121911 -0.243266 -0.962268 -4.29183 0.417887 0.891962 -0.17255 0.0599626 0.900282 -0.381084 0.210398 12.0693
0.281018 -0.106353 -0.953791 -4.46541 0.108848 0.99096 -0.0784278 -0.0634293 0.95351 -0.0817785 0.290054 12.4475
0.388732 -0.030629 -0.920842 -4.57311 0.00240052 0.999478 -0.0322312 -0.08443 0.921348 0.0103188 0.388602 12.6818
0.634977 -0.164305 -0.754857 -4.74951 0.211557 0.976752 -0.0346443 0.0038046 0.742999 -0.137697 0.654974 12.9847
0.671833 -0.186272 -0.716899 -4.86643 0.26168 0.965139 -0.00554166 0.0232017 0.692939 -0.183875 0.697155 13.507
0.680826 -0.160268 -0.714695 -5.07651 0.224882 0.974377 -0.00427644 0.0387698 0.697068 -0.157811 0.699423 14.0051
0.818576 -0.20073 -0.538183 -5.14898 0.267915 0.962215 0.0486138 0.0486801 0.50809 -0.183981 0.841425 14.3515
