0.999989 -0.00284382 0.0036913 -9.3541e-05 0.00282077 0.999977 0.00623453 0.000238527 -0.00370895 -0.00622405 0.999974 9.18501e-05
0.903077 -0.0123768 -0.429299 4.83461 0.00612719 0.999854 -0.0159367 0.235311 0.429434 0.0117617 0.903022 0.25095
0.849234 -0.0364168 -0.52676 5.5935 0.023411 0.999235 -0.0313378 0.24481 0.527498 0.0142811 0.849436 0.649771
0.922371 -0.0727522 -0.379394 6.38594 0.0316136 0.993028 -0.113564 0.251738 0.38501 0.0927541 0.918239 1.39507
0.957444 -0.094063 -0.27286 7.43793 0.0830814 0.995208 -0.0515519 0.29559 0.276402 0.0266884 0.960671 1.79008
0.849569 -0.0562808 -0.524467 8.4637 0.0416604 0.998345 -0.0396484 0.287673 0.52583 0.0118346 0.850507 2.23627
0.558881 -0.0674566 -0.8265 9.19392 0.0955445 0.995286 -0.0166251 0.338347 0.823726 -0.0696761 0.562691 3.06725
0.166027 -0.0673895 -0.983816 9.30531 0.263963 0.964293 -0.0215064 0.449853 0.950136 -0.25612 0.177887 3.31403
-0.235561 0.0232368 -0.971582 9.56287 0.303645 0.951427 -0.0508643 0.505624 0.923207 -0.306998 -0.231175 3.78793
-0.551175 0.00579234 -0.83437 9.61737 0.221593 0.965083 -0.139682 0.5328 0.804427 -0.261879 -0.533213 4.10023
-0.543292 -0.00521017 -0.839528 9.66835 0.0724872 0.995955 -0.0530904 0.463059 0.836409 -0.0896986 -0.540717 4.79008
-0.600604 0.0794308 -0.795591 10.0459 0.0428553 0.996821 0.0671691 0.349149 0.798397 0.00624677 -0.602099 4.74566
-0.865244 0.108798 -0.489404 10.172 0.0613616 0.991812 0.112003 0.304995 0.497582 0.0668788 -0.864835 4.51094
-0.992015 0.0187099 -0.124726 10.0917 0.0122652 0.998559 0.0522394 0.282881 0.125524 0.0502925 -0.990815 4.18903
-0.976968 -0.00696226 0.213271 9.66751 -0.00536536 0.999953 0.00806554 0.332625 -0.213317 0.0067355 -0.97696 3.61301
-0.820495 -0.00777055 0.5716 9.35107 0.0461552 0.995743 0.0797893 0.302364 -0.569787 0.091849 -0.816644 3.13048
-0.58876 -0.0187297 0.808091 8.78064 0.00462998 0.999637 0.0265426 0.326358 -0.808295 0.0193686 -0.58846 2.33223
-0.574724 -0.0515031 0.816725 8.16098 -0.0621876 0.99788 0.0191659 0.354916 -0.815981 -0.0397751 -0.576708 1.57353
-0.834321 -0.0207915 0.550887 7.59868 -0.0172625 0.999784 0.0115895 0.353329 -0.551009 0.000159702 -0.834499 0.687177
-0.958188 -0.0520382 0.281366 6.98145 -0.0369616 0.997595 0.0586311 0.315881 -0.283741 0.0457798 -0.957808 -0.169211
-0.814107 -0.00997793 0.580629 6.27469 -0.00382539 0.999923 0.0118197 0.282816 -0.580702 0.00740141 -0.814083 -0.805048
-0.904753 -0.0261403 0.425133 5.21465 -0.00685593 0.998879 0.0468278 0.274499 -0.425881 0.0394529 -0.903919 -1.20865
-0.995451 -0.0114482 0.0945849 4.52482 -0.00632021 0.998503 0.054338 0.278037 -0.0950653 0.053493 -0.994033 -1.69049
-0.921534 -0.0941496 -0.37671 4.59938 -0.122633 0.991073 0.0522995 0.277549 0.368423 0.094393 -0.924854 -1.7994
-0.749341 -0.12484 -0.65031 4.75736 -0.194594 0.980221 0.0360542 0.285162 0.632946 0.153563 -0.758813 -1.82317
-0.47078 -0.0370285 -0.881473 4.96701 -0.206916 0.975886 0.0695157 0.267526 0.857643 0.215117 -0.46709 -1.82843
-0.0998097 -0.0600519 -0.993193 5.19619 -0.0700053 0.996127 -0.0531943 0.295449 0.992541 0.0642195 -0.103627 -1.66469
0.246124 -0.115309 -0.962355 5.19835 0.0234028 0.993316 -0.113034 0.364679 0.968956 0.00529851 0.247177 -1.15668
0.337758 -0.155774 -0.928253 5.25745 0.0461197 0.987764 -0.14898 0.383184 0.940102 0.0075083 0.34081 -0.792142
0.622726 -0.111745 0.77442 2.36962 -0.0857429 0.974043 0.209498 0.158771 -0.777728 -0.19686 0.59698 -0.437092
0.581324 -0.210272 0.786033 2.50214 0.0602253 0.974501 0.216148 0.127334 -0.81144 -0.0783133 0.579165 -0.530507
0.464532 -0.24196 0.85186 2.66065 0.0629748 0.968539 0.240761 0.123205 -0.883315 -0.0581952 0.465155 -0.576394
0.618349 -0.358381 0.699433 2.99508 0.029959 0.900076 0.434702 0.238092 -0.785332 -0.247844 0.567298 -0.910525
0.664627 -0.417493 0.619654 3.3894 0.030748 0.843909 0.535605 0.29294 -0.746543 -0.336924 0.573721 -0.992939
0.797256 -0.446147 0.406616 3.68115 0.209397 0.836181 0.506906 0.25495 -0.566159 -0.31899 0.760072 -0.990786
0.864143 -0.176507 0.471277 4.01734 0.0817448 0.973269 0.214628 0.166009 -0.496562 -0.146945 0.855472 -0.655826
0.974307 -0.170365 0.147313 4.22586 0.140373 0.970837 0.194348 0.186556 -0.176127 -0.168675 0.969808 -0.278225
0.976401 -0.119254 -0.180052 4.39113 0.135207 0.987658 0.0790564 0.145355 0.168402 -0.101535 0.980475 0.0408351
0.861952 -0.0736152 -0.501618 4.35616 0.145002 0.983868 0.104775 0.156931 0.485813 -0.163046 0.858721 0.366168
0.698698 -0.31427 -0.642694 4.36253 0.452091 0.8902 0.0561887 0.266231 0.554468 -0.329815 0.76406 0.568126
0.716476 -0.477327 -0.508745 4.29686 0.649804 0.721959 0.237759 0.332459 0.253805 -0.500933 0.827436 0.679762
0.816304 -0.266736 -0.512348 4.16266 0.390169 0.908678 0.148568 0.222131 0.42593 -0.321179 0.845829 1.09607
0.793225 0.011314 -0.608824 4.12247 0.101188 0.983477 0.150112 0.0952688 0.600463 -0.180678 0.778974 1.38641
0.571412 -0.0342542 -0.819948 3.93882 0.12468 0.991154 0.0454812 0.115741 0.811137 -0.128219 0.570629 1.5503
0.28853 0.000785081 -0.957471 3.9437 0.0740457 0.996987 0.0231308 0.0922401 0.954604 -0.0775705 0.287602 1.72679
-0.0367602 -0.0645664 -0.997236 4.13076 0.190137 0.979229 -0.0704094 0.176094 0.981069 -0.1922 -0.0237202 1.56348
-0.372406 -0.132253 -0.918598 4.23365 0.116239 0.975353 -0.187548 0.186136 0.920762 -0.176621 -0.347854 1.60669
-0.64742 -0.287654 -0.705764 4.60545 0.0382011 0.912625 -0.407009 0.267054 0.761175 -0.290467 -0.579863 1.60573
-0.855151 -0.274369 -0.439815 4.70222 -0.0836934 0.91039 -0.405198 0.24014 0.511577 -0.309696 -0.801484 1.52229
-0.943744 -0.273761 -0.185479 4.61501 -0.189424 0.907318 -0.375357 0.254853 0.271046 -0.319107 -0.908132 1.54061
-0.98869 -0.115632 0.0955029 4.4474 -0.132051 0.973083 -0.188871 0.169301 -0.0710926 -0.199346 -0.977347 1.38265
-0.855229 -0.108735 0.506714 4.37123 -0.185484 0.977196 -0.103364 0.160813 -0.48392 -0.182387 -0.855895 1.12402
-0.588817 -0.168246 0.790562 4.2962 -0.270795 0.962632 0.00317506 0.199828 -0.761554 -0.212211 -0.612374 1.05619
-0.292415 -0.159315 0.942927 4.3329 -0.301945 0.950965 0.0670358 0.18486 -0.907371 -0.26511 -0.326181 0.921532
0.0567941 -0.187537 0.980614 4.40466 -0.304694 0.932086 0.195903 0.219625 -0.950756 -0.309913 -0.0042045 0.628237
0.141212 -0.0884354 0.986021 4.55387 -0.219355 0.96845 0.118274 0.1733 -0.965372 -0.23299 0.117358 0.233014
-0.254102 -0.0312424 0.966673 4.72573 -0.142731 0.989746 -0.00553052 0.120253 -0.956588 -0.13938 -0.255955 -0.239685
-0.594578 0.0550922 0.802148 4.72595 -0.0511086 0.993043 -0.106086 0.1157 -0.802412 -0.104073 -0.587626 -0.482454
-0.901021 -0.059174 0.429721 4.74867 -0.154307 0.969576 -0.19003 0.184656 -0.405403 -0.23753 -0.882739 -0.587289
-0.975364 -0.189823 0.11239 4.5389 -0.212302 0.946137 -0.244445 0.211125 -0.0599354 -0.262283 -0.963128 -0.671086
-0.957144 -0.109021 -0.268308 4.27299 -0.0292296 0.958075 -0.285021 0.210512 0.288132 -0.264964 -0.920203 -0.901458
-0.747639 -0.0436455 -0.662669 3.77889 0.0784136 0.985056 -0.153347 0.172969 0.65946 -0.16661 -0.733044 -0.936863
-0.488559 -0.146148 -0.860204 3.42603 0.141103 0.959662 -0.243186 0.225386 0.861046 -0.240188 -0.448229 -1.02783
-0.397168 -0.246332 -0.884069 2.84647 0.174718 0.925392 -0.336338 0.238742 0.900961 -0.288045 -0.324498 -0.918979
-0.343721 -0.237534 -0.908534 2.34203 0.198503 0.927241 -0.317524 0.227992 0.917852 -0.289487 -0.271561 -0.767573
-0.494791 -0.25961 -0.829327 1.80113 0.20136 0.894111 -0.400024 0.269195 0.845361 -0.364922 -0.390124 -0.723479
-0.59839 -0.255557 -0.759355 1.11216 0.0241877 0.941572 -0.335942 0.25618 0.80084 -0.219391 -0.557246 -0.877184
-0.508995 -0.130229 -0.850861 0.486893 0.100042 0.97284 -0.208745 0.166608 0.854936 -0.191372 -0.482142 -1.23068
-0.185947 -0.0958759 -0.977871 -0.058812 0.126523 0.984606 -0.120595 0.14382 0.97438 -0.146148 -0.170954 -1.2916
0.166571 -0.0899417 -0.981919 -0.257631 0.19131 0.979856 -0.0572993 0.147003 0.967292 -0.178306 0.180422 -1.25381
0.624742 -0.147177 -0.766835 -0.449412 0.239322 0.970902 0.00863368 0.184519 0.743251 -0.188915 0.641786 -0.962605
0.866478 -0.147842 -0.476821 -0.498024 0.215743 0.972238 0.090598 0.197406 0.450189 -0.181372 0.874319 -0.900373
0.949321 -0.260239 -0.176253 -0.47121 0.292811 0.936076 0.194996 0.179653 0.11424 -0.236723 0.964838 -0.788513
0.903246 -0.423757 0.0676512 -0.401073 0.367229 0.844863 0.389038 0.238886 -0.222013 -0.326553 0.918735 -0.598374
0.801817 -0.579302 0.146625 -0.534032 0.365079 0.66914 0.647279 0.309351 -0.473082 -0.465469 0.748018 -0.396063
0.733703 -0.674783 0.0796708 -0.306504 0.309055 0.435844 0.845296 0.38622 -0.605115 -0.595573 0.528326 -0.0713627
0.729964 -0.675266 -0.105683 -0.0399978 0.475685 0.390892 0.787989 0.39722 -0.490792 -0.625476 0.606551 0.308471
0.741137 -0.629728 -0.23272 0.270766 0.624949 0.520493 0.58183 0.377351 -0.245266 -0.576653 0.779304 0.741247
0.777055 -0.500114 -0.382193 0.27777 0.6237 0.693548 0.36054 0.326772 0.084758 -0.518533 0.850846 1.1306
0.67553 -0.38952 -0.626045 0.326027 0.448637 0.89095 -0.0702428 0.195731 0.585136 -0.233416 0.776616 1.331
0.582147 -0.290169 -0.759544 0.303544 0.11956 0.954547 -0.27303 0.133235 0.804245 0.0681323 0.590379 1.5076
0.359426 -0.203566 -0.9107 0.00787049 0.107438 0.978454 -0.176309 0.100524 0.926968 -0.034474 0.373552 1.84098
0.416054 -0.0893427 -0.90494 -0.109242 0.197889 0.980207 -0.00579254 0.0776128 0.887547 -0.176668 0.425499 2.39519
0.476742 -0.139212 -0.86795 -0.420698 0.274829 0.961488 -0.00325835 0.0900578 0.834977 -0.236985 0.496641 2.7807
0.673065 -0.0713384 -0.736135 -0.628956 0.197155 0.976626 0.085619 0.0973314 0.712821 -0.20276 0.671398 3.30583
0.707042 -0.139917 -0.693192 -0.79552 0.185563 0.982591 -0.00905964 0.0970542 0.682392 -0.122225 0.720696 3.92915
0.891127 -0.128357 -0.435222 -0.810206 0.212064 0.965772 0.149378 0.133869 0.401151 -0.225409 0.887845 4.37683
0.820765 -0.246182 -0.515498 -0.793014 0.337614 0.936964 0.0900845 0.188169 0.460826 -0.247978 0.852142 4.84365
0.659961 -0.126228 -0.74062 -1.18322 0.198344 0.980084 0.00970128 0.111943 0.724645 -0.1533 0.671854 5.38506
0.694254 -0.165622 -0.700415 -1.38212 0.309204 0.947414 0.0824563 0.166199 0.649926 -0.273817 0.708957 5.94861
0.681632 -0.222017 -0.697199 -1.54972 0.354776 0.933638 0.049546 0.186057 0.639931 -0.281122 0.715163 6.46037
0.547605 -0.121954 -0.827802 -1.84962 0.317412 0.945652 0.0706574 0.151281 0.774195 -0.301447 0.556554 6.78426
0.236095 -0.0729161 -0.96899 -1.99511 0.181372 0.982964 -0.0297762 0.0896001 0.954653 -0.168718 0.245298 6.94459
-0.142597 -0.108681 -0.983796 -2.08201 0.157806 0.978743 -0.130996 0.109549 0.97712 -0.173929 -0.122415 7.10943
-0.400543 -0.137125 -0.905959 -2.30039 0.163058 0.962289 -0.217742 0.127064 0.901653 -0.234939 -0.363079 7.35753
-0.196262 -0.144697 -0.969816 -2.45246 0.106682 0.98003 -0.16781 0.118467 0.974731 -0.136397 -0.176906 7.89553
0.193209 -0.142531 -0.97075 -2.48598 0.166302 0.979834 -0.110766 0.107904 0.966961 -0.140037 0.213016 8.14106
0.513799 -0.0856533 -0.853624 -2.59217 0.243512 0.96864 0.0493763 0.105003 0.822625 -0.233237 0.518544 8.36984
0.705679 -0.00794892 -0.708487 -2.73742 0.119134 0.987032 0.107588 0.0803646 0.698444 -0.160328 0.697474 8.88903
0.858998 -0.170419 -0.482784 -2.8705 0.317331 0.917222 0.240841 0.0882266 0.401776 -0.360084 0.841971 9.05965
0.951184 -0.154606 -0.267107 -3.00161 0.218208 0.948945 0.227789 0.0735392 0.218253 -0.274955 0.936358 9.52038
0.955561 -0.0945387 -0.279222 -3.26399 0.173369 0.946287 0.272916 0.0624453 0.238423 -0.309197 0.920626 9.7112
0.886379 -0.166657 -0.431923 -3.41358 0.276201 0.9391 0.20446 0.0769951 0.371545 -0.300527 0.878429 10.1257
0.858683 -0.00593469 -0.512473 -3.68478 0.142956 0.963019 0.22838 0.0186363 0.492166 -0.269367 0.827776 10.6768
0.640236 -0.0936611 -0.762447 -3.76068 0.217784 0.973947 0.0632332 0.04357 0.73666 -0.206533 0.643954 11.0269
0.573258 -0.258534 -0.777518 -3.86236 0.500072 0.862088 0.0820447 0.100049 0.649078 -0.435848 0.623485 11.3836
0.173229 -0.453149 -0.874441 -3.91559 0.68762 0.691293 -0.22202 0.204074 0.705104 -0.562823 0.431346 11.4735
-0.157786 -0.474745 -0.865864 -3.94348 0.548176 0.687219 -0.47669 0.228974 0.821344 -0.549861 0.151811 11.6623
0.116507 -0.243926 -0.96277 -4.31805 0.41763 0.891539 -0.17534 0.0674092 0.901117 -0.381653 0.205741 12.0332
0.276015 -0.108082 -0.955057 -4.49566 0.109066 0.990761 -0.0806021 -0.0562714 0.954945 -0.0819168 0.285253 12.4102
0.386777 -0.0337517 -0.921555 -4.60477 0.00389806 0.999381 -0.034966 -0.0769209 0.922165 0.00993176 0.386669 12.6486
0.631301 -0.166442 -0.757467 -4.7806 0.212771 0.976393 -0.037217 0.00903236 0.74578 -0.137671 0.651812 12.9459
0.668162 -0.18815 -0.719832 -4.89974 0.262991 0.964765 -0.00805737 0.0275892 0.695985 -0.183926 0.694101 13.4674
0.676924 -0.16225 -0.717948 -5.11196 0.226086 0.974082 -0.00696713 0.0424983 0.70047 -0.157602 0.696062 13.9652
0.817207 -0.20079 -0.540238 -5.18812 0.26775 0.962324 0.0473539 0.0561999 0.510375 -0.183347 0.840179 14.3107
0.881426 -0.336855 -0.331083 -5.30166 0.389754 0.914683 0.106993 0.118208 0.266795 -0.223347 0.937516 14.8391
0.921823 -0.28059 -0.267417 -5.52679 0.315116 0.944237 0.0954953 0.107753 0.22571 -0.172297 0.958837 15.3746
0.921257 -0.249484 -0.2984 -5.78436 0.298621 0.94525 0.13164 0.104792 0.24922 -0.210383 0.945319 16.0432
0.916448 -0.364999 -0.164007 -5.89666 0.393422 0.896735 0.202697 0.1592 0.073086 -0.250285 0.96541 16.4991
0.93502 -0.128386 -0.330536 -6.20329 0.171191 0.979764 0.103708 0.0854182 0.310533 -0.153554 0.938078 16.9731
0.926263 -0.163889 -0.339378 -6.30832 0.180963 0.983305 0.0190538 0.0817806 0.330589 -0.0790637 0.940457 17.5516
0.891162 0.0724496 -0.447863 -6.51251 -0.0697819 0.997309 0.0224792 -0.0327393 0.448286 0.0112201 0.89382 17.9892
0.652502 0.181433 -0.735747 -6.66159 -0.20387 0.977148 0.060158 -0.114264 0.729848 0.110744 0.67458 18.1549
0.157311 0.0410161 -0.986697 -6.84027 -0.0344529 0.998757 0.0360245 -0.0323357 0.986948 0.0283275 0.158529 18.1947
-0.239032 -0.0903458 -0.9668 -7.03071 0.0290678 0.99455 -0.100126 0.0607225 0.970577 -0.052036 -0.235103 18.1857
-0.321234 -0.299791 -0.898295 -7.22501 0.175417 0.913317 -0.367534 0.162732 0.930612 -0.27564 -0.2408 18.3504
-0.323632 -0.360251 -0.874918 -7.33419 0.178392 0.884866 -0.430334 0.184091 0.929214 -0.295349 -0.222105 18.8129
-0.1191 -0.250333 -0.960806 -7.6431 0.156983 0.950774 -0.267179 0.106285 0.980394 -0.182651 -0.073939 19.3759
0.155337 -0.0948486 -0.983298 -7.77227 0.218143 0.974101 -0.0595004 0.0607135 0.963475 -0.205257 0.172004 20.0436
-0.001576 -0.0521347 -0.998639 -7.87602 0.200558 0.978333 -0.0513912 0.034273 0.979681 -0.200366 0.00891419 20.5532
0.0246932 -0.0367481 -0.999019 -7.98102 0.205849 0.978096 -0.0308904 -0.00637815 0.978272 -0.204884 0.0317169 20.8264
0.324656 -0.0831459 -0.942171 -8.18269 0.242737 0.97009 -0.00196692 -0.00744213 0.914154 -0.228061 0.335128 21.3147
-0.03346 -0.116394 -0.992639 -8.39776 0.2468 0.961475 -0.121059 0.0185266 0.968489 -0.249034 -0.00344495 21.608
-0.415427 -0.126163 -0.900835 -8.75226 0.187495 0.957192 -0.22052 -0.0109001 0.890093 -0.260512 -0.373988 21.8917
-0.66297 -0.206695 -0.719547 -8.8619 0.0139431 0.957556 -0.287911 0.0443995 0.748516 -0.200909 -0.631948 22.1665
-0.423078 -0.153389 -0.893015 -9.31991 0.139179 0.96287 -0.231325 0.00212149 0.89534 -0.222158 -0.386021 22.6267
-0.0530001 -0.172396 -0.983601 -9.40055 0.24046 0.953799 -0.18013 0.0343409 0.969211 -0.246064 -0.00909702 23.0563
0.382127 -0.110001 -0.917539 -9.47966 0.317699 0.948008 0.0186577 0.00564324 0.867782 -0.298631 0.397207 23.4573
0.539523 -0.270451 -0.797353 -9.48327 0.42575 0.904646 -0.0187629 0.0455874 0.726397 -0.32935 0.603222 23.9014
0.388274 -0.313518 -0.866574 -9.61392 0.587652 0.808586 -0.0292377 0.0795811 0.709866 -0.497891 0.498192 24.4666
0.277822 -0.240401 -0.930066 -9.76147 0.36617 0.921587 -0.12883 0.0388761 0.888107 -0.304771 0.344065 25.0707
0.429062 -0.168253 -0.887467 -9.99934 0.38028 0.924832 0.00851618 0.00584548 0.819325 -0.341139 0.460793 25.639
0.3273 -0.125449 -0.936556 -10.3594 0.375394 0.926838 0.00704216 0.00486261 0.867153 -0.353883 0.350447 26.2383
0.0801353 -0.19109 -0.978296 -10.6255 0.302397 0.939859 -0.158812 0.0147734 0.949808 -0.283107 0.133101 26.5204
0.155351 -0.0182339 -0.987691 -10.939 0.209133 0.977775 0.0148431 -0.0228507 0.965468 -0.208865 0.155712 26.9749
-0.121408 -0.0377756 -0.991884 -11.0353 0.112644 0.992296 -0.0515791 -0.0275705 0.98619 -0.117992 -0.116217 27.2846
-0.386225 -0.00925824 -0.922358 -11.3821 0.0782856 0.996013 -0.0427786 -0.0348466 0.919077 -0.0887295 -0.38396 27.3341
-0.703753 0.0193624 -0.71018 -11.6343 0.011587 0.999808 0.0157766 -0.0569883 0.71035 0.00287402 -0.703843 27.386
-0.60238 -0.152876 -0.783433 -11.9469 0.0427874 0.973893 -0.22294 0.0133124 0.797062 -0.167816 -0.580112 27.3187
-0.746118 -0.184237 -0.639816 -12.2364 -0.0829581 0.979189 -0.18522 0.0341203 0.660626 -0.0851178 -0.745875 27.2917
-0.550081 -0.196484 -0.811668 -12.2748 0.0968142 0.950371 -0.295673 0.0711385 0.829481 -0.241225 -0.503758 27.1816
-0.830955 -0.171191 -0.529346 -12.4813 -0.0396198 0.967274 -0.250622 0.0445392 0.554927 -0.187283 -0.810544 26.9428
-0.954756 -0.235516 -0.181585 -12.4508 -0.191681 0.954189 -0.229743 0.0861084 0.227375 -0.184542 -0.956162 26.762
-0.954686 -0.253399 0.15609 -12.3903 -0.281997 0.937862 -0.20222 0.0872045 -0.0951487 -0.237073 -0.966821 26.5636
-0.935029 -0.225145 0.273917 -12.5024 -0.25884 0.9614 -0.0933419 0.0929102 -0.242328 -0.158178 -0.957213 26.4836
-0.981979 -0.135401 0.131852 -12.3978 -0.159708 0.96754 -0.195856 0.0823686 -0.101053 -0.213385 -0.971728 26.4848
-0.909879 -0.151698 0.386144 -12.4374 -0.172212 0.984879 -0.0188737 0.028047 -0.377442 -0.0836712 -0.922245 26.4529
-0.949049 -0.255973 0.183801 -12.6074 -0.294362 0.928323 -0.227083 0.0862066 -0.112499 -0.269617 -0.956374 26.3201
-0.9401 -0.34078 -0.00902967 -12.6049 -0.314966 0.878413 -0.359426 0.148033 0.130417 -0.335052 -0.93313 26.1598
-0.914771 -0.308938 -0.260293 -12.9246 -0.175324 0.884097 -0.433167 0.141606 0.363946 -0.350613 -0.86291 26.0761
-0.862595 -0.120546 -0.491323 -12.9477 0.0238852 0.960409 -0.27757 0.0734527 0.505331 -0.251166 -0.825564 26.0919
-0.606405 -0.138523 -0.782997 -13.1769 0.0407546 0.978 -0.204584 0.0283097 0.794111 -0.155972 -0.587419 26.2618
-0.175319 -0.0431406 -0.983566 -13.2104 0.110882 0.991818 -0.0632671 -0.0012804 0.978248 -0.120152 -0.169101 26.3528
0.188383 -0.0251584 -0.981773 -13.1778 0.108433 0.994093 -0.00466786 -0.00153359 0.976091 -0.105577 0.189998 26.2603
0.0353399 -0.256525 -0.965891 -13.2958 0.280302 0.930245 -0.236802 0.0642811 0.959261 -0.262373 0.104779 26.3686
0.434962 -0.256507 -0.863141 -13.2773 0.399502 0.914032 -0.0703097 0.0919235 0.806974 -0.314244 0.500044 26.3987
0.493938 -0.377218 -0.78341 -13.5028 0.419162 0.892689 -0.165557 0.15085 0.761793 -0.246601 0.599049 26.3233
0.280826 -0.238174 -0.929736 -13.7942 0.320327 0.936431 -0.143135 0.0947461 0.904725 -0.257624 0.339268 26.4244
0.27966 -0.102629 -0.954598 -14.0106 0.155737 0.985952 -0.0603753 -0.00111117 0.947384 -0.131782 0.291714 26.2647
0.288975 -0.0990423 -0.9522 -14.0335 0.0484588 0.994872 -0.0887745 -0.0366751 0.956109 -0.0204889 0.292293 26.3329
0.593028 -0.0733685 -0.801832 -14.09 0.0986565 0.994957 -0.0180742 -0.0219267 0.799115 -0.0683874 0.597276 26.4145
0.746988 -0.237577 -0.62094 -14.2513 0.390329 0.912779 0.120327 0.111356 0.538193 -0.332254 0.774568 26.3948
0.811726 -0.366183 -0.454984 -14.2158 0.529047 0.791029 0.307217 0.233406 0.247408 -0.490084 0.835827 26.652
0.91136 -0.333474 -0.241285 -14.4987 0.407992 0.80942 0.422353 0.201313 0.0544575 -0.483358 0.873727 26.753
0.986665 -0.162528 -0.00870468 -14.4277 0.159535 0.955126 0.249566 0.00791601 -0.0322475 -0.247626 0.968319 26.9245
0.963366 -0.0223635 0.267257 -14.5217 0.00548508 0.997952 0.0637348 -0.0790948 -0.268135 -0.059934 0.961515 26.8452
0.765301 0.0626558 0.640616 -14.5709 -0.045061 0.998024 -0.043781 -0.119944 -0.642093 0.00463885 0.766613 26.6064
0.449234 0.0195322 0.893201 -14.5241 -0.089172 0.995749 0.0230742 -0.0504378 -0.888953 -0.0900142 0.449066 26.31
0.258646 -0.0998614 0.960797 -14.5543 -0.220255 0.962344 0.159315 0.0574617 -0.940527 -0.252826 0.226911 26.3471
-0.102496 -0.0538446 0.993275 -14.7632 -0.203915 0.978465 0.0319997 0.0241544 -0.973608 -0.199264 -0.111269 26.4332
0.131267 -0.0813913 0.988 -15.048 -0.17913 0.978272 0.104389 0.0370548 -0.975029 -0.190683 0.113836 26.6515
-0.058229 -0.0846003 0.994712 -15.1516 -0.150885 0.985702 0.0750014 -0.00262606 -0.986835 -0.14572 -0.0701614 26.6831
0.0105843 -0.147309 0.989034 -15.4225 -0.160798 0.975966 0.147084 0.0543293 -0.986931 -0.160591 -0.013357 26.9555
0.255239 -0.109027 0.960711 -15.482 -0.1261 0.981382 0.144875 0.0244 -0.95862 -0.158124 0.236738 27.2249
0.576703 -0.0518908 0.815304 -15.4951 -0.157074 0.972318 0.17299 0.00854517 -0.801712 -0.227827 0.552588 27.4962
0.876582 0.0408654 0.479514 -15.4602 -0.139036 0.975405 0.17104 0.00911461 -0.460731 -0.2166 0.860704 27.9535
0.97776 -0.104108 0.182062 -15.323 0.059475 0.970097 0.23532 0.0747113 -0.201117 -0.219258 0.954713 28.1858
0.984071 -0.0954443 -0.149985 -15.481 0.128127 0.965624 0.226171 0.126001 0.123242 -0.241785 0.962471 28.5652
0.874078 -0.0536278 -0.482816 -15.6252 0.135663 0.981292 0.136606 0.0967406 0.466458 -0.184904 0.865001 28.753
0.590288 -0.0226291 -0.806875 -15.7434 0.114626 0.991827 0.0560409 0.0595185 0.799012 -0.125569 0.588058 28.8598
0.237362 0.0096263 -0.971374 -15.8715 0.0751503 0.996772 0.0282415 0.0369302 0.96851 -0.0797025 0.235872 28.9184
0.100155 0.0837004 -0.991445 -16.076 0.0783599 0.992697 0.0917219 0.00412228 0.991881 -0.0868759 0.0928644 29.0963
0.0156577 0.129569 -0.991447 -16.3815 -0.0612867 0.989828 0.128389 -0.0363347 0.997997 0.0587522 0.0234392 29.4895
0.319266 0.315513 -0.8936 -16.5036 -0.181001 0.945892 0.269308 -0.0921863 0.930219 0.0757619 0.3591 30.0072
0.586131 0.383136 -0.713902 -16.431 -0.328918 0.917773 0.2225 -0.14913 0.740448 0.104401 0.663956 30.5586
0.809577 0.28551 -0.512904 -16.5201 -0.19879 0.955468 0.218092 -0.0516417 0.55233 -0.0746019 0.830281 30.7746
0.7073 0.0967787 -0.700258 -16.635 0.083273 0.972281 0.218484 0.0865408 0.701992 -0.212846 0.679635 31.0014
0.488007 0.0113178 -0.872766 -16.8468 0.21586 0.96729 0.133242 0.136364 0.845726 -0.253419 0.469602 30.8208
0.0887312 0.120228 -0.988773 -16.9987 -0.0420531 0.992256 0.116878 0.0333221 0.995167 0.0312103 0.0931 30.706
-0.260777 0.29079 -0.920563 -17.0595 -0.0659464 0.945964 0.317495 -0.0903227 0.963144 0.143503 -0.227509 30.5445
-0.447556 0.368624 -0.814746 -17.0195 -0.0482749 0.8998 0.433624 -0.166541 0.892952 0.233403 -0.384915 30.7049
-0.404825 0.320191 -0.856501 -17.1502 0.0218118 0.939802 0.341023 -0.276422 0.914134 0.119373 -0.387439 31.0111
-0.297769 -0.00527599 -0.954623 -17.2016 0.209252 0.975305 -0.0706606 -0.2248 0.931422 -0.220797 -0.289311 31.1716
-0.355087 -0.115863 -0.927625 -17.2692 0.219503 0.954214 -0.203208 -0.305549 0.908698 -0.275773 -0.313397 31.4023
-0.279107 0.153978 -0.947834 -17.522 0.0682051 0.987746 0.140378 -0.473391 0.957835 -0.0254668 -0.286189 31.5021
-0.218754 0.280849 -0.93449 -17.9375 -0.0124029 0.956807 0.290459 -0.713202 0.975701 0.0751295 -0.205822 31.5996
0.125435 0.413665 -0.901747 -18.0162 -0.182802 0.903 0.388811 -0.745732 0.975115 0.116071 0.188887 31.7454
0.389143 0.519346 -0.76082 -18.0598 -0.386643 0.841733 0.376819 -0.786033 0.836107 0.147529 0.528356 31.7857
0.758692 0.366935 -0.53828 -17.8947 -0.373061 0.922099 0.102758 -0.905461 0.534053 0.122849 0.836478 31.9819
0.899189 0.386195 -0.205697 -17.8057 -0.388156 0.921023 0.0324223 -0.912747 0.201973 0.050689 0.978078 32.0163
0.947021 0.293903 0.129509 -17.9442 -0.30334 0.950992 0.0599901 -0.979046 -0.105531 -0.0960972 0.989762 32.0473
0.964441 0.263076 0.0254078 -17.9704 -0.262259 0.964485 -0.0314576 -1.1687 -0.0327812 0.0236756 0.999182 32.3336
0.981469 0.191471 -0.00763775 -18.1118 -0.191569 0.981359 -0.0153746 -1.29021 0.00455159 0.0165529 0.999853 32.5455
0.912266 0.29979 -0.279099 -18.323 -0.307587 0.951376 0.0165255 -1.3364 0.270483 0.0707718 0.96012 32.6977
0.886464 0.195026 -0.419697 -18.3264 -0.258627 0.960809 -0.0997869 -1.49218 0.383788 0.197002 0.902162 32.9712
0.889799 0.282236 -0.358608 -18.4989 -0.290101 0.956429 0.0329254 -1.6361 0.352276 0.0747357 0.932907 33.2048
0.905263 0.238957 -0.35128 -18.6821 -0.208155 0.970256 0.123589 -1.64789 0.370364 -0.0387602 0.928078 33.2022
0.944852 -0.00539732 -0.327453 -18.7831 0.0983031 0.958432 0.267852 -1.5424 0.312396 -0.28527 0.906107 33.1369
0.926414 0.0813751 -0.367607 -18.7539 0.00200818 0.975282 0.220953 -1.58191 0.376501 -0.205433 0.903352 33.2554
0.87043 0.222794 -0.438992 -18.8392 -0.151817 0.969751 0.191139 -1.84251 0.468297 -0.0997265 0.877925 33.7105
0.690309 0.241944 -0.681863 -19.0075 -0.131254 0.968671 0.210831 -1.94946 0.711509 -0.0560413 0.700438 33.8789
0.338338 0.369909 -0.865271 -18.9456 -0.217106 0.925377 0.310712 -2.01229 0.915637 0.08273 0.3934 33.99
0.138413 0.404997 -0.90378 -18.9753 -0.169453 0.908792 0.381291 -2.18699 0.97577 0.100373 0.194417 34.1794
-0.0585731 0.389364 -0.91922 -18.8147 -0.124685 0.910737 0.393716 -2.21894 0.990466 0.137674 -0.00479691 34.4152
-0.0386698 0.338397 -0.940209 -18.7899 -0.0892501 0.935982 0.340546 -2.46545 0.995258 0.0970826 -0.00599234 34.8286
0.0272359 0.32413 -0.94562 -19.0754 -0.0956577 0.942475 0.320297 -2.62578 0.995042 0.0817323 0.0566747 35.0978
0.396489 0.265305 -0.878869 -19.1254 -0.0675484 0.963168 0.260279 -2.73266 0.915551 -0.0438314 0.399806 35.4125
0.616231 0.0916754 -0.782212 -19.3583 0.0835723 0.979983 0.180693 -2.81035 0.783119 -0.17672 0.596234 35.595
0.664803 0.0414501 -0.745868 -19.6011 0.0967196 0.985279 0.140963 -2.98587 0.740731 -0.165852 0.651008 35.9292
0.757479 0.160983 -0.632701 -19.6766 -0.0624907 0.982551 0.175183 -3.15908 0.649862 -0.0931592 0.754321 36.3112
0.859788 0.275401 -0.430022 -19.7846 -0.246541 0.961329 0.122733 -3.36035 0.447194 0.000493619 0.894437 36.5144
0.942916 0.248447 -0.221776 -19.7136 -0.250793 0.967874 0.0179845 -3.52149 0.219119 0.0386619 0.974932 36.8177
0.937724 0.330166 0.108002 -19.6688 -0.322177 0.942852 -0.0850396 -3.6725 -0.129907 0.0449481 0.990507 37.0069
0.839935 0.38819 0.379234 -19.5149 -0.325961 0.919583 -0.219355 -3.71919 -0.433889 0.0606288 0.898924 37.0763
0.812863 0.396868 0.426322 -19.4326 -0.254264 0.900296 -0.353295 -3.75326 -0.524027 0.178782 0.832726 37.1894
0.858829 0.358304 0.366104 -19.5738 -0.262442 0.921518 -0.286231 -3.84949 -0.439929 0.149743 0.88546 37.7182
0.623399 0.364404 0.691797 -19.4313 -0.100748 0.91482 -0.391094 -3.84901 -0.775386 0.174111 0.607011 37.8508
0.228875 0.438054 0.869325 -19.4169 0.0617664 0.884695 -0.462061 -3.86699 -0.971494 0.159449 0.175427 37.8628
-0.189959 0.440359 0.877496 -19.4882 0.225677 0.889422 -0.39749 -3.85384 -0.955503 0.122524 -0.268333 37.799
-0.522863 0.295509 0.799555 -19.6012 0.137988 0.954957 -0.262709 -3.78676 -0.841174 -0.0270322 -0.540089 37.8346
-0.511687 0.0283404 0.858704 -19.6229 -0.129027 0.985587 -0.109413 -3.68084 -0.849428 -0.166781 -0.500656 37.9114
-0.642337 -0.217467 0.734923 -19.6491 -0.460961 0.875697 -0.143767 -3.53802 -0.612305 -0.431117 -0.662737 37.9914
-0.823451 -0.288614 0.488499 -19.6833 -0.48251 0.809182 -0.335275 -3.52054 -0.298519 -0.511788 -0.80558 37.9629
-0.854433 -0.422113 0.302927 -19.6776 -0.519506 0.702606 -0.48627 -3.49703 -0.0075771 -0.572858 -0.81962 37.9889
-0.76484 -0.435803 0.474442 -19.5508 -0.63091 0.655638 -0.414838 -3.50708 -0.130274 -0.616615 -0.776411 37.9458
-0.637806 -0.30275 0.708199 -19.4293 -0.554569 0.818598 -0.149501 -3.52736 -0.534469 -0.488098 -0.690002 37.7444
-0.628074 -0.135036 0.766348 -19.1846 -0.367557 0.919523 -0.139212 -3.57869 -0.685876 -0.369112 -0.627161 37.6399
-0.384708 -0.088511 0.918785 -19.2735 -0.266008 0.963793 -0.0185348 -3.62245 -0.883877 -0.251535 -0.394324 37.43
-0.424684 0.0440847 0.904268 -19.0274 -0.189303 0.972411 -0.136312 -3.67509 -0.885329 -0.229071 -0.404622 37.2459
-0.320046 -0.0519135 0.945979 -19.052 -0.256975 0.965822 -0.0339381 -3.52293 -0.911885 -0.253955 -0.322448 36.7911
-0.528884 -0.11471 0.840906 -18.9606 -0.382691 0.916609 -0.115655 -3.47781 -0.757515 -0.382975 -0.528678 36.6018
-0.808858 -0.0193864 0.587685 -18.967 -0.206397 0.945222 -0.252894 -3.39091 -0.55059 -0.325852 -0.768552 36.4199
-0.842384 0.0706742 0.534223 -19.1859 -0.027388 0.984466 -0.173425 -3.28949 -0.538181 -0.160722 -0.827363 36.088
-0.77011 -0.00198142 0.637909 -19.224 -0.123961 0.981398 -0.146602 -3.14318 -0.625752 -0.191975 -0.756029 35.8194
-0.51631 -0.0743184 0.853171 -19.3293 -0.238732 0.969227 -0.0600447 -3.01535 -0.822454 -0.234681 -0.518164 35.544
-0.187963 -0.0578549 0.980471 -19.3071 -0.265233 0.964166 0.00604581 -2.93692 -0.945686 -0.258916 -0.196573 35.4645
0.14373 -0.0432191 0.988673 -19.1069 -0.246023 0.966121 0.0779991 -2.85933 -0.958548 -0.254447 0.128227 35.4052
0.176893 -0.0371897 0.983527 -19.0942 -0.239164 0.96771 0.0796067 -2.6729 -0.95473 -0.249306 0.162287 35.0603
-0.0313886 -0.0792101 0.996364 -18.904 -0.352292 0.933758 0.0631347 -2.53111 -0.935364 -0.349029 -0.0572144 34.811
-0.226864 -0.223482 0.947939 -18.817 -0.421503 0.899971 0.111298 -2.47219 -0.877991 -0.37431 -0.298369 34.6738
-0.463415 -0.225141 0.857063 -18.7914 -0.345503 0.936548 0.0592074 -2.35085 -0.816011 -0.26868 -0.511798 34.3258
-0.632007 -0.380139 0.675324 -18.7506 -0.523082 0.852226 -0.00981423 -2.2392 -0.571797 -0.359452 -0.737456 34.2976
-0.655372 -0.300614 0.692906 -18.6787 -0.438053 0.898616 -0.0244634 -2.12193 -0.615303 -0.319562 -0.720613 34.0419
-0.647447 -0.2819 0.708057 -18.4383 -0.454595 0.888543 -0.0619241 -1.94425 -0.611682 -0.361972 -0.703435 33.8586
-0.706317 -0.167963 0.687681 -18.2775 -0.288626 0.95536 -0.0631051 -1.84607 -0.646384 -0.243055 -0.723265 33.4973
-0.839577 -0.208652 0.501572 -18.1605 -0.287104 0.954242 -0.0836215 -1.6647 -0.461174 -0.21421 -0.861065 33.2498
-0.738584 -0.30493 0.601258 -18.2241 -0.387623 0.921777 -0.00867328 -1.4766 -0.551581 -0.239468 -0.799008 32.8727
-0.46945 -0.298399 0.831008 -18.0577 -0.361516 0.923617 0.127428 -1.4344 -0.805558 -0.240602 -0.541468 32.7577
-0.16309 -0.269831 0.948996 -17.9187 -0.249031 0.941987 0.225041 -1.32164 -0.954665 -0.199627 -0.220825 32.7731
0.18495 -0.243729 0.952045 -17.8329 -0.199002 0.9394 0.279151 -1.25107 -0.962388 -0.241088 0.125239 32.6053
0.154086 -0.193379 0.968949 -17.6044 -0.234159 0.945577 0.225951 -1.09973 -0.95991 -0.261704 0.100418 32.396
0.120595 -0.319411 0.939911 -17.5337 -0.324192 0.882236 0.341407 -0.880386 -0.938273 -0.345884 0.00284277 32.0856
0.0802935 -0.230373 0.969784 -17.2151 -0.323681 0.914173 0.243962 -0.818393 -0.942753 -0.333489 -0.0011652 32.0036
-0.242983 -0.312164 0.918429 -17.1726 -0.357528 0.908968 0.21436 -0.64525 -0.901739 -0.276279 -0.332472 31.8362
-0.491381 -0.303563 0.81633 -17.2877 -0.386541 0.915935 0.107929 -0.511739 -0.780468 -0.262511 -0.567413 31.4248
-0.653527 -0.25577 0.712379 -17.128 -0.377221 0.926024 -0.0135802 -0.363399 -0.656207 -0.277599 -0.701663 31.2126
-0.838468 -0.318732 0.442019 -17.2256 -0.391099 0.916796 -0.0807919 -0.338425 -0.37949 -0.240615 -0.89336 31.1132
-0.938251 -0.0945154 0.332794 -17.2042 -0.162153 0.969891 -0.181707 -0.234125 -0.3056 -0.22445 -0.925327 30.6189
-0.76536 -0.138423 0.628541 -16.9776 -0.24889 0.964275 -0.0907061 -0.0665494 -0.59353 -0.22586 -0.772469 30.6163
-0.745508 -0.0396812 0.665315 -16.4411 -0.201289 0.965018 -0.167995 0.0726525 -0.635375 -0.259162 -0.727416 30.3898
-0.474071 -0.128805 0.871014 -16.178 -0.26087 0.965374 0.000773391 0.110037 -0.840954 -0.226855 -0.491257 30.3962
-0.125275 -0.164752 0.978347 -15.9394 -0.297783 0.946893 0.121324 0.128583 -0.946378 -0.276137 -0.167682 30.4717
0.254246 -0.127212 0.958737 -15.7961 -0.211525 0.959997 0.183473 0.105744 -0.943725 -0.249444 0.217167 30.577
0.551024 -0.209739 0.807702 -15.6194 -0.0853914 0.948647 0.304594 0.142751 -0.830109 -0.236809 0.504817 30.6522
0.687294 -0.169644 0.706291 -15.3736 -0.0759249 0.950241 0.302122 0.128461 -0.7224 -0.261272 0.640215 30.7983
0.773749 -0.128986 0.620221 -15.3372 -0.0827383 0.950089 0.300807 0.0959483 -0.628065 -0.284065 0.724459 31.0378
0.896339 -0.216147 0.387112 -15.1308 0.0832777 0.939653 0.331838 0.123346 -0.435477 -0.265202 0.860249 31.1579
0.950304 -0.125906 0.284729 -15.0301 0.0178899 0.935146 0.35381 0.0571436 -0.31081 -0.331133 0.890925 31.6359
0.97986 -0.137875 -0.144446 -14.9338 0.168441 0.959202 0.227065 0.0539414 0.107247 -0.246822 0.963108 32.0182
0.879485 -0.154874 -0.450023 -15.1643 0.289444 0.924658 0.247447 0.0465112 0.377794 -0.347882 0.85805 32.2977
0.588206 -0.217562 -0.778897 -15.4319 0.386475 0.921657 0.0344195 0.0698125 0.710387 -0.32127 0.626207 32.5297
0.326269 -0.169677 -0.929924 -15.5628 0.313605 0.947471 -0.0628484 0.0770071 0.89174 -0.271123 0.362342 32.7237
0.110021 -0.016151 -0.993798 -15.8879 0.256717 0.966403 0.0127148 0.0259484 0.960204 -0.256523 0.110471 32.8648
-0.194429 -0.140626 -0.970784 -16.0118 0.186428 0.966334 -0.17732 0.0764222 0.963038 -0.215457 -0.161666 33.1764
0.0298214 -0.0282447 -0.999156 -16.3559 0.226587 0.97377 -0.0207642 0.0467007 0.973534 -0.225777 0.035439 33.3877
0.087769 -0.0293511 -0.995708 -16.5756 0.149994 0.988559 -0.0159188 0.0605462 0.984783 -0.147953 0.0911673 33.7924
0.337844 0.116309 -0.933988 -16.8844 0.222821 0.954242 0.19943 0.0180423 0.914447 -0.275488 0.296469 34.0721
0.472514 -0.096885 -0.875982 -16.8695 0.285233 0.957256 0.0479835 0.0894722 0.83389 -0.272532 0.479951 34.4486
0.733706 -0.13149 -0.666623 -16.9202 0.3264 0.92869 0.176063 0.097809 0.595936 -0.346764 0.724303 34.764
0.805441 -0.239526 -0.542119 -16.9422 0.355049 0.927403 0.117749 0.135146 0.474558 -0.287318 0.832011 35.2493
0.900968 -0.220911 -0.373437 -17.0336 0.319459 0.920154 0.226413 0.158732 0.293602 -0.323289 0.899601 35.7924
0.821974 -0.230061 -0.52099 -17.1386 0.32248 0.942016 0.0928026 0.14795 0.469431 -0.24429 0.848503 36.2549
0.640819 -0.231323 -0.732012 -17.4465 0.355578 0.93451 0.0159662 0.125043 0.680379 -0.270519 0.681105 36.7176
0.449607 -0.211329 -0.867868 -17.6648 0.387617 0.921519 -0.0235842 0.14065 0.80474 -0.325797 0.496236 37.2433
0.127197 -0.219869 -0.967201 -18.0194 0.251198 0.950473 -0.183031 0.150068 0.959542 -0.219678 0.176128 37.6585
-0.160162 -0.0998545 -0.982027 -18.2409 0.190202 0.973104 -0.129968 0.100301 0.968592 -0.2076 -0.136862 37.7381
-0.419444 -0.0605389 -0.905761 -18.6551 0.0912169 0.989913 -0.108405 0.083279 0.903187 -0.12809 -0.409691 37.8603
-0.757095 -0.109076 -0.644135 -18.7655 -0.0387534 0.991726 -0.122387 0.107583 0.652155 -0.067696 -0.755057 37.8139
-0.91975 -0.0795585 -0.384357 -18.9772 0.0373771 0.957039 -0.28754 0.0777627 0.390721 -0.278831 -0.877263 37.5621
-0.985118 -0.165074 -0.0478829 -19.1512 -0.153385 0.970029 -0.18846 0.0835035 0.0775576 -0.178311 -0.980913 37.386
-0.925963 -0.256384 0.277237 -19.2107 -0.298427 0.9467 -0.121245 0.120153 -0.231375 -0.195003 -0.953121 37.2899
-0.803633 -0.24231 0.543562 -19.1235 -0.311906 0.949355 -0.0379353 0.132583 -0.506841 -0.200026 -0.838511 36.8417
-0.581636 -0.357345 0.730756 -19.1317 -0.373499 0.915367 0.150339 0.334928 -0.722632 -0.185494 -0.665879 36.3671
-0.410957 -0.425542 0.806244 -19.0605 -0.525948 0.833027 0.171593 0.541364 -0.744643 -0.353525 -0.566151 36.154
-0.192751 -0.370497 0.908614 -19.1079 -0.384005 0.880608 0.277615 0.709064 -0.902988 -0.295402 -0.312011 35.7958
-0.0364244 -0.306134 0.951291 -18.9464 -0.37875 0.885135 0.270342 0.858326 -0.924782 -0.350455 -0.148189 35.5525
0.295781 -0.189985 0.936173 -19.0456 -0.257987 0.927718 0.26978 0.951746 -0.919759 -0.321316 0.225388 35.3946
0.409431 0.104878 0.906293 -19.2447 -0.166191 0.985324 -0.0389442 0.828027 -0.897077 -0.134673 0.420852 35.3834
0.0611067 0.247067 0.96707 -19.2955 -0.0653636 0.967791 -0.243121 0.742462 -0.995989 -0.0483548 0.0752876 35.1624
-0.356931 0.14684 0.922518 -19.2244 0.00564064 0.987889 -0.155062 0.90026 -0.934114 -0.0501429 -0.353436 34.715
-0.63881 0.114375 0.760816 -19.2218 -0.0402345 0.982569 -0.181493 1.07443 -0.768312 -0.146551 -0.623073 34.3818
-0.595211 -0.0526728 0.801841 -19.2261 -0.199332 0.97634 -0.0838298 1.30302 -0.778454 -0.209729 -0.591628 34.111
-0.571336 -0.131373 0.810134 -18.9789 -0.27956 0.959226 -0.0416058 1.49087 -0.771636 -0.250252 -0.584767 33.9726
-0.338994 -0.254329 0.905759 -18.683 -0.453699 0.887608 0.0794285 1.6348 -0.82416 -0.384017 -0.416282 34.1064
-0.175926 -0.318215 0.931552 -18.6407 -0.402077 0.887004 0.227064 1.64045 -0.898546 -0.334609 -0.283994 34.0383
-0.327514 -0.241787 0.913386 -18.5236 -0.295252 0.944482 0.14415 1.81099 -0.89753 -0.222468 -0.38072 33.7405
-0.611765 -0.108717 0.783533 -18.5755 -0.175777 0.98443 -0.000651233 1.80067 -0.771263 -0.138126 -0.621349 33.3743
-0.583221 -0.0939501 0.806862 -18.3041 -0.155798 0.987786 0.00240167 2.01468 -0.797233 -0.124307 -0.590735 33.1137
-0.141621 -0.101194 0.984735 -18.0325 -0.127197 0.988376 0.0832755 2.07582 -0.981715 -0.113461 -0.152846 33.1631
0.206552 -0.0501134 0.977151 -17.8314 -0.0687281 0.995478 0.0655811 2.17321 -0.976019 -0.0807037 0.202173 33.1025
0.190672 -0.0274257 0.981271 -17.5285 -0.144513 0.987934 0.0556925 2.30921 -0.970958 -0.152426 0.184408 32.9681
-0.157229 -0.141788 0.977331 -17.4295 -0.1232 0.984725 0.123041 2.43194 -0.979847 -0.101061 -0.172296 32.5718
-0.369996 -0.0392735 0.928203 -17.2889 -0.145375 0.989246 -0.0160924 2.55936 -0.917589 -0.140892 -0.371726 32.2798
-0.720693 -0.0449256 0.691797 -17.4154 -0.102729 0.993802 -0.0424824 2.65963 -0.685601 -0.101685 -0.720841 32.0478
-0.863134 -0.0935332 0.496237 -17.6395 -0.0655292 0.995133 0.0735889 2.80222 -0.500705 0.0309991 -0.865063 31.8554
-0.937354 -0.0939048 0.335483 -17.6166 -0.0645672 0.993131 0.0975829 2.83622 -0.342342 0.0698086 -0.936979 31.7316
-0.853401 -0.168771 0.493177 -17.5006 -0.161003 0.985216 0.0585493 2.99826 -0.495768 -0.0294373 -0.867956 31.5394
-0.892728 -0.0580622 0.446839 -17.226 -0.0221524 0.996119 0.0851778 3.084 -0.450051 0.0661421 -0.89055 31.3293
-0.938615 -0.0033349 0.344952 -17.3143 0.0355026 0.99371 0.10621 3.21262 -0.343136 0.111937 -0.932592 31.0754
-0.989301 0.0639684 0.131117 -17.0118 0.0721251 0.995683 0.0584304 3.38194 -0.126814 0.0672621 -0.989643 31.0149
-0.9837 0.165297 -0.0707884 -16.9731 0.161176 0.985071 0.0604699 3.4745 0.0797271 0.0480748 -0.995657 30.6974
-0.906944 0.147749 -0.39449 -16.8137 0.106041 0.986392 0.125642 3.5893 0.407686 0.0721181 -0.91027 30.6425
-0.684968 0.228201 -0.691913 -16.7988 0.167583 0.973566 0.155193 3.67218 0.709038 -0.00965059 -0.705104 30.7137
-0.33227 0.249346 -0.909628 -16.8389 0.0633395 0.968144 0.242249 3.68372 0.941055 0.0228767 -0.337478 30.7551
0.0195249 0.267546 -0.963347 -16.6483 -0.0328246 0.963183 0.266835 3.66948 0.99927 0.0264116 0.0275881 30.662
0.160173 0.21839 -0.962627 -16.3119 -0.0850756 0.974643 0.206961 3.70219 0.983416 0.0487466 0.174691 30.5747
0.0696535 0.310365 -0.948062 -16.2063 -0.199607 0.935487 0.291583 3.63647 0.977397 0.16893 0.127111 30.5318
0.0373033 0.30861 -0.950457 -16.2035 -0.204531 0.933342 0.295025 3.64438 0.978149 0.183393 0.0979371 30.5257
-0.997552 0.0106836 0.0691081 -134.703 0.00137818 0.991072 -0.133319 11.3807 -0.0699155 -0.132897 -0.988661 1.95898
-0.997956 0.0568741 0.029136 -134.527 0.0529592 0.991241 -0.120985 11.2856 -0.0357617 -0.119195 -0.992227 1.6472
-0.972832 0.0839791 -0.215744 -134.496 0.106926 0.989526 -0.0969752 11.341 0.205341 -0.117409 -0.971622 1.02248
-0.861131 0.22803 -0.454373 -134.643 0.206631 0.973599 0.0969971 11.2308 0.464496 -0.0103605 -0.885515 0.329636
-0.739616 0.312743 -0.595952 -134.873 0.241106 0.949831 0.199223 11.2356 0.62836 0.00366149 -0.777914 -0.260705
-0.496116 0.260299 -0.82832 -135.059 0.141006 0.965494 0.218951 11.2698 0.85673 -0.00817315 -0.5157 -0.567712
-0.182461 0.334072 -0.924718 -135.283 -0.0138376 0.939541 0.342157 11.251 0.983116 0.075226 -0.166806 -0.676566
0.241239 0.316662 -0.917349 -135.307 -0.106288 0.948201 0.299361 11.2922 0.964628 0.0252857 0.262401 -0.715563
0.600603 0.0989843 -0.793397 -135.238 0.0576633 0.984361 0.16646 11.4778 0.797465 -0.145726 0.585502 -0.853937
0.725011 -0.0888602 -0.682981 -135.061 0.223444 0.968352 0.111206 11.5674 0.651485 -0.233233 0.721921 -0.882556
0.744145 -0.0515666 -0.666025 -135.031 0.214614 0.962617 0.165257 11.5123 0.632605 -0.265914 0.727393 -0.881605
0.711587 0.130308 -0.690408 -135.142 0.0627773 0.966928 0.247201 11.4117 0.699787 -0.219247 0.679874 -0.966797
0.474667 0.244612 -0.845492 -135.063 0.0214756 0.957101 0.288959 11.3452 0.879904 -0.155316 0.449051 -0.984332
0.188411 0.201642 -0.961167 -135.069 0.187365 0.953338 0.236728 11.3243 0.964052 -0.224692 0.141839 -1.21419
-0.162767 0.23408 -0.958495 -135.005 0.228633 0.953957 0.194146 11.3248 0.959809 -0.187543 -0.208791 -1.52142
-0.477815 0.236335 -0.846072 -134.942 0.254803 0.959012 0.123983 11.3155 0.840695 -0.156341 -0.518449 -1.63632
-0.757105 0.285033 -0.587833 -134.964 0.298199 0.951373 0.0772416 11.324 0.581265 -0.116811 -0.805286 -1.81494
-0.925874 0.28865 -0.2438 -134.957 0.30056 0.953684 -0.0123035 11.2826 0.228957 -0.0846681 -0.969747 -1.98754
-0.869655 0.349544 0.348597 -134.883 0.324807 0.936919 -0.129161 11.11 -0.371755 0.000901017 -0.928331 -2.28511
-0.659374 0.374274 0.652031 -134.931 0.317842 0.924734 -0.209388 10.9157 -0.681324 0.0691779 -0.728706 -2.48804
-0.602279 0.2546 0.756597 -134.767 0.182509 0.966591 -0.17998 10.7274 -0.777143 0.0296872 -0.628624 -2.80267
-0.818139 0.0641157 0.571434 -134.841 -0.0764073 0.97283 -0.218548 10.6642 -0.569921 -0.222464 -0.791012 -3.0238
-0.773335 -0.158923 0.613756 -134.657 -0.308452 0.940088 -0.145229 10.5158 -0.553904 -0.301624 -0.776024 -3.2664
-0.910117 -0.0988357 0.402391 -134.679 -0.171695 0.973794 -0.14915 10.3666 -0.377105 -0.204832 -0.903236 -3.55605
-0.909811 0.0449969 0.412577 -134.516 -0.0991944 0.941717 -0.321449 10.0154 -0.402995 -0.333383 -0.852321 -3.97849
-0.884535 0.0754478 0.460332 -134.588 0.0451215 0.996044 -0.0765485 9.86458 -0.464287 -0.0469389 -0.88444 -4.20441
-0.933257 -0.0297408 0.357976 -134.613 -0.00141109 0.996862 0.0791411 9.82043 -0.359206 0.0733539 -0.930371 -4.76777
-0.945156 0.0432879 0.323739 -134.705 0.0804489 0.991496 0.102295 9.77768 -0.316558 0.122729 -0.9406 -4.81354
-0.854978 -0.0569918 0.515524 -134.689 -0.0283219 0.997592 0.0633141 9.79574 -0.517891 0.0395316 -0.854533 -4.73561
-0.821202 -0.107469 0.560427 -134.923 -0.11066 0.993454 0.0283561 9.82561 -0.559805 -0.0387306 -0.827718 -5.05219
-0.663255 -0.0579861 0.746144 -134.897 -0.0813008 0.996676 0.00518697 9.82532 -0.743964 -0.0572218 -0.665765 -5.56453
-0.381297 -0.0447744 0.923368 -134.748 -0.222288 0.973962 -0.0445641 9.8112 -0.89733 -0.222245 -0.381322 -5.96908
-0.189731 -0.0296569 0.981388 -134.504 -0.259773 0.96544 -0.0210468 9.72692 -0.946847 -0.258931 -0.190878 -6.74295
-0.120165 -0.0914621 0.988532 -134.185 -0.204021 0.976768 0.0655732 9.73022 -0.971564 -0.193801 -0.136033 -7.22665
-0.564379 -0.130396 0.815152 -133.772 -0.305775 0.95023 -0.0597028 9.77897 -0.766797 -0.282948 -0.576162 -7.8649
-0.834425 -0.1358 0.534129 -133.625 -0.246132 0.95897 -0.140698 9.79771 -0.493107 -0.248868 -0.833613 -8.1263
-0.860243 -0.131995 0.492503 -133.334 -0.232398 0.961248 -0.148302 9.70377 -0.453843 -0.242033 -0.857582 -8.91044
-0.798826 -0.0411249 0.600155 -133.193 -0.255135 0.926648 -0.276096 9.6544 -0.544778 -0.373674 -0.750723 -9.77144
-0.806299 -0.257361 0.532586 -133.205 -0.234652 0.965676 0.111395 9.62351 -0.542974 -0.0351543 -0.839013 -10.1719
-0.956881 -0.281646 0.071092 -133.408 -0.287745 0.952552 -0.0992355 9.62826 -0.0397695 -0.115413 -0.992521 -10.5211
-0.974877 0.0737867 0.210165 -133.461 -0.0329955 0.885289 -0.463869 9.62231 -0.220284 -0.45915 -0.860614 -10.9621
-0.784321 0.392786 0.480166 -133.426 -0.0106053 0.765416 -0.643449 9.52392 -0.620264 -0.509763 -0.596166 -11.2984
-0.816197 0.00297709 0.577766 -133.617 -0.0829556 0.989022 -0.122286 9.66331 -0.571787 -0.147738 -0.80699 -11.6924
-0.958668 -0.0943812 0.268418 -133.939 -0.0661664 0.991469 0.112304 9.71135 -0.276727 0.089902 -0.956734 -12.0614
-0.996245 -0.000672822 0.0865743 -134.055 -0.0339134 0.923092 -0.383081 9.67797 -0.0796583 -0.384579 -0.919649 -12.3834
-0.947526 -0.289422 0.135755 -134.6 -0.316653 0.908017 -0.27429 9.77711 -0.0438825 -0.302884 -0.952016 -13.184
-0.954854 -0.273611 -0.115715 -135.142 -0.23126 0.929105 -0.288586 9.72266 0.186472 -0.248797 -0.950436 -13.8603
-0.973264 -0.199084 0.114558 -135.6 -0.22272 0.939911 -0.258774 9.7576 -0.056157 -0.277369 -0.959121 -14.5395
-0.893244 -0.432976 -0.121026 -136.109 -0.439789 0.897403 0.0354107 9.69429 0.0932772 0.0848564 -0.992018 -14.8779
-0.82452 -0.34668 -0.447192 -136.633 -0.336145 0.935856 -0.105736 9.6646 0.455164 0.0631403 -0.888166 -15.1942
-0.5863 -0.410807 -0.698205 -137.135 -0.356615 0.904761 -0.232881 9.64134 0.727378 0.112453 -0.676961 -15.2803
-0.45989 -0.136012 -0.877498 -137.486 0.103701 0.973211 -0.205196 9.62337 0.8819 -0.185365 -0.433465 -15.2944
-0.650038 0.142356 -0.746449 -137.636 0.462391 0.853613 -0.239876 9.5465 0.60303 -0.501079 -0.620705 -15.4188
-0.850046 0.227445 -0.475069 -137.911 0.412291 0.848631 -0.331424 9.52204 0.327778 -0.477592 -0.815149 -15.5743
-0.993998 0.0851327 -0.0687064 -138.209 0.101678 0.950678 -0.293039 9.52445 0.0403705 -0.298266 -0.953629 -15.7321
-0.93076 0.0500899 0.362183 -138.333 -0.0321488 0.975523 -0.217533 9.51717 -0.364214 -0.214115 -0.906368 -15.8801
-0.840939 -0.0683797 0.536792 -138.609 -0.26885 0.913686 -0.30479 9.54499 -0.469618 -0.400626 -0.786739 -16.109
-0.544497 -0.0746915 0.835431 -138.88 -0.328685 0.935367 -0.130596 9.49427 -0.77168 -0.345703 -0.533854 -16.2774
-0.287719 0.0231337 0.957436 -139.048 -0.343666 0.930633 -0.125761 9.51677 -0.89393 -0.365222 -0.25981 -16.5783
-0.0449558 -0.070316 0.996511 -139.368 -0.330806 0.942289 0.0515662 9.53269 -0.942628 -0.327333 -0.0656223 -16.66
0.108007 0.019995 0.993949 -139.52 -0.272565 0.962083 0.0102642 9.52532 -0.956056 -0.272024 0.109362 -16.403
0.418554 0.018369 0.908006 -139.519 -0.225358 0.970627 0.084245 9.55886 -0.879788 -0.239888 0.410399 -16.1824
0.441387 -0.0783374 0.893891 -139.082 -0.236681 0.95074 0.200188 9.68239 -0.86554 -0.299928 0.401103 -16.1321
0.457636 -0.143195 0.877533 -138.613 -0.228839 0.93473 0.271869 9.66067 -0.859187 -0.325231 0.394997 -16.1661
0.152437 -0.168692 0.97381 -138.219 -0.332718 0.919052 0.211289 9.67722 -0.930624 -0.356212 0.0839708 -16.1357
0.419165 -0.191036 0.887584 -137.852 -0.18225 0.940009 0.288388 9.64799 -0.88943 -0.282644 0.359203 -16.1244
0.265628 -0.267574 0.9262 -137.312 -0.262965 0.904174 0.336628 9.67598 -0.927519 -0.332976 0.169811 -16.2938
0.568033 -0.173973 0.804408 -136.801 -0.111231 0.952206 0.284484 9.64933 -0.815455 -0.251071 0.521534 -16.4014
0.860811 -0.169166 0.479986 -136.429 0.0210217 0.954153 0.29858 9.61982 -0.50849 -0.246931 0.824902 -16.0443
0.981616 -0.121509 0.147191 -136.464 0.0883102 0.972805 0.214129 9.53599 -0.169206 -0.197194 0.965652 -15.9185
0.951304 -0.0740115 -0.299237 -136.487 0.131919 0.975111 0.178204 9.43994 0.2786 -0.209002 0.93739 -15.7038
0.550865 -0.12434 -0.82528 -136.61 0.250863 0.967781 0.0216386 9.47779 0.796 -0.218952 0.564308 -15.5384
0.496216 -0.2034 -0.844037 -136.995 0.410825 0.911452 0.0218805 9.53849 0.764848 -0.357609 0.535839 -15.3389
0.51413 -0.111261 -0.850465 -137.33 0.348684 0.933031 0.0887268 9.48806 0.783639 -0.342161 0.518494 -14.8151
0.56155 -0.135925 -0.816202 -137.361 0.321752 0.944655 0.0640501 9.49823 0.762324 -0.298582 0.574205 -14.4429
0.336728 -0.117248 -0.934274 -136.969 0.374473 0.927051 0.0186251 9.49907 0.863935 -0.356132 0.35607 -14.6597
0.209843 0.028731 -0.977313 -136.443 0.253793 0.963706 0.0828239 9.50765 0.944222 -0.265415 0.194935 -14.6153
0.411451 -0.0953171 -0.906434 -136.317 0.25618 0.966518 0.0146507 9.50875 0.874688 -0.238238 0.422093 -14.1047
0.306743 -0.0579202 -0.950029 -136.233 0.273262 0.961484 0.0296115 9.45798 0.911722 -0.26869 0.310755 -13.5269
0.418143 -0.110722 -0.901608 -136.127 0.331615 0.942648 0.0380323 9.53861 0.845688 -0.31489 0.430879 -12.8699
0.754133 -0.0644997 -0.653547 -135.966 0.247396 0.949753 0.191739 9.5076 0.608341 -0.306281 0.732197 -12.4758
0.891308 -0.148371 -0.428434 -135.767 0.237382 0.957787 0.162155 9.55452 0.386289 -0.246233 0.888904 -11.8709
0.813934 -0.0957513 -0.573012 -135.666 0.0963045 0.994916 -0.0294565 9.50206 0.572919 -0.0312079 0.819017 -11.247
0.943688 -0.0366276 -0.328803 -135.323 0.103313 0.976777 0.187706 9.58115 0.314292 -0.211106 0.925557 -10.5153
0.893661 0.0824296 -0.441107 -135.186 0.0471824 0.960276 0.275036 9.50889 0.446255 -0.266601 0.854272 -10.0604
0.763254 -0.0728776 -0.641975 -135.041 0.145082 0.987576 0.0603793 9.56519 0.629598 -0.139224 0.764345 -9.33982
0.95369 -0.0941049 -0.285693 -134.897 0.105152 0.994178 0.0235392 9.62924 0.281814 -0.0524902 0.958032 -8.93409
0.775174 -0.0845946 -0.626058 -134.823 0.19973 0.97298 0.115831 9.62868 0.599344 -0.214832 0.771125 -8.60922
0.971089 -0.14519 -0.189487 -134.527 0.168094 0.97951 0.110928 9.62587 0.169499 -0.139573 0.975597 -8.46328
0.973584 -0.0720737 0.216657 -134.215 0.0189012 0.971057 0.238099 9.60914 -0.227547 -0.227714 0.946767 -8.43989
0.7382 -0.0787223 0.669973 -133.974 -0.0868917 0.973798 0.210162 9.62103 -0.668962 -0.213357 0.712017 -8.58126
0.428754 -0.135899 0.893141 -133.687 -0.0904664 0.977193 0.192117 9.59574 -0.89888 -0.16317 0.406682 -8.94035
0.0511619 -0.145879 0.987979 -133.404 -0.26651 0.951404 0.15428 9.54509 -0.962473 -0.271199 0.0097973 -9.30572
-0.129449 -0.24606 0.960571 -133.176 -0.26348 0.942433 0.205907 9.64176 -0.95594 -0.226437 -0.186829 -9.76179
-0.438207 -0.192216 0.878082 -133.231 -0.267541 0.960486 0.0767378 9.59466 -0.858136 -0.201296 -0.472317 -10.1
-0.762794 -0.214267 0.610111 -133.312 -0.372779 0.916656 -0.144145 9.62107 -0.528376 -0.33739 -0.779093 -10.5957
-0.912384 -0.260411 0.315818 -133.498 -0.278721 0.960279 -0.0134047 9.59045 -0.299782 -0.100255 -0.948725 -10.8745
