0.999993 -0.00355109 0.00149016 8.65387e-05 0.0035628 0.999962 -0.00792703 0.000114322 -0.00146196 0.00793228 0.999967 -3.53486e-05
0.902115 -0.0131519 -0.431296 4.83405 0.000674095 0.999577 -0.0290711 0.235049 0.431496 0.0259347 0.901742 0.264888
0.848034 -0.0372011 -0.528635 5.59205 0.0165025 0.998903 -0.0438216 0.239433 0.529685 0.0284385 0.847718 0.665497
0.92147 -0.0737261 -0.381389 6.38281 0.0267479 0.991536 -0.127048 0.236308 0.387527 0.10687 0.915643 1.41259
0.956741 -0.0948705 -0.27504 7.43369 0.0798403 0.994662 -0.0653638 0.274862 0.279773 0.040577 0.959208 1.81051
0.848314 -0.0570499 -0.526411 8.45839 0.0347767 0.998035 -0.0521194 0.261393 0.528351 0.0259067 0.848631 2.25887
0.556898 -0.0680503 -0.827788 9.18664 0.084239 0.996126 -0.0252168 0.300723 0.826298 -0.0556889 0.560473 3.09219
0.163622 -0.0675133 -0.98421 9.29737 0.250558 0.967786 -0.024732 0.408795 0.954174 -0.242555 0.175267 3.34078
-0.237933 0.0232351 -0.971004 9.55379 0.290331 0.955708 -0.0482732 0.45801 0.926874 -0.293399 -0.23414 3.816
-0.553208 0.00567611 -0.833024 9.60754 0.209748 0.96871 -0.132692 0.480795 0.806205 -0.248132 -0.537088 4.1288
-0.545289 -0.00575535 -0.838228 9.65697 0.0601845 0.997127 -0.0459979 0.401296 0.836085 -0.0755306 -0.543376 4.81771
-0.602491 0.0786653 -0.794239 10.0347 0.0310703 0.996688 0.0751477 0.2883 0.797521 0.0205985 -0.60294 4.77254
-0.866449 0.107879 -0.48747 10.1614 0.0536253 0.990837 0.12396 0.247571 0.496377 0.0812642 -0.864295 4.53752
-0.992319 0.0177693 -0.122419 10.0819 0.00967759 0.997748 0.0663786 0.229984 0.123323 0.0646841 -0.990256 4.21514
-0.976447 -0.00785218 0.215616 9.659 -0.00309181 0.999744 0.0224065 0.287664 -0.215736 0.0212121 -0.976221 3.63889
-0.820305 -0.00849328 0.571863 9.32685 0.0507082 0.994872 0.0875139 0.26522 -0.569673 0.100786 -0.815668 3.15381
-0.588526 -0.0174264 0.80829 8.75595 0.00909752 0.999562 0.0281742 0.296972 -0.808427 0.0239347 -0.58811 2.35448
-0.574706 -0.0492551 0.816876 8.13599 -0.0585997 0.998102 0.0189551 0.330515 -0.816259 -0.0369751 -0.576502 1.59478
-0.834322 -0.0180095 0.550983 7.57328 -0.014687 0.999838 0.0104411 0.333399 -0.551081 0.000618962 -0.834451 0.707349
-0.958329 -0.0491864 0.2814 6.95544 -0.0349516 0.997853 0.0553862 0.298783 -0.28352 0.0432428 -0.957991 -0.150066
-0.814245 -0.00787688 0.580467 6.24717 -0.0040282 0.999961 0.00791884 0.265941 -0.580507 0.00410964 -0.814245 -0.78632
-0.904662 -0.0267393 0.42529 5.18519 -0.0043935 0.998562 0.0534369 0.257887 -0.426108 0.0464738 -0.903478 -1.18961
-0.995457 -0.0106187 0.0946231 4.4965 -0.00531229 0.998408 0.0561562 0.263621 -0.0950687 0.0553984 -0.993928 -1.6716
-0.921682 -0.0919527 -0.376891 4.57208 -0.119462 0.991568 0.0502234 0.262472 0.369095 0.0913142 -0.924895 -1.78055
-0.749447 -0.123297 -0.650482 4.73037 -0.191197 0.98095 0.0343496 0.268925 0.633855 0.150114 -0.758744 -1.80447
-0.470857 -0.0360142 -0.881474 4.93941 -0.203052 0.976765 0.0685569 0.251914 0.858524 0.211265 -0.46723 -1.80963
-0.10011 -0.0606318 -0.993127 5.16603 -0.0789118 0.995481 -0.0528209 0.28142 0.991842 0.0730816 -0.104442 -1.64563
0.246386 -0.113461 -0.962507 5.17115 0.0263538 0.993541 -0.110373 0.34668 0.968813 0.00182872 0.247785 -1.13773
0.337993 -0.154165 -0.928436 5.23191 0.0489816 0.988037 -0.146231 0.367064 0.939873 0.00394867 0.341501 -0.772809
0.622692 -0.11095 0.774561 2.34468 -0.0873766 0.973845 0.20974 0.150973 -0.777573 -0.198282 0.596712 -0.417274
0.581512 -0.209768 0.786029 2.4776 0.0595879 0.974573 0.216002 0.119554 -0.811353 -0.0787698 0.579226 -0.510957
0.464715 -0.24167 0.851843 2.63627 0.0633875 0.968645 0.240226 0.115402 -0.883188 -0.0576406 0.465463 -0.55683
0.618511 -0.357665 0.699657 2.97065 0.0291762 0.900242 0.434412 0.230462 -0.785234 -0.248275 0.567245 -0.890802
0.664758 -0.416695 0.62005 3.36491 0.0296427 0.844048 0.535448 0.284719 -0.74647 -0.337563 0.573439 -0.973219
0.797523 -0.445311 0.407008 3.65651 0.208061 0.836282 0.507291 0.246212 -0.566276 -0.319893 0.759605 -0.97106
0.864258 -0.175602 0.471404 3.99247 0.0802611 0.973225 0.215386 0.157026 -0.496604 -0.148314 0.855212 -0.636016
0.974337 -0.16981 0.147759 4.2002 0.139033 0.970243 0.19824 0.177504 -0.177025 -0.172609 0.968952 -0.258934
0.976697 -0.117424 -0.179651 4.36589 0.133933 0.987536 0.0826693 0.136383 0.167705 -0.104804 0.980251 0.0607437
0.862331 -0.0712772 -0.501304 4.33014 0.144306 0.98358 0.108383 0.14886 0.485347 -0.165803 0.858457 0.385987
0.699841 -0.312153 -0.642482 4.33673 0.451951 0.890031 0.059874 0.258679 0.553139 -0.332273 0.763958 0.587604
0.718037 -0.475658 -0.508106 4.27122 0.64881 0.721688 0.241274 0.325386 0.25193 -0.502908 0.82681 0.699066
0.817274 -0.264597 -0.51191 4.1368 0.389412 0.908408 0.152164 0.216547 0.424761 -0.323703 0.845455 1.11569
0.793526 0.0136494 -0.608383 4.09633 0.100978 0.982935 0.15376 0.0905776 0.600099 -0.183446 0.778607 1.40638
0.571788 -0.0318928 -0.819781 3.91274 0.125577 0.990871 0.0490399 0.111952 0.810733 -0.130986 0.570574 1.57022
0.288809 0.00316544 -0.957382 3.91759 0.0759868 0.996764 0.0262183 0.0889326 0.954366 -0.0803205 0.287634 1.74678
-0.0361715 -0.0621738 -0.99741 4.10479 0.19293 0.978853 -0.0680137 0.17185 0.980546 -0.19489 -0.0234113 1.58324
-0.371997 -0.129964 -0.919091 4.2077 0.119712 0.975164 -0.186345 0.181833 0.920482 -0.179346 -0.3472 1.62637
-0.647112 -0.285963 -0.706733 4.57955 0.0419824 0.912218 -0.407548 0.262529 0.761238 -0.2934 -0.578302 1.62473
-0.855165 -0.272901 -0.440701 4.67639 -0.0806168 0.909866 -0.406995 0.234969 0.512048 -0.31252 -0.800086 1.5414
-0.944006 -0.272203 -0.186436 4.58909 -0.186781 0.906726 -0.378101 0.250103 0.271967 -0.322107 -0.906797 1.55961
-0.988898 -0.114255 0.095009 4.42166 -0.130816 0.972656 -0.191908 0.163713 -0.0704847 -0.202206 -0.976803 1.40215
-0.85552 -0.107873 0.506409 4.34607 -0.185678 0.976922 -0.105581 0.153559 -0.483332 -0.184355 -0.855805 1.14385
-0.589157 -0.167306 0.790508 4.27112 -0.271813 0.962349 0.00109568 0.192758 -0.760928 -0.214225 -0.612451 1.07608
-0.292659 -0.158572 0.942977 4.30732 -0.305527 0.949967 0.0649255 0.177991 -0.906093 -0.269104 -0.326465 0.941701
0.056446 -0.186764 0.980782 4.37906 -0.308534 0.931002 0.195042 0.211601 -0.949537 -0.313614 -0.00507182 0.648265
0.140905 -0.0875415 0.986145 4.52813 -0.223239 0.96762 0.117795 0.163688 -0.964526 -0.236744 0.1168 0.253191
-0.254436 -0.0296161 0.966636 4.69991 -0.14573 0.989292 -0.00804842 0.109349 -0.956047 -0.142915 -0.256027 -0.219318
-0.594732 0.056296 0.80195 4.70025 -0.0528373 0.992651 -0.108868 0.104569 -0.802185 -0.10712 -0.587387 -0.462304
-0.901236 -0.0581836 0.429405 4.72281 -0.154796 0.968788 -0.193617 0.173424 -0.404737 -0.240964 -0.882114 -0.567462
-0.975551 -0.189073 0.112038 4.51283 -0.211727 0.945226 -0.248433 0.200076 -0.0589287 -0.266081 -0.962148 -0.651454
-0.957089 -0.108249 -0.268817 4.24678 -0.0272364 0.957109 -0.288444 0.198862 0.288511 -0.268745 -0.918987 -0.88195
-0.747418 -0.0431845 -0.662949 3.75267 0.0814508 0.984401 -0.155953 0.160772 0.659342 -0.17056 -0.732242 -0.916984
-0.488273 -0.145767 -0.860431 3.39984 0.144756 0.958765 -0.244572 0.212174 0.860602 -0.24397 -0.447038 -1.00797
-0.39683 -0.245548 -0.884439 2.82035 0.1787 0.92445 -0.336836 0.225411 0.900329 -0.291716 -0.32297 -0.898926
-0.343353 -0.236428 -0.908961 2.316 0.202486 0.926403 -0.317452 0.216313 0.917119 -0.29305 -0.27021 -0.747442
-0.494347 -0.25819 -0.830036 1.77497 0.205311 0.893175 -0.400108 0.258703 0.844671 -0.368208 -0.388529 -0.703525
-0.598226 -0.253874 -0.760049 1.08568 0.0280588 0.941269 -0.33649 0.247704 0.800836 -0.222623 -0.555968 -0.857357
-0.508548 -0.128233 -0.851431 0.460208 0.103895 0.972484 -0.208519 0.158322 0.854743 -0.194501 -0.481232 -1.21076
-0.185766 -0.0965895 -0.977835 -0.085813 0.125456 0.984681 -0.121099 0.135629 0.974552 -0.145171 -0.170802 -1.27116
0.166825 -0.0902896 -0.981844 -0.284361 0.191274 0.979845 -0.0576066 0.138227 0.967256 -0.178191 0.180732 -1.23319
0.624977 -0.147084 -0.766662 -0.475782 0.239906 0.970751 0.00933136 0.175254 0.742866 -0.189759 0.641983 -0.941814
0.866863 -0.146435 -0.476555 -0.523538 0.216169 0.971761 0.0946143 0.187328 0.449243 -0.185034 0.874038 -0.879251
0.949852 -0.258839 -0.175451 -0.496194 0.291672 0.935654 0.198693 0.169749 0.112732 -0.239903 0.964229 -0.766937
0.903704 -0.422555 0.0690418 -0.42533 0.36492 0.844492 0.392003 0.229306 -0.223948 -0.32906 0.91737 -0.576659
0.802066 -0.578511 0.148375 -0.557761 0.362094 0.668602 0.649507 0.300576 -0.474951 -0.467222 0.745738 -0.374294
0.733747 -0.674508 0.0815745 -0.329807 0.305751 0.435029 0.846916 0.378113 -0.606738 -0.596481 0.525433 -0.0500193
0.730394 -0.675087 -0.103839 -0.0628654 0.472768 0.389953 0.790207 0.389863 -0.492967 -0.626254 0.603978 0.32963
0.742012 -0.629278 -0.231145 0.248315 0.622848 0.519594 0.584879 0.370859 -0.247949 -0.577955 0.777489 0.762295
0.778079 -0.499201 -0.381303 0.256071 0.622768 0.692431 0.364279 0.321357 0.0821776 -0.520901 0.849652 1.15221
0.676174 -0.388093 -0.626237 0.304717 0.449855 0.890643 -0.066224 0.190758 0.583455 -0.236937 0.776815 1.35346
0.582204 -0.288694 -0.760062 0.282722 0.121809 0.955257 -0.269529 0.128749 0.803866 0.0643383 0.59132 1.53064
0.359442 -0.202005 -0.911041 -0.0129986 0.110492 0.978634 -0.173399 0.0977816 0.926603 -0.0383361 0.374082 1.86414
0.416204 -0.0877957 -0.905023 -0.130182 0.200735 0.979642 -0.0027199 0.0771994 0.886837 -0.180538 0.425354 2.41843
0.477014 -0.137693 -0.868043 -0.441696 0.277397 0.960755 3.83565e-05 0.091625 0.833972 -0.240811 0.496489 2.80383
0.673243 -0.0697736 -0.736122 -0.650031 0.198907 0.975931 0.089412 0.101313 0.712166 -0.206616 0.670917 3.32889
0.707193 -0.138264 -0.69337 -0.816362 0.187061 0.982335 -0.00509554 0.103662 0.681826 -0.126099 0.720564 3.95235
0.891403 -0.125631 -0.435451 -0.828273 0.211115 0.965306 0.15367 0.141255 0.401038 -0.228912 0.887 4.40158
0.820792 -0.244393 -0.516306 -0.808772 0.337174 0.936883 0.0925464 0.198026 0.4611 -0.250046 0.851389 4.86797
0.660109 -0.124589 -0.740766 -1.20421 0.200089 0.979684 0.0135298 0.124841 0.724031 -0.15715 0.671627 5.40807
0.694691 -0.16409 -0.700342 -1.4037 0.310617 0.946608 0.0863209 0.1818 0.648784 -0.277504 0.708569 5.97117
0.682145 -0.22051 -0.697175 -1.57136 0.356174 0.932891 0.0534308 0.203909 0.638607 -0.284763 0.714907 6.48282
0.547961 -0.120429 -0.82779 -1.87126 0.319611 0.944644 0.0741392 0.170861 0.773038 -0.305196 0.556118 6.80684
0.236304 -0.071401 -0.969052 -2.01707 0.184752 0.982405 -0.0273331 0.1101 0.953953 -0.172575 0.245338 6.96729
-0.142255 -0.107801 -0.983942 -2.10604 0.16196 0.97812 -0.130579 0.131717 0.97649 -0.177934 -0.121683 7.13119
-0.400093 -0.130952 -0.907071 -2.31923 0.167069 0.962733 -0.212679 0.149781 0.901118 -0.236635 -0.363305 7.38139
-0.196187 -0.142301 -0.970186 -2.47351 0.11066 0.97988 -0.1661 0.143316 0.974302 -0.139947 -0.176493 7.91848
0.193321 -0.140927 -0.970962 -2.50785 0.169768 0.979508 -0.108366 0.133778 0.966336 -0.143889 0.213284 8.16373
0.514056 -0.0841032 -0.853624 -2.61414 0.245942 0.967848 0.0527503 0.13191 0.821741 -0.237059 0.518213 8.39247
0.705833 -0.00654245 -0.708348 -2.76004 0.120963 0.986384 0.111423 0.109055 0.697974 -0.16433 0.697014 8.91147
0.859315 -0.169377 -0.482586 -2.89311 0.317979 0.91597 0.244722 0.116099 0.400584 -0.363745 0.840965 9.08201
0.951371 -0.15362 -0.267009 -3.02427 0.218273 0.947808 0.232415 0.101692 0.217369 -0.279393 0.935249 9.54275
0.955767 -0.0928949 -0.279068 -3.28668 0.172984 0.944904 0.277909 0.0899739 0.237876 -0.31389 0.919178 9.73341
0.886716 -0.165831 -0.431549 -3.43758 0.276899 0.938004 0.208506 0.112071 0.370218 -0.304381 0.877662 10.1476
0.858895 -0.00480797 -0.512128 -3.70801 0.143909 0.961934 0.23232 0.0567052 0.491517 -0.273238 0.826893 10.6992
0.640542 -0.0922216 -0.762366 -3.78323 0.219765 0.973255 0.066915 0.0827712 0.735805 -0.210403 0.643678 11.0495
0.573957 -0.257137 -0.777466 -3.88483 0.501717 0.860776 0.0856975 0.140872 0.647188 -0.439255 0.623059 11.406
0.174311 -0.45213 -0.874754 -3.93823 0.690061 0.689812 -0.219033 0.245716 0.702447 -0.565454 0.432239 11.4954
-0.156873 -0.473724 -0.866589 -3.96627 0.551543 0.685854 -0.474768 0.271517 0.819262 -0.55244 0.153687 11.684
0.117066 -0.242505 -0.963061 -4.34078 0.420956 0.890422 -0.173044 0.111561 0.899495 -0.385149 0.206322 12.0556
0.275875 -0.106322 -0.955295 -4.51871 0.112438 0.99061 -0.0777815 -0.0107699 0.954594 -0.0859539 0.28524 12.433
0.386801 -0.032359 -0.921595 -4.62779 0.00705564 0.999459 -0.0321316 -0.0300774 0.922136 0.0059261 0.38682 12.6715
0.631533 -0.16489 -0.757613 -4.80341 0.214711 0.976104 -0.0334641 0.0573538 0.745027 -0.141534 0.651845 12.9685
0.668476 -0.186599 -0.719945 -4.92259 0.264668 0.964331 -0.00419261 0.0781425 0.695047 -0.187744 0.694019 13.4899
0.677279 -0.160777 -0.717944 -5.13481 0.227791 0.973705 -0.00316276 0.095395 0.699574 -0.161399 0.696094 13.9876
0.817556 -0.199941 -0.540024 -5.21102 0.269065 0.961757 0.0512588 0.110895 0.509123 -0.187208 0.840087 14.3331
0.8819 -0.335832 -0.330863 -5.32474 0.389844 0.914136 0.111248 0.174987 0.265093 -0.227094 0.937099 14.8611
0.922098 -0.279347 -0.267768 -5.55083 0.314921 0.943856 0.0998049 0.166783 0.224854 -0.176356 0.9583 15.3964
0.921584 -0.248123 -0.298527 -5.80974 0.298435 0.944672 0.136131 0.166694 0.248233 -0.214547 0.944643 16.0646
0.917151 -0.363431 -0.163564 -5.92162 0.392084 0.896379 0.206823 0.223134 0.0714493 -0.253818 0.964609 16.5204
0.935299 -0.127 -0.330284 -6.22625 0.171084 0.97933 0.107905 0.151882 0.309753 -0.15743 0.937694 16.9953
0.926513 -0.162761 -0.339237 -6.33092 0.181214 0.98317 0.023215 0.150861 0.329749 -0.0829835 0.940414 17.574
0.891132 0.073707 -0.447717 -6.53526 -0.0691444 0.997253 0.0265518 0.0382759 0.448444 0.00729598 0.893781 18.012
0.652268 0.182726 -0.735634 -6.68456 -0.201794 0.977345 0.0638395 -0.0424591 0.730633 0.106806 0.674364 18.178
0.157247 0.0422244 -0.986656 -6.86326 -0.0305588 0.998815 0.0378745 0.0398921 0.987086 0.0241954 0.158351 18.2174
-0.239457 -0.0898053 -0.966745 -7.05458 0.0339655 0.994329 -0.100781 0.133318 0.970313 -0.0569686 -0.235049 18.2075
-0.321737 -0.299503 -0.898211 -7.24921 0.180317 0.911908 -0.368659 0.236281 0.929501 -0.280574 -0.239389 18.3716
-0.324164 -0.360295 -0.874703 -7.35895 0.183423 0.883147 -0.431749 0.260115 0.928048 -0.300398 -0.220199 18.8338
-0.118779 -0.249455 -0.961074 -7.66563 0.160977 0.950283 -0.26655 0.184676 0.979785 -0.186371 -0.0727171 19.3981
0.155776 -0.0936394 -0.983344 -7.79487 0.221667 0.973421 -0.0575793 0.141614 0.962599 -0.209005 0.172392 20.066
-0.00119479 -0.0508534 -0.998705 -7.89864 0.204381 0.977612 -0.0500239 0.11738 0.978891 -0.204177 0.00922544 20.5757
0.0251202 -0.0355548 -0.999052 -8.00363 0.209601 0.977341 -0.0295119 0.0779021 0.977464 -0.208661 0.0320034 20.849
0.325129 -0.0818586 -0.94212 -8.20523 0.245752 0.969333 0.000586799 0.0787383 0.91318 -0.231718 0.335275 21.3374
-0.0329788 -0.115167 -0.992799 -8.42028 0.250533 0.960672 -0.119762 0.106145 0.967546 -0.252678 -0.00282874 21.6307
-0.41545 -0.126784 -0.900737 -8.77803 0.192275 0.955623 -0.223193 0.0806902 0.889062 -0.265914 -0.372637 21.9126
-0.662879 -0.205945 -0.719846 -8.88833 0.0169149 0.957063 -0.289387 0.136959 0.748535 -0.204005 -0.630933 22.1871
-0.422398 -0.152542 -0.893482 -9.34431 0.142678 0.962259 -0.231736 0.0958962 0.895111 -0.225365 -0.384692 22.6486
-0.0525478 -0.171305 -0.983816 -9.42265 0.244321 0.953031 -0.178994 0.12901 0.968269 -0.249773 -0.0082263 23.0791
0.382743 -0.108657 -0.917443 -9.50194 0.32037 0.947049 0.02149 0.101749 0.866528 -0.302146 0.397287 23.4802
0.540308 -0.269098 -0.797279 -9.50532 0.427534 0.903869 -0.0153389 0.143295 0.724764 -0.332576 0.603416 23.9241
0.389303 -0.312352 -0.866533 -9.63582 0.589605 0.80727 -0.0261011 0.179573 0.707679 -0.500751 0.498437 24.4893
0.278541 -0.239027 -0.930205 -9.78336 0.368929 0.920857 -0.126152 0.141313 0.886739 -0.308041 0.34468 25.0935
0.429741 -0.16696 -0.887382 -10.0211 0.382614 0.923837 0.0114724 0.110785 0.817881 -0.344455 0.460892 25.662
0.328055 -0.12399 -0.936486 -10.3811 0.377712 0.925872 0.00972894 0.112393 0.86586 -0.356913 0.350569 26.2613
0.0807633 -0.189662 -0.978522 -10.6471 0.305614 0.939155 -0.156808 0.123723 0.948724 -0.286385 0.133813 26.5435
0.155828 -0.0166936 -0.987643 -10.9606 0.21207 0.977108 0.0169444 0.0881802 0.964751 -0.21209 0.155801 26.9982
-0.121332 -0.0364186 -0.991944 -11.0569 0.114198 0.992179 -0.0503956 0.084752 0.986021 -0.119393 -0.116224 27.308
-0.386561 -0.00797859 -0.922229 -11.4043 0.0788927 0.996011 -0.0416855 0.0780531 0.918883 -0.0888712 -0.38439 27.3577
-0.70395 0.0203451 -0.709958 -11.6552 0.0128379 0.999791 0.0159214 0.0559502 0.710134 0.0020935 -0.704064 27.4101
-0.60277 -0.150937 -0.783509 -11.9692 0.0445619 0.974045 -0.221924 0.126824 0.79667 -0.168684 -0.580399 27.3421
-0.746391 -0.183402 -0.639737 -12.2559 -0.0808824 0.97915 -0.18634 0.147402 0.660574 -0.087339 -0.745663 27.3161
-0.55021 -0.197539 -0.811325 -12.2948 0.0954445 0.95037 -0.29612 0.184977 0.829554 -0.240365 -0.504049 27.2054
-0.831002 -0.170408 -0.529525 -12.5 -0.0375491 0.966934 -0.252245 0.157473 0.555 -0.189733 -0.809923 26.9672
-0.95494 -0.234483 -0.181955 -12.4691 -0.189966 0.953911 -0.232309 0.198327 0.228041 -0.187276 -0.955471 26.7865
-0.955061 -0.252265 0.15563 -12.4088 -0.281031 0.937576 -0.204871 0.198598 -0.094233 -0.239401 -0.966337 26.588
-0.935428 -0.223906 0.273569 -12.5209 -0.258197 0.961303 -0.0960752 0.204104 -0.241471 -0.160506 -0.957042 26.508
-0.982203 -0.134216 0.131388 -12.4164 -0.158704 0.967185 -0.198408 0.19356 -0.100447 -0.215729 -0.971273 26.5092
-0.910193 -0.150418 0.385906 -12.456 -0.171956 0.984866 -0.0216934 0.139085 -0.376802 -0.086104 -0.922283 26.4774
-0.94947 -0.254778 0.183291 -12.626 -0.293379 0.927946 -0.229879 0.197075 -0.111516 -0.272037 -0.955803 26.3445
-0.940409 -0.339914 -0.00946459 -12.6232 -0.313636 0.87779 -0.362102 0.258716 0.131391 -0.337555 -0.93209 26.1841
-0.914928 -0.308039 -0.260804 -12.943 -0.173278 0.883366 -0.435475 0.252362 0.364529 -0.353237 -0.861593 26.1004
-0.862535 -0.119562 -0.491669 -12.9661 0.0262965 0.959778 -0.279527 0.184267 0.505314 -0.25403 -0.824698 26.1164
-0.606302 -0.137534 -0.783251 -13.1955 0.0437409 0.977672 -0.205533 0.139919 0.794031 -0.158875 -0.586749 26.2864
-0.17523 -0.0428802 -0.983593 -13.2305 0.113078 0.991563 -0.0633729 0.111706 0.978012 -0.122328 -0.168903 26.3768
0.187713 -0.024085 -0.981929 -13.1995 0.108268 0.994115 -0.0036866 0.112974 0.976239 -0.105619 0.189216 26.2832
0.0343574 -0.258431 -0.965418 -13.3164 0.275219 0.931085 -0.239446 0.178346 0.960768 -0.257474 0.103115 26.392
0.434148 -0.257652 -0.86321 -13.298 0.396981 0.914886 -0.0734169 0.206034 0.808654 -0.310804 0.499478 26.4221
0.493495 -0.377704 -0.783455 -13.5236 0.417685 0.893032 -0.167433 0.265114 0.76289 -0.24461 0.598468 26.3467
0.280878 -0.237962 -0.929775 -13.8148 0.318712 0.936924 -0.143511 0.209081 0.905279 -0.256022 0.339002 26.4477
0.280141 -0.102516 -0.954469 -14.0312 0.15235 0.986428 -0.0612335 0.114051 0.947792 -0.128259 0.291958 26.2879
0.287742 -0.100782 -0.95239 -14.0581 0.0437034 0.994793 -0.092065 0.0789805 0.95671 -0.0151317 0.290649 26.3541
0.59204 -0.0705665 -0.802813 -14.1165 0.0983356 0.995041 -0.0149449 0.0963886 0.799887 -0.0700971 0.596043 26.4346
0.74767 -0.235842 -0.62078 -14.2749 0.390452 0.912278 0.123677 0.227852 0.537156 -0.334854 0.774168 26.4163
0.812617 -0.36495 -0.454384 -14.2385 0.52853 0.790014 0.3107 0.350049 0.24558 -0.492636 0.834866 26.6736
0.911985 -0.332303 -0.240538 -14.5209 0.406795 0.808231 0.42577 0.318227 0.0529255 -0.486145 0.872274 26.7753
0.986848 -0.161437 -0.00828887 -14.45 0.15825 0.954366 0.253265 0.124872 -0.0329757 -0.251245 0.967362 26.9475
0.963341 -0.0211838 0.267441 -14.5432 0.00330377 0.997739 0.0671295 0.0366562 -0.268259 -0.063785 0.961233 26.8691
0.765265 0.0639434 0.640532 -14.5912 -0.048111 0.997952 -0.0421444 -0.00526154 -0.641915 0.00143495 0.766774 26.6311
0.448905 0.0207997 0.893337 -14.5429 -0.0920168 0.99549 0.0230606 0.0630251 -0.888829 -0.0925541 0.448795 26.3352
0.258147 -0.0987043 0.96105 -14.5729 -0.222955 0.961829 0.158672 0.171047 -0.940027 -0.255232 0.226286 26.372
-0.102982 -0.0526621 0.993288 -14.7818 -0.206223 0.97803 0.0304724 0.138247 -0.973071 -0.2017 -0.11158 26.4583
0.130812 -0.0801834 0.988159 -15.0666 -0.181722 0.977898 0.103407 0.152086 -0.97461 -0.193097 0.11335 26.6766
-0.0586495 -0.0833701 0.994791 -15.1703 -0.153272 0.985443 0.0735502 0.112617 -0.986442 -0.14816 -0.0705741 26.7083
0.0101517 -0.146096 0.989218 -15.441 -0.163268 0.975752 0.145783 0.170638 -0.98653 -0.162987 -0.0139472 26.9806
0.255 -0.108278 0.960859 -15.5004 -0.127489 0.98127 0.144412 0.141397 -0.958499 -0.159325 0.23642 27.2501
0.578523 -0.0572428 0.813655 -15.5125 -0.14174 0.975303 0.169395 0.124954 -0.803257 -0.213326 0.556121 27.5215
0.87758 0.0369088 0.478008 -15.4761 -0.130501 0.977775 0.16409 0.114249 -0.461328 -0.206383 0.862892 27.9773
0.977679 -0.108007 0.180217 -15.3393 0.0656698 0.971866 0.226194 0.177234 -0.199577 -0.20931 0.957266 28.2102
0.983526 -0.0983688 -0.151659 -15.4958 0.130293 0.967314 0.21755 0.216842 0.125302 -0.233727 0.964195 28.5887
0.873122 -0.0576395 -0.484083 -15.6404 0.134561 0.982904 0.125668 0.192147 0.468564 -0.174862 0.865951 28.7768
0.589065 -0.0272816 -0.807625 -15.7587 0.107105 0.993248 0.0445686 0.161033 0.800956 -0.112755 0.58801 28.8833
0.235953 0.00497377 -0.971752 -15.8885 0.0629228 0.99781 0.0203855 0.143637 0.969725 -0.0659553 0.235123 28.9435
0.0987166 0.0789214 -0.991981 -16.0932 0.0649118 0.994216 0.085559 0.108812 0.992996 -0.0728374 0.0930227 29.1209
0.0148878 0.124614 -0.992094 -16.3988 -0.0752437 0.98953 0.123163 0.061475 0.997054 0.0728152 0.0241083 29.5132
0.319222 0.310698 -0.895301 -16.5207 -0.192645 0.946279 0.259701 -0.00178949 0.927893 0.089573 0.361927 30.0301
0.586841 0.378029 -0.716039 -16.4474 -0.336251 0.918243 0.209202 -0.0657855 0.736582 0.118001 0.665975 30.5813
0.808776 0.281619 -0.516307 -16.5318 -0.203913 0.957719 0.202963 0.0275956 0.551635 -0.0588694 0.832005 30.8015
0.705671 0.0919188 -0.702552 -16.6506 0.0760513 0.975995 0.204084 0.162955 0.704447 -0.197446 0.68174 31.029
0.4856 0.00666478 -0.874156 -16.8627 0.205346 0.971121 0.121475 0.213942 0.849721 -0.238493 0.470208 30.8482
0.0879686 0.115344 -0.989423 -17.0172 -0.0558462 0.992282 0.110713 0.111135 0.994557 0.0455163 0.0937312 30.7301
-0.261247 0.285948 -0.921946 -17.0782 -0.0809737 0.945256 0.316124 -0.0102062 0.96187 0.15724 -0.223791 30.5664
-0.447749 0.364122 -0.816662 -17.0387 -0.063256 0.898142 0.435132 -0.0883938 0.891919 0.246489 -0.379109 30.7252
-0.405314 0.315634 -0.85796 -17.1693 0.00672805 0.939509 0.342457 -0.203114 0.914153 0.13303 -0.38292 31.0297
-0.299953 -0.00888193 -0.953913 -17.2222 0.193824 0.978532 -0.0700581 -0.152779 0.934056 -0.205906 -0.291792 31.1913
-0.356728 -0.118899 -0.926611 -17.2912 0.203868 0.958054 -0.20142 -0.236016 0.911692 -0.260758 -0.317525 31.4204
-0.280087 0.149609 -0.948245 -17.5414 0.0531619 0.988683 0.140286 -0.408226 0.958501 -0.0111181 -0.284871 31.5175
-0.219502 0.27673 -0.935542 -17.9562 -0.0279796 0.956748 0.289568 -0.650775 0.975211 0.0897368 -0.202265 31.611
0.125789 0.409221 -0.903723 -18.0326 -0.196211 0.903226 0.381685 -0.687248 0.97246 0.129308 0.19391 31.7568
0.390674 0.514945 -0.763024 -18.0748 -0.396634 0.842171 0.36528 -0.728851 0.830696 0.159936 0.533259 31.7965
0.760069 0.361549 -0.539979 -17.9072 -0.376945 0.922154 0.0868556 -0.850776 0.529347 0.137526 0.837185 31.9913
0.901143 0.380809 -0.207185 -17.8181 -0.386042 0.922339 0.0161954 -0.858294 0.197262 0.0653877 0.978168 32.0255
0.948831 0.288549 0.128291 -17.9573 -0.296352 0.953962 0.0461687 -0.925985 -0.109063 -0.0818257 0.990661 32.0552
0.965835 0.257991 0.0245782 -17.9823 -0.256772 0.965468 -0.0440422 -1.12293 -0.035092 0.0362265 0.998727 32.3396
0.982721 0.184899 -0.00852415 -18.1225 -0.185078 0.982211 -0.0317526 -1.24419 0.00250148 0.0327816 0.999459 32.5479
0.913574 0.294825 -0.280107 -18.3342 -0.306243 0.951948 0.00315078 -1.29659 0.267577 0.0829024 0.959964 32.7008
0.887497 0.18917 -0.420195 -18.3368 -0.259284 0.958812 -0.115983 -1.45499 0.380947 0.211884 0.899991 32.9709
0.89106 0.276432 -0.359998 -18.5091 -0.29013 0.956843 0.0166088 -1.60337 0.349053 0.0896466 0.932805 33.2019
0.906413 0.232298 -0.352779 -18.6915 -0.208259 0.972398 0.105215 -1.61616 0.367483 -0.0218989 0.929773 33.1984
0.943613 -0.0119074 -0.330837 -18.7928 0.0998284 0.963068 0.250068 -1.50947 0.315641 -0.268994 0.909952 33.1348
0.926266 0.0758073 -0.369168 -18.7643 0.00135523 0.978884 0.204411 -1.5516 0.376869 -0.189839 0.906604 33.253
0.870685 0.217566 -0.441104 -18.8494 -0.154548 0.972439 0.174577 -1.81915 0.466929 -0.0838298 0.880312 33.7036
0.690312 0.236832 -0.683652 -19.0185 -0.138101 0.970666 0.196813 -1.92793 0.710209 -0.0414491 0.70277 33.8717
0.338906 0.365181 -0.867056 -18.957 -0.228306 0.925971 0.300757 -1.99098 0.912699 0.0960255 0.39719 33.9825
0.138649 0.400373 -0.905802 -18.986 -0.182673 0.909281 0.37395 -2.16831 0.973348 0.113617 0.199208 34.1695
-0.058431 0.384878 -0.921116 -18.8255 -0.139175 0.910541 0.389288 -2.20271 0.988542 0.150943 0.000361415 34.4047
-0.0387096 0.333805 -0.941847 -18.7997 -0.10372 0.93612 0.336038 -2.45501 0.993853 0.110696 -0.00161465 34.8146
0.0271496 0.31932 -0.947258 -19.0844 -0.109831 0.942823 0.314678 -2.62081 0.993579 0.0954949 0.0606685 35.0814
0.396197 0.260443 -0.880453 -19.1337 -0.078432 0.965021 0.250164 -2.73146 0.91481 -0.0300587 0.402765 35.3951
0.615045 0.0863071 -0.783754 -19.3669 0.0769611 0.982674 0.168607 -2.80315 0.784727 -0.164019 0.597747 35.5829
0.663507 0.0354855 -0.747328 -19.6089 0.091214 0.987587 0.127877 -2.98032 0.742589 -0.153014 0.652034 35.9153
0.755981 0.159207 -0.634937 -19.6857 -0.0650356 0.983441 0.169158 -3.16284 0.651354 -0.0865866 0.753817 36.2974
0.860069 0.271209 -0.432119 -19.7923 -0.247708 0.962451 0.111032 -3.36492 0.446006 0.0115444 0.894956 36.4963
0.944092 0.242374 -0.223484 -19.7223 -0.248338 0.968672 0.00146669 -3.53353 0.216838 0.0541147 0.974707 36.7957
0.941168 0.320826 0.10618 -19.6759 -0.309943 0.944699 -0.10714 -3.68587 -0.134682 0.0679266 0.988558 36.9856
0.842186 0.383386 0.379129 -19.523 -0.315961 0.920683 -0.229154 -3.73605 -0.436912 0.0732002 0.896521 37.0509
0.814872 0.391991 0.426997 -19.441 -0.243204 0.899895 -0.361994 -3.77138 -0.526151 0.191132 0.828633 37.1631
0.860962 0.35285 0.36639 -19.5823 -0.251262 0.921287 -0.296813 -3.87531 -0.442281 0.163484 0.881851 37.6906
0.625157 0.358806 0.693135 -19.44 -0.0857799 0.914273 -0.395912 -3.87598 -0.775771 0.18805 0.602343 37.8234
0.229994 0.432652 0.871731 -19.4255 0.0772963 0.884793 -0.459529 -3.89405 -0.970118 0.17307 0.170055 37.8351
-0.18986 0.434624 0.880372 -19.4971 0.239359 0.890116 -0.387815 -3.8813 -0.952187 0.137094 -0.273028 37.7707
-0.522662 0.292065 0.800951 -19.6141 0.148169 0.956309 -0.252028 -3.82197 -0.839565 -0.0130491 -0.543102 37.801
-0.510298 0.0250632 0.859632 -19.6379 -0.118195 0.988046 -0.0989703 -3.71882 -0.851837 -0.152108 -0.501235 37.8771
-0.639736 -0.219959 0.736448 -19.6656 -0.453833 0.881408 -0.13098 -3.57821 -0.620301 -0.418017 -0.663693 37.9579
-0.81959 -0.291312 0.493366 -19.7013 -0.479518 0.820049 -0.312381 -3.56068 -0.313584 -0.492602 -0.811793 37.9288
-0.851816 -0.424278 0.307242 -19.6953 -0.523483 0.711109 -0.469349 -3.53835 -0.0193482 -0.560636 -0.827837 37.9546
-0.761248 -0.438141 0.478052 -19.5681 -0.632765 0.663115 -0.399859 -3.54741 -0.141809 -0.606887 -0.782035 37.9114
-0.635019 -0.304963 0.709752 -19.4454 -0.548655 0.824835 -0.136474 -3.56312 -0.543809 -0.476073 -0.691105 37.7111
-0.625818 -0.1378 0.7677 -19.2002 -0.359416 0.924488 -0.127049 -3.61161 -0.692222 -0.355433 -0.628089 37.6068
-0.382792 -0.0915777 0.919285 -19.2883 -0.254164 0.967115 -0.00949169 -3.65223 -0.888184 -0.237282 -0.393479 37.3968
-0.423051 0.0409477 0.90518 -19.0417 -0.177593 0.975856 -0.127146 -3.70121 -0.888532 -0.214543 -0.405565 37.2123
-0.318133 -0.0549779 0.946451 -19.0666 -0.244472 0.969311 -0.0258694 -3.54248 -0.915983 -0.239611 -0.32181 36.7597
-0.52678 -0.117479 0.841844 -18.9751 -0.373199 0.921803 -0.10489 -3.49421 -0.763692 -0.369429 -0.52943 36.5713
-0.807477 -0.0223466 0.589476 -18.9814 -0.201015 0.949898 -0.239345 -3.40461 -0.554593 -0.311759 -0.771513 36.3906
-0.84171 0.0673816 0.535708 -19.2001 -0.0223672 0.986979 -0.159286 -3.29888 -0.539466 -0.146055 -0.829243 36.0604
-0.76899 -0.00521825 0.639239 -19.2386 -0.117354 0.984125 -0.13314 -3.14878 -0.628397 -0.1774 -0.757395 35.7938
-0.514622 -0.0774548 0.853911 -19.344 -0.228291 0.97234 -0.0493857 -3.01726 -0.826467 -0.220355 -0.51807 35.5201
-0.186015 -0.0608719 0.98066 -19.3223 -0.25176 0.967711 0.0123135 -2.9377 -0.949745 -0.244601 -0.195334 35.4417
0.145538 -0.0457811 0.988293 -19.1241 -0.231063 0.96973 0.078948 -2.85896 -0.961992 -0.239848 0.130554 35.3827
0.179064 -0.0379869 0.983104 -19.1154 -0.223878 0.971466 0.0783147 -2.66709 -0.958026 -0.234119 0.16545 35.0389
-0.0292209 -0.0816575 0.996232 -18.9212 -0.338245 0.938669 0.067018 -2.52085 -0.940604 -0.335012 -0.055049 34.7939
-0.224386 -0.225945 0.947945 -18.8335 -0.409021 0.904755 0.118832 -2.45956 -0.884507 -0.361065 -0.29543 34.6581
-0.461295 -0.228085 0.857429 -18.8072 -0.334924 0.939659 0.0697704 -2.33292 -0.821604 -0.254989 -0.509851 34.3125
-0.629492 -0.382749 0.676197 -18.7664 -0.516732 0.85614 0.00356082 -2.22063 -0.580282 -0.347172 -0.736712 34.2858
-0.653097 -0.303428 0.693827 -18.6947 -0.431156 0.902207 -0.011288 -2.09938 -0.62255 -0.306519 -0.720054 34.0321
-0.645137 -0.284736 0.70903 -18.4546 -0.447802 0.892794 -0.0489167 -1.91806 -0.619089 -0.349063 -0.70348 33.8518
-0.704514 -0.171242 0.688721 -18.2932 -0.281636 0.958226 -0.0498434 -1.81395 -0.651415 -0.229084 -0.723311 33.4924
-0.837751 -0.213167 0.502726 -18.174 -0.284628 0.956161 -0.0688744 -1.62833 -0.466006 -0.200789 -0.861697 33.2481
-0.736213 -0.309012 0.602082 -18.2383 -0.383184 0.923656 0.00550685 -1.43538 -0.557818 -0.226654 -0.798415 32.8745
-0.467121 -0.302103 0.830982 -18.0729 -0.351892 0.925703 0.138729 -1.3906 -0.811153 -0.227613 -0.538723 32.7601
-0.161238 -0.273461 0.948273 -17.935 -0.235789 0.943693 0.232049 -1.27752 -0.958335 -0.186178 -0.216638 32.777
0.186773 -0.247601 0.950689 -17.8484 -0.184485 0.941662 0.281493 -1.20423 -0.964926 -0.227963 0.130198 32.6111
0.156023 -0.197254 0.967857 -17.6204 -0.219823 0.94835 0.228714 -1.04893 -0.962982 -0.248442 0.104603 32.4042
0.123183 -0.323376 0.938218 -17.5495 -0.311955 0.884875 0.345948 -0.825451 -0.942078 -0.335297 0.00812245 32.0982
0.0830801 -0.234898 0.968463 -17.2304 -0.310776 0.917251 0.249136 -0.761024 -0.946845 -0.321673 0.00320488 32.0163
-0.24089 -0.315338 0.917897 -17.1901 -0.349333 0.910532 0.22113 -0.581266 -0.905504 -0.267384 -0.329496 31.8522
-0.489612 -0.306277 0.816378 -17.3072 -0.38188 0.917028 0.11501 -0.439816 -0.783867 -0.255448 -0.565949 31.4427
-0.651578 -0.258953 0.713014 -17.147 -0.373122 0.927773 -0.00402323 -0.290961 -0.660474 -0.268663 -0.701138 31.2317
-0.836181 -0.322896 0.443328 -17.2438 -0.390007 0.918393 -0.0667014 -0.266504 -0.385612 -0.228675 -0.893874 31.1327
-0.937159 -0.0993231 0.334467 -17.2215 -0.162723 0.972406 -0.167177 -0.156347 -0.308634 -0.211097 -0.927461 30.639
-0.763966 -0.141879 0.629465 -16.997 -0.245774 0.965973 -0.080563 0.0123102 -0.596616 -0.216254 -0.772841 30.6384
-0.744345 -0.0427348 0.666427 -16.4608 -0.198225 0.967111 -0.159385 0.155235 -0.637697 -0.250739 -0.728335 30.4136
-0.472703 -0.131783 0.871313 -16.1967 -0.256428 0.966538 0.00706853 0.192167 -0.843088 -0.220087 -0.490678 30.4211
-0.124157 -0.166725 0.978155 -15.9576 -0.293708 0.947783 0.124268 0.209699 -0.947798 -0.271863 -0.166643 30.4973
0.2556 -0.130085 0.957991 -15.8146 -0.20347 0.961474 0.184846 0.185446 -0.945129 -0.242169 0.219284 30.6026
0.552157 -0.213653 0.8059 -15.6386 -0.0741483 0.950194 0.302709 0.221188 -0.830436 -0.226899 0.508815 30.6781
0.688272 -0.173487 0.704403 -15.3928 -0.0653911 0.952195 0.29841 0.206013 -0.7225 -0.251449 0.644024 30.8241
0.77463 -0.132606 0.618356 -15.3569 -0.0733002 0.952354 0.296057 0.166729 -0.628153 -0.27466 0.728001 31.0633
0.896538 -0.216706 0.386338 -15.1549 0.0852936 0.940295 0.3295 0.162624 -0.434677 -0.262457 0.861494 31.1838
0.950472 -0.130089 0.282276 -15.0505 0.0258962 0.938183 0.34517 0.12169 -0.309729 -0.320765 0.895085 31.6644
0.979553 -0.139519 -0.144952 -14.9507 0.169714 0.959949 0.222924 0.128242 0.108045 -0.242966 0.963999 32.048
0.874572 -0.167514 -0.455042 -15.1825 0.288937 0.933668 0.211614 0.132914 0.38941 -0.31655 0.86496 32.3261
0.585139 -0.222933 -0.779688 -15.451 0.379788 0.924845 0.0205852 0.130983 0.716501 -0.308161 0.62583 32.5572
0.323311 -0.174582 -0.930049 -15.5839 0.302703 0.950274 -0.073151 0.134714 0.896572 -0.257878 0.36008 32.7505
0.107073 -0.0219269 -0.994009 -15.9058 0.242797 0.970066 0.00475504 0.0796159 0.96415 -0.241851 0.109192 32.8868
-0.196977 -0.146869 -0.969345 -16.0298 0.169192 0.968789 -0.181166 0.12515 0.965699 -0.199691 -0.16598 33.1982
0.0270326 -0.0342801 -0.999047 -16.374 0.211792 0.976919 -0.0277901 0.0892845 0.976941 -0.210839 0.0336689 33.4084
0.0853502 -0.0368768 -0.995668 -16.5936 0.131485 0.990992 -0.0254325 0.096229 0.987637 -0.128745 0.0894301 33.8123
0.336261 0.109286 -0.935406 -16.9042 0.206525 0.96051 0.186461 0.0478626 0.918845 -0.255884 0.300412 34.0872
0.46899 -0.104756 -0.876969 -16.8863 0.268023 0.962997 0.0283027 0.110849 0.841553 -0.248321 0.479713 34.465
0.731291 -0.136074 -0.668355 -16.9417 0.322437 0.932459 0.162955 0.109007 0.601039 -0.33467 0.725774 34.7891
0.802031 -0.246407 -0.544087 -16.965 0.352292 0.930768 0.0977795 0.137209 0.482325 -0.270099 0.833312 35.2758
0.899218 -0.224887 -0.375278 -17.0576 0.320295 0.922706 0.214535 0.152357 0.298025 -0.313114 0.901743 35.8189
0.820103 -0.234217 -0.522086 -17.1629 0.32094 0.943646 0.080803 0.142494 0.473739 -0.233825 0.849057 36.2802
0.640664 -0.23172 -0.732021 -17.4708 0.357615 0.933706 0.017422 0.121809 0.679456 -0.272944 0.681059 36.7446
0.448435 -0.213594 -0.867919 -17.6908 0.38331 0.92316 -0.029141 0.141117 0.807453 -0.319614 0.49585 37.2712
0.126135 -0.221399 -0.966991 -18.0466 0.246924 0.951104 -0.185553 0.145894 0.960791 -0.215369 0.174636 37.6845
-0.157437 -0.092573 -0.983181 -18.265 0.207115 0.970358 -0.124531 0.0968804 0.965566 -0.223237 -0.133597 37.7666
-0.420438 -0.0637997 -0.905076 -18.6802 0.0821353 0.990753 -0.107994 0.072422 0.903596 -0.119743 -0.41131 37.8823
-0.757621 -0.114184 -0.64263 -18.7919 -0.0509216 0.991918 -0.116214 0.0876741 0.650706 -0.0553222 -0.757312 37.8386
-0.920337 -0.0845701 -0.381873 -19.0035 0.0266836 0.960493 -0.277021 0.0525115 0.390214 -0.265143 -0.881721 37.5848
-0.98439 -0.170004 -0.0455467 -19.1794 -0.159956 0.97213 -0.1714 0.0545801 0.0734161 -0.161439 -0.984148 37.4079
-0.923372 -0.262494 0.280144 -19.2402 -0.29937 0.949154 -0.0973894 0.090171 -0.240335 -0.173793 -0.955005 37.3119
-0.801713 -0.245676 0.544885 -19.1513 -0.307218 0.951359 -0.0230774 0.111539 -0.512711 -0.1859 -0.838193 36.8646
-0.579481 -0.360288 0.731023 -19.1593 -0.364664 0.9168 0.16278 0.320898 -0.728849 -0.17225 -0.662653 36.393
-0.408268 -0.428037 0.806289 -19.0884 -0.516209 0.836725 0.18281 0.530758 -0.752892 -0.341578 -0.562565 36.183
-0.190456 -0.373117 0.908026 -19.1359 -0.371061 0.883698 0.285292 0.703521 -0.908868 -0.282598 -0.306755 35.8272
-0.0340737 -0.308788 0.95052 -18.9746 -0.364964 0.889234 0.275796 0.856783 -0.930398 -0.337508 -0.142996 35.5864
0.298252 -0.194398 0.934481 -19.0729 -0.242361 0.931529 0.271137 0.949395 -0.923205 -0.307348 0.230716 35.4293
0.412462 0.096497 0.90585 -19.2709 -0.144355 0.988733 -0.039597 0.81865 -0.899465 -0.114432 0.421745 35.4159
0.0626295 0.241834 0.968294 -19.3219 -0.0481928 0.9698 -0.239092 0.742705 -0.996873 -0.0316906 0.0723928 35.1938
-0.355923 0.143298 0.923464 -19.2519 0.0182872 0.989052 -0.146427 0.910413 -0.934337 -0.0352291 -0.354647 34.7494
-0.637843 0.111005 0.762125 -19.2495 -0.0311202 0.985036 -0.169517 1.08968 -0.769538 -0.131843 -0.624843 34.4188
-0.593647 -0.0559314 0.802779 -19.2543 -0.189867 0.979153 -0.0721854 1.32224 -0.782006 -0.195274 -0.591891 34.1514
-0.569486 -0.13455 0.810914 -19.0076 -0.270102 0.962364 -0.030007 1.51297 -0.776357 -0.236118 -0.584395 34.0161
-0.336568 -0.25705 0.905896 -18.7121 -0.442505 0.892358 0.0888043 1.65592 -0.831211 -0.370975 -0.414085 34.1525
-0.173657 -0.321002 0.931021 -18.6697 -0.389194 0.890797 0.234539 1.66273 -0.904639 -0.321619 -0.279626 34.0846
-0.325493 -0.244845 0.913294 -18.5532 -0.282985 0.946845 0.152986 1.83811 -0.902205 -0.208652 -0.377479 33.7894
-0.610332 -0.112166 0.784164 -18.6047 -0.166567 0.985964 0.0113893 1.83309 -0.774435 -0.123664 -0.620449 33.423
-0.581781 -0.0973657 0.807496 -18.3339 -0.146063 0.989176 0.0140373 2.05205 -0.800123 -0.109779 -0.589705 33.166
-0.140243 -0.104806 0.984554 -18.0629 -0.113893 0.989489 0.0891082 2.11358 -0.983545 -0.099637 -0.150706 33.2166
0.206789 -0.0510173 0.977054 -17.8638 -0.0635781 0.995828 0.0654536 2.21394 -0.976318 -0.0756544 0.202683 33.1598
0.192768 -0.0339551 0.980657 -17.5629 -0.126295 0.99023 0.0591124 2.35504 -0.973083 -0.135247 0.186596 33.0307
-0.155739 -0.145919 0.976961 -17.4611 -0.109624 0.985473 0.129715 2.48089 -0.981697 -0.0868964 -0.169472 32.6307
-0.368486 -0.043495 0.928615 -17.3209 -0.134052 0.990951 -0.00677863 2.61283 -0.919918 -0.12698 -0.370982 32.3398
-0.719569 -0.0496774 0.692641 -17.4484 -0.0964621 0.994918 -0.0288551 2.71609 -0.687688 -0.0875768 -0.720705 32.1089
-0.862304 -0.0988437 0.49665 -17.6737 -0.0629065 0.994077 0.0886212 2.8606 -0.502468 0.0451759 -0.863415 31.9182
-0.936679 -0.0991502 0.33586 -17.6509 -0.0645438 0.99153 0.112706 2.89643 -0.34419 0.0838919 -0.935144 31.7946
-0.852065 -0.173998 0.49367 -17.5358 -0.158397 0.984625 0.0736482 3.06196 -0.498894 -0.015443 -0.866525 31.6052
-0.892278 -0.0631705 0.447044 -17.2613 -0.0203076 0.994777 0.100036 3.15202 -0.451029 0.0801815 -0.8889 31.396
-0.938489 -0.00848868 0.345205 -17.3499 0.0355756 0.992001 0.121111 3.28376 -0.343472 0.125942 -0.93068 31.1439
-0.989541 0.0588456 0.1317 -17.0481 0.068839 0.994978 0.0726569 3.45556 -0.126763 0.0809631 -0.988623 31.0852
-0.984596 0.160166 -0.0701246 -17.0095 0.155005 0.985157 0.0737512 3.55277 0.0808962 0.0617455 -0.994808 30.7693
-0.907889 0.142449 -0.394266 -16.8509 0.0953592 0.986017 0.136663 3.66932 0.408221 0.0864775 -0.908778 30.7171
-0.686232 0.223787 -0.692101 -16.8365 0.154212 0.974627 0.162236 3.75086 0.710847 0.004601 -0.703332 30.7893
-0.333278 0.24496 -0.910451 -16.8764 0.0483152 0.968827 0.24298 3.76142 0.94159 0.0369912 -0.334724 30.8306
0.0184523 0.266385 -0.96369 -16.6863 -0.0484796 0.962959 0.265255 3.7498 0.998654 0.0418247 0.030683 30.7375
0.159769 0.214737 -0.963515 -16.3497 -0.0992025 0.974605 0.200759 3.78492 0.982157 0.0635081 0.177014 30.651
0.070037 0.305759 -0.949529 -16.2441 -0.213735 0.934361 0.28511 3.7206 0.974378 0.182979 0.130791 30.6069
0.0378573 0.303263 -0.952155 -16.2424 -0.220203 0.931947 0.288072 3.72851 0.974719 0.198761 0.10206 30.6001
-0.997467 0.00961482 0.0704786 -134.748 0.000787124 0.992254 -0.124225 11.2572 -0.0711271 -0.123855 -0.989748 2.03628
-0.997951 0.0564201 0.0301737 -134.568 0.0527141 0.992307 -0.112017 11.1635 -0.0362616 -0.110197 -0.993248 1.71675
-0.97307 0.0836581 -0.214793 -134.534 0.104665 0.990575 -0.0883513 11.2241 0.205377 -0.108453 -0.972655 1.09118
-0.861643 0.227666 -0.453585 -134.681 0.202127 0.973738 0.104778 11.1196 0.465527 -0.00140067 -0.885033 0.397246
-0.740114 0.312465 -0.59548 -134.91 0.235918 0.949861 0.2052 11.129 0.629741 0.0113866 -0.776721 -0.194428
-0.496541 0.260108 -0.828125 -135.095 0.134442 0.965579 0.222671 11.1652 0.857539 -0.00076996 -0.514419 -0.501733
-0.182964 0.333838 -0.924703 -135.319 -0.0215714 0.938991 0.343264 11.1473 0.982883 0.0827524 -0.164601 -0.610791
0.240481 0.316415 -0.917633 -135.343 -0.114916 0.948008 0.296774 11.1894 0.963827 0.0340821 0.26434 -0.649369
0.60025 0.0986523 -0.793705 -135.274 0.0529452 0.985286 0.162505 11.3765 0.798058 -0.139567 0.586195 -0.785872
0.724802 -0.089301 -0.683145 -135.097 0.221007 0.969299 0.107776 11.4665 0.652547 -0.229096 0.722286 -0.814004
0.743943 -0.0520004 -0.666217 -135.067 0.212268 0.963722 0.161811 11.4114 0.633633 -0.261795 0.727992 -0.813244
0.711323 0.129959 -0.690746 -135.177 0.0591252 0.96821 0.243049 11.3112 0.700374 -0.213727 0.681027 -0.898974
0.474084 0.24435 -0.845894 -135.099 0.0147453 0.958382 0.285107 11.2449 0.880356 -0.147638 0.450751 -0.916864
0.187572 0.201568 -0.961347 -135.104 0.178688 0.955385 0.235182 11.2259 0.965861 -0.215894 0.143186 -1.14744
-0.16336 0.233919 -0.958434 -135.041 0.220944 0.955483 0.195541 11.2281 0.961508 -0.179816 -0.20777 -1.45464
-0.478179 0.236163 -0.845915 -134.978 0.248493 0.960192 0.127599 11.2184 0.842375 -0.149189 -0.517829 -1.57033
-0.757381 0.284873 -0.587555 -135 0.293684 0.95228 0.0831393 11.2283 0.583202 -0.109587 -0.804902 -1.74888
-0.92588 0.288475 -0.243984 -134.993 0.298814 0.954295 -0.00563705 11.1838 0.231207 -0.0781251 -0.969763 -1.92434
-0.870129 0.348621 0.348336 -134.921 0.326784 0.93723 -0.121703 11.0046 -0.3689 0.00793307 -0.929435 -2.22824
-0.660285 0.372725 0.651997 -134.971 0.322975 0.924699 -0.201539 10.8033 -0.67802 0.0775053 -0.730946 -2.43776
-0.602501 0.25052 0.757781 -134.808 0.189758 0.967198 -0.168879 10.6096 -0.775232 0.0420459 -0.630276 -2.75934
-0.817253 0.0598801 0.57316 -134.882 -0.0725586 0.97598 -0.205423 10.5476 -0.571693 -0.209471 -0.793277 -2.98178
-0.771462 -0.162035 0.615297 -134.697 -0.303292 0.943747 -0.131739 10.4031 -0.559339 -0.288246 -0.777209 -3.22621
-0.908996 -0.103026 0.403872 -134.718 -0.170788 0.975956 -0.135432 10.2578 -0.380208 -0.192084 -0.904735 -3.5178
-0.908997 0.0410046 0.414781 -134.553 -0.0979665 0.946251 -0.30824 9.91295 -0.405126 -0.320824 -0.856122 -3.94473
-0.88443 0.0713 0.461195 -134.625 0.047495 0.996881 -0.0630355 9.76531 -0.46425 -0.033846 -0.885057 -4.17039
-0.93263 -0.0315186 0.359455 -134.654 0.00079354 0.995996 0.0893921 9.73202 -0.360834 0.083655 -0.928871 -4.71615
-0.944755 0.039851 0.325346 -134.739 0.0815242 0.989959 0.115476 9.6929 -0.317478 0.13562 -0.938518 -4.78516
-0.853227 -0.0618104 0.517864 -134.716 -0.0242331 0.996578 0.0790218 9.71335 -0.520977 0.054874 -0.851805 -4.72961
-0.819968 -0.110193 0.561703 -134.951 -0.108171 0.993444 0.0369837 9.74754 -0.562096 -0.0304346 -0.826512 -5.03609
-0.661489 -0.0616596 0.747416 -134.924 -0.074485 0.997088 0.016335 9.75407 -0.746247 -0.0448659 -0.664156 -5.54905
-0.37998 -0.0459976 0.92385 -134.775 -0.213627 0.976126 -0.0392647 9.74711 -0.899988 -0.212279 -0.380735 -5.94457
-0.188039 -0.0357854 0.981509 -134.527 -0.249232 0.968364 -0.0124422 9.65612 -0.950013 -0.246963 -0.191009 -6.72495
-0.120282 -0.095133 0.988171 -134.199 -0.19648 0.977989 0.070237 9.71496 -0.973102 -0.185707 -0.136326 -7.21849
-0.563729 -0.133642 0.815076 -133.796 -0.300477 0.952389 -0.0516617 9.73432 -0.769365 -0.274035 -0.577046 -7.84392
-0.833796 -0.138929 0.534307 -133.649 -0.242806 0.961472 -0.128904 9.75048 -0.495813 -0.237212 -0.835404 -8.10731
-0.860182 -0.135022 0.491788 -133.36 -0.230105 0.963333 -0.137988 9.66598 -0.455124 -0.231858 -0.859711 -8.89442
-0.798206 -0.0407933 0.601001 -133.219 -0.24886 0.930915 -0.267332 9.61941 -0.548575 -0.362951 -0.753214 -9.75098
-0.806067 -0.261032 0.531149 -133.222 -0.23259 0.964985 0.121263 9.62938 -0.544204 -0.0257937 -0.838556 -10.161
-0.955749 -0.285289 0.0717962 -133.434 -0.290854 0.952974 -0.0851087 9.59961 -0.0441394 -0.102225 -0.993782 -10.4955
-0.975034 0.0690629 0.211045 -133.481 -0.0343321 0.892093 -0.450546 9.60512 -0.219388 -0.446543 -0.867449 -10.946
-0.786791 0.387324 0.480563 -133.404 -0.00589745 0.773839 -0.633355 9.55076 -0.617192 -0.501152 -0.606565 -11.376
-0.817417 -0.00247586 0.576041 -133.614 -0.078776 0.991077 -0.107525 9.6961 -0.570635 -0.133271 -0.810318 -11.7183
-0.957969 -0.101346 0.268373 -133.947 -0.0692091 0.989532 0.126632 9.75127 -0.278398 0.102736 -0.954956 -12.0705
-0.995063 -0.0126275 0.0984429 -134.076 -0.0504538 0.918509 -0.392169 9.74352 -0.0854685 -0.395199 -0.914611 -12.3685
-0.943957 -0.299046 0.139702 -134.618 -0.327259 0.903063 -0.278171 9.82287 -0.0429738 -0.3083 -0.950318 -13.1728
-0.952638 -0.282628 -0.112261 -135.158 -0.239864 0.925242 -0.293926 9.75595 0.18694 -0.253078 -0.949213 -13.8497
-0.971849 -0.204955 0.116206 -135.617 -0.228814 0.93862 -0.258142 9.78126 -0.0561664 -0.277464 -0.959093 -14.5283
-0.890144 -0.439089 -0.121837 -136.126 -0.445901 0.894423 0.0343464 9.7146 0.0938928 0.0849005 -0.991956 -14.8661
-0.821992 -0.351217 -0.448303 -136.653 -0.34234 0.933816 -0.103884 9.68095 0.455119 0.0680801 -0.887824 -15.1779
-0.5823 -0.414755 -0.699217 -137.156 -0.364704 0.901942 -0.231284 9.65524 0.726579 0.120331 -0.676463 -15.2586
-0.457762 -0.141109 -0.877806 -137.508 0.0943055 0.974048 -0.205759 9.63557 0.884059 -0.17697 -0.432574 -15.2702
-0.650693 0.137181 -0.746847 -137.659 0.453767 0.858864 -0.23759 9.55888 0.608847 -0.493492 -0.621104 -15.3932
-0.851935 0.223874 -0.473379 -137.937 0.404546 0.85538 -0.323524 9.53419 0.33249 -0.467124 -0.819295 -15.5438
-0.994111 0.0850561 -0.0671479 -138.233 0.100756 0.953583 -0.283773 9.55671 0.0398945 -0.288868 -0.956537 -15.6864
-0.929418 0.0508617 0.365506 -138.355 -0.0288625 0.977404 -0.209402 9.57176 -0.367897 -0.205172 -0.906949 -15.8576
-0.839277 -0.068895 0.539322 -138.629 -0.265069 0.917919 -0.295234 9.60415 -0.474714 -0.39074 -0.78865 -16.0884
-0.542207 -0.0761292 0.836789 -138.9 -0.323153 0.938183 -0.124037 9.55844 -0.775619 -0.337664 -0.53329 -16.2609
-0.286315 0.0220364 0.957882 -139.066 -0.34159 0.931695 -0.123537 9.58767 -0.895176 -0.362573 -0.259231 -16.5734
-0.0408838 -0.0701088 0.996701 -139.387 -0.330895 0.942195 0.0527017 9.58514 -0.942781 -0.327649 -0.0617192 -16.6488
0.112073 0.0190509 0.993517 -139.543 -0.265906 0.96393 0.0115118 9.56521 -0.957462 -0.265472 0.113097 -16.3976
0.420516 0.0146187 0.907167 -139.535 -0.214626 0.973094 0.0838084 9.59685 -0.881534 -0.229944 0.412339 -16.1741
0.443162 -0.081733 0.892708 -139.099 -0.225883 0.953521 0.199435 9.72309 -0.867516 -0.290029 0.404102 -16.1217
0.459582 -0.147112 0.875867 -138.629 -0.217797 0.937405 0.271729 9.70101 -0.861016 -0.315643 0.398773 -16.1557
0.154776 -0.172216 0.972824 -138.236 -0.322494 0.921944 0.214518 9.7202 -0.933832 -0.346932 0.087156 -16.1245
0.420827 -0.194753 0.885989 -137.869 -0.171301 0.94205 0.288441 9.6924 -0.89082 -0.273155 0.363079 -16.1132
0.267676 -0.271057 0.924596 -137.328 -0.252306 0.906409 0.33877 9.72441 -0.929888 -0.323962 0.174234 -16.2817
0.569389 -0.177725 0.802627 -136.817 -0.100927 0.953852 0.282809 9.70118 -0.815849 -0.242035 0.525176 -16.3888
0.860615 -0.172621 0.479107 -136.449 0.0253052 0.954132 0.298316 9.67102 -0.508627 -0.244611 0.825508 -16.028
0.981752 -0.122189 0.145715 -136.486 0.0910337 0.974725 0.204019 9.57782 -0.166961 -0.187031 0.968062 -15.8924
0.950473 -0.0789508 -0.300613 -136.51 0.133047 0.977455 0.163955 9.47963 0.280892 -0.19583 0.939548 -15.6776
0.54847 -0.129499 -0.826082 -136.626 0.250297 0.968062 0.0144266 9.49411 0.79783 -0.214679 0.563366 -15.5075
