0.999993 -0.00357976 0.00131833 5.71795e-05 0.00358842 0.999972 -0.00662819 -0.000145138 -0.00129457 0.00663287 0.999977 1.34901e-05
0.902042 -0.0131871 -0.431448 4.83397 0.00126451 0.99961 -0.0279091 0.235263 0.431647 0.0246296 0.901706 0.265453
0.847944 -0.0372422 -0.528776 5.5919 0.0172267 0.998938 -0.0427315 0.240191 0.529806 0.0271249 0.847685 0.666185
0.921404 -0.0737966 -0.381535 6.38253 0.0273107 0.991673 -0.125855 0.23807 0.387645 0.105543 0.915747 1.41342
0.956687 -0.0949817 -0.275186 7.43353 0.0802179 0.994692 -0.0644438 0.277557 0.279847 0.0395777 0.959229 1.81155
0.848175 -0.0572789 -0.52661 8.45803 0.0352827 0.998038 -0.0517281 0.265534 0.52854 0.0252942 0.848531 2.26085
0.556674 -0.0682584 -0.827922 9.18606 0.0848581 0.996078 -0.0250656 0.30553 0.826385 -0.0563025 0.560283 3.09433
0.163443 -0.0675756 -0.984236 9.29695 0.25152 0.967538 -0.0246615 0.413202 0.953952 -0.243524 0.175134 3.34198
-0.238112 0.0231822 -0.970961 9.55329 0.291224 0.955419 -0.0486066 0.462914 0.926548 -0.294341 -0.234248 3.8172
-0.553359 0.00561457 -0.832924 9.60699 0.210489 0.968464 -0.133311 0.486015 0.805909 -0.24909 -0.53709 4.12998
-0.545429 -0.00584746 -0.838137 9.65631 0.0609554 0.997051 -0.0466238 0.407204 0.835938 -0.0765189 -0.543464 4.81897
-0.602696 0.0784383 -0.794106 10.0337 0.0314133 0.996718 0.0746099 0.294304 0.797352 0.0200215 -0.603182 4.7749
-0.866585 0.107651 -0.48728 10.1605 0.0537385 0.990908 0.123343 0.253463 0.496128 0.0807019 -0.864491 4.53993
-0.992353 0.0175819 -0.122177 10.0811 0.00957951 0.997788 0.0657802 0.235672 0.123063 0.0641067 -0.990326 4.21754
-0.97639 -0.00799203 0.215868 9.6583 -0.00334698 0.999755 0.021875 0.292948 -0.21599 0.020636 -0.976178 3.64115
-0.820159 -0.00861831 0.57207 9.32628 0.050304 0.994928 0.0871079 0.270184 -0.56992 0.10022 -0.815566 3.156
-0.588324 -0.0175452 0.808435 8.75548 0.0086128 0.999572 0.0279612 0.301423 -0.808579 0.0234131 -0.587921 2.35665
-0.57444 -0.0493476 0.817058 8.1359 -0.0590784 0.998077 0.018745 0.334508 -0.816412 -0.0375026 -0.576251 1.59707
-0.834109 -0.0181101 0.551302 7.57365 -0.0150555 0.999836 0.0100656 0.336888 -0.551394 9.5663e-05 -0.834245 0.709728
-0.958194 -0.0493019 0.28184 6.95632 -0.0351903 0.997871 0.0549169 0.301777 -0.283947 0.042703 -0.957889 -0.147637
-0.814128 -0.00799481 0.58063 6.24922 -0.00437116 0.999961 0.00763967 0.268443 -0.580668 0.00368165 -0.814132 -0.78399
-0.904534 -0.0268543 0.425556 5.18841 -0.00465269 0.998577 0.0531248 0.259984 -0.426377 0.0460732 -0.903371 -1.18761
-0.995437 -0.0108835 0.0948029 4.49875 -0.00561099 0.998431 0.0557055 0.265528 -0.0952604 0.0549194 -0.993936 -1.66985
-0.921713 -0.0923705 -0.376712 4.57326 -0.119622 0.991582 0.0495453 0.264414 0.368965 0.0907297 -0.925004 -1.77884
-0.749486 -0.123782 -0.650345 4.73117 -0.191167 0.980983 0.0335949 0.270971 0.633819 0.149503 -0.758896 -1.80275
-0.470956 -0.0361944 -0.881414 4.94067 -0.202742 0.976853 0.0682151 0.253837 0.858543 0.210825 -0.467393 -1.80824
-0.100394 -0.0607541 -0.993091 5.16957 -0.0783857 0.995514 -0.0529781 0.283074 0.991855 0.0725255 -0.104706 -1.64465
0.246198 -0.113589 -0.96254 5.1727 0.026813 0.993527 -0.110387 0.348686 0.968849 0.0013685 0.24765 -1.13622
0.337846 -0.15423 -0.928479 5.23246 0.0493824 0.988029 -0.146153 0.369262 0.939905 0.00352681 0.341418 -0.771618
0.622882 -0.111085 0.774389 2.34452 -0.087616 0.973734 0.210155 0.153225 -0.777394 -0.19875 0.596789 -0.416717
0.581703 -0.209919 0.785847 2.47747 0.0593001 0.974498 0.216417 0.121797 -0.811236 -0.07929 0.579317 -0.510425
0.464919 -0.241826 0.851687 2.63625 0.0630442 0.968575 0.2406 0.117651 -0.883106 -0.0581658 0.465555 -0.556238
0.61871 -0.357757 0.699434 2.97058 0.0289106 0.900062 0.434803 0.232609 -0.785088 -0.248796 0.56722 -0.890209
0.664938 -0.41675 0.619819 3.36476 0.0294016 0.84382 0.535821 0.286913 -0.746319 -0.338064 0.573341 -0.972564
0.797627 -0.445364 0.406745 3.65626 0.207922 0.836062 0.507709 0.248474 -0.56618 -0.320391 0.759467 -0.970329
0.864349 -0.175718 0.471195 3.99205 0.0801638 0.973131 0.215848 0.159514 -0.496463 -0.148796 0.85521 -0.635177
0.974368 -0.169741 0.147634 4.19792 0.138936 0.970199 0.198519 0.180348 -0.176931 -0.172919 0.968914 -0.258503
0.976647 -0.117564 -0.179833 4.36531 0.134162 0.987472 0.0830614 0.13925 0.167815 -0.105248 0.980184 0.0617761
0.862202 -0.0713819 -0.501511 4.33033 0.144702 0.983476 0.108791 0.151873 0.485458 -0.16637 0.858284 0.387236
0.699625 -0.312209 -0.642691 4.33693 0.452382 0.889789 0.0602117 0.261798 0.553061 -0.332867 0.763756 0.588824
0.71786 -0.475647 -0.508368 4.27138 0.649079 0.721313 0.24167 0.328561 0.251743 -0.503456 0.826534 0.700231
0.817098 -0.264663 -0.512157 4.13686 0.389793 0.908176 0.152568 0.219944 0.424749 -0.324298 0.845233 1.11689
0.793344 0.0135304 -0.608624 4.09634 0.10146 0.982832 0.154102 0.0941385 0.60026 -0.184007 0.778351 1.40763
0.571558 -0.0320112 -0.819937 3.91271 0.126127 0.990791 0.0492386 0.115576 0.81081 -0.131559 0.570332 1.57142
0.288533 0.00301993 -0.957465 3.91752 0.0766093 0.996716 0.02623 0.0926559 0.9544 -0.080919 0.287354 1.74799
-0.0365043 -0.0622775 -0.997391 4.10477 0.193488 0.97873 -0.0681939 0.175501 0.980423 -0.195473 -0.0236779 1.58444
-0.372286 -0.130089 -0.918956 4.20768 0.120179 0.975036 -0.186714 0.18554 0.920304 -0.179951 -0.347358 1.62763
-0.647282 -0.28627 -0.706452 4.57966 0.0421556 0.911936 -0.408162 0.26642 0.761084 -0.293977 -0.578212 1.62631
-0.855234 -0.273187 -0.44039 4.67642 -0.0806523 0.909584 -0.407617 0.238829 0.511928 -0.313089 -0.799941 1.54295
-0.943983 -0.272514 -0.186097 4.5892 -0.187015 0.906427 -0.378701 0.253969 0.271885 -0.322685 -0.906616 1.56121
-0.988842 -0.114539 0.0952477 4.42156 -0.131181 0.972505 -0.19242 0.167344 -0.0705893 -0.202768 -0.976679 1.40356
-0.855381 -0.108009 0.506613 4.34554 -0.186059 0.976816 -0.105892 0.156913 -0.48343 -0.184838 -0.855646 1.14488
-0.588949 -0.167438 0.790635 4.27053 -0.272278 0.962218 0.000954017 0.196052 -0.760923 -0.214711 -0.612288 1.077
-0.292491 -0.15873 0.943002 4.30678 -0.306012 0.949809 0.0649597 0.181207 -0.905983 -0.26957 -0.326384 0.942463
0.0566223 -0.186912 0.980744 4.37852 -0.308973 0.930816 0.195235 0.214685 -0.949384 -0.314078 -0.00504584 0.648986
0.141076 -0.0877102 0.986106 4.52764 -0.223672 0.967489 0.118054 0.166622 -0.964401 -0.237218 0.116871 0.253938
-0.254303 -0.0297629 0.966667 4.69961 -0.146202 0.989222 -0.00800426 0.112107 -0.95601 -0.143364 -0.255914 -0.218519
-0.594598 0.0561522 0.80206 4.70001 -0.0532992 0.992611 -0.109006 0.107214 -0.802254 -0.107564 -0.587212 -0.461356
-0.901155 -0.0582877 0.42956 4.72263 -0.155103 0.968674 -0.193943 0.176016 -0.404799 -0.241399 -0.881966 -0.566488
-0.975515 -0.189156 0.11221 4.51272 -0.211879 0.945087 -0.248834 0.202582 -0.0589801 -0.266516 -0.962024 -0.65046
-0.957135 -0.108339 -0.268616 4.24671 -0.0272446 0.956974 -0.288892 0.201206 0.288356 -0.269191 -0.918905 -0.880951
-0.747525 -0.0432921 -0.662821 3.75234 0.0816161 0.984326 -0.156337 0.163002 0.6592 -0.170963 -0.732275 -0.916221
-0.488449 -0.145854 -0.860317 3.39926 0.145039 0.958646 -0.244871 0.214277 0.860454 -0.244386 -0.447095 -1.00746
-0.396922 -0.24562 -0.884378 2.81947 0.179035 0.924303 -0.337062 0.227417 0.900222 -0.292121 -0.322901 -0.89873
-0.343447 -0.236613 -0.908878 2.31546 0.202836 0.926216 -0.317774 0.21831 0.917007 -0.293492 -0.270112 -0.747074
-0.494433 -0.258467 -0.829898 1.7746 0.205575 0.892908 -0.400567 0.26055 0.844556 -0.36866 -0.388349 -0.703091
-0.598339 -0.254303 -0.759816 1.08603 0.0282303 0.941017 -0.337179 0.249036 0.800746 -0.223197 -0.555868 -0.856502
-0.508773 -0.12893 -0.851191 0.461099 0.104088 0.972256 -0.209484 0.159339 0.854585 -0.195179 -0.481238 -1.20964
-0.186054 -0.0966392 -0.977775 -0.0842364 0.126023 0.984584 -0.121292 0.136271 0.974424 -0.145789 -0.171007 -1.27037
0.166493 -0.0903402 -0.981895 -0.283029 0.191864 0.979729 -0.0576079 0.138936 0.967196 -0.178799 0.180451 -1.23253
0.624741 -0.147159 -0.766839 -0.474782 0.240406 0.970625 0.009591 0.176177 0.742902 -0.190344 0.641768 -0.941317
0.866749 -0.146595 -0.476714 -0.523271 0.216554 0.971643 0.094942 0.188466 0.449278 -0.185525 0.873916 -0.879013
0.949776 -0.258965 -0.17568 -0.496 0.291906 0.935484 0.19915 0.170967 0.112772 -0.24043 0.964093 -0.766731
0.903689 -0.422632 0.0687643 -0.42524 0.364965 0.844244 0.392496 0.230669 -0.223935 -0.329598 0.917179 -0.576498
0.80211 -0.578524 0.14809 -0.557747 0.361989 0.668255 0.649922 0.302045 -0.474957 -0.467702 0.745433 -0.374204
0.73383 -0.67445 0.0813053 -0.329891 0.305565 0.434599 0.847204 0.379789 -0.606732 -0.596859 0.52501 -0.0499341
0.730422 -0.675014 -0.10411 -0.0630481 0.472638 0.389513 0.790502 0.391792 -0.493048 -0.626606 0.603547 0.329765
0.741964 -0.629237 -0.23141 0.248028 0.622843 0.519196 0.585236 0.373073 -0.248105 -0.578357 0.777141 0.762505
0.777983 -0.499202 -0.381496 0.25565 0.622909 0.692121 0.364627 0.323802 0.0820187 -0.521311 0.849416 1.15241
0.67606 -0.388158 -0.626319 0.304219 0.450175 0.890501 -0.0659566 0.193332 0.58334 -0.237363 0.776771 1.35368
0.582101 -0.288796 -0.760102 0.282137 0.122208 0.955256 -0.269354 0.131423 0.803881 0.0639005 0.591348 1.53085
0.359326 -0.202102 -0.911065 -0.013628 0.110924 0.978597 -0.173334 0.100575 0.926596 -0.0387754 0.374053 1.86433
0.416084 -0.0878694 -0.905071 -0.130873 0.20115 0.979557 -0.00262739 0.0802232 0.886799 -0.180961 0.425253 2.4186
0.476891 -0.137772 -0.868098 -0.442432 0.277807 0.960637 0.000155023 0.0947762 0.833905 -0.241238 0.496393 2.80397
0.673144 -0.0698458 -0.736205 -0.650824 0.199273 0.975837 0.089624 0.104673 0.712156 -0.207036 0.670798 3.329
0.7071 -0.138348 -0.693448 -0.817231 0.187422 0.982268 -0.00485815 0.107253 0.681823 -0.126532 0.720491 3.95244
0.891333 -0.125727 -0.435566 -0.829242 0.211401 0.96519 0.154004 0.145036 0.401041 -0.229349 0.886885 4.40164
0.820695 -0.244494 -0.516414 -0.809776 0.337485 0.936742 0.0928405 0.202024 0.461047 -0.250475 0.851292 4.86801
0.660007 -0.124673 -0.740843 -1.20524 0.200466 0.979604 0.0137388 0.129024 0.72402 -0.157581 0.671538 5.40811
0.694582 -0.164161 -0.700434 -1.4048 0.31097 0.946471 0.0865479 0.186202 0.648732 -0.277929 0.70845 5.97116
0.682031 -0.220581 -0.697265 -1.57251 0.356524 0.932744 0.0536596 0.208513 0.638533 -0.285189 0.714802 6.48279
0.547847 -0.120483 -0.827857 -1.87244 0.319986 0.944505 0.0742965 0.175573 0.772963 -0.305606 0.555997 6.80678
0.236178 -0.0714838 -0.969077 -2.01831 0.185181 0.982324 -0.0273298 0.114869 0.953902 -0.173 0.24524 6.96724
-0.142349 -0.107889 -0.983919 -2.1077 0.162349 0.978035 -0.130732 0.136579 0.976411 -0.178348 -0.121707 7.13097
-0.400202 -0.131047 -0.907009 -2.32061 0.167414 0.962614 -0.21295 0.154694 0.901006 -0.237068 -0.3633 7.38125
-0.196308 -0.142407 -0.970146 -2.47492 0.11105 0.979803 -0.166296 0.148456 0.974234 -0.14038 -0.176529 7.91834
0.193196 -0.141014 -0.970974 -2.5092 0.170198 0.979432 -0.108378 0.139005 0.966286 -0.14432 0.213222 8.16362
0.513937 -0.0841771 -0.853688 -2.61551 0.246344 0.967739 0.0528814 0.137222 0.821695 -0.237479 0.518094 8.39234
0.705736 -0.00665369 -0.708444 -2.76149 0.121358 0.986312 0.111631 0.114584 0.698004 -0.164757 0.696883 8.91134
0.85923 -0.169464 -0.482706 -2.89451 0.318272 0.915786 0.245029 0.121675 0.400532 -0.364168 0.840806 9.08189
0.951312 -0.153716 -0.267163 -3.02566 0.218503 0.947663 0.232791 0.107444 0.217397 -0.279833 0.935111 9.54265
0.955707 -0.0929908 -0.279245 -3.28802 0.173236 0.944747 0.278285 0.0957662 0.237938 -0.314334 0.91901 9.73332
0.886659 -0.165903 -0.431639 -3.43954 0.277146 0.937859 0.208832 0.118046 0.370171 -0.304789 0.87754 10.1472
0.858828 -0.00490195 -0.512241 -3.7098 0.144226 0.961818 0.232606 0.0628952 0.491542 -0.273647 0.826743 10.699
0.640432 -0.0922997 -0.762449 -3.78492 0.220143 0.973157 0.0671052 0.0890907 0.735788 -0.210824 0.64356 11.0493
0.573831 -0.257174 -0.777547 -3.88652 0.502051 0.860563 0.0858836 0.147332 0.647041 -0.439651 0.622932 11.4058
0.174162 -0.452116 -0.874791 -3.93987 0.690367 0.689539 -0.218928 0.252215 0.702183 -0.565798 0.432217 11.4951
-0.157033 -0.47371 -0.866568 -3.96786 0.551872 0.685582 -0.47478 0.278086 0.819011 -0.55279 0.153768 11.6837
0.116923 -0.242521 -0.963075 -4.34252 0.421346 0.890241 -0.173026 0.118247 0.899331 -0.385557 0.206275 12.0553
0.27575 -0.106422 -0.95532 -4.52052 0.112883 0.99056 -0.0777639 -0.00393857 0.954578 -0.0863964 0.28516 12.4328
0.386695 -0.0324859 -0.921635 -4.62967 0.00749923 0.999457 -0.0320825 -0.0231614 0.922177 0.00549457 0.386728 12.6712
0.631425 -0.164977 -0.757684 -4.80529 0.215095 0.976026 -0.033266 0.0643818 0.745008 -0.141969 0.651773 12.9681
0.668369 -0.186678 -0.720023 -4.92453 0.265032 0.964231 -0.00397368 0.0853812 0.695011 -0.188174 0.693939 13.4896
0.677173 -0.160855 -0.718027 -5.13681 0.228154 0.973621 -0.00294224 0.102823 0.699559 -0.161828 0.696009 13.9872
0.817488 -0.200027 -0.540095 -5.21335 0.26936 0.961659 0.0515479 0.118459 0.509077 -0.18762 0.840024 14.3326
0.881833 -0.335913 -0.330958 -5.32701 0.390052 0.914005 0.111597 0.182768 0.265011 -0.227501 0.937023 14.8607
0.922044 -0.279445 -0.267854 -5.55312 0.315127 0.943746 0.100189 0.174778 0.224789 -0.176786 0.958236 15.3959
0.921523 -0.248225 -0.29863 -5.81204 0.298664 0.944545 0.136511 0.174967 0.248184 -0.214988 0.944555 16.064
0.917095 -0.36351 -0.163698 -5.92395 0.392226 0.896223 0.207227 0.231569 0.0713808 -0.254253 0.9645 16.5199
0.935243 -0.127102 -0.330403 -6.22866 0.171331 0.979247 0.108267 0.16044 0.309785 -0.157865 0.93761 16.9948
0.926454 -0.162885 -0.339339 -6.3334 0.18148 0.983112 0.023571 0.159636 0.329769 -0.0834205 0.940369 17.5734
0.891095 0.0735747 -0.447814 -6.53778 -0.0688358 0.997266 0.0268736 0.0472063 0.448567 0.00687871 0.893723 18.0115
0.652214 0.18259 -0.735716 -6.68708 -0.201398 0.977414 0.0640346 -0.0334558 0.730791 0.106407 0.674256 18.1774
0.157144 0.0420956 -0.986678 -6.8658 -0.0301145 0.998831 0.0378179 0.0488948 0.987116 0.0237704 0.158228 18.2168
-0.239558 -0.0899258 -0.966708 -7.05711 0.0343647 0.994292 -0.101008 0.142339 0.970274 -0.0574178 -0.235101 18.2069
-0.321841 -0.299594 -0.898143 -7.25177 0.18069 0.911745 -0.368879 0.245364 0.929392 -0.281006 -0.239304 18.3709
-0.324259 -0.360385 -0.874631 -7.36156 0.18379 0.882968 -0.431959 0.269404 0.927942 -0.300815 -0.220075 18.8331
-0.118911 -0.249557 -0.961031 -7.66833 0.161378 0.950171 -0.266705 0.194089 0.979703 -0.186804 -0.0727132 19.3974
0.155646 -0.0937476 -0.983354 -7.79763 0.222091 0.973321 -0.0576385 0.15131 0.962523 -0.209423 0.172314 20.0652
-0.0013271 -0.0509723 -0.998699 -7.90144 0.204806 0.977516 -0.0501633 0.127274 0.978802 -0.204607 0.0091422 20.575
0.0249912 -0.0356644 -0.999051 -8.00646 0.210015 0.977249 -0.0296326 0.0878987 0.977379 -0.209075 0.0319126 20.8483
0.324987 -0.0819041 -0.942165 -8.2081 0.246159 0.969229 0.000652277 0.0889467 0.913121 -0.232134 0.335148 21.3367
-0.0331329 -0.115227 -0.992786 -8.42321 0.250939 0.960554 -0.11986 0.116477 0.967436 -0.2531 -0.00291101 21.6298
-0.415532 -0.12689 -0.900684 -8.78098 0.192606 0.955491 -0.223471 0.0911752 0.888952 -0.266337 -0.372598 21.9118
-0.662997 -0.206076 -0.7197 -8.89132 0.0170931 0.956948 -0.289755 0.14754 0.748427 -0.204408 -0.630931 22.1862
-0.422529 -0.152661 -0.8934 -9.34733 0.142967 0.962146 -0.232024 0.10653 0.895002 -0.225764 -0.38471 22.6477
-0.0526853 -0.171404 -0.983791 -9.42569 0.244723 0.952903 -0.179128 0.139754 0.96816 -0.250194 -0.00825746 23.0782
0.382594 -0.108696 -0.9175 -9.50509 0.320766 0.946913 0.0215775 0.112753 0.866447 -0.302559 0.397149 23.4792
0.54018 -0.269097 -0.797366 -9.50855 0.427852 0.903722 -0.0151392 0.154498 0.724671 -0.332976 0.603306 23.9231
0.389162 -0.31233 -0.866604 -9.63914 0.589912 0.80705 -0.025957 0.191004 0.7075 -0.501119 0.49832 24.4882
0.278383 -0.239053 -0.930245 -9.78676 0.369314 0.920712 -0.126083 0.152974 0.886628 -0.308454 0.344597 25.0925
0.429589 -0.166979 -0.887452 -10.0245 0.382979 0.923684 0.0115922 0.122662 0.81779 -0.344856 0.460754 25.661
0.327883 -0.12401 -0.936544 -10.3847 0.378082 0.92572 0.00978964 0.124505 0.865764 -0.3573 0.350414 26.2602
0.0805985 -0.189686 -0.978531 -10.6507 0.305995 0.939028 -0.156825 0.135917 0.948615 -0.286786 0.133727 26.5423
0.155663 -0.0167454 -0.987668 -10.9643 0.212419 0.977032 0.0169136 0.100545 0.964701 -0.212432 0.155645 26.997
-0.121436 -0.036539 -0.991927 -11.0607 0.114142 0.992179 -0.0505221 0.0973387 0.986015 -0.119355 -0.116316 27.3069
-0.386686 -0.00830971 -0.922174 -11.4082 0.078366 0.996046 -0.0418358 0.0907029 0.918876 -0.0884444 -0.384506 27.3567
-0.70402 0.0198676 -0.709902 -11.6595 0.012393 0.9998 0.0156905 0.0683526 0.710072 0.00224863 -0.704126 27.4088
-0.602889 -0.151266 -0.783354 -11.9732 0.0441619 0.974029 -0.222074 0.139223 0.796602 -0.168481 -0.580551 27.3409
-0.746372 -0.183739 -0.639663 -12.2607 -0.0809476 0.979062 -0.186777 0.159399 0.660588 -0.0876262 -0.745618 27.3145
-0.550317 -0.197695 -0.811214 -12.2992 0.0953111 0.95034 -0.296258 0.197397 0.829498 -0.240354 -0.504146 27.2042
-0.831036 -0.17065 -0.529393 -12.505 -0.0376031 0.966832 -0.252629 0.169279 0.554945 -0.190037 -0.80989 26.9656
-0.954909 -0.234752 -0.181769 -12.4743 -0.190174 0.953769 -0.232718 0.209932 0.227997 -0.187657 -0.955407 26.7847
-0.95487 -0.252816 0.155907 -12.4137 -0.28167 0.937314 -0.205192 0.209931 -0.0942577 -0.239846 -0.966224 26.5862
-0.935227 -0.224486 0.273783 -12.5258 -0.258911 0.961079 -0.0963939 0.215258 -0.241488 -0.161035 -0.956949 26.5062
-0.982089 -0.134782 0.131662 -12.4213 -0.15936 0.967002 -0.198775 0.204807 -0.100526 -0.216197 -0.971161 26.5075
-0.910028 -0.151009 0.386065 -12.4609 -0.172689 0.984733 -0.0218847 0.150244 -0.376866 -0.0865849 -0.922212 26.4757
-0.949272 -0.255309 0.183577 -12.6308 -0.294016 0.927664 -0.230203 0.20813 -0.111525 -0.2725 -0.955671 26.3428
-0.940326 -0.340148 -0.00925548 -12.6283 -0.313878 0.877565 -0.362436 0.270079 0.131404 -0.337903 -0.931963 26.1824
-0.914926 -0.308205 -0.260615 -12.9481 -0.173362 0.883173 -0.435834 0.263687 0.364494 -0.353575 -0.861469 26.0986
-0.862592 -0.119754 -0.491522 -12.9711 0.0262733 0.959664 -0.27992 0.195605 0.505217 -0.254371 -0.824652 26.1146
-0.606396 -0.137758 -0.783139 -13.2005 0.0438691 0.977583 -0.20593 0.151237 0.793952 -0.15923 -0.586759 26.2847
-0.175347 -0.0430622 -0.983565 -13.2349 0.113191 0.991536 -0.0635905 0.123664 0.977978 -0.122481 -0.168988 26.3752
0.187552 -0.024534 -0.981948 -13.2032 0.107763 0.994167 -0.00425643 0.125558 0.976325 -0.10502 0.189102 26.2821
0.0333292 -0.259935 -0.965051 -13.3194 0.271443 0.931647 -0.241563 0.192716 0.961877 -0.253905 0.101609 26.3918
0.433184 -0.258847 -0.863337 -13.3013 0.395373 0.915366 -0.0760659 0.219676 0.809958 -0.30839 0.498862 26.4217
0.492835 -0.378521 -0.783476 -13.5272 0.416938 0.89305 -0.169189 0.277993 0.763725 -0.243279 0.597946 26.346
0.280271 -0.238834 -0.929735 -13.8184 0.318252 0.936892 -0.144734 0.220743 0.905629 -0.255325 0.338593 26.4467
0.279462 -0.103806 -0.954529 -14.034 0.151956 0.986391 -0.0627819 0.125009 0.948056 -0.127501 0.291433 26.2871
0.288318 -0.101757 -0.952112 -14.0575 0.0443849 0.994689 -0.0928666 0.090675 0.956505 -0.0154843 0.291303 26.3541
0.591975 -0.0708376 -0.802837 -14.1196 0.0986759 0.995006 -0.0150344 0.108198 0.799893 -0.0703207 0.596008 26.4334
0.74753 -0.235975 -0.620898 -14.2782 0.390799 0.912106 0.123853 0.2395 0.537098 -0.33523 0.774045 26.4149
0.812495 -0.365022 -0.454545 -14.242 0.528773 0.789743 0.310975 0.361786 0.245461 -0.493016 0.834676 26.6721
0.911915 -0.332368 -0.240712 -14.5243 0.406961 0.807965 0.426116 0.329933 0.0528597 -0.486542 0.872056 26.7737
0.986826 -0.161564 -0.00844053 -14.4534 0.158397 0.954227 0.253695 0.136604 -0.0329338 -0.25169 0.967247 26.9461
0.963364 -0.0213368 0.267347 -14.5467 0.00333603 0.997707 0.0676051 0.0482838 -0.268176 -0.0642365 0.961226 26.8677
0.7653 0.0635405 0.64053 -14.5952 -0.0481755 0.997979 -0.0414398 0.00551767 -0.641869 0.000856011 0.766814 26.6294
0.449111 0.0201754 0.893248 -14.5477 -0.0921499 0.99546 0.0238475 0.0729185 -0.888711 -0.0930228 0.448931 26.3332
0.25843 -0.0992312 0.96092 -14.5777 -0.223218 0.961657 0.15934 0.18087 -0.939887 -0.255673 0.226371 26.37
-0.102706 -0.053206 0.993288 -14.7867 -0.206742 0.977904 0.0310048 0.147983 -0.97299 -0.20217 -0.111437 26.4562
0.131083 -0.0807654 0.988076 -15.0715 -0.18212 0.977752 0.104083 0.16176 -0.9745 -0.193592 0.113458 26.6745
-0.0583942 -0.0839625 0.994756 -15.1751 -0.15378 0.98532 0.0741388 0.122241 -0.986378 -0.148644 -0.0704487 26.7062
0.0104131 -0.146675 0.98913 -15.4459 -0.163745 0.975581 0.146389 0.180231 -0.986448 -0.163489 -0.0138583 26.9784
0.255218 -0.108793 0.960743 -15.5053 -0.127832 0.98113 0.14506 0.150824 -0.958396 -0.159835 0.236495 27.248
0.578499 -0.0568709 0.813698 -15.5177 -0.14338 0.974944 0.170077 0.131154 -0.802983 -0.215058 0.55585 27.5198
0.877418 0.0374124 0.478266 -15.4836 -0.131798 0.977391 0.165338 0.115242 -0.461267 -0.208105 0.862511 27.9763
0.977679 -0.107458 0.180548 -15.3469 0.0647004 0.971537 0.22788 0.177486 -0.199896 -0.211112 0.956804 28.2091
0.983579 -0.0983423 -0.151329 -15.5043 0.130307 0.967106 0.218462 0.223015 0.124867 -0.234593 0.964041 28.5883
0.873289 -0.0568433 -0.483875 -15.6482 0.135054 0.982493 0.128324 0.192586 0.468109 -0.177414 0.865678 28.7753
0.589238 -0.026331 -0.80753 -15.7656 0.109523 0.992847 0.047543 0.156714 0.800502 -0.116457 0.587907 28.8815
0.236249 0.0057311 -0.971676 -15.8937 0.0669435 0.997511 0.0221598 0.135049 0.969384 -0.0702826 0.235277 28.9406
0.0989706 0.0797713 -0.991888 -16.0982 0.069326 0.993807 0.086843 0.100166 0.992673 -0.0773585 0.0928274 29.1181
0.0150198 0.125507 -0.991979 -16.4037 -0.0707226 0.98974 0.124153 0.0547995 0.997383 0.0682906 0.0237419 29.5107
0.319168 0.311548 -0.895025 -16.526 -0.188612 0.946409 0.262174 -0.00625284 0.92874 0.0851346 0.360825 30.0277
0.586792 0.379176 -0.715472 -16.4535 -0.333544 0.918327 0.213127 -0.0679882 0.737851 0.11358 0.665339 30.5786
0.809916 0.281383 -0.514645 -16.5429 -0.200924 0.957427 0.207273 0.0283324 0.551059 -0.0644692 0.831972 30.7958
0.706273 0.0926096 -0.701856 -16.6589 0.0789639 0.974915 0.2081 0.164369 0.703522 -0.202397 0.681243 31.0243
0.486287 0.00728165 -0.873769 -16.8707 0.20922 0.969908 0.124522 0.21449 0.848382 -0.243363 0.470131 30.8436
0.0880144 0.116123 -0.989327 -17.0223 -0.0512914 0.992393 0.11192 0.1106 0.994798 0.0408934 0.093301 30.7273
-0.261382 0.286769 -0.921652 -17.0825 -0.0762167 0.945734 0.315877 -0.0119142 0.962222 0.15281 -0.225342 30.5645
-0.448173 0.364737 -0.816154 -17.0422 -0.0586438 0.899016 0.433971 -0.0894823 0.892021 0.242356 -0.381525 30.7241
-0.405739 0.316253 -0.857531 -17.1727 0.011415 0.93991 0.341232 -0.202833 0.913918 0.128663 -0.384968 31.0292
-0.29944 -0.00908138 -0.954072 -17.2246 0.199127 0.97734 -0.0718 -0.153031 0.933104 -0.211482 -0.290847 31.1902
-0.356759 -0.119531 -0.926518 -17.2922 0.209458 0.956295 -0.204025 -0.23625 0.910412 -0.266855 -0.31613 31.4202
-0.280232 0.14998 -0.948143 -17.5443 0.0579422 0.988561 0.139248 -0.406015 0.958182 -0.0159157 -0.285717 31.518
-0.219557 0.27687 -0.935488 -17.9589 -0.0225907 0.957185 0.288593 -0.648462 0.975338 0.0844961 -0.203902 31.6129
0.125311 0.409865 -0.903497 -18.0374 -0.191628 0.903526 0.3833 -0.682671 0.973435 0.125104 0.191764 31.7582
0.389994 0.515743 -0.762833 -18.0807 -0.393062 0.842404 0.368589 -0.723425 0.832711 0.156093 0.531251 31.7979
0.759886 0.362626 -0.539513 -17.915 -0.375207 0.922412 0.0915206 -0.843621 0.530841 0.132884 0.836988 31.9929
0.900786 0.381893 -0.206741 -17.826 -0.38613 0.922203 0.0210978 -0.850813 0.198715 0.0608246 0.978168 32.0272
0.948434 0.289804 0.128402 -17.9647 -0.298109 0.953189 0.0506175 -0.918652 -0.107722 -0.086285 0.99043 32.0575
0.965517 0.259166 0.0246992 -17.99 -0.258065 0.965277 -0.0405344 -1.11279 -0.0343467 0.0327627 0.998873 32.3423
0.982508 0.18603 -0.0084057 -18.1304 -0.186192 0.982132 -0.0273788 -1.23367 0.00316224 0.028465 0.99959 32.5515
0.913259 0.295949 -0.279949 -18.3421 -0.306394 0.951881 0.0067535 -1.28496 0.268477 0.079607 0.959991 32.7043
0.887312 0.190383 -0.420038 -18.3449 -0.258575 0.959557 -0.111308 -1.44254 0.381859 0.207377 0.900655 32.9755
0.890755 0.277859 -0.359652 -18.517 -0.289853 0.956833 0.0213446 -1.58967 0.350058 0.0852335 0.932842 33.2075
0.906229 0.233418 -0.352512 -18.6998 -0.207689 0.972023 0.109709 -1.60203 0.368258 -0.0262084 0.929354 33.204
0.944041 -0.00990234 -0.329678 -18.8016 0.0994013 0.961618 0.255754 -1.49549 0.314492 -0.274213 0.908791 33.1402
0.92602 0.0771134 -0.369515 -18.7723 0.00216508 0.97781 0.209483 -1.53731 0.377469 -0.194786 0.905304 33.2584
0.870666 0.218406 -0.440726 -18.8569 -0.152874 0.971794 0.179573 -1.80288 0.467515 -0.0889727 0.879496 33.7105
0.690215 0.237796 -0.683415 -19.0256 -0.135446 0.970224 0.200798 -1.91152 0.710815 -0.046028 0.701872 33.8788
0.338516 0.365993 -0.866866 -18.9638 -0.224482 0.926067 0.303326 -1.97472 0.913791 0.0919153 0.395648 33.9896
0.138318 0.401149 -0.90551 -18.993 -0.17832 0.909443 0.375652 -2.15124 0.974202 0.109511 0.197325 34.1774
-0.058922 0.385529 -0.920812 -18.8324 -0.134417 0.910951 0.390001 -2.18479 0.989171 0.146753 -0.00185331 34.4129
-0.0391799 0.334484 -0.941586 -18.8069 -0.0989532 0.936379 0.336752 -2.43517 0.99432 0.106367 -0.00358898 34.8239
0.026869 0.320157 -0.946983 -19.092 -0.105245 0.942967 0.315813 -2.59939 0.994083 0.0911801 0.0590316 35.0914
0.39613 0.261492 -0.880172 -19.1418 -0.0747363 0.964592 0.252937 -2.7091 0.915148 -0.034415 0.401646 35.4051
0.615318 0.0875889 -0.783397 -19.3754 0.0785954 0.982039 0.171531 -2.78483 0.784351 -0.167118 0.597382 35.5891
0.663538 0.0358725 -0.747282 -19.6159 0.0920134 0.987354 0.129099 -2.96171 0.742463 -0.154422 0.651846 35.9183
0.757164 0.1572 -0.634028 -19.6919 -0.0654837 0.983988 0.165767 -3.14098 0.649934 -0.0839943 0.755334 36.3002
0.860438 0.271231 -0.43137 -19.7991 -0.247307 0.962458 0.111868 -3.34425 0.445518 0.0104251 0.895212 36.5003
0.943843 0.243962 -0.222808 -19.7288 -0.248929 0.968503 0.00596272 -3.51046 0.217245 0.0498354 0.974844 36.8022
0.939553 0.32517 0.107257 -19.6833 -0.315605 0.943918 -0.0970157 -3.66299 -0.132789 0.0573005 0.989487 36.9903
0.841521 0.384604 0.37937 -19.5298 -0.318564 0.920443 -0.226501 -3.71166 -0.436302 0.069752 0.897093 37.0587
0.81426 0.393224 0.427031 -19.4473 -0.246025 0.900056 -0.359682 -3.74648 -0.525787 0.187814 0.829623 37.1714
0.860387 0.354094 0.366539 -19.5886 -0.253855 0.921402 -0.294237 -3.84827 -0.441917 0.16011 0.882652 37.6991
0.624621 0.360006 0.692997 -19.4461 -0.0890963 0.914459 -0.394748 -3.84861 -0.775829 0.184825 0.603265 37.8318
0.229544 0.43381 0.871274 -19.4316 0.0738107 0.88484 -0.46001 -3.86666 -0.970496 0.169902 0.17109 37.8437
-0.190028 0.435259 0.880022 -19.5029 0.237432 0.890122 -0.388985 -3.85339 -0.952636 0.135027 -0.272493 37.78
-0.52262 0.291508 0.801182 -19.6157 0.143954 0.956409 -0.254083 -3.78919 -0.840325 -0.0174553 -0.541802 37.8165
-0.510387 0.0243528 0.8596 -19.6377 -0.122918 0.987269 -0.100952 -3.6841 -0.851115 -0.157185 -0.500896 37.8944
-0.639913 -0.220732 0.736063 -19.6645 -0.457676 0.878914 -0.134321 -3.54192 -0.617287 -0.422832 -0.663453 37.9759
-0.82142 -0.291232 0.49036 -19.6988 -0.482971 0.812491 -0.326492 -3.52402 -0.303329 -0.505016 -0.808053 37.9476
-0.852367 -0.424414 0.305522 -19.6932 -0.522782 0.706136 -0.477568 -3.50043 -0.0130537 -0.566784 -0.823763 37.9738
-0.762196 -0.437912 0.47675 -19.5663 -0.63273 0.659579 -0.40572 -3.50943 -0.136784 -0.610892 -0.779808 37.9308
-0.635075 -0.305732 0.709371 -19.4445 -0.552022 0.822005 -0.13993 -3.52785 -0.540325 -0.480454 -0.690806 37.7293
-0.625985 -0.138551 0.767429 -19.1995 -0.363499 0.922485 -0.129958 -3.57732 -0.689936 -0.360311 -0.627825 37.6244
-0.382865 -0.09232 0.91918 -19.288 -0.259016 0.965812 -0.0108842 -3.61958 -0.88675 -0.242249 -0.393688 37.4139
-0.423141 0.0402183 0.905171 -19.0416 -0.182464 0.974765 -0.128607 -3.66943 -0.887502 -0.219579 -0.405124 37.2295
-0.318186 -0.0557357 0.946389 -19.0665 -0.249433 0.96802 -0.0268523 -3.513 -0.914626 -0.244604 -0.321912 36.7762
-0.526637 -0.118223 0.84183 -18.9751 -0.377514 0.919802 -0.106995 -3.46566 -0.761667 -0.37415 -0.529032 36.5874
-0.807544 -0.0230548 0.589357 -18.9816 -0.204401 0.948252 -0.242979 -3.37694 -0.553256 -0.316682 -0.770467 36.4064
-0.841792 0.0666872 0.535668 -19.2007 -0.0256771 0.986269 -0.163135 -3.27329 -0.539192 -0.15108 -0.828521 36.0752
-0.769046 -0.00592717 0.639166 -19.2392 -0.121093 0.9832 -0.136581 -3.12452 -0.627619 -0.182436 -0.756844 35.8081
-0.51465 -0.0781653 0.85383 -19.3448 -0.232868 0.971146 -0.0514568 -2.99447 -0.825172 -0.225312 -0.518002 35.5337
-0.186057 -0.0616612 0.980602 -19.3229 -0.256802 0.966389 0.0120424 -2.91522 -0.948386 -0.24958 -0.195639 35.4552
0.145568 -0.0470559 0.988229 -19.1228 -0.236039 0.968372 0.0808795 -2.83652 -0.960779 -0.245034 0.129857 35.3966
0.178773 -0.0410341 0.983034 -19.1104 -0.229047 0.969943 0.0821418 -2.64677 -0.956858 -0.239846 0.164001 35.0534
-0.029094 -0.0828256 0.996139 -18.9208 -0.3433 0.936771 0.0678627 -2.50143 -0.938775 -0.34 -0.0556884 34.8058
-0.224365 -0.226937 0.947713 -18.8339 -0.413892 0.902626 0.118154 -2.44076 -0.882244 -0.365741 -0.296445 34.6693
-0.461292 -0.228823 0.857234 -18.8087 -0.339489 0.938167 0.0677423 -2.31592 -0.81973 -0.259773 -0.510452 34.3226
-0.629359 -0.383403 0.675951 -18.7682 -0.520135 0.854084 0.000157439 -2.20381 -0.577379 -0.351487 -0.736946 34.2955
-0.653048 -0.304092 0.693583 -18.6967 -0.434772 0.900422 -0.0145847 -2.08377 -0.620082 -0.311075 -0.720229 34.0411
-0.645055 -0.285316 0.708872 -18.4569 -0.451333 0.89083 -0.0521489 -1.90327 -0.616606 -0.353576 -0.703407 33.8597
-0.704609 -0.171746 0.688498 -18.2962 -0.285268 0.956969 -0.0532273 -1.80092 -0.64973 -0.233911 -0.723282 33.4996
-0.837993 -0.212352 0.502667 -18.1796 -0.286112 0.955383 -0.073373 -1.61648 -0.464658 -0.205305 -0.861361 33.2537
-0.736583 -0.308443 0.601921 -18.2443 -0.385352 0.922769 0.00129258 -1.42489 -0.555832 -0.230999 -0.798555 32.879
-0.467379 -0.301942 0.830896 -18.0779 -0.355732 0.924652 0.135914 -1.381 -0.809328 -0.232053 -0.539574 32.7646
-0.161371 -0.273532 0.94823 -17.9394 -0.240543 0.942747 0.231014 -1.26797 -0.95713 -0.190811 -0.217929 32.7811
0.186406 -0.24731 0.950837 -17.854 -0.189197 0.940649 0.281751 -1.19526 -0.964084 -0.232415 0.128552 32.6145
0.155695 -0.196946 0.967973 -17.626 -0.224505 0.947223 0.228835 -1.04105 -0.961955 -0.252943 0.103262 32.4068
0.122303 -0.322187 0.938742 -17.5571 -0.316024 0.883971 0.344562 -0.818228 -0.940835 -0.338806 0.0062933 32.0996
0.0822157 -0.233611 0.968848 -17.2379 -0.314882 0.916253 0.24765 -0.754583 -0.945563 -0.325434 0.00177046 32.0176
-0.240877 -0.3148 0.918085 -17.1966 -0.351524 0.91001 0.219802 -0.579751 -0.90466 -0.269784 -0.32986 31.8515
-0.489418 -0.306361 0.816464 -17.313 -0.382049 0.916952 0.115052 -0.443842 -0.783906 -0.255621 -0.565818 31.4401
-0.651696 -0.25851 0.713067 -17.1529 -0.373974 0.927423 -0.00556622 -0.292776 -0.659876 -0.270296 -0.701074 31.2298
-0.836699 -0.321818 0.443134 -17.2499 -0.390579 0.917834 -0.0709087 -0.266612 -0.383904 -0.232408 -0.893647 31.131
-0.93741 -0.0980089 0.33415 -17.228 -0.162848 0.971565 -0.171879 -0.157456 -0.307802 -0.215537 -0.926715 30.6378
-0.764042 -0.141397 0.629482 -17.0028 -0.246578 0.965615 -0.0823868 0.009548 -0.596188 -0.218163 -0.772635 30.6361
-0.74437 -0.042424 0.666418 -16.4664 -0.19893 0.966756 -0.160656 0.151913 -0.637448 -0.252158 -0.728064 30.4112
-0.473035 -0.131133 0.87123 -16.2022 -0.257799 0.966183 0.00545242 0.189867 -0.842483 -0.222023 -0.490845 30.4188
-0.124653 -0.16599 0.978217 -15.9628 -0.295884 0.947267 0.123034 0.208861 -0.947055 -0.274103 -0.167194 30.4953
0.255248 -0.129495 0.958165 -15.8206 -0.205936 0.96097 0.184733 0.18629 -0.94469 -0.244473 0.218618 30.6006
0.551893 -0.212946 0.806268 -15.6453 -0.0765269 0.949834 0.303247 0.223648 -0.830396 -0.229061 0.507911 30.676
0.688077 -0.172932 0.704731 -15.3996 -0.0672324 0.951817 0.299207 0.210218 -0.722517 -0.253258 0.643296 30.8224
0.774449 -0.132056 0.6187 -15.3636 -0.0750199 0.951901 0.29708 0.171921 -0.628173 -0.276488 0.727292 31.0615
0.896561 -0.216373 0.386473 -15.1604 0.0843061 0.93997 0.330678 0.172292 -0.434823 -0.263891 0.860982 31.1816
0.95049 -0.129838 0.282329 -15.056 0.0252509 0.937796 0.346267 0.133569 -0.309726 -0.321994 0.894645 31.6621
0.979698 -0.138828 -0.144635 -14.9581 0.169236 0.959454 0.225406 0.137709 0.107478 -0.245307 0.963469 32.0452
0.875 -0.166438 -0.454614 -15.1894 0.289239 0.932751 0.215214 0.140132 0.388222 -0.319804 0.864297 32.3235
0.585545 -0.221791 -0.779709 -15.4578 0.381105 0.924238 0.0232983 0.139396 0.715469 -0.310793 0.625708 32.5546
0.324166 -0.173403 -0.929972 -15.5891 0.306368 0.94932 -0.0702176 0.142188 0.895017 -0.262151 0.360863 32.7479
0.107869 -0.0199638 -0.993965 -15.9136 0.248016 0.968727 0.0074587 0.0874342 0.962732 -0.247323 0.109447 32.8874
-0.196188 -0.14451 -0.969859 -16.038 0.176267 0.967772 -0.179855 0.134269 0.964593 -0.20624 -0.164393 33.1991
0.0278572 -0.0320917 -0.999097 -16.3822 0.217407 0.975754 -0.0252801 0.101019 0.975683 -0.216507 0.0341588 33.4097
0.086214 -0.0334614 -0.995715 -16.6023 0.140485 0.989858 -0.0211007 0.109914 0.986322 -0.138063 0.0900404 33.8143
0.335327 0.111049 -0.935534 -16.9099 0.212023 0.958658 0.18979 0.0637303 0.917933 -0.261997 0.297919 34.09
0.470516 -0.10089 -0.876605 -16.8951 0.278682 0.959585 0.039142 0.130777 0.837228 -0.262711 0.479617 34.4713
0.731724 -0.13509 -0.66808 -16.948 0.323514 0.931554 0.165967 0.127624 0.599933 -0.337576 0.725344 34.7879
0.802791 -0.244843 -0.543672 -16.9712 0.353168 0.929905 0.102707 0.156748 0.480416 -0.27446 0.83299 35.2736
0.89963 -0.223875 -0.374894 -17.0632 0.320242 0.921927 0.217935 0.173941 0.296834 -0.316118 0.901088 35.8166
0.820552 -0.233196 -0.521837 -17.1672 0.321527 0.943158 0.0841039 0.165142 0.472562 -0.236796 0.848889 36.2787
0.639273 -0.233327 -0.732727 -17.4765 0.354441 0.935008 0.0114932 0.144601 0.682424 -0.267056 0.680426 36.7423
0.44831 -0.213316 -0.868052 -17.695 0.384155 0.922832 -0.0283788 0.160919 0.80712 -0.320744 0.495662 37.2686
0.126482 -0.2211 -0.967014 -18.0511 0.24829 0.950869 -0.184933 0.165728 0.960393 -0.216709 0.175165 37.6827
-0.159154 -0.097559 -0.982422 -18.2723 0.196199 0.972132 -0.128322 0.11516 0.967562 -0.213173 -0.135578 37.7626
-0.420334 -0.0637575 -0.905127 -18.686 0.0827339 0.99068 -0.108205 0.0928792 0.90359 -0.120367 -0.411142 37.882
-0.757511 -0.112898 -0.642986 -18.7963 -0.0474865 0.991853 -0.118209 0.114749 0.651092 -0.0590112 -0.756701 37.8356
-0.920226 -0.0831394 -0.382456 -19.0074 0.0301889 0.959189 -0.281149 0.0841476 0.390222 -0.270266 -0.880161 37.5826
-0.984556 -0.168841 -0.0462845 -19.1811 -0.158065 0.970956 -0.179613 0.0892914 0.0752662 -0.169523 -0.982648 37.406
-0.924566 -0.260005 0.278523 -19.2406 -0.299971 0.94743 -0.111326 0.125815 -0.234936 -0.186477 -0.953956 37.3101
-0.80192 -0.246078 0.544399 -19.1532 -0.310327 0.950229 -0.0276016 0.141887 -0.510512 -0.191076 -0.838372 36.8622
-0.579497 -0.360988 0.730664 -19.1618 -0.368869 0.915638 0.159822 0.348512 -0.726718 -0.176903 -0.663767 36.3895
-0.408113 -0.428739 0.805994 -19.0913 -0.520404 0.834632 0.180468 0.557242 -0.750082 -0.345791 -0.563742 36.1785
-0.190385 -0.373939 0.907702 -19.1391 -0.375987 0.881888 0.284443 0.728156 -0.906856 -0.287131 -0.308494 35.8219
-0.0340454 -0.309567 0.950268 -18.978 -0.369854 0.887218 0.275777 0.880359 -0.928466 -0.342071 -0.1447 35.5802
0.297766 -0.193962 0.934727 -19.0775 -0.24704 0.930133 0.271706 0.97318 -0.922121 -0.31182 0.229045 35.4234
0.411228 0.0995627 0.906079 -19.276 -0.151937 0.987598 -0.0395628 0.84576 -0.898781 -0.121398 0.421255 35.4107
0.0623737 0.24254 0.968134 -19.3263 -0.0539913 0.969423 -0.239384 0.765385 -0.996591 -0.0373396 0.0735615 35.1885
-0.356149 0.142707 0.923468 -19.2556 0.013266 0.988942 -0.147709 0.929356 -0.934335 -0.0403557 -0.354103 34.7429
-0.637996 0.110386 0.762087 -19.2534 -0.0354315 0.984415 -0.172252 1.10686 -0.769224 -0.136898 -0.624142 34.4114
-0.593704 -0.0566039 0.80269 -19.2584 -0.194252 0.978103 -0.0747038 1.33804 -0.780885 -0.200276 -0.5917 34.1428
-0.569492 -0.135208 0.810801 -19.0118 -0.274446 0.961053 -0.0325025 1.52824 -0.774828 -0.241031 -0.584419 34.0065
-0.336421 -0.257729 0.905758 -18.7166 -0.447072 0.890232 0.0872576 1.67209 -0.828823 -0.375584 -0.414716 34.142
-0.173507 -0.321663 0.930821 -18.6744 -0.394069 0.888869 0.233711 1.67859 -0.902555 -0.326257 -0.280983 34.074
-0.325533 -0.245549 0.91309 -18.5577 -0.287879 0.945583 0.151652 1.8525 -0.900641 -0.213492 -0.378507 33.778
-0.610394 -0.112725 0.784036 -18.6093 -0.170872 0.985255 0.00862644 1.84556 -0.773448 -0.128704 -0.620656 33.4116
-0.581903 -0.0979701 0.807336 -18.3386 -0.150494 0.988544 0.0114881 2.06322 -0.799212 -0.114814 -0.589981 33.1533
-0.14032 -0.105156 0.984506 -18.0673 -0.118313 0.989 0.0887732 2.12517 -0.983012 -0.104023 -0.151218 33.2037
0.207778 -0.0543988 0.976662 -17.8669 -0.0578179 0.996024 0.0677776 2.22454 -0.976466 -0.0705513 0.203807 33.1457
0.192117 -0.0312684 0.980874 -17.5651 -0.134752 0.989185 0.0579264 2.36416 -0.972077 -0.143304 0.185826 33.0141
-0.15598 -0.14567 0.97696 -17.4653 -0.114587 0.985056 0.128583 2.48959 -0.981091 -0.0918908 -0.170341 32.616
-0.368727 -0.0430773 0.928539 -17.3248 -0.13826 0.990355 -0.00895846 2.62026 -0.919198 -0.131683 -0.371127 32.3249
-0.7197 -0.0487805 0.692569 -17.4514 -0.0991428 0.994527 -0.032978 2.7222 -0.687169 -0.0923975 -0.720598 32.0937
-0.862421 -0.0975471 0.496703 -17.6757 -0.0642451 0.994414 0.0837438 2.86572 -0.502097 0.0403117 -0.863871 31.9023
-0.936773 -0.098011 0.335933 -17.6527 -0.065114 0.992032 0.107858 2.90094 -0.343827 0.0791645 -0.93569 31.7788
-0.852309 -0.172705 0.493703 -17.5374 -0.159728 0.984765 0.068737 3.06528 -0.498053 -0.0202731 -0.86691 31.5883
-0.892206 -0.0621009 0.447338 -17.2628 -0.0214409 0.995209 0.0953946 3.15412 -0.451119 0.0755204 -0.889263 31.3792
-0.938451 -0.0074165 0.345333 -17.3513 0.0350041 0.99258 0.116442 3.28481 -0.343634 0.121363 -0.931229 31.1265
-0.989467 0.0600409 0.131717 -17.0495 0.0694684 0.995251 0.0681839 3.45574 -0.126998 0.076616 -0.98894 31.0677
-0.984391 0.161385 -0.070206 -17.0108 0.156562 0.985218 0.0695315 3.55164 0.0803896 0.0574546 -0.995106 30.7511
-0.907745 0.143653 -0.394161 -16.8519 0.098461 0.986255 0.132691 3.66762 0.407804 0.0816397 -0.909412 30.6978
-0.686277 0.224236 -0.691912 -16.8373 0.158015 0.974535 0.159101 3.74982 0.709968 -0.000144946 -0.704234 30.7698
-0.333358 0.245382 -0.910308 -16.8774 0.0530084 0.968887 0.241761 3.76075 0.941309 0.032339 -0.335993 30.8113
0.0187997 0.26355 -0.964463 -16.6867 -0.0422449 0.963981 0.262595 3.74827 0.99893 0.0358069 0.0292562 30.7183
0.15965 0.214343 -0.963623 -16.3502 -0.0938111 0.97502 0.201335 3.78327 0.982706 0.0582554 0.175769 30.6316
0.0695802 0.306396 -0.949358 -16.2442 -0.208638 0.935088 0.286499 3.71834 0.975515 0.178137 0.128989 30.5882
0.0372951 0.30459 -0.951753 -16.2408 -0.213679 0.932818 0.290157 3.72652 0.976192 0.192548 0.099874 30.5824
-0.997501 0.00970558 0.0699762 -134.741 0.000902599 0.992188 -0.124748 11.245 -0.0706403 -0.124374 -0.989718 1.98229
-0.997965 0.056301 0.029918 -134.564 0.0526061 0.992257 -0.112508 11.1524 -0.0360206 -0.110705 -0.9932 1.67019
-0.973033 0.0835211 -0.215012 -134.531 0.104659 0.99053 -0.0888641 11.2132 0.205554 -0.108971 -0.97256 1.04567
-0.86156 0.227553 -0.4538 -134.678 0.202264 0.973764 0.104276 11.1084 0.465622 -0.00194708 -0.884982 0.351927
-0.740011 0.312346 -0.595671 -134.908 0.236086 0.949906 0.204799 11.1178 0.629799 0.0109243 -0.776681 -0.238487
-0.496432 0.259969 -0.828234 -135.093 0.134647 0.965616 0.222386 11.154 0.85757 -0.00111941 -0.514367 -0.545283
-0.182831 0.33374 -0.924765 -135.317 -0.0212463 0.939059 0.343099 11.136 0.982915 0.082377 -0.164598 -0.654394
0.24062 0.316315 -0.917631 -135.341 -0.114373 0.948061 0.296814 11.1779 0.963857 0.0335329 0.264301 -0.693257
0.60023 0.0985029 -0.793739 -135.272 0.0534592 0.985227 0.162693 11.3649 0.798039 -0.140086 0.586097 -0.830201
0.724687 -0.0894135 -0.683253 -135.096 0.221472 0.969159 0.108074 11.4549 0.652518 -0.229641 0.72214 -0.858406
0.743832 -0.0521066 -0.666333 -135.065 0.212725 0.96357 0.162116 11.3998 0.633611 -0.262333 0.727818 -0.857622
0.71128 0.129826 -0.690816 -135.176 0.0596012 0.968116 0.243307 11.2995 0.700378 -0.214233 0.680864 -0.94334
0.474149 0.24422 -0.845896 -135.097 0.0152351 0.95834 0.285224 11.2332 0.880313 -0.148126 0.450675 -0.961333
0.187688 0.201428 -0.961353 -135.102 0.179226 0.955292 0.235149 11.2141 0.965739 -0.216434 0.143196 -1.19137
-0.16328 0.233785 -0.95848 -135.039 0.221321 0.955437 0.19534 11.2164 0.961435 -0.180236 -0.207745 -1.49855
-0.478059 0.23604 -0.846017 -134.976 0.248773 0.960158 0.127311 11.2071 0.84236 -0.149604 -0.517733 -1.61346
-0.757327 0.284753 -0.587683 -134.998 0.293852 0.952264 0.0827283 11.2169 0.583186 -0.11004 -0.804851 -1.79201
-0.925873 0.288431 -0.244061 -134.992 0.298963 0.954243 -0.00642568 11.1737 0.23104 -0.0789146 -0.969739 -1.96471
-0.870113 0.348764 0.348234 -134.92 0.326383 0.937188 -0.123099 10.9969 -0.369293 0.00654747 -0.92929 -2.26298
-0.660043 0.37275 0.652227 -134.971 0.321949 0.924799 -0.202719 10.798 -0.678743 0.0761805 -0.730414 -2.46671
-0.602422 0.250778 0.757759 -134.809 0.188721 0.967195 -0.170056 10.6064 -0.775547 0.0405599 -0.629986 -2.78244
-0.817263 0.0601571 0.573117 -134.883 -0.0732185 0.975636 -0.206817 10.5444 -0.571595 -0.210986 -0.792946 -3.00411
-0.771335 -0.16182 0.615513 -134.698 -0.304179 0.943256 -0.1332 10.3996 -0.559032 -0.289968 -0.776789 -3.24882
-0.909037 -0.102741 0.403851 -134.719 -0.171122 0.975683 -0.136967 10.2538 -0.379959 -0.193616 -0.904513 -3.5397
-0.909023 0.0412839 0.414695 -134.554 -0.0983272 0.945741 -0.309687 9.90821 -0.404979 -0.322288 -0.855641 -3.96607
-0.884541 0.071666 0.460925 -134.627 0.04722 0.996808 -0.0643689 9.76088 -0.464067 -0.035172 -0.885102 -4.19031
-0.933106 -0.0305088 0.358304 -134.658 0.000954457 0.996181 0.0873083 9.73201 -0.359599 0.0818099 -0.929514 -4.72644
-0.945137 0.0409641 0.324097 -134.745 0.0815889 0.990266 0.112767 9.69795 -0.316323 0.133023 -0.939279 -4.78567
-0.854219 -0.0605691 0.516373 -134.724 -0.0247679 0.996804 0.0759497 9.72365 -0.519323 0.0520882 -0.852989 -4.72062
-0.820175 -0.110714 0.561298 -134.953 -0.109481 0.993338 0.0359562 9.75969 -0.56154 -0.0319614 -0.826832 -5.04587
-0.662117 -0.0616712 0.746859 -134.928 -0.076609 0.996957 0.0144063 9.7629 -0.745475 -0.0476774 -0.664827 -5.55499
-0.379779 -0.0482301 0.923819 -134.777 -0.216161 0.975621 -0.0379285 9.75301 -0.899468 -0.214098 -0.380946 -5.96191
-0.188488 -0.0349667 0.981453 -134.528 -0.252404 0.967521 -0.0140039 9.67406 -0.949086 -0.250362 -0.191192 -6.74107
-0.120457 -0.0946517 0.988196 -134.205 -0.199017 0.977538 0.0693714 9.71882 -0.972565 -0.188311 -0.136589 -7.22848
-0.563747 -0.133602 0.815071 -133.799 -0.302334 0.951722 -0.0531088 9.74318 -0.768625 -0.276363 -0.576922 -7.85732
-0.833722 -0.139494 0.534274 -133.651 -0.244675 0.960718 -0.130975 9.76035 -0.495017 -0.23992 -0.835103 -8.12133
-0.86036 -0.135068 0.491464 -133.363 -0.230898 0.962915 -0.139576 9.67388 -0.454386 -0.233563 -0.85964 -8.90803
-0.798701 -0.0411369 0.60032 -133.222 -0.250497 0.929833 -0.269559 9.6233 -0.547108 -0.365676 -0.752963 -9.76294
-0.805219 -0.262176 0.53187 -133.23 -0.234308 0.964632 0.12077 9.62489 -0.544721 -0.0273752 -0.83817 -10.1649
-0.956103 -0.28423 0.0712796 -133.435 -0.28999 0.952714 -0.090783 9.6137 -0.0421058 -0.107468 -0.993316 -10.5127
-0.974932 0.0698565 0.211252 -133.486 -0.0346962 0.890092 -0.454459 9.60846 -0.21978 -0.450396 -0.865355 -10.954
-0.784246 0.390566 0.482095 -133.452 -0.0057381 0.772411 -0.635097 9.52882 -0.620423 -0.500839 -0.60352 -11.2897
-0.815831 0.000754171 0.578289 -133.643 -0.077545 0.990825 -0.11069 9.68446 -0.573067 -0.135148 -0.808288 -11.6777
-0.957947 -0.0995778 0.269114 -133.967 -0.0685897 0.990131 0.122215 9.75001 -0.278628 0.098617 -0.955322 -12.0421
-0.994891 -0.0104309 0.100419 -134.092 -0.0495571 0.917031 -0.395725 9.74208 -0.0879598 -0.39868 -0.912862 -12.3527
-0.944105 -0.297107 0.142808 -134.632 -0.326518 0.902374 -0.281258 9.81884 -0.0453023 -0.312166 -0.948947 -13.1606
-0.953458 -0.28099 -0.109375 -135.17 -0.23846 0.924682 -0.296817 9.75023 0.184539 -0.256921 -0.94865 -13.8395
-0.971897 -0.203696 0.117998 -135.626 -0.228261 0.938016 -0.260812 9.77374 -0.0575572 -0.280417 -0.958151 -14.5213
-0.890738 -0.438652 -0.119044 -136.134 -0.44498 0.894978 0.0317252 9.70653 0.0926251 0.0812309 -0.992382 -14.8605
-0.823472 -0.350941 -0.445797 -136.659 -0.340907 0.934141 -0.105654 9.6721 0.453515 0.0649719 -0.888877 -15.1779
-0.585185 -0.414985 -0.696667 -137.162 -0.362988 0.902302 -0.232575 9.64613 0.725119 0.116782 -0.678648 -15.2641
-0.460929 -0.140246 -0.876285 -137.513 0.0963414 0.97369 -0.206511 9.62642 0.882192 -0.17961 -0.43529 -15.2784
-0.65248 0.138929 -0.744962 -137.663 0.455325 0.857689 -0.238848 9.54939 0.605763 -0.495043 -0.622883 -15.4031
-0.851995 0.224464 -0.472991 -137.94 0.405721 0.854067 -0.325515 9.5241 0.3309 -0.46924 -0.81873 -15.5587
-0.994109 0.0848908 -0.0673811 -138.232 0.100702 0.95333 -0.284643 9.53712 0.0400729 -0.289751 -0.956263 -15.7264
-0.929596 0.0502736 0.365136 -138.354 -0.0296984 0.977217 -0.210157 9.54709 -0.367382 -0.206205 -0.906923 -15.8857
-0.839183 -0.0692392 0.539423 -138.627 -0.26586 0.917498 -0.295832 9.57791 -0.474437 -0.391668 -0.788356 -16.1141
-0.542159 -0.0764864 0.836788 -138.898 -0.32331 0.938171 -0.123721 9.53035 -0.775587 -0.337618 -0.533366 -16.2876
-0.286509 0.021878 0.957828 -139.065 -0.341562 0.931716 -0.123451 9.5611 -0.895125 -0.362527 -0.259472 -16.5979
-0.04104 -0.0699996 0.996702 -139.389 -0.330991 0.94217 0.052541 9.56596 -0.942741 -0.327743 -0.0618359 -16.664
0.105594 0.0185894 0.994236 -139.549 -0.265504 0.964056 0.010173 9.5504 -0.95831 -0.265048 0.106734 -16.3991
0.419516 0.0152946 0.907619 -139.545 -0.216897 0.972585 0.0838641 9.58967 -0.881454 -0.232043 0.411333 -16.1669
0.442328 -0.0811003 0.893179 -139.109 -0.228218 0.952942 0.199547 9.71556 -0.867331 -0.292105 0.403004 -16.1152
0.458637 -0.146409 0.87648 -138.64 -0.219966 0.936933 0.271609 9.69377 -0.860969 -0.317366 0.397507 -16.1489
0.153817 -0.171623 0.973081 -138.246 -0.324479 0.921413 0.213801 9.71201 -0.933303 -0.34863 0.0860409 -16.1188
0.420065 -0.194101 0.886493 -137.879 -0.173429 0.941684 0.288364 9.68394 -0.890768 -0.274876 0.361906 -16.1076
0.266757 -0.270432 0.925045 -137.339 -0.254387 0.906028 0.33823 9.71511 -0.929585 -0.325544 0.172895 -16.2765
0.568287 -0.176917 0.803586 -136.828 -0.102378 0.95382 0.282394 9.6906 -0.816436 -0.24275 0.523931 -16.3852
0.860444 -0.170768 0.480078 -136.453 0.0271292 0.956186 0.2915 9.65225 -0.508822 -0.237796 0.827377 -16.0418
0.98129 -0.122102 0.148869 -136.495 0.0900071 0.97442 0.205921 9.56085 -0.170204 -0.188669 0.967179 -15.9035
0.950785 -0.0774323 -0.300021 -136.514 0.13269 0.976744 0.168416 9.46319 0.280003 -0.199937 0.938948 -15.6933
0.550098 -0.126412 -0.825477 -136.635 0.248513 0.968474 0.0172993 9.49951 0.797266 -0.214658 0.564171 -15.5307
0.494207 -0.206819 -0.844385 -137.018 0.406073 0.913735 0.0138637 9.55884 0.768677 -0.349734 0.535558 -15.3328
0.512104 -0.114767 -0.851222 -137.352 0.343778 0.935579 0.0806798 9.50246 0.787126 -0.333948 0.518568 -14.8102
0.559741 -0.139483 -0.816844 -137.384 0.317262 0.946698 0.0557463 9.50929 0.765529 -0.290358 0.574158 -14.4378
0.334662 -0.120713 -0.934575 -136.992 0.368171 0.929684 0.0117565 9.51361 0.86744 -0.348017 0.355573 -14.6542
0.208106 0.0250694 -0.977785 -136.466 0.246113 0.966165 0.0771527 9.52407 0.946636 -0.256702 0.194895 -14.6095
0.409841 -0.0989988 -0.906769 -136.34 0.250094 0.968194 0.00733262 9.52098 0.877202 -0.229783 0.421565 -14.0987
0.305006 -0.0615683 -0.950358 -136.256 0.266302 0.963614 0.0230395 9.46543 0.91436 -0.26011 0.310304 -13.5213
0.416354 -0.114443 -0.901971 -136.151 0.325725 0.944974 0.0304571 9.54082 0.848854 -0.306475 0.430721 -12.8637
0.752972 -0.0689052 -0.654436 -135.99 0.244861 0.952428 0.181448 9.50796 0.6108 -0.296871 0.734024 -12.4707
0.890215 -0.152975 -0.429087 -135.792 0.237813 0.95945 0.151329 9.54897 0.388538 -0.236758 0.890496 -11.8647
0.813648 -0.100371 -0.572628 -135.691 0.0943306 0.994724 -0.0403225 9.49166 0.573654 -0.021208 0.818823 -11.242
0.945218 -0.0411093 -0.323841 -135.347 0.103926 0.978318 0.179145 9.56764 0.309455 -0.202987 0.928996 -10.5161
0.893463 0.0782372 -0.442271 -135.212 0.0466709 0.963208 0.264674 9.48916 0.446706 -0.257117 0.856939 -10.0569
0.762628 -0.0775858 -0.642168 -135.067 0.142538 0.988534 0.0498428 9.53899 0.630937 -0.129545 0.764942 -9.33521
0.953576 -0.0999651 -0.284077 -134.921 0.108862 0.993933 0.0156625 9.61242 0.280788 -0.0458606 0.958673 -8.93102
