0.999992 -0.00324949 0.00250817 8.4576e-05 0.00324962 0.999995 -4.65901e-05 7.38222e-05 -0.00250801 5.47403e-05 0.999997 3.201e-05
0.902555 -0.0128252 -0.430383 4.83439 0.00380772 0.999755 -0.021807 0.235624 0.430558 0.0180432 0.902383 0.258178
0.848582 -0.0368739 -0.527777 5.59279 0.0204446 0.999109 -0.0369325 0.242938 0.528669 0.02055 0.848579 0.657972
0.921881 -0.0733188 -0.380473 6.38432 0.0295697 0.992383 -0.119589 0.245498 0.386343 0.0989967 0.917027 1.40426
0.957063 -0.0944332 -0.274066 7.43582 0.0816401 0.994988 -0.0577419 0.286347 0.278146 0.0328878 0.959976 1.80097
0.848885 -0.0566734 -0.52553 8.461 0.0387135 0.998231 -0.0451161 0.276534 0.527157 0.0179533 0.849578 2.2482
0.557807 -0.0677198 -0.827203 9.19014 0.0906319 0.995676 -0.0203963 0.322321 0.825007 -0.0635939 0.561532 3.08041
0.164717 -0.0673935 -0.984036 9.30116 0.257956 0.965884 -0.0229712 0.431502 0.952012 -0.250054 0.176482 3.32821
-0.236846 0.0233121 -0.971267 9.55809 0.297681 0.95337 -0.0497078 0.484333 0.924819 -0.300901 -0.232742 3.80277
-0.55228 0.00580039 -0.833639 9.61219 0.216279 0.966735 -0.136557 0.509541 0.805115 -0.255716 -0.535163 4.11532
-0.544388 -0.0054331 -0.838816 9.6623 0.066974 0.996505 -0.0499204 0.435418 0.836155 -0.0833549 -0.542122 4.80478
-0.601631 0.0790566 -0.794852 10.04 0.0376957 0.996792 0.0706094 0.323026 0.797884 0.0125183 -0.602681 4.75992
-0.8659 0.108341 -0.488344 10.1664 0.0579512 0.991417 0.117193 0.280367 0.496849 0.0731776 -0.864746 4.5251
-0.992182 0.0182426 -0.123461 10.0866 0.0110875 0.998232 0.0583947 0.260221 0.124308 0.0565693 -0.99063 4.20295
-0.976683 -0.00740072 0.214558 9.66307 -0.00442975 0.999888 0.0143245 0.313409 -0.21464 0.01304 -0.976606 3.62671
-0.820914 -0.00793396 0.570996 9.33038 0.0463809 0.995674 0.080516 0.287172 -0.569165 0.0925801 -0.816995 3.14218
-0.589421 -0.0182201 0.807621 8.7581 0.00474868 0.99965 0.026018 0.310231 -0.807812 0.0191707 -0.589128 2.34289
-0.576175 -0.0513659 0.81571 8.13604 -0.0630359 0.997843 0.0183096 0.337475 -0.814892 -0.0408695 -0.578171 1.58313
-0.835417 -0.0200563 0.549251 7.57037 -0.017114 0.999799 0.0104778 0.333508 -0.54935 -0.000646583 -0.835592 0.696195
-0.958716 -0.0498913 0.279956 6.94961 -0.0347834 0.997671 0.0586796 0.29436 -0.282231 0.0465192 -0.958218 -0.160521
-0.814698 -0.00537527 0.57986 6.23753 0.000908845 0.999944 0.0105463 0.262612 -0.579884 0.00911908 -0.814648 -0.796683
-0.904655 -0.0263259 0.42533 5.17242 -0.00190354 0.99833 0.057743 0.258844 -0.42614 0.0514279 -0.903194 -1.19938
-0.995493 -0.00929177 0.0943787 4.48517 -0.00355621 0.998146 0.0607592 0.266583 -0.0947682 0.0601497 -0.993681 -1.68128
-0.92163 -0.0897579 -0.377546 4.56216 -0.119206 0.991327 0.0553161 0.265165 0.369307 0.0959868 -0.924337 -1.7902
-0.749327 -0.120943 -0.651062 4.71935 -0.192477 0.980511 0.0393855 0.271083 0.63361 0.154827 -0.758002 -1.8151
-0.468523 -0.0411546 -0.882492 4.92401 -0.205271 0.976647 0.063435 0.251561 0.859273 0.210871 -0.46603 -1.82406
-0.100554 -0.0599774 -0.993122 5.1549 -0.0927753 0.994397 -0.0506609 0.281728 0.990597 0.087043 -0.105555 -1.65963
0.247063 -0.110197 -0.962713 5.16459 0.0205217 0.993885 -0.108498 0.339693 0.968782 0.00704938 0.247813 -1.14541
0.338533 -0.151368 -0.9287 5.22961 0.0434323 0.988438 -0.145273 0.357506 0.939952 0.00884411 0.341193 -0.777741
0.622272 -0.10922 0.775144 2.34451 -0.0868195 0.97448 0.207004 0.146235 -0.777971 -0.19611 0.59691 -0.421219
0.581266 -0.208038 0.78667 2.47756 0.0595064 0.975045 0.213886 0.114178 -0.811535 -0.0775126 0.57914 -0.514668
0.464421 -0.240065 0.852457 2.6361 0.0626845 0.969056 0.23875 0.109566 -0.883394 -0.0574446 0.465098 -0.560546
0.618255 -0.356271 0.700594 2.97065 0.0290793 0.901124 0.432585 0.224274 -0.78544 -0.247075 0.567484 -0.894765
0.664567 -0.415385 0.621133 3.36533 0.0296374 0.845248 0.533552 0.278352 -0.746641 -0.336173 0.574035 -0.97714
0.797731 -0.443878 0.408163 3.65723 0.207624 0.837669 0.505177 0.23973 -0.566142 -0.318251 0.760394 -0.975
0.86433 -0.173552 0.472031 3.99348 0.0795352 0.97393 0.21245 0.149703 -0.496596 -0.146084 0.8556 -0.640086
0.975028 -0.164738 0.148937 4.20853 0.135056 0.972214 0.191209 0.169544 -0.176298 -0.166319 0.970184 -0.259727
0.977045 -0.115424 -0.179052 4.36672 0.131163 0.988234 0.0786725 0.127541 0.167864 -0.100352 0.980689 0.0561454
0.862579 -0.0709699 -0.50092 4.32692 0.142328 0.984165 0.105653 0.140034 0.48549 -0.162429 0.859021 0.379292
0.70026 -0.312111 -0.642045 4.33329 0.44985 0.891259 0.0573794 0.250019 0.55432 -0.329005 0.764516 0.580991
0.718345 -0.475768 -0.507568 4.26783 0.647752 0.72355 0.238523 0.316357 0.253769 -0.50012 0.827938 0.692711
0.817615 -0.264526 -0.511402 4.13364 0.387706 0.909603 0.149354 0.206095 0.425665 -0.320388 0.846263 1.10903
0.793903 0.0137743 -0.607889 4.09328 0.0987047 0.983564 0.151195 0.0791373 0.59998 -0.180036 0.779494 1.3993
0.572322 -0.0317303 -0.819415 3.90979 0.12261 0.99133 0.0472496 0.0999891 0.810811 -0.12751 0.57125 1.56333
0.289412 0.00334637 -0.957199 3.91473 0.0726164 0.997035 0.0254414 0.0763532 0.954446 -0.0768713 0.288311 1.7398
-0.0354553 -0.062169 -0.997436 4.10175 0.189632 0.979512 -0.0677926 0.159192 0.981215 -0.19155 -0.0229396 1.57649
-0.371244 -0.129783 -0.919421 4.2044 0.116656 0.975819 -0.184847 0.168974 0.921178 -0.175879 -0.347127 1.61936
-0.646451 -0.284536 -0.707913 4.57371 0.0398014 0.914016 -0.403722 0.24923 0.761916 -0.289162 -0.579542 1.61575
-0.855034 -0.271411 -0.441875 4.67127 -0.0811972 0.911659 -0.402846 0.221772 0.512176 -0.308568 -0.801537 1.53278
-0.944159 -0.270684 -0.187868 4.58318 -0.186165 0.908692 -0.373661 0.236981 0.271858 -0.317821 -0.908341 1.55052
-0.989144 -0.112485 0.0945592 4.41801 -0.12873 0.973618 -0.188406 0.151483 -0.0708717 -0.198534 -0.977528 1.39452
-0.855768 -0.1061 0.506364 4.34658 -0.182853 0.977604 -0.104185 0.142241 -0.48397 -0.181748 -0.856003 1.13901
-0.590176 -0.165493 0.79013 4.2713 -0.268386 0.963311 0.00129896 0.181291 -0.761355 -0.211293 -0.612938 1.0713
-0.294042 -0.156235 0.942937 4.30408 -0.300222 0.951715 0.0640694 0.166354 -0.907417 -0.264252 -0.326749 0.935278
0.054823 -0.184304 0.981339 4.37463 -0.303945 0.933096 0.192224 0.201117 -0.951111 -0.308812 -0.00486333 0.641467
0.139828 -0.0846484 0.986551 4.52219 -0.21882 0.969064 0.114162 0.154637 -0.965694 -0.231841 0.116979 0.245555
-0.255494 -0.0273724 0.966423 4.69586 -0.140657 0.990016 -0.009145 0.101464 -0.956524 -0.138271 -0.256793 -0.22616
-0.595296 0.0584678 0.801377 4.6984 -0.0483245 0.992939 -0.108341 0.0971295 -0.802052 -0.103221 -0.588267 -0.468159
-0.901771 -0.0561315 0.428553 4.72254 -0.151053 0.969936 -0.190808 0.166046 -0.404959 -0.2368 -0.883139 -0.572611
-0.976048 -0.187062 0.111075 4.51406 -0.209265 0.94686 -0.244265 0.193221 -0.0594796 -0.261658 -0.963326 -0.655943
-0.957066 -0.107899 -0.269039 4.25 -0.0278193 0.958046 -0.285262 0.193622 0.288531 -0.265531 -0.919915 -0.886123
-0.747413 -0.040856 -0.663102 3.74932 0.0803405 0.985224 -0.151258 0.157069 0.659484 -0.166326 -0.733087 -0.923834
-0.487972 -0.141704 -0.86128 3.39009 0.142215 0.960642 -0.238626 0.210902 0.861196 -0.23893 -0.448614 -1.01731
-0.394239 -0.241103 -0.886817 2.80407 0.174996 0.927621 -0.329992 0.227194 0.902193 -0.285285 -0.323512 -0.911003
-0.341517 -0.232957 -0.910548 2.30429 0.198625 0.929027 -0.312182 0.219439 0.918648 -0.287473 -0.271007 -0.756516
-0.492351 -0.255234 -0.832134 1.76229 0.202392 0.896262 -0.394654 0.26372 0.846539 -0.362725 -0.389618 -0.712264
-0.597184 -0.251337 -0.761709 1.07459 0.0257126 0.943152 -0.331366 0.255126 0.801692 -0.217472 -0.556773 -0.86447
-0.507512 -0.125808 -0.852411 0.449418 0.100984 0.973781 -0.203845 0.169757 0.855707 -0.189533 -0.481501 -1.21645
-0.185784 -0.0962551 -0.977865 -0.0956134 0.120623 0.985429 -0.119917 0.149014 0.975159 -0.140231 -0.171467 -1.2754
0.167387 -0.0895462 -0.981816 -0.292744 0.18625 0.980807 -0.0577009 0.15145 0.968139 -0.173205 0.180852 -1.23709
0.625598 -0.145919 -0.766378 -0.482601 0.23536 0.971883 0.00707832 0.187123 0.743796 -0.184803 0.642351 -0.945113
0.867696 -0.143957 -0.475795 -0.525928 0.2116 0.973066 0.0914776 0.1989 0.449811 -0.180053 0.874786 -0.881349
0.950765 -0.256408 -0.174075 -0.498166 0.28842 0.937593 0.194248 0.180655 0.113404 -0.234891 0.965384 -0.768902
0.904536 -0.420417 0.0711633 -0.426572 0.363422 0.847423 0.387037 0.239018 -0.223023 -0.324227 0.919314 -0.578128
0.802625 -0.577024 0.151121 -0.558393 0.362171 0.67274 0.645177 0.309622 -0.473947 -0.463103 0.748939 -0.375129
0.734 -0.673852 0.0846655 -0.329838 0.306716 0.440128 0.843927 0.384797 -0.605945 -0.593474 0.529735 -0.0506957
0.73128 -0.674583 -0.100833 -0.0623723 0.473141 0.395218 0.787363 0.393776 -0.491291 -0.623491 0.608188 0.328763
0.743625 -0.628306 -0.22859 0.24929 0.621902 0.524477 0.581517 0.37159 -0.24548 -0.574591 0.780759 0.761034
0.780075 -0.497402 -0.379571 0.257694 0.619902 0.696698 0.361016 0.320034 0.0848761 -0.516917 0.851818 1.15092
0.677827 -0.385237 -0.626213 0.306473 0.44454 0.893153 -0.0682751 0.188216 0.585606 -0.232098 0.776657 1.3517
0.582844 -0.285436 -0.760802 0.284774 0.115554 0.955874 -0.270097 0.125316 0.804326 0.0695106 0.590108 1.52881
0.36007 -0.198701 -0.91152 -0.0108985 0.104342 0.979502 -0.172303 0.0935718 0.927072 -0.0330686 0.373422 1.86226
0.417123 -0.0845434 -0.904909 -0.127988 0.194614 0.980878 -0.0019324 0.0704477 0.887769 -0.175302 0.4256 2.41646
0.478146 -0.134546 -0.867914 -0.439308 0.271374 0.962474 0.000298716 0.0838651 0.835304 -0.235672 0.496715 2.80203
0.674092 -0.0665473 -0.735643 -0.647486 0.192855 0.977245 0.0883156 0.0914682 0.713026 -0.201405 0.671587 3.32719
0.707984 -0.135002 -0.693205 -0.813563 0.181061 0.98345 -0.00660663 0.0911085 0.682624 -0.120835 0.72071 3.95074
0.892364 -0.122043 -0.434503 -0.824669 0.205468 0.967045 0.150359 0.12686 0.401834 -0.223451 0.888031 4.40059
0.822096 -0.241088 -0.515785 -0.805092 0.331678 0.93912 0.08969 0.180759 0.462761 -0.244808 0.85201 4.86707
0.660997 -0.121294 -0.740521 -1.20099 0.193971 0.980928 0.0124684 0.105828 0.724885 -0.151881 0.671918 5.40665
0.695885 -0.160963 -0.699882 -1.40009 0.304835 0.948611 0.0849273 0.160405 0.650246 -0.272448 0.709191 5.97012
0.683487 -0.217437 -0.696826 -1.56754 0.350495 0.935121 0.0519916 0.180361 0.640312 -0.27977 0.715353 6.48193
0.549229 -0.11732 -0.827396 -1.86756 0.313643 0.946656 0.0739671 0.146626 0.774581 -0.300132 0.556727 6.80581
0.237171 -0.0680788 -0.969079 -2.01363 0.178866 0.983548 -0.0253197 0.0855622 0.954859 -0.16733 0.245446 6.96595
-0.140549 -0.103162 -0.984685 -2.10456 0.156639 0.979714 -0.124999 0.107613 0.977604 -0.171808 -0.121538 7.12923
-0.399032 -0.127267 -0.908062 -2.31493 0.163512 0.964572 -0.207039 0.124735 0.90224 -0.231094 -0.364086 7.3808
-0.195164 -0.138791 -0.970901 -2.46963 0.106007 0.981152 -0.161565 0.115539 0.975025 -0.134454 -0.176773 7.91757
0.194159 -0.137648 -0.971265 -2.50391 0.163961 0.980732 -0.106214 0.10452 0.967171 -0.138627 0.212987 8.16268
0.515104 -0.0808937 -0.853302 -2.61013 0.239829 0.969374 0.0528778 0.101763 0.822891 -0.231884 0.518729 8.39143
0.706614 -0.00312788 -0.707593 -2.75569 0.114701 0.987271 0.110178 0.0766206 0.698241 -0.159015 0.697978 8.9105
0.860855 -0.165943 -0.481031 -2.88712 0.312269 0.918674 0.24192 0.0833197 0.401766 -0.358469 0.842665 9.08186
0.952374 -0.149445 -0.265802 -3.01649 0.212753 0.950107 0.228107 0.0669487 0.218451 -0.273793 0.936652 9.54331
0.956683 -0.0877727 -0.277584 -3.27726 0.166272 0.947398 0.27348 0.0553798 0.238979 -0.307788 0.920954 9.73467
0.886635 -0.164092 -0.43238 -3.42583 0.274013 0.939553 0.20532 0.0752702 0.372552 -0.300522 0.878004 10.1499
0.8598 -0.00157635 -0.510629 -3.70346 0.138146 0.963422 0.229637 0.0181424 0.491589 -0.267984 0.828568 10.6984
0.641727 -0.0890199 -0.761749 -3.77863 0.213668 0.974668 0.0661002 0.0424212 0.736568 -0.20518 0.644491 11.0486
0.575817 -0.254381 -0.776997 -3.88008 0.496365 0.863942 0.0850007 0.0989632 0.649658 -0.434619 0.623739 11.4053
0.176691 -0.450084 -0.875331 -3.9334 0.685878 0.694147 -0.218473 0.203283 0.70594 -0.561768 0.431352 11.495
-0.15489 -0.471684 -0.868057 -3.96172 0.547812 0.690199 -0.472787 0.228179 0.822138 -0.548762 0.151489 11.6835
0.11874 -0.239638 -0.963574 -4.33601 0.415817 0.893245 -0.170907 0.0676684 0.901663 -0.380377 0.20571 12.0548
0.276704 -0.102758 -0.955445 -4.51353 0.106159 0.991449 -0.0758853 -0.0559898 0.955073 -0.0804312 0.285247 12.432
0.387321 -0.0289222 -0.921491 -4.62233 0.000853869 0.999519 -0.0310123 -0.0762384 0.921945 0.0112249 0.387159 12.6706
0.632469 -0.161621 -0.757536 -4.79833 0.208606 0.977396 -0.0343625 0.0102657 0.745967 -0.136293 0.651888 12.9676
0.669566 -0.18338 -0.719759 -4.91733 0.258697 0.965943 -0.0054458 0.028684 0.696245 -0.182553 0.694202 13.4892
0.678164 -0.157586 -0.717816 -5.12957 0.221899 0.97506 -0.00441867 0.0440276 0.70061 -0.156286 0.696218 13.987
0.818521 -0.197715 -0.539382 -5.20761 0.264619 0.963132 0.0485194 0.0582412 0.509903 -0.182445 0.840662 14.3326
0.883338 -0.333039 -0.329847 -5.31808 0.385639 0.916363 0.10752 0.119541 0.266451 -0.222179 0.937891 14.8617
0.923358 -0.276148 -0.266743 -5.54348 0.310442 0.945784 0.0954944 0.10905 0.22591 -0.170984 0.959025 15.3971
0.922847 -0.244551 -0.297569 -5.80157 0.293451 0.946825 0.131946 0.10593 0.249478 -0.209088 0.945539 16.0655
0.918661 -0.360163 -0.162311 -5.91272 0.388221 0.899117 0.202169 0.1604 0.0731232 -0.248737 0.965807 16.5218
0.936039 -0.123558 -0.329491 -6.21705 0.166099 0.980594 0.104146 0.0879938 0.310229 -0.152213 0.938397 16.9965
0.92749 -0.15915 -0.338282 -6.32054 0.175914 0.984217 0.0192759 0.0840065 0.329875 -0.0773868 0.940847 17.5756
0.891279 0.0775613 -0.446773 -6.52471 -0.0750997 0.996905 0.0232477 -0.0303778 0.447193 0.0128323 0.894345 18.0133
0.651999 0.186316 -0.734972 -6.67526 -0.208091 0.976089 0.0628395 -0.111027 0.729106 0.11197 0.67518 18.1784
0.157721 0.0458625 -0.986418 -6.85371 -0.0364951 0.998509 0.0405894 -0.0282827 0.986809 0.0295977 0.159159 18.2184
-0.239 -0.0859719 -0.967206 -7.04518 0.029411 0.994975 -0.0957078 0.0656606 0.970574 -0.0513207 -0.235271 18.209
-0.320701 -0.29614 -0.899696 -7.23956 0.176304 0.914604 -0.363891 0.168373 0.930628 -0.27532 -0.241104 18.3736
-0.322998 -0.357142 -0.876426 -7.34925 0.179457 0.886149 -0.427242 0.189948 0.92923 -0.295279 -0.222132 18.836
-0.117604 -0.247286 -0.961779 -7.65687 0.15673 0.95174 -0.263869 0.11415 0.980615 -0.181772 -0.0731715 19.3999
0.15771 -0.0908177 -0.9833 -7.78595 0.216238 0.974771 -0.0553478 0.0674021 0.963519 -0.203898 0.17337 20.067
0.000540341 -0.0481666 -0.998839 -7.88851 0.199453 0.978775 -0.0470912 0.0409293 0.979907 -0.199196 0.0101358 20.577
0.0270615 -0.0327452 -0.999097 -7.99389 0.204527 0.978501 -0.0265304 0.000382104 0.978487 -0.203625 0.033177 20.8501
0.325978 -0.0790261 -0.942069 -8.19873 0.240193 0.970724 0.00168278 -0.000689364 0.914355 -0.226827 0.335416 21.3371
-0.0321399 -0.112214 -0.993164 -8.4131 0.245782 0.962277 -0.116678 0.0255058 0.968792 -0.247852 -0.00334738 21.6307
-0.414163 -0.12346 -0.901791 -8.76816 0.188893 0.95753 -0.217844 -0.00131957 0.890387 -0.260565 -0.373253 21.914
-0.662748 -0.201279 -0.721285 -8.87847 0.0156035 0.959279 -0.28203 0.0535272 0.74868 -0.198169 -0.632619 22.1889
-0.420783 -0.148467 -0.89493 -9.33203 0.139282 0.964246 -0.225455 0.0119458 0.896405 -0.219515 -0.385059 22.6514
-0.0506765 -0.167761 -0.984524 -9.40713 0.239006 0.955109 -0.175051 0.0429273 0.969695 -0.244178 -0.00830575 23.0835
0.383896 -0.105819 -0.917293 -9.49502 0.314852 0.948879 0.0223057 0.0151674 0.868039 -0.297375 0.397588 23.4801
0.541911 -0.266491 -0.797066 -9.49789 0.422264 0.906333 -0.0159339 0.0546012 0.726654 -0.327937 0.603682 23.9243
0.391414 -0.310167 -0.866367 -9.62817 0.584901 0.810688 -0.0259822 0.0884411 0.710412 -0.496569 0.498732 24.4896
0.280103 -0.236382 -0.930412 -9.77552 0.363638 0.923109 -0.125053 0.0475955 0.888431 -0.303305 0.344523 25.0938
0.431465 -0.164605 -0.886985 -10.0147 0.377339 0.926001 0.0117076 0.0151133 0.819422 -0.339746 0.461649 25.6616
0.329787 -0.121606 -0.93619 -10.3724 0.372383 0.928018 0.0106331 0.0147766 0.867509 -0.352128 0.351333 26.2618
0.0822404 -0.187101 -0.978892 -10.6386 0.300635 0.941122 -0.154624 0.0254362 0.950187 -0.281573 0.133647 26.544
0.157099 -0.0140344 -0.987483 -10.9515 0.206709 0.978218 0.0189828 -0.0114548 0.965708 -0.207104 0.156578 26.9989
-0.12015 -0.0336176 -0.992186 -11.0458 0.108882 0.992951 -0.0468287 -0.016413 0.986767 -0.113657 -0.115643 27.3088
-0.385092 -0.00504934 -0.922864 -11.3919 0.0743498 0.996565 -0.0364772 -0.0228492 0.919878 -0.0826618 -0.383394 27.3584
-0.702961 0.0235307 -0.710839 -11.6425 0.0107653 0.99969 0.0224464 -0.044439 0.711147 0.00812659 -0.702996 27.411
-0.601624 -0.148228 -0.784905 -11.9561 0.041614 0.975481 -0.216114 0.027816 0.797694 -0.162683 -0.580705 27.3439
-0.746131 -0.180329 -0.640914 -12.2429 -0.0822436 0.980213 -0.180049 0.0496132 0.6607 -0.0816292 -0.746198 27.3182
-0.548393 -0.194549 -0.813275 -12.2836 0.091916 0.952643 -0.289867 0.0876113 0.831154 -0.233714 -0.50454 27.2072
-0.830751 -0.167325 -0.5309 -12.4875 -0.0379238 0.968549 -0.245917 0.0624841 0.555351 -0.184162 -0.810968 26.9695
-0.955379 -0.23162 -0.183312 -12.4562 -0.188204 0.955633 -0.226596 0.104416 0.227663 -0.181985 -0.956583 26.7892
-0.955865 -0.250196 0.154024 -12.3955 -0.278176 0.939391 -0.200408 0.10575 -0.0945474 -0.234408 -0.96753 26.5913
-0.936307 -0.221773 0.272299 -12.5075 -0.254777 0.962607 -0.0920645 0.112085 -0.241699 -0.155576 -0.957798 26.5117
-0.982705 -0.13207 0.129802 -12.4031 -0.155786 0.968567 -0.193931 0.101146 -0.10011 -0.210798 -0.97239 26.5126
-0.911015 -0.148129 0.38485 -12.4428 -0.167916 0.985635 -0.0181203 0.0470314 -0.376637 -0.0811304 -0.922801 26.4807
-0.950294 -0.252835 0.181703 -12.6129 -0.290546 0.929877 -0.225635 0.106089 -0.111913 -0.267212 -0.957117 26.3482
-0.941347 -0.33725 -0.0112996 -12.6105 -0.311254 0.880746 -0.356942 0.168521 0.130331 -0.33249 -0.934058 26.1873
-0.915285 -0.305298 -0.262766 -12.9304 -0.172224 0.886313 -0.429871 0.163718 0.364132 -0.3482 -0.863809 26.1035
-0.862145 -0.116518 -0.493083 -12.9537 0.0263807 0.961554 -0.273345 0.0956164 0.505975 -0.248671 -0.825925 26.1192
-0.6056 -0.134577 -0.784307 -13.1831 0.0413446 0.978944 -0.199899 0.0510031 0.794694 -0.153486 -0.587285 26.2892
-0.173411 -0.0408837 -0.984001 -13.2176 0.108362 0.99228 -0.0603243 0.0217476 0.97887 -0.117089 -0.167642 26.3789
0.189796 -0.0210704 -0.981597 -13.1882 0.101356 0.994849 -0.00175721 0.024003 0.976578 -0.0991573 0.190954 26.2861
0.0395764 -0.254488 -0.966266 -13.3053 0.265439 0.934956 -0.23537 0.0888451 0.963315 -0.247169 0.104553 26.395
0.438596 -0.254352 -0.861939 -13.2867 0.387792 0.918788 -0.0738002 0.116274 0.81071 -0.301884 0.501612 26.4255
0.497057 -0.3747 -0.782646 -13.5123 0.409805 0.896401 -0.168895 0.177208 0.764849 -0.236782 0.599116 26.3514
0.283788 -0.235147 -0.929608 -13.8028 0.311438 0.93951 -0.142577 0.121372 0.906902 -0.249053 0.339855 26.4529
0.282662 -0.0992844 -0.954068 -14.0192 0.144611 0.987672 -0.0599374 0.0279998 0.948256 -0.121027 0.293535 26.2935
0.290172 -0.0969316 -0.952053 -14.0464 0.0353813 0.995263 -0.0905473 -0.00723104 0.95632 -0.00741059 0.292227 26.3591
0.59312 -0.0677661 -0.802257 -14.1032 0.0922865 0.995606 -0.0158694 0.0090036 0.799808 -0.0646251 0.596767 26.4397
0.749224 -0.23402 -0.619596 -14.2594 0.386025 0.914466 0.121395 0.140639 0.53819 -0.330131 0.775477 26.4237
0.814074 -0.363682 -0.452791 -14.222 0.525535 0.793136 0.307813 0.261426 0.247178 -0.48854 0.836799 26.6819
0.912883 -0.331196 -0.23865 -14.5039 0.404673 0.811107 0.422309 0.229688 0.053704 -0.482094 0.874472 26.7842
0.986817 -0.161689 -0.00704692 -14.4296 0.15829 0.955169 0.250193 0.034079 -0.0337223 -0.24801 0.96817 26.9575
0.96303 -0.0180315 0.26879 -14.5243 0.00158308 0.998119 0.0612857 -0.0510274 -0.269389 -0.0585945 0.961247 26.8783
0.764144 0.0666897 0.641589 -14.5752 -0.047081 0.997755 -0.0476368 -0.0921989 -0.643325 0.00619472 0.765568 26.6381
0.447765 0.0230926 0.893853 -14.5299 -0.0887425 0.995879 0.0187261 -0.0232593 -0.889737 -0.0877076 0.447969 26.3405
0.256598 -0.0966411 0.961675 -14.5597 -0.218959 0.963307 0.155229 0.0846164 -0.94139 -0.250399 0.226022 26.3778
-0.10452 -0.0504987 0.99324 -14.7686 -0.201206 0.979131 0.0286081 0.0518905 -0.973957 -0.196856 -0.112499 26.4641
0.12934 -0.0780378 0.988525 -15.0532 -0.177274 0.979018 0.100482 0.0653481 -0.975625 -0.188237 0.112792 26.6828
-0.0600643 -0.0811608 0.99489 -15.1568 -0.148305 0.986353 0.0715108 0.0259787 -0.987116 -0.143252 -0.0712812 26.7144
0.00871897 -0.143924 0.98955 -15.4271 -0.15847 0.976884 0.143478 0.0833097 -0.987325 -0.158065 -0.0142902 26.9873
0.253773 -0.106022 0.961436 -15.4862 -0.123378 0.982308 0.140889 0.0528726 -0.959363 -0.154374 0.236202 27.2569
0.578589 -0.053903 0.813836 -15.4968 -0.139411 0.976594 0.163796 0.0346547 -0.803616 -0.208228 0.557532 27.5306
0.876668 0.0408433 0.479359 -15.4659 -0.132539 0.978336 0.159033 0.00692479 -0.462479 -0.202953 0.863089 27.9829
0.978234 -0.104147 0.179478 -15.3278 0.0630637 0.973229 0.221018 0.0727313 -0.197691 -0.204888 0.958613 28.216
0.984263 -0.0919076 -0.15093 -15.485 0.123833 0.968045 0.218071 0.0898694 0.126064 -0.233329 0.964191 28.5913
0.874679 -0.0486468 -0.482256 -15.6342 0.127749 0.982909 0.132553 0.0510739 0.467565 -0.177549 0.865944 28.7765
0.590406 -0.0225549 -0.806791 -15.7513 0.103969 0.993406 0.0483124 0.030742 0.800382 -0.112405 0.588858 28.8839
0.236339 0.00774453 -0.97164 -15.881 0.0612577 0.99786 0.0228537 0.0228488 0.969738 -0.0649217 0.235359 28.9465
0.0989409 0.0813567 -0.991762 -16.0855 0.0633262 0.994117 0.0878675 -0.00966059 0.993076 -0.0714982 0.0932068 29.1243
0.0147301 0.126993 -0.991794 -16.3911 -0.0766692 0.989125 0.125513 -0.0565551 0.996948 0.0741912 0.0243064 29.5165
0.318589 0.312824 -0.894786 -16.5127 -0.19495 0.945418 0.261113 -0.119446 0.927629 0.0912505 0.362185 30.0334
0.58597 0.38009 -0.715661 -16.4393 -0.338839 0.917181 0.209683 -0.183933 0.736089 0.119626 0.66623 30.5848
0.808358 0.283594 -0.515879 -16.5228 -0.206901 0.957274 0.202038 -0.088652 0.551134 -0.0565831 0.832496 30.8061
0.705644 0.0940516 -0.702296 -16.6411 0.0726218 0.976332 0.203719 0.0474563 0.704835 -0.194755 0.682113 31.0347
0.485954 0.0086751 -0.873941 -16.8534 0.202337 0.971668 0.122155 0.0980961 0.85024 -0.236193 0.470431 30.8532
0.0876809 0.117656 -0.989176 -17.009 -0.0577874 0.991929 0.112861 -0.0066308 0.994471 0.0472661 0.0937723 30.7336
-0.261503 0.288161 -0.921184 -17.0705 -0.0819767 0.944315 0.318668 -0.127586 0.961715 0.158848 -0.223319 30.5695
-0.447936 0.366089 -0.815679 -17.0314 -0.0637217 0.896933 0.43755 -0.206108 0.891792 0.247971 -0.378441 30.7279
-0.405413 0.317663 -0.857164 -17.1623 0.00614679 0.938605 0.344938 -0.321133 0.914113 0.134574 -0.382475 31.0323
-0.299841 -0.00620441 -0.953969 -17.2151 0.19312 0.97888 -0.0670657 -0.271109 0.934238 -0.204339 -0.292311 31.1945
-0.356427 -0.116106 -0.927081 -17.2843 0.203309 0.958835 -0.198247 -0.354623 0.911935 -0.259144 -0.318149 31.4236
-0.280074 0.151958 -0.947875 -17.5349 0.052352 0.98834 0.142977 -0.526187 0.95855 -0.0095791 -0.284764 31.52
-0.219812 0.279105 -0.934764 -17.9504 -0.0290124 0.955905 0.29224 -0.76783 0.975111 0.0913576 -0.202022 31.6131
0.125192 0.411163 -0.902924 -18.0265 -0.198069 0.902121 0.383335 -0.804299 0.97216 0.130851 0.194377 31.7586
0.389814 0.516708 -0.762272 -18.0683 -0.398693 0.840848 0.366086 -0.845342 0.830114 0.161207 0.533782 31.7988
0.759234 0.363332 -0.539958 -17.9002 -0.380005 0.921031 0.0854277 -0.966155 0.528356 0.140327 0.837346 31.994
0.900244 0.382716 -0.207579 -17.8109 -0.388449 0.921363 0.0140717 -0.974585 0.196641 0.0679656 0.978117 32.0285
0.948236 0.290731 0.127765 -17.95 -0.298233 0.953491 0.043723 -1.04267 -0.109111 -0.0795636 0.99084 32.0578
0.965296 0.259955 0.0250254 -17.9761 -0.25883 0.965056 -0.0409047 -1.24647 -0.0347843 0.0330079 0.99885 32.3445
0.982259 0.187309 -0.00911567 -18.1166 -0.187515 0.981639 -0.0349835 -1.36122 0.00239558 0.0360722 0.999346 32.5495
0.913537 0.293703 -0.281406 -18.3279 -0.308051 0.951343 -0.00712089 -1.40851 0.265622 0.0931925 0.959562 32.7
0.886733 0.191146 -0.420913 -18.3311 -0.262251 0.957817 -0.117515 -1.57249 0.380696 0.21459 0.899457 32.9721
0.890798 0.277243 -0.360021 -18.5026 -0.292044 0.956305 0.0138227 -1.72116 0.348123 0.0928289 0.932842 33.2025
0.9058 0.234586 -0.35284 -18.6865 -0.211674 0.971921 0.102779 -1.73403 0.367043 -0.0184103 0.930022 33.1987
0.943978 -0.00989855 -0.329859 -18.7877 0.0968342 0.963859 0.248193 -1.6259 0.31548 -0.266231 0.91082 33.1365
0.926119 0.0778804 -0.369105 -18.7589 -0.00155119 0.979235 0.202724 -1.66914 0.377229 -0.187174 0.907008 33.2538
0.869857 0.220491 -0.441285 -18.8451 -0.158308 0.972007 0.173614 -1.93815 0.467213 -0.0811603 0.880412 33.7038
0.689527 0.239216 -0.683614 -19.015 -0.141521 0.970186 0.19675 -2.0461 0.710299 -0.0389191 0.702824 33.871
0.337835 0.367126 -0.866652 -18.954 -0.23105 0.924963 0.30176 -2.10969 0.912405 0.0982955 0.397309 33.9812
0.137685 0.402293 -0.905099 -18.9836 -0.18512 0.908151 0.375489 -2.28732 0.973023 0.115853 0.199511 34.1682
-0.0590356 0.386795 -0.920274 -18.8233 -0.140719 0.909452 0.391273 -2.32273 0.988288 0.152599 0.000739124 34.4032
-0.0392473 0.335781 -0.941122 -18.7982 -0.105312 0.935212 0.338064 -2.57585 0.993664 0.11238 -0.00134279 34.8126
0.0262488 0.321301 -0.946613 -19.0834 -0.112164 0.941907 0.316593 -2.74159 0.993343 0.0978658 0.0607622 35.0789
0.395242 0.262198 -0.880361 -19.1333 -0.0808894 0.964608 0.250974 -2.85309 0.915008 -0.0279835 0.402463 35.3907
0.614698 0.0886905 -0.78376 -19.3685 0.06584 0.984421 0.163035 -2.92423 0.78601 -0.15182 0.599282 35.5645
0.663369 0.0397964 -0.747234 -19.6168 0.0860983 0.987893 0.129049 -3.10176 0.743323 -0.149942 0.651911 35.9083
0.755226 0.16115 -0.635346 -19.6887 -0.0684447 0.983396 0.168071 -3.28644 0.651881 -0.0834457 0.753716 36.2883
0.855646 0.279614 -0.43553 -19.8005 -0.256975 0.95997 0.111456 -3.48572 0.44926 0.0165536 0.893248 36.4874
0.942544 0.246582 -0.225408 -19.7327 -0.251654 0.967796 0.00641414 -3.6558 0.21973 0.0506791 0.974243 36.7881
0.94005 0.324426 0.105136 -19.6801 -0.313667 0.943502 -0.106855 -3.80862 -0.133862 0.0674718 0.9887 36.9801
0.841779 0.384508 0.378895 -19.5273 -0.316617 0.920155 -0.230366 -3.85652 -0.43722 0.0739528 0.896309 37.0491
0.814801 0.394341 0.424965 -19.4507 -0.245084 0.898601 -0.363936 -3.89111 -0.525389 0.192383 0.828827 37.1596
0.861398 0.355763 0.362528 -19.5941 -0.256647 0.920775 -0.293777 -3.99525 -0.438322 0.160018 0.884459 37.6856
0.625918 0.363429 0.690033 -19.4516 -0.0933577 0.913338 -0.396357 -3.996 -0.774281 0.183667 0.605604 37.8191
0.231977 0.43712 0.868972 -19.4371 0.0707567 0.883392 -0.463262 -4.0141 -0.970145 0.168952 0.173997 37.8309
-0.187391 0.443967 0.876229 -19.5062 0.22852 0.88726 -0.400685 -4.0019 -0.955334 0.125152 -0.26772 37.7674
-0.521639 0.295145 0.800488 -19.6212 0.151194 0.955385 -0.253731 -3.94355 -0.839662 -0.0113267 -0.542991 37.7985
-0.510064 0.0281288 0.859676 -19.6441 -0.115123 0.98824 -0.100641 -3.84132 -0.852397 -0.150302 -0.500827 37.8743
-0.640663 -0.217076 0.736497 -19.6711 -0.450799 0.882821 -0.131937 -3.70096 -0.621555 -0.416539 -0.663449 37.9551
-0.820796 -0.28866 0.49292 -19.7065 -0.476609 0.821729 -0.31242 -3.68329 -0.314863 -0.491363 -0.812049 37.9258
-0.853272 -0.422005 0.30633 -19.7002 -0.521057 0.713235 -0.468823 -3.66105 -0.020639 -0.559649 -0.828473 37.9515
-0.762992 -0.435959 0.477267 -19.5729 -0.630337 0.665409 -0.399883 -3.67052 -0.143245 -0.605946 -0.782502 37.9084
-0.636279 -0.302245 0.709786 -19.4506 -0.545785 0.826605 -0.137273 -3.68614 -0.545222 -0.474735 -0.690912 37.7084
-0.626448 -0.134828 0.767713 -19.2056 -0.356283 0.925545 -0.128178 -3.73511 -0.693271 -0.35382 -0.627843 37.6043
-0.382961 -0.0885241 0.919513 -19.2939 -0.25138 0.96782 -0.0115203 -3.77504 -0.888903 -0.235559 -0.39289 37.3942
-0.422983 0.0440081 0.905068 -19.0473 -0.174702 0.97612 -0.12911 -3.82437 -0.889137 -0.212729 -0.405193 37.2098
-0.318224 -0.0519298 0.946592 -19.0713 -0.241841 0.969909 -0.0280928 -3.66479 -0.91665 -0.237865 -0.321207 36.7575
-0.527368 -0.114475 0.84189 -18.9796 -0.370223 0.922826 -0.106431 -3.61645 -0.764734 -0.367815 -0.52905 36.5692
-0.80771 -0.0193006 0.589264 -18.9855 -0.197583 0.95053 -0.239695 -3.52647 -0.555487 -0.310032 -0.771566 36.3886
-0.841407 0.0704479 0.535791 -19.2038 -0.0188583 0.987035 -0.159394 -3.41941 -0.540073 -0.14422 -0.829169 36.0586
-0.768913 -0.00214227 0.63935 -19.2416 -0.113904 0.984456 -0.133687 -3.26873 -0.629126 -0.175618 -0.757205 35.7923
-0.514753 -0.0743893 0.854105 -19.3464 -0.225245 0.972966 -0.0510091 -3.1364 -0.827221 -0.21864 -0.517593 35.5187
-0.186119 -0.0578114 0.980825 -19.3244 -0.249452 0.968338 0.00973999 -3.05686 -0.950333 -0.242856 -0.194647 35.4404
0.145511 -0.0428111 0.98843 -19.1257 -0.229591 0.970329 0.0758261 -2.97905 -0.962349 -0.237968 0.131364 35.3815
0.179059 -0.0350299 0.983215 -19.1162 -0.222499 0.972032 0.075152 -2.78659 -0.958349 -0.232221 0.166257 35.038
-0.0296039 -0.0786504 0.996463 -18.9215 -0.336391 0.939534 0.0641632 -2.64011 -0.941257 -0.333302 -0.0542711 34.7935
-0.224995 -0.223046 0.948487 -18.8334 -0.4067 0.90609 0.116601 -2.57877 -0.885422 -0.359515 -0.294578 34.6578
-0.461733 -0.225126 0.857975 -18.8067 -0.332032 0.940801 0.0681711 -2.45152 -0.822531 -0.253398 -0.509148 34.3126
-0.630617 -0.380011 0.676694 -18.7654 -0.513797 0.857907 0.00296258 -2.33927 -0.581666 -0.345815 -0.736259 34.2861
-0.653939 -0.300583 0.694272 -18.6931 -0.42808 0.903662 -0.0119738 -2.21774 -0.623788 -0.305034 -0.719613 34.0327
-0.646045 -0.281904 0.709335 -18.4524 -0.444774 0.894263 -0.0496908 -2.03674 -0.620324 -0.347597 -0.703118 33.8529
-0.704932 -0.168348 0.689007 -18.2903 -0.278394 0.959139 -0.050478 -1.93247 -0.652356 -0.227399 -0.722995 33.4937
-0.838418 -0.210899 0.50257 -18.1702 -0.281901 0.956981 -0.0686956 -1.74716 -0.466462 -0.199271 -0.861803 33.2491
-0.736981 -0.306508 0.602422 -18.2334 -0.380336 0.924833 0.00525902 -1.55266 -0.558752 -0.225247 -0.798161 32.8766
-0.467785 -0.299407 0.831585 -18.0681 -0.349216 0.92693 0.137293 -1.50808 -0.811927 -0.22618 -0.538161 32.7627
-0.161452 -0.270722 0.949022 -17.93 -0.233684 0.944777 0.229756 -1.39555 -0.958814 -0.184677 -0.2158 32.7798
0.186551 -0.244906 0.95143 -17.8428 -0.183485 0.942706 0.278637 -1.32191 -0.965159 -0.226553 0.130926 32.6145
0.155656 -0.194556 0.968462 -17.6143 -0.218758 0.949279 0.225863 -1.1669 -0.963284 -0.247016 0.105201 32.408
0.121721 -0.320967 0.939236 -17.5425 -0.312283 0.885834 0.343189 -0.942038 -0.942159 -0.335081 0.00759238 32.1038
0.0852906 -0.231004 0.969207 -17.2225 -0.30853 0.918816 0.246144 -0.878294 -0.947383 -0.320024 0.00709462 32.0189
-0.242467 -0.310495 0.919132 -17.1758 -0.347666 0.912288 0.216469 -0.697882 -0.905725 -0.267065 -0.329148 31.8586
-0.495044 -0.301669 0.814817 -17.2872 -0.379451 0.918698 0.109592 -0.556042 -0.781632 -0.254931 -0.569265 31.4521
-0.654474 -0.255676 0.711543 -17.1299 -0.370494 0.928808 -0.00703332 -0.408421 -0.659089 -0.268226 -0.702607 31.2391
-0.836812 -0.322352 0.442531 -17.2302 -0.388972 0.918867 -0.0662057 -0.383742 -0.385286 -0.227534 -0.894306 31.1386
-0.937187 -0.0977956 0.334838 -17.2104 -0.160926 0.972859 -0.16628 -0.2729 -0.309489 -0.209719 -0.927488 30.6435
-0.76603 -0.138151 0.627784 -16.9805 -0.242542 0.966562 -0.0832503 -0.105678 -0.595291 -0.216036 -0.773923 30.6451
-0.7467 -0.0383681 0.664053 -16.4426 -0.1949 0.967137 -0.163277 0.0347583 -0.635966 -0.251343 -0.72964 30.4199
-0.475263 -0.126138 0.870755 -16.1773 -0.255249 0.966875 0.000746128 0.0717155 -0.842006 -0.221904 -0.491716 30.4283
-0.125992 -0.158683 0.979258 -15.942 -0.297343 0.94778 0.115325 0.0905556 -0.946421 -0.276645 -0.166596 30.5037
0.253678 -0.121849 0.959583 -15.7992 -0.211501 0.961042 0.177948 0.0677509 -0.943883 -0.248094 0.218024 30.6106
0.550446 -0.205098 0.809286 -15.6225 -0.085357 0.95045 0.29893 0.104554 -0.830496 -0.233623 0.505665 30.6872
0.687379 -0.168486 0.706486 -15.3826 -0.0663056 0.954102 0.292051 0.0939274 -0.723266 -0.247594 0.644658 30.8329
0.773321 -0.12867 0.620821 -15.3541 -0.0731758 0.954533 0.288986 0.0577386 -0.629778 -0.268908 0.728745 31.069
0.897668 -0.213985 0.385229 -15.1414 0.0862911 0.942619 0.322525 0.0606652 -0.43214 -0.256279 0.864625 31.1956
0.950993 -0.127141 0.281864 -15.0383 0.0262914 0.941502 0.335981 0.0218443 -0.308092 -0.312105 0.898704 31.6756
0.979417 -0.139629 -0.145763 -14.9448 0.168583 0.962997 0.210277 0.0205209 0.111008 -0.230522 0.966714 32.0563
0.874545 -0.167045 -0.455267 -15.174 0.283694 0.937627 0.20093 0.0159781 0.393306 -0.304879 0.867387 32.3319
0.585446 -0.218133 -0.780815 -15.4416 0.37586 0.926391 0.0230136 0.00294936 0.718319 -0.30695 0.624339 32.5641
0.325099 -0.165344 -0.931113 -15.5755 0.300011 0.951769 -0.0642631 0.00441898 0.89683 -0.258452 0.359024 32.761
0.108032 -0.019005 -0.993966 -15.8983 0.241518 0.970366 0.0076964 -0.0450203 0.964364 -0.240892 0.109421 32.8936
-0.196511 -0.144221 -0.969837 -16.0217 0.16845 0.969451 -0.178296 0.000997112 0.965924 -0.198406 -0.166213 33.2045
0.0276497 -0.0318598 -0.99911 -16.3661 0.210547 0.977255 -0.0253361 -0.0339658 0.977193 -0.209659 0.0337288 33.4145
0.08537 -0.0343387 -0.995757 -16.5852 0.129411 0.991322 -0.0230909 -0.0270338 0.987909 -0.126891 0.089073 33.8182
0.336407 0.112186 -0.93501 -16.8957 0.202904 0.960923 0.188298 -0.0758912 0.919598 -0.253062 0.300498 34.0927
0.470268 -0.102787 -0.876517 -16.877 0.264344 0.963999 0.0287793 -0.014154 0.842004 -0.245236 0.480509 34.4699
0.732286 -0.132722 -0.667938 -16.9356 0.318806 0.933519 0.164026 -0.0223417 0.601764 -0.333057 0.725916 34.795
0.802662 -0.243566 -0.544435 -16.9565 0.347489 0.932863 0.0949663 0.00400042 0.484752 -0.265411 0.83341 35.2839
0.903444 -0.214336 -0.37128 -17.0525 0.315799 0.918429 0.238243 0.0148987 0.28993 -0.332489 0.897436 35.8239
0.821837 -0.229247 -0.521564 -17.1585 0.317713 0.944319 0.0855622 0.0100147 0.472908 -0.236026 0.848911 36.2872
0.640887 -0.229575 -0.732502 -17.4672 0.349184 0.936979 0.0118504 -0.0101493 0.683619 -0.263373 0.680661 36.7523
0.448106 -0.210703 -0.868795 -17.6898 0.374744 0.926595 -0.0314356 0.00120646 0.811645 -0.31149 0.494173 37.278
0.125507 -0.218584 -0.967713 -18.0401 0.237549 0.953673 -0.184604 0.00395144 0.963233 -0.20671 0.171617 37.6943
-0.154561 -0.0898957 -0.983885 -18.2596 0.202565 0.971812 -0.120614 -0.0386457 0.966994 -0.217943 -0.131995 37.7728
-0.419822 -0.0590323 -0.905685 -18.674 0.0813517 0.991418 -0.10233 -0.0589071 0.903953 -0.116639 -0.411417 37.8883
-0.757609 -0.111549 -0.643106 -18.7852 -0.0502523 0.992332 -0.112925 -0.0402039 0.650772 -0.053235 -0.757405 37.8422
-0.920363 -0.0823312 -0.3823 -18.997 0.0280541 0.961168 -0.274534 -0.0727121 0.390057 -0.263396 -0.882314 37.5884
-0.984826 -0.167425 -0.0456876 -19.1733 -0.157529 0.972864 -0.169468 -0.0692948 0.072821 -0.159699 -0.984476 37.4113
-0.924102 -0.259782 0.280267 -19.234 -0.296353 0.950202 -0.0963901 -0.0330709 -0.24127 -0.172132 -0.95507 37.3156
-0.80228 -0.242759 0.545357 -19.1452 -0.303898 0.952424 -0.023107 -0.0108246 -0.513802 -0.184271 -0.837885 36.8688
-0.58006 -0.357485 0.731939 -19.1522 -0.361606 0.918172 0.16187 0.199451 -0.729912 -0.170779 -0.661863 36.3977
-0.409288 -0.425336 0.807201 -19.0806 -0.513596 0.838621 0.181476 0.40949 -0.754124 -0.340299 -0.561688 36.1882
-0.190933 -0.370322 0.909069 -19.1274 -0.368798 0.885321 0.283189 0.582997 -0.909688 -0.281193 -0.30561 35.8328
-0.0344976 -0.305987 0.951411 -18.9654 -0.363059 0.890777 0.273322 0.736061 -0.931127 -0.335989 -0.141821 35.5924
0.298303 -0.192148 0.93493 -19.0641 -0.240538 0.932778 0.268453 0.82684 -0.923665 -0.304966 0.232032 35.4369
0.41314 0.100096 0.90515 -19.2616 -0.143181 0.988719 -0.0439855 0.697749 -0.899341 -0.111428 0.422811 35.4226
0.0633143 0.244978 0.967459 -19.3128 -0.046246 0.969083 -0.242363 0.623618 -0.996922 -0.0293961 0.0726861 35.1994
-0.355245 0.146284 0.923256 -19.242 0.0211018 0.988683 -0.148531 0.792335 -0.934535 -0.0332824 -0.354311 34.7552
-0.637422 0.113986 0.762037 -19.2389 -0.0278338 0.984945 -0.170611 0.972234 -0.770012 -0.129962 -0.624653 34.4249
-0.593689 -0.0529207 0.802952 -19.2428 -0.186668 0.979673 -0.0734514 1.20527 -0.782744 -0.193493 -0.5915 34.158
-0.56977 -0.131537 0.811209 -18.9954 -0.266983 0.963192 -0.0313401 1.39552 -0.777227 -0.234435 -0.583916 34.0231
-0.337335 -0.254231 0.906406 -18.6997 -0.439967 0.893794 0.0869521 1.53734 -0.832246 -0.369457 -0.413362 34.1601
-0.17424 -0.318238 0.931861 -18.6572 -0.386984 0.892325 0.232377 1.54414 -0.905474 -0.320126 -0.278632 34.0922
-0.32573 -0.241925 0.913987 -18.5399 -0.280354 0.947945 0.151 1.71972 -0.902941 -0.207055 -0.376599 33.7974
-0.610337 -0.109225 0.784576 -18.5912 -0.163367 0.986512 0.0102509 1.71558 -0.775113 -0.121917 -0.619948 33.4309
-0.581689 -0.0943806 0.807917 -18.3195 -0.142887 0.989657 0.0127351 1.93418 -0.800763 -0.108033 -0.589158 33.1745
-0.140073 -0.101937 0.98488 -18.0485 -0.111715 0.989962 0.0865747 1.99512 -0.983819 -0.0978988 -0.150054 33.2254
0.207104 -0.0480792 0.977137 -17.8493 -0.0617128 0.99616 0.0620952 2.09584 -0.976371 -0.073162 0.203341 33.1713
0.192673 -0.0307741 0.98078 -17.546 -0.124098 0.990719 0.0554648 2.23551 -0.973384 -0.1324 0.187066 33.043
-0.155712 -0.143074 0.977386 -17.4452 -0.107528 0.98603 0.127208 2.36201 -0.981932 -0.0852888 -0.168922 32.6401
-0.368642 -0.0407358 0.928678 -17.3047 -0.131701 0.99125 -0.0087989 2.49415 -0.920194 -0.125552 -0.370782 32.3489
-0.719728 -0.0472377 0.692647 -17.4326 -0.0937451 0.995158 -0.0295419 2.59799 -0.687898 -0.0861944 -0.720672 32.1178
-0.862406 -0.0966025 0.496914 -17.6583 -0.0602349 0.994231 0.0887443 2.74322 -0.50262 0.046602 -0.86325 31.9269
-0.936821 -0.0969165 0.336114 -17.6362 -0.0619069 0.991621 0.11338 2.77876 -0.344287 0.0854092 -0.934972 31.803
-0.852338 -0.171762 0.493982 -17.52 -0.155716 0.985039 0.0738277 2.94467 -0.499272 -0.0139948 -0.866332 31.6141
-0.892409 -0.0611376 0.447066 -17.2462 -0.017908 0.994797 0.100294 3.03422 -0.450872 0.0814976 -0.888861 31.4048
-0.938352 -0.00643826 0.34562 -17.3353 0.038058 0.991824 0.121803 3.16636 -0.343578 0.127447 -0.930436 31.1525
-0.989412 0.0606375 0.131863 -17.0329 0.0708171 0.994746 0.0739274 3.33781 -0.126687 0.0824828 -0.988507 31.0946
-0.984312 0.162073 -0.0697359 -16.9956 0.1568 0.984745 0.0754373 3.43525 0.0808984 0.0633192 -0.994709 30.7782
-0.907694 0.14472 -0.393889 -16.8346 0.0968474 0.985555 0.138928 3.55126 0.408305 0.0879571 -0.908598 30.7267
-0.68597 0.225954 -0.691657 -16.8205 0.15461 0.974119 0.164891 3.63261 0.711014 0.00617308 -0.703151 30.7985
-0.333227 0.247196 -0.909865 -16.86 0.0476512 0.968201 0.245594 3.64292 0.941642 0.0384821 -0.334409 30.8395
0.0183457 0.268442 -0.963121 -16.6705 -0.0499817 0.962325 0.267268 3.63129 0.998582 0.0432352 0.0310717 30.7464
0.159585 0.21677 -0.96309 -16.3339 -0.100903 0.974066 0.202521 3.66604 0.982014 0.0648597 0.177319 30.6599
0.0697048 0.307609 -0.948956 -16.2288 -0.215074 0.933532 0.286811 3.60131 0.974107 0.184103 0.13123 30.6157
0.0379014 0.304597 -0.951727 -16.2288 -0.220494 0.931486 0.289338 3.60861 0.974652 0.198884 0.102467 30.6079
-0.997749 0.00858257 0.0665075 -134.748 -5.24669e-05 0.991676 -0.12876 11.3066 -0.067059 -0.128473 -0.989443 2.08507
-0.997948 0.058124 0.0268757 -134.573 0.0551077 0.993269 -0.101884 11.2078 -0.0326167 -0.100194 -0.994433 1.75885
-0.972254 0.0831596 -0.218648 -134.54 0.105445 0.990133 -0.0922977 11.2787 0.208815 -0.112792 -0.971429 1.13353
-0.858322 0.230602 -0.458373 -134.688 0.199053 0.973007 0.116772 11.167 0.472928 0.00898745 -0.881055 0.437671
-0.737188 0.314021 -0.598285 -134.918 0.23283 0.949273 0.211357 11.1813 0.634306 0.0165107 -0.772906 -0.153164
-0.492534 0.261729 -0.830005 -135.104 0.128395 0.965124 0.228146 11.2194 0.86077 0.00580153 -0.508961 -0.460301
-0.178294 0.336015 -0.924827 -135.327 -0.0290362 0.937681 0.346283 11.2026 0.983549 0.0885937 -0.157426 -0.568288
0.247369 0.318944 -0.914923 -135.351 -0.121074 0.947043 0.297406 11.2451 0.961327 0.0372046 0.272885 -0.604973
0.603458 0.0996715 -0.791141 -135.282 0.0475711 0.98589 0.160493 11.4329 0.795974 -0.134486 0.590202 -0.74129
0.726603 -0.0887396 -0.681303 -135.104 0.216688 0.970613 0.104673 11.5226 0.651993 -0.223686 0.724479 -0.769617
0.745688 -0.051526 -0.6643 -135.074 0.208032 0.965169 0.158657 11.4675 0.632987 -0.256504 0.730434 -0.769222
0.713642 0.130615 -0.688226 -135.186 0.0542969 0.969194 0.24024 11.3679 0.698403 -0.208814 0.684566 -0.855236
0.47768 0.245262 -0.843604 -135.11 0.00895281 0.958832 0.283832 11.3016 0.878488 -0.143133 0.455819 -0.873871
0.192169 0.202829 -0.960173 -135.115 0.169149 0.956919 0.235996 11.2833 0.966675 -0.207763 0.149582 -1.10567
-0.158709 0.234866 -0.958983 -135.054 0.213518 0.956474 0.198915 11.2901 0.963962 -0.17319 -0.201949 -1.41258
-0.474027 0.237012 -0.848012 -134.991 0.241814 0.961102 0.133449 11.2807 0.846655 -0.141802 -0.512901 -1.52964
-0.75428 0.285875 -0.591047 -135.014 0.2897 0.95277 0.0911242 11.2921 0.589182 -0.102493 -0.801473 -1.70801
-0.924419 0.288949 -0.248914 -135.007 0.296536 0.954994 0.0073173 11.2492 0.239825 -0.0670476 -0.968498 -1.88788
-0.872465 0.348644 0.342421 -134.934 0.334114 0.936926 -0.102653 11.0741 -0.356612 0.0248464 -0.933922 -2.20248
-0.666194 0.372881 0.645867 -134.983 0.340051 0.922643 -0.18192 10.8772 -0.66374 0.0984339 -0.741458 -2.42374
