0.999993 -0.00361019 0.00136068 -3.60945e-06 0.00362113 0.99996 -0.00812512 -0.000175999 -0.00133129 0.00812999 0.999966 -8.88414e-05
0.902058 -0.0132186 -0.431412 4.83391 0.000645544 0.999571 -0.0292774 0.234988 0.431614 0.0261314 0.90168 0.26551
0.847963 -0.0372742 -0.528744 5.59185 0.0164563 0.998895 -0.0440264 0.239338 0.5298 0.0286316 0.847639 0.666219
0.921415 -0.0738282 -0.381502 6.38252 0.0267531 0.991508 -0.127262 0.236118 0.387658 0.107054 0.915566 1.41342
0.956692 -0.0950184 -0.27516 7.43352 0.0798242 0.994626 -0.065928 0.275038 0.279945 0.0411084 0.959135 1.81158
0.848233 -0.0571633 -0.526529 8.45811 0.0345851 0.998015 -0.0526345 0.261102 0.528493 0.0264363 0.848526 2.26024
0.556769 -0.0681517 -0.827867 9.18623 0.0838548 0.996149 -0.0256098 0.300064 0.826424 -0.0551619 0.560339 3.09368
0.163457 -0.067619 -0.98423 9.29698 0.250059 0.967909 -0.0249688 0.408401 0.954333 -0.242034 0.17512 3.34217
-0.2381 0.023138 -0.970965 9.55333 0.28979 0.955872 -0.0482838 0.457392 0.927001 -0.292872 -0.234298 3.81746
-0.553347 0.00557104 -0.832932 9.60703 0.209227 0.968846 -0.132517 0.480014 0.806245 -0.2476 -0.537274 4.13027
-0.545411 -0.00588782 -0.838148 9.65638 0.0596484 0.997167 -0.0458201 0.400145 0.836044 -0.074985 -0.543515 4.81914
-0.60261 0.0785528 -0.79416 10.034 0.0305743 0.996686 0.0753854 0.286829 0.79745 0.0211472 -0.603015 4.77415
-0.866528 0.107758 -0.487358 10.1608 0.0532614 0.990805 0.124373 0.24624 0.496279 0.0818157 -0.8643 4.53913
-0.992339 0.0176486 -0.12228 10.0813 0.00949979 0.997714 0.0669056 0.228819 0.123181 0.0652314 -0.990238 4.21673
-0.976414 -0.00796789 0.21576 9.65852 -0.0030827 0.999731 0.0229688 0.286767 -0.215885 0.021762 -0.976176 3.64044
-0.820212 -0.00866784 0.571994 9.32636 0.0509927 0.994797 0.0881959 0.265217 -0.569783 0.101507 -0.815502 3.15569
-0.588414 -0.0174039 0.808372 8.75532 0.00940725 0.999553 0.0283674 0.297503 -0.808505 0.0242964 -0.587988 2.35625
-0.57454 -0.0491532 0.816999 8.13561 -0.0583935 0.998113 0.0189853 0.331354 -0.816391 -0.0367997 -0.576326 1.59665
-0.834187 -0.0178557 0.551193 7.57323 -0.0145617 0.99984 0.0103515 0.334472 -0.551289 0.00060875 -0.834314 0.709267
-0.95826 -0.0489893 0.281671 6.95574 -0.0348092 0.997872 0.0551313 0.299962 -0.283772 0.0430253 -0.957926 -0.148136
-0.814226 -0.00781158 0.580496 6.24843 -0.00414369 0.999962 0.00764414 0.267014 -0.580533 0.00381866 -0.814228 -0.784387
-0.904576 -0.0268969 0.425462 5.18736 -0.00417437 0.998519 0.0542493 0.258749 -0.426291 0.0472966 -0.903349 -1.18772
-0.99545 -0.0106515 0.0946918 4.49796 -0.00531437 0.998392 0.056438 0.264764 -0.0951407 0.055678 -0.993906 -1.66981
-0.921704 -0.0918662 -0.37686 4.57275 -0.119281 0.9916 0.0500116 0.26363 0.3691 0.0910481 -0.924919 -1.77873
-0.749471 -0.12326 -0.650461 4.73094 -0.190977 0.981 0.034151 0.269994 0.633893 0.149818 -0.758771 -1.80254
-0.470878 -0.0360512 -0.881461 4.94068 -0.202775 0.976836 0.0683706 0.253027 0.858578 0.210932 -0.467281 -1.80784
-0.100296 -0.0607972 -0.993098 5.16862 -0.0796976 0.995415 -0.0528901 0.282541 0.991761 0.0738429 -0.104682 -1.64419
0.246356 -0.1134 -0.962522 5.17232 0.0266282 0.993548 -0.11024 0.347653 0.968813 0.00152808 0.247786 -1.13606
0.337998 -0.154101 -0.928445 5.2322 0.0492314 0.988048 -0.146071 0.368311 0.939858 0.00366307 0.341545 -0.771529
0.622723 -0.111002 0.774529 2.34385 -0.0874161 0.973819 0.209846 0.152732 -0.777544 -0.198382 0.596716 -0.416523
0.581554 -0.209811 0.785986 2.47674 0.0594869 0.97455 0.216132 0.120331 -0.81133 -0.0789365 0.579235 -0.510516
0.46478 -0.241769 0.851779 2.63562 0.0634852 0.968622 0.240292 0.117178 -0.883147 -0.0576079 0.465545 -0.556161
0.618567 -0.35766 0.69961 2.96979 0.0290558 0.900196 0.434515 0.231253 -0.785194 -0.248449 0.567224 -0.890358
0.664791 -0.416678 0.620026 3.36384 0.0295054 0.843987 0.535552 0.285509 -0.746447 -0.337736 0.573369 -0.972816
0.797543 -0.445291 0.406989 3.65523 0.207937 0.836222 0.50744 0.247008 -0.566292 -0.320077 0.759516 -0.970696
0.864255 -0.17563 0.471399 3.99104 0.0802325 0.973204 0.215491 0.158941 -0.496614 -0.148418 0.855188 -0.635446
0.974311 -0.169807 0.147932 4.19496 0.138952 0.970201 0.1985 0.179785 -0.17723 -0.172846 0.968872 -0.259869
0.976714 -0.117359 -0.179602 4.36439 0.133909 0.987516 0.082943 0.138314 0.167625 -0.105062 0.980237 0.0614423
0.862372 -0.0711086 -0.501257 4.32975 0.144271 0.983552 0.10868 0.150724 0.485284 -0.166039 0.858447 0.387144
0.699933 -0.31198 -0.642465 4.33648 0.452019 0.889969 0.0602838 0.259636 0.552967 -0.332601 0.76394 0.588553
0.718194 -0.475505 -0.508029 4.27098 0.648734 0.721617 0.241688 0.326407 0.251678 -0.503154 0.826737 0.699986
0.817361 -0.264414 -0.511866 4.13654 0.389398 0.908344 0.152579 0.217748 0.424606 -0.324031 0.845407 1.11666
0.793545 0.0138458 -0.608354 4.09605 0.101037 0.982866 0.154164 0.0918944 0.600064 -0.183802 0.77855 1.4074
0.571825 -0.0316783 -0.819764 3.91247 0.125743 0.990831 0.049423 0.113361 0.810682 -0.131341 0.570565 1.57123
0.28882 0.00336938 -0.957377 3.91732 0.0763002 0.996732 0.026526 0.0904056 0.954338 -0.0807093 0.287619 1.7478
-0.0362106 -0.0619973 -0.997419 4.10452 0.193189 0.978813 -0.0678543 0.174024 0.980493 -0.195147 -0.0234662 1.58444
-0.372036 -0.129783 -0.9191 4.20747 0.120019 0.975139 -0.186277 0.184 0.920426 -0.179612 -0.347211 1.62762
-0.64712 -0.285889 -0.706756 4.57977 0.0422408 0.91216 -0.407653 0.264617 0.761217 -0.293654 -0.5782 1.6264
-0.855186 -0.272829 -0.440705 4.67648 -0.0804222 0.909802 -0.407177 0.237028 0.512044 -0.312769 -0.799991 1.543
-0.944023 -0.272136 -0.186448 4.58932 -0.18664 0.906655 -0.378341 0.252171 0.272004 -0.322364 -0.906695 1.56131
-0.988899 -0.114203 0.0950597 4.42149 -0.130793 0.972609 -0.192161 0.165757 -0.0705106 -0.202461 -0.976749 1.40358
-0.855397 -0.107841 0.506623 4.34524 -0.185788 0.976883 -0.105748 0.155573 -0.483507 -0.184581 -0.855658 1.14477
-0.589061 -0.167292 0.790582 4.27017 -0.271958 0.962309 0.000995173 0.194798 -0.760951 -0.214419 -0.612355 1.07688
-0.29268 -0.158598 0.942966 4.30691 -0.305835 0.949875 0.0648348 0.180018 -0.905982 -0.269416 -0.326514 0.942669
0.0564553 -0.186786 0.980777 4.37877 -0.308851 0.930893 0.195063 0.213535 -0.949434 -0.313926 -0.00513504 0.649262
0.140875 -0.0875747 0.986146 4.528 -0.223561 0.967538 0.117859 0.165512 -0.964456 -0.237068 0.116724 0.254266
-0.254453 -0.0296196 0.966631 4.69965 -0.146035 0.989246 -0.00812929 0.111086 -0.955995 -0.143231 -0.256042 -0.218338
-0.594696 0.0562986 0.801977 4.69982 -0.0530499 0.992623 -0.10902 0.106281 -0.802198 -0.107379 -0.587322 -0.461328
-0.901228 -0.0581873 0.429421 4.72256 -0.154919 0.968719 -0.193865 0.175091 -0.404708 -0.241242 -0.882051 -0.566393
-0.975549 -0.189084 0.112033 4.51274 -0.211756 0.945138 -0.248743 0.201703 -0.0588536 -0.266384 -0.962068 -0.650293
-0.957102 -0.108269 -0.268764 4.24718 -0.0271698 0.957014 -0.288768 0.20038 0.288476 -0.269078 -0.918901 -0.880613
-0.747383 -0.0432172 -0.662987 3.75318 0.0816312 0.984348 -0.156188 0.162229 0.65936 -0.170853 -0.732157 -0.915588
-0.488242 -0.145819 -0.86044 3.40047 0.145007 0.958682 -0.24475 0.213544 0.860577 -0.244267 -0.446924 -1.00651
-0.396846 -0.24557 -0.884425 2.82109 0.178998 0.924343 -0.336971 0.226722 0.900263 -0.292036 -0.322866 -0.897418
-0.343296 -0.23646 -0.908975 2.31639 0.202791 0.926301 -0.317556 0.217723 0.917074 -0.293347 -0.270043 -0.74603
-0.494281 -0.258221 -0.830065 1.77559 0.205595 0.89305 -0.400241 0.260128 0.84464 -0.368488 -0.388329 -0.701939
-0.5982 -0.253881 -0.760066 1.08639 0.0283253 0.941195 -0.336676 0.249128 0.800846 -0.222929 -0.555832 -0.855478
-0.508576 -0.128223 -0.851416 0.461177 0.104177 0.972421 -0.208675 0.159593 0.854691 -0.194825 -0.481192 -1.20855
-0.185925 -0.0967231 -0.977792 -0.0843202 0.125374 0.984673 -0.121243 0.136857 0.974532 -0.145132 -0.170949 -1.26915
0.166658 -0.0903915 -0.981863 -0.282942 0.191321 0.979828 -0.05773 0.139425 0.967275 -0.17823 0.18059 -1.23126
0.624865 -0.147161 -0.766738 -0.47448 0.240048 0.970716 0.00931964 0.176438 0.742914 -0.189877 0.641892 -0.93998
0.866841 -0.146448 -0.476592 -0.522451 0.216338 0.971695 0.0948989 0.188553 0.449205 -0.185367 0.873988 -0.877601
0.949854 -0.25881 -0.175483 -0.495105 0.291702 0.935551 0.199134 0.170062 0.112635 -0.240338 0.964132 -0.765382
0.903723 -0.422521 0.069 -0.42428 0.364801 0.844351 0.392418 0.229719 -0.224065 -0.329466 0.917195 -0.575146
0.8021 -0.578471 0.148348 -0.556737 0.361861 0.668403 0.649841 0.301086 -0.47507 -0.467557 0.745452 -0.372836
0.733788 -0.674465 0.0815644 -0.328801 0.30546 0.434774 0.847151 0.378766 -0.606836 -0.596715 0.525054 -0.0485857
0.730431 -0.675044 -0.103853 -0.0618873 0.472528 0.389686 0.790482 0.390683 -0.49314 -0.626466 0.603616 0.331067
0.742041 -0.629235 -0.23117 0.249262 0.622717 0.51935 0.585234 0.371868 -0.248191 -0.578221 0.777214 0.763752
0.778097 -0.499163 -0.381314 0.256962 0.622778 0.692218 0.364666 0.322546 0.0819247 -0.52122 0.849481 1.15366
0.676192 -0.38806 -0.626238 0.305561 0.450084 0.890554 -0.0658626 0.192038 0.583258 -0.237324 0.776845 1.35493
0.582213 -0.288661 -0.760067 0.28352 0.122141 0.955295 -0.269245 0.130109 0.803809 0.0639229 0.591443 1.53212
0.359451 -0.201981 -0.911043 -0.0122011 0.110891 0.978622 -0.173211 0.0992982 0.926552 -0.0387656 0.374164 1.86563
0.416216 -0.0877636 -0.90502 -0.129383 0.201109 0.979566 -0.00250325 0.0789608 0.886747 -0.180966 0.425361 2.41992
0.477021 -0.137684 -0.86804 -0.440891 0.277765 0.960649 0.000268782 0.0935651 0.833845 -0.241239 0.496494 2.80533
0.673254 -0.0697402 -0.736115 -0.649222 0.199194 0.975843 0.0897312 0.10349 0.712075 -0.207042 0.670882 3.33038
0.707179 -0.138263 -0.693384 -0.815711 0.187287 0.982293 -0.00485933 0.106528 0.681778 -0.126425 0.720552 3.9539
0.891387 -0.125656 -0.435476 -0.827626 0.211281 0.965223 0.153961 0.144266 0.400985 -0.229247 0.886937 4.40315
0.820772 -0.24441 -0.51633 -0.808137 0.337351 0.936791 0.0928237 0.201202 0.461006 -0.250372 0.851344 4.8695
0.66009 -0.124604 -0.74078 -1.20358 0.200345 0.979629 0.0137423 0.128194 0.723977 -0.157483 0.671607 5.4096
0.694677 -0.164089 -0.700356 -1.40309 0.310833 0.946516 0.0865498 0.185346 0.648696 -0.277818 0.708527 5.97267
0.682128 -0.220517 -0.697189 -1.57076 0.356396 0.932793 0.0536597 0.207616 0.638501 -0.285078 0.714876 6.48432
0.547983 -0.120378 -0.827782 -1.87043 0.31991 0.944521 0.0744229 0.174603 0.772898 -0.305598 0.556092 6.80831
0.236283 -0.0714166 -0.969056 -2.01648 0.185076 0.982346 -0.0272692 0.113964 0.953896 -0.172906 0.245329 6.96881
-0.142271 -0.107827 -0.983937 -2.10547 0.162289 0.978056 -0.130648 0.135626 0.976433 -0.17827 -0.12165 7.13268
-0.400113 -0.130965 -0.90706 -2.31865 0.167365 0.962651 -0.212819 0.153775 0.901054 -0.236962 -0.36325 7.38292
-0.196204 -0.142304 -0.970182 -2.47294 0.110981 0.979833 -0.166164 0.147488 0.974262 -0.140274 -0.176455 7.91999
0.193301 -0.140933 -0.970965 -2.50728 0.17009 0.979459 -0.108304 0.138036 0.966284 -0.144216 0.213302 8.16524
0.514037 -0.0841094 -0.853634 -2.61358 0.246222 0.967768 0.0529137 0.136241 0.821669 -0.237383 0.518178 8.39397
0.705819 -0.00655674 -0.708362 -2.75949 0.12121 0.986328 0.111645 0.113558 0.697945 -0.164661 0.696964 8.91298
0.859303 -0.169391 -0.482603 -2.89254 0.318134 0.915841 0.245002 0.120653 0.400486 -0.364064 0.840874 9.08353
0.95136 -0.153638 -0.267038 -3.0237 0.218373 0.947709 0.232727 0.106397 0.217318 -0.279721 0.935163 9.54429
0.955755 -0.0929144 -0.279105 -3.2861 0.173095 0.944793 0.278217 0.0947351 0.237846 -0.314219 0.919073 9.73497
0.886704 -0.165855 -0.431566 -3.43706 0.277049 0.937897 0.208789 0.116983 0.370136 -0.304699 0.877587 10.1491
0.858884 -0.00482453 -0.512147 -3.70749 0.144094 0.961842 0.232589 0.0617923 0.491482 -0.273564 0.826806 10.7007
0.640526 -0.0922316 -0.762378 -3.78272 0.22002 0.973183 0.0671196 0.0879749 0.735743 -0.21073 0.643642 11.051
0.573977 -0.257116 -0.777459 -3.88397 0.501985 0.860591 0.0859935 0.14669 0.646963 -0.439631 0.623027 11.4075
0.174307 -0.452116 -0.874762 -3.93775 0.690284 0.689635 -0.218887 0.251075 0.702229 -0.56568 0.432297 11.4968
-0.156874 -0.473701 -0.866601 -3.96576 0.551803 0.685691 -0.474701 0.276932 0.819087 -0.552662 0.153822 11.6854
0.117089 -0.242469 -0.963068 -4.33992 0.421341 0.890265 -0.172913 0.117678 0.899312 -0.385534 0.206402 12.0571
0.275851 -0.10633 -0.955301 -4.51823 0.11276 0.99058 -0.0776963 -0.00511101 0.954563 -0.0862867 0.285242 12.4346
0.386786 -0.03237 -0.921601 -4.62731 0.00736723 0.99946 -0.0320127 -0.0243429 0.92214 0.00559243 0.386816 12.673
0.631516 -0.164896 -0.757626 -4.80294 0.214964 0.976056 -0.0332539 0.0631838 0.744968 -0.141862 0.651842 12.9699
0.668488 -0.186575 -0.71994 -4.92172 0.264956 0.964253 -0.00386985 0.0849068 0.694926 -0.188165 0.694025 13.4915
0.677267 -0.16078 -0.717955 -5.13436 0.228025 0.973651 -0.00293924 0.101564 0.69951 -0.161721 0.696083 13.9891
0.817543 -0.199965 -0.540035 -5.21055 0.269262 0.961687 0.0515334 0.117177 0.50904 -0.187542 0.840063 14.3345
0.881887 -0.335847 -0.330879 -5.32429 0.389952 0.914053 0.111557 0.181448 0.264975 -0.227408 0.937056 14.8626
0.922087 -0.27936 -0.267793 -5.55042 0.315013 0.943791 0.100123 0.173424 0.22477 -0.176681 0.95826 15.3978
0.921574 -0.248133 -0.298547 -5.80936 0.298533 0.944596 0.136442 0.173561 0.248151 -0.214868 0.944591 16.066
0.917139 -0.363449 -0.163587 -5.92123 0.392131 0.896287 0.207132 0.230152 0.0713391 -0.254116 0.964539 16.5218
0.93529 -0.12702 -0.330302 -6.22585 0.171209 0.979274 0.108212 0.159045 0.309711 -0.15776 0.937652 16.9968
0.926509 -0.162755 -0.339252 -6.33052 0.181314 0.983144 0.0235146 0.158216 0.329707 -0.0832974 0.940402 17.5754
0.891126 0.0736889 -0.447732 -6.53487 -0.0689762 0.997257 0.026847 0.045764 0.448482 0.00695871 0.893765 18.0135
0.65226 0.182706 -0.735646 -6.68417 -0.201536 0.977385 0.064053 -0.0349093 0.730712 0.10648 0.67433 18.1795
0.157231 0.0422049 -0.98666 -6.86288 -0.0302227 0.998824 0.037909 0.0474517 0.987099 0.023859 0.158321 18.2188
-0.23948 -0.0898268 -0.966737 -7.05422 0.0342939 0.994307 -0.100884 0.140876 0.970295 -0.0573128 -0.235036 18.209
-0.32176 -0.299512 -0.8982 -7.24887 0.180625 0.911808 -0.368755 0.243892 0.929433 -0.280888 -0.239284 18.373
-0.324181 -0.3603 -0.874695 -7.35864 0.183725 0.883044 -0.431832 0.267883 0.927983 -0.300694 -0.22007 18.8352
-0.118804 -0.249476 -0.961066 -7.66525 0.161321 0.95021 -0.2666 0.192607 0.979725 -0.186713 -0.0726428 19.3995
0.155756 -0.0936487 -0.983346 -7.79451 0.221991 0.97335 -0.0575346 0.149772 0.962528 -0.209333 0.172395 20.0674
-0.00121614 -0.0508736 -0.998704 -7.89828 0.204718 0.977541 -0.0500448 0.125717 0.97882 -0.204514 0.00922594 20.5771
0.0251028 -0.0355631 -0.999052 -8.00328 0.209929 0.977271 -0.0295129 0.0863211 0.977394 -0.208989 0.031998 20.8505
0.325113 -0.0818585 -0.942125 -8.20488 0.246044 0.969258 0.000690084 0.0872947 0.913107 -0.232029 0.33526 21.3389
-0.0329879 -0.11515 -0.9928 -8.41995 0.250836 0.960594 -0.119749 0.114787 0.967467 -0.25298 -0.00280425 21.632
-0.41546 -0.126797 -0.900731 -8.77781 0.192566 0.955532 -0.223332 0.0894629 0.888995 -0.266236 -0.372568 21.914
-0.662903 -0.205964 -0.719819 -8.88809 0.0171656 0.956984 -0.289633 0.145826 0.748509 -0.204354 -0.630852 22.1885
-0.422411 -0.152552 -0.893475 -9.34404 0.14298 0.962179 -0.231879 0.104905 0.895056 -0.225697 -0.384623 22.6499
-0.05256 -0.171302 -0.983816 -9.42234 0.244643 0.952948 -0.178997 0.138155 0.968188 -0.250092 -0.00817911 23.0805
0.382735 -0.10864 -0.917448 -9.50163 0.320634 0.946956 0.0216255 0.11099 0.866434 -0.302442 0.397267 23.4815
0.540309 -0.269069 -0.797288 -9.50502 0.42774 0.903775 -0.0151338 0.152664 0.724641 -0.332855 0.60341 23.9255
0.389309 -0.312326 -0.86654 -9.63552 0.589813 0.807123 -0.0259266 0.18912 0.707502 -0.501003 0.498434 24.4906
0.278541 -0.238996 -0.930213 -9.78307 0.369192 0.92077 -0.126019 0.151045 0.88663 -0.308325 0.344708 25.0949
0.429736 -0.166938 -0.887389 -10.0208 0.382859 0.923734 0.0116323 0.120702 0.817769 -0.344743 0.460875 25.6634
0.328048 -0.123964 -0.936492 -10.3809 0.377996 0.925755 0.0098675 0.122483 0.865739 -0.357227 0.350549 26.2627
0.0807612 -0.189631 -0.978528 -10.6468 0.305903 0.939072 -0.156737 0.133921 0.948631 -0.286677 0.133849 26.5448
0.155825 -0.0166637 -0.987644 -10.9604 0.212354 0.977045 0.0170191 0.0985215 0.964689 -0.212382 0.155786 26.9995
-0.121292 -0.0364012 -0.991949 -11.0567 0.114533 0.992139 -0.050413 0.0951943 0.985987 -0.119726 -0.11617 27.3094
-0.386566 -0.00795573 -0.922227 -11.4043 0.0792368 0.995979 -0.0418053 0.0885355 0.918851 -0.0892349 -0.384381 27.3593
-0.703916 0.0203599 -0.709991 -11.6553 0.0131146 0.999791 0.0156679 0.0664622 0.710162 0.00171761 -0.704036 27.4117
-0.6028 -0.15094 -0.783486 -11.9692 0.0448267 0.973986 -0.222129 0.137327 0.796632 -0.16902 -0.580352 27.3436
-0.74634 -0.183368 -0.639807 -12.256 -0.0806277 0.979129 -0.186564 0.157886 0.660663 -0.0876543 -0.745548 27.3177
-0.550212 -0.197528 -0.811326 -12.2948 0.0958147 0.950267 -0.296332 0.195439 0.82951 -0.240783 -0.503922 27.207
-0.830959 -0.170387 -0.5296 -12.5002 -0.0373412 0.966881 -0.252483 0.167817 0.555079 -0.190027 -0.809801 26.9689
-0.954935 -0.234449 -0.182024 -12.4694 -0.18985 0.953864 -0.232593 0.208619 0.228158 -0.187554 -0.955389 26.7881
-0.955072 -0.252226 0.155625 -12.409 -0.281022 0.93751 -0.205189 0.208851 -0.0941459 -0.239704 -0.96627 26.5895
-0.935435 -0.223873 0.273572 -12.5211 -0.25825 0.961255 -0.096415 0.214348 -0.241388 -0.16084 -0.957007 26.5095
-0.98221 -0.134167 0.131385 -12.4165 -0.15869 0.967121 -0.198732 0.203778 -0.100402 -0.216046 -0.971207 26.5108
-0.910199 -0.150376 0.385908 -12.4562 -0.172039 0.984844 -0.0220059 0.149306 -0.376751 -0.0864209 -0.922275 26.4789
-0.949482 -0.25474 0.183281 -12.6261 -0.293375 0.927873 -0.230181 0.207261 -0.111425 -0.272323 -0.955733 26.3461
-0.94041 -0.339909 -0.00954022 -12.6235 -0.313565 0.877695 -0.362393 0.268833 0.131554 -0.337806 -0.931977 26.1858
-0.914906 -0.30803 -0.260893 -12.9433 -0.173126 0.883269 -0.435732 0.262452 0.364658 -0.353486 -0.861436 26.102
-0.862493 -0.119541 -0.491748 -12.9664 0.0264877 0.959705 -0.279757 0.194376 0.505376 -0.254314 -0.824573 26.1181
-0.606249 -0.137507 -0.783297 -13.1958 0.0440106 0.977628 -0.205684 0.150088 0.794056 -0.159169 -0.586635 26.2881
-0.175238 -0.0428847 -0.983592 -13.2307 0.113475 0.991513 -0.0634471 0.121904 0.977965 -0.122732 -0.168885 26.3781
0.187697 -0.0240762 -0.981932 -13.1994 0.108648 0.994074 -0.00360573 0.123102 0.976199 -0.106008 0.189201 26.2847
0.0343403 -0.2584 -0.965427 -13.3164 0.275712 0.93096 -0.239367 0.188514 0.960627 -0.25796 0.103213 26.3938
0.43414 -0.257621 -0.863223 -13.298 0.39736 0.914742 -0.0731528 0.216214 0.808473 -0.311252 0.499494 26.4238
0.493502 -0.377679 -0.783463 -13.5236 0.418013 0.892932 -0.167145 0.27526 0.762706 -0.245012 0.598538 26.3483
0.28091 -0.237941 -0.929771 -13.8148 0.319088 0.936823 -0.14334 0.219302 0.905137 -0.256413 0.339087 26.4494
0.280172 -0.102484 -0.954464 -14.0312 0.15277 0.986373 -0.0610665 0.124269 0.947716 -0.128704 0.292011 26.2897
0.287739 -0.100763 -0.952393 -14.0581 0.0441181 0.994789 -0.0919192 0.0891771 0.956692 -0.015569 0.290685 26.3558
0.592025 -0.0705732 -0.802824 -14.1164 0.098624 0.995016 -0.0147399 0.106587 0.799863 -0.0704513 0.596034 26.436
0.747677 -0.235827 -0.620778 -14.2747 0.390619 0.91217 0.123944 0.238054 0.537026 -0.335158 0.774127 26.4176
0.812622 -0.364943 -0.454381 -14.2384 0.528603 0.789855 0.310978 0.36035 0.245406 -0.492895 0.834763 26.6749
0.911987 -0.332293 -0.240542 -14.5206 0.406806 0.808072 0.426062 0.32857 0.0527978 -0.486418 0.87213 26.7766
0.986844 -0.161464 -0.00831128 -14.4498 0.158271 0.954276 0.253589 0.135214 -0.0330143 -0.251568 0.967276 26.9488
0.963344 -0.0212028 0.267431 -14.543 0.00323263 0.997717 0.0674575 0.0470097 -0.268251 -0.0641203 0.961213 26.8705
0.765253 0.0639392 0.640547 -14.5911 -0.048315 0.997953 -0.0418941 0.00505399 -0.641914 0.00111154 0.766776 26.6326
0.448906 0.0208238 0.893336 -14.5431 -0.0923191 0.995459 0.0231865 0.073289 -0.888797 -0.0928805 0.44879 26.3367
0.258138 -0.0986524 0.961058 -14.573 -0.223261 0.961754 0.158691 0.181319 -0.939957 -0.255531 0.22624 26.3735
-0.102989 -0.0526077 0.99329 -14.782 -0.206532 0.977968 0.0303819 0.148556 -0.973004 -0.202018 -0.111585 26.4598
0.130812 -0.0801521 0.988162 -15.0668 -0.182051 0.977836 0.103414 0.162481 -0.974549 -0.193424 0.113321 26.6781
-0.0586494 -0.0833418 0.994794 -15.1704 -0.153594 0.985397 0.0734992 0.123024 -0.986392 -0.148483 -0.0705937 26.7099
0.010153 -0.146067 0.989223 -15.4411 -0.163594 0.975702 0.14575 0.181145 -0.986476 -0.163311 -0.0139894 26.9821
0.255001 -0.108256 0.960862 -15.5005 -0.127816 0.981219 0.144471 0.152005 -0.958456 -0.159653 0.236375 27.2517
0.578541 -0.0572113 0.813644 -15.5126 -0.142171 0.975193 0.169662 0.135827 -0.803167 -0.213833 0.556056 27.5235
0.877529 0.037126 0.478085 -15.4758 -0.131179 0.977553 0.164868 0.123805 -0.461233 -0.207392 0.862701 27.98
0.977686 -0.107776 0.180319 -15.339 0.065214 0.971669 0.227172 0.186697 -0.199694 -0.210344 0.957015 28.2129
0.983563 -0.0981447 -0.151561 -15.4956 0.130187 0.96709 0.218606 0.226855 0.125118 -0.234744 0.963971 28.5914
0.873174 -0.0574095 -0.484016 -15.6401 0.134841 0.982734 0.126692 0.202223 0.468385 -0.175889 0.865839 28.7796
0.588966 -0.0271102 -0.807703 -15.7576 0.108034 0.993108 0.0454436 0.170582 0.800904 -0.114024 0.587836 28.8865
0.235868 0.00475523 -0.971773 -15.8864 0.0645254 0.997705 0.0205437 0.152574 0.96964 -0.0675497 0.23502 28.9472
0.0985397 0.0786868 -0.992017 -16.0909 0.0665745 0.994114 0.0854662 0.117835 0.992904 -0.0744648 0.0927212 29.1248
0.0147278 0.124355 -0.992128 -16.3965 -0.073591 0.98968 0.122956 0.0710585 0.99718 0.0712009 0.0237272 29.5171
0.318996 0.310419 -0.895478 -16.5184 -0.191041 0.946507 0.260054 0.00858625 0.928302 0.0881164 0.361235 30.0341
0.586724 0.377879 -0.716213 -16.4454 -0.335 0.91848 0.210164 -0.0544201 0.737245 0.116623 0.665484 30.5853
0.808601 0.281912 -0.516421 -16.5305 -0.203461 0.957562 0.204155 0.039458 0.552059 -0.0600082 0.831643 30.805
0.705654 0.0921974 -0.702533 -16.6496 0.0767141 0.975729 0.205105 0.175222 0.704392 -0.198628 0.681454 31.0321
0.485493 0.00698964 -0.874213 -16.8613 0.206277 0.970818 0.122318 0.225912 0.849557 -0.239714 0.469884 30.8513
0.0877152 0.1151 -0.989474 -17.0151 -0.0542304 0.992381 0.110631 0.122599 0.994668 0.0439556 0.0932888 30.7337
-0.261516 0.285634 -0.921967 -17.0757 -0.0794381 0.945599 0.315488 0.000897695 0.961925 0.155745 -0.224599 30.5704
-0.44817 0.36372 -0.81661 -17.0358 -0.0618248 0.898688 0.434209 -0.0770803 0.891808 0.245086 -0.380278 30.7296
-0.405782 0.315237 -0.857885 -17.1665 0.00821431 0.939856 0.341472 -0.191432 0.913933 0.131516 -0.383966 31.0343
-0.299665 -0.0104605 -0.953987 -17.2194 0.195806 0.977979 -0.0722299 -0.14166 0.933735 -0.208441 -0.291018 31.1955
-0.356765 -0.121103 -0.926311 -17.2878 0.20603 0.956947 -0.20446 -0.225174 0.911192 -0.263792 -0.316455 31.4248
-0.280321 0.149006 -0.948271 -17.5382 0.0547685 0.988752 0.139176 -0.396354 0.958343 -0.0129214 -0.285329 31.5225
-0.219444 0.275622 -0.935883 -17.9528 -0.0258942 0.957281 0.287996 -0.639473 0.975281 0.0874329 -0.202932 31.6166
0.125371 0.40872 -0.904008 -18.0302 -0.194396 0.903654 0.3816 -0.674705 0.972878 0.127894 0.192746 31.7617
0.390428 0.514572 -0.763401 -18.0728 -0.395051 0.842631 0.365935 -0.715891 0.831565 0.158711 0.532269 31.8012
0.75989 0.361773 -0.540082 -17.9064 -0.376492 0.922228 0.0880314 -0.837011 0.529926 0.136442 0.836996 31.9955
0.901035 0.381085 -0.207149 -17.8177 -0.386076 0.922302 0.0174167 -0.84443 0.197691 0.0642822 0.978154 32.0297
0.948751 0.288754 0.128423 -17.957 -0.296706 0.953791 0.0474148 -0.912139 -0.108798 -0.0830888 0.990585 32.0594
0.965766 0.258243 0.0246159 -17.9821 -0.257061 0.96544 -0.0429454 -1.10854 -0.0348556 0.0351474 0.998774 32.3439
0.982686 0.185088 -0.00841993 -18.1223 -0.185261 0.982213 -0.0305952 -1.22953 0.00260736 0.0316253 0.999496 32.5524
0.91351 0.295068 -0.280062 -18.334 -0.306183 0.951963 0.004259 -1.28171 0.267865 0.0818596 0.959973 32.7053
0.887465 0.189419 -0.42015 -18.3365 -0.259044 0.959018 -0.114805 -1.43984 0.381185 0.210723 0.900163 32.9757
0.891001 0.276695 -0.359941 -18.5088 -0.289966 0.956872 0.0177857 -1.58791 0.349338 0.0885236 0.932806 33.2069
0.906412 0.232457 -0.352676 -18.6913 -0.207986 0.972334 0.106343 -1.60065 0.367639 -0.0230386 0.929683 33.2034
0.943654 -0.0116546 -0.330729 -18.7927 0.0999275 0.962765 0.251191 -1.494 0.315487 -0.270087 0.909682 33.1396
0.926272 0.0760568 -0.369101 -18.764 0.0015596 0.978641 0.205572 -1.53602 0.376852 -0.190992 0.906369 33.2579
0.870719 0.217713 -0.440965 -18.8491 -0.154125 0.972302 0.175713 -1.80301 0.467006 -0.0850325 0.880156 33.7089
0.690238 0.236775 -0.683746 -19.0173 -0.137014 0.970619 0.197801 -1.91169 0.710492 -0.0428474 0.7024 33.8779
0.338685 0.364988 -0.867223 -18.9556 -0.226817 0.926185 0.301223 -1.97465 0.913152 0.0946809 0.39647 33.9889
0.138429 0.400141 -0.905938 -18.9846 -0.181099 0.909549 0.374064 -2.15173 0.973674 0.112284 0.198374 34.1762
-0.058843 0.384502 -0.921247 -18.824 -0.137507 0.910927 0.388978 -2.18571 0.988751 0.149566 -0.000730146 34.4116
-0.0391406 0.333434 -0.94196 -18.7983 -0.102035 0.936422 0.335713 -2.43731 0.994011 0.109253 -0.00263022 34.8219
0.0269665 0.319146 -0.947322 -19.0832 -0.108262 0.943025 0.314616 -2.60278 0.993757 0.0940745 0.0599813 35.0888
0.39616 0.260485 -0.880457 -19.1328 -0.0771092 0.964965 0.250792 -2.71298 0.914938 -0.0314625 0.402367 35.4023
0.6151 0.0865338 -0.783686 -19.3671 0.0776343 0.982482 0.169418 -2.78485 0.784618 -0.16505 0.597607 35.589
0.663562 0.0357246 -0.747268 -19.6092 0.0918463 0.987413 0.128763 -2.96166 0.742462 -0.154076 0.651928 35.9216
0.756002 0.159492 -0.634841 -19.6858 -0.0644913 0.983291 0.170234 -3.14347 0.651385 -0.0877554 0.753656 36.3043
0.860024 0.271492 -0.432032 -19.7924 -0.247436 0.962385 0.112211 -3.34519 0.446245 0.0103958 0.89485 36.5036
0.944023 0.242702 -0.223419 -19.7219 -0.248372 0.968661 0.002807 -3.5128 0.217099 0.0528412 0.974718 36.804
0.941059 0.321136 0.106208 -19.6757 -0.310418 0.944681 -0.105921 -3.66515 -0.134348 0.0667092 0.988686 36.9937
0.842039 0.383725 0.379112 -19.5229 -0.316863 0.920643 -0.228067 -3.71498 -0.436541 0.0719152 0.896805 37.0594
0.814749 0.392324 0.426926 -19.4406 -0.244204 0.900013 -0.361028 -3.75011 -0.525879 0.18989 0.829092 37.1719
0.86086 0.353141 0.36635 -19.5818 -0.252071 0.92138 -0.295836 -3.85332 -0.442019 0.162327 0.882196 37.6994
0.625091 0.359087 0.69305 -19.4395 -0.0869062 0.914394 -0.395387 -3.85386 -0.775699 0.186922 0.602786 37.8322
0.229964 0.432924 0.871604 -19.425 0.0760515 0.884874 -0.459581 -3.87193 -0.970223 0.171974 0.170565 37.844
-0.189839 0.434794 0.880293 -19.4963 0.238467 0.890168 -0.388245 -3.85913 -0.952415 0.136217 -0.272672 37.7798
-0.522911 0.291673 0.800931 -19.6095 0.146453 0.956403 -0.252674 -3.79917 -0.839711 -0.0148274 -0.542831 37.8122
-0.510858 0.0245256 0.859315 -19.6314 -0.120048 0.987763 -0.0995591 -3.69548 -0.851242 -0.154019 -0.501662 37.8891
-0.640194 -0.221223 0.735671 -19.6566 -0.45577 0.880268 -0.131915 -3.55421 -0.618405 -0.419748 -0.664369 37.971
-0.819604 -0.294082 0.491696 -19.6886 -0.483551 0.815369 -0.318358 -3.53682 -0.307291 -0.498688 -0.810483 37.9436
-0.851121 -0.42612 0.306618 -19.6831 -0.524735 0.708007 -0.47263 -3.51355 -0.0156914 -0.563158 -0.8262 37.9692
-0.760884 -0.439436 0.477444 -19.5564 -0.633732 0.661344 -0.401258 -3.52213 -0.139427 -0.607882 -0.78169 37.926
-0.635236 -0.306318 0.708974 -19.4364 -0.550457 0.823477 -0.137416 -3.53927 -0.54173 -0.477552 -0.691717 37.7242
-0.626375 -0.138817 0.767062 -19.1925 -0.361289 0.923645 -0.12787 -3.5882 -0.690742 -0.357225 -0.628702 37.619
-0.383346 -0.0922262 0.918989 -19.2821 -0.256062 0.966611 -0.00980806 -3.62965 -0.8874 -0.239078 -0.394162 37.4084
-0.423554 0.0403633 0.904971 -19.0358 -0.179481 0.975463 -0.12751 -3.6789 -0.887912 -0.216433 -0.405917 37.2238
-0.318626 -0.0555592 0.946251 -19.0611 -0.246344 0.968832 -0.0260649 -3.52108 -0.91531 -0.241408 -0.322381 36.7709
-0.527099 -0.118144 0.841551 -18.9697 -0.374896 0.921043 -0.105509 -3.47311 -0.76264 -0.371108 -0.529773 36.5823
-0.80779 -0.0230305 0.58902 -18.9759 -0.202483 0.949277 -0.240571 -3.38377 -0.553603 -0.313598 -0.771479 36.4016
-0.842017 0.066855 0.535292 -19.1953 -0.0237596 0.986732 -0.160611 -3.27888 -0.538927 -0.147956 -0.829257 36.0711
-0.76933 -0.00576172 0.638825 -19.234 -0.118887 0.983783 -0.134301 -3.12929 -0.627691 -0.17927 -0.757539 35.8043
-0.515032 -0.0780222 0.853613 -19.3396 -0.230088 0.971885 -0.0499923 -2.99834 -0.825713 -0.222154 -0.518503 35.5304
-0.186505 -0.0614677 0.980529 -19.318 -0.253646 0.967218 0.0123876 -2.91892 -0.949147 -0.246397 -0.195982 35.4519
0.145175 -0.0463378 0.98832 -19.1201 -0.232796 0.969259 0.0796398 -2.84029 -0.961629 -0.241639 0.129925 35.3924
0.178719 -0.0385231 0.983146 -19.1117 -0.225584 0.971011 0.079055 -2.64907 -0.957691 -0.235911 0.164848 35.0482
-0.0296219 -0.0822293 0.996173 -18.9176 -0.340009 0.93801 0.0673178 -2.50314 -0.939956 -0.336714 -0.0557444 34.8029
-0.224751 -0.22653 0.947719 -18.83 -0.410756 0.90399 0.118667 -2.44206 -0.88361 -0.362611 -0.296221 34.6669
-0.461657 -0.228651 0.857083 -18.8039 -0.33667 0.939078 0.0691822 -2.31605 -0.820686 -0.256616 -0.510512 34.3211
-0.629647 -0.383327 0.675726 -18.7632 -0.518089 0.855323 0.00244939 -2.20382 -0.578903 -0.348544 -0.737149 34.2943
-0.653305 -0.303968 0.693395 -18.6918 -0.432563 0.901519 -0.0123494 -2.08297 -0.621355 -0.308005 -0.720452 34.0402
-0.645313 -0.285254 0.708662 -18.4519 -0.449163 0.892053 -0.0499374 -1.90189 -0.61792 -0.35053 -0.703779 33.8593
-0.704753 -0.171706 0.688361 -18.2908 -0.283055 0.957753 -0.0508911 -1.79836 -0.650541 -0.230709 -0.723581 33.4995
-0.83762 -0.213327 0.502876 -18.172 -0.285561 0.955787 -0.0701876 -1.61298 -0.465669 -0.202392 -0.861504 33.2545
-0.736282 -0.309147 0.601928 -18.2369 -0.384127 0.92327 0.00432049 -1.42063 -0.557078 -0.228036 -0.798539 32.8801
-0.467355 -0.302345 0.830763 -18.0715 -0.353291 0.92528 0.137995 -1.37611 -0.81041 -0.229009 -0.539249 32.7659
-0.16159 -0.273757 0.948127 -17.9334 -0.237437 0.943316 0.231901 -1.26303 -0.957869 -0.187647 -0.21743 32.7828
0.186461 -0.247793 0.9507 -17.8472 -0.185984 0.941271 0.281813 -1.18989 -0.964698 -0.229362 0.129425 32.6164
0.155738 -0.197443 0.967865 -17.6193 -0.221319 0.947936 0.228989 -1.03489 -0.962686 -0.249869 0.103932 32.4092
0.123017 -0.323103 0.938334 -17.5492 -0.313204 0.884552 0.345645 -0.811616 -0.941685 -0.33641 0.00761781 32.1023
0.0829204 -0.234623 0.968543 -17.2302 -0.311985 0.916924 0.248829 -0.747316 -0.946462 -0.322804 0.00283279 32.0201
-0.240978 -0.315148 0.917938 -17.1901 -0.350251 0.910312 0.220582 -0.567917 -0.905127 -0.268353 -0.329746 31.8555
-0.489665 -0.306139 0.816399 -17.3073 -0.382451 0.916863 0.114423 -0.427052 -0.783556 -0.256204 -0.566039 31.4455
-0.651683 -0.258792 0.712977 -17.1468 -0.373683 0.927544 -0.00488401 -0.27842 -0.660053 -0.26961 -0.70117 31.2347
-0.836324 -0.322653 0.443235 -17.2435 -0.390289 0.918175 -0.0680375 -0.254148 -0.385015 -0.229891 -0.89382 31.1359
-0.937276 -0.0991396 0.334193 -17.2211 -0.162952 0.972116 -0.168632 -0.144675 -0.308157 -0.212512 -0.927296 30.6424
-0.764065 -0.141726 0.629379 -16.9968 -0.246283 0.965764 -0.081512 0.0241984 -0.596279 -0.217286 -0.772812 30.6411
-0.744409 -0.0425584 0.666366 -16.4606 -0.198722 0.966867 -0.160245 0.16688 -0.637467 -0.251709 -0.728202 30.4161
-0.472807 -0.131546 0.871292 -16.1964 -0.25722 0.966332 0.00631426 0.203802 -0.842788 -0.221128 -0.490725 30.4235
-0.124307 -0.166443 0.978184 -15.9572 -0.294846 0.947497 0.123752 0.221419 -0.947425 -0.27303 -0.166855 30.4998
0.255495 -0.129825 0.958054 -15.8142 -0.204655 0.961225 0.184833 0.197327 -0.944901 -0.243294 0.219019 30.6052
0.552095 -0.213412 0.806006 -15.6382 -0.0752169 0.949998 0.30306 0.233184 -0.830381 -0.227943 0.508437 30.6808
0.68822 -0.173258 0.704511 -15.3924 -0.0663503 0.951966 0.29893 0.218349 -0.722462 -0.252474 0.643666 30.8268
0.774581 -0.132382 0.618465 -15.3566 -0.0741687 0.952091 0.296686 0.179421 -0.628111 -0.275678 0.727653 31.066
0.896542 -0.216559 0.386412 -15.1548 0.0847688 0.940101 0.330188 0.176202 -0.434771 -0.263272 0.861198 31.1865
0.950478 -0.130056 0.282271 -15.0505 0.0256916 0.938003 0.345674 0.136528 -0.309728 -0.321304 0.894892 31.667
0.97959 -0.139341 -0.14487 -14.9505 0.169624 0.959747 0.223858 0.14259 0.107846 -0.243863 0.963795 32.0506
0.874657 -0.167308 -0.454955 -15.1823 0.289133 0.933379 0.212616 0.146866 0.389073 -0.317508 0.86476 32.3288
0.585253 -0.222764 -0.779651 -15.4508 0.380333 0.924604 0.0213215 0.145349 0.716118 -0.309006 0.625852 32.5597
0.323409 -0.174444 -0.930041 -15.5837 0.303377 0.950093 -0.0727096 0.149173 0.896309 -0.258638 0.36019 32.7527
0.107109 -0.0217428 -0.99401 -15.9052 0.244063 0.969746 0.00508674 0.0940201 0.963826 -0.243145 0.109175 32.8895
-0.196925 -0.146704 -0.969381 -16.0291 0.17051 0.968549 -0.181216 0.139989 0.965478 -0.200975 -0.165717 33.2008
0.0270206 -0.0341137 -0.999053 -16.3733 0.213123 0.976636 -0.0275841 0.104446 0.976652 -0.212176 0.0336597 33.4111
0.0854389 -0.036682 -0.995668 -16.5929 0.132751 0.990831 -0.0251124 0.111996 0.98746 -0.130031 0.0895251 33.815
0.33642 0.109494 -0.935325 -16.9037 0.207553 0.960173 0.187056 0.0639929 0.918555 -0.257059 0.300295 34.09
0.469113 -0.104506 -0.876933 -16.8858 0.268869 0.962737 0.0290995 0.127404 0.841215 -0.249431 0.47973 34.4677
0.731381 -0.135896 -0.668292 -16.9413 0.322861 0.932167 0.163786 0.125932 0.600701 -0.335555 0.725645 34.7919
0.802075 -0.246339 -0.544052 -16.9647 0.352534 0.930616 0.0983572 0.154712 0.482074 -0.270686 0.833267 35.2784
0.8993 -0.224695 -0.375196 -17.0572 0.320395 0.922441 0.215522 0.170262 0.297669 -0.31403 0.901542 35.8216
0.820184 -0.234045 -0.522035 -17.1625 0.321217 0.943476 0.0816822 0.160851 0.47341 -0.234681 0.849004 36.2828
0.640766 -0.231539 -0.73199 -17.4704 0.35813 0.933494 0.0182202 0.140596 0.679089 -0.273823 0.681072 36.7474
0.44855 -0.2134 -0.867907 -17.6905 0.384018 0.922887 -0.0284515 0.160342 0.807052 -0.32053 0.495911 37.274
0.12623 -0.221193 -0.967026 -18.0462 0.247862 0.950937 -0.185158 0.165627 0.960536 -0.216317 0.174863 37.6874
-0.157349 -0.0923659 -0.983214 -18.2644 0.20812 0.970154 -0.124445 0.117148 0.965364 -0.224208 -0.133429 37.7695
-0.420371 -0.0635468 -0.905124 -18.6794 0.0832415 0.990637 -0.108211 0.0932592 0.903526 -0.120832 -0.411145 37.8853
-0.757554 -0.114054 -0.642732 -18.7901 -0.0498644 0.991852 -0.117234 0.109891 0.650866 -0.0567617 -0.757068 37.8419
-0.920218 -0.0845485 -0.382166 -19.0006 0.0277565 0.959836 -0.279185 0.0757098 0.390421 -0.267518 -0.880912 37.5885
-0.984263 -0.170556 -0.0462229 -19.1749 -0.160022 0.971246 -0.17628 0.0794905 0.0749593 -0.166109 -0.983254 37.4121
-0.923985 -0.262065 0.27852 -19.2348 -0.300881 0.947701 -0.106459 0.115597 -0.236054 -0.182168 -0.954512 37.3164
-0.801995 -0.246298 0.544188 -19.1469 -0.308795 0.950806 -0.0247542 0.133483 -0.511321 -0.187896 -0.838598 36.8689
-0.5798 -0.360844 0.730495 -19.1557 -0.366343 0.916295 0.161854 0.341617 -0.727753 -0.173768 -0.663461 36.3968
-0.408514 -0.428595 0.805868 -19.0851 -0.517783 0.835908 0.182095 0.551012 -0.751677 -0.342876 -0.563399 36.1864
-0.190834 -0.373652 0.907726 -19.133 -0.372848 0.88301 0.285093 0.723088 -0.908056 -0.284039 -0.307824 35.8304
-0.0344495 -0.309327 0.950332 -18.972 -0.366677 0.888495 0.275907 0.875914 -0.92971 -0.33896 -0.144031 35.5891
0.298063 -0.19442 0.934537 -19.0715 -0.243639 0.931114 0.271415 0.967788 -0.922929 -0.308588 0.230162 35.4315
0.412365 0.0967859 0.905863 -19.27 -0.145556 0.988567 -0.0393626 0.836958 -0.899316 -0.115622 0.421738 35.4181
0.0624226 0.241681 0.968346 -19.3202 -0.049779 0.969784 -0.238831 0.760869 -0.996808 -0.0332948 0.0725671 35.1966
-0.356483 0.142865 0.923314 -19.2497 0.0163977 0.989044 -0.146705 0.927896 -0.934158 -0.0371575 -0.35492 34.7522
-0.638272 0.110518 0.761837 -19.2476 -0.0328253 0.984833 -0.170369 1.10655 -0.769111 -0.133749 -0.624964 34.4213
-0.594016 -0.0564431 0.802471 -19.2527 -0.19156 0.978766 -0.0729563 1.33861 -0.781313 -0.197059 -0.592214 34.1535
-0.569826 -0.135061 0.810591 -19.0061 -0.271772 0.961869 -0.0307821 1.5292 -0.775525 -0.237836 -0.584804 34.0176
-0.336827 -0.257586 0.905647 -18.7106 -0.444154 0.891579 0.0883955 1.67252 -0.830226 -0.372473 -0.414716 34.1536
-0.173952 -0.321484 0.9308 -18.6683 -0.390888 0.890098 0.234375 1.67922 -0.903851 -0.323069 -0.280499 34.0857
-0.325918 -0.245379 0.912998 -18.552 -0.28482 0.946346 0.152668 1.85409 -0.901474 -0.210283 -0.37832 33.7901
-0.610672 -0.112604 0.783837 -18.6037 -0.168209 0.985695 0.0105544 1.84839 -0.773812 -0.125403 -0.620877 33.4237
-0.582216 -0.0978539 0.807124 -18.3332 -0.147839 0.988923 0.0132518 2.06684 -0.79948 -0.111609 -0.590233 33.166
-0.14062 -0.105102 0.984469 -18.062 -0.115599 0.989291 0.0891043 2.12875 -0.983292 -0.101274 -0.151264 33.2166
0.206668 -0.0508288 0.97709 -17.8628 -0.0647868 0.995747 0.0655027 2.22917 -0.976264 -0.0768399 0.202496 33.1602
0.192639 -0.033674 0.980692 -17.5621 -0.127452 0.990086 0.0590322 2.37005 -0.972957 -0.136363 0.186438 33.0307
-0.156062 -0.146096 0.976883 -17.4604 -0.111229 0.98531 0.129586 2.49527 -0.981465 -0.0884338 -0.17002 32.63
-0.368732 -0.0436147 0.928512 -17.3202 -0.135525 0.990747 -0.00728187 2.62679 -0.919603 -0.128522 -0.371231 32.339
-0.719639 -0.0496814 0.692569 -17.4474 -0.0975113 0.994783 -0.029962 2.72975 -0.687467 -0.0890951 -0.720729 32.1081
-0.862277 -0.0988111 0.496703 -17.6725 -0.0636438 0.994148 0.0872841 2.87404 -0.502421 0.0436509 -0.86352 31.9173
-0.936614 -0.0992687 0.336006 -17.6496 -0.0651916 0.991652 0.11125 2.90956 -0.344245 0.0822933 -0.935266 31.7937
-0.852019 -0.173984 0.493754 -17.5344 -0.159155 0.984602 0.0723065 3.07493 -0.498731 -0.0169768 -0.86659 31.604
-0.892185 -0.063217 0.447224 -17.2599 -0.0211567 0.994919 0.0984297 3.16471 -0.451175 0.0783557 -0.888989 31.3948
-0.938444 -0.00859176 0.345325 -17.3484 0.0349417 0.992202 0.119643 3.2959 -0.34366 0.124344 -0.930825 31.1424
-0.989536 0.0589456 0.1317 -17.0466 0.068744 0.995095 0.0711324 3.4677 -0.126861 0.0794416 -0.988734 31.0834
-0.98458 0.160262 -0.0701336 -17.008 0.155221 0.985233 0.0722658 3.5644 0.0806794 0.0602652 -0.994917 30.7674
-0.907966 0.142322 -0.394135 -16.8495 0.0959018 0.986169 0.135177 3.68081 0.407923 0.0849381 -0.909057 30.715
-0.686515 0.2231 -0.692043 -16.8352 0.155051 0.974791 0.160439 3.76234 0.710391 0.0028417 -0.703801 30.7871
-0.33353 0.24429 -0.910538 -16.8751 0.049829 0.969061 0.241739 3.77292 0.941422 0.0352562 -0.335384 30.8283
0.0191659 0.262196 -0.964824 -16.6848 -0.0451209 0.964245 0.261142 3.76102 0.998798 0.0385287 0.0303112 30.7354
0.159847 0.213146 -0.963856 -16.3484 -0.0962577 0.975123 0.199674 3.79673 0.982438 0.0608612 0.176387 30.6487
0.0698346 0.30556 -0.949608 -16.2422 -0.210655 0.934983 0.285362 3.73207 0.975063 0.180112 0.129662 30.6051
0.0376285 0.304662 -0.951717 -16.2393 -0.212796 0.93299 0.290254 3.74012 0.976372 0.1916 0.0999378 30.599
-0.997482 0.0097578 0.0702386 -134.744 0.00101399 0.992349 -0.123461 11.2328 -0.0709059 -0.123079 -0.989861 2.01387
-0.997959 0.056325 0.0300895 -134.566 0.0526579 0.9924 -0.111217 11.1406 -0.0361252 -0.109406 -0.99334 1.69852
-0.973067 0.0835363 -0.214856 -134.533 0.104391 0.99067 -0.0876045 11.2022 0.205533 -0.107674 -0.972709 1.07356
-0.861635 0.22755 -0.453658 -134.68 0.201658 0.973766 0.105421 11.0983 0.465746 -0.0006495 -0.884918 0.379637
-0.740138 0.312278 -0.595549 -134.909 0.235113 0.94991 0.205894 11.1085 0.630014 0.0123687 -0.776485 -0.21135
-0.496599 0.259865 -0.828166 -135.095 0.133228 0.965645 0.223115 11.1452 0.857694 0.000464178 -0.51416 -0.518356
-0.182986 0.333636 -0.924772 -135.318 -0.0227687 0.938964 0.343261 11.1273 0.982852 0.0838678 -0.164221 -0.627487
0.240507 0.316266 -0.917678 -135.343 -0.115611 0.948032 0.296428 11.1693 0.963738 0.0348007 0.264572 -0.666167
0.600204 0.0984803 -0.793761 -135.273 0.0526057 0.985382 0.162032 11.3565 0.798115 -0.139009 0.58625 -0.802713
0.724705 -0.0894552 -0.683228 -135.097 0.220889 0.96937 0.107379 11.4465 0.652696 -0.228735 0.722266 -0.830818
0.743849 -0.05215 -0.66631 -135.066 0.212161 0.963812 0.161415 11.3914 0.63378 -0.261433 0.727994 -0.830074
0.711272 0.129799 -0.690829 -135.177 0.0588865 0.968345 0.242571 11.2912 0.700446 -0.213214 0.681113 -0.91588
0.474073 0.244199 -0.845944 -135.098 0.0141495 0.958533 0.284629 11.2249 0.880372 -0.146905 0.45096 -0.933888
0.187556 0.201405 -0.961384 -135.103 0.177983 0.955583 0.234913 11.2062 0.965994 -0.21517 0.143378 -1.16418
-0.163431 0.233731 -0.958468 -135.04 0.219887 0.955721 0.195567 11.2089 0.961738 -0.178793 -0.207589 -1.47137
-0.478269 0.235935 -0.845928 -134.977 0.247234 0.960451 0.128096 11.2 0.842695 -0.147877 -0.517685 -1.58663
-0.757482 0.284637 -0.587539 -134.999 0.292732 0.952494 0.0840381 11.2102 0.583548 -0.108334 -0.80482 -1.76517
-0.926034 0.288121 -0.24382 -134.993 0.298086 0.95453 -0.00417236 11.1679 0.231531 -0.0765428 -0.969812 -1.93918
-0.870174 0.348275 0.348571 -134.92 0.326999 0.937346 -0.120229 10.9933 -0.368604 0.00936181 -0.929539 -2.24032
-0.660201 0.372178 0.652395 -134.97 0.323303 0.924827 -0.200424 10.7963 -0.677946 0.0786012 -0.730898 -2.44711
-0.602444 0.250431 0.757856 -134.807 0.189585 0.967227 -0.168909 10.6071 -0.775318 0.0419201 -0.630178 -2.76579
-0.817224 0.0598696 0.573202 -134.881 -0.0727996 0.975899 -0.205722 10.5457 -0.571704 -0.20985 -0.79317 -2.98787
-0.771419 -0.162065 0.615344 -134.696 -0.303592 0.943603 -0.132076 10.4011 -0.559236 -0.2887 -0.777115 -3.23244
-0.908973 -0.103036 0.403921 -134.717 -0.170956 0.975878 -0.135779 10.2556 -0.380187 -0.192473 -0.904661 -3.52382
-0.908977 0.0410063 0.414825 -134.552 -0.0981407 0.946124 -0.308575 9.91063 -0.40513 -0.321198 -0.85598 -3.95058
-0.884412 0.0713159 0.461227 -134.624 0.0473545 0.996868 -0.0633347 9.76309 -0.464299 -0.0341727 -0.885019 -4.17605
-0.932639 -0.031437 0.35944 -134.653 0.000729327 0.996031 0.0890062 9.73114 -0.360811 0.0832727 -0.928914 -4.72052
-0.944753 0.0400055 0.325332 -134.738 0.0814698 0.990037 0.114843 9.6935 -0.317497 0.135003 -0.9386 -4.78821
-0.853268 -0.0615469 0.517828 -134.715 -0.0244298 0.996638 0.0782013 9.71548 -0.5209 0.0540762 -0.851903 -4.73138
-0.820059 -0.110006 0.561607 -134.95 -0.10847 0.99344 0.0362041 9.75012 -0.561906 -0.031228 -0.826611 -5.03745
-0.661574 -0.0614659 0.747356 -134.923 -0.0750121 0.997061 0.0156005 9.75616 -0.746119 -0.0457399 -0.66424 -5.55066
-0.380031 -0.0458521 0.923837 -134.774 -0.214452 0.975924 -0.0397799 9.74936 -0.899771 -0.213236 -0.380714 -5.94626
-0.188051 -0.0356678 0.981511 -134.527 -0.250129 0.968129 -0.0127417 9.65752 -0.949775 -0.247901 -0.190979 -6.72657
-0.120347 -0.0949811 0.988178 -134.198 -0.197411 0.977822 0.0699438 9.71578 -0.972906 -0.18666 -0.136428 -7.22037
-0.563748 -0.133525 0.815082 -133.795 -0.301154 0.952139 -0.0523148 9.73452 -0.769086 -0.274958 -0.576979 -7.84557
-0.834094 -0.13874 0.533889 -133.648 -0.242929 0.961333 -0.129709 9.75045 -0.495249 -0.237886 -0.835547 -8.10811
-0.860331 -0.13487 0.49157 -133.359 -0.230324 0.963157 -0.138848 9.66514 -0.454733 -0.232676 -0.859698 -8.89576
-0.798266 -0.0406674 0.600931 -133.218 -0.249271 0.930569 -0.268152 9.61777 -0.548302 -0.363851 -0.752979 -9.75247
-0.806124 -0.26085 0.531151 -133.221 -0.232984 0.965008 0.120321 9.6272 -0.543951 -0.0267559 -0.83869 -10.1627
-0.955864 -0.285056 0.0711824 -133.434 -0.290591 0.952989 -0.0858442 9.59731 -0.0433656 -0.10274 -0.993762 -10.4965
-0.975175 0.0690494 0.210393 -133.48 -0.0342092 0.891753 -0.451228 9.60257 -0.218775 -0.447224 -0.867253 -10.9469
-0.786881 0.387434 0.480326 -133.403 -0.00634103 0.773236 -0.634086 9.54755 -0.617072 -0.501996 -0.605989 -11.3772
-0.817448 -0.00220218 0.575999 -133.613 -0.0792158 0.990921 -0.108633 9.69229 -0.57053 -0.13443 -0.8102 -11.7198
-0.958009 -0.101028 0.268352 -133.946 -0.0692463 0.989688 0.125386 9.74681 -0.278252 0.101539 -0.955126 -12.0721
-0.995082 -0.012356 0.0982789 -134.075 -0.0502414 0.918046 -0.393278 9.73901 -0.0853652 -0.396282 -0.914152 -12.3704
-0.944059 -0.298772 0.139601 -134.617 -0.327015 0.90281 -0.279277 9.81758 -0.0425934 -0.309306 -0.950008 -13.1748
-0.952699 -0.282389 -0.112346 -135.158 -0.2394 0.925025 -0.294986 9.75009 0.187223 -0.254137 -0.948874 -13.8517
-0.971881 -0.204823 0.116164 -135.616 -0.228737 0.938344 -0.25921 9.77478 -0.0559093 -0.278493 -0.95881 -14.5305
-0.890261 -0.43886 -0.12181 -136.126 -0.445565 0.894632 0.0332565 9.70785 0.0943801 0.0838812 -0.991996 -14.8682
-0.822122 -0.350996 -0.448238 -136.652 -0.341659 0.933973 -0.104711 9.67399 0.455395 0.0670598 -0.88776 -15.1801
-0.582551 -0.414596 -0.699103 -137.156 -0.363879 0.902144 -0.231793 9.64834 0.726792 0.119358 -0.676408 -15.2611
-0.457973 -0.140873 -0.877733 -137.508 0.0952241 0.973909 -0.205994 9.62874 0.883851 -0.177921 -0.43261 -15.2728
-0.650776 0.137469 -0.746722 -137.658 0.454447 0.858382 -0.23803 9.55197 0.608251 -0.494249 -0.621086 -15.3958
-0.851969 0.224112 -0.473205 -137.936 0.404949 0.854942 -0.324176 9.5272 0.331911 -0.467812 -0.819138 -15.5467
-0.994104 0.0850123 -0.0673022 -138.232 0.100739 0.953723 -0.283309 9.54769 0.0401029 -0.288419 -0.956664 -15.7028
-0.929609 0.0507947 0.36503 -138.354 -0.0289128 0.977353 -0.209632 9.56333 -0.367411 -0.20543 -0.907087 -15.8662
-0.839383 -0.0689988 0.539143 -138.628 -0.26521 0.917812 -0.29544 9.59578 -0.474447 -0.390973 -0.788695 -16.0955
-0.542345 -0.0761357 0.836699 -138.898 -0.323484 0.938031 -0.124325 9.55003 -0.775384 -0.338086 -0.533365 -16.2675
-0.28644 0.0220301 0.957845 -139.065 -0.341987 0.931528 -0.123695 9.5792 -0.894984 -0.363002 -0.259293 -16.5794
-0.0407911 -0.0700101 0.996712 -139.387 -0.331481 0.941994 0.0526006 9.57711 -0.94258 -0.328246 -0.0616321 -16.6522
0.111989 0.0192291 0.993523 -139.543 -0.266831 0.963676 0.0114254 9.55798 -0.957215 -0.266382 0.113052 -16.3993
0.420404 0.0148481 0.907215 -139.534 -0.215694 0.972839 0.0840305 9.58968 -0.881327 -0.231008 0.412188 -16.1755
0.44305 -0.0815131 0.892784 -139.098 -0.226953 0.95322 0.199658 9.71584 -0.867294 -0.291078 0.403824 -16.1233
0.459468 -0.146899 0.875962 -138.628 -0.21884 0.937101 0.271939 9.69361 -0.860813 -0.316643 0.398421 -16.1573
0.154636 -0.172008 0.972883 -138.235 -0.323541 0.921611 0.214368 9.71275 -0.933493 -0.347916 0.0868624 -16.1262
0.420728 -0.194536 0.886083 -137.868 -0.172368 0.941803 0.288613 9.68486 -0.890661 -0.27416 0.362711 -16.1148
0.267554 -0.270852 0.924691 -137.328 -0.253381 0.906125 0.338727 9.71655 -0.929631 -0.324927 0.173809 -16.2834
0.569305 -0.177513 0.802734 -136.817 -0.101935 0.953635 0.283176 9.69309 -0.815783 -0.24304 0.524814 -16.3905
0.860614 -0.172452 0.47917 -136.449 0.0246838 0.953938 0.298986 9.66329 -0.508659 -0.245484 0.825229 -16.0304
0.981772 -0.121968 0.145769 -136.486 0.0906525 0.974577 0.204893 9.57068 -0.167053 -0.187944 0.967869 -15.8938
0.950616 -0.0786847 -0.300231 -136.513 0.132814 0.977418 0.164364 9.47496 0.280518 -0.196121 0.939599 -15.6751
0.549976 -0.129335 -0.825105 -136.644 0.245682 0.969278 0.0118254 9.4975 0.798227 -0.209217 0.564855 -15.4873
0.489118 -0.206861 -0.847332 -137.038 0.40024 0.916381 0.00731797 9.54174 0.774966 -0.342715 0.531012 -15.2632
0.507614 -0.114818 -0.8539 -137.374 0.339304 0.937632 0.075627 9.47671 0.79196 -0.328121 0.514913 -14.7404
0.555416 -0.140262 -0.819659 -137.41 0.312471 0.948642 0.0494026 9.48063 0.770633 -0.283559 0.570718 -14.3651
0.330022 -0.121175 -0.936163 -137.016 0.362147 0.932095 0.00701793 9.48779 0.871743 -0.341344 0.351495 -14.5806
0.205547 0.0236126 -0.978362 -136.492 0.240923 0.967721 0.0739719 9.49754 0.948529 -0.250914 0.193223 -14.5332
0.405636 -0.100249 -0.90852 -136.367 0.244222 0.969717 0.00203869 9.49239 0.880803 -0.222708 0.417836 -14.0225
0.301757 -0.0629311 -0.951306 -136.285 0.26078 0.965214 0.0188691 9.4329 0.917026 -0.253776 0.307671 -13.4451
0.411032 -0.114809 -0.904363 -136.185 0.319232 0.947351 0.0248245 9.50165 0.853899 -0.298905 0.426042 -12.7814
