0.999993 -0.00284797 0.00260616 0.000183959 0.002847 0.999996 0.000373516 4.44197e-05 -0.00260721 -0.000366094 0.999997 6.46353e-05
0.902599 -0.0124205 -0.430303 4.83461 0.00362554 0.999768 -0.0212529 0.233758 0.430467 0.0176228 0.902434 0.257637
0.848643 -0.0364685 -0.527707 5.59305 0.0203258 0.999132 -0.0363602 0.240934 0.528575 0.0201308 0.848648 0.657353
0.921932 -0.0729062 -0.380429 6.38466 0.0293611 0.992455 -0.119043 0.243491 0.386237 0.0985794 0.917117 1.40356
0.95712 -0.094155 -0.273963 7.4362 0.0814722 0.995025 -0.0573359 0.285011 0.277999 0.032557 0.96003 1.80002
0.848954 -0.0563686 -0.525452 8.46143 0.0385404 0.998251 -0.0448206 0.274468 0.527059 0.0177995 0.849642 2.24729
0.557923 -0.0674246 -0.827149 9.19067 0.0905948 0.995686 -0.0200554 0.320167 0.824933 -0.063746 0.561625 3.07941
0.164907 -0.0671578 -0.98402 9.30177 0.258238 0.965816 -0.0226386 0.430178 0.951903 -0.250379 0.176612 3.32699
-0.236649 0.023538 -0.97131 9.55878 0.298065 0.95326 -0.0495197 0.483102 0.924746 -0.301233 -0.232604 3.80149
-0.55212 0.00603526 -0.833743 9.61292 0.216708 0.966645 -0.136511 0.508405 0.805109 -0.25605 -0.535012 4.11402
-0.544266 -0.00516845 -0.838897 9.6631 0.0674126 0.996478 -0.0498757 0.434506 0.8362 -0.0836978 -0.542 4.8035
-0.601533 0.0793601 -0.794896 10.0407 0.0380059 0.99677 0.0707539 0.320885 0.797943 0.0123501 -0.602606 4.75883
-0.865828 0.108651 -0.488401 10.1671 0.0582953 0.991395 0.117204 0.278151 0.496933 0.0730071 -0.864712 4.524
-0.992165 0.0185602 -0.123549 10.0872 0.0114172 0.998235 0.0582746 0.257978 0.124412 0.0564075 -0.990626 4.20186
-0.976707 -0.0070805 0.214459 9.66366 -0.00415266 0.999892 0.0140997 0.311204 -0.214536 0.0128807 -0.976631 3.62567
-0.820958 -0.00759779 0.570938 9.33091 0.0465595 0.995691 0.0801987 0.284968 -0.569087 0.0924223 -0.817067 3.14119
-0.589468 -0.0181337 0.807588 8.7583 0.00501379 0.999647 0.0261058 0.308285 -0.807776 0.0194376 -0.589169 2.34228
-0.576423 -0.0512704 0.815541 8.13607 -0.0625408 0.99787 0.0185291 0.33599 -0.814755 -0.0403239 -0.578402 1.583
-0.835514 -0.0200435 0.549104 7.57002 -0.0167655 0.999799 0.0109845 0.332762 -0.549214 -2.82996e-05 -0.835682 0.696673
-0.958617 -0.0501204 0.280251 6.94899 -0.0348372 0.997635 0.0592551 0.294355 -0.282558 0.0470398 -0.958096 -0.159517
-0.814362 -0.00584554 0.580328 6.2372 0.000836913 0.999936 0.0112466 0.262893 -0.580356 0.0096445 -0.814306 -0.795592
-0.904726 -0.0260021 0.4252 5.17266 -0.00204497 0.998389 0.0567029 0.259026 -0.42599 0.050431 -0.903321 -1.19895
-0.995473 -0.00943118 0.0945798 4.4854 -0.00370607 0.99816 0.060526 0.266689 -0.0949766 0.0599014 -0.993676 -1.68086
-0.921781 -0.0903632 -0.377033 4.56246 -0.119896 0.991231 0.0555577 0.265443 0.368707 0.0964169 -0.924532 -1.78987
-0.749593 -0.121569 -0.650639 4.71959 -0.193204 0.980367 0.0394102 0.271592 0.633074 0.155247 -0.758363 -1.81474
-0.468909 -0.041756 -0.882259 4.92383 -0.205946 0.976518 0.0632409 0.252071 0.8589 0.211352 -0.466498 -1.82367
-0.100428 -0.0596527 -0.993154 5.15405 -0.0918508 0.994494 -0.0504452 0.282221 0.990696 0.0861559 -0.105354 -1.65901
0.246498 -0.110668 -0.962804 5.1642 0.0200971 0.993829 -0.109089 0.340492 0.968935 0.00754063 0.247201 -1.1448
0.337963 -0.15183 -0.928832 5.22926 0.0430606 0.988363 -0.145893 0.35809 0.940174 0.00931037 0.340568 -0.776941
0.622671 -0.109394 0.774799 2.34425 -0.0862918 0.97454 0.206944 0.145319 -0.777711 -0.195717 0.597378 -0.421915
0.581599 -0.208189 0.786384 2.47739 0.0599311 0.975035 0.213809 0.113428 -0.811265 -0.0772221 0.579556 -0.515183
0.464736 -0.240166 0.852257 2.63598 0.0630375 0.969045 0.238702 0.10888 -0.883203 -0.0572093 0.465489 -0.560955
0.618593 -0.356354 0.700253 2.97061 0.0295122 0.901143 0.432515 0.223701 -0.785157 -0.246885 0.567958 -0.895073
0.664897 -0.415438 0.620745 3.36532 0.0300998 0.845283 0.533471 0.277903 -0.746329 -0.336019 0.57453 -0.977261
0.797939 -0.443956 0.407673 3.65723 0.208079 0.837683 0.504965 0.239358 -0.565683 -0.318103 0.760798 -0.975011
0.864546 -0.173768 0.471555 3.99336 0.0800102 0.973943 0.212209 0.149287 -0.496143 -0.145735 0.855922 -0.639985
0.975069 -0.165097 0.14827 4.20824 0.13561 0.972227 0.190748 0.169038 -0.175644 -0.165885 0.970377 -0.25954
0.976887 -0.115804 -0.17967 4.36629 0.131503 0.988239 0.0780395 0.126958 0.16852 -0.0998629 0.980627 0.0563997
0.862315 -0.0712178 -0.50134 4.3262 0.142348 0.984229 0.105026 0.139219 0.485954 -0.16193 0.858853 0.37943
0.699884 -0.312215 -0.642404 4.33235 0.449797 0.891319 0.0568534 0.248344 0.554837 -0.328743 0.764254 0.58122
0.718048 -0.475748 -0.508006 4.26682 0.64784 0.723641 0.238006 0.314613 0.254383 -0.500007 0.827818 0.69294
0.817312 -0.26464 -0.511827 4.13247 0.387746 0.909672 0.148827 0.204125 0.426209 -0.320097 0.846099 1.10915
0.793606 0.0135775 -0.60828 4.09202 0.0986576 0.983649 0.150672 0.0770246 0.60038 -0.179586 0.77929 1.39935
0.571925 -0.0319528 -0.819683 3.90845 0.122405 0.991378 0.0467609 0.0977506 0.811122 -0.127077 0.570905 1.5633
0.288965 0.00309965 -0.957335 3.91332 0.0722669 0.997071 0.0250416 0.0740364 0.954608 -0.0764197 0.287894 1.73976
-0.035932 -0.0623923 -0.997405 4.1005 0.189093 0.979596 -0.0680904 0.157657 0.981301 -0.191049 -0.0234009 1.57653
-0.371692 -0.130033 -0.919204 4.2031 0.116036 0.97587 -0.184969 0.167456 0.921076 -0.175413 -0.347634 1.61945
-0.646919 -0.284821 -0.70737 4.57211 0.0390762 0.914027 -0.403768 0.247899 0.761557 -0.288847 -0.580172 1.61606
-0.855293 -0.27167 -0.441213 4.66976 -0.0818756 0.911688 -0.402643 0.220554 0.511634 -0.308253 -0.802004 1.53315
-0.944223 -0.270961 -0.187143 4.5816 -0.186789 0.908719 -0.373283 0.235707 0.271205 -0.317507 -0.908646 1.55084
-0.989047 -0.112797 0.0951985 4.41668 -0.129126 0.973669 -0.187868 0.150237 -0.071501 -0.198103 -0.97757 1.39474
-0.85547 -0.106322 0.50682 4.34559 -0.182897 0.977656 -0.10362 0.141147 -0.484478 -0.181339 -0.855802 1.13927
-0.589706 -0.165699 0.790437 4.27032 -0.268213 0.963358 0.0018479 0.180201 -0.76178 -0.210916 -0.612541 1.07155
-0.293371 -0.156502 0.943102 4.30305 -0.299846 0.951793 0.0646712 0.1653 -0.907759 -0.263812 -0.326154 0.935546
0.0555159 -0.184547 0.981255 4.37373 -0.303398 0.933181 0.192671 0.20025 -0.951245 -0.308407 -0.00418472 0.641789
0.140496 -0.0849616 0.986429 4.52152 -0.218232 0.96915 0.114556 0.154045 -0.965731 -0.231365 0.117621 0.24593
-0.254864 -0.0277506 0.966579 4.6955 -0.140254 0.990079 -0.00855634 0.101162 -0.956751 -0.137747 -0.256227 -0.225696
-0.594831 0.0581209 0.801747 4.6982 -0.0481499 0.993016 -0.10771 0.0969412 -0.802407 -0.102673 -0.587878 -0.467719
-0.901474 -0.0564123 0.429141 4.72237 -0.151223 0.970038 -0.19015 0.165918 -0.405557 -0.236312 -0.882995 -0.572123
-0.975918 -0.187334 0.111755 4.51392 -0.209672 0.94692 -0.243681 0.193044 -0.0601732 -0.261245 -0.963395 -0.655561
-0.957225 -0.10815 -0.268373 4.24997 -0.0283924 0.958151 -0.284851 0.193458 0.287949 -0.265047 -0.920237 -0.885904
-0.747838 -0.041189 -0.662603 3.74929 0.0796425 0.985299 -0.151136 0.156729 0.659087 -0.165797 -0.733564 -0.923938
-0.488547 -0.141997 -0.860906 3.39005 0.14152 0.960709 -0.238768 0.210474 0.860984 -0.238484 -0.449256 -1.0176
-0.394852 -0.241375 -0.886471 2.80393 0.174318 0.927662 -0.330236 0.226453 0.902056 -0.284922 -0.324213 -0.911637
-0.342162 -0.233246 -0.910231 2.30409 0.197965 0.929065 -0.312488 0.218365 0.91855 -0.287116 -0.271716 -0.757443
-0.492964 -0.255498 -0.83169 1.76199 0.20169 0.896313 -0.394897 0.262337 0.84635 -0.362414 -0.390318 -0.713519
-0.597667 -0.251774 -0.761186 1.07431 0.0249668 0.943107 -0.331551 0.253397 0.801355 -0.217162 -0.557378 -0.86619
-0.5081 -0.126495 -0.851958 0.449346 0.100245 0.973749 -0.204363 0.167997 0.855444 -0.189241 -0.482082 -1.21857
-0.185631 -0.0959296 -0.977926 -0.0956186 0.120752 0.985453 -0.119589 0.14681 0.975172 -0.140286 -0.171347 -1.27791
0.167395 -0.0893482 -0.981833 -0.292758 0.186159 0.980834 -0.0575186 0.149328 0.968155 -0.173149 0.18082 -1.23958
0.625483 -0.145842 -0.766486 -0.482624 0.235189 0.971925 0.00699213 0.185035 0.743947 -0.184642 0.642222 -0.947623
0.867347 -0.144237 -0.476346 -0.526031 0.211683 0.973113 0.0907824 0.19678 0.450444 -0.179574 0.874559 -0.883933
0.950581 -0.256642 -0.174731 -0.49834 0.288735 0.937626 0.193623 0.178483 0.11414 -0.234506 0.965391 -0.771494
0.904525 -0.420561 0.0704466 -0.426895 0.363914 0.847439 0.38654 0.236767 -0.222263 -0.323999 0.919578 -0.580657
0.802768 -0.577012 0.150401 -0.558873 0.362766 0.672771 0.64481 0.307204 -0.473249 -0.463072 0.7494 -0.377705
0.734247 -0.673666 0.0839997 -0.330548 0.307359 0.440195 0.843658 0.382285 -0.60532 -0.593635 0.530269 -0.0530896
0.73139 -0.67436 -0.101524 -0.06332 0.473718 0.395302 0.786974 0.391156 -0.490571 -0.623679 0.608576 0.326535
0.743524 -0.628165 -0.229305 0.248084 0.622342 0.524552 0.580978 0.368849 -0.244668 -0.574677 0.780951 0.758982
0.779751 -0.497399 -0.38024 0.256258 0.620198 0.696769 0.360372 0.317062 0.0856909 -0.516825 0.851792 1.14884
0.677274 -0.385525 -0.626634 0.304965 0.444541 0.893097 -0.0689964 0.185155 0.586245 -0.231835 0.776253 1.34956
0.582318 -0.285931 -0.761019 0.283184 0.11539 0.9557 -0.270782 0.122152 0.80473 0.0698667 0.589515 1.52661
0.359481 -0.199137 -0.911657 -0.0126761 0.103998 0.979428 -0.172933 0.0900874 0.927339 -0.0326447 0.372796 1.85987
0.416519 -0.084876 -0.905156 -0.130075 0.194301 0.980939 -0.00257212 0.0666032 0.888121 -0.174801 0.425071 2.414
0.477533 -0.134849 -0.868204 -0.441627 0.271129 0.962543 -0.000373636 0.079666 0.835734 -0.235217 0.496207 2.79938
0.673583 -0.0668969 -0.736078 -0.650115 0.192788 0.977323 0.0875974 0.086875 0.713526 -0.200911 0.671205 3.32443
0.707502 -0.135384 -0.693623 -0.81656 0.181009 0.983454 -0.00732346 0.0860907 0.683138 -0.120371 0.720301 3.94788
0.892038 -0.122345 -0.435087 -0.827955 0.205643 0.967114 0.14967 0.121576 0.402467 -0.222983 0.887862 4.39776
0.821672 -0.241367 -0.51633 -0.808663 0.331791 0.939147 0.0889836 0.175237 0.463432 -0.244429 0.851754 4.86427
0.660483 -0.121658 -0.740919 -1.20485 0.193874 0.980956 0.0117546 0.0998313 0.725379 -0.151409 0.671491 5.40357
0.695361 -0.161253 -0.700336 -1.4043 0.304808 0.948684 0.084207 0.154005 0.650819 -0.272022 0.708829 5.96695
0.682948 -0.217712 -0.697268 -1.57205 0.350463 0.935172 0.0512708 0.173602 0.640904 -0.279382 0.714974 6.47868
0.548622 -0.117608 -0.827757 -1.87224 0.313493 0.94676 0.0732615 0.139546 0.775072 -0.299689 0.556283 6.80235
0.23653 -0.0684389 -0.969211 -2.01838 0.178451 0.983608 -0.0259057 0.0783196 0.955096 -0.166829 0.244866 6.96238
-0.141197 -0.103527 -0.984553 -2.10939 0.156039 0.979758 -0.125401 0.100213 0.977607 -0.171335 -0.122185 7.12563
-0.399629 -0.127561 -0.907758 -2.31994 0.162828 0.964645 -0.207238 0.117117 0.902099 -0.230627 -0.36473 7.37711
-0.195785 -0.139195 -0.970718 -2.47495 0.105383 0.981156 -0.161947 0.107574 0.974968 -0.134004 -0.177427 7.91376
0.193514 -0.138029 -0.971339 -2.50936 0.16352 0.980743 -0.106788 0.0963966 0.967374 -0.138168 0.212358 8.15883
0.514513 -0.0812061 -0.853629 -2.61572 0.239612 0.969465 0.0521973 0.0934642 0.823324 -0.231396 0.51826 8.38753
0.706149 -0.00352086 -0.708055 -2.76158 0.114671 0.987355 0.109453 0.0679646 0.698716 -0.158483 0.697624 8.90649
0.860493 -0.166232 -0.481579 -2.89312 0.312504 0.918772 0.241244 0.0744983 0.402359 -0.358085 0.842545 9.07778
0.952143 -0.149747 -0.266458 -3.02273 0.213096 0.950183 0.227471 0.0578217 0.219121 -0.273366 0.93662 9.53917
0.956467 -0.0880306 -0.278246 -3.28362 0.166581 0.947526 0.272846 0.0460202 0.239627 -0.307319 0.920942 9.73038
0.886294 -0.164338 -0.432986 -3.43241 0.274203 0.939647 0.204637 0.0655846 0.373224 -0.300095 0.877865 10.1455
0.859447 -0.00187512 -0.511221 -3.71034 0.138283 0.963568 0.228943 0.00804253 0.492167 -0.267458 0.828395 10.6938
0.641195 -0.0893591 -0.762158 -3.78574 0.213565 0.974738 0.0653866 0.0321098 0.737061 -0.204696 0.644081 11.0439
0.5752 -0.25453 -0.777405 -3.88743 0.496277 0.864063 0.0842909 0.088414 0.650272 -0.434292 0.623327 11.4007
0.175947 -0.450092 -0.875477 -3.94085 0.685578 0.694236 -0.219132 0.192675 0.706417 -0.561652 0.430722 11.4903
-0.155628 -0.471692 -0.867921 -3.9693 0.547286 0.690277 -0.473281 0.217468 0.822349 -0.548657 0.150724 11.6789
0.118015 -0.239836 -0.963614 -4.34371 0.415373 0.893343 -0.171474 0.0565564 0.901963 -0.380023 0.205049 12.0499
0.276098 -0.10318 -0.955575 -4.52141 0.105769 0.991444 -0.0764926 -0.0674088 0.955292 -0.0799504 0.284649 12.4269
0.386785 -0.0294044 -0.921701 -4.63033 0.000534273 0.999498 -0.0316622 -0.0878413 0.92217 0.011754 0.386607 12.6654
0.631934 -0.161998 -0.757902 -4.80656 0.208489 0.977396 -0.0350768 -0.00157324 0.746453 -0.135848 0.651425 12.9624
0.669038 -0.183726 -0.720162 -4.92586 0.258628 0.965957 -0.00616503 0.0165048 0.696778 -0.182129 0.693779 13.4839
0.677651 -0.157952 -0.718221 -5.13841 0.221831 0.975072 -0.005138 0.0314732 0.701128 -0.155842 0.695796 13.9816
0.818097 -0.198062 -0.539897 -5.21663 0.264726 0.963138 0.0478065 0.0454442 0.510527 -0.182035 0.840372 14.3271
0.882999 -0.333342 -0.330447 -5.32744 0.385911 0.916327 0.106853 0.106405 0.267179 -0.221874 0.937757 14.8562
0.923082 -0.276487 -0.267346 -5.55315 0.310746 0.945749 0.0948461 0.0955187 0.226619 -0.170628 0.958921 15.3915
0.922569 -0.244862 -0.298176 -5.81164 0.293734 0.946828 0.131289 0.0919169 0.250174 -0.208708 0.945439 16.0598
0.918439 -0.360433 -0.162966 -5.92307 0.388603 0.899089 0.201561 0.146082 0.0738721 -0.248451 0.965824 16.516
0.935779 -0.123936 -0.330087 -6.22764 0.166376 0.980618 0.103479 0.0732684 0.310865 -0.151752 0.938261 16.9905
0.927212 -0.159577 -0.338841 -6.33147 0.17618 0.984182 0.0186033 0.0689166 0.330513 -0.0769463 0.94066 17.5695
0.891054 0.0770739 -0.447307 -6.53583 -0.0749129 0.996935 0.0225488 -0.0458053 0.447674 0.0134169 0.894096 18.007
0.651674 0.185783 -0.735395 -6.68645 -0.208175 0.976117 0.0621208 -0.126617 0.729372 0.112609 0.674786 18.1721
0.157166 0.0453731 -0.986529 -6.86496 -0.0369557 0.998515 0.0400369 -0.0439754 0.98688 0.0301655 0.15861 18.2119
-0.239577 -0.0864124 -0.967024 -7.05647 0.0287723 0.994962 -0.0960371 0.0498884 0.970451 -0.0508317 -0.235883 18.2025
-0.321323 -0.296408 -0.899385 -7.251 0.175649 0.914614 -0.364182 0.152422 0.930537 -0.274996 -0.241822 18.3671
-0.323617 -0.357383 -0.876099 -7.36097 0.178803 0.886143 -0.427527 0.173696 0.92914 -0.295004 -0.22287 18.8294
-0.118251 -0.247634 -0.96161 -7.66889 0.15614 0.951721 -0.264288 0.0974343 0.980631 -0.181398 -0.0738766 19.393
0.157045 -0.0911575 -0.983375 -7.79833 0.21578 0.97484 -0.0559062 0.0502635 0.96373 -0.203413 0.172764 20.0601
-0.000126553 -0.0485156 -0.998822 -7.90117 0.198921 0.97886 -0.0475711 0.0234578 0.980015 -0.198693 0.0095269 20.57
0.0263911 -0.0330967 -0.999104 -8.00669 0.20401 0.978596 -0.0270285 -0.0172884 0.978613 -0.203114 0.0325783 20.843
0.32533 -0.0793593 -0.942265 -8.21183 0.239849 0.97081 0.00104781 -0.0187274 0.914676 -0.226342 0.334867 21.3299
-0.0328178 -0.112519 -0.993108 -8.42636 0.245229 0.962362 -0.117139 0.00721241 0.96891 -0.247383 -0.00398977 21.6234
-0.414763 -0.123746 -0.901476 -8.7816 0.188218 0.957616 -0.21805 -0.0199275 0.89025 -0.260113 -0.373892 21.9064
-0.66319 -0.201605 -0.720787 -8.89207 0.014886 0.959295 -0.282012 0.0347275 0.748303 -0.197757 -0.633194 22.1813
-0.421372 -0.148792 -0.894599 -9.34588 0.138591 0.964297 -0.225663 -0.00732723 0.896236 -0.219071 -0.385706 22.6435
-0.0513576 -0.168074 -0.984436 -9.42129 0.238451 0.955162 -0.175516 0.0233677 0.969796 -0.243754 -0.00897753 23.0756
0.383243 -0.106095 -0.917534 -9.50935 0.314554 0.948993 0.0216526 -0.00465776 0.868436 -0.296912 0.397067 23.4721
0.541289 -0.266725 -0.797411 -9.51249 0.422113 0.90639 -0.0166429 0.0345275 0.727205 -0.327589 0.603207 23.9164
0.390722 -0.310257 -0.866647 -9.64311 0.58469 0.810818 -0.0266668 0.0679945 0.710967 -0.496301 0.498209 24.4816
0.279413 -0.236637 -0.930554 -9.79079 0.363275 0.923166 -0.125679 0.0267419 0.888797 -0.302931 0.343909 25.0856
0.430806 -0.164852 -0.88726 -10.0303 0.377097 0.926108 0.0110281 -0.00616688 0.819881 -0.339334 0.461138 25.6533
0.329116 -0.121819 -0.936399 -10.3884 0.372052 0.928158 0.0100179 -0.00701637 0.867905 -0.351686 0.350795 26.2533
0.0815464 -0.187375 -0.978898 -10.6548 0.300157 0.941187 -0.155153 0.00337032 0.950398 -0.281171 0.132992 26.5353
0.156447 -0.0143618 -0.987582 -10.9679 0.206269 0.978321 0.0184488 -0.0339243 0.965908 -0.206594 0.156018 26.99
-0.120701 -0.0339513 -0.992108 -11.0623 0.108487 0.992978 -0.0471798 -0.0391231 0.986743 -0.113326 -0.11617 27.2997
-0.385509 -0.00530174 -0.922689 -11.4084 0.0740301 0.996582 -0.0366569 -0.0457875 0.91973 -0.0824383 -0.383799 27.349
-0.703276 0.0231647 -0.710539 -11.659 0.0102447 0.999695 0.0224516 -0.0674709 0.710843 0.00851044 -0.703299 27.4014
-0.601994 -0.148485 -0.784574 -11.9726 0.0411542 0.975483 -0.216193 0.00469574 0.79744 -0.162435 -0.581124 27.3343
-0.746437 -0.180703 -0.640452 -12.2595 -0.0828821 0.980176 -0.179958 0.0263622 0.660275 -0.0812453 -0.746616 27.3085
-0.548772 -0.194736 -0.812975 -12.3001 0.0915546 0.95264 -0.289992 0.064429 0.830944 -0.233571 -0.504953 27.1974
-0.831036 -0.167614 -0.530363 -12.5039 -0.0385383 0.968575 -0.245718 0.0392758 0.554882 -0.183761 -0.81138 26.9597
-0.955415 -0.231988 -0.18266 -12.4726 -0.188806 0.955624 -0.226129 0.0813028 0.227014 -0.181559 -0.956818 26.7794
-0.955643 -0.250628 0.1547 -12.4117 -0.278688 0.939401 -0.199649 0.0827571 -0.095288 -0.233906 -0.967579 26.5815
-0.936011 -0.222272 0.272907 -12.5237 -0.255177 0.962582 -0.091215 0.0890884 -0.242421 -0.155018 -0.957706 26.5018
-0.982551 -0.132545 0.130484 -12.4193 -0.156318 0.968639 -0.193141 0.078232 -0.100792 -0.210168 -0.972456 26.5028
-0.910693 -0.148691 0.385395 -12.459 -0.168203 0.985602 -0.0172071 0.0241067 -0.377287 -0.0804949 -0.922591 26.4708
-0.950054 -0.253241 0.182389 -12.629 -0.291043 0.929903 -0.224887 0.0831277 -0.112653 -0.266738 -0.957163 26.3384
-0.941268 -0.337493 -0.0106008 -12.6265 -0.311788 0.880772 -0.356411 0.145671 0.129623 -0.332173 -0.934269 26.1774
-0.915413 -0.305501 -0.262085 -12.9464 -0.17284 0.88637 -0.429506 0.140763 0.363519 -0.347876 -0.864197 26.0935
-0.86244 -0.116801 -0.492499 -12.9697 0.0257288 0.961637 -0.273117 0.0726415 0.505505 -0.248218 -0.826349 26.1091
-0.606064 -0.134934 -0.783888 -13.1991 0.0406478 0.978965 -0.19994 0.0278159 0.794377 -0.15304 -0.58783 26.279
-0.173955 -0.0411834 -0.983892 -13.2337 0.107841 0.992319 -0.0606027 -0.00147565 0.978831 -0.116646 -0.168178 26.3687
0.189478 -0.0212744 -0.981655 -13.2042 0.101304 0.994853 -0.00200682 0.000772548 0.976645 -0.0990654 0.190658 26.2759
0.0404365 -0.2542 -0.966306 -13.3214 0.266674 0.934762 -0.234742 0.0654977 0.962938 -0.248197 0.105587 26.3846
0.43899 -0.254273 -0.861762 -13.3028 0.388315 0.918612 -0.0732362 0.0929479 0.810246 -0.302485 0.502 26.415
0.497027 -0.374771 -0.782631 -13.5284 0.410034 0.896313 -0.168808 0.153869 0.764746 -0.237003 0.599161 26.3411
0.2834 -0.235531 -0.929629 -13.819 0.311277 0.939478 -0.143133 0.0979802 0.907078 -0.248808 0.339564 26.4425
0.282153 -0.100264 -0.954116 -14.0354 0.144101 0.98767 -0.0611764 0.00457402 0.948485 -0.120228 0.293122 26.283
0.290104 -0.0972817 -0.952038 -14.0625 0.0354869 0.995229 -0.0908816 -0.0305675 0.956337 -0.00741975 0.292172 26.3488
0.59269 -0.0681365 -0.802543 -14.1193 0.0921872 0.995606 -0.016446 -0.0144982 0.800137 -0.0642369 0.596367 26.4291
0.748748 -0.234239 -0.620088 -14.2755 0.386079 0.914532 0.12072 0.117012 0.538813 -0.329792 0.775189 26.4131
0.813696 -0.36375 -0.453415 -14.2383 0.525762 0.79324 0.307155 0.237669 0.247939 -0.488319 0.836702 26.6713
0.912667 -0.331281 -0.239357 -14.5202 0.40506 0.811216 0.42173 0.205728 0.0544591 -0.481853 0.874558 26.7734
0.986758 -0.162017 -0.00773641 -14.4459 0.158796 0.955221 0.249674 0.0100751 -0.0330614 -0.247596 0.968299 26.9467
0.963186 -0.01848 0.2682 -14.5406 0.00219509 0.998142 0.0608924 -0.0750933 -0.268827 -0.058062 0.961437 26.8673
0.764536 0.0661342 0.641179 -14.5914 -0.0462711 0.997787 -0.0477431 -0.116329 -0.642918 0.0068333 0.765905 26.6271
0.448328 0.0225151 0.893585 -14.5459 -0.0878246 0.995955 0.0189688 -0.0473331 -0.889544 -0.0869831 0.448492 26.3295
0.257281 -0.0971085 0.961445 -14.5758 -0.21812 0.963425 0.155677 0.0604777 -0.941398 -0.249763 0.22669 26.3668
-0.10383 -0.0510089 0.993286 -14.7848 -0.200572 0.97924 0.0293214 0.0275621 -0.974161 -0.196181 -0.111906 26.4529
0.130015 -0.0785549 0.988395 -15.0694 -0.176488 0.979104 0.101032 0.0406934 -0.975678 -0.187576 0.113434 26.6715
-0.0594012 -0.0817086 0.994885 -15.1731 -0.147631 0.986404 0.0721975 0.00123667 -0.987257 -0.142587 -0.0706563 26.703
0.00938837 -0.144457 0.989467 -15.4436 -0.157752 0.976905 0.14412 0.0582152 -0.987434 -0.157443 -0.0136168 26.9758
0.254419 -0.106809 0.961178 -15.5028 -0.122165 0.982371 0.1415 0.0275203 -0.959347 -0.153422 0.236885 27.2453
0.57944 -0.0579093 0.812955 -15.5137 -0.132975 0.977389 0.164401 0.0087197 -0.804094 -0.203363 0.558638 27.5187
0.875397 0.0441487 0.481384 -15.4823 -0.138317 0.977062 0.161921 -0.0302897 -0.463194 -0.208329 0.861424 27.9721
0.978142 -0.100788 0.181879 -15.3434 0.058196 0.972415 0.225883 0.034043 -0.199628 -0.210361 0.957025 28.2046
0.984929 -0.0886067 -0.148541 -15.4999 0.120825 0.966996 0.224323 0.0534479 0.123762 -0.238889 0.963128 28.5802
0.875896 -0.0450257 -0.480395 -15.6485 0.127031 0.98203 0.139571 0.0155538 0.465478 -0.183274 0.865876 28.7659
0.591991 -0.0188144 -0.805725 -15.7651 0.106361 0.992807 0.0549634 -0.0036582 0.798896 -0.118235 0.589734 28.8738
0.237978 0.0115601 -0.971202 -15.8943 0.066059 0.997421 0.0280589 -0.0105845 0.969022 -0.070834 0.2366 28.9368
0.100585 0.0851345 -0.991279 -16.0986 0.0688079 0.993352 0.0922944 -0.0412122 0.992546 -0.0774912 0.0940582 29.1151
0.0158264 0.130958 -0.991262 -16.4038 -0.0708298 0.989042 0.129534 -0.0846032 0.997363 0.0681608 0.0249287 29.508
0.319112 0.316626 -0.893261 -16.5249 -0.190691 0.944715 0.266741 -0.143976 0.928334 0.0852169 0.361848 30.0255
0.58566 0.383812 -0.713926 -16.451 -0.336745 0.916389 0.216413 -0.205474 0.737296 0.113666 0.665939 30.5771
0.808306 0.287272 -0.513922 -16.5341 -0.206794 0.955796 0.209021 -0.108786 0.551251 -0.0626763 0.831982 30.798
0.706932 0.0976235 -0.700511 -16.6516 0.0740406 0.974772 0.210564 0.0290682 0.703395 -0.200721 0.68187 31.0257
0.487925 0.0121635 -0.872801 -16.8639 0.205492 0.9702 0.128397 0.0795311 0.848353 -0.242001 0.470885 30.8444
0.0888257 0.121577 -0.9886 -17.0198 -0.0522295 0.991726 0.117268 -0.0251038 0.994677 0.0412176 0.0944406 30.7256
-0.260529 0.292012 -0.920247 -17.0819 -0.0752623 0.94412 0.320895 -0.146721 0.962528 0.152862 -0.223993 30.5624
-0.447093 0.369804 -0.814465 -17.0426 -0.0567105 0.896987 0.438404 -0.224438 0.892688 0.242196 -0.380065 30.7213
-0.40426 0.321409 -0.856312 -17.1735 0.0131305 0.938167 0.345933 -0.337145 0.91455 0.128603 -0.383484 31.0265
-0.297796 -0.00273093 -0.954626 -17.226 0.199826 0.977664 -0.0651328 -0.285939 0.933481 -0.210156 -0.290599 31.1884
-0.35436 -0.112797 -0.928281 -17.2953 0.210087 0.957718 -0.196572 -0.367814 0.911204 -0.264677 -0.315679 31.4181
-0.278631 0.155753 -0.947684 -17.5464 0.0591113 0.987672 0.144946 -0.537879 0.958577 -0.0156324 -0.284403 31.5158
-0.218609 0.28291 -0.933902 -17.9627 -0.0223792 0.955345 0.294644 -0.77735 0.975556 0.0853118 -0.202516 31.6109
0.125719 0.414848 -0.901164 -18.0389 -0.192803 0.901268 0.387999 -0.812683 0.97315 0.124968 0.193291 31.7568
0.389323 0.520197 -0.760146 -18.081 -0.395303 0.839757 0.372216 -0.853347 0.831963 0.155576 0.532572 31.7972
0.758474 0.367154 -0.538437 -17.9132 -0.379832 0.920412 0.0925647 -0.973825 0.52957 0.134308 0.837566 31.9929
0.898984 0.386453 -0.206112 -17.824 -0.390827 0.92023 0.0207579 -0.982429 0.197692 0.0618931 0.978308 32.0273
0.946898 0.294353 0.129386 -17.9634 -0.302603 0.951851 0.0491048 -1.0496 -0.108702 -0.0856499 0.990378 32.0572
0.964224 0.263778 0.0263222 -17.9898 -0.26282 0.964211 -0.0349724 -1.25176 -0.0346051 0.0268032 0.999042 32.3452
0.981507 0.19127 -0.00777615 -18.1305 -0.191416 0.981084 -0.0288882 -1.36486 0.00210361 0.0298424 0.999552 32.5511
0.912707 0.29757 -0.280032 -18.3418 -0.310033 0.950726 -0.000220959 -1.41027 0.266168 0.0870209 0.959991 32.7021
0.886248 0.195228 -0.420061 -18.3452 -0.263456 0.958328 -0.110449 -1.5726 0.380993 0.208552 0.90075 32.9752
0.890137 0.281147 -0.358626 -18.5169 -0.293467 0.955742 0.0208496 -1.71921 0.348616 0.0866861 0.933248 33.2068
0.905481 0.238438 -0.351071 -18.701 -0.21306 0.970844 0.109847 -1.73145 0.367028 -0.0246652 0.929883 33.2033
0.944815 -0.00644834 -0.327541 -18.8018 0.0949751 0.962261 0.255018 -1.62326 0.313535 -0.272053 0.909771 33.1406
0.926649 0.0814741 -0.366992 -18.773 -0.00294854 0.977777 0.209627 -1.66588 0.375916 -0.193168 0.906297 33.258
0.869905 0.224215 -0.43931 -18.8595 -0.158941 0.970619 0.180655 -1.93184 0.466908 -0.0873278 0.879983 33.7098
0.689977 0.242937 -0.681846 -19.0294 -0.139975 0.968996 0.203602 -2.0381 0.710168 -0.0450391 0.70259 33.8778
0.3382 0.370842 -0.864926 -18.9684 -0.226917 0.9241 0.307485 -2.10128 0.913307 0.0922749 0.396681 33.9883
0.138328 0.405971 -0.903356 -18.9985 -0.179884 0.907252 0.380177 -2.27766 0.973913 0.10991 0.198526 34.1764
-0.0582576 0.390521 -0.918749 -18.838 -0.134633 0.908831 0.394843 -2.3123 0.989182 0.146696 -0.000369381 34.4113
-0.0383296 0.339552 -0.939806 -18.8133 -0.0992701 0.934551 0.341702 -2.56307 0.994322 0.106392 -0.00211364 34.8222
0.0272218 0.325084 -0.945293 -19.0988 -0.106386 0.941215 0.320618 -2.72612 0.993952 0.0918379 0.0602059 35.0899
0.396243 0.265907 -0.878797 -19.1487 -0.0770164 0.963396 0.256779 -2.83558 0.91491 -0.0340651 0.402218 35.4025
0.616127 0.0919621 -0.78226 -19.3833 0.0684859 0.983144 0.169519 -2.90475 0.784664 -0.158019 0.599444 35.5774
0.664801 0.0430242 -0.745781 -19.6315 0.088374 0.9868 0.135707 -3.07922 0.741775 -0.156125 0.652223 35.9229
0.755928 0.16464 -0.633614 -19.7036 -0.0672793 0.982272 0.17497 -3.26148 0.651189 -0.0896356 0.753604 36.304
0.855352 0.283167 -0.433809 -19.8158 -0.25741 0.959015 0.118453 -3.45915 0.449571 0.0103474 0.893185 36.5043
0.941893 0.250155 -0.224187 -19.7482 -0.253753 0.96718 0.0130969 -3.62768 0.220105 0.0445523 0.974458 36.8058
0.938719 0.32797 0.106034 -19.6959 -0.317926 0.942697 -0.101224 -3.77952 -0.133157 0.0613101 0.989197 36.9988
0.840067 0.387942 0.379194 -19.5433 -0.322311 0.919178 -0.226336 -3.82757 -0.436352 0.0679188 0.897209 37.0678
0.813385 0.397721 0.424527 -19.4666 -0.251167 0.898349 -0.360394 -3.86181 -0.52471 0.186511 0.830598 37.1783
0.859954 0.359276 0.362491 -19.6097 -0.262426 0.920436 -0.289707 -3.96222 -0.437734 0.154007 0.885816 37.7052
0.624675 0.366915 0.689314 -19.4671 -0.100258 0.913114 -0.395185 -3.96268 -0.774422 0.177753 0.607186 37.8385
0.231044 0.440519 0.867503 -19.4527 0.0641341 0.882793 -0.465364 -3.98077 -0.970827 0.163156 0.175712 37.8504
-0.187723 0.447339 0.874442 -19.5218 0.223441 0.886376 -0.405477 -3.96868 -0.95647 0.119269 -0.266347 37.7869
-0.522299 0.298768 0.798713 -19.6369 0.148168 0.954166 -0.260026 -3.90969 -0.839792 -0.017468 -0.542627 37.8175
-0.511758 0.0316908 0.858545 -19.6593 -0.118249 0.98721 -0.106925 -3.80694 -0.850953 -0.156242 -0.501466 37.8927
-0.6433 -0.214307 0.735008 -19.6856 -0.452035 0.881148 -0.138716 -3.666 -0.617924 -0.421485 -0.663717 37.9727
-0.823058 -0.286251 0.490546 -19.721 -0.475342 0.819887 -0.319116 -3.64839 -0.310845 -0.495829 -0.810882 37.9433
-0.855306 -0.420034 0.303354 -19.7146 -0.517866 0.711502 -0.474953 -3.62605 -0.01634 -0.563327 -0.826073 37.9689
-0.76561 -0.434264 0.474612 -19.5874 -0.628238 0.663459 -0.406372 -3.63627 -0.138413 -0.609292 -0.780772 37.9257
-0.639167 -0.299772 0.708238 -19.4654 -0.546576 0.824915 -0.144114 -3.65351 -0.541035 -0.479219 -0.691108 37.7256
-0.628829 -0.131801 0.766291 -19.2208 -0.358002 0.923929 -0.134867 -3.70403 -0.690224 -0.359142 -0.628179 37.6214
-0.385226 -0.0851692 0.918884 -19.3095 -0.255208 0.96673 -0.0173875 -3.74486 -0.886831 -0.241205 -0.394145 37.4117
-0.424945 0.0474281 0.903976 -19.0635 -0.178384 0.974657 -0.134992 -3.79623 -0.887469 -0.218619 -0.405716 37.2273
-0.320502 -0.0485652 0.946002 -19.0875 -0.246078 0.968666 -0.0336419 -3.63927 -0.914726 -0.243573 -0.32241 36.774
-0.52991 -0.111484 0.840694 -18.9959 -0.372753 0.921047 -0.112816 -3.5924 -0.761742 -0.373154 -0.529628 36.5854
-0.809281 -0.0161194 0.5872 -19.0017 -0.197791 0.948731 -0.246552 -3.50348 -0.553121 -0.315673 -0.770978 36.4043
-0.84226 0.0740076 0.533967 -19.2201 -0.0188596 0.985879 -0.166391 -3.39755 -0.538741 -0.150215 -0.828971 36.0739
-0.770271 0.00136632 0.637716 -19.2577 -0.114705 0.983392 -0.140655 -3.24831 -0.627317 -0.181492 -0.757321 35.8067
-0.516828 -0.0709868 0.853141 -19.3624 -0.228198 0.971923 -0.0573708 -3.11723 -0.825115 -0.224336 -0.518516 35.5325
-0.188476 -0.0544667 0.980566 -19.3402 -0.254401 0.967087 0.00481921 -3.03824 -0.948555 -0.248549 -0.196129 35.4537
0.143214 -0.0394453 0.988905 -19.1413 -0.235885 0.969049 0.0728144 -2.96154 -0.96117 -0.243696 0.129477 35.3941
0.176803 -0.0316485 0.983737 -19.1316 -0.228902 0.970756 0.0723704 -2.77116 -0.957259 -0.237974 0.164388 35.0495
-0.032277 -0.075543 0.99662 -18.9367 -0.341884 0.937824 0.0600139 -2.6269 -0.939188 -0.338791 -0.0560971 34.8038
-0.227862 -0.220101 0.948491 -18.8486 -0.411105 0.904781 0.111196 -2.56671 -0.88265 -0.364592 -0.296649 34.6676
-0.464209 -0.221897 0.85748 -18.8218 -0.33516 0.940129 0.0618411 -2.44162 -0.819865 -0.258686 -0.510787 34.3216
-0.633433 -0.377225 0.675621 -18.7802 -0.514828 0.857284 -0.00402599 -2.32969 -0.577681 -0.350379 -0.737238 34.2943
-0.656496 -0.297568 0.693157 -18.7078 -0.429278 0.902974 -0.0189317 -2.20995 -0.620269 -0.309985 -0.720538 34.0401
-0.648658 -0.278987 0.708103 -18.4667 -0.445979 0.893251 -0.0566055 -2.03096 -0.616722 -0.352517 -0.703837 33.8589
-0.706947 -0.164998 0.687751 -18.3047 -0.279563 0.958408 -0.0574356 -1.92945 -0.649669 -0.232874 -0.723671 33.4988
-0.840126 -0.207469 0.501144 -18.1842 -0.281415 0.956592 -0.0757473 -1.74611 -0.463675 -0.204667 -0.862042 33.2529
-0.739261 -0.303254 0.601274 -18.2474 -0.380777 0.924665 -0.0018061 -1.55352 -0.555429 -0.230287 -0.799041 32.8793
-0.470343 -0.296162 0.831304 -18.082 -0.352216 0.926723 0.130877 -1.51025 -0.809149 -0.231241 -0.54019 32.7649
-0.163755 -0.267354 0.949582 -17.9434 -0.238758 0.944699 0.224805 -1.39817 -0.957172 -0.189908 -0.218532 32.7812
0.184393 -0.241603 0.952695 -17.8563 -0.189928 0.942287 0.275724 -1.32582 -0.964327 -0.231785 0.127864 32.6153
0.153398 -0.191241 0.969482 -17.6275 -0.22506 0.948548 0.222722 -1.17294 -0.962194 -0.252357 0.102464 32.4075
0.119091 -0.318012 0.940577 -17.5553 -0.318284 0.885098 0.339554 -0.950054 -0.940485 -0.339808 0.00418897 32.1018
0.0826666 -0.22789 0.970171 -17.2353 -0.314348 0.917843 0.242383 -0.888044 -0.945702 -0.325009 0.00423826 32.0159
-0.2448 -0.307795 0.919421 -17.1881 -0.351573 0.911916 0.211674 -0.709528 -0.903587 -0.271426 -0.331449 31.8541
-0.497009 -0.299352 0.814475 -17.2995 -0.381441 0.918434 0.104798 -0.570214 -0.779413 -0.258589 -0.570655 31.4465
-0.656505 -0.252973 0.710638 -17.142 -0.371608 0.928301 -0.0128444 -0.423666 -0.656436 -0.272511 -0.703441 31.2328
-0.838839 -0.319082 0.441061 -17.2423 -0.387899 0.918804 -0.073029 -0.398971 -0.381947 -0.232346 -0.894501 31.1325
-0.938261 -0.0942769 0.332834 -17.2227 -0.159046 0.97199 -0.173029 -0.290936 -0.307199 -0.215282 -0.926975 30.6371
-0.767597 -0.135228 0.626504 -16.9923 -0.242968 0.965925 -0.0891958 -0.124355 -0.593095 -0.220687 -0.774297 30.6372
-0.748126 -0.0355723 0.662603 -16.4543 -0.195578 0.966024 -0.16896 0.0132935 -0.63408 -0.255994 -0.729664 30.4106
-0.477254 -0.123132 0.870096 -16.189 -0.257939 0.966149 -0.00475654 0.0492759 -0.840057 -0.226702 -0.492859 30.4184
-0.128399 -0.155677 0.979427 -15.9536 -0.301907 0.946862 0.110922 0.0675617 -0.944651 -0.281454 -0.168576 30.4934
0.251474 -0.118629 0.960566 -15.8107 -0.217634 0.960113 0.175549 0.0446737 -0.943078 -0.253198 0.215626 30.6001
0.548814 -0.201788 0.811225 -15.6339 -0.0922161 0.949892 0.298667 0.0810978 -0.830843 -0.23872 0.502705 30.6762
0.685969 -0.165255 0.708616 -15.3938 -0.0731748 0.953263 0.293145 0.0703953 -0.723942 -0.252942 0.641817 30.8214
0.772015 -0.125395 0.623113 -15.3653 -0.0799727 0.953392 0.290944 0.0343151 -0.630553 -0.274445 0.726004 31.0577
0.897165 -0.211607 0.387708 -15.1535 0.0801441 0.941189 0.328237 0.0290468 -0.434364 -0.26341 0.861361 31.1836
0.950372 -0.127737 0.283682 -15.0512 0.0227177 0.937884 0.346205 -0.015143 -0.310284 -0.322579 0.894241 31.6635
0.980066 -0.137615 -0.143295 -14.9557 0.167123 0.961061 0.220073 -0.00619633 0.10743 -0.239634 0.964901 32.0444
0.876214 -0.163992 -0.453162 -15.1831 0.282944 0.936251 0.208273 -0.00152814 0.390118 -0.31071 0.866757 32.3207
0.587957 -0.215002 -0.779796 -15.4502 0.378048 0.925302 0.0299234 -0.0114255 0.715113 -0.312394 0.625319 32.5535
0.327617 -0.161958 -0.930826 -15.5838 0.304122 0.950841 -0.0584001 -0.00795191 0.894526 -0.263952 0.360767 32.7506
0.110383 -0.0155114 -0.993768 -15.9065 0.246756 0.969 0.0122837 -0.0551301 0.962771 -0.246574 0.110788 32.884
-0.194522 -0.140653 -0.970762 -16.0292 0.174906 0.968832 -0.175421 -0.00675812 0.965178 -0.203915 -0.163858 33.1948
0.0298527 -0.0283103 -0.999153 -16.3734 0.216168 0.976126 -0.0211992 -0.0391335 0.9759 -0.215353 0.0352598 33.4055
0.0873033 -0.030634 -0.995711 -16.5919 0.134911 0.990682 -0.0186503 -0.0289047 0.987004 -0.132705 0.0906227 33.8094
0.338551 0.115575 -0.933823 -16.9022 0.207078 0.958945 0.193759 -0.0749088 0.917879 -0.258971 0.300719 34.0846
0.472519 -0.0993858 -0.875699 -16.8828 0.267552 0.962904 0.0350854 -0.0109488 0.839727 -0.250873 0.481581 34.4614
0.73437 -0.129697 -0.666242 -16.941 0.319873 0.931869 0.171176 -0.0170971 0.59865 -0.338819 0.725824 34.7867
0.80471 -0.240381 -0.542825 -16.961 0.347449 0.932101 0.102309 0.0123633 0.481374 -0.270933 0.833591 35.2754
0.905054 -0.211398 -0.369037 -17.0562 0.31427 0.917065 0.24541 0.0270245 0.286552 -0.338087 0.896429 35.8155
0.823726 -0.226069 -0.51997 -17.1615 0.317654 0.943639 0.0929532 0.025503 0.469651 -0.241739 0.849112 36.2789
0.643029 -0.227188 -0.731368 -17.4697 0.352205 0.93573 0.0189933 0.00985326 0.680048 -0.269805 0.681718 36.7446
0.450454 -0.208792 -0.868042 -17.6914 0.379841 0.924706 -0.0253106 0.0260262 0.807968 -0.318317 0.495845 37.2707
0.127746 -0.216336 -0.967926 -18.041 0.244488 0.952674 -0.18066 0.032811 0.961201 -0.213568 0.174592 37.6875
-0.152406 -0.0868351 -0.984496 -18.2604 0.209195 0.970728 -0.118005 -0.00946523 0.965924 -0.223936 -0.12978 37.7666
-0.418117 -0.0555432 -0.906693 -18.6746 0.0883055 0.990916 -0.101424 -0.0283474 0.904091 -0.122473 -0.409414 37.8828
-0.756868 -0.107831 -0.644611 -18.7859 -0.0434905 0.992419 -0.114948 -0.00961212 0.652119 -0.0589659 -0.75582 37.8368
-0.919685 -0.0789856 -0.384631 -18.9982 0.0339253 0.959912 -0.27824 -0.042877 0.391189 -0.268942 -0.880137 37.5834
-0.985321 -0.163898 -0.047744 -19.1747 -0.153288 0.972545 -0.175098 -0.0397361 0.0751313 -0.16521 -0.983393 37.4066
-0.925585 -0.256349 0.27853 -19.2355 -0.294183 0.950172 -0.103097 -0.00379508 -0.238222 -0.177364 -0.954878 37.3107
-0.804196 -0.239376 0.544029 -19.1472 -0.303866 0.952236 -0.0301929 0.0155397 -0.510817 -0.189593 -0.838523 36.8637
-0.582517 -0.354214 0.731578 -19.1541 -0.363718 0.918504 0.15511 0.223044 -0.7269 -0.175733 -0.663879 36.3913
-0.412365 -0.422623 0.807059 -19.082 -0.516507 0.838204 0.175024 0.431557 -0.75045 -0.344678 -0.563934 36.1805
-0.193693 -0.367343 0.909693 -19.1286 -0.373481 0.885043 0.277868 0.603123 -0.907191 -0.285932 -0.308622 35.8241
-0.0372668 -0.303059 0.952243 -18.9665 -0.368467 0.88993 0.268807 0.754127 -0.928894 -0.340852 -0.144832 35.5825
0.296003 -0.188954 0.936311 -19.0651 -0.247236 0.931677 0.26618 0.844374 -0.922636 -0.31028 0.229063 35.4265
0.411253 0.103799 0.905592 -19.2632 -0.15019 0.987633 -0.0449976 0.715958 -0.899063 -0.117506 0.421757 35.4133
0.0616693 0.248662 0.966625 -19.3149 -0.0524603 0.967937 -0.245652 0.640673 -0.996717 -0.0355602 0.0727369 35.1907
-0.356529 0.150019 0.922161 -19.244 0.0168871 0.987898 -0.154185 0.806459 -0.934131 -0.0393988 -0.354748 34.7454
-0.638663 0.117572 0.760451 -19.2407 -0.0299678 0.983708 -0.177258 0.984374 -0.768903 -0.135997 -0.624735 34.4141
-0.595556 -0.0494488 0.80179 -19.2441 -0.189048 0.978699 -0.0800622 1.21582 -0.780752 -0.199258 -0.592218 34.1457
-0.571943 -0.128195 0.810214 -18.9963 -0.269421 0.962275 -0.037934 1.40432 -0.774786 -0.239984 -0.584905 34.0094
-0.340241 -0.251351 0.906123 -18.6997 -0.443634 0.89254 0.0810031 1.54581 -0.829111 -0.374426 -0.415187 34.1451
-0.177049 -0.315288 0.932334 -18.6573 -0.39171 0.891613 0.227132 1.55205 -0.902893 -0.324991 -0.281361 34.0771
-0.328127 -0.238595 0.914005 -18.5399 -0.284482 0.947616 0.14524 1.7254 -0.900779 -0.212361 -0.378814 33.7811
-0.612104 -0.105616 0.783692 -18.5917 -0.165629 0.986182 0.00354036 1.71928 -0.773237 -0.127635 -0.621139 33.4147
-0.583417 -0.0907395 0.807088 -18.3196 -0.145409 0.989353 0.0061199 1.9353 -0.79905 -0.113787 -0.5904 33.1566
-0.141962 -0.0982728 0.984982 -18.0482 -0.117021 0.989748 0.0818826 1.99551 -0.982931 -0.103639 -0.152006 33.2067
0.205424 -0.0442792 0.977671 -17.8486 -0.0683784 0.995885 0.0594715 2.09498 -0.976281 -0.0790685 0.201551 33.1517
0.190758 -0.0270977 0.981263 -17.545 -0.130655 0.990024 0.052739 2.23268 -0.972903 -0.138267 0.185314 33.0221
-0.157569 -0.139398 0.97762 -17.4443 -0.112762 0.986051 0.122425 2.35658 -0.981049 -0.0909482 -0.17109 32.6185
-0.370507 -0.0370871 0.928089 -17.3038 -0.135724 0.990639 -0.0145963 2.48646 -0.91886 -0.131372 -0.372073 32.3263
-0.721047 -0.0434975 0.69152 -17.4315 -0.0949651 0.994813 -0.0364449 2.58941 -0.686348 -0.0919487 -0.721438 32.0948
-0.863327 -0.0926633 0.496065 -17.6569 -0.0598315 0.994859 0.0817085 2.73436 -0.501086 0.0408609 -0.864432 31.9035
-0.937518 -0.0929621 0.335289 -17.6347 -0.0603115 0.992478 0.106534 2.76907 -0.342671 0.0796558 -0.936072 31.7793
-0.85362 -0.167952 0.493078 -17.5182 -0.155341 0.985601 0.0667876 2.93342 -0.497195 -0.0195839 -0.867418 31.5893
-0.893036 -0.0572441 0.44633 -17.2443 -0.0171505 0.995485 0.0933607 3.02063 -0.449659 0.0757197 -0.889985 31.3791
-0.938657 -0.00245254 0.344843 -17.3333 0.0396412 0.992579 0.114962 3.15163 -0.342566 0.12158 -0.931594 31.1261
-0.989304 0.0645918 0.130786 -17.0303 0.0738996 0.994971 0.0676083 3.32157 -0.125762 0.0765502 -0.989103 31.0668
-0.98359 0.165938 -0.0708169 -16.9931 0.16106 0.984472 0.0698131 3.41701 0.081302 0.0572617 -0.995043 30.7498
-0.906759 0.148658 -0.394575 -16.8316 0.102787 0.985489 0.135077 3.53205 0.40893 0.0819246 -0.908881 30.6974
-0.684439 0.229697 -0.691941 -16.8169 0.161448 0.973262 0.163387 3.61378 0.71097 0.000115911 -0.703222 30.7688
-0.331796 0.250972 -0.909354 -16.8564 0.0545112 0.967451 0.247117 3.62446 0.941775 0.0324224 -0.334677 30.8098
0.0193835 0.272025 -0.962095 -16.6669 -0.0441671 0.961569 0.270986 3.61153 0.998836 0.0372402 0.0306531 30.7166
0.160415 0.220414 -0.962125 -16.3303 -0.0957231 0.973628 0.20709 3.64449 0.982397 0.0588772 0.177284 30.6295
0.0700862 0.311035 -0.947811 -16.2254 -0.209626 0.933523 0.290845 3.57914 0.975267 0.178302 0.130628 30.5856
0.0381832 0.306547 -0.951089 -16.2247 -0.21514 0.931985 0.291752 3.58636 0.975837 0.193477 0.101537 30.5779
-0.997717 0.00929127 0.0668863 -134.746 0.000473735 0.991428 -0.130654 11.3549 -0.0675269 -0.130324 -0.989169 2.09757
-0.997913 0.0585737 0.0271907 -134.57 0.0554792 0.99311 -0.103224 11.2552 -0.0330495 -0.1015 -0.994286 1.77165
-0.972298 0.0835578 -0.218301 -134.537 0.10605 0.989963 -0.0934166 11.3252 0.208304 -0.11398 -0.9714 1.14638
-0.858482 0.230936 -0.457906 -134.684 0.199952 0.972937 0.115811 11.2131 0.472259 0.00786232 -0.881425 0.450398
-0.737686 0.314224 -0.597563 -134.914 0.233936 0.949224 0.210351 11.2268 0.633319 0.0153812 -0.773738 -0.140362
-0.493619 0.261827 -0.829329 -135.1 0.129998 0.965105 0.227318 11.2648 0.859907 0.00439673 -0.510431 -0.447622
-0.179392 0.336061 -0.924598 -135.323 -0.0273634 0.937776 0.34616 11.2477 0.983397 0.0873984 -0.159034 -0.55583
0.246856 0.319197 -0.914973 -135.347 -0.120035 0.946994 0.297983 11.29 0.961589 0.0362702 0.272086 -0.592544
0.603253 0.100014 -0.791254 -135.278 0.0480437 0.985747 0.161227 11.4772 0.796102 -0.135275 0.58985 -0.728818
0.726587 -0.0883975 -0.681364 -135.1 0.216815 0.970518 0.105294 11.5669 0.651968 -0.224235 0.724332 -0.75715
0.745672 -0.0511814 -0.664345 -135.07 0.208142 0.965043 0.159275 11.5117 0.632969 -0.257045 0.730259 -0.75673
0.713497 0.130968 -0.688309 -135.182 0.0546057 0.968993 0.24098 11.4121 0.698527 -0.209524 0.684222 -0.842686
0.477343 0.24561 -0.843694 -135.106 0.00978878 0.958597 0.284598 11.3458 0.878662 -0.14411 0.455175 -0.861231
0.191732 0.203208 -0.96018 -135.111 0.170255 0.956611 0.236449 11.3276 0.966567 -0.20881 0.148816 -1.09321
-0.159561 0.235227 -0.958754 -135.049 0.215058 0.956153 0.198798 11.3339 0.963478 -0.174468 -0.203152 -1.40001
-0.475501 0.23728 -0.847111 -134.985 0.243737 0.960775 0.132303 11.3242 0.845276 -0.143562 -0.514683 -1.51686
-0.755281 0.286069 -0.589674 -135.008 0.291043 0.952531 0.08932 11.3352 0.587235 -0.104159 -0.802687 -1.69528
-0.925527 0.288713 -0.245039 -134.999 0.297166 0.954822 0.0025881 11.2918 0.234716 -0.0704219 -0.96951 -1.87458
-0.870152 0.347501 0.349399 -134.921 0.329779 0.937496 -0.111113 11.115 -0.366172 0.0185393 -0.930362 -2.18713
-0.659792 0.371149 0.653394 -134.965 0.330144 0.924272 -0.19164 10.9157 -0.675041 0.0892714 -0.73236 -2.40596
-0.601696 0.249574 0.758732 -134.796 0.198528 0.966849 -0.160592 10.726 -0.773659 0.0540015 -0.631297 -2.73669
-0.816788 0.06004 0.573806 -134.869 -0.066393 0.978181 -0.196859 10.6608 -0.573105 -0.198889 -0.79498 -2.96687
-0.770947 -0.162227 0.615892 -134.686 -0.30494 0.942993 -0.133325 10.5163 -0.559153 -0.290597 -0.776467 -3.19435
-0.908273 -0.102508 0.405626 -134.703 -0.168275 0.977149 -0.129858 10.3683 -0.383045 -0.186203 -0.904768 -3.49979
