0.999827 0.00334109 -0.0182911 -0.000940114 -0.00353141 0.99994 -0.0103829 0.00110467 0.0182553 0.0104457 0.999779 -0.0114038
0.980523 -0.196047 0.0118515 0.344587 0.195159 0.979315 0.0534312 -0.0898231 -0.0220814 -0.0500776 0.998501 0.0383631
0.876737 -0.479711 0.034779 0.552076 0.474027 0.874061 0.106377 0.0129313 -0.0814292 -0.0767785 0.993717 -0.0509888
0.82883 -0.559363 0.0123976 0.672649 0.552511 0.821767 0.139391 0.00170943 -0.0881581 -0.108682 0.99016 -0.271387
0.73132 -0.681358 -0.0303621 0.776357 0.677745 0.721016 0.144214 0.0815347 -0.0763695 -0.126044 0.989081 -0.42382
0.694362 -0.717695 -0.0526779 1.04478 0.718353 0.686923 0.110026 0.215844 -0.0427796 -0.114239 0.992532 -0.508104
0.538779 -0.839223 -0.0736271 1.17642 0.841716 0.532612 0.0885356 0.341108 -0.0350865 -0.109674 0.993348 -0.519588
0.417793 -0.902391 -0.105545 1.45117 0.906609 0.406505 0.113202 0.440797 -0.0592478 -0.142983 0.98795 -0.612793
0.293848 -0.955764 -0.0129722 1.70006 0.949279 0.290212 0.12102 0.684876 -0.111902 -0.0478758 0.992565 -0.444043
0.180173 -0.983629 -0.00346565 1.88734 0.972051 0.177511 0.153645 0.904156 -0.150515 -0.0310515 0.98812 -0.504548
0.0679929 -0.99764 -0.00953843 2.04205 0.98702 0.0658686 0.146471 1.27717 -0.145497 -0.0193736 0.989169 -0.664221
0.0656893 -0.996662 -0.0484719 2.05623 0.987507 0.0579595 0.14653 1.674 -0.143231 -0.0574917 0.988018 -0.782393
-0.00605653 -0.998024 -0.0625487 2.0564 0.987282 -0.0159048 0.158179 2.2363 -0.158861 -0.0607952 0.985427 -0.887301
-0.231451 -0.972736 0.0146556 2.0299 0.955694 -0.224528 0.190358 2.31831 -0.181877 0.0580649 0.981605 -0.830329
-0.403265 -0.909713 -0.0989915 1.98845 0.888462 -0.415139 0.195689 2.72159 -0.219116 -0.0090356 0.975657 -0.879432
-0.523329 -0.8511 -0.0418986 1.7671 0.825933 -0.518724 0.220814 2.95805 -0.209669 0.080953 0.974416 -1.05531
-0.579035 -0.814224 -0.0419249 1.71548 0.791036 -0.57351 0.212949 3.4269 -0.197432 0.0901408 0.976163 -1.16466
-0.60532 -0.795975 0.00325635 1.45771 0.780813 -0.592984 0.196727 3.81782 -0.154659 0.121625 0.980453 -1.30808
-0.693378 -0.720444 0.0136863 1.02146 0.715032 -0.68557 0.136829 4.12598 -0.089195 0.104661 0.9905 -1.29816
-0.80354 -0.590426 0.0756369 0.76915 0.595155 -0.799177 0.0842968 4.30341 0.0106762 0.112752 0.993566 -1.3256
-0.863599 -0.468933 0.185198 0.499023 0.488528 -0.869106 0.0774279 4.62255 0.124648 0.157341 0.979646 -1.3346
-0.905108 -0.371798 0.206264 -0.00247108 0.402057 -0.906229 0.13076 4.72163 0.138307 0.201282 0.96972 -1.08744
-0.935613 -0.278587 0.216836 -0.35717 0.300006 -0.951185 0.0724135 4.99549 0.186078 0.132803 0.973518 -1.06972
-0.965677 -0.151177 0.21122 -0.699241 0.171323 -0.981922 0.080482 5.21248 0.195235 0.113907 0.974119 -0.881117
-0.969071 -0.0887049 0.230287 -1.1155 0.118262 -0.985961 0.117874 5.29066 0.216598 0.141462 0.965957 -0.803559
-0.979157 0.070775 0.190374 -1.57957 -0.0441436 -0.989073 0.140661 5.3194 0.198249 0.129325 0.971582 -0.631538
-0.969155 0.196299 0.149014 -1.95981 -0.166204 -0.967033 0.192934 5.3497 0.181974 0.162216 0.969831 -0.500958
-0.925616 0.360148 0.116314 -2.50879 -0.33622 -0.923599 0.184176 5.35863 0.173758 0.131369 0.975987 -0.401563
-0.866076 0.487023 0.11279 -2.88017 -0.480702 -0.873265 0.079582 5.15249 0.137254 0.0147055 0.990427 -0.451709
-0.802285 0.594147 0.0577002 -3.14984 -0.590964 -0.804176 0.0637364 4.90901 0.0842698 0.017036 0.996297 -0.307768
-0.666168 0.745685 -0.0132143 -3.53722 -0.743519 -0.662639 0.0899399 4.6634 0.0583106 0.0697402 0.99586 -0.347177
-0.58552 0.810048 -0.0314408 -3.89194 -0.808579 -0.580803 0.0941691 4.35711 0.0580205 0.0805603 0.99506 -0.268536
-0.511789 0.859091 -0.00584009 -4.167 -0.856758 -0.509873 0.0774303 4.11605 0.063542 0.0446315 0.996981 -0.241711
-0.450311 0.89267 -0.0189845 -4.64158 -0.889673 -0.446798 0.094094 3.52585 0.0755126 0.0592615 0.995382 -0.151063
-0.312997 0.949743 0.00456612 -4.71722 -0.940833 -0.310711 0.13525 3.02506 0.129872 0.0380369 0.990801 -0.103929
-0.165817 0.985954 0.0200008 -4.78435 -0.97683 -0.166998 0.133848 2.58587 0.135308 0.00265686 0.9908 -0.248312
-0.109648 0.992968 0.0446217 -4.91173 -0.989701 -0.113223 0.0875897 1.99652 0.092026 -0.0345581 0.995157 -0.325918
0.0106397 0.999622 0.0253316 -4.8849 -0.996207 0.00840859 0.0866098 1.5925 0.0863641 -0.026157 0.99592 -0.250744
0.223393 0.973248 0.0537104 -4.97993 -0.97427 0.221258 0.0429381 1.13147 0.0299056 -0.0619205 0.997633 -0.307036
0.288662 0.957416 0.00528698 -4.77098 -0.956195 0.288005 0.0523796 0.472744 0.0486264 -0.0201754 0.998613 -0.186334
0.333546 0.941166 -0.0543453 -4.51215 -0.936705 0.337371 0.0936212 -0.170236 0.106448 0.0196785 0.994124 -0.198488
0.456056 0.888114 -0.0571544 -4.28793 -0.876613 0.459371 0.143275 -0.721723 0.1535 -0.0152392 0.988031 -0.160807
0.614787 0.787562 -0.042211 -3.84256 -0.773939 0.612726 0.159952 -1.28835 0.151836 -0.0656679 0.986222 -0.158054
0.670775 0.74124 -0.0249875 -3.38517 -0.724607 0.662163 0.19101 -1.60277 0.15813 -0.110019 0.98127 -0.119413
0.814564 0.574053 -0.0833632 -3.0563 -0.563852 0.817314 0.118614 -2.01935 0.136225 -0.0496143 0.989435 -0.137017
0.90014 0.433131 -0.0463258 -2.81915 -0.424166 0.895747 0.133117 -2.38095 0.0991533 -0.100174 0.990017 -0.322047
0.937928 0.337769 -0.0787581 -2.35316 -0.328059 0.937683 0.114581 -2.6805 0.112552 -0.081631 0.990287 -0.216211
0.978211 0.188081 -0.0879171 -1.82291 -0.173597 0.973244 0.150536 -2.97873 0.113878 -0.131993 0.984688 -0.198917
0.994257 -0.0201004 -0.105118 -1.21249 0.037759 0.984926 0.168807 -3.09329 0.10014 -0.171807 0.980028 -0.0827385
0.989932 -0.113109 -0.0850929 -0.672137 0.120872 0.988359 0.0923981 -3.11434 0.0736512 -0.101753 0.99208 -0.000171656
0.988966 -0.137704 -0.0546231 0.11304 0.141533 0.987175 0.0738452 -3.00561 0.0437538 -0.0807613 0.995773 -0.0723142
0.919454 -0.392613 0.0214341 0.809231 0.389682 0.917151 0.0835647 -3.04727 -0.0524669 -0.0684815 0.996272 0.111909
0.905141 -0.420259 0.0640498 1.76837 0.418811 0.90739 0.0352165 -2.72526 -0.0729182 -0.00505108 0.997325 0.0982524
0.855354 -0.516155 0.0442026 2.26606 0.508893 0.853147 0.114753 -2.50258 -0.0969417 -0.0756601 0.99241 -0.0838477
0.789088 -0.614151 0.0126246 2.78737 0.608523 0.784333 0.120504 -2.14635 -0.0839094 -0.0874057 0.992633 -0.128249
0.679731 -0.733273 0.0166579 3.30655 0.732699 0.679884 0.0301523 -1.82675 -0.0334353 -0.00829016 0.999407 -0.240448
0.590223 -0.807081 -0.0160453 3.82297 0.807215 0.589933 0.0195528 -1.29718 -0.00631503 -0.0244926 0.99968 -0.351936
0.509737 -0.859756 0.0314481 4.30695 0.859646 0.510448 0.0212359 -0.739051 -0.0343104 0.0162096 0.99928 -0.273693
0.405704 -0.913667 0.0248301 4.60921 0.909 0.406173 0.0935017 -0.197891 -0.0955147 -0.0153635 0.995309 -0.354069
0.290497 -0.955381 0.0534739 4.84676 0.945021 0.295219 0.140642 0.470226 -0.150153 0.00967795 0.988615 -0.47845
0.144329 -0.985846 0.0853099 5.14918 0.981183 0.153752 0.116789 1.14424 -0.128253 0.0668486 0.989486 -0.642336
0.00801293 -0.999855 0.0150324 5.13671 0.991841 0.00985962 0.127101 1.62165 -0.127231 0.0138913 0.991776 -0.781662
-0.0671526 -0.99609 0.0574124 5.10118 0.986619 -0.0577254 0.152482 2.42924 -0.148572 0.0668837 0.986637 -0.855533
-0.123997 -0.989429 0.0752048 5.04125 0.975555 -0.107699 0.191553 3.12812 -0.181429 0.0971184 0.978597 -1.05199
-0.294793 -0.953985 0.0548691 4.85901 0.932141 -0.274458 0.236191 3.76547 -0.210264 0.120773 0.970156 -1.10239
-0.322579 -0.94496 0.0547198 4.47574 0.924541 -0.302162 0.232211 4.53441 -0.202895 0.125497 0.971125 -1.314
-0.47002 -0.880706 0.0586392 4.04548 0.864375 -0.445818 0.232596 5.07327 -0.178706 0.160011 0.970804 -1.48924
-0.645924 -0.757007 0.0986028 3.81515 0.753284 -0.611065 0.243234 5.63708 -0.123877 0.231386 0.964943 -1.62421
-0.71791 -0.683563 0.13171 3.16987 0.69385 -0.687306 0.214902 6.21116 -0.0563733 0.245667 0.967714 -1.61481
-0.801521 -0.566068 0.192694 2.45504 0.596044 -0.782143 0.181615 6.67832 0.0479074 0.260423 0.964305 -1.78007
-0.858321 -0.463499 0.22012 1.85661 0.498256 -0.855364 0.141755 7.08288 0.122579 0.231347 0.965118 -1.87024
-0.906673 -0.370747 0.201224 1.19605 0.396624 -0.911681 0.107366 7.48053 0.143646 0.177156 0.973643 -1.7877
-0.944015 -0.252026 0.21288 0.502181 0.280601 -0.952742 0.116386 7.88631 0.173487 0.169604 0.970122 -1.64652
-0.963367 -0.18521 0.193964 -0.387062 0.214363 -0.96639 0.141908 8.18571 0.161163 0.178288 0.97069 -1.33985
-0.958752 0.10321 0.264843 -0.977732 -0.0666978 -0.987422 0.143349 8.28499 0.276307 0.119771 0.953577 -1.2725
-0.971175 0.107401 0.212802 -1.84704 -0.0668883 -0.979663 0.189173 8.34259 0.228792 0.169486 0.958608 -1.15756
-0.96439 0.223252 0.141811 -2.63509 -0.193667 -0.961241 0.196238 8.32632 0.180125 0.161786 0.970248 -1.00574
-0.926041 0.361339 0.109002 -3.53454 -0.340134 -0.924158 0.1739 8.11733 0.163572 0.123963 0.978712 -0.663786
-0.884586 0.458572 0.0849698 -4.2666 -0.439159 -0.880349 0.179233 7.86563 0.156994 0.121232 0.98013 -0.521639
-0.829283 0.558344 0.0233006 -4.98784 -0.550754 -0.823651 0.135163 7.47667 0.094659 0.0992555 0.990549 -0.532195
-0.733571 0.676967 -0.0599186 -5.71464 -0.679563 -0.729585 0.0768116 6.8628 0.00828325 0.0970652 0.995244 -0.56642
-0.641154 0.75939 -0.110673 -6.34325 -0.766441 -0.626395 0.142119 6.18134 0.0385989 0.175945 0.983643 -0.563417
-0.495963 0.86492 -0.0770353 -6.79548 -0.866326 -0.486815 0.11176 5.68434 0.0591614 0.122166 0.990745 -0.500296
-0.34665 0.934367 -0.0824159 -7.17687 -0.936353 -0.339509 0.0893136 4.9716 0.0554707 0.108131 0.992588 -0.384425
-0.25574 0.962863 -0.0865507 -7.53125 -0.965391 -0.24962 0.0755595 4.02393 0.0511487 0.102879 0.993378 -0.377223
-0.203427 0.977284 -0.0594494 -7.81696 -0.97624 -0.197831 0.0884228 3.13097 0.0746532 0.0760245 0.994307 -0.288871
-0.0488264 0.99103 -0.124398 -7.97115 -0.993066 -0.0348335 0.112275 2.31293 0.106935 0.129018 0.98586 -0.307971
0.0862581 0.991904 -0.0931971 -8.03907 -0.995482 0.0895391 0.0316086 1.55494 0.0396975 0.0900495 0.995146 -0.125685
0.239243 0.968877 -0.0635558 -7.82258 -0.97054 0.240551 0.0136867 0.505189 0.0285492 0.058409 0.997884 -0.255116
0.297537 0.94932 -0.101306 -7.56317 -0.954604 0.297407 -0.0167389 -0.381584 0.0142386 0.101688 0.994714 -0.150915
0.393645 0.91699 -0.0645969 -7.25533 -0.917606 0.39618 0.0322404 -1.22919 0.0551562 0.0465833 0.99739 -0.177521
0.56175 0.824718 -0.0654071 -6.91913 -0.818191 0.565525 0.103654 -2.1331 0.122475 -0.00471219 0.99246 -0.248792
0.598866 0.785318 -0.156955 -6.27499 -0.784639 0.614598 0.0813032 -3.12863 0.160313 0.074463 0.984254 -0.229764
0.708081 0.699967 -0.0931015 -5.55805 -0.685832 0.713108 0.145296 -3.78055 0.168094 -0.039029 0.984998 -0.0560328
0.780287 0.624781 -0.0282987 -4.86871 -0.615936 0.775515 0.138563 -4.47055 0.108518 -0.0906889 0.989949 -0.114081
0.875593 0.476586 -0.0787591 -4.15081 -0.472139 0.878821 0.0689818 -5.07526 0.102091 -0.0232148 0.994504 -0.0332766
0.934956 0.345965 -0.0785198 -3.24843 -0.341793 0.937734 0.0619095 -5.51159 0.0950492 -0.0310451 0.994988 -0.0269083
0.968746 0.232529 -0.0863758 -2.19154 -0.226288 0.971071 0.0762544 -5.95676 0.101608 -0.0543253 0.99334 0.113338
0.992485 0.0696482 -0.100612 -1.23956 -0.0636065 0.996043 0.0620613 -6.08692 0.104536 -0.0551954 0.992988 0.0983428
0.997736 -0.0317463 -0.0592887 -0.267989 0.0351655 0.997723 0.0575473 -6.15194 0.0573268 -0.0595019 0.996581 0.240309
0.981675 -0.162335 -0.0998097 0.810082 0.168897 0.983732 0.061198 -5.99082 0.0882514 -0.0769341 0.993123 0.25604
0.958288 -0.285354 0.0160386 1.96318 0.281166 0.951319 0.126248 -5.80152 -0.0512833 -0.116473 0.991869 0.19917
0.908368 -0.398397 0.12707 2.90529 0.396434 0.917125 0.0414851 -5.53391 -0.133066 0.012691 0.991026 0.252783
0.86995 -0.471674 0.14391 3.84428 0.473589 0.88045 0.0228349 -5.14215 -0.137476 0.048289 0.989327 -0.0351107
0.803188 -0.58866 0.0914785 4.72116 0.59096 0.806697 0.00237937 -4.54178 -0.0751961 0.0521491 0.995804 0.049173
0.76315 -0.644267 0.0502215 5.53388 0.644717 0.76437 0.00880909 -3.84879 -0.0440632 0.025656 0.998699 -0.240262
0.669933 -0.740238 0.0568998 6.23175 0.740805 0.671563 0.0145321 -3.11438 -0.048969 0.0324161 0.998274 -0.412079
0.52577 -0.843188 0.11225 6.86005 0.846073 0.532019 0.0334282 -2.29449 -0.0879053 0.0773962 0.993118 -0.487618
0.432772 -0.892174 0.129358 7.30697 0.896144 0.441371 0.0460237 -1.42129 -0.0981562 0.0960059 0.990529 -0.648754
0.253553 -0.954885 0.154613 7.78595 0.963281 0.263842 0.0497784 -0.499861 -0.0883262 0.136315 0.98672 -0.766696
0.182723 -0.974045 0.133599 8.11453 0.979347 0.192289 0.0624917 0.637057 -0.0865593 0.119421 0.989063 -0.884936
-0.0406336 -0.988894 0.142958 8.21896 0.993635 -0.0249476 0.109853 1.54439 -0.105067 0.146512 0.983613 -0.979095
-0.153364 -0.976815 0.149374 8.25435 0.979117 -0.129797 0.156472 2.48325 -0.133456 0.170252 0.976322 -1.2615
-0.297722 -0.942781 0.150083 8.12018 0.943078 -0.266048 0.199557 3.54556 -0.148209 0.200952 0.968324 -1.41891
-0.386981 -0.894607 0.223438 7.80883 0.912087 -0.335783 0.23526 4.62418 -0.135438 0.294836 0.945901 -1.5433
-0.50094 -0.857464 0.117534 7.31703 0.856182 -0.471111 0.212149 5.59556 -0.126538 0.206904 0.970144 -1.85604
-0.621206 -0.774849 0.117096 6.73029 0.775356 -0.586053 0.235298 6.46987 -0.113696 0.236959 0.964844 -2.12855
-0.684136 -0.725915 0.070744 6.15523 0.712918 -0.645091 0.274964 7.47916 -0.153964 0.238547 0.958848 -2.34438
-0.756421 -0.640493 0.13265 5.27706 0.647219 -0.703619 0.293303 8.24334 -0.0945233 0.307715 0.946772 -2.4579
-0.770949 -0.610791 0.180476 4.24032 0.636519 -0.729151 0.25136 8.96351 -0.0219339 0.308663 0.950919 -2.62217
-0.850462 -0.494855 0.17842 3.33537 0.523273 -0.830567 0.190639 9.70585 0.0538514 0.255494 0.96531 -2.63618
-0.900357 -0.359781 0.244776 2.30782 0.411451 -0.886974 0.209728 10.3151 0.141654 0.289543 0.946625 -2.54044
-0.943822 -0.198699 0.264042 1.20864 0.255041 -0.946085 0.199695 10.859 0.210127 0.255818 0.943612 -2.27795
-0.979815 -0.149391 0.132834 0.144855 0.176983 -0.957215 0.228944 11.033 0.0929483 0.247832 0.964334 -1.9181
-0.97657 0.00515139 0.215137 -1.2042 0.0663894 -0.943739 0.323958 11.2303 0.204703 0.33065 0.921286 -1.69183
-0.974671 0.103402 0.198304 -2.29618 -0.0535516 -0.968808 0.241957 11.3259 0.217138 0.225209 0.949806 -1.55983
-0.945612 0.296827 0.133088 -3.37866 -0.25588 -0.931339 0.259102 11.311 0.200859 0.210955 0.956637 -1.39432
-0.917541 0.387112 0.0908948 -4.59846 -0.361488 -0.907269 0.214918 10.9836 0.165663 0.164339 0.972393 -1.12465
-0.827822 0.559206 -0.0447138 -5.66602 -0.557241 -0.810473 0.180599 10.622 0.0647528 0.17442 0.98254 -0.950391
-0.812143 0.568746 -0.130197 -6.69471 -0.583141 -0.798592 0.148989 9.94342 -0.0192378 0.196924 0.98023 -0.797471
-0.690988 0.704093 -0.16367 -7.65224 -0.720771 -0.68832 0.0818876 9.183 -0.0550006 0.174552 0.983111 -0.839635
-0.635834 0.75903 -0.139958 -8.5655 -0.771734 -0.622416 0.130484 8.08685 0.0119294 0.190976 0.981522 -1.05877
-0.529662 0.843378 -0.0903991 -9.30163 -0.845696 -0.516889 0.132756 7.21101 0.065237 0.146766 0.987018 -1.00829
-0.432083 0.884511 -0.175909 -9.97079 -0.898028 -0.404093 0.173939 6.06885 0.0827677 0.233128 0.968917 -0.883808
-0.304839 0.9299 -0.205812 -10.5842 -0.952187 -0.30218 0.0450247 4.91418 -0.0203237 0.209697 0.977555 -0.715565
-0.138806 0.959848 -0.24377 -10.8229 -0.988272 -0.118435 0.0963979 3.7785 0.0636564 0.254292 0.96503 -0.765658
-0.0551066 0.983906 -0.16998 -11.0198 -0.990915 -0.0329735 0.130387 2.40859 0.122684 0.17562 0.976784 -0.690981
0.0794486 0.969063 -0.233678 -10.9453 -0.995491 0.0893161 0.0319352 1.29109 0.0518184 0.230087 0.97179 -0.433826
0.261829 0.951674 -0.160506 -10.8344 -0.964909 0.261559 -0.0231942 -0.119811 0.0199083 0.160946 0.986762 -0.527041
0.39995 0.902462 -0.160009 -10.5364 -0.91591 0.387081 -0.106198 -1.30428 -0.033903 0.189027 0.981386 -0.577093
0.491189 0.852384 -0.179371 -10 -0.870575 0.487216 -0.0686957 -2.57528 0.0288374 0.189899 0.98138 -0.56681
0.571345 0.805871 -0.155357 -9.40734 -0.815169 0.579186 0.00647867 -3.82936 0.0952019 0.122941 0.987837 -0.530763
0.647789 0.721247 -0.245299 -8.65522 -0.742911 0.669361 0.00621868 -4.92865 0.168679 0.178207 0.969427 -0.391579
0.762884 0.624914 -0.165804 -7.73431 -0.641883 0.762775 -0.0784866 -5.97492 0.077424 0.166303 0.98303 -0.0833713
0.859221 0.506459 -0.0723796 -6.69148 -0.511062 0.85619 -0.0758539 -6.94553 0.0235538 0.102166 0.994489 -0.0241931
0.895852 0.434378 -0.0936216 -5.48531 -0.440272 0.896188 -0.0548441 -7.64334 0.0600795 0.0903512 0.994096 -0.010023
0.939999 0.331909 -0.0789787 -4.30225 -0.334045 0.942435 -0.0151799 -8.3621 0.0693939 0.0406515 0.996761 0.0740702
0.962512 0.263389 -0.064777 -2.8362 -0.265446 0.963792 -0.0253593 -8.85354 0.0557522 0.0416034 0.997577 0.167936
0.990567 0.094327 -0.0993995 -1.63201 -0.102242 0.991713 -0.0777923 -9.18489 0.0912379 0.0872213 0.992002 0.239705
0.997226 0.00865188 -0.0739291 -0.223401 -0.0146118 0.996651 -0.0804604 -9.22148 0.0729854 0.0813174 0.994012 0.299707
0.991342 -0.127348 -0.0319953 1.26336 0.12422 0.988541 -0.0857707 -9.04293 0.0425514 0.0810537 0.995801 0.358305
0.964332 -0.22586 0.138023 2.66763 0.229475 0.973256 -0.0106578 -8.82549 -0.131925 0.0419506 0.990372 0.366448
0.928021 -0.329922 0.172999 4.02659 0.334241 0.942477 0.00440324 -8.2494 -0.1645 0.0537369 0.984912 0.0992316
0.841331 -0.484505 0.23962 5.29243 0.507191 0.860901 -0.0400862 -7.75393 -0.186867 0.155259 0.970039 -0.133577
0.787078 -0.586341 0.191606 6.44935 0.602806 0.797019 -0.0372132 -6.98161 -0.130894 0.144791 0.980766 -0.286911
0.725415 -0.666117 0.173382 7.53919 0.68326 0.727334 -0.0643539 -6.02397 -0.0832395 0.165148 0.98275 -0.49016
0.619279 -0.771756 0.14452 8.48772 0.781382 0.623822 -0.0169877 -5.11447 -0.0770445 0.123446 0.989356 -0.664046
0.433041 -0.876121 0.211865 9.43718 0.894605 0.4465 0.0178769 -4.03467 -0.11026 0.181794 0.977135 -0.884793
0.417931 -0.877182 0.236399 10.0434 0.901584 0.432468 0.0108007 -2.66392 -0.111709 0.20862 0.971596 -1.02973
0.295003 -0.933285 0.204821 10.6071 0.941319 0.32066 0.105338 -1.27159 -0.163989 0.161727 0.973115 -1.29728
0.154027 -0.963861 0.217365 11.0969 0.976533 0.182015 0.115126 0.0551377 -0.15053 0.194532 0.969277 -1.30084
-0.00192625 -0.969069 0.246782 11.2254 0.994852 0.0231465 0.0986574 1.47486 -0.101318 0.245702 0.964036 -1.46416
-0.124992 -0.969953 0.208729 11.1614 0.967937 -0.0730107 0.240348 2.87552 -0.217886 0.232078 0.947979 -1.77724
-0.275461 -0.938021 0.210325 11.02 0.932787 -0.20791 0.294416 4.30352 -0.23244 0.277289 0.932246 -2.16159
-0.382209 -0.884661 0.267003 10.523 0.905314 -0.300548 0.30013 5.64275 -0.185266 0.356434 0.915768 -2.37528
-0.523909 -0.828117 0.199352 9.95338 0.840101 -0.463763 0.281342 7.02025 -0.140532 0.314874 0.938672 -2.67077
-0.606551 -0.766933 0.209547 9.19245 0.785718 -0.537989 0.30531 8.2086 -0.121418 0.349831 0.928911 -3.01207
-0.688644 -0.699777 0.189952 8.29475 0.721389 -0.634722 0.276996 9.37666 -0.0732682 0.327781 0.941908 -3.27147
-0.826182 -0.535538 0.174993 7.19086 0.562158 -0.762936 0.31923 10.4133 -0.0374511 0.362115 0.931381 -3.59384
-0.810157 -0.559452 0.175095 6.01844 0.584976 -0.752151 0.303433 11.3698 -0.0380584 0.348255 0.936627 -3.58639
-0.861705 -0.440166 0.252423 4.71393 0.502388 -0.809925 0.302701 12.2204 0.0712052 0.387653 0.919051 -3.54286
-0.916106 -0.2611 0.304263 3.37386 0.357705 -0.875045 0.326104 12.9995 0.181097 0.407583 0.895031 -3.5221
-0.919436 -0.147106 0.364688 1.87698 0.288341 -0.882793 0.370858 13.6442 0.267389 0.446134 0.854089 -3.24582
-0.987216 -0.016385 0.158543 0.519392 0.0862864 -0.891275 0.445177 14.0888 0.134011 0.453166 0.881295 -2.83856
-0.988343 0.00889429 0.151986 -1.16486 0.0546091 -0.911152 0.408435 14.0721 0.142115 0.411974 0.900045 -2.7224
-0.965723 0.12611 0.226881 -2.70807 -0.0158619 -0.901087 0.433347 14.2343 0.259089 0.414895 0.872201 -2.48961
-0.967894 0.243419 0.0626708 -4.28171 -0.202451 -0.902727 0.379602 14.1802 0.148977 0.354727 0.923025 -2.12813
-0.93319 0.358614 -0.0235113 -5.74373 -0.340158 -0.860264 0.379787 13.7264 0.115971 0.362411 0.924775 -1.76631
-0.87549 0.463291 -0.137398 -7.33679 -0.483236 -0.839236 0.249329 13.156 0.000202204 0.284681 0.958622 -1.53602
-0.763536 0.615093 -0.196655 -8.43471 -0.645755 -0.72896 0.227194 12.3134 -0.00360823 0.300462 0.953787 -1.55114
-0.695241 0.674047 -0.249601 -9.79263 -0.717027 -0.674602 0.175453 11.2117 -0.0501173 0.300953 0.952321 -1.59732
-0.599144 0.773265 -0.207576 -10.8859 -0.800327 -0.585699 0.128196 10.0536 -0.0224481 0.242936 0.969782 -1.67584
-0.572529 0.795396 -0.198886 -11.9666 -0.816374 -0.530626 0.22797 8.64313 0.0757921 0.292885 0.953139 -1.65208
-0.437038 0.867363 -0.238073 -12.8636 -0.897922 -0.405348 0.171549 7.24002 0.052293 0.288745 0.955977 -1.65189
-0.269086 0.92399 -0.271725 -13.4041 -0.962989 -0.253544 0.091469 5.82908 0.0156222 0.286281 0.958018 -1.47812
-0.0615369 0.95084 -0.303508 -13.8116 -0.997947 -0.0532095 0.0356396 4.17444 0.0177381 0.305078 0.952162 -1.44423
-0.0567582 0.954443 -0.292944 -13.962 -0.995975 -0.0337424 0.0830347 2.43207 0.0693672 0.296478 0.952517 -1.41092
0.101962 0.947573 -0.302835 -13.8596 -0.992939 0.115495 0.0270711 0.948542 0.0606277 0.297937 0.952658 -1.33465
0.294483 0.903881 -0.31029 -13.8221 -0.954524 0.294003 -0.0494616 -0.797113 0.0465188 0.310744 0.949354 -1.1906
0.376579 0.868848 -0.321389 -13.2575 -0.924398 0.375141 -0.0689763 -2.31577 0.0606364 0.323067 0.944432 -1.20997
0.479472 0.846565 -0.23116 -12.6097 -0.875389 0.4799 -0.0582217 -4.00926 0.0616454 0.230271 0.971172 -1.20525
0.588859 0.775788 -0.22671 -11.7424 -0.799993 0.599413 -0.0267548 -5.5766 0.115137 0.197121 0.973595 -1.07493
0.626586 0.76131 -0.166725 -10.6842 -0.776246 0.628722 -0.0463785 -6.95847 0.0695155 0.15848 0.984912 -0.975459
0.751925 0.641617 -0.151449 -9.64577 -0.656908 0.748557 -0.0901906 -8.26336 0.0555005 0.167305 0.984342 -0.710152
0.802675 0.573124 -0.165051 -8.20643 -0.588155 0.806545 -0.0596584 -9.46505 0.0989291 0.144962 0.984479 -0.447322
0.86648 0.475068 -0.153372 -6.79131 -0.496739 0.851031 -0.170281 -10.3614 0.0496294 0.223731 0.973387 -0.400716
0.95375 0.268789 -0.13459 -5.27112 -0.285753 0.949666 -0.128371 -11.2311 0.093311 0.160893 0.982551 -0.285644
0.950393 0.278539 -0.138456 -3.69478 -0.300804 0.936327 -0.18113 -11.8558 0.0791884 0.213793 0.973664 -0.105392
0.997069 0.0631005 -0.0432645 -1.96444 -0.0691892 0.985032 -0.157873 -12.1434 0.032655 0.160404 0.986511 -0.0776211
0.998407 0.0387162 -0.0410363 -0.196069 -0.0458196 0.980828 -0.189411 -12.2177 0.0329163 0.190989 0.98104 -0.0754382
0.991686 -0.127864 0.0145129 1.71329 0.12799 0.968337 -0.214339 -12.0105 0.0133528 0.214414 0.976652 -0.0284071
0.953082 -0.282618 0.10845 3.40858 0.291953 0.952857 -0.0826197 -11.8005 -0.0799875 0.110406 0.990663 0.00883061
0.890767 -0.400164 0.215411 5.15122 0.431298 0.89376 -0.123185 -11.0888 -0.143232 0.202636 0.968723 -0.141141
0.849138 -0.477108 0.226567 6.75893 0.5043 0.859881 -0.0792891 -10.3381 -0.156991 0.181585 0.970763 -0.571991
0.794256 -0.538085 0.282175 8.36833 0.584029 0.804194 -0.11037 -9.36431 -0.167535 0.252461 0.952993 -0.75439
0.695364 -0.679044 0.235304 9.53738 0.707931 0.703587 -0.0616362 -8.31809 -0.123703 0.209439 0.969965 -1.03545
0.637083 -0.732229 0.240763 10.8925 0.765552 0.637462 -0.0870248 -6.96589 -0.0897549 0.239758 0.966675 -1.19415
0.502207 -0.824347 0.261228 12.0941 0.853727 0.520717 0.00193106 -5.43343 -0.137618 0.222048 0.965275 -1.38972
0.397965 -0.874803 0.276303 12.8394 0.9124 0.408822 -0.0197784 -3.92515 -0.0956564 0.25997 0.960867 -1.73876
0.267324 -0.922649 0.277952 13.454 0.962291 0.27068 -0.0269858 -2.24505 -0.0503377 0.274685 0.960216 -1.85084
0.11176 -0.96815 0.224043 13.9631 0.980017 0.144712 0.136473 -0.489624 -0.164548 0.204313 0.964977 -2.07881
-0.0518087 -0.967489 0.247551 14.2192 0.987694 -0.0130114 0.155858 1.23712 -0.14757 0.252579 0.956257 -2.40297
-0.197407 -0.950922 0.238281 14.1526 0.963723 -0.143705 0.224915 3.07051 -0.179634 0.274036 0.944794 -2.55162
-0.282629 -0.928698 0.240086 13.7242 0.931609 -0.206124 0.299363 4.95208 -0.228531 0.308275 0.923439 -3.02379
-0.343119 -0.892112 0.293949 13.2353 0.910067 -0.238287 0.339112 6.59331 -0.232482 0.383869 0.893642 -3.37717
-0.475131 -0.844325 0.247722 12.4596 0.867898 -0.403317 0.28998 8.28808 -0.144926 0.352776 0.924416 -3.80169
-0.591759 -0.772988 0.228717 11.5171 0.784461 -0.486878 0.38415 9.8055 -0.185586 0.406743 0.894493 -4.14764
-0.672027 -0.712402 0.202148 10.2982 0.726547 -0.581506 0.366034 11.1929 -0.143214 0.392855 0.908381 -4.49239
-0.766005 -0.62636 0.1446 8.84472 0.631294 -0.690543 0.353014 12.6434 -0.121262 0.361696 0.924376 -4.73982
-0.851783 -0.457366 0.255501 7.65295 0.523119 -0.769028 0.367345 13.7496 0.0284762 0.446556 0.894302 -4.95699
-0.860728 -0.435714 0.26325 6.00826 0.506563 -0.784295 0.358155 14.725 0.0504123 0.441627 0.895781 -4.87789
-0.895673 -0.371439 0.244547 4.13552 0.439372 -0.824082 0.357548 15.6908 0.0687194 0.427693 0.901308 -4.75547
-0.94107 -0.277872 0.192808 2.48041 0.33183 -0.868809 0.367503 16.3711 0.0653947 0.409826 0.909817 -4.56008
-0.98299 -0.109979 0.147088 0.613301 0.160744 -0.902581 0.399385 16.8044 0.0888346 0.416235 0.904907 -4.29662
-0.988005 0.0404955 0.149018 -1.35191 0.0336253 -0.885431 0.463553 16.9192 0.150717 0.463003 0.873449 -3.99233
-0.954701 0.195523 0.224316 -3.15266 -0.0682631 -0.877633 0.474448 16.9515 0.289633 0.437643 0.851224 -3.94018
-0.962931 0.250422 0.100259 -5.02452 -0.16732 -0.846042 0.506179 16.8536 0.211582 0.470641 0.856581 -3.36453
-0.916432 0.396956 -0.0507814 -6.92092 -0.362183 -0.768713 0.527167 16.4811 0.170226 0.501504 0.848243 -2.9316
-0.85411 0.459182 -0.244232 -8.69719 -0.52002 -0.746083 0.41586 15.6748 0.00873796 0.482195 0.87602 -2.56888
-0.779706 0.567662 -0.26423 -10.313 -0.625468 -0.686498 0.370824 14.5314 0.029109 0.454401 0.890321 -2.59312
-0.676921 0.677651 -0.287345 -11.8553 -0.735665 -0.635604 0.234104 13.1372 -0.0239973 0.369859 0.928778 -2.55924
-0.587093 0.781786 -0.210077 -13.1848 -0.80937 -0.5619 0.170844 11.825 0.015521 0.270332 0.962642 -2.68509
-0.533177 0.807667 -0.251787 -14.5397 -0.845201 -0.495573 0.200108 10.1325 0.0368423 0.319503 0.946869 -2.64658
-0.380456 0.876298 -0.29556 -15.5254 -0.924395 -0.350897 0.149551 8.4917 0.0273402 0.330111 0.943546 -2.49422
-0.239169 0.921289 -0.306635 -16.1501 -0.970784 -0.220576 0.0944693 6.66124 0.0193974 0.32027 0.947128 -2.51139
-0.108999 0.939094 -0.325916 -16.6728 -0.99324 -0.089725 0.0736442 4.49224 0.0399161 0.33174 0.942526 -2.48454
-0.0429266 0.951742 -0.303883 -16.8233 -0.998244 -0.0284324 0.0519641 2.46381 0.0408163 0.30558 0.951291 -2.34398
0.104019 0.943779 -0.313787 -16.6912 -0.992266 0.119964 0.0318858 0.454518 0.0677363 0.308043 0.948958 -2.22253
0.233437 0.930512 -0.28223 -16.458 -0.971891 0.232406 -0.0376224 -1.6797 0.030584 0.28308 0.958609 -2.21462
0.333329 0.903039 -0.270946 -16.0212 -0.935478 0.352556 0.0241777 -3.46591 0.117357 0.245405 0.962291 -2.24602
0.452332 0.842055 -0.293835 -15.0874 -0.887954 0.455973 -0.0602206 -5.52112 0.0832719 0.288152 0.953957 -1.92054
0.533775 0.798792 -0.277516 -14.2877 -0.83955 0.539862 -0.0608695 -7.23525 0.101199 0.265479 0.958791 -1.78592
0.681873 0.69271 -0.23495 -13.0765 -0.726809 0.677831 -0.11088 -8.87091 0.0824483 0.24637 0.965663 -1.66732
0.753314 0.592509 -0.285395 -11.6431 -0.635798 0.767086 -0.0856706 -10.3847 0.168162 0.24599 0.954573 -1.41353
0.841787 0.513826 -0.165462 -10.0358 -0.538181 0.822643 -0.183355 -11.8265 0.041904 0.243395 0.969022 -0.998012
0.875744 0.464486 -0.131624 -8.33748 -0.480217 0.866136 -0.138565 -12.9652 0.0496423 0.184556 0.981568 -1.15934
0.927141 0.348618 -0.137385 -6.31909 -0.36807 0.916012 -0.159518 -14.0725 0.0702354 0.198463 0.977589 -1.22892
0.951926 0.261379 -0.159742 -4.36887 -0.291947 0.932016 -0.214739 -14.6377 0.0927537 0.251052 0.963519 -0.986063
0.985959 0.153132 -0.0665996 -2.27818 -0.166986 0.905736 -0.389562 -15.1942 0.000667391 0.395214 0.918589 -0.646343
0.999845 -0.0167234 0.00557237 -0.190729 0.0176029 0.96389 -0.265719 -15.3219 -0.000927437 0.265776 0.964034 -0.720194
0.981413 -0.191202 0.0164673 2.01763 0.186277 0.928456 -0.321358 -15.0462 0.0461551 0.318452 0.946815 -0.676191
0.955005 -0.275447 0.109969 4.27045 0.296325 0.901774 -0.314637 -14.6715 -0.0125016 0.333066 0.94282 -0.666232
0.900695 -0.368084 0.230788 6.42486 0.41672 0.882173 -0.219351 -13.896 -0.122855 0.293742 0.947957 -0.824221
0.845383 -0.467033 0.259243 8.32345 0.502558 0.859873 -0.0897407 -12.8793 -0.181004 0.20615 0.961634 -1.15206
0.796359 -0.557668 0.234133 9.99529 0.598207 0.783342 -0.168889 -11.7304 -0.0892226 0.274556 0.957423 -1.66708
0.729765 -0.654848 0.196513 11.5984 0.675154 0.735534 -0.0561864 -10.4485 -0.107749 0.17368 0.97889 -1.78947
0.580343 -0.760386 0.291574 13.1714 0.810275 0.575015 -0.11319 -9.0491 -0.0815912 0.301944 0.949828 -1.92208
0.510194 -0.795738 0.326347 14.4798 0.856575 0.504246 -0.109613 -7.03567 -0.0773365 0.335464 0.938873 -2.20777
0.396753 -0.841271 0.367219 15.6194 0.910872 0.410326 -0.0441051 -5.08699 -0.113575 0.351988 0.929088 -2.53858
0.314653 -0.899472 0.303222 16.2827 0.945892 0.323798 -0.0210399 -3.03054 -0.079258 0.293436 0.952688 -2.72993
0.169054 -0.904212 0.392202 16.8724 0.978608 0.201328 0.0423388 -0.882 -0.117244 0.376655 0.918904 -2.84252
0.0217261 -0.953713 0.299934 17.1562 0.992014 0.0578478 0.112083 1.18786 -0.124246 0.295103 0.947353 -3.17967
-0.135152 -0.950268 0.28058 17.0765 0.966872 -0.0645977 0.246952 3.4354 -0.216545 0.304661 0.927518 -3.43354
-0.256093 -0.945826 0.199575 16.6123 0.928102 -0.182858 0.324331 5.40195 -0.270266 0.268284 0.924651 -3.99224
-0.452683 -0.848538 0.273973 16.0062 0.869191 -0.351367 0.347919 7.36234 -0.198957 0.395632 0.8966 -4.53078
-0.496689 -0.821516 0.28002 14.9916 0.856423 -0.411538 0.31173 9.3289 -0.140852 0.394649 0.907972 -5.13719
-0.623828 -0.723773 0.294943 13.7808 0.773613 -0.518142 0.364761 11.1668 -0.111182 0.45572 0.883152 -5.5435
-0.71907 -0.624263 0.305341 12.5034 0.692234 -0.604717 0.393863 12.9226 -0.0612294 0.494583 0.866971 -5.78052
-0.736295 -0.625777 0.257435 10.8665 0.665837 -0.602258 0.440393 14.6046 -0.120546 0.495669 0.860105 -5.88551
-0.79208 -0.55993 0.243081 9.0382 0.605102 -0.6678 0.433467 15.9628 -0.0803815 0.49043 0.867766 -6.21118
-0.887022 -0.405552 0.220728 7.29426 0.461698 -0.784544 0.413916 17.178 0.00530619 0.469062 0.883149 -6.2755
-0.934053 -0.312391 0.173082 5.21385 0.356317 -0.847947 0.39246 18.1707 0.0241634 0.42825 0.903337 -6.06689
-0.973141 -0.192366 0.126458 3.15975 0.22724 -0.890625 0.393889 19.0305 0.0368563 0.412046 0.910417 -6.01335
-0.986756 -0.0752156 0.143722 0.963505 0.128666 -0.902473 0.411082 19.5465 0.0987854 0.424129 0.900198 -5.80061
-0.993615 0.0418068 0.104789 -1.48791 0.0116215 -0.885942 0.46365 19.6358 0.112221 0.461908 0.8798 -5.61709
-0.980822 0.157298 0.11509 -3.67718 -0.0818693 -0.868364 0.489123 19.5536 0.176878 0.47032 0.864589 -5.2491
-0.974456 0.224555 -0.00333639 -6.08833 -0.190908 -0.820437 0.538922 19.4004 0.11828 0.525792 0.842349 -4.88598
-0.914435 0.398147 -0.072714 -8.07133 -0.375924 -0.768959 0.517092 18.8705 0.149964 0.500182 0.852836 -4.6044
-0.867382 0.489233 -0.0911066 -10.1432 -0.474618 -0.758222 0.447031 17.8085 0.149623 0.430988 0.889867 -4.27086
-0.810534 0.558397 -0.176714 -12.1814 -0.579109 -0.718968 0.38434 16.6242 0.0875625 0.413857 0.906121 -3.94223
-0.682657 0.64441 -0.34455 -14.0175 -0.725969 -0.651863 0.219187 15.2014 -0.0833528 0.399762 0.912821 -3.7926
-0.62355 0.737043 -0.260678 -15.5825 -0.781777 -0.586508 0.211737 13.4883 0.00316948 0.335821 0.941921 -3.71871
-0.495988 0.824704 -0.271772 -17.0386 -0.868051 -0.462999 0.179216 11.5456 0.0219698 0.324801 0.945527 -3.7733
-0.334655 0.850346 -0.406101 -18.2806 -0.94179 -0.316537 0.113294 9.50086 -0.0322065 0.420376 0.906778 -3.52516
-0.220168 0.878469 -0.424049 -18.8917 -0.974709 -0.181049 0.131008 7.25272 0.0383127 0.442169 0.896113 -3.65012
-0.133472 0.901773 -0.411086 -19.3945 -0.988587 -0.0919045 0.119371 4.89801 0.0698646 0.422327 0.903747 -3.6806
-0.0287604 0.90289 -0.428909 -19.5961 -0.994115 0.0189959 0.106648 2.48697 0.104439 0.429453 0.89703 -3.51359
0.0935418 0.919004 -0.382991 -19.566 -0.991646 0.120317 0.0465055 0.0831916 0.0888189 0.375441 0.922581 -3.33422
0.228189 0.913511 -0.336791 -19.2337 -0.965641 0.256534 0.0415638 -2.31532 0.124367 0.315734 0.940662 -3.29963
0.372133 0.8644 -0.338126 -18.6728 -0.912139 0.408005 0.0391628 -4.55249 0.171809 0.293844 0.940286 -3.09685
0.417205 0.858888 -0.297072 -17.6205 -0.901372 0.4328 -0.0145787 -6.83784 0.116051 0.273855 0.954744 -2.86882
0.566393 0.752079 -0.337012 -16.6574 -0.811651 0.579949 -0.0698652 -8.92285 0.142906 0.313108 0.938904 -2.69198
0.650893 0.695688 -0.3039 -15.1757 -0.75631 0.628931 -0.180114 -10.9751 0.065829 0.347078 0.935523 -2.33448
0.733397 0.611298 -0.297395 -13.5301 -0.667783 0.729731 -0.146831 -12.7563 0.127261 0.30628 0.943396 -2.23479
0.831845 0.514109 -0.209106 -11.6872 -0.551962 0.805733 -0.214784 -14.4434 0.058061 0.294086 0.954014 -1.88453
0.890174 0.422013 -0.171743 -9.62495 -0.451342 0.868309 -0.205743 -15.6439 0.0622993 0.260662 0.963418 -1.96528
0.942923 0.285346 -0.171681 -7.36942 -0.321781 0.913465 -0.249076 -16.684 0.0857522 0.290103 0.953146 -1.84699
0.962374 0.243841 -0.119907 -5.01528 -0.268101 0.923933 -0.272892 -17.4003 0.0442435 0.294771 0.954543 -1.78285
0.996921 0.0741483 -0.0254937 -2.60084 -0.0781184 0.911321 -0.404216 -18.0775 -0.00673902 0.404963 0.914308 -1.70936
0.998736 -0.047488 0.0164697 -0.201765 0.050152 0.919754 -0.389279 -18.1916 0.00333797 0.389612 0.920973 -1.63496
0.987473 -0.145156 0.0618536 2.51715 0.157606 0.9261 -0.342781 -17.9271 -0.00752597 0.348235 0.937377 -1.79473
0.980202 -0.190515 0.0539352 4.96889 0.197224 0.9153 -0.351182 -17.3865 0.0175383 0.354866 0.934753 -1.78394
0.920861 -0.357302 0.156049 7.50976 0.38692 0.88678 -0.252813 -16.6823 -0.0480502 0.293184 0.954848 -1.80334
0.834896 -0.482439 0.264955 9.7029 0.540489 0.809585 -0.229007 -15.5956 -0.104022 0.334402 0.936672 -1.94997
0.776075 -0.594892 0.209311 11.6548 0.629024 0.75396 -0.189402 -14.1701 -0.0451388 0.278652 0.959331 -2.41221
0.709264 -0.633181 0.309883 13.6913 0.697367 0.694488 -0.177103 -12.5661 -0.103072 0.341715 0.934134 -2.51549
0.597252 -0.727963 0.336691 15.4807 0.798855 0.577373 -0.168734 -10.7874 -0.071564 0.369744 0.926374 -2.95484
0.523412 -0.768913 0.367168 16.8922 0.843533 0.528467 -0.0957848 -8.65414 -0.120386 0.359853 0.92521 -3.19733
0.435173 -0.795802 0.421098 18.0755 0.893196 0.440416 -0.0907427 -6.34986 -0.113245 0.415612 0.902465 -3.63553
0.30626 -0.875185 0.374507 19.0285 0.951391 0.29486 -0.0889567 -3.92112 -0.0325738 0.383547 0.922947 -3.89478
0.179109 -0.893921 0.410884 19.646 0.980423 0.196901 0.00100165 -1.41046 -0.0817989 0.402661 0.911687 -3.96823
0.0205067 -0.902034 0.431177 20.1883 0.996969 0.0508209 0.0589031 1.04675 -0.0750454 0.428663 0.900342 -4.21929
-0.21511 -0.861535 0.459875 20.0404 0.955548 -0.0884525 0.281256 3.52643 -0.201635 0.499933 0.842265 -4.43088
-0.360032 -0.854917 0.373489 19.423 0.885411 -0.186964 0.425548 5.94552 -0.293979 0.483902 0.824266 -4.99797
-0.380246 -0.847681 0.369932 18.359 0.881242 -0.210643 0.423133 8.31903 -0.280758 0.486894 0.827109 -5.78398
-0.510853 -0.784844 0.350782 17.3689 0.842539 -0.37605 0.385634 10.5779 -0.170752 0.492551 0.853369 -6.45142
-0.580162 -0.74496 0.329313 15.9868 0.800521 -0.446934 0.399269 12.6903 -0.150258 0.495263 0.85565 -7.00716
-0.739159 -0.593081 0.319217 14.4882 0.671112 -0.608399 0.423626 14.7375 -0.0570331 0.527357 0.847727 -7.34001
-0.760896 -0.574877 0.300921 12.6437 0.64858 -0.659875 0.379354 16.4849 -0.0195112 0.48382 0.87495 -7.4563
-0.83769 -0.453058 0.304981 10.6812 0.545249 -0.725755 0.419504 18.1388 0.0312819 0.517705 0.854987 -7.69567
-0.877521 -0.369037 0.306217 8.42216 0.472583 -0.773886 0.421623 19.4953 0.0813823 0.514696 0.853502 -7.62778
-0.920112 -0.318128 0.228449 6.08971 0.382614 -0.854728 0.350779 20.791 0.0836696 0.410163 0.908166 -7.46709
-0.970535 -0.220582 0.0969819 3.73668 0.240915 -0.89609 0.372804 21.7143 0.00467076 0.385183 0.922828 -7.30672
-0.993993 -0.0578867 0.0928792 1.11882 0.0941396 -0.88505 0.455877 22.208 0.0558136 0.461882 0.885184 -7.159
-0.993018 0.0546758 0.104527 -1.61251 0.00435258 -0.868512 0.495649 22.3356 0.117883 0.492643 0.86221 -7.083
-0.992214 0.122352 0.0232717 -4.3112 -0.0914407 -0.842513 0.530859 22.1843 0.0845582 0.524597 0.847141 -6.811
-0.975908 0.213278 -0.0459913 -6.8164 -0.203623 -0.81462 0.543077 21.881 0.078361 0.539358 0.838422 -6.49675
-0.943947 0.328783 -0.0294121 -9.40524 -0.284292 -0.764452 0.578611 21.1129 0.167753 0.55454 0.815073 -6.20307
-0.889927 0.431324 -0.148287 -11.6634 -0.44076 -0.729654 0.522815 20.1431 0.117305 0.530626 0.839449 -5.71738
-0.80615 0.533028 -0.256912 -13.9452 -0.587176 -0.666976 0.458659 18.8499 0.0731236 0.5206 0.850663 -5.33997
-0.715566 0.634131 -0.292989 -15.9864 -0.692724 -0.590138 0.414572 17.1342 0.0899886 0.499614 0.861561 -5.05188
-0.589457 0.738688 -0.326927 -17.8806 -0.806122 -0.511833 0.296977 15.2081 0.0520417 0.438598 0.897175 -4.9688
-0.439517 0.810785 -0.386591 -19.5203 -0.898152 -0.390877 0.201339 12.9163 0.0121329 0.435709 0.900006 -4.85915
-0.351689 0.819691 -0.45213 -20.6641 -0.934365 -0.336906 0.115999 10.4312 -0.0572418 0.46325 0.884377 -4.86123
-0.204786 0.873812 -0.44104 -21.47 -0.978777 -0.18635 0.0852642 7.85891 -0.00768297 0.44914 0.893428 -5.03414
-0.153381 0.886071 -0.437439 -21.9872 -0.985462 -0.104425 0.134015 5.00329 0.0730675 0.451635 0.889206 -5.01477
-0.0346127 0.902011 -0.430324 -22.3076 -0.996774 4.35041e-05 0.0802657 2.37871 0.0724192 0.431713 0.899099 -4.84242
0.0659511 0.90909 -0.411346 -22.2614 -0.994703 0.0924713 0.0448843 -0.248202 0.0788416 0.406207 0.910373 -4.61547
0.225439 0.888569 -0.399527 -21.9394 -0.967133 0.25361 0.0183223 -3.08254 0.117605 0.382265 0.916538 -4.29809
0.267911 0.872775 -0.40803 -21.258 -0.954246 0.29876 0.0124929 -5.81072 0.132807 0.386014 0.912883 -4.00409
0.415632 0.838637 -0.352049 -20.3369 -0.904658 0.4212 -0.06468 -8.31357 0.0940399 0.345367 0.933744 -3.76352
0.543125 0.740181 -0.396419 -19.0617 -0.830098 0.544354 -0.120898 -10.6585 0.126306 0.394729 0.910075 -3.64843
0.658625 0.648508 -0.381642 -17.4576 -0.751152 0.596653 -0.282447 -12.843 0.0445384 0.472698 0.880098 -3.32539
0.684248 0.63467 -0.359164 -15.4095 -0.726782 0.633969 -0.26433 -14.9234 0.0599363 0.441901 0.895059 -3.33099
0.814573 0.500864 -0.292584 -13.3157 -0.575043 0.763477 -0.293986 -16.843 0.0761339 0.407722 0.909927 -2.93996
0.898842 0.404941 -0.167652 -10.9297 -0.4381 0.840922 -0.317677 -18.2843 0.0123413 0.35899 0.93326 -2.81146
0.942487 0.305709 -0.135131 -8.38796 -0.334243 0.861989 -0.381125 -19.4076 -3.24462e-05 0.404372 0.914595 -2.91129
0.979867 0.185061 -0.0749196 -5.72526 -0.199641 0.904523 -0.376805 -20.2396 -0.00196564 0.384176 0.923258 -2.90117
0.993321 0.115337 -0.00336804 -2.73464 -0.106291 0.90328 -0.415676 -20.7207 -0.0449004 0.413258 0.909507 -2.81405
0.997895 -0.0593297 0.0261852 0.0121839 0.0647997 0.896116 -0.439064 -20.9115 0.00258462 0.439837 0.898074 -2.93524
0.986795 -0.155486 0.045375 2.89315 0.160964 0.910197 -0.381617 -20.6814 0.0180359 0.383882 0.923206 -2.96926
0.971145 -0.231052 0.0591017 5.7807 0.238147 0.926174 -0.292383 -20.2367 0.0128173 0.298021 0.954473 -2.90221
0.919173 -0.355101 0.170364 8.50304 0.39004 0.880753 -0.268594 -19.4392 -0.0546706 0.313333 0.948068 -2.8191
0.829519 -0.448252 0.333118 11.1147 0.534905 0.809161 -0.243174 -18.1936 -0.160543 0.379905 0.910988 -2.80103
0.775509 -0.545321 0.318137 13.4966 0.616548 0.762588 -0.195777 -16.4308 -0.135847 0.347974 0.92761 -3.47278
0.678531 -0.62357 0.388273 15.6719 0.727925 0.641731 -0.241467 -14.6994 -0.0985953 0.446476 0.889347 -3.73625
0.641184 -0.653959 0.401523 17.5921 0.762699 0.600819 -0.239388 -12.5951 -0.0846927 0.459733 0.884009 -4.10158
0.476787 -0.78321 0.39907 19.2844 0.875288 0.464799 -0.133539 -10.1694 -0.0808984 0.412971 0.907144 -4.54185
0.460614 -0.788326 0.407893 20.5666 0.886301 0.433355 -0.16332 -7.55371 -0.0480131 0.436743 0.898304 -4.84177
0.276769 -0.856153 0.43635 21.6397 0.954681 0.296712 -0.0233636 -4.83069 -0.109468 0.423042 0.899473 -4.99785
0.13687 -0.880712 0.453445 22.5063 0.983523 0.175397 0.0437961 -2.09282 -0.118105 0.439979 0.890207 -5.28118
-0.0059911 -0.879374 0.476094 22.8323 0.988748 0.0659557 0.134266 0.820859 -0.149471 0.471541 0.869084 -5.6039
-0.136252 -0.848849 0.510774 22.611 0.962835 0.0079016 0.269973 3.73005 -0.233202 0.528576 0.816226 -6.01282
-0.308396 -0.799983 0.514703 22.135 0.934706 -0.154341 0.320163 6.3012 -0.176685 0.579833 0.795347 -6.73556
-0.454485 -0.77086 0.446338 21.152 0.863834 -0.259168 0.431999 9.03672 -0.217335 0.581899 0.783683 -7.41336
-0.47253 -0.808989 0.349644 19.6389 0.865394 -0.350849 0.357768 11.5867 -0.166758 0.471636 0.865882 -8.09497
-0.584031 -0.731738 0.35138 18.2416 0.798294 -0.439321 0.411977 14.1163 -0.147091 0.521111 0.840718 -8.59844
-0.692659 -0.626877 0.35672 16.338 0.714389 -0.528144 0.459034 16.4675 -0.0993581 0.57279 0.813658 -8.86078
-0.758691 -0.563842 0.326299 14.3153 0.649672 -0.617874 0.442897 18.566 -0.0481123 0.548009 0.835088 -9.20641
-0.824811 -0.487656 0.286144 12.1501 0.56413 -0.675767 0.474444 20.2874 -0.037999 0.552749 0.832481 -9.17676
-0.854268 -0.379385 0.355376 9.61041 0.512646 -0.728127 0.455 21.9099 0.0861386 0.570875 0.816506 -9.26448
-0.889306 -0.287846 0.355359 7.00041 0.432163 -0.783113 0.447179 23.3752 0.149567 0.551252 0.820823 -8.84685
-0.980545 -0.157801 0.116748 4.30682 0.193943 -0.870606 0.452141 24.4011 0.0302934 0.465987 0.884273 -8.61176
-0.997011 -0.0235974 0.07357 1.24113 0.0617999 -0.815056 0.576077 24.8964 0.0463698 0.578901 0.814078 -8.61589
-0.998155 0.0285061 0.0536157 -1.7554 0.00436054 -0.847032 0.531525 24.9459 0.0605659 0.530778 0.845344 -8.55445
-0.991067 0.133327 -0.00322385 -4.58039 -0.114304 -0.836714 0.535578 24.8156 0.0687095 0.531162 0.84448 -8.42982
-0.953629 0.294753 -0.0609327 -7.54661 -0.27978 -0.793446 0.540524 24.3853 0.110974 0.532507 0.839119 -8.25728
-0.906866 0.416085 -0.0668346 -10.33 -0.384689 -0.752595 0.534429 23.457 0.172068 0.510367 0.842567 -7.89914
-0.853401 0.504719 -0.130247 -13.0516 -0.497086 -0.712814 0.494775 22.4379 0.15688 0.486985 0.859205 -7.42668
-0.773583 0.587 -0.238745 -15.6333 -0.621694 -0.63004 0.465344 20.9049 0.122738 0.508409 0.852324 -6.9717
-0.682754 0.647518 -0.338478 -17.9876 -0.727279 -0.557846 0.399841 18.9395 0.0700854 0.519161 0.851798 -6.63438
-0.582363 0.715129 -0.386581 -20.0469 -0.812631 -0.49923 0.300668 16.7113 0.0220234 0.489245 0.871868 -6.36223
-0.455858 0.759859 -0.463474 -21.8378 -0.890036 -0.386021 0.242536 14.1419 0.00538217 0.52307 0.852273 -6.30945
-0.387834 0.785393 -0.482434 -23.1722 -0.920514 -0.303165 0.246465 11.4002 0.0473153 0.539675 0.840543 -6.34813
-0.201717 0.802017 -0.562209 -24.1495 -0.979384 -0.158808 0.12485 8.49763 0.010849 0.575803 0.817517 -6.42565
-0.142765 0.878593 -0.455734 -24.5754 -0.988273 -0.101334 0.114231 5.38143 0.0541816 0.466698 0.882756 -6.42541
-0.0575437 0.882945 -0.465937 -24.9452 -0.996817 -0.0250189 0.0756975 2.32042 0.0551795 0.46881 0.881574 -6.3134
0.0652215 0.861929 -0.502817 -25.0779 -0.987229 0.129129 0.0932975 -0.645501 0.145344 0.490311 0.859343 -6.14068
0.200406 0.843589 -0.498192 -24.6594 -0.964665 0.258693 0.0499935 -3.74546 0.171053 0.470569 0.865624 -5.65667
0.336789 0.831892 -0.441054 -23.9728 -0.934612 0.352236 -0.0493032 -6.66426 0.11434 0.428819 0.896125 -5.29613
0.447034 0.820047 -0.357328 -22.8059 -0.891605 0.440689 -0.104085 -9.63777 0.0721157 0.365125 0.928161 -4.98126
0.558903 0.733843 -0.386138 -21.2516 -0.827278 0.525398 -0.198915 -12.3223 0.056904 0.430617 0.900739 -4.94541
0.649293 0.646116 -0.40119 -19.3962 -0.759223 0.581667 -0.291965 -14.6668 0.0447157 0.494164 0.868218 -4.87078
0.69571 0.586828 -0.414271 -17.1619 -0.713883 0.628868 -0.308053 -16.9472 0.0797476 0.510057 0.856436 -4.6734
0.810331 0.475648 -0.342232 -14.7551 -0.581061 0.727708 -0.364429 -19.2009 0.0757053 0.494165 0.866065 -4.33294
0.899218 0.383793 -0.210023 -12.179 -0.437501 0.788527 -0.432225 -20.8359 -0.000275914 0.48055 0.876967 -4.11183
0.949378 0.296454 -0.103903 -9.33561 -0.310804 0.8384 -0.447757 -21.9907 -0.045627 0.457384 0.888098 -4.23791
0.981181 0.178315 -0.0740786 -6.20455 -0.192859 0.886244 -0.421162 -22.9775 -0.00944787 0.427523 0.903955 -4.29206
0.995001 0.0644423 -0.0762848 -3.07916 -0.0912253 0.897316 -0.431858 -23.4749 0.0406216 0.436659 0.89871 -4.21712
0.998584 0.0136357 -0.0514281 0.177451 -0.0351569 0.894619 -0.445444 -23.6338 0.0399346 0.446622 0.893831 -4.17216
0.983997 -0.177852 -0.0108953 3.35796 0.152846 0.873916 -0.46142 -23.6117 0.091586 0.452371 0.887115 -4.1459
0.976729 -0.206268 0.0587695 6.53124 0.212666 0.895877 -0.390099 -23.0702 0.0278148 0.393519 0.918896 -4.02924
0.911341 -0.367084 0.186296 9.51905 0.411394 0.828192 -0.380595 -22.1431 -0.0145787 0.423493 0.905782 -4.02615
0.826952 -0.457079 0.327459 12.454 0.557733 0.740666 -0.374629 -20.7816 -0.0713027 0.492435 0.867424 -4.15249
0.799643 -0.488352 0.349403 15.0877 0.597583 0.70424 -0.383328 -18.8866 -0.0588648 0.515323 0.854972 -4.54168
0.660576 -0.601457 0.44932 17.5416 0.741868 0.614778 -0.267732 -16.7772 -0.115203 0.510193 0.852309 -4.98456
0.599573 -0.643688 0.475582 19.62 0.784967 0.588814 -0.192676 -14.3128 -0.156006 0.48884 0.858311 -5.54643
0.481258 -0.735727 0.476547 21.613 0.874226 0.442649 -0.199475 -11.6605 -0.0641837 0.512608 0.85622 -6.02966
0.43553 -0.783301 0.443569 23.0173 0.895713 0.426104 -0.127021 -8.77042 -0.0895107 0.452631 0.887194 -6.18913
0.31733 -0.832721 0.453737 24.3077 0.944615 0.319788 -0.0737447 -5.78829 -0.0836909 0.452008 0.888079 -6.38636
0.148273 -0.839287 0.52308 25.0406 0.981173 0.191033 0.0283904 -2.76819 -0.123753 0.509022 0.851811 -6.6201
-0.0415314 -0.846322 0.53105 25.4949 0.987521 0.0460408 0.150604 0.482284 -0.15191 0.530678 0.833849 -7.11254
-0.178079 -0.798954 0.574421 25.2123 0.952944 0.00551376 0.303096 3.74305 -0.245327 0.601366 0.760377 -7.78356
-0.29742 -0.804028 0.51486 24.4931 0.931986 -0.127451 0.33935 6.70608 -0.207227 0.580771 0.787249 -8.58102
-0.39976 -0.786983 0.469947 23.4631 0.893602 -0.220429 0.391006 9.78184 -0.204125 0.576254 0.791369 -9.16658
-0.479088 -0.720956 0.500697 22.1646 0.868859 -0.308444 0.38723 12.5734 -0.124739 0.620552 0.774181 -9.84113
-0.591225 -0.680635 0.432654 20.3997 0.801558 -0.436556 0.408562 15.4171 -0.0892041 0.588349 0.803671 -10.2608
-0.663887 -0.646684 0.375573 18.358 0.740589 -0.498793 0.45026 18.0113 -0.103842 0.577066 0.810069 -10.568
-0.755305 -0.558245 0.343331 16.0919 0.652846 -0.594923 0.468892 20.3112 -0.057501 0.578299 0.813796 -10.9262
-0.825752 -0.454888 0.333483 13.5666 0.564032 -0.667232 0.486487 22.2985 0.00121322 0.589813 0.807539 -11.0107
-0.847969 -0.335856 0.41006 10.8163 0.520036 -0.6768 0.521061 24.1409 0.102527 0.655089 0.748563 -11.1209
-0.874003 -0.247873 0.417944 7.94159 0.466936 -0.666487 0.581177 25.7711 0.134496 0.703103 0.698252 -10.6577
-0.99043 -0.108027 0.085904 4.91243 0.135654 -0.647201 0.750152 27.0772 -0.0254392 0.754626 0.655662 -10.2753
-0.996098 0.0203254 0.0858798 1.38894 0.0458597 -0.712202 0.700475 27.421 0.0754012 0.70168 0.708491 -10.5075
-0.99764 0.0657207 0.0199024 -1.9496 -0.0388413 -0.779095 0.625702 27.4042 0.0566275 0.623452 0.779808 -10.2719
-0.984019 0.177497 0.0141763 -5.16126 -0.129798 -0.769519 0.625295 27.2445 0.121897 0.613462 0.78026 -10.0758
-0.958143 0.285991 -0.0130554 -8.4675 -0.247514 -0.804597 0.539778 26.7862 0.143867 0.520416 0.841706 -9.86437
-0.920921 0.387423 -0.0425114 -11.5566 -0.349145 -0.771585 0.531746 25.7723 0.173209 0.504538 0.845837 -9.53013
-0.871018 0.482191 -0.0939157 -14.6075 -0.459149 -0.731107 0.504644 24.3531 0.174672 0.482675 0.858204 -9.12213
-0.802382 0.56002 -0.206302 -17.4921 -0.584787 -0.668712 0.459182 22.8147 0.119194 0.489082 0.864055 -8.7219
-0.698279 0.652357 -0.29468 -20.0794 -0.707103 -0.564541 0.425792 20.7467 0.11141 0.505691 0.855491 -8.358
-0.614074 0.659257 -0.433928 -22.3794 -0.789211 -0.518243 0.329501 18.1223 -0.00765431 0.544799 0.838532 -8.08681
-0.478858 0.753665 -0.450205 -24.2485 -0.877531 -0.425639 0.220841 15.3368 -0.0251846 0.50082 0.865185 -8.08857
-0.370602 0.812578 -0.449857 -25.5708 -0.928144 -0.342087 0.146713 12.1632 -0.0346745 0.471904 0.880968 -8.17833
-0.24442 0.840613 -0.483352 -26.6543 -0.968355 -0.185658 0.166791 8.94256 0.0504683 0.508823 0.85939 -8.2203
-0.133909 0.866237 -0.481355 -27.2619 -0.987553 -0.0762067 0.13759 5.69143 0.082503 0.493788 0.86566 -8.13995
-0.0573836 0.870596 -0.488641 -27.6034 -0.994003 -0.0041846 0.109275 2.1621 0.0930898 0.491981 0.865615 -7.73155
0.0567758 0.865725 -0.49729 -27.6266 -0.990684 0.110607 0.0794469 -1.12502 0.123783 0.488146 0.863939 -7.52303
0.177344 0.834913 -0.521027 -27.197 -0.97137 0.233536 0.0435984 -4.55277 0.15808 0.498378 0.852426 -7.1915
0.315806 0.777849 -0.543338 -26.6029 -0.928247 0.371897 -0.00711601 -7.74502 0.196531 0.5066 0.839484 -6.81514
0.501779 0.759489 -0.413998 -25.2667 -0.864782 0.451104 -0.220583 -10.988 0.019226 0.468702 0.883147 -6.22855
0.602899 0.679782 -0.417623 -23.5673 -0.797812 0.511742 -0.318772 -13.9391 -0.00298043 0.525372 0.850867 -6.30241
0.680058 0.540429 -0.495437 -21.471 -0.724699 0.59786 -0.3426 -16.4647 0.111051 0.592031 0.798228 -6.35558
0.692747 0.538197 -0.480046 -18.9105 -0.710071 0.625401 -0.323532 -18.9474 0.126097 0.564993 0.815403 -6.2877
0.801082 0.473983 -0.365523 -16.2305 -0.597143 0.674777 -0.433701 -21.4284 0.0410798 0.5657 0.823588 -5.81517
0.911618 0.315785 -0.26312 -13.4459 -0.4098 0.747898 -0.522218 -23.3077 0.0318782 0.58389 0.811206 -5.75979
0.953037 0.261039 -0.153553 -10.1933 -0.302823 0.814222 -0.495319 -24.6198 -0.00427119 0.518557 0.855033 -5.63951
0.971671 0.199133 -0.127284 -6.77995 -0.236195 0.836856 -0.493847 -25.6452 0.00817727 0.50992 0.860183 -5.66614
0.993612 0.085124 -0.0740823 -3.41958 -0.110893 0.858171 -0.501244 -26.2909 0.0209074 0.506258 0.862129 -5.61189
0.999584 -0.00260645 -0.0287274 0.101169 -0.011287 0.88116 -0.472683 -26.4172 0.0265455 0.472811 0.880764 -5.59104
0.987798 -0.134758 0.0780706 3.71398 0.155569 0.877244 -0.454139 -26.3345 -0.00728828 0.460743 0.887504 -5.56121
0.96766 -0.236696 0.0872252 7.11612 0.25158 0.880239 -0.402352 -25.7064 0.0184561 0.411285 0.91132 -5.38593
0.903068 -0.357678 0.23777 10.6161 0.426935 0.807962 -0.406109 -24.5903 -0.046853 0.468256 0.88235 -5.37629
0.839863 -0.36756 0.399412 13.7887 0.529222 0.718041 -0.45204 -23.0309 -0.120643 0.59103 0.797577 -5.58665
0.759552 -0.46381 0.456028 16.5409 0.632865 0.688875 -0.353459 -21.001 -0.150208 0.557074 0.816765 -6.06836
0.721879 -0.495597 0.482984 19.2665 0.676427 0.652654 -0.341305 -18.5875 -0.146072 0.573085 0.806373 -6.59444
0.628585 -0.585285 0.512174 21.6207 0.768623 0.568035 -0.294201 -16.1338 -0.118742 0.578599 0.806922 -7.1121
0.522634 -0.679944 0.514325 23.6818 0.847722 0.478613 -0.228685 -13.0235 -0.0906701 0.555523 0.826543 -7.7113
0.432149 -0.757416 0.489457 25.3324 0.901756 0.368465 -0.225988 -9.96668 -0.00918126 0.539031 0.842236 -7.91218
0.293047 -0.825453 0.482443 26.847 0.951567 0.300875 -0.0632105 -6.76093 -0.0929777 0.477601 0.873643 -7.80893
0.178219 -0.81723 0.548064 27.6851 0.975325 0.220468 0.0115894 -3.3059 -0.130302 0.532475 0.836356 -8.36974
-0.0620361 -0.79459 0.603968 28.0787 0.961222 0.115353 0.250492 0.350997 -0.268708 0.596087 0.756622 -8.85374
-0.11565 -0.774986 0.621307 27.5717 0.978117 0.0200568 0.207085 3.69373 -0.172949 0.63166 0.755707 -9.85103
-0.257489 -0.74893 0.610576 26.9459 0.962288 -0.141359 0.232421 7.11926 -0.0877571 0.647396 0.757085 -10.4941
-0.383994 -0.730777 0.564369 25.7696 0.910104 -0.196452 0.364853 10.356 -0.155755 0.653736 0.74052 -10.9369
-0.462638 -0.707183 0.534657 24.2013 0.883989 -0.322195 0.338752 13.522 -0.0672956 0.629351 0.774202 -11.6094
-0.574273 -0.708767 0.409708 22.3943 0.812425 -0.431726 0.391892 16.6474 -0.100878 0.557909 0.823748 -12.0668
-0.636135 -0.63502 0.438271 20.2555 0.763289 -0.434892 0.477764 19.4913 -0.112789 0.63845 0.761354 -12.3887
-0.803558 -0.477719 0.355075 17.8502 0.591152 -0.570831 0.569817 22.0536 -0.0695244 0.667784 0.741101 -12.7667
-0.83556 -0.430023 0.341936 14.9959 0.548368 -0.614645 0.567014 24.1666 -0.0336603 0.66128 0.749383 -13.0618
-0.883498 -0.312609 0.348865 11.8849 0.46663 -0.652648 0.596915 26.1748 0.0410854 0.690164 0.722486 -13.0902
-0.908414 -0.237645 0.343961 8.48277 0.412102 -0.647546 0.640981 27.6969 0.0704046 0.724023 0.686173 -12.9915
-0.969436 -0.13855 0.202481 5.16436 0.243272 -0.649899 0.720035 28.9609 0.0318315 0.747286 0.66374 -12.7022
-0.994926 -0.00594442 0.100436 1.59674 0.0752328 -0.706774 0.703428 29.6681 0.0668042 0.707415 0.703635 -12.7462
-0.995756 0.0674 0.0626648 -2.05919 -0.0161965 -0.798627 0.601609 29.7546 0.0905942 0.598041 0.796329 -12.4443
-0.981791 0.186709 0.0350201 -5.73299 -0.128269 -0.787544 0.602761 29.5826 0.140121 0.587294 0.797153 -12.0867
-0.959501 0.28089 -0.0214113 -9.25342 -0.248391 -0.807731 0.534671 29.1955 0.132889 0.518336 0.844789 -11.6582
-0.926924 0.370218 -0.0612511 -12.7627 -0.349283 -0.791544 0.501457 28.1078 0.137165 0.486206 0.863012 -11.1294
-0.875701 0.464277 -0.132641 -16.0908 -0.450967 -0.688237 0.568294 26.6376 0.172558 0.557473 0.812064 -10.7413
-0.832587 0.519934 -0.190962 -19.2329 -0.534381 -0.663305 0.523892 24.6411 0.145723 0.538233 0.830103 -10.2915
-0.682327 0.64596 -0.342293 -22.0863 -0.724446 -0.534692 0.435066 22.4579 0.098014 0.54483 0.832798 -9.85908
-0.583538 0.659682 -0.473606 -24.4342 -0.811578 -0.453116 0.368818 19.7038 0.0287041 0.599588 0.799794 -9.75414
-0.432734 0.733902 -0.523573 -26.5723 -0.90151 -0.349283 0.255503 16.5559 0.0046388 0.582571 0.812766 -9.65297
-0.370437 0.795857 -0.478944 -27.8793 -0.928614 -0.305494 0.210595 13.076 0.0212888 0.522766 0.85221 -9.63976
-0.260172 0.801291 -0.538743 -29.0884 -0.96552 -0.221136 0.13737 9.5507 -0.0090626 0.555907 0.831195 -9.76664
-0.167817 0.844361 -0.508814 -29.7819 -0.982109 -0.0984666 0.160516 5.97275 0.0854324 0.526648 0.845779 -9.73432
-0.0955198 0.836467 -0.539629 -30.1007 -0.990372 -0.0252922 0.136101 2.21806 0.100196 0.547434 0.830829 -9.36815
0.0933077 0.831858 -0.547089 -30.2476 -0.994171 0.107651 -0.0058745 -1.44039 0.0540077 0.544448 0.837054 -9.01532
0.156763 0.796218 -0.584348 -29.6385 -0.976444 0.213768 0.0293249 -5.17249 0.148264 0.565987 0.810973 -8.81856
0.293414 0.681884 -0.670032 -28.9807 -0.946234 0.307002 -0.101934 -8.78297 0.136194 0.663916 0.7353 -8.2809
0.517546 0.639169 -0.568867 -27.6389 -0.855576 0.377521 -0.354214 -12.2986 -0.0116436 0.670031 0.742242 -7.87505
0.612536 0.589921 -0.526111 -25.5381 -0.7904 0.450269 -0.415362 -15.3804 -0.00813936 0.670262 0.74208 -7.96898
0.668302 0.548134 -0.502913 -23.0805 -0.741543 0.544539 -0.391906 -18.3444 0.0590381 0.634843 0.770382 -8.21515
0.732376 0.435121 -0.523732 -20.4825 -0.655937 0.657221 -0.371224 -20.9578 0.18268 0.615411 0.766745 -8.08717
0.795855 0.434193 -0.422009 -17.6205 -0.604081 0.616862 -0.504547 -23.4123 0.0412505 0.656474 0.75322 -7.58884
0.889074 0.346673 -0.298942 -14.4201 -0.456918 0.711768 -0.533491 -25.4827 0.0278299 0.610905 0.791215 -7.44847
0.923743 0.263484 -0.277982 -10.9753 -0.375309 0.767511 -0.519682 -27.0722 0.0764267 0.584383 0.807871 -7.30226
0.974536 0.171264 -0.144734 -7.4211 -0.222242 0.8235 -0.521973 -28.1779 0.0297931 0.540847 0.840593 -7.16695
0.994259 0.0693245 -0.0815069 -3.59989 -0.10301 0.826253 -0.553801 -28.7838 0.0289533 0.559017 0.82865 -7.14873
0.997461 -0.0149391 -0.0696312 0.208557 -0.0281043 0.81582 -0.577623 -29.0596 0.0654357 0.578113 0.813328 -7.07494
0.990117 -0.132334 0.0464433 4.11431 0.135801 0.82192 -0.553177 -28.9405 0.0350314 0.554017 0.831768 -6.93863
0.947266 -0.243303 0.208543 7.87691 0.318839 0.780728 -0.537407 -28.4231 -0.0320628 0.575559 0.817131 -6.65569
0.910825 -0.260336 0.32035 11.4966 0.402446 0.732704 -0.548801 -27.133 -0.091849 0.628785 0.772136 -6.87127
0.85539 -0.326222 0.402353 14.9646 0.501299 0.71693 -0.48447 -25.195 -0.130414 0.61611 0.776789 -7.36746
0.783761 -0.447202 0.430963 18.05 0.614619 0.658198 -0.434764 -23.1052 -0.0892316 0.605629 0.790729 -7.89928
0.688437 -0.532327 0.492628 20.9134 0.716949 0.602209 -0.351182 -20.5196 -0.109722 0.594956 0.796234 -8.4731
0.573039 -0.649113 0.500278 23.362 0.816328 0.506 -0.278517 -17.742 -0.0723516 0.567992 0.819847 -9.05225
0.55877 -0.641362 0.525767 25.5613 0.82692 0.479094 -0.294401 -14.4914 -0.0630743 0.59927 0.798058 -9.42794
0.465902 -0.700631 0.540418 27.6459 0.882666 0.325256 -0.339278 -11.1323 0.0619345 0.635079 0.769961 -9.55118
0.213652 -0.701711 0.679672 29.3866 0.963388 0.266697 -0.0274929 -7.65219 -0.161974 0.660662 0.733 -9.40251
0.11225 -0.774593 0.62242 30.1568 0.979208 0.192739 0.0632662 -3.96831 -0.16897 0.602377 0.780123 -10.1275
-0.116016 -0.756152 0.64403 30.5349 0.97749 0.0281192 0.209101 -0.0258163 -0.176222 0.653792 0.735868 -10.8972
-0.163704 -0.767285 0.620061 29.9395 0.970657 -0.0130532 0.240113 3.71954 -0.176141 0.641174 0.746907 -11.8101
-0.249306 -0.762948 0.596454 29.1657 0.961121 -0.119428 0.248964 7.40148 -0.118713 0.635333 0.763059 -12.599
-0.389816 -0.71155 0.584586 27.9733 0.910971 -0.205024 0.357905 10.9469 -0.134813 0.672058 0.728123 -13.1105
-0.452916 -0.653543 0.606423 26.4483 0.889854 -0.289402 0.352712 14.5047 -0.0550125 0.699377 0.712633 -13.6232
-0.596588 -0.587166 0.5471 24.6301 0.790341 -0.311396 0.52763 17.8845 -0.139442 0.747174 0.649836 -13.8974
-0.656356 -0.526537 0.540329 22.1312 0.750277 -0.380311 0.540784 20.8416 -0.0792496 0.760344 0.644668 -14.5344
-0.768761 -0.446023 0.458334 19.3024 0.638575 -0.49607 0.588334 23.6149 -0.0350445 0.744969 0.666178 -14.9592
-0.81921 -0.41149 0.399462 16.1626 0.573485 -0.584173 0.574332 26.0084 -0.00297689 0.699584 0.714544 -15.1516
-0.925977 -0.275503 0.258194 12.9194 0.377485 -0.690744 0.616748 28.165 0.00842976 0.668559 0.743611 -15.1312
-0.927374 -0.249695 0.278623 9.21925 0.373554 -0.659505 0.652311 29.4942 0.020874 0.709017 0.704883 -15.0849
-0.968058 -0.110256 0.225183 5.52764 0.238403 -0.682885 0.69053 30.8399 0.0776391 0.722157 0.687358 -14.979
-0.982918 -0.0453055 0.178383 1.63575 0.156313 -0.717141 0.679173 31.7053 0.0971552 0.695454 0.711972 -14.8584
-0.995817 0.0657642 0.0634345 -2.24439 -0.0074994 -0.750727 0.66057 32.1101 0.0910638 0.657331 0.74808 -14.3343
-0.989606 0.127389 0.0667289 -6.2652 -0.0661185 -0.815104 0.575529 31.9676 0.127707 0.565135 0.815054 -13.9094
-0.965676 0.258395 -0.0264946 -10.116 -0.230274 -0.804435 0.547594 31.546 0.120182 0.534899 0.836325 -13.3268
-0.922116 0.381456 -0.0647658 -13.8113 -0.353748 -0.763368 0.540493 30.4439 0.156734 0.521308 0.838852 -12.8677
-0.867889 0.441332 -0.228025 -17.4331 -0.492823 -0.707274 0.506842 28.806 0.0624096 0.552258 0.831334 -12.2983
-0.808969 0.514436 -0.284474 -20.7673 -0.582905 -0.639331 0.501476 26.7646 0.0761044 0.5715 0.817066 -11.9633
-0.698443 0.57858 -0.421215 -23.9265 -0.715604 -0.556881 0.421656 24.116 0.00939488 0.595926 0.802984 -11.6552
-0.55426 0.661469 -0.505228 -26.6045 -0.832159 -0.427611 0.353072 21.1714 0.0175054 0.616124 0.787455 -11.5898
-0.459543 0.709458 -0.534313 -28.7804 -0.888065 -0.358451 0.287843 17.6845 0.0126878 0.60678 0.794768 -11.4794
-0.35874 0.760809 -0.54081 -30.3545 -0.93241 -0.319246 0.16939 13.9175 -0.0437774 0.565024 0.823913 -11.41
-0.252645 0.780837 -0.57137 -31.5987 -0.967559 -0.203738 0.149401 10.0809 0.00024878 0.590579 0.80698 -11.5059
-0.129021 0.832709 -0.53847 -32.3202 -0.987347 -0.0573881 0.147829 6.18768 0.0921966 0.550729 0.829576 -11.396
-0.0535921 0.803319 -0.593133 -32.6707 -0.990281 0.0335857 0.134963 2.20817 0.128339 0.594602 0.793711 -11.1426
0.125173 0.82227 -0.555162 -32.7378 -0.989639 0.143151 -0.0111083 -1.6315 0.070338 0.5508 0.831668 -10.6908
0.20269 0.766973 -0.608827 -31.949 -0.9736 0.224486 -0.0413318 -5.76929 0.104973 0.601131 0.792226 -10.6923
0.362714 0.629101 -0.687511 -31.1157 -0.923128 0.343546 -0.17266 -9.6806 0.127571 0.697286 0.705349 -10.5337
0.535726 0.658007 -0.529173 -29.5714 -0.843892 0.395664 -0.362349 -13.4025 -0.0290535 0.640685 0.767254 -10.0866
0.61531 0.584351 -0.529081 -27.235 -0.788199 0.46598 -0.402001 -16.757 0.0116312 0.664377 0.747307 -10.1651
0.707265 0.54068 -0.455457 -24.6803 -0.706941 0.538045 -0.459067 -19.9547 -0.00315205 0.646663 0.762769 -9.96839
0.741988 0.457606 -0.489949 -21.8051 -0.665021 0.594889 -0.451502 -22.8022 0.0848556 0.660836 0.745718 -10.0696
0.819294 0.381118 -0.428376 -18.7447 -0.567338 0.646958 -0.509483 -25.4315 0.0829684 0.66045 0.746272 -9.72675
0.87433 0.356453 -0.329376 -15.3163 -0.484676 0.67657 -0.554385 -27.6581 0.0252341 0.644356 0.764309 -9.39075
0.942451 0.214228 -0.256693 -11.8403 -0.32694 0.751166 -0.573463 -29.484 0.0699672 0.624384 0.777977 -9.24918
0.983418 0.109153 -0.144826 -7.98588 -0.171555 0.818858 -0.547759 -30.6108 0.0588022 0.563522 0.824006 -8.96424
0.993528 0.0946038 -0.0628665 -3.80146 -0.113257 0.782882 -0.611776 -31.2336 -0.00865927 0.614936 0.788529 -9.0204
0.998583 0.00761511 -0.0526778 0.362835 -0.0373175 0.805875 -0.590909 -31.5109 0.0379519 0.592037 0.805017 -8.85929
0.990993 -0.127137 0.0420653 4.43984 0.12318 0.742182 -0.658781 -31.5876 0.0525353 0.658029 0.751158 -8.63299
0.943864 -0.149067 0.294789 8.59118 0.312404 0.692826 -0.64992 -30.87 -0.107356 0.705529 0.700502 -8.51874
0.874638 -0.278248 0.396971 12.3198 0.464079 0.717304 -0.519717 -29.4042 -0.140139 0.63879 0.756511 -8.90645
0.876853 -0.32101 0.357885 15.9666 0.468013 0.740243 -0.482706 -27.3052 -0.109968 0.590757 0.799321 -9.31195
0.777542 -0.468313 0.419656 19.3752 0.62715 0.626275 -0.463101 -25.1952 -0.0459436 0.623268 0.780658 -9.81714
0.699793 -0.509927 0.500263 22.5148 0.705422 0.603645 -0.371474 -22.3016 -0.112557 0.612852 0.78214 -10.3035
0.634415 -0.586642 0.503358 25.3522 0.767592 0.554951 -0.320674 -19.3505 -0.0912183 0.589814 0.802371 -10.8626
0.54438 -0.646541 0.534448 27.6678 0.837112 0.459582 -0.296695 -15.9556 -0.0537974 0.608907 0.791415 -11.2889
0.420417 -0.69377 0.58475 29.7226 0.906671 0.345807 -0.241589 -12.2194 -0.0346035 0.631744 0.774404 -11.5409
0.291054 -0.72723 0.62163 31.3884 0.952829 0.278785 -0.119982 -8.40045 -0.0860468 0.627229 0.774067 -11.5848
0.132369 -0.735114 0.664895 32.4209 0.973859 0.221382 0.050884 -4.43464 -0.184601 0.640779 0.745201 -12.0566
-0.0767942 -0.76487 0.639591 32.8239 0.9722 0.084873 0.218227 -0.253376 -0.221199 0.638569 0.737089 -12.9171
-0.139228 -0.714686 0.685448 32.3191 0.976595 0.0155003 0.214527 3.76133 -0.163944 0.699273 0.695801 -13.8195
-0.248169 -0.74425 0.620084 31.4932 0.959631 -0.10141 0.262346 7.75322 -0.132368 0.660157 0.739372 -14.7215
-0.384923 -0.677589 0.626664 30.2259 0.918619 -0.215576 0.33116 11.5265 -0.0892968 0.703136 0.705426 -15.256
-0.480036 -0.662775 0.574712 28.4319 0.871258 -0.283768 0.40048 15.3799 -0.102344 0.692968 0.713667 -15.7271
-0.597526 -0.596676 0.535668 26.2865 0.788771 -0.31722 0.526509 18.8514 -0.144231 0.737122 0.660188 -16.2846
-0.62832 -0.500903 0.59524 23.4477 0.777704 -0.384973 0.496963 21.9155 -0.0197791 0.775172 0.631441 -16.9093
-0.738983 -0.451867 0.499721 20.5156 0.673686 -0.4877 0.555244 25.088 -0.007182 0.746971 0.664818 -17.1366
-0.811383 -0.383629 0.441007 17.2686 0.584497 -0.5385 0.606944 27.8312 0.00464089 0.750231 0.66116 -17.2422
-0.900304 -0.29624 0.318894 13.7616 0.435236 -0.620465 0.652375 30.0447 0.00460285 0.72613 0.687542 -17.2161
-0.94362 -0.190357 0.270824 9.87444 0.328726 -0.635234 0.698868 31.6383 0.0390023 0.748493 0.661995 -17.3269
-0.958013 -0.09834 0.269335 5.79522 0.259839 -0.694909 0.670511 32.8971 0.121225 0.712341 0.691285 -17.2896
-0.969107 -0.00345871 0.246617 1.9365 0.178296 -0.700712 0.690806 33.7608 0.170418 0.713435 0.679682 -16.9727
-0.98579 0.0803566 0.147516 -2.24259 0.0558289 -0.671521 0.738879 34.3407 0.158434 0.736615 0.657493 -16.3154
-0.98299 0.170068 0.0693346 -6.66194 -0.0807211 -0.739171 0.668663 34.4147 0.164968 0.651692 0.740326 -15.7363
-0.973437 0.2287 -0.0107665 -10.6777 -0.171655 -0.697896 0.695324 33.8466 0.151507 0.678703 0.718616 -15.0628
-0.917158 0.375106 -0.134599 -14.9184 -0.364466 -0.65287 0.664022 32.8101 0.161203 0.658069 0.735499 -14.5351
-0.852013 0.408722 -0.327139 -18.8927 -0.520766 -0.597666 0.609588 31.0169 0.0536322 0.68974 0.722068 -13.922
-0.787734 0.494202 -0.36775 -22.367 -0.614511 -0.588714 0.525159 28.5335 0.0430354 0.639672 0.767442 -13.7964
-0.66325 0.534917 -0.523415 -25.717 -0.74825 -0.487876 0.449554 25.7822 -0.0148881 0.689812 0.723835 -13.7588
-0.586826 0.607184 -0.535689 -28.5225 -0.80643 -0.378751 0.454112 22.2713 0.0728373 0.69848 0.711913 -13.7957
-0.497382 0.636302 -0.589687 -30.7811 -0.86752 -0.361402 0.341756 18.6977 0.00434614 0.681549 0.73176 -13.3935
-0.375228 0.695379 -0.612905 -32.6586 -0.926884 -0.274684 0.255804 14.8096 0.00952544 0.664076 0.747604 -13.2924
-0.24826 0.734065 -0.632072 -33.9473 -0.965272 -0.13267 0.225053 10.6978 0.0813461 0.665993 0.741509 -13.3583
-0.140087 0.744056 -0.653266 -34.7404 -0.989323 -0.0784065 0.122848 6.46286 0.0401854 0.663501 0.747095 -13.1004
-0.0670435 0.745816 -0.662769 -35.1204 -0.993775 0.00932042 0.111015 2.11003 0.0889742 0.666086 0.740549 -12.9592
0.178942 0.688829 -0.702491 -35.2731 -0.983685 0.111799 -0.140944 -2.17691 -0.0185486 0.716251 0.697596 -12.5419
0.309429 0.673572 -0.671233 -34.2674 -0.950824 0.229293 -0.208225 -6.40893 0.0136544 0.702656 0.711399 -12.7033
0.382373 0.659142 -0.647551 -32.9226 -0.92071 0.330951 -0.206796 -10.5898 0.0780003 0.67528 0.733425 -12.6467
0.496124 0.663026 -0.560587 -31.2304 -0.868248 0.377143 -0.322347 -14.548 -0.00230331 0.646653 0.762781 -12.2843
0.565155 0.64642 -0.512583 -28.8976 -0.823325 0.481333 -0.300758 -18.0926 0.052307 0.591997 0.804241 -12.3633
0.596052 0.606389 -0.526322 -26.1186 -0.801776 0.484862 -0.349378 -21.5004 0.043335 0.630239 0.775191 -12.1464
0.747666 0.476388 -0.462655 -23.3258 -0.662035 0.589271 -0.463109 -24.6291 0.05201 0.652545 0.755963 -12.0527
0.810729 0.35696 -0.464003 -19.9464 -0.575393 0.631954 -0.519189 -27.4062 0.107899 0.687905 0.717735 -11.8311
0.870176 0.352014 -0.344789 -16.2482 -0.491302 0.673263 -0.552574 -29.7116 0.0376202 0.650233 0.758803 -11.4878
0.928944 0.277955 -0.244549 -12.4759 -0.37022 0.696135 -0.615088 -31.7387 -0.000727678 0.661919 0.749575 -11.2932
0.981267 0.110715 -0.157664 -8.37919 -0.188359 0.723201 -0.664456 -33.0401 0.040458 0.681706 0.730507 -10.9835
0.998401 0.0209666 -0.0525036 -4.05446 -0.0517896 0.711627 -0.700646 -33.6938 0.0226728 0.702244 0.711575 -10.8901
0.998426 0.0237625 -0.0508008 0.351873 -0.0526752 0.708285 -0.703959 -33.9098 0.0192536 0.705527 0.708422 -10.8386
0.991542 -0.105827 0.0751373 4.79953 0.128262 0.710465 -0.691945 -33.676 0.0198442 0.695729 0.71803 -10.7976
0.956725 -0.17892 0.229487 9.17965 0.287731 0.699403 -0.654253 -32.9548 -0.0434451 0.691971 0.720617 -10.7851
0.910683 -0.259977 0.321042 13.167 0.406421 0.703075 -0.58353 -31.3697 -0.0740122 0.661889 0.745939 -10.9591
0.849363 -0.349821 0.395231 16.9912 0.521185 0.674137 -0.52336 -29.4439 -0.0833577 0.650511 0.754908 -11.341
0.788543 -0.420279 0.448961 20.8079 0.612642 0.600441 -0.513946 -27.035 -0.053574 0.680321 0.730954 -11.8057
0.711202 -0.468393 0.524214 24.0203 0.695778 0.575529 -0.429719 -24.1904 -0.100423 0.670353 0.735215 -12.1657
0.602363 -0.590674 0.536901 27.0549 0.794105 0.511669 -0.328012 -20.9067 -0.0809679 0.623938 0.777268 -12.7321
0.594381 -0.554381 0.582557 29.4315 0.796854 0.503595 -0.333789 -17.2224 -0.108326 0.662611 0.741089 -13.247
0.453399 -0.636463 0.623975 31.8117 0.891073 0.33975 -0.30093 -13.4031 -0.0204649 0.692448 0.721177 -13.6339
0.304423 -0.636939 0.708262 33.6132 0.946568 0.285395 -0.150196 -9.27397 -0.106469 0.716141 0.689787 -13.7065
0.097639 -0.659292 0.745521 34.7779 0.976463 0.208221 0.056253 -4.99921 -0.19232 0.722481 0.664104 -14.1934
-0.0566472 -0.642035 0.76458 34.9441 0.985345 0.0874602 0.146446 -0.696847 -0.160894 0.761671 0.627671 -15.1101
-0.12761 -0.681022 0.721058 34.5668 0.974154 0.0505573 0.220152 3.69571 -0.186383 0.730516 0.656969 -15.9315
-0.231361 -0.689029 0.686812 33.711 0.963514 -0.0646199 0.259742 8.04274 -0.134588 0.721847 0.678839 -16.7404
-0.400615 -0.632237 0.663162 32.3146 0.909625 -0.18758 0.37067 12.1596 -0.109955 0.751724 0.650246 -17.3725
-0.495591 -0.63811 0.589241 30.387 0.854734 -0.237757 0.461412 16.0476 -0.154336 0.732316 0.663245 -17.8607
-0.642955 -0.582169 0.497683 28.066 0.750175 -0.347668 0.562463 19.7818 -0.15442 0.734987 0.660264 -18.6114
-0.628516 -0.570429 0.528751 24.8914 0.775996 -0.413647 0.476159 23.1605 -0.0528988 0.709582 0.702634 -19.3494
-0.733625 -0.497632 0.46277 21.7607 0.674806 -0.453114 0.582516 26.5276 -0.0801908 0.739628 0.668221 -19.4924
-0.791135 -0.39301 0.468666 18.2496 0.61093 -0.470802 0.636483 29.4377 -0.0294953 0.789866 0.612569 -19.7135
-0.890495 -0.324555 0.318878 14.5742 0.451541 -0.544211 0.707068 31.8274 -0.0559454 0.773627 0.631167 -19.7246
-0.952035 -0.184554 0.244067 10.5309 0.304788 -0.642543 0.703024 33.5631 0.0270769 0.743693 0.667973 -19.8616
-0.965001 -0.155569 0.211117 6.05501 0.252217 -0.771065 0.584676 34.8585 0.0718275 0.617461 0.783315 -19.6156
-0.979718 -0.0788787 0.184201 1.86237 0.186226 -0.697777 0.691685 35.8012 0.0739718 0.711959 0.698314 -19.225
-0.979177 0.118124 0.165105 -2.51968 0.0430332 -0.674033 0.737447 36.4721 0.198396 0.729196 0.654914 -18.6575
-0.98764 0.151762 0.0391905 -7.00157 -0.0797474 -0.701791 0.707906 36.6313 0.134936 0.696031 0.705219 -17.7496
-0.964805 0.251188 -0.0778141 -11.551 -0.226746 -0.644796 0.729949 36.0095 0.13318 0.721902 0.679058 -17.2543
-0.911639 0.349609 -0.216073 -15.9605 -0.396871 -0.612215 0.683876 34.745 0.106806 0.709201 0.696869 -16.7594
-0.857513 0.387952 -0.337883 -20.1089 -0.511496 -0.572484 0.640807 32.8345 0.0551702 0.722326 0.689348 -16.1799
-0.784576 0.461575 -0.413991 -23.9046 -0.616791 -0.512836 0.597133 30.2693 0.0633119 0.723842 0.687055 -15.8558
-0.672867 0.486865 -0.556967 -27.3683 -0.739725 -0.450457 0.499896 27.182 -0.00750761 0.748366 0.663244 -15.733
-0.599245 0.577976 -0.55394 -30.3624 -0.799261 -0.392433 0.455169 23.5974 0.0456924 0.7155 0.697117 -15.8076
-0.51017 0.582746 -0.632561 -32.7965 -0.860041 -0.339275 0.38108 19.7782 0.00746058 0.738444 0.674273 -15.6023
-0.331088 0.621513 -0.710002 -34.7506 -0.943021 -0.191597 0.272032 15.6694 0.0330372 0.759613 0.649535 -15.5518
-0.271039 0.667979 -0.693067 -36.0068 -0.960993 -0.146597 0.234526 11.1292 0.0550573 0.729598 0.681656 -15.4683
-0.147753 0.651916 -0.743757 -36.9679 -0.988605 -0.0754624 0.13025 6.64383 0.0287861 0.754527 0.655637 -15.1727
-0.00620215 0.683555 -0.729872 -37.2347 -0.999227 0.0240983 0.03106 2.07417 0.0388199 0.729501 0.682877 -15.0671
0.121091 0.679339 -0.723765 -37.031 -0.992594 0.0899903 -0.0816009 -2.55547 0.00969719 0.728286 0.685205 -14.7399
0.238686 0.705299 -0.667519 -36.1665 -0.970097 0.204358 -0.130955 -7.11299 0.0440501 0.678816 0.732986 -14.812
0.309076 0.698506 -0.645415 -34.9637 -0.949229 0.268404 -0.164085 -11.477 0.0586175 0.663361 0.746 -14.5857
0.460555 0.67873 -0.572027 -33.323 -0.886736 0.380743 -0.262172 -15.6521 0.0398514 0.627981 0.777207 -14.4428
0.610212 0.609077 -0.506622 -30.9002 -0.790523 0.510175 -0.338815 -19.5639 0.0521014 0.607245 0.792804 -14.2637
0.694694 0.5288 -0.487617 -27.999 -0.718871 0.533949 -0.44511 -23.0863 0.0249882 0.659749 0.751071 -14.0008
0.731544 0.496162 -0.467617 -24.7197 -0.681669 0.545365 -0.487753 -26.2915 0.0130177 0.675574 0.737178 -13.9976
0.794848 0.3772 -0.475328 -21.0761 -0.599306 0.610779 -0.517476 -29.1647 0.0951285 0.696182 0.711535 -13.9
0.838845 0.346141 -0.420149 -17.2394 -0.542946 0.587791 -0.59976 -31.7961 0.0393583 0.731224 0.681001 -13.591
0.921889 0.243531 -0.301352 -13.3116 -0.386367 0.636013 -0.667988 -33.8267 0.0289884 0.732243 0.680426 -13.4342
0.982252 0.108187 -0.153221 -8.94488 -0.185662 0.676905 -0.71227 -35.2219 0.0266582 0.728076 0.684978 -13.2524
0.992585 0.0333264 -0.116891 -4.25427 -0.10584 0.709839 -0.696366 -35.8281 0.0597665 0.703575 0.708103 -13.1587
0.999281 -0.0327104 -0.0191718 0.413268 0.0108103 0.730474 -0.682855 -36.1749 0.036341 0.682157 0.730302 -13.0934
0.995223 -0.081659 0.0534989 5.04839 0.0954891 0.700312 -0.707421 -35.8482 0.0203014 0.709151 0.704764 -12.943
0.968723 -0.177079 0.173833 9.60764 0.248136 0.696587 -0.673198 -34.9499 -0.0018807 0.695277 0.718739 -12.8629
0.922384 -0.245829 0.297953 13.9554 0.38308 0.681156 -0.62392 -33.4503 -0.049575 0.689633 0.72246 -12.9724
0.865873 -0.32275 0.382227 18.121 0.497052 0.641489 -0.584321 -31.4578 -0.0566047 0.695934 0.715871 -13.4151
0.767947 -0.416853 0.486303 22.0357 0.63645 0.582002 -0.506167 -28.9107 -0.0720316 0.698217 0.712253 -13.9846
0.751086 -0.402738 0.523137 25.3745 0.656033 0.544221 -0.522919 -25.8261 -0.0741025 0.735952 0.672966 -14.2554
0.565126 -0.461457 0.683879 28.8445 0.817419 0.42534 -0.388474 -22.3949 -0.111617 0.778552 0.617575 -14.7084
0.54418 -0.505861 0.669308 31.1595 0.83572 0.396982 -0.379443 -18.5011 -0.0737576 0.76584 0.638787 -15.2526
0.467079 -0.517034 0.717296 33.5938 0.883172 0.312198 -0.350056 -14.4729 -0.0429476 0.796999 0.602451 -15.7427
0.267824 -0.501577 0.822612 35.524 0.959016 0.220762 -0.177627 -10.2691 -0.0925079 0.836471 0.540146 -16.0752
0.073353 -0.490671 0.868252 36.6921 0.978594 0.203264 0.0321946 -5.7131 -0.192282 0.847305 0.495078 -16.4738
0.00385703 -0.591616 0.806211 36.8034 0.984988 0.141384 0.0990387 -0.986114 -0.172578 0.793726 0.58328 -17.3977
-0.174791 -0.634159 0.753187 36.651 0.977176 -0.0179295 0.211676 3.62629 -0.120732 0.772995 0.622819 -18.2302
-0.255016 -0.631114 0.732572 35.5564 0.956851 -0.0555724 0.285215 8.20154 -0.139292 0.773697 0.618054 -18.9866
-0.419798 -0.588433 0.691026 34.2706 0.901785 -0.18424 0.390947 12.59 -0.102731 0.787275 0.607983 -19.5802
-0.465574 -0.585236 0.663883 32.1702 0.868852 -0.159571 0.46865 16.7878 -0.168334 0.795007 0.582775 -20.1809
-0.602312 -0.515472 0.609515 29.7918 0.789171 -0.269612 0.551831 20.7911 -0.120121 0.813387 0.569186 -20.9837
-0.667753 -0.480655 0.568398 26.6257 0.742042 -0.36931 0.559449 24.4125 -0.0589866 0.795349 0.603274 -21.4641
-0.706603 -0.46317 0.534963 23.1289 0.705773 -0.406873 0.579947 27.7646 -0.0509527 0.787355 0.614391 -21.8593
-0.823724 -0.32503 0.46458 19.4091 0.566979 -0.466674 0.678786 30.8644 -0.00381809 0.822539 0.568695 -22.2906
-0.870243 -0.254616 0.421719 15.4637 0.492004 -0.492107 0.718166 33.4686 0.0246749 0.832467 0.553525 -22.2729
-0.920682 -0.120603 0.371215 11.2156 0.3634 -0.611915 0.702496 35.4174 0.142429 0.781674 0.607206 -22.1962
-0.968388 -0.108924 0.224412 6.66336 0.242544 -0.62136 0.74504 37.0719 0.0582878 0.775917 0.628136 -21.6054
-0.978327 -0.0184067 0.206245 1.94525 0.169698 -0.642027 0.747666 37.926 0.118653 0.766461 0.631236 -21.3462
-0.973943 0.0400153 0.223233 -2.84296 0.152287 -0.614005 0.774472 38.38 0.168057 0.788287 0.591912 -20.8416
-0.992343 0.122575 0.0151626 -7.65714 -0.0575602 -0.56759 0.821297 38.7434 0.109277 0.814136 0.570299 -19.9915
-0.958641 0.265673 -0.102107 -12.3049 -0.248571 -0.606749 0.755028 38.0431 0.138637 0.749182 0.647693 -19.4242
-0.923154 0.310099 -0.227214 -16.9533 -0.373889 -0.586771 0.718267 36.573 0.089411 0.748023 0.657622 -18.9212
-0.866134 0.357627 -0.349164 -21.3727 -0.494213 -0.508513 0.705102 34.4193 0.0746088 0.783274 0.617184 -18.4433
-0.74303 0.445593 -0.499353 -25.2981 -0.668653 -0.462554 0.582191 31.8042 0.0284428 0.766479 0.641639 -18.184
-0.70425 0.434656 -0.561343 -28.8282 -0.70958 -0.456517 0.536738 28.351 -0.0229665 0.776316 0.629926 -18.0701
-0.563972 0.538256 -0.626271 -32.0199 -0.824779 -0.329564 0.459486 24.7002 0.0409246 0.775673 0.629807 -18.1852
-0.454692 0.547932 -0.702158 -34.5116 -0.890281 -0.25696 0.375994 20.6281 0.0255926 0.796079 0.604651 -18.0349
-0.335921 0.578255 -0.743491 -36.66 -0.937881 -0.132602 0.320617 16.2399 0.0868102 0.805008 0.586878 -17.9434
-0.208478 0.612938 -0.762132 -37.9994 -0.977843 -0.11552 0.174578 11.4982 0.0189639 0.781641 0.62344 -17.6083
-0.116902 0.609092 -0.784436 -38.8511 -0.990974 -0.0193614 0.132649 6.80074 0.0656075 0.792863 0.605858 -17.4794
-0.0820013 0.642426 -0.761948 -39.1747 -0.996492 -0.0400455 0.0734793 1.93096 0.0166924 0.765301 0.643456 -17.2514
0.0917312 0.664017 -0.742069 -39.1607 -0.995574 0.0764517 -0.0546579 -2.89384 0.0204387 0.743799 0.668091 -17.0981
0.223405 0.689852 -0.688618 -38.418 -0.973139 0.198144 -0.117212 -7.69209 0.0555867 0.696307 0.715588 -16.9877
0.307941 0.654372 -0.69063 -36.9875 -0.950994 0.233061 -0.203208 -12.4245 0.0279853 0.719361 0.694072 -16.7527
0.491993 0.597456 -0.633237 -35.3071 -0.865589 0.413614 -0.282276 -16.8747 0.0932683 0.687 0.720647 -16.4719
0.585268 0.573405 -0.573295 -32.7442 -0.809301 0.456637 -0.369479 -21.0006 0.0499269 0.680213 0.731313 -16.161
0.718058 0.501731 -0.482346 -29.7082 -0.695936 0.50955 -0.505997 -24.7415 -0.00809486 0.699017 0.715059 -15.9926
0.743646 0.468496 -0.476972 -26.0396 -0.668566 0.517619 -0.533938 -27.9481 -0.00325816 0.715948 0.698146 -16.0698
0.80444 0.380873 -0.455864 -22.2059 -0.593515 0.547395 -0.589999 -30.9254 0.0248234 0.745181 0.6664 -16.0706
0.857124 0.307277 -0.413424 -18.2543 -0.513659 0.570071 -0.641228 -33.6436 0.0386466 0.761971 0.646457 -15.8626
0.933386 0.185234 -0.307375 -13.9841 -0.353459 0.622729 -0.698051 -35.7592 0.0621087 0.760195 0.646719 -15.7684
0.984841 0.0462014 -0.167191 -9.38338 -0.155246 0.664709 -0.730795 -37.189 0.0773697 0.745672 0.661805 -15.5834
0.986745 0.135227 -0.0897056 -4.50827 -0.157234 0.659988 -0.734638 -37.8415 -0.0401384 0.739006 0.672503 -15.3309
0.999975 0.000200763 -0.00703249 0.284415 -0.00532179 0.675388 -0.737443 -38.276 0.00460161 0.737462 0.675373 -15.2377
0.984988 -0.132794 0.110292 5.21604 0.170853 0.658687 -0.732763 -38.1049 0.0246588 0.740606 0.671487 -15.2048
0.963799 -0.135718 0.229505 10.1131 0.260818 0.658628 -0.705821 -36.9594 -0.0553659 0.740128 0.670183 -15.0128
0.922294 -0.229647 0.310864 14.6986 0.383768 0.63945 -0.666202 -35.4191 -0.0457909 0.733734 0.677892 -15.404
0.859635 -0.253593 0.443529 19.1838 0.494387 0.631867 -0.59693 -33.4008 -0.128874 0.732417 0.668548 -15.5355
0.767228 -0.379191 0.517277 23.2199 0.637893 0.53505 -0.553908 -30.7173 -0.066732 0.754941 0.652388 -16.2705
0.717317 -0.379798 0.584132 26.6476 0.689188 0.509931 -0.514773 -27.3623 -0.102358 0.771832 0.627534 -16.6012
0.572662 -0.435768 0.69438 30.1237 0.814345 0.399859 -0.420661 -23.6562 -0.0943433 0.806362 0.583849 -17.1341
0.554191 -0.415621 0.721202 32.6803 0.815617 0.444194 -0.370758 -19.5864 -0.166258 0.793695 0.585155 -17.5573
0.406123 -0.477431 0.779182 35.1602 0.910918 0.279392 -0.303593 -15.4537 -0.0727528 0.833066 0.548368 -18.4366
0.290255 -0.459381 0.839477 36.9825 0.948768 0.25261 -0.189809 -10.9313 -0.124866 0.851562 0.509167 -18.5774
0.107457 -0.474557 0.873641 38.1857 0.986229 0.161995 -0.0333101 -6.17645 -0.125718 0.86519 0.48543 -19.2813
0.0569388 -0.505087 0.861188 38.4688 0.9881 0.151962 0.0237958 -1.25576 -0.142887 0.849585 0.507729 -19.9401
-0.188468 -0.553389 0.81132 38.4987 0.97395 0.00075427 0.226761 3.64618 -0.126099 0.832922 0.538831 -20.5652
-0.260058 -0.583963 0.768997 37.5481 0.951372 -0.0187832 0.30747 8.33482 -0.165107 0.811563 0.560451 -21.2835
-0.368636 -0.559756 0.742146 35.9491 0.918649 -0.0973265 0.3829 13.0416 -0.1421 0.822922 0.550097 -22.0296
-0.46744 -0.54522 0.69587 33.8403 0.870061 -0.144383 0.471325 17.4074 -0.156504 0.825766 0.541865 -22.7121
-0.594361 -0.477967 0.646748 31.2509 0.795789 -0.23356 0.558721 21.5808 -0.115995 0.846757 0.51918 -23.4434
-0.666756 -0.440882 0.600882 28.0604 0.742567 -0.324311 0.586018 25.4564 -0.0634922 0.836926 0.543621 -24.0993
-0.701676 -0.438168 0.561836 24.3598 0.707775 -0.338028 0.620315 28.9511 -0.0818862 0.832914 0.547311 -24.3471
-0.812167 -0.282673 0.510373 20.4692 0.582406 -0.444494 0.680609 32.3346 0.034468 0.850012 0.525634 -24.8576
-0.87686 -0.217449 0.428758 16.1196 0.478738 -0.476407 0.73746 35.0826 0.0439029 0.851911 0.521843 -24.8537
-0.921353 -0.0989012 0.375935 11.5598 0.365309 -0.550884 0.750384 37.2679 0.132883 0.828701 0.543689 -24.6317
-0.963346 -0.0877772 0.253493 6.89729 0.257606 -0.566369 0.782857 38.9654 0.0748538 0.819464 0.568222 -24.0218
-0.987437 0.0121655 0.157545 1.98382 0.122717 -0.56906 0.813088 39.822 0.0995443 0.822206 0.560418 -23.7437
-0.976262 0.083379 0.199902 -3.00539 0.119543 -0.562209 0.81831 40.0809 0.180617 0.822781 0.538896 -23.3809
-0.989822 0.138897 0.030996 -8.02241 -0.0504936 -0.546395 0.836004 40.2433 0.133054 0.82593 0.547847 -22.3833
-0.959967 0.245901 -0.134149 -13.1552 -0.251775 -0.547566 0.797986 39.6394 0.12277 0.799815 0.587557 -21.7168
-0.923898 0.284539 -0.255833 -17.9195 -0.375211 -0.542586 0.751543 38.2069 0.0750318 0.790341 0.608056 -21.2523
-0.859906 0.318985 -0.398511 -22.243 -0.509898 -0.50038 0.699731 36.0153 0.0237968 0.804903 0.592929 -20.8621
-0.776953 0.381522 -0.500785 -26.5872 -0.62919 -0.443317 0.638428 33.2226 0.0215676 0.811117 0.584486 -20.6787
-0.682547 0.416077 -0.60084 -30.2695 -0.73084 -0.390215 0.560005 29.6244 -0.00145173 0.821348 0.570425 -20.6866
-0.574085 0.478238 -0.664616 -33.5965 -0.817738 -0.293641 0.495054 25.7157 0.0415953 0.827685 0.559649 -20.6918
-0.476387 0.515396 -0.712336 -36.2305 -0.876534 -0.214929 0.43069 21.438 0.0688745 0.829562 0.554151 -20.6533
-0.319607 0.543306 -0.776318 -38.4066 -0.942052 -0.0940641 0.322008 16.7813 0.101925 0.834248 0.541886 -20.3786
-0.229406 0.570397 -0.788683 -39.7143 -0.972173 -0.0947607 0.214244 11.8887 0.0474681 0.815885 0.576263 -20.0843
-0.148043 0.585842 -0.796788 -40.68 -0.98891 -0.0780541 0.12635 6.94801 0.0118287 0.806657 0.590901 -19.8594
-0.0695612 0.598748 -0.797911 -41.152 -0.997048 -0.0156733 0.0751607 2.02999 0.0324964 0.800784 0.598071 -19.5529
0.0797486 0.624643 -0.776828 -41.1245 -0.996372 0.073194 -0.0434319 -3.17239 0.0297298 0.777473 0.628213 -19.387
0.212628 0.625513 -0.750682 -40.4382 -0.973346 0.203163 -0.10641 -8.2162 0.0859495 0.753299 0.652038 -19.2835
0.296752 0.621188 -0.725303 -38.9803 -0.954185 0.223364 -0.199097 -13.0346 0.0383301 0.751155 0.659012 -19.0129
