0.999998 0.00196896 0.000712787 0.000491504 -0.00196704 0.999994 -0.00268511 0.000176058 -0.00071807 0.0026837 0.999996 0.00320595
0.979843 -0.197538 0.029783 0.347032 0.195542 0.978897 0.0593679 -0.0876045 -0.0408819 -0.0523474 0.997792 0.0504019
0.875138 -0.48099 0.0527428 0.553314 0.473493 0.873718 0.111448 0.0167356 -0.0996879 -0.0725594 0.99237 -0.039749
0.827101 -0.561235 0.0303203 0.67021 0.552065 0.821344 0.143595 0.00622883 -0.105494 -0.102029 0.989172 -0.258513
0.729907 -0.683451 -0.0114189 0.771416 0.677024 0.720539 0.149872 0.0866779 -0.0942027 -0.117124 0.988639 -0.409777
0.693878 -0.71937 -0.032258 1.0387 0.717381 0.686687 0.11758 0.222467 -0.0624322 -0.104727 0.992539 -0.49782
0.53904 -0.840697 -0.0516166 1.1693 0.840835 0.533514 0.091435 0.349984 -0.049331 -0.0926881 0.994472 -0.513963
0.417565 -0.90436 -0.0881644 1.44197 0.906389 0.407726 0.11054 0.451753 -0.0640206 -0.126069 0.989954 -0.61343
0.293852 -0.95585 0.000914244 1.69395 0.949955 0.292146 0.110615 0.69787 -0.105998 -0.0316359 0.993863 -0.44939
0.180706 -0.983502 0.00827075 1.8812 0.973875 0.1801 0.138318 0.920137 -0.137525 -0.0169401 0.990353 -0.511107
0.0700165 -0.997545 0.000909245 2.03574 0.989219 0.0695495 0.128878 1.29756 -0.128625 -0.00812413 0.99166 -0.668105
0.0681534 -0.99696 -0.0377612 2.05029 0.989942 0.0628734 0.126733 1.69934 -0.123974 -0.0460188 0.991218 -0.779545
-0.00265882 -0.998658 -0.0517155 2.05238 0.990618 -0.00969641 0.136314 2.26629 -0.136632 -0.0508678 0.989315 -0.873911
-0.2281 -0.973325 0.0246714 2.02741 0.960634 -0.220854 0.168539 2.34958 -0.158594 0.0621439 0.985386 -0.814798
-0.400086 -0.912138 -0.0890814 1.98777 0.895264 -0.409767 0.174909 2.75622 -0.196043 -0.00977288 0.980547 -0.854396
-0.519806 -0.853803 -0.0286703 1.7661 0.834475 -0.514652 0.19694 3.00007 -0.182903 0.0784457 0.979996 -1.02342
-0.575592 -0.817295 -0.0268872 1.71533 0.79951 -0.569361 0.19134 3.47398 -0.17169 0.0886372 0.981155 -1.11812
-0.601172 -0.798904 0.0185347 1.4578 0.788434 -0.589194 0.176695 3.87196 -0.130242 0.120838 0.984091 -1.24695
-0.689143 -0.724219 0.0242717 1.02444 0.721216 -0.68227 0.119813 4.18456 -0.070211 0.100073 0.9925 -1.2229
-0.800646 -0.594257 0.0763239 0.772662 0.598873 -0.797562 0.0724311 4.36498 0.0178304 0.1037 0.994449 -1.2436
-0.863873 -0.47272 0.17395 0.502974 0.489792 -0.868943 0.0710089 4.68535 0.117586 0.146542 0.982191 -1.24832
-0.907949 -0.375493 0.186104 -0.00416419 0.401196 -0.907142 0.127027 4.78354 0.121125 0.189998 0.974284 -1.00682
-0.941822 -0.280218 0.185606 -0.361627 0.296897 -0.952443 0.0685963 5.05636 0.157558 0.119711 0.980227 -0.996852
-0.97259 -0.150954 0.176868 -0.712864 0.165642 -0.9836 0.0713688 5.27333 0.163194 0.0987092 0.981644 -0.823497
-0.980217 -0.0877392 0.177416 -1.13186 0.107829 -0.9884 0.106947 5.3535 0.165974 0.123962 0.978308 -0.761492
-0.988424 0.0729335 0.133037 -1.6089 -0.056278 -0.990569 0.124922 5.37678 0.140894 0.115988 0.983207 -0.625423
-0.976404 0.197114 0.0882158 -1.99529 -0.179861 -0.968361 0.172994 5.4023 0.119524 0.153046 0.980964 -0.521405
-0.930469 0.362284 0.0545749 -2.54936 -0.349253 -0.922098 0.166609 5.40607 0.110683 0.135964 0.984512 -0.459861
-0.867432 0.49473 0.0529537 -2.91586 -0.491857 -0.868688 0.0588013 5.19537 0.075091 0.0249604 0.996864 -0.537649
-0.79987 0.600153 0.00490081 -3.18895 -0.599098 -0.7989 0.0532934 4.94931 0.0358994 0.0396917 0.998567 -0.420565
-0.661922 0.747539 -0.0551712 -3.57137 -0.748834 -0.65621 0.0929285 4.70271 0.0332638 0.102825 0.994143 -0.48476
-0.581645 0.810755 -0.066071 -3.92506 -0.8126 -0.575424 0.0925669 4.39428 0.0370303 0.10753 0.993512 -0.42368
-0.50935 0.860135 -0.0270327 -4.19723 -0.85794 -0.5051 0.0938749 4.15269 0.0670909 0.0710076 0.995217 -0.402472
-0.447423 0.893355 -0.0415986 -4.66806 -0.890566 -0.440803 0.112184 3.56128 0.0818836 0.0872401 0.992816 -0.300914
-0.311305 0.950059 -0.0218324 -4.74168 -0.939476 -0.304216 0.157599 3.06111 0.143086 0.0695723 0.987262 -0.237376
-0.16329 0.986536 -0.00910369 -4.80383 -0.977883 -0.160622 0.133961 2.61698 0.130696 0.030777 0.990945 -0.369734
-0.105706 0.994351 0.00961744 -4.92658 -0.98999 -0.106143 0.0930296 2.02792 0.0935248 0.000312649 0.995617 -0.443408
0.0143555 0.999779 -0.015372 -4.90046 -0.994995 0.0158039 0.0986666 1.62567 0.0988877 0.0138787 0.995002 -0.352409
0.228181 0.973613 0.00342537 -4.99028 -0.97336 0.228038 0.023834 1.16036 0.022424 -0.00877259 0.99971 -0.400685
0.28957 0.955624 -0.0541454 -4.78332 -0.955513 0.291924 0.0421344 0.500591 0.056071 0.0395358 0.997644 -0.273423
0.334922 0.936654 -0.102506 -4.52371 -0.936357 0.342997 0.074754 -0.142286 0.105178 0.0709453 0.99192 -0.280169
0.455981 0.885223 -0.0919926 -4.29435 -0.877566 0.464418 0.11914 -0.691523 0.148188 0.026404 0.988607 -0.246256
0.608179 0.788933 -0.0877626 -3.83653 -0.774263 0.613952 0.153558 -1.25368 0.175029 -0.0254395 0.984235 -0.25186
0.662713 0.744563 -0.0802392 -3.37362 -0.7241 0.664432 0.184958 -1.5663 0.191026 -0.0644725 0.979465 -0.188459
0.804759 0.575157 -0.146826 -3.03888 -0.562493 0.817911 0.120926 -1.98552 0.189642 -0.0147273 0.981743 -0.189951
0.893597 0.436549 -0.104445 -2.78999 -0.423961 0.897278 0.123086 -2.35769 0.147449 -0.0657085 0.986885 -0.360354
0.931552 0.340992 -0.126236 -2.33127 -0.32968 0.938531 0.102327 -2.66381 0.153369 -0.0537053 0.986708 -0.231214
0.97298 0.19298 -0.126765 -1.80294 -0.175468 0.974866 0.137286 -2.96628 0.150072 -0.111333 0.982387 -0.193956
0.991229 -0.0161734 -0.131166 -1.19888 0.0372113 0.986485 0.159569 -3.08618 0.126812 -0.163051 0.978434 -0.058278
0.989304 -0.112914 -0.0923526 -0.662923 0.12142 0.988296 0.0923526 -3.11203 0.0808438 -0.102578 0.991434 0.0341305
0.989847 -0.138713 -0.0310089 0.118664 0.141127 0.985101 0.0982836 -3.01007 0.0169136 -0.101662 0.994675 -0.0397697
0.919647 -0.390698 0.0400633 0.814571 0.385905 0.917869 0.0927011 -3.04378 -0.072991 -0.0697917 0.994888 0.133006
0.904072 -0.419039 0.0840278 1.77238 0.416925 0.907963 0.0421504 -2.72069 -0.0939568 -0.00307365 0.995572 0.101607
0.853806 -0.516599 0.0643533 2.26591 0.507712 0.853622 0.116434 -2.49692 -0.115083 -0.0667393 0.991111 -0.0888789
0.786721 -0.616213 0.0367647 2.7877 0.608322 0.784017 0.123538 -2.141 -0.10495 -0.0748251 0.991659 -0.139239
0.677773 -0.733318 0.0535648 3.3051 0.732993 0.679608 0.0292277 -1.82089 -0.0578362 0.0194529 0.998137 -0.25746
0.588705 -0.808323 0.00637862 3.81637 0.807888 0.588618 0.0290998 -1.29156 -0.0272766 -0.011978 0.999556 -0.400764
0.509164 -0.858803 0.0566543 4.30243 0.859808 0.510496 0.0111534 -0.731694 -0.0385004 0.0430329 0.998332 -0.326304
0.407933 -0.912157 0.0394908 4.60232 0.90863 0.409828 0.0801997 -0.190098 -0.0893392 0.00316642 0.995996 -0.408395
0.292836 -0.954157 0.0619067 4.83928 0.94629 0.298484 0.124266 0.477753 -0.137048 0.022192 0.990316 -0.526147
0.146773 -0.985137 0.0892375 5.14229 0.982591 0.15559 0.101526 1.15452 -0.113901 0.0727826 0.990822 -0.680596
0.0111258 -0.999613 0.0254779 5.13023 0.994118 0.0138024 0.107418 1.63431 -0.107728 0.024133 0.993887 -0.811848
-0.0616916 -0.995695 0.0691734 5.09823 0.990736 -0.0526891 0.125161 2.44349 -0.120978 0.076254 0.989722 -0.86926
-0.119071 -0.989355 0.0836624 5.0417 0.980178 -0.103691 0.168815 3.14823 -0.158343 0.102105 0.982091 -1.04688
-0.290782 -0.954808 0.0615418 4.86272 0.936973 -0.271147 0.220365 3.78866 -0.19372 0.121741 0.973474 -1.08113
-0.316996 -0.945818 0.0702951 4.484 0.931467 -0.296518 0.210821 4.56224 -0.178555 0.132307 0.974994 -1.27758
-0.464566 -0.882359 0.0749716 4.05359 0.871475 -0.440518 0.215582 5.10955 -0.157194 0.165488 0.973603 -1.43787
-0.639572 -0.759351 0.119725 3.82504 0.762547 -0.606969 0.223855 5.67832 -0.0973153 0.234468 0.967241 -1.55911
-0.711819 -0.686541 0.148242 3.18492 0.701561 -0.684906 0.196762 6.26102 -0.0335531 0.244059 0.96918 -1.52473
-0.798129 -0.56913 0.197689 2.47033 0.599849 -0.781306 0.172459 6.73775 0.056304 0.256228 0.964975 -1.67036
-0.858335 -0.466449 0.213745 1.8724 0.499801 -0.854296 0.14275 7.14669 0.116016 0.229357 0.966403 -1.75266
-0.908454 -0.372992 0.18865 1.20808 0.397678 -0.910248 0.11533 7.54416 0.128701 0.179793 0.975249 -1.66922
-0.94901 -0.254032 0.186677 0.50677 0.280362 -0.950869 0.131325 7.94953 0.144144 0.176966 0.973604 -1.53016
-0.9648 -0.187618 0.184283 -0.399204 0.217707 -0.962898 0.159468 8.24766 0.147527 0.193975 0.96985 -1.23966
-0.970458 0.112235 0.213575 -0.993696 -0.0799396 -0.984789 0.154276 8.3563 0.227641 0.132645 0.964668 -1.17384
-0.98088 0.107881 0.161973 -1.8759 -0.0827469 -0.984503 0.154621 8.40696 0.176144 0.138262 0.974606 -1.12101
-0.97063 0.225359 0.0842094 -2.67435 -0.209311 -0.963619 0.166213 8.38228 0.118604 0.143706 0.982488 -1.00435
-0.929231 0.36459 0.06003 -3.58978 -0.35426 -0.925248 0.135704 8.15629 0.105019 0.104834 0.988929 -0.730623
-0.887172 0.460803 0.0242093 -4.32537 -0.452447 -0.878994 0.150534 7.89581 0.0906465 0.122597 0.988308 -0.634715
-0.828229 0.560165 -0.0158724 -5.03606 -0.558717 -0.823236 0.100586 7.50163 0.0432779 0.0921762 0.994802 -0.715306
-0.727638 0.682761 -0.0661897 -5.7503 -0.685925 -0.725208 0.0598346 6.88816 -0.00714855 0.0889391 0.996011 -0.796667
-0.637714 0.761974 -0.112764 -6.37437 -0.770208 -0.628897 0.106149 6.2001 0.00996625 0.154544 0.987936 -0.812857
-0.491577 0.867274 -0.0786568 -6.82424 -0.869288 -0.48332 0.103633 5.70186 0.0518619 0.119319 0.991501 -0.752573
-0.341552 0.933731 -0.107183 -7.20214 -0.938376 -0.332376 0.0947422 4.98637 0.0528388 0.132937 0.989715 -0.617007
-0.254923 0.959711 -0.118188 -7.55173 -0.964041 -0.242755 0.108145 4.03709 0.0750971 0.141506 0.987085 -0.602148
-0.196419 0.976029 -0.0937359 -7.83801 -0.977658 -0.18765 0.0947224 3.14331 0.0748623 0.110247 0.991081 -0.496954
-0.0446929 0.989197 -0.139614 -7.98725 -0.994032 -0.0301133 0.104847 2.32039 0.0995098 0.143467 0.98464 -0.536658
0.0936082 0.985858 -0.139002 -8.05617 -0.995291 0.0961885 0.0119479 1.56096 0.0251493 0.13723 0.99022 -0.355465
0.244826 0.963327 -0.109822 -7.82728 -0.969383 0.245411 -0.00836975 0.516833 0.0188886 0.108508 0.993916 -0.501524
0.300701 0.940049 -0.160893 -7.57394 -0.953455 0.300275 -0.0275464 -0.368981 0.0224172 0.161688 0.986587 -0.405323
0.3966 0.910239 -0.119052 -7.26189 -0.915795 0.401276 0.0172425 -1.21972 0.0634676 0.102189 0.992738 -0.409739
0.56642 0.81365 -0.13093 -6.92032 -0.815907 0.576024 0.0499217 -2.11731 0.116038 0.0785502 0.990134 -0.452406
0.602449 0.770737 -0.207411 -6.27526 -0.778629 0.62465 0.0595761 -3.10252 0.175477 0.125605 0.976438 -0.456349
0.696469 0.697178 -0.169923 -5.54008 -0.690466 0.715572 0.105891 -3.74658 0.195417 0.0435766 0.979752 -0.253438
0.764229 0.633617 -0.120348 -4.84054 -0.623145 0.773533 0.115483 -4.43739 0.166265 -0.0132607 0.985992 -0.289804
0.868373 0.473815 -0.146381 -4.13361 -0.471704 0.880278 0.0510555 -5.06021 0.153047 0.0247132 0.98791 -0.174128
0.92933 0.346835 -0.126698 -3.2316 -0.343942 0.937924 0.0447483 -5.50012 0.134353 0.00199068 0.990932 -0.119636
0.962562 0.235719 -0.133829 -2.18065 -0.230665 0.971626 0.0523171 -5.94868 0.142364 -0.019489 0.989623 0.0642067
0.987827 0.0718188 -0.137985 -1.22678 -0.067715 0.997118 0.0342147 -6.07954 0.140045 -0.0244545 0.989843 0.0954437
0.995271 -0.0286399 -0.0928232 -0.256983 0.0304546 0.999371 0.0181921 -6.14671 0.0922438 -0.020933 0.995516 0.279014
0.983537 -0.168742 -0.0646553 0.812742 0.172055 0.983837 0.0496153 -5.9871 0.0552381 -0.0599227 0.996673 0.327372
0.955665 -0.29217 0.0366322 1.9581 0.285458 0.949781 0.128176 -5.80103 -0.0722417 -0.112036 0.991075 0.224934
0.899391 -0.408518 0.155594 2.90811 0.401921 0.912744 0.0731932 -5.52669 -0.171918 -0.00329287 0.985106 0.252663
0.869315 -0.467585 0.160174 3.83977 0.468494 0.882796 0.0344219 -5.13442 -0.157496 0.045117 0.986488 -0.0701298
0.794382 -0.596091 0.116761 4.72667 0.597893 0.801252 0.0228098 -4.53641 -0.107152 0.051691 0.992898 -0.0022832
0.759709 -0.645583 0.0778793 5.53089 0.646678 0.762641 0.0136179 -3.84603 -0.0681855 0.0400172 0.99687 -0.323424
0.66662 -0.742284 0.0680593 6.22035 0.742736 0.669174 0.0234249 -3.11046 -0.0629315 0.0349347 0.997406 -0.51436
0.527453 -0.842432 0.110006 6.84025 0.846047 0.532638 0.0223782 -2.294 -0.0774457 0.0812673 0.993679 -0.610362
0.435706 -0.891106 0.126851 7.29213 0.896216 0.442561 0.0306023 -1.42164 -0.0834092 0.100352 0.99145 -0.756803
0.255304 -0.954027 0.157011 7.77196 0.964372 0.262911 0.0294007 -0.498161 -0.0693289 0.143911 0.987159 -0.853753
0.183066 -0.973272 0.138666 8.1049 0.980253 0.191439 0.0495499 0.64066 -0.0747715 0.126856 0.989099 -0.948687
-0.038164 -0.9884 0.146998 8.21075 0.995335 -0.0245552 0.0933042 1.54577 -0.0886123 0.149873 0.984726 -1.03989
-0.142375 -0.973736 0.177672 8.24742 0.986081 -0.123961 0.110808 2.4873 -0.0858738 0.190975 0.977831 -1.30721
-0.293429 -0.944575 0.147233 8.12169 0.947876 -0.267458 0.173197 3.55474 -0.124219 0.19038 0.97382 -1.42839
-0.385323 -0.897153 0.21597 7.81623 0.91448 -0.339928 0.219487 4.63587 -0.123499 0.282073 0.951411 -1.52788
-0.498032 -0.857837 0.126804 7.32897 0.860337 -0.470498 0.196091 5.61244 -0.108553 0.206754 0.972352 -1.83298
-0.616647 -0.779921 0.107101 6.74242 0.779771 -0.586421 0.219245 6.49123 -0.108187 0.218711 0.969774 -2.09683
-0.675972 -0.730498 0.0971323 6.17171 0.726957 -0.639402 0.250397 7.50735 -0.120808 0.239872 0.963258 -2.29098
-0.748704 -0.642179 0.164465 5.30053 0.659863 -0.698227 0.277597 8.28776 -0.0634331 0.316362 0.946515 -2.36346
-0.768945 -0.612821 0.18214 4.26657 0.639082 -0.729108 0.244901 9.02157 -0.017281 0.304717 0.952286 -2.50168
-0.854022 -0.495388 0.158862 3.36375 0.519065 -0.831886 0.196311 9.76764 0.0349049 0.250114 0.967587 -2.51446
-0.903546 -0.361261 0.230424 2.33116 0.410087 -0.88497 0.220582 10.3725 0.124231 0.293799 0.94776 -2.43314
-0.950158 -0.199647 0.23946 1.2228 0.254312 -0.940618 0.224861 10.9117 0.180347 0.274551 0.944509 -2.18792
-0.974423 -0.142969 0.173375 0.133283 0.184507 -0.949424 0.254071 11.0745 0.128282 0.279562 0.951519 -1.86165
-0.976392 0.0032738 0.21598 -1.21835 0.0701799 -0.940832 0.331527 11.2857 0.204286 0.338858 0.918391 -1.59037
-0.985442 0.105729 0.133136 -2.31742 -0.067425 -0.961931 0.264844 11.4023 0.156069 0.252012 0.955056 -1.42844
-0.952118 0.299444 0.0616772 -3.42747 -0.272513 -0.922673 0.272784 11.3705 0.138591 0.242915 0.960096 -1.33342
-0.921138 0.387638 0.0352202 -4.66401 -0.371975 -0.903327 0.213625 11.0188 0.114625 0.183677 0.976281 -1.14632
-0.826011 0.558588 -0.0754006 -5.73969 -0.562631 -0.809046 0.169972 10.6483 0.0339416 0.182821 0.98256 -1.05173
-0.805022 0.573524 -0.15169 -6.76813 -0.590489 -0.799264 0.111803 9.96292 -0.0571192 0.179575 0.982085 -0.958109
-0.68482 0.705006 -0.184357 -7.70918 -0.725919 -0.682132 0.0879637 9.19212 -0.063741 0.194068 0.978915 -1.03788
-0.626793 0.756565 -0.186386 -8.60391 -0.778894 -0.614911 0.123322 8.09528 -0.0213099 0.222473 0.974706 -1.26462
-0.523621 0.840927 -0.136614 -9.33221 -0.851192 -0.509618 0.125542 7.21587 0.0359503 0.182022 0.982637 -1.26185
-0.432632 0.875055 -0.217045 -9.99485 -0.897877 -0.396419 0.191492 6.06546 0.0815253 0.277726 0.957195 -1.18782
-0.308917 0.920687 -0.238549 -10.6044 -0.950997 -0.295526 0.0909334 4.90636 0.0132237 0.25495 0.966864 -1.04708
-0.138391 0.945779 -0.293854 -10.8397 -0.988926 -0.115908 0.0926832 3.76178 0.0535978 0.303426 0.951346 -1.06741
-0.0495243 0.975494 -0.214381 -11.034 -0.99385 -0.0268467 0.10743 2.395 0.0990418 0.218383 0.970824 -0.999723
0.090545 0.960848 -0.261864 -10.9533 -0.995535 0.0943752 0.00206026 1.27716 0.0266931 0.260509 0.965102 -0.786347
0.271017 0.946481 -0.175284 -10.8229 -0.962569 0.267117 -0.045933 -0.124068 0.00334653 0.181171 0.983446 -0.929641
0.396307 0.898513 -0.188719 -10.5181 -0.918115 0.388325 -0.0791711 -1.29615 0.00214803 0.204642 0.978835 -1.02103
0.496895 0.846319 -0.191937 -9.97234 -0.867327 0.491707 -0.0772598 -2.58207 0.0289905 0.204862 0.978361 -0.975411
0.572247 0.803422 -0.164459 -9.36896 -0.813539 0.58143 0.00965823 -3.82274 0.103381 0.128267 0.986337 -0.952462
0.659546 0.720061 -0.215667 -8.62105 -0.739837 0.672572 -0.0169873 -4.92429 0.132819 0.170762 0.976319 -0.792148
0.757015 0.628816 -0.177536 -7.68762 -0.644175 0.763742 -0.0416626 -5.95883 0.109394 0.145904 0.983232 -0.528237
0.850168 0.510312 -0.129604 -6.66912 -0.514202 0.85766 0.00398144 -6.92391 0.113188 0.0632575 0.991558 -0.427879
0.886658 0.43555 -0.15535 -5.46124 -0.445674 0.894477 -0.0358581 -7.63704 0.123339 0.101029 0.987208 -0.285949
0.938233 0.332932 -0.0942079 -4.28913 -0.333481 0.9427 0.0103246 -8.35639 0.0922472 0.0217297 0.995499 -0.123932
0.957505 0.26568 -0.112244 -2.83258 -0.271546 0.961577 -0.0403974 -8.84831 0.0971986 0.0691601 0.992859 0.0156146
0.986422 0.0916723 -0.136265 -1.62516 -0.104959 0.990048 -0.093744 -9.17778 0.126315 0.106773 0.986227 0.132538
0.994425 0.00805876 -0.105139 -0.219861 -0.0171469 0.996163 -0.0858242 -9.21519 0.104044 0.0871485 0.990747 0.240602
0.991296 -0.128958 -0.026497 1.26566 0.125889 0.987402 -0.0958622 -9.03839 0.0385254 0.0916921 0.995042 0.369247
0.965932 -0.228392 0.121708 2.68001 0.234521 0.971349 -0.0384815 -8.81957 -0.109432 0.0657138 0.99182 0.380662
0.912555 -0.333601 0.236544 4.03626 0.347587 0.937458 -0.0188379 -8.2371 -0.215466 0.0994103 0.971438 0.150028
0.841989 -0.48394 0.238445 5.28198 0.5083 0.859727 -0.0500185 -7.74842 -0.180792 0.163317 0.969867 -0.164849
0.779422 -0.589942 0.210878 6.45837 0.604675 0.796443 -0.00684248 -6.96983 -0.163916 0.132846 0.977488 -0.331412
0.722387 -0.672788 0.159729 7.52501 0.685568 0.726996 -0.0383848 -6.0096 -0.0902976 0.137234 0.986414 -0.597119
0.615278 -0.77587 0.139497 8.4701 0.782446 0.622607 0.0117581 -5.10152 -0.0959744 0.101914 0.990153 -0.782388
0.433757 -0.881723 0.185526 9.40166 0.895815 0.444127 0.0163364 -4.04251 -0.096801 0.159111 0.982504 -1.01902
0.415632 -0.883915 0.214347 10.0192 0.903702 0.427978 0.0125437 -2.66721 -0.102824 0.188493 0.976677 -1.14836
0.292549 -0.931861 0.214591 10.5905 0.945556 0.315367 0.0804187 -1.26691 -0.142614 0.179381 0.973388 -1.40225
0.159935 -0.95812 0.237542 11.0823 0.978517 0.185595 0.0897677 0.0588024 -0.130095 0.218082 0.967221 -1.39107
-0.00920092 -0.969118 0.246425 11.2181 0.991833 0.0225051 0.125539 1.48083 -0.127208 0.245568 0.960997 -1.52902
-0.113487 -0.972663 0.202599 11.1439 0.980241 -0.0763627 0.182475 2.85387 -0.162016 0.219305 0.96211 -1.86313
-0.271427 -0.940701 0.203494 11.0293 0.940515 -0.21435 0.263603 4.31292 -0.204352 0.262938 0.942923 -2.15024
-0.389432 -0.888919 0.241174 10.5411 0.89963 -0.310954 0.306551 5.66302 -0.197505 0.336349 0.920794 -2.32202
-0.526714 -0.833619 0.16629 9.96387 0.839698 -0.479823 0.254318 7.03887 -0.132215 0.273587 0.952717 -2.63593
-0.608259 -0.768614 0.198124 9.2124 0.784468 -0.544089 0.297619 8.22995 -0.120957 0.336451 0.9339 -2.94306
-0.68537 -0.704716 0.18342 8.30682 0.725817 -0.640772 0.250201 9.40554 -0.0587907 0.30461 0.950661 -3.20994
-0.820215 -0.542821 0.180534 7.21007 0.571866 -0.769923 0.283176 10.4536 -0.0147164 0.335507 0.941923 -3.51235
-0.809691 -0.562711 0.166604 6.05117 0.58583 -0.758235 0.286153 11.4246 -0.0346965 0.329298 0.943589 -3.45999
-0.867026 -0.444311 0.225506 4.74356 0.49538 -0.817285 0.294353 12.2741 0.0535184 0.366923 0.92871 -3.41225
-0.926159 -0.265834 0.267509 3.40204 0.344716 -0.88443 0.314571 13.0428 0.152969 0.383558 0.91076 -3.42383
-0.94234 -0.157648 0.295199 1.89698 0.260185 -0.899896 0.349986 13.6652 0.210474 0.406613 0.889026 -3.20005
-0.975755 -0.0331953 0.216333 0.477919 0.113514 -0.921852 0.370544 14.0793 0.187127 0.386117 0.90327 -2.87867
-0.987903 -0.00374111 0.155028 -1.17516 0.063469 -0.921896 0.382204 14.125 0.14149 0.38742 0.910981 -2.66258
-0.981202 0.113765 0.155887 -2.7128 -0.0418137 -0.913903 0.403772 14.2955 0.188401 0.389664 0.901481 -2.4374
-0.972661 0.231507 0.0183104 -4.33191 -0.206925 -0.899767 0.38419 14.2019 0.105418 0.369898 0.923072 -2.16378
-0.938222 0.342858 -0.0467758 -5.80971 -0.335132 -0.86666 0.369577 13.7466 0.0861738 0.362421 0.928022 -1.85233
-0.870024 0.462835 -0.169828 -7.38238 -0.492544 -0.830961 0.25866 13.1926 -0.0214032 0.308688 0.950923 -1.65765
-0.740466 0.603018 -0.296781 -8.50255 -0.666638 -0.71512 0.210232 12.3437 -0.0854599 0.353515 0.931517 -1.67124
-0.687517 0.653798 -0.31602 -9.84492 -0.720419 -0.668752 0.183757 11.2002 -0.0911994 0.354003 0.930787 -1.847
-0.592457 0.762681 -0.259445 -10.9155 -0.803031 -0.584811 0.114618 10.0367 -0.0643095 0.276248 0.958932 -1.98454
-0.557462 0.788206 -0.260705 -11.9845 -0.829691 -0.51792 0.208258 8.62736 0.0291262 0.332401 0.942688 -2.0242
-0.433829 0.856643 -0.279206 -12.8503 -0.899846 -0.396297 0.18228 7.20951 0.0455002 0.330321 0.942771 -2.10095
-0.271556 0.915061 -0.298195 -13.3843 -0.962056 -0.249538 0.110363 5.79739 0.0265776 0.31685 0.948103 -1.94276
-0.0621639 0.941374 -0.331587 -13.7893 -0.997847 -0.0516621 0.0404016 4.1466 0.0209026 0.333384 0.942559 -1.89893
-0.0514266 0.943421 -0.327586 -13.941 -0.996539 -0.0270282 0.0786045 2.40409 0.0653031 0.330494 0.941546 -1.85433
0.105192 0.942114 -0.318364 -13.8303 -0.992761 0.118147 0.0216028 0.925564 0.0579659 0.313787 0.947722 -1.77933
0.302817 0.908212 -0.288883 -13.7887 -0.952458 0.29906 -0.0581926 -0.816757 0.0335422 0.292771 0.955594 -1.64886
0.383277 0.884721 -0.265267 -13.2074 -0.92185 0.384258 -0.0503742 -2.33307 0.057364 0.263844 0.962858 -1.69355
0.48152 0.843099 -0.239419 -12.5616 -0.873312 0.484596 -0.0499342 -4.02244 0.0739221 0.233132 0.969631 -1.6626
0.587821 0.773039 -0.23849 -11.6955 -0.797872 0.602686 -0.0130222 -5.58254 0.133668 0.197939 0.971058 -1.5087
0.624822 0.757643 -0.188611 -10.6489 -0.775518 0.630205 -0.0375894 -6.96346 0.0903843 0.169758 0.981332 -1.36991
0.748869 0.641455 -0.166526 -9.61643 -0.657353 0.750882 -0.0637393 -8.27162 0.0841556 0.157199 0.983975 -1.07306
0.796703 0.578293 -0.175618 -8.1662 -0.593634 0.803313 -0.0478298 -9.47098 0.113416 0.142359 0.983296 -0.754333
0.862818 0.474247 -0.17503 -6.76626 -0.494896 0.863041 -0.101188 -10.3524 0.10307 0.173928 0.97935 -0.679778
0.957233 0.272668 -0.0967297 -5.2497 -0.280993 0.955814 -0.0863857 -11.2283 0.0689011 0.109872 0.991555 -0.462875
0.950136 0.27838 -0.140521 -3.67764 -0.295132 0.948271 -0.116961 -11.8324 0.100693 0.152602 0.983145 -0.32453
0.993054 0.0619201 -0.100046 -1.9529 -0.075224 0.987957 -0.135209 -12.1149 0.0904695 0.141795 0.985753 -0.247688
0.997494 0.0363741 -0.0606802 -0.189416 -0.04669 0.982858 -0.178352 -12.2092 0.0531527 0.180738 0.982094 -0.144425
0.99167 -0.127201 0.0202813 1.72183 0.128617 0.969289 -0.209612 -12.0048 0.00700441 0.210474 0.977574 -0.0570707
0.953182 -0.271963 0.132209 3.42849 0.286084 0.952668 -0.102861 -11.7804 -0.0979772 0.135869 0.98587 -0.0408351
0.894723 -0.385424 0.225654 5.15129 0.425533 0.889087 -0.168658 -11.0772 -0.135622 0.246925 0.959497 -0.228537
0.856637 -0.46998 0.212819 6.75797 0.499845 0.858213 -0.116731 -10.3276 -0.127783 0.206372 0.970094 -0.63914
0.795189 -0.541873 0.272118 8.37908 0.583299 0.806182 -0.0991619 -9.35277 -0.165644 0.237579 0.957141 -0.765998
0.691118 -0.682838 0.236828 9.54724 0.709118 0.703976 -0.0396161 -8.30549 -0.13967 0.195318 0.970744 -1.04839
0.634418 -0.731485 0.249888 10.8931 0.76628 0.637644 -0.0788939 -6.95681 -0.10163 0.241536 0.965055 -1.24187
0.503593 -0.821001 0.26898 12.0922 0.8538 0.520509 -0.0097744 -5.42582 -0.131982 0.234578 0.963096 -1.45554
0.384086 -0.869941 0.309322 12.8402 0.914773 0.403968 0.000249102 -3.92536 -0.125173 0.282864 0.950957 -1.80994
0.251362 -0.925166 0.284404 13.4318 0.964663 0.263451 0.00441561 -2.24164 -0.0790117 0.273244 0.958694 -1.99311
0.11695 -0.965803 0.231402 13.9254 0.987362 0.138162 0.0776381 -0.5061 -0.106954 0.219398 0.969755 -2.24407
-0.0496221 -0.964271 0.260229 14.2131 0.989758 -0.0125577 0.142201 1.23755 -0.133852 0.26462 0.955018 -2.46636
-0.18644 -0.94949 0.252406 14.1494 0.97321 -0.143302 0.179798 3.07242 -0.134546 0.279166 0.95077 -2.59353
-0.272082 -0.929574 0.248725 13.7426 0.942855 -0.205867 0.261998 4.98433 -0.192342 0.305796 0.932466 -2.96931
-0.340505 -0.891904 0.297596 13.2701 0.916195 -0.243614 0.31818 6.64795 -0.211288 0.380998 0.90011 -3.26131
-0.481208 -0.848346 0.220788 12.4969 0.864086 -0.416627 0.282448 8.35835 -0.147628 0.326696 0.933529 -3.65228
-0.591292 -0.780117 0.204429 11.5444 0.785141 -0.498964 0.366862 9.86305 -0.184193 0.377428 0.907536 -4.01702
-0.668177 -0.718368 0.193615 10.3274 0.732984 -0.590978 0.336867 11.2489 -0.127572 0.367004 0.92143 -4.3633
-0.761972 -0.632471 0.139205 8.88152 0.638765 -0.698595 0.322402 12.7088 -0.106662 0.334581 0.936311 -4.58009
-0.851325 -0.4646 0.243708 7.69714 0.523729 -0.779941 0.342635 13.8279 0.0308892 0.419331 0.907308 -4.77125
-0.862047 -0.444155 0.244135 6.05382 0.50482 -0.795294 0.335655 14.8031 0.0450763 0.412595 0.909799 -4.68841
-0.895564 -0.381417 0.229097 4.17969 0.439966 -0.835866 0.328265 15.7653 0.0662888 0.394778 0.916382 -4.58168
-0.940446 -0.289942 0.177469 2.523 0.335009 -0.879105 0.339034 16.4499 0.0577133 0.378297 0.923883 -4.38679
-0.983246 -0.120007 0.137208 0.648559 0.163981 -0.911058 0.378263 16.8977 0.0796106 0.394425 0.915473 -4.13946
-0.989485 0.0317958 0.141097 -1.32384 0.0374303 -0.886012 0.46215 17.0037 0.139708 0.462572 0.875505 -3.85881
-0.973365 0.193882 0.122353 -3.11796 -0.108845 -0.860512 0.497667 17.0397 0.201775 0.471094 0.858695 -3.82919
-0.968254 0.235989 0.0824186 -5.03605 -0.156371 -0.829071 0.536833 16.8713 0.195018 0.506903 0.839653 -3.42844
-0.920313 0.376085 -0.107632 -6.93827 -0.372415 -0.758137 0.53529 16.5183 0.119714 0.532718 0.837783 -3.02019
-0.845342 0.441804 -0.300343 -8.74814 -0.532444 -0.742643 0.406183 15.686 -0.0435949 0.503279 0.863023 -2.75895
-0.76089 0.551267 -0.342273 -10.3332 -0.6481 -0.671507 0.359228 14.5329 -0.0318083 0.495161 0.868219 -2.87426
-0.672973 0.661709 -0.330527 -11.8317 -0.738823 -0.622693 0.257669 13.1202 -0.0353148 0.417605 0.907942 -2.96601
-0.580046 0.764896 -0.280146 -13.1626 -0.814233 -0.554523 0.171839 11.7993 -0.0239085 0.327779 0.944452 -3.09858
-0.520341 0.790028 -0.324192 -14.5209 -0.853926 -0.484695 0.189425 10.0907 -0.00748306 0.375402 0.926832 -3.14491
-0.384308 0.857595 -0.341818 -15.4745 -0.922717 -0.344767 0.172421 8.44095 0.03002 0.381664 0.923814 -3.06865
-0.236793 0.906082 -0.350635 -16.1049 -0.971339 -0.213079 0.105347 6.61036 0.02074 0.365531 0.930568 -3.06502
-0.105001 0.911986 -0.396555 -16.6236 -0.993411 -0.0777692 0.0841864 4.44434 0.0459371 0.402782 0.914142 -3.03821
-0.0397443 0.929873 -0.365727 -16.7685 -0.997678 -0.016672 0.0660303 2.4283 0.0553024 0.367502 0.928377 -2.87691
0.0903144 0.9314 -0.352616 -16.6458 -0.99026 0.121657 0.0677112 0.423485 0.105964 0.343066 0.933315 -2.71102
0.228747 0.921238 -0.314634 -16.4363 -0.9715 0.236663 -0.0133661 -1.71047 0.0621489 0.308725 0.949119 -2.61797
0.349484 0.893707 -0.281334 -16.0035 -0.933063 0.359271 -0.0178006 -3.48767 0.0851667 0.268724 0.959445 -2.58623
0.459624 0.845045 -0.273212 -15.0362 -0.884856 0.462055 -0.0594528 -5.54033 0.0759988 0.269079 0.960115 -2.35588
0.536607 0.803455 -0.257902 -14.2212 -0.837415 0.544667 -0.0455477 -7.25665 0.103875 0.240412 0.965097 -2.22759
0.674593 0.688521 -0.266202 -13.0212 -0.725976 0.684121 -0.0702709 -8.87685 0.133732 0.24066 0.961352 -2.10168
0.753745 0.589063 -0.29133 -11.6086 -0.629927 0.773939 -0.0648922 -10.3893 0.187246 0.232429 0.954419 -1.7477
0.825117 0.50793 -0.247364 -10.0003 -0.54836 0.825387 -0.134308 -11.8262 0.135952 0.246464 0.959569 -1.29359
0.872756 0.457664 -0.169825 -8.30773 -0.481307 0.864833 -0.142855 -13.0063 0.0814907 0.206416 0.975065 -1.27269
0.931236 0.338913 -0.133928 -6.30615 -0.359194 0.915648 -0.180466 -14.1035 0.0614692 0.216162 0.974421 -1.26349
0.957485 0.2516 -0.141136 -4.35464 -0.27878 0.9328 -0.2284 -14.6492 0.0741861 0.258036 0.963283 -1.04348
0.986456 0.135828 -0.0919561 -2.26247 -0.160457 0.915426 -0.36912 -15.18 0.0340421 0.378875 0.924821 -0.752318
0.999666 -0.0258192 -0.00068664 -0.175434 0.0247768 0.966138 -0.256834 -15.3281 0.00729462 0.256731 0.966455 -0.755361
0.977743 -0.203658 0.0504126 2.02389 0.20944 0.933282 -0.291753 -15.0448 0.0123686 0.295818 0.955164 -0.70073
0.944303 -0.293989 0.147861 4.25281 0.321645 0.919516 -0.225908 -14.6223 -0.0695466 0.260884 0.962862 -0.781712
0.907627 -0.379926 0.17852 6.35869 0.409553 0.894742 -0.178054 -13.8407 -0.0920818 0.23472 0.967692 -1.04084
0.861626 -0.477646 0.171627 8.27874 0.498885 0.859231 -0.113293 -12.8618 -0.093353 0.183238 0.978626 -1.28486
0.796294 -0.561773 0.224338 10.013 0.597927 0.78716 -0.151204 -11.7176 -0.0916479 0.25454 0.96271 -1.63571
0.721207 -0.6502 0.238958 11.6236 0.67573 0.736266 -0.0360774 -10.4346 -0.152479 0.18749 0.97036 -1.75574
0.577475 -0.764861 0.285499 13.1689 0.810565 0.578908 -0.0886063 -9.034 -0.097506 0.282583 0.954274 -1.9702
0.497765 -0.798218 0.339231 14.4789 0.858107 0.510081 -0.0588964 -7.01804 -0.126023 0.320413 0.938858 -2.29129
0.394153 -0.844471 0.362647 15.6033 0.911204 0.410515 -0.0344296 -5.07031 -0.119797 0.344015 0.931291 -2.69935
0.309454 -0.895144 0.320867 16.2639 0.946009 0.324032 -0.00838647 -3.01758 -0.0964641 0.306138 0.947087 -2.89365
0.180965 -0.904557 0.386042 16.8437 0.981276 0.192386 -0.00920325 -0.888755 -0.0659441 0.380479 0.922435 -3.04545
0.0169769 -0.947383 0.319651 17.1565 0.99218 0.0555012 0.111799 1.18823 -0.123658 0.315253 0.940917 -3.2727
-0.115445 -0.943359 0.311041 17.0661 0.982096 -0.0614744 0.178066 3.42763 -0.148859 0.326029 0.933566 -3.49961
-0.238732 -0.936066 0.258434 16.6344 0.94081 -0.157014 0.300372 5.43941 -0.24059 0.314845 0.918144 -3.92274
-0.441498 -0.833666 0.331784 16.0522 0.883435 -0.339217 0.323225 7.43922 -0.156915 0.435813 0.886253 -4.40372
-0.5011 -0.822854 0.267976 15.0569 0.853926 -0.419922 0.307371 9.44647 -0.140393 0.382855 0.913078 -4.90427
-0.626134 -0.734643 0.261261 13.8371 0.769555 -0.528332 0.358679 11.2656 -0.125469 0.425635 0.896154 -5.32264
-0.716539 -0.634361 0.290102 12.5517 0.696124 -0.623741 0.35547 13.0081 -0.0445476 0.456654 0.888528 -5.57565
-0.732572 -0.635451 0.244009 10.9232 0.672409 -0.61982 0.404586 14.6993 -0.105853 0.460463 0.881345 -5.64128
-0.789063 -0.569788 0.22961 9.10382 0.609976 -0.682375 0.402857 16.0716 -0.0728631 0.457937 0.885994 -5.94552
-0.885833 -0.416959 0.203581 7.36614 0.463979 -0.8005 0.379371 17.2916 0.00478453 0.430517 0.90257 -5.99825
-0.93321 -0.32479 0.153724 5.28765 0.35884 -0.864717 0.351423 18.2812 0.0187887 0.383114 0.92351 -5.79521
-0.973462 -0.20461 0.102502 3.23842 0.227948 -0.906632 0.355047 19.1476 0.0202848 0.36899 0.929212 -5.74705
-0.991187 -0.0855334 0.10116 1.03768 0.118011 -0.917051 0.380909 19.6619 0.0601882 0.38949 0.919062 -5.56966
-0.998254 0.0288473 0.0515346 -1.41938 -0.00283934 -0.895026 0.446006 19.7215 0.0589909 0.445081 0.893545 -5.48567
-0.988722 0.142713 0.0454125 -3.61613 -0.100631 -0.857648 0.504295 19.6024 0.110917 0.494037 0.862337 -5.24476
-0.976781 0.213844 -0.0130572 -6.03525 -0.189736 -0.835138 0.516279 19.3911 0.0994986 0.506769 0.856321 -5.05936
-0.91921 0.383484 -0.0894071 -8.02151 -0.373252 -0.776225 0.508092 18.8707 0.125445 0.500414 0.85665 -4.79618
-0.863822 0.477836 -0.15964 -10.1123 -0.495408 -0.748078 0.441532 17.8002 0.0915564 0.460492 0.88293 -4.52709
-0.800388 0.542591 -0.254901 -12.1582 -0.599478 -0.722801 0.34378 16.541 0.00228907 0.427964 0.903793 -4.34399
-0.698489 0.636219 -0.327624 -13.9145 -0.71141 -0.666926 0.221599 15.1247 -0.0775153 0.38786 0.918453 -4.35768
-0.611987 0.723523 -0.319352 -15.52 -0.790213 -0.57584 0.209696 13.4183 -0.0321757 0.380687 0.924144 -4.29364
-0.493867 0.793723 -0.355105 -16.955 -0.869497 -0.446835 0.210509 11.4726 0.00841242 0.412726 0.910816 -4.44345
-0.336803 0.813549 -0.474027 -18.1803 -0.941405 -0.300524 0.153107 9.44164 -0.0178962 0.497819 0.867097 -4.25724
-0.214 0.845293 -0.489576 -18.7973 -0.976569 -0.173469 0.127362 7.17504 0.0227316 0.50536 0.862609 -4.32625
-0.13915 0.889118 -0.436012 -19.2371 -0.987568 -0.0920863 0.127392 4.81316 0.0731161 0.448318 0.890879 -4.39848
-0.0412861 0.895397 -0.44335 -19.474 -0.988012 0.0294761 0.151537 2.43353 0.148754 0.444291 0.883446 -4.21956
0.0824238 0.914805 -0.395396 -19.4747 -0.987818 0.127538 0.0891583 0.041161 0.13199 0.38323 0.914173 -3.92644
0.224467 0.906441 -0.357741 -19.176 -0.963584 0.261208 0.05724 -2.36126 0.145329 0.331865 0.932065 -3.78359
0.370565 0.862671 -0.344208 -18.6235 -0.910618 0.41042 0.048269 -4.59657 0.182911 0.295556 0.937652 -3.52319
0.416342 0.858822 -0.29847 -17.5788 -0.900099 0.435681 -0.00193194 -6.87949 0.128378 0.269457 0.954417 -3.26092
0.577801 0.758199 -0.302126 -16.6164 -0.805808 0.588756 -0.063557 -8.96005 0.12969 0.280179 0.951147 -3.05423
0.652601 0.700374 -0.289116 -15.1143 -0.752008 0.64538 -0.134043 -11.0075 0.0927099 0.304895 0.947863 -2.73289
0.734033 0.606763 -0.305016 -13.468 -0.664233 0.734967 -0.136447 -12.7855 0.141385 0.302759 0.942522 -2.55691
0.819839 0.514974 -0.250331 -11.6173 -0.561111 0.809669 -0.172021 -14.4565 0.114099 0.281493 0.952756 -2.17597
0.888953 0.413487 -0.196953 -9.5826 -0.449464 0.870235 -0.201677 -15.6796 0.0880042 0.267804 0.959446 -2.12976
0.943268 0.277693 -0.18202 -7.32583 -0.318465 0.911767 -0.259347 -16.7111 0.0939409 0.3026 0.948477 -1.94294
0.962814 0.237003 -0.129685 -4.97072 -0.264511 0.924644 -0.273984 -17.4174 0.0549768 0.298099 0.95295 -1.85934
0.996685 0.0681455 -0.0444351 -2.55238 -0.0803054 0.911497 -0.403392 -18.0919 0.0130131 0.405623 0.913948 -1.75847
0.998494 -0.0547641 -0.00327423 -0.161249 0.0492821 0.921566 -0.385081 -18.2118 0.024106 0.384339 0.922877 -1.63746
0.986772 -0.153903 0.0509423 2.55304 0.162103 0.932899 -0.321594 -17.9511 0.00197028 0.325598 0.945506 -1.73994
0.97595 -0.201485 0.0832232 4.99363 0.217057 0.933543 -0.285278 -17.3976 -0.0202131 0.296481 0.954825 -1.70453
0.918968 -0.37188 0.131159 7.49581 0.391307 0.901115 -0.186738 -16.6754 -0.0487448 0.22293 0.973615 -1.82982
0.83949 -0.501354 0.209524 9.68822 0.538892 0.817609 -0.202759 -15.5805 -0.0696547 0.283125 0.95655 -1.98702
0.771658 -0.592269 0.231865 11.6666 0.632407 0.753347 -0.180357 -14.1689 -0.0678551 0.285807 0.955882 -2.35156
0.718123 -0.631758 0.291859 13.6913 0.690879 0.697566 -0.189967 -12.5731 -0.0835774 0.338059 0.937406 -2.53576
0.588441 -0.724241 0.359461 15.5057 0.802669 0.57674 -0.151964 -10.7917 -0.0972572 0.37795 0.920704 -2.93709
0.514914 -0.76524 0.386356 16.909 0.843436 0.53281 -0.0687686 -8.63327 -0.15323 0.361277 0.919782 -3.24387
0.425333 -0.792348 0.437353 18.0693 0.894142 0.442648 -0.0676254 -6.33636 -0.140011 0.419819 0.896744 -3.76585
0.305896 -0.851755 0.425373 18.9953 0.951253 0.291878 -0.0996201 -3.90873 -0.0393051 0.435111 0.899519 -4.09407
0.19335 -0.872295 0.449129 19.6138 0.979062 0.201243 -0.0306324 -1.40047 -0.0636637 0.445648 0.892942 -4.17708
0.0288501 -0.882141 0.4701 20.1885 0.997994 0.0519327 0.0362046 1.04162 -0.0563511 0.468113 0.88187 -4.3893
-0.213617 -0.857167 0.468649 20.0509 0.960749 -0.0974121 0.259755 3.50583 -0.177002 0.505742 0.844331 -4.56179
-0.35588 -0.854327 0.378781 19.4339 0.899679 -0.203544 0.386197 5.92273 -0.25284 0.47822 0.841057 -5.0719
-0.352165 -0.831778 0.429098 18.3554 0.915005 -0.209552 0.344751 8.36552 -0.196838 0.514036 0.834878 -5.7564
-0.511118 -0.779726 0.361643 17.447 0.84332 -0.373657 0.386253 10.7226 -0.166042 0.502401 0.848542 -6.18363
-0.580464 -0.749287 0.318795 16.0741 0.802723 -0.460804 0.378543 12.834 -0.136735 0.475635 0.86895 -6.71886
-0.734912 -0.608449 0.29949 14.5599 0.67677 -0.629721 0.381358 14.8791 -0.0434414 0.48295 0.87457 -7.02397
-0.762251 -0.586967 0.272843 12.7307 0.647018 -0.678916 0.347046 16.6359 -0.0184674 0.441071 0.897282 -7.0951
-0.83571 -0.468983 0.285733 10.7748 0.547734 -0.749428 0.371947 18.291 0.0396994 0.467346 0.883183 -7.32969
-0.876691 -0.386612 0.286258 8.5272 0.473353 -0.799344 0.370116 19.6551 0.085727 0.459979 0.883782 -7.23934
-0.920294 -0.332986 0.205375 6.20265 0.382535 -0.87593 0.293962 20.9558 0.082009 0.349094 0.933492 -7.05915
-0.970612 -0.232346 0.0626739 3.8523 0.240104 -0.917458 0.317207 21.8815 -0.0162009 0.322933 0.946283 -6.90651
-0.997225 -0.0673187 0.0318024 1.23092 0.0744349 -0.910786 0.406114 22.3659 0.00162616 0.407354 0.913269 -6.82207
-0.99898 0.0451202 -0.00177013 -1.50326 -0.0410186 -0.890384 0.453359 22.443 0.0188795 0.452969 0.891326 -6.89894
-0.994128 0.107607 0.01141 -4.22627 -0.0876844 -0.862858 0.497783 22.1919 0.06341 0.493859 0.867227 -6.8818
-0.978999 0.197413 -0.0508906 -6.73358 -0.194484 -0.829516 0.523525 21.8954 0.061136 0.522428 0.850489 -6.61982
-0.942962 0.318013 -0.098442 -9.31697 -0.319521 -0.781591 0.535744 21.1572 0.0934323 0.53664 0.838622 -6.39343
-0.890975 0.417627 -0.17819 -11.5939 -0.447558 -0.741639 0.499664 20.0938 0.0765205 0.524938 0.847694 -6.07154
-0.815466 0.518881 -0.256472 -13.8632 -0.575207 -0.677162 0.4589 18.7821 0.0644413 0.521741 0.850666 -5.80252
-0.6959 0.615442 -0.370074 -15.9124 -0.718087 -0.590132 0.368911 17.0996 0.00865094 0.52247 0.852614 -5.56452
-0.563286 0.731128 -0.384916 -17.7589 -0.825798 -0.513754 0.232624 15.0761 -0.027674 0.448897 0.893155 -5.68377
-0.432768 0.811421 -0.392819 -19.2573 -0.901499 -0.391119 0.18527 12.788 -0.00330673 0.434305 0.90076 -5.76469
-0.371886 0.811895 -0.450031 -20.3861 -0.928051 -0.335903 0.160902 10.332 -0.0205311 0.477489 0.878398 -5.7915
-0.20656 0.835226 -0.509638 -21.2782 -0.978428 -0.174429 0.110698 7.77142 0.00356149 0.52151 0.853238 -5.87833
-0.166811 0.86465 -0.473871 -21.7993 -0.981108 -0.0977954 0.166925 4.9166 0.097989 0.492764 0.864628 -5.81037
-0.0513648 0.879295 -0.473499 -22.1584 -0.992597 0.0073022 0.121236 2.29177 0.11006 0.476221 0.872411 -5.57604
0.0570418 0.887977 -0.456336 -22.1586 -0.992313 0.100707 0.0719256 -0.322033 0.109825 0.448725 0.886896 -5.24043
0.216523 0.878446 -0.425971 -21.8729 -0.964624 0.259713 0.0452623 -3.14525 0.150391 0.401101 0.903604 -4.83116
0.266998 0.865943 -0.422911 -21.2184 -0.951224 0.307186 0.0284458 -5.86957 0.154545 0.394689 0.905724 -4.44166
0.404734 0.837349 -0.367473 -20.2984 -0.903042 0.429233 -0.0165288 -8.36372 0.143891 0.338533 0.929887 -4.14707
0.553813 0.739481 -0.3827 -19.023 -0.823807 0.553407 -0.122814 -10.7266 0.12097 0.383287 0.915673 -3.90415
0.670769 0.654653 -0.348566 -17.4025 -0.74102 0.611175 -0.278127 -12.9096 0.0309579 0.444854 0.895068 -3.59709
0.686145 0.637658 -0.350138 -15.3261 -0.722979 0.651098 -0.231024 -14.9568 0.0806602 0.411659 0.907762 -3.64363
0.809492 0.502122 -0.304296 -13.2284 -0.578919 0.768988 -0.27113 -16.8633 0.0978597 0.39564 0.913177 -3.19638
0.898603 0.398859 -0.182824 -10.8595 -0.437721 0.843643 -0.310913 -18.3102 0.0302271 0.359413 0.932689 -3.00151
0.942505 0.298374 -0.15052 -8.31778 -0.333819 0.861803 -0.381918 -19.4294 0.0157644 0.410206 0.911857 -3.04752
0.980075 0.178046 -0.0880502 -5.65669 -0.198248 0.904242 -0.378212 -20.2609 0.0122795 0.388132 0.921522 -2.99076
0.993866 0.107564 -0.0257075 -2.67013 -0.108447 0.902309 -0.417226 -20.7386 -0.0216824 0.417455 0.908439 -2.86241
0.99759 -0.0683444 -0.011979 0.0769801 0.0560608 0.895632 -0.441249 -20.9351 0.0408857 0.439514 0.897305 -2.91909
0.986687 -0.162474 0.00714283 2.95525 0.153706 0.91729 -0.367359 -20.7294 0.0531344 0.363566 0.930052 -2.84357
0.968646 -0.237984 0.0713374 5.83469 0.248439 0.929995 -0.270902 -20.2963 -0.00187302 0.280131 0.95996 -2.66551
0.913933 -0.362922 0.181697 8.54267 0.398774 0.886273 -0.235584 -19.4689 -0.0755343 0.287764 0.954718 -2.63244
0.822449 -0.452119 0.345205 11.1357 0.53933 0.812699 -0.220551 -18.1934 -0.180833 0.367571 0.912245 -2.67999
0.769081 -0.533182 0.352466 13.5005 0.619065 0.75857 -0.203298 -16.425 -0.158975 0.374552 0.913476 -3.41607
0.690471 -0.599914 0.404168 15.6701 0.718743 0.632013 -0.289774 -14.7026 -0.0816003 0.490573 0.867571 -3.73994
0.633923 -0.663507 0.397367 17.6105 0.767176 0.604511 -0.214493 -12.5975 -0.0978948 0.440822 0.89224 -4.11023
0.473135 -0.78532 0.399268 19.2843 0.874246 0.474495 -0.102704 -10.1658 -0.108795 0.397652 0.911064 -4.60143
0.429315 -0.781618 0.452507 20.5536 0.895739 0.432566 -0.102657 -7.547 -0.115501 0.449401 0.885832 -4.98378
0.27488 -0.858762 0.432399 21.5207 0.954732 0.296973 -0.0171311 -4.83888 -0.113699 0.417534 0.90152 -5.3356
0.146835 -0.857145 0.493702 22.4001 0.984164 0.1767 0.0140733 -2.09577 -0.0993001 0.483817 0.869517 -5.63263
0.0158099 -0.846324 0.532434 22.7628 0.9947 0.0674186 0.0776282 0.813311 -0.101595 0.528385 0.842905 -5.89533
-0.136009 -0.86279 0.486924 22.6037 0.9694 -0.0145139 0.245058 3.73842 -0.204366 0.505354 0.838363 -6.15923
-0.330588 -0.810018 0.484337 22.1302 0.92822 -0.186269 0.322043 6.33337 -0.170643 0.556035 0.813453 -6.79402
-0.391544 -0.790102 0.471626 21.0781 0.913636 -0.272896 0.301325 9.06561 -0.109373 0.548877 0.828717 -7.45563
-0.455765 -0.806397 0.376832 19.7122 0.87978 -0.343838 0.328272 11.7396 -0.135148 0.481144 0.866161 -7.82661
-0.577453 -0.733824 0.35784 18.3448 0.808007 -0.450905 0.379223 14.2942 -0.116931 0.508121 0.853311 -8.25126
-0.687483 -0.640425 0.342378 16.458 0.72164 -0.549718 0.420768 16.6668 -0.081259 0.536345 0.840078 -8.42266
-0.756258 -0.581595 0.299701 14.4562 0.653233 -0.645366 0.395967 18.7909 -0.0368756 0.495228 0.86798 -8.71199
-0.817639 -0.501499 0.282779 12.2993 0.575487 -0.697639 0.426748 20.5104 -0.0167363 0.511662 0.859024 -8.66006
-0.854197 -0.38743 0.346764 9.7788 0.51143 -0.746293 0.426012 22.1575 0.093738 0.541244 0.835624 -8.69243
-0.890788 -0.305424 0.33647 7.16195 0.42819 -0.812076 0.396466 23.6117 0.152149 0.49724 0.854168 -8.2539
-0.981524 -0.174345 0.0788261 4.46304 0.191296 -0.902672 0.385473 24.64 0.00394884 0.39343 0.919346 -8.02243
-0.99917 -0.0406801 -0.0020319 1.38813 0.0337851 -0.855617 0.516506 25.1335 -0.02275 0.516008 0.856281 -8.11198
-0.999691 0.0091244 -0.0231171 -1.6218 -0.0193708 -0.868812 0.494762 25.0997 -0.01557 0.495057 0.868721 -8.26574
-0.992201 0.120999 -0.0299385 -4.45663 -0.119225 -0.85119 0.511137 24.9027 0.0363635 0.51072 0.858978 -8.38749
-0.956412 0.281493 -0.077702 -7.4296 -0.279394 -0.804674 0.523869 24.4668 0.084941 0.522744 0.848247 -8.31774
-0.907319 0.401006 -0.126357 -10.2174 -0.404809 -0.752006 0.520209 23.551 0.113586 0.523146 0.84464 -8.04205
-0.853461 0.487832 -0.18337 -12.9391 -0.510191 -0.71028 0.484983 22.4637 0.106346 0.507467 0.855083 -7.75629
-0.772004 0.569996 -0.281273 -15.5092 -0.629699 -0.625605 0.460541 20.8956 0.0865411 0.532657 0.841895 -7.44953
-0.666051 0.630959 -0.397828 -17.8542 -0.745796 -0.55415 0.369738 18.902 0.012833 0.542962 0.839659 -7.22668
-0.573056 0.690016 -0.442136 -19.9002 -0.819447 -0.489463 0.298216 16.6009 -0.0106355 0.533202 0.845921 -7.11188
-0.442479 0.748009 -0.494666 -21.6116 -0.896306 -0.386779 0.21688 14.0276 -0.0290978 0.539338 0.841587 -7.18682
-0.377081 0.791963 -0.480212 -22.8794 -0.926024 -0.312862 0.211179 11.2742 0.0170055 0.52432 0.851352 -7.32681
-0.211642 0.811834 -0.544181 -23.8365 -0.976302 -0.149862 0.15613 8.37877 0.0451994 0.564329 0.824312 -7.47728
-0.155872 0.851584 -0.500509 -24.3162 -0.984974 -0.0958527 0.14366 5.26695 0.0743634 0.515381 0.853729 -7.3597
-0.0740055 0.845075 -0.529501 -24.723 -0.993252 -0.0149187 0.115012 2.20604 0.0892939 0.534439 0.840477 -7.17617
0.040036 0.819842 -0.571189 -24.901 -0.980791 0.141465 0.134302 -0.753458 0.19091 0.55484 0.809757 -6.89268
0.178724 0.81687 -0.548435 -24.5527 -0.959819 0.267317 0.0853719 -3.82977 0.216344 0.51114 0.831824 -6.24648
0.328982 0.811386 -0.483138 -23.916 -0.932426 0.360099 -0.030162 -6.74205 0.149505 0.460414 0.875024 -5.76096
0.439116 0.813026 -0.382317 -22.7678 -0.891164 0.448171 -0.0704922 -9.72135 0.114031 0.371661 0.921339 -5.33707
0.56312 0.729948 -0.387391 -21.2095 -0.823254 0.536238 -0.186284 -12.4088 0.0717562 0.423821 0.902899 -5.17718
0.660762 0.643167 -0.386951 -19.3617 -0.749563 0.59244 -0.295244 -14.7671 0.039354 0.48513 0.873556 -5.0648
0.703451 0.587494 -0.400008 -17.0941 -0.705832 0.643499 -0.29616 -17.0204 0.0834121 0.490673 0.867342 -4.89407
0.811442 0.47498 -0.340523 -14.6692 -0.577928 0.738827 -0.346603 -19.2479 0.0869584 0.478046 0.87402 -4.54984
0.900371 0.374669 -0.221258 -12.0888 -0.43496 0.788922 -0.434065 -20.8665 0.0119248 0.487058 0.873288 -4.30373
0.949621 0.28926 -0.120618 -9.24018 -0.312117 0.838082 -0.447439 -22.0092 -0.0283386 0.462544 0.886143 -4.38961
0.981473 0.169103 -0.0900816 -6.11002 -0.191508 0.880351 -0.433943 -23 0.00592247 0.443155 0.896425 -4.39128
0.99341 0.0538038 -0.101205 -2.98866 -0.0938425 0.888771 -0.448642 -23.4932 0.0658094 0.455183 0.887963 -4.2754
0.994811 0.00397695 -0.10166 0.264876 -0.0499875 0.889411 -0.454367 -23.6574 0.0886108 0.457091 0.884995 -4.14754
0.981595 -0.187622 -0.0356203 3.43853 0.149368 0.870491 -0.468971 -23.682 0.118997 0.455019 0.882495 -3.96114
0.974986 -0.214272 0.0590723 6.60485 0.220828 0.903662 -0.366919 -23.1462 0.0252388 0.370785 0.928376 -3.74597
0.902784 -0.377048 0.206921 9.57945 0.427674 0.837959 -0.338998 -22.1959 -0.0455726 0.394536 0.91775 -3.76125
0.806834 -0.470712 0.357002 12.4805 0.576822 0.758245 -0.303876 -20.7863 -0.127657 0.451104 0.883294 -3.99089
0.78945 -0.507605 0.345117 15.0373 0.607607 0.726008 -0.322066 -18.8429 -0.0870757 0.463951 0.881571 -4.55443
0.687797 -0.613785 0.387562 17.4314 0.721434 0.637137 -0.271273 -16.7603 -0.0804272 0.466181 0.881026 -5.08433
0.596352 -0.648824 0.472644 19.637 0.784338 0.596274 -0.171089 -14.3588 -0.170819 0.472742 0.864486 -5.51497
0.467114 -0.728027 0.501778 21.6189 0.877428 0.451754 -0.161365 -11.6904 -0.109202 0.51565 0.849812 -6.04893
0.414534 -0.772946 0.480329 22.9756 0.899423 0.428349 -0.0869213 -8.78758 -0.138563 0.468051 0.872771 -6.35991
0.28665 -0.817541 0.499459 24.2082 0.948293 0.316287 -0.0265301 -5.78677 -0.136283 0.481238 0.865931 -6.71642
0.147686 -0.812612 0.563783 24.8554 0.981705 0.18971 0.0162771 -2.76511 -0.120182 0.551064 0.825763 -7.10021
0.0204312 -0.794566 0.606834 25.3359 0.998496 0.0471002 0.0280535 0.487511 -0.0508723 0.605348 0.794334 -7.56189
-0.174306 -0.749508 0.638636 25.2592 0.961529 0.0102908 0.274511 3.81428 -0.212321 0.661916 0.71888 -7.87698
-0.313508 -0.764237 0.563608 24.5304 0.929382 -0.125165 0.34725 6.8365 -0.194837 0.632673 0.749509 -8.55843
-0.378913 -0.777917 0.501268 23.4613 0.914354 -0.231139 0.332464 9.87233 -0.142767 0.584312 0.798873 -9.10675
-0.471491 -0.733023 0.490279 22.2224 0.877746 -0.336363 0.341207 12.72 -0.085201 0.591216 0.802 -9.58851
-0.57815 -0.706657 0.407896 20.495 0.814931 -0.475375 0.331519 15.616 -0.0403667 0.524075 0.850715 -9.87606
-0.651831 -0.672097 0.351286 18.5148 0.755404 -0.534543 0.378984 18.2733 -0.0669362 0.512396 0.856136 -10.0192
-0.757251 -0.576168 0.307575 16.2941 0.650711 -0.625108 0.431063 20.6331 -0.0560973 0.526565 0.848282 -10.2684
-0.823705 -0.473748 0.311565 13.7527 0.566955 -0.69636 0.440052 22.5897 0.0084874 0.539116 0.842189 -10.367
-0.839949 -0.349855 0.414834 11.0114 0.527197 -0.707294 0.470954 24.4451 0.128644 0.614277 0.778534 -10.4504
-0.869794 -0.273806 0.410473 8.16118 0.470329 -0.711568 0.521978 26.0938 0.149158 0.647071 0.747697 -9.89508
-0.988695 -0.136702 0.0616024 5.13361 0.139847 -0.692522 0.707712 27.4311 -0.054085 0.708326 0.70381 -9.46114
-0.999812 -0.0158453 -0.0111741 1.60216 0.00407813 -0.735276 0.677755 27.8052 -0.0189552 0.677582 0.735203 -9.79214
-0.996314 0.0423253 -0.0746148 -1.76226 -0.0775881 -0.815629 0.573349 27.6253 -0.0365908 0.577025 0.815907 -9.87934
-0.987617 0.156774 -0.00588466 -5.00792 -0.132739 -0.815041 0.563993 27.3685 0.083623 0.55779 0.825758 -9.98349
-0.961944 0.268508 -0.0506744 -8.29945 -0.255855 -0.819978 0.512029 26.8875 0.0959322 0.505508 0.857472 -9.89984
-0.924017 0.36884 -0.100743 -11.4002 -0.364383 -0.769656 0.524265 25.8506 0.115833 0.521139 0.845575 -9.72867
-0.873193 0.460634 -0.15922 -14.4284 -0.470653 -0.712128 0.520922 24.3801 0.12657 0.529802 0.838624 -9.51854
-0.800041 0.5408 -0.259748 -17.3082 -0.594725 -0.65791 0.462013 22.7966 0.0789659 0.524108 0.847983 -9.27938
-0.685934 0.638456 -0.349097 -19.8887 -0.725645 -0.564463 0.393472 20.677 0.0541623 0.523216 0.850477 -9.03887
-0.611294 0.649143 -0.452695 -22.096 -0.790942 -0.520646 0.321463 18.0276 -0.0270182 0.554564 0.831703 -8.9566
-0.476105 0.738196 -0.477903 -23.9819 -0.878582 -0.422561 0.222564 15.2446 -0.0376474 0.525841 0.849749 -9.02019
-0.363106 0.78808 -0.497075 -25.3042 -0.930784 -0.331058 0.155052 12.0639 -0.0423677 0.51897 0.853742 -9.13457
-0.223142 0.786568 -0.575777 -26.3712 -0.974459 -0.164692 0.152665 8.81906 0.0252554 0.595136 0.803228 -9.22615
-0.142805 0.810924 -0.567458 -26.8997 -0.985812 -0.0654379 0.154574 5.55268 0.0882143 0.581481 0.808763 -9.22087
-0.0763385 0.795322 -0.601361 -27.2802 -0.990223 0.0101487 0.139124 2.0238 0.116751 0.606102 0.786772 -8.78517
0.0186715 0.787664 -0.615822 -27.3516 -0.984144 0.123138 0.12766 -1.26585 0.176385 0.603674 0.777475 -8.47915
0.157912 0.793298 -0.587998 -27.0153 -0.965395 0.249188 0.0769254 -4.6757 0.207547 0.555503 0.805196 -7.90992
0.29321 0.768493 -0.568723 -26.4697 -0.922932 0.382737 0.0413521 -7.86314 0.24945 0.512768 0.821489 -7.37174
0.496769 0.775586 -0.38947 -25.2093 -0.865796 0.473974 -0.160456 -11.0983 0.0601516 0.416911 0.906955 -6.59426
0.606025 0.692638 -0.391134 -23.5178 -0.795332 0.535946 -0.283212 -14.0727 0.0134633 0.482715 0.875674 -6.51375
0.687647 0.546086 -0.478468 -21.4107 -0.716383 0.617478 -0.324833 -16.5989 0.118057 0.566137 0.815814 -6.53175
0.702563 0.545727 -0.456713 -18.841 -0.699254 0.648548 -0.300714 -19.0707 0.132093 0.530629 0.837248 -6.45194
0.819728 0.504029 -0.272031 -16.1462 -0.572417 0.737198 -0.358995 -21.5138 0.0195964 0.449994 0.892817 -5.98253
0.913132 0.320472 -0.251967 -13.3233 -0.405528 0.77725 -0.481072 -23.327 0.0416712 0.541462 0.839692 -5.97868
0.95382 0.255636 -0.157726 -10.0677 -0.300353 0.818456 -0.489815 -24.6309 0.00387778 0.514569 0.85744 -5.80754
0.97255 0.191539 -0.132137 -6.65298 -0.232255 0.83395 -0.500585 -25.6498 0.0143144 0.517534 0.855543 -5.81613
0.992047 0.0706561 -0.104167 -3.29574 -0.11406 0.854614 -0.506582 -26.2869 0.0532294 0.514434 0.855876 -5.739
0.996996 -0.0114334 -0.0766051 0.219025 -0.0260513 0.88192 -0.470678 -26.4222 0.0729411 0.47126 0.878973 -5.60003
0.988871 -0.147079 0.0224223 3.82618 0.140868 0.877111 -0.459165 -26.3899 0.0478666 0.457213 0.888068 -5.40075
0.965893 -0.247464 0.0762417 7.21185 0.257941 0.893627 -0.367283 -25.8037 0.0227578 0.374422 0.926979 -5.03639
0.89546 -0.375983 0.238303 10.7035 0.440066 0.828328 -0.346719 -24.6719 -0.0670324 0.415342 0.907192 -5.02279
0.828591 -0.399434 0.392288 13.8446 0.541002 0.751562 -0.377453 -23.0685 -0.144061 0.524983 0.838832 -5.31117
0.746967 -0.488756 0.45073 16.5538 0.639472 0.7137 -0.285846 -21.0247 -0.181977 0.501747 0.845656 -5.91296
0.73455 -0.509055 0.448664 19.2067 0.664893 0.671982 -0.326125 -18.6242 -0.135479 0.537869 0.832072 -6.55474
0.620183 -0.582437 0.52549 21.6291 0.770691 0.577332 -0.269672 -16.1987 -0.146315 0.572237 0.80693 -7.03533
0.500766 -0.663823 0.555493 23.6568 0.853443 0.48576 -0.188872 -13.0834 -0.144459 0.568662 0.809787 -7.73713
0.411879 -0.729347 0.546268 25.245 0.908659 0.373806 -0.186031 -9.99673 -0.0685171 0.572994 0.81669 -8.12725
0.26235 -0.787398 0.557832 26.7089 0.953637 0.299903 -0.0251763 -6.74876 -0.147472 0.538575 0.829572 -8.24127
0.15845 -0.775478 0.611169 27.4078 0.976218 0.215799 0.0207235 -3.27197 -0.14796 0.593351 0.791229 -8.98413
-0.00194039 -0.753564 0.657371 27.6814 0.984269 0.114696 0.134384 0.229996 -0.176665 0.647291 0.741487 -9.47404
-0.10092 -0.725686 0.680584 27.4193 0.985469 0.0210239 0.168547 3.71793 -0.136621 0.687704 0.71302 -10.1284
-0.238152 -0.725138 0.64611 26.8489 0.97033 -0.149042 0.190387 7.20064 -0.0417593 0.672281 0.739118 -10.6313
-0.347047 -0.700228 0.62389 25.7447 0.934919 -0.205781 0.289102 10.4861 -0.0740521 0.683619 0.726073 -10.9028
-0.442271 -0.683605 0.580586 24.2928 0.896688 -0.323583 0.302067 13.7677 -0.0186263 0.6542 0.756092 -11.2686
-0.547406 -0.729454 0.410174 22.5628 0.835464 -0.447976 0.318304 16.964 -0.0484405 0.516927 0.854658 -11.5151
-0.622624 -0.669779 0.404643 20.4808 0.778456 -0.477507 0.407423 19.8657 -0.079663 0.568668 0.818701 -11.6417
-0.81226 -0.494511 0.309342 18.1376 0.577004 -0.603512 0.550309 22.511 -0.0854427 0.625485 0.775543 -11.9249
-0.837373 -0.445592 0.316629 15.2495 0.545498 -0.64389 0.536505 24.5701 -0.0351876 0.621975 0.782246 -12.2768
-0.868054 -0.317669 0.381535 12.1405 0.490362 -0.668772 0.558829 26.5652 0.0776371 0.672184 0.736303 -12.3089
-0.904258 -0.258356 0.339955 8.79575 0.419899 -0.682518 0.59821 28.1725 0.0774742 0.683683 0.725656 -12.071
-0.971712 -0.172483 0.161324 5.48143 0.236163 -0.7049 0.668837 29.4574 -0.00164596 0.688015 0.725694 -11.7532
-0.999156 -0.0341337 0.0228624 1.90097 0.0405445 -0.729477 0.682802 30.1203 -0.006629 0.683153 0.730246 -11.9241
-0.999017 0.0441561 0.00394126 -1.79769 -0.0319584 -0.778949 0.626272 30.0698 0.0307238 0.625531 0.779594 -11.9126
-0.985155 0.168495 -0.0328508 -5.49805 -0.157002 -0.806945 0.569378 29.8411 0.0694287 0.566083 0.82142 -11.8145
-0.962812 0.258475 -0.0786364 -9.02922 -0.261162 -0.815862 0.51591 29.3479 0.0691936 0.517261 0.853026 -11.6438
-0.92362 0.352161 -0.151359 -12.5489 -0.380046 -0.78991 0.481256 28.2061 0.0499192 0.502021 0.863413 -11.3826
-0.88087 0.436204 -0.18383 -15.8352 -0.453547 -0.666587 0.591572 26.6067 0.135507 0.604473 0.785016 -11.2933
-0.837118 0.4975 -0.227435 -18.9766 -0.532756 -0.647148 0.545316 24.5918 0.124111 0.577662 0.806786 -10.9559
-0.673612 0.633453 -0.380768 -21.8616 -0.737476 -0.542093 0.402821 22.411 0.0487566 0.552152 0.832317 -10.5797
-0.578631 0.639073 -0.506727 -24.1462 -0.815589 -0.454445 0.358183 19.6115 -0.00137482 0.620536 0.784176 -10.6528
-0.421132 0.703374 -0.572636 -26.2597 -0.906735 -0.341733 0.247084 16.4516 -0.0218958 0.623284 0.781689 -10.6655
-0.343809 0.773336 -0.532679 -27.5312 -0.938726 -0.297708 0.173677 12.9544 -0.0242726 0.559751 0.828305 -10.7252
-0.239487 0.767257 -0.594947 -28.6103 -0.970024 -0.215102 0.113069 9.39238 -0.0412213 0.604192 0.795772 -11.0114
-0.154419 0.766875 -0.622942 -29.2423 -0.986158 -0.08109 0.144629 5.80752 0.0603981 0.636653 0.768782 -11.0768
-0.105998 0.747443 -0.655815 -29.52 -0.988644 -0.00856476 0.150032 2.02571 0.106523 0.66427 0.739863 -10.7447
0.0355083 0.731582 -0.680828 -29.6966 -0.98695 0.13274 0.0911618 -1.61418 0.157066 0.668706 0.726748 -10.326
0.112366 0.719144 -0.685716 -29.3024 -0.969313 0.231177 0.083608 -5.34202 0.218648 0.655278 0.723051 -9.67282
0.247634 0.639553 -0.727771 -28.8268 -0.943904 0.328628 -0.0323827 -8.94877 0.218456 0.694965 0.685056 -8.86397
0.522783 0.600058 -0.605498 -27.6479 -0.852307 0.38165 -0.357655 -12.5024 0.0164745 0.703046 0.710954 -8.08364
0.615055 0.581331 -0.532692 -25.5209 -0.788475 0.4567 -0.411986 -15.5918 0.00378071 0.673409 0.739261 -8.06976
0.667945 0.536355 -0.51592 -23.0372 -0.741154 0.542176 -0.395898 -18.5457 0.0673777 0.646814 0.759665 -8.29926
0.694052 0.420997 -0.583998 -20.4054 -0.680083 0.649522 -0.340012 -21.1624 0.236176 0.633153 0.737115 -8.14006
0.829672 0.425745 -0.361088 -17.665 -0.558122 0.618719 -0.552889 -23.6913 -0.0119773 0.660248 0.750952 -7.43775
0.89992 0.331497 -0.283291 -14.3168 -0.435976 0.696421 -0.57002 -25.5756 0.00832964 0.636481 0.771248 -7.52126
0.925881 0.259036 -0.275036 -10.8193 -0.371523 0.756531 -0.538175 -27.0826 0.0686667 0.600468 0.796695 -7.44883
0.97469 0.162109 -0.153949 -7.26151 -0.220199 0.815125 -0.535802 -28.1792 0.0386292 0.55614 0.83019 -7.34975
0.992247 0.0533285 -0.11226 -3.44388 -0.105804 0.836359 -0.537875 -28.7756 0.0652055 0.545582 0.835517 -7.30031
0.992347 -0.024515 -0.121026 0.363137 -0.0427063 0.851481 -0.522643 -29.059 0.115864 0.523811 0.843918 -7.08124
0.987674 -0.152426 -0.0355783 4.25838 0.112497 0.849324 -0.515746 -29.0029 0.108831 0.505386 0.856003 -6.76552
0.949004 -0.261577 0.175977 8.01108 0.314961 0.811074 -0.492909 -28.5571 -0.0137971 0.523199 0.852099 -6.19316
0.907342 -0.284389 0.309601 11.6446 0.409068 0.767055 -0.494258 -27.2858 -0.0969194 0.575108 0.812316 -6.35042
0.839754 -0.360828 0.40573 15.1038 0.517215 0.758989 -0.395506 -25.3313 -0.165235 0.541978 0.823989 -6.88981
0.764787 -0.478133 0.431844 18.1407 0.630681 0.69258 -0.350107 -23.2057 -0.131689 0.540113 0.831225 -7.57401
0.684569 -0.552989 0.474941 20.8983 0.718389 0.622297 -0.310909 -20.6185 -0.123625 0.554031 0.823266 -8.31112
0.556242 -0.642724 0.526783 23.3571 0.823394 0.51194 -0.244825 -17.8434 -0.112327 0.569932 0.813978 -8.95689
0.530294 -0.615027 0.58355 25.4928 0.837915 0.485073 -0.250207 -14.5734 -0.12918 0.621648 0.772571 -9.48879
0.446891 -0.647869 0.616891 27.4732 0.894446 0.335883 -0.295209 -11.1663 -0.0159467 0.683702 0.729587 -9.87031
0.178255 -0.634068 0.752452 29.1303 0.962259 0.272133 0.0013599 -7.64611 -0.205629 0.723811 0.658646 -10.0327
0.100656 -0.705349 0.701677 29.738 0.979512 0.193899 0.0544024 -3.95753 -0.174427 0.681825 0.710415 -10.9244
-0.0537159 -0.722036 0.689767 30.0058 0.994575 0.0229396 0.101466 -0.0988547 -0.0890849 0.691475 0.716887 -11.6749
-0.130603 -0.719624 0.681971 29.6454 0.984334 -0.0119408 0.175909 3.76765 -0.118445 0.694262 0.70991 -12.2518
-0.234727 -0.715366 0.658144 28.9876 0.968769 -0.116481 0.218903 7.53573 -0.0799349 0.688973 0.720366 -12.8194
-0.351825 -0.670545 0.653138 27.8372 0.934246 -0.208053 0.289652 11.1108 -0.0583374 0.712098 0.699652 -13.1651
-0.376666 -0.611395 0.69593 26.4694 0.924267 -0.298382 0.238114 14.7474 0.0620715 0.732915 0.677483 -13.39
-0.574517 -0.579748 0.577774 24.9027 0.815532 -0.34548 0.464274 18.2675 -0.0695533 0.737926 0.671287 -13.2059
-0.655658 -0.561301 0.505029 22.4745 0.751479 -0.420047 0.508763 21.3472 -0.0734332 0.713093 0.697213 -13.5734
-0.779757 -0.455077 0.429982 19.6597 0.623992 -0.508801 0.59309 24.1525 -0.0511258 0.730771 0.680705 -13.9934
-0.82628 -0.418303 0.377204 16.4741 0.562942 -0.590814 0.577958 26.4872 -0.0189043 0.689899 0.723658 -14.2485
-0.905435 -0.26518 0.331462 13.2089 0.419238 -0.681039 0.600354 28.6109 0.0665362 0.682543 0.72781 -14.3158
-0.917914 -0.246048 0.311278 9.60383 0.394587 -0.64841 0.651049 30.0679 0.0416461 0.720434 0.692272 -14.0421
-0.97828 -0.131205 0.160479 5.951 0.206231 -0.694128 0.689677 31.4891 0.0209038 0.707793 0.70611 -13.8484
-0.996122 -0.0769422 0.0426706 2.02057 0.0857454 -0.740314 0.666771 32.2174 -0.0197133 0.667844 0.74404 -13.9487
-0.997888 0.0304173 0.0573926 -1.94764 0.0122856 -0.779244 0.6266 32.3614 0.0637824 0.625982 0.777225 -13.8836
-0.993856 0.110417 -0.00768154 -5.96612 -0.0992336 -0.858156 0.503707 32.3199 0.0490257 0.501375 0.86384 -13.5942
-0.964959 0.248803 -0.0833765 -9.82912 -0.259444 -0.857068 0.445111 31.7642 0.0392858 0.451145 0.891585 -13.3154
-0.916357 0.368457 -0.156617 -13.5127 -0.395303 -0.770694 0.499766 30.5482 0.0634386 0.519876 0.851883 -13.1839
-0.865171 0.418033 -0.276999 -17.0983 -0.500077 -0.677937 0.538818 28.7332 0.0374561 0.60469 0.795579 -13.0041
-0.819612 0.481973 -0.309739 -20.4426 -0.565592 -0.594498 0.571558 26.6676 0.0913362 0.643642 0.759857 -12.7528
-0.686965 0.501146 -0.526244 -23.6254 -0.724662 -0.526507 0.444585 24.0924 -0.0542693 0.686763 0.724853 -12.3793
-0.542109 0.628806 -0.557423 -26.2716 -0.839963 -0.424498 0.338028 21.0942 -0.024071 0.651463 0.758299 -12.5631
-0.449461 0.663011 -0.598666 -28.4074 -0.893268 -0.339224 0.294955 17.5721 -0.00752375 0.66734 0.744715 -12.6262
-0.295944 0.681764 -0.66904 -29.9637 -0.949444 -0.286762 0.127763 13.783 -0.104752 0.673027 0.732163 -12.6117
-0.210003 0.695049 -0.687609 -30.9902 -0.974898 -0.202073 0.093485 9.89209 -0.0739706 0.689981 0.720038 -12.906
-0.113716 0.706966 -0.698046 -31.5519 -0.991635 -0.0375856 0.123477 5.97168 0.0610579 0.706248 0.705326 -13.0692
-0.0679789 0.683567 -0.726715 -31.7877 -0.989749 0.0454965 0.135379 1.95011 0.125604 0.728468 0.673467 -12.8787
0.0595178 0.66876 -0.741092 -31.9103 -0.979453 0.182433 0.0859667 -1.88406 0.192691 0.720748 0.665877 -12.4304
0.117347 0.653367 -0.747891 -31.351 -0.971298 0.232414 0.0506388 -5.98298 0.206906 0.720483 0.661887 -11.8116
0.310174 0.548854 -0.776242 -30.8065 -0.925652 0.360479 -0.114993 -9.89547 0.216704 0.754197 0.619859 -11.2021
0.528157 0.554633 -0.642987 -29.4493 -0.848891 0.363473 -0.383761 -13.6333 0.0208623 0.748512 0.662793 -10.378
0.627907 0.521 -0.57818 -27.1749 -0.778253 0.427435 -0.460023 -16.9912 0.00746221 0.738822 0.673859 -10.2502
0.707771 0.492611 -0.506355 -24.5863 -0.706437 0.490695 -0.510064 -20.1517 -0.00279694 0.718716 0.695298 -10.0663
0.709391 0.383929 -0.591069 -21.7129 -0.693309 0.531024 -0.487171 -22.9931 0.126833 0.755388 0.642886 -10.1616
0.864793 0.309928 -0.395066 -18.7686 -0.501653 0.567475 -0.652929 -25.7312 0.0218289 0.762835 0.646225 -9.61057
0.885686 0.325171 -0.331397 -15.1625 -0.464171 0.635999 -0.616483 -27.6848 0.0103059 0.699835 0.71423 -9.52184
0.940989 0.213274 -0.262782 -11.6431 -0.333386 0.717789 -0.611255 -29.4365 0.0582575 0.662792 0.746534 -9.42795
0.978173 0.106199 -0.178602 -7.79129 -0.189834 0.80626 -0.560275 -30.5915 0.0844995 0.581951 0.808822 -9.2024
0.989786 0.0721632 -0.122945 -3.60325 -0.130646 0.804284 -0.579705 -31.28 0.057049 0.589847 0.805498 -9.15178
0.995376 -0.00149667 -0.0960426 0.557806 -0.0519715 0.832487 -0.551601 -31.5944 0.0807798 0.554042 0.82856 -8.70506
0.986214 -0.162462 -0.0314238 4.6272 0.107989 0.775784 -0.621689 -31.7404 0.125379 0.609725 0.782634 -8.317
0.950011 -0.168823 0.262636 8.78257 0.299635 0.729386 -0.614992 -31.0817 -0.0877382 0.662944 0.74351 -7.891
0.874844 -0.299549 0.380683 12.5451 0.463252 0.747066 -0.47675 -29.6716 -0.141585 0.593433 0.792332 -8.2221
0.867743 -0.329371 0.372205 16.2001 0.47634 0.764873 -0.433669 -27.5647 -0.141852 0.55361 0.820606 -8.62602
0.754593 -0.483346 0.443808 19.5721 0.648019 0.655321 -0.388104 -25.4179 -0.103249 0.580457 0.807719 -9.28082
0.675754 -0.516476 0.525937 22.5938 0.720274 0.614345 -0.322156 -22.4734 -0.156722 0.596517 0.78715 -10.0283
0.604786 -0.565836 0.560414 25.3308 0.782165 0.554428 -0.284302 -19.4759 -0.149841 0.610278 0.777887 -10.7738
0.503925 -0.6156 0.605884 27.509 0.854133 0.459521 -0.24351 -16.0477 -0.128512 0.640217 0.757369 -11.4225
0.389202 -0.637838 0.664593 29.3758 0.912305 0.366664 -0.182365 -12.2596 -0.127363 0.677289 0.724609 -11.9738
0.258028 -0.643911 0.720278 30.9194 0.95581 0.278848 -0.0931197 -8.4298 -0.140888 0.712477 0.687407 -12.4213
0.142735 -0.651273 0.745299 31.7933 0.975301 0.220795 0.0061559 -4.46487 -0.168568 0.726012 0.666702 -13.0938
-0.0490872 -0.706353 0.706155 32.224 0.988548 0.0666526 0.135389 -0.300645 -0.142699 0.704714 0.694993 -13.8541
-0.104285 -0.667289 0.737462 31.8428 0.98693 0.0221644 0.159618 3.80423 -0.122857 0.744469 0.656256 -14.4035
-0.224992 -0.679373 0.698449 31.1462 0.970215 -0.0901486 0.224849 7.87407 -0.0897921 0.728235 0.67942 -15.1128
-0.339555 -0.595898 0.727742 29.9577 0.940556 -0.20885 0.267837 11.694 -0.00761465 0.775427 0.631391 -15.4626
-0.38583 -0.570348 0.725147 28.3435 0.922188 -0.261045 0.28535 15.6519 0.026547 0.778819 0.626687 -15.5775
-0.578941 -0.485384 0.655156 26.5634 0.814093 -0.299156 0.497753 19.3581 -0.045607 0.821528 0.568341 -15.57
-0.635522 -0.490771 0.596034 23.8878 0.770776 -0.358383 0.52675 22.5068 -0.0449052 0.794169 0.606035 -15.7705
-0.751613 -0.42898 0.501052 20.9017 0.659074 -0.45798 0.596553 25.6547 -0.0264379 0.778608 0.626953 -16.1198
-0.821995 -0.389797 0.415189 17.5946 0.568424 -0.516883 0.640098 28.3308 -0.0349045 0.762161 0.646446 -16.3103
-0.882886 -0.271604 0.383072 14.064 0.46641 -0.601935 0.648179 30.4675 0.0545365 0.750936 0.658119 -16.4682
-0.926996 -0.17468 0.331913 10.2581 0.363734 -0.634615 0.681881 32.1782 0.0915257 0.752829 0.651822 -16.3369
-0.965908 -0.121736 0.228477 6.29209 0.250185 -0.665806 0.702929 33.5567 0.0665497 0.736127 0.673564 -16.0802
-0.991897 -0.0368211 0.121595 2.41782 0.109607 -0.73198 0.672452 34.3475 0.0642444 0.680331 0.730084 -15.9629
-0.983922 0.0127597 0.17814 -1.88053 0.100462 -0.785137 0.61112 34.664 0.147662 0.619191 0.771232 -15.7472
-0.987331 0.154598 0.0357385 -6.30108 -0.106517 -0.812695 0.572871 34.945 0.117609 0.561807 0.818866 -15.2354
-0.970858 0.212571 -0.110673 -10.344 -0.238299 -0.807185 0.540061 34.2626 0.0254673 0.550695 0.834318 -14.7896
-0.902196 0.36469 -0.230314 -14.5724 -0.430193 -0.722108 0.541751 32.9399 0.0312597 0.587845 0.80837 -14.8525
-0.837042 0.434527 -0.332485 -18.4992 -0.546268 -0.629438 0.55263 30.8678 0.0308539 0.644201 0.764234 -14.8142
-0.768595 0.502321 -0.396151 -21.9231 -0.636924 -0.542854 0.547391 28.2863 0.0599137 0.67304 0.737175 -14.82
-0.70143 0.479095 -0.527696 -25.0693 -0.710796 -0.524829 0.46832 25.5761 -0.0525804 0.703578 0.70867 -14.6918
-0.56733 0.585542 -0.579031 -28.0654 -0.823342 -0.389981 0.412338 22.1767 0.0156302 0.710673 0.703349 -14.8739
-0.469549 0.605575 -0.642498 -30.2712 -0.882288 -0.349059 0.315793 18.524 -0.0330334 0.715148 0.698192 -14.7211
-0.317049 0.643706 -0.696508 -31.9807 -0.947981 -0.237149 0.212348 14.6072 -0.0284867 0.727601 0.685409 -14.8417
-0.205831 0.642641 -0.738002 -33.0063 -0.977586 -0.169134 0.125373 10.4782 -0.0442519 0.747266 0.66305 -15.0154
-0.123128 0.641513 -0.757166 -33.5987 -0.991929 -0.0562844 0.113617 6.20922 0.0302699 0.765044 0.643266 -15.2547
-0.0651313 0.636938 -0.768159 -33.8732 -0.996905 -0.00756212 0.0782561 1.79384 0.0440354 0.770878 0.635459 -15.0997
0.143326 0.605679 -0.782694 -34.0497 -0.973578 0.22835 -0.00157508 -2.57243 0.177774 0.76224 0.622404 -14.8485
0.192532 0.580989 -0.790812 -33.2284 -0.968727 0.241077 -0.0587342 -6.68045 0.156522 0.777389 0.609235 -14.1509
0.38157 0.530142 -0.757201 -32.3888 -0.910096 0.358726 -0.207461 -10.867 0.161644 0.768287 0.619359 -13.4703
0.448766 0.546561 -0.707022 -30.7434 -0.892084 0.320802 -0.318235 -14.6749 0.0528794 0.773536 0.631543 -12.8226
0.56968 0.507564 -0.646408 -28.6275 -0.821419 0.377579 -0.42744 -18.1876 0.0271168 0.774476 0.632022 -12.6092
0.59541 0.516968 -0.615005 -25.8627 -0.803321 0.37092 -0.465934 -21.54 -0.0127555 0.771468 0.63614 -12.4173
0.734345 0.364409 -0.572664 -23.0296 -0.673011 0.500619 -0.54446 -24.6474 0.0882799 0.785231 0.612878 -12.4757
0.836091 0.281556 -0.470827 -19.7419 -0.540522 0.569455 -0.619319 -27.4688 0.0937417 0.7723 0.628304 -12.061
0.877334 0.292479 -0.380449 -15.9993 -0.477627 0.608955 -0.633282 -29.6042 0.0464545 0.737313 0.673952 -11.7796
0.91538 0.302075 -0.266139 -12.2533 -0.401702 0.641413 -0.653625 -31.5575 -0.0267394 0.705224 0.708481 -11.5518
0.971077 0.114812 -0.209349 -8.17282 -0.224638 0.736441 -0.638116 -32.9993 0.0809096 0.666688 0.740933 -11.2935
0.994711 -0.0299593 -0.0982463 -3.81936 -0.0393307 0.772513 -0.63378 -33.8388 0.0948841 0.634292 0.767249 -10.9498
0.994288 0.0301194 -0.102395 0.605289 -0.0880314 0.77389 -0.627173 -34.0412 0.0603526 0.632604 0.77212 -10.5604
0.985158 -0.171483 0.00753554 5.09731 0.133641 0.738728 -0.660622 -33.9724 0.107719 0.651824 0.750681 -10.3765
0.962761 -0.175309 0.205808 9.44244 0.267488 0.728199 -0.631012 -33.2535 -0.0392473 0.662566 0.747975 -9.99399
0.905525 -0.28141 0.317541 13.4602 0.418341 0.717073 -0.557492 -31.7537 -0.0708158 0.637663 0.767053 -10.1631
0.845932 -0.350305 0.402102 17.2507 0.521348 0.701903 -0.485313 -29.7837 -0.112229 0.620177 0.776393 -10.5401
0.759417 -0.427566 0.49038 21.054 0.637633 0.638883 -0.43041 -27.3518 -0.129266 0.639543 0.757809 -11.1422
0.670207 -0.473863 0.571206 24.1388 0.725446 0.580755 -0.369394 -24.4003 -0.156689 0.66195 0.732988 -11.8468
0.569283 -0.545576 0.615032 26.9644 0.809637 0.50201 -0.304094 -21.041 -0.142846 0.671068 0.727504 -12.712
0.539061 -0.539972 0.646409 29.1476 0.822777 0.501735 -0.26702 -17.3224 -0.180143 0.67579 0.714742 -13.4537
0.420205 -0.579158 0.698572 31.2431 0.893139 0.400055 -0.205571 -13.4694 -0.160409 0.710304 0.685374 -14.1548
0.266489 -0.600637 0.753803 32.8861 0.952199 0.285239 -0.109346 -9.32593 -0.149336 0.74691 0.647939 -14.8393
0.131869 -0.611073 0.780513 33.8789 0.97793 0.208928 -0.00165053 -5.03938 -0.162063 0.763504 0.625138 -15.5102
-0.0454684 -0.633302 0.772568 34.193 0.997849 0.00776746 0.0650943 -0.68647 -0.0472252 0.773866 0.631586 -16.2644
-0.0917188 -0.634908 0.767124 33.8791 0.980458 0.0770652 0.181008 3.72729 -0.174042 0.768734 0.615432 -16.6039
-0.212605 -0.614672 0.75959 33.1739 0.970777 -0.0443133 0.235855 8.13077 -0.111314 0.787537 0.606131 -17.349
-0.385985 -0.545422 0.743996 31.8364 0.922045 -0.202631 0.329809 12.3145 -0.0291284 0.813299 0.581116 -17.8265
-0.415163 -0.53346 0.736926 29.9682 0.909094 -0.212584 0.358268 16.2635 -0.0344629 0.818675 0.573223 -17.9543
-0.601574 -0.4411 0.665987 28.0291 0.798817 -0.331841 0.50177 20.1941 -0.000328863 0.833854 0.551986 -18.189
-0.624821 -0.511237 0.590115 25.1968 0.770514 -0.281661 0.571818 23.5998 -0.126122 0.811975 0.569903 -18.1122
-0.746899 -0.433384 0.504302 22.0631 0.660019 -0.391124 0.641402 26.9987 -0.0807294 0.811912 0.578172 -18.568
-0.792834 -0.424266 0.437507 18.5563 0.60078 -0.423524 0.678005 29.8453 -0.10236 0.800391 0.590675 -18.7843
-0.878045 -0.266845 0.397278 14.8007 0.477771 -0.536919 0.695308 32.2248 0.0277671 0.80032 0.59893 -19.0941
-0.941549 -0.121169 0.314332 10.8246 0.319684 -0.615656 0.720257 34.0945 0.106248 0.778643 0.618406 -18.8614
-0.961039 -0.160604 0.224966 6.62759 0.275594 -0.619296 0.735201 35.3423 0.0212446 0.768556 0.63943 -18.3575
-0.981071 -0.0884147 0.172287 2.45883 0.186278 -0.674011 0.71485 36.43 0.05292 0.733411 0.677722 -18.1329
-0.991769 0.0180888 0.126753 -1.87626 0.0745037 -0.723577 0.686211 37.0985 0.104128 0.690007 0.716274 -17.6545
