0.999963 0.00032442 -0.0086469 0.00029112 -0.000288759 0.999991 0.00412512 0.000238202 0.00864817 -0.00412247 0.999954 0.000353313
0.980028 -0.197331 0.0246057 0.346148 0.195306 0.978406 0.0676574 -0.0859029 -0.0374253 -0.0615005 0.997405 0.0499537
0.875015 -0.481133 0.0534738 0.552764 0.471778 0.872292 0.128575 0.0152359 -0.108507 -0.0872775 0.990257 -0.0461337
0.82647 -0.561306 0.0433992 0.668595 0.548693 0.820355 0.161102 -0.00235781 -0.12603 -0.109333 0.985983 -0.262641
0.729479 -0.683971 0.00659694 0.767197 0.67277 0.719207 0.173558 0.0730544 -0.123453 -0.122168 0.984802 -0.414352
0.693651 -0.720183 -0.0135804 1.03186 0.714516 0.685561 0.139544 0.202704 -0.091187 -0.106498 0.990123 -0.510367
0.539631 -0.841458 -0.0273326 1.16073 0.837883 0.533603 0.114976 0.32902 -0.0821627 -0.0849462 0.992992 -0.528421
0.418844 -0.905519 -0.067867 1.42853 0.903656 0.408297 0.129222 0.426315 -0.0893032 -0.115452 0.989291 -0.637896
0.295418 -0.955167 0.0195836 1.68139 0.947139 0.295497 0.124941 0.674878 -0.125126 -0.0183614 0.991971 -0.485823
0.181035 -0.983081 0.0279067 1.86628 0.972518 0.183169 0.143725 0.894101 -0.146405 0.00112062 0.989224 -0.549553
0.0714144 -0.997195 0.0224193 2.01829 0.990345 0.0735654 0.117493 1.26904 -0.118813 0.0138121 0.992821 -0.704667
0.0701757 -0.997456 -0.0125184 2.03113 0.991809 0.0684248 0.107858 1.67369 -0.106727 -0.0199849 0.994087 -0.803959
-0.000239703 -0.999744 -0.0226389 2.03311 0.993994 -0.00271565 0.1094 2.24134 -0.109433 -0.0224767 0.99374 -0.878789
-0.225928 -0.972138 0.0624923 2.01167 0.967653 -0.216566 0.12941 2.32367 -0.112271 0.0897082 0.98962 -0.807724
-0.398158 -0.916043 -0.0483192 1.97221 0.906757 -0.400998 0.130354 2.73143 -0.138786 0.00808778 0.990289 -0.828563
-0.519123 -0.854602 0.0129478 1.74725 0.846278 -0.511827 0.147805 2.98445 -0.119688 0.0876866 0.988932 -0.973311
-0.574612 -0.818289 0.0149528 1.697 0.810972 -0.566824 0.145033 3.46324 -0.110203 0.0954639 0.989314 -1.03671
-0.598846 -0.799 0.0546139 1.43661 0.796917 -0.587745 0.139567 3.86823 -0.0794148 0.127102 0.988705 -1.1335
-0.686191 -0.725438 0.0536814 1.00585 0.726835 -0.680805 0.0906426 4.18281 -0.029209 0.101216 0.994436 -1.08072
-0.796721 -0.595884 0.100788 0.752972 0.602174 -0.796869 0.0488504 4.36448 0.0512056 0.0996121 0.993708 -1.08842
-0.860869 -0.472997 0.187562 0.48377 0.489699 -0.870285 0.0529129 4.68663 0.138205 0.1374 0.980827 -1.07911
-0.902682 -0.375479 0.210193 -0.0199851 0.40215 -0.909918 0.101615 4.78259 0.153104 0.176255 0.972365 -0.831153
-0.93661 -0.280756 0.209612 -0.375778 0.296242 -0.95401 0.0458879 5.05977 0.187089 0.105075 0.976707 -0.806395
-0.968338 -0.152191 0.197889 -0.721159 0.164346 -0.985309 0.046428 5.27646 0.187916 0.0774803 0.979124 -0.622782
-0.977418 -0.0891204 0.191605 -1.13796 0.105345 -0.991511 0.0762083 5.35807 0.183187 0.0946719 0.978509 -0.554653
-0.986388 0.071343 0.148153 -1.61102 -0.0570726 -0.993505 0.098438 5.37881 0.154214 0.0886425 0.984053 -0.41338
-0.97505 0.195573 0.105023 -1.99521 -0.17997 -0.9734 0.141786 5.40207 0.129959 0.119348 0.98431 -0.306905
-0.929246 0.36125 0.0774657 -2.54685 -0.349534 -0.927513 0.132459 5.40485 0.119701 0.0960097 0.988157 -0.240775
-0.866416 0.491445 0.0883464 -2.91491 -0.49083 -0.870737 0.0300632 5.19934 0.0917008 -0.0173158 0.995636 -0.32005
-0.8005 0.597239 0.0500457 -3.18513 -0.596276 -0.802059 0.0340027 4.95184 0.0604473 -0.00262187 0.998168 -0.202444
-0.663202 0.748434 -0.0031098 -3.5711 -0.74663 -0.661304 0.0722551 4.70953 0.0520217 0.0502416 0.997381 -0.259728
-0.582088 0.813088 -0.00785892 -3.92216 -0.81133 -0.580134 0.0720273 4.40271 0.0540053 0.0483024 0.997372 -0.193286
-0.507904 0.861014 0.026251 -4.19302 -0.858599 -0.50847 0.0653069 4.16328 0.069578 0.0106305 0.99752 -0.167821
-0.444041 0.895805 0.0189974 -4.65962 -0.893298 -0.444246 0.0682972 3.57228 0.0696206 0.0133564 0.997484 -0.0701843
-0.302625 0.952451 0.0354378 -4.73066 -0.947837 -0.304648 0.0937829 3.07332 0.10012 -0.00520815 0.994962 -0.0220639
-0.15377 0.986985 0.0470659 -4.79959 -0.984872 -0.156944 0.0734511 2.64267 0.0798818 -0.0350593 0.996188 -0.172131
-0.0983965 0.993364 0.0595414 -4.92404 -0.994945 -0.099407 0.0142476 2.06049 0.0200719 -0.0578384 0.998124 -0.267291
0.0222412 0.999281 0.0306977 -4.8897 -0.999747 0.0223316 -0.00260595 1.65512 -0.00328961 -0.0306319 0.999525 -0.19744
0.233845 0.971292 0.0436782 -4.97678 -0.970955 0.235631 -0.0415246 1.19942 -0.0506244 -0.0326992 0.998182 -0.282039
0.297607 0.954387 -0.0239757 -4.75952 -0.954619 0.297188 -0.0195488 0.536482 -0.0115318 0.0287055 0.999521 -0.20148
0.341589 0.935877 -0.0863217 -4.49479 -0.939222 0.343274 0.00502208 -0.102024 0.034332 0.0793598 0.996255 -0.245387
0.45743 0.884952 -0.0872846 -4.26143 -0.883376 0.463475 0.0695511 -0.65329 0.102004 0.0452904 0.993753 -0.248528
0.60718 0.789065 -0.0933221 -3.80244 -0.781068 0.614291 0.112155 -1.21487 0.145824 0.00479273 0.989299 -0.281771
0.658685 0.746513 -0.0940868 -3.34074 -0.731724 0.664666 0.150991 -1.5321 0.175253 -0.0306102 0.984047 -0.22685
0.797954 0.577995 -0.170854 -3.00696 -0.570425 0.815766 0.0956119 -1.95262 0.19464 0.0211657 0.980646 -0.241864
0.886819 0.442088 -0.134577 -2.75606 -0.4313 0.896371 0.10247 -2.32296 0.165932 -0.032829 0.985591 -0.416163
0.923931 0.34735 -0.160311 -2.30446 -0.337298 0.937365 0.0870422 -2.63504 0.180504 -0.0263484 0.983221 -0.279693
0.965829 0.201758 -0.162691 -1.78207 -0.182755 0.975245 0.124492 -2.94218 0.18378 -0.0905059 0.978792 -0.228821
0.986449 -0.00481425 -0.164 -1.18681 0.0298325 0.98817 0.150432 -3.06814 0.161336 -0.153286 0.974923 -0.0749668
0.987532 -0.104862 -0.117405 -0.657058 0.115637 0.989291 0.08906 -3.09587 0.106809 -0.101526 0.989083 0.0334414
0.990181 -0.13114 -0.0484085 0.123933 0.135294 0.986156 0.0958732 -2.99724 0.0351655 -0.101481 0.994216 -0.0217775
0.921914 -0.386022 0.0325652 0.814076 0.381501 0.919284 0.0968139 -3.03673 -0.067309 -0.0768304 0.99477 0.1593
0.905546 -0.415232 0.0869971 1.77133 0.411711 0.909594 0.0559706 -2.71973 -0.102373 -0.0148663 0.994635 0.134828
0.853902 -0.514819 0.07624 2.26366 0.502393 0.853646 0.137441 -2.50405 -0.135839 -0.0790585 0.987572 -0.0649136
0.786031 -0.615489 0.0576997 2.78411 0.602916 0.783885 0.148382 -2.15322 -0.136557 -0.0818448 0.987245 -0.128158
0.678138 -0.73087 0.0771915 3.29865 0.728753 0.682308 0.0580943 -1.83796 -0.0951278 0.0168576 0.995322 -0.265367
0.589507 -0.807297 0.0274261 3.80548 0.805605 0.590074 0.0530494 -1.31787 -0.0590101 -0.00917839 0.998215 -0.43966
0.509797 -0.856795 0.0775192 4.29136 0.857645 0.513226 0.0323124 -0.759562 -0.06747 0.0500112 0.996467 -0.386281
0.406273 -0.911446 0.0648779 4.58897 0.90573 0.411077 0.103289 -0.22275 -0.120812 0.0167982 0.992533 -0.48109
0.292525 -0.952791 0.0813572 4.8219 0.944114 0.301278 0.133717 0.441258 -0.151916 0.0376949 0.987674 -0.620546
0.147867 -0.982324 0.114783 5.12249 0.982092 0.159541 0.100211 1.11553 -0.116752 0.09791 0.988323 -0.782566
0.013836 -0.998244 0.0575966 5.10835 0.995346 0.0192439 0.094423 1.59338 -0.0953656 0.0560221 0.993865 -0.913848
-0.056478 -0.992866 0.105012 5.07883 0.994024 -0.0460772 0.098961 2.40115 -0.0934164 0.109973 0.989535 -0.957513
-0.113841 -0.986221 0.120037 5.0208 0.986612 -0.0980227 0.130336 3.10806 -0.116774 0.133267 0.984177 -1.117
-0.28645 -0.952684 0.101683 4.84521 0.948115 -0.266585 0.173237 3.74934 -0.137933 0.146031 0.979617 -1.11982
-0.312294 -0.943742 0.108732 4.46856 0.941901 -0.292701 0.164771 4.53573 -0.123676 0.153872 0.98032 -1.26007
-0.460578 -0.880583 0.111542 4.03807 0.881581 -0.439185 0.17301 5.09323 -0.103362 0.178018 0.978584 -1.37517
-0.635632 -0.757052 0.151144 3.80796 0.770371 -0.609342 0.187696 5.67052 -0.0499972 0.235743 0.970529 -1.4608
-0.708987 -0.684031 0.17158 3.17113 0.705212 -0.688943 0.167434 6.25509 0.0036785 0.239709 0.970838 -1.38512
-0.796098 -0.566366 0.213208 2.45346 0.599243 -0.786937 0.147097 6.73844 0.0844703 0.244867 0.96587 -1.50171
-0.854097 -0.465376 0.232258 1.85255 0.499853 -0.857863 0.119236 7.15357 0.143756 0.217934 0.965318 -1.55728
-0.904443 -0.372131 0.208568 1.18922 0.396823 -0.913355 0.0911766 7.55354 0.156567 0.165229 0.973749 -1.45369
-0.942737 -0.253664 0.216566 0.489517 0.280893 -0.953932 0.105418 7.96087 0.179849 0.160213 0.97056 -1.29469
-0.959848 -0.18741 0.208734 -0.406124 0.217539 -0.967078 0.132053 8.25947 0.177114 0.172158 0.969016 -0.971284
-0.967179 0.112831 0.227672 -0.99253 -0.0850449 -0.98807 0.128391 8.37301 0.239442 0.104815 0.965236 -0.881355
-0.977947 0.10715 0.179274 -1.87311 -0.0854104 -0.988488 0.124889 8.42346 0.190592 0.106823 0.97584 -0.818075
-0.969059 0.224787 0.101959 -2.66936 -0.210228 -0.968108 0.136276 8.39838 0.129341 0.110625 0.98541 -0.68453
-0.928278 0.36401 0.0761327 -3.58042 -0.355233 -0.928506 0.108103 8.16712 0.11004 0.073305 0.99122 -0.39443
-0.886446 0.459552 0.0550031 -4.31471 -0.449708 -0.883306 0.132415 7.90491 0.109436 0.0926432 0.989667 -0.291472
-0.828527 0.558696 0.0374454 -5.02996 -0.553499 -0.827271 0.0962438 7.51684 0.0847485 0.0590146 0.994653 -0.359651
-0.732065 0.681006 -0.0176538 -5.75243 -0.680858 -0.730552 0.052218 6.90744 0.0226638 0.0502467 0.99848 -0.409714
-0.64225 0.764334 -0.0575201 -6.38142 -0.765505 -0.635796 0.0988207 6.2232 0.038961 0.107499 0.993441 -0.401942
-0.493576 0.869531 -0.0172955 -6.83055 -0.867141 -0.490499 0.0864707 5.72691 0.0667055 0.0576775 0.996104 -0.322591
-0.341431 0.938735 -0.0469267 -7.20488 -0.939003 -0.338488 0.0608182 5.01057 0.041208 0.0648296 0.997045 -0.170255
-0.250548 0.966288 -0.0592765 -7.55759 -0.967447 -0.247653 0.0520944 4.06125 0.0356582 0.0703991 0.996881 -0.163266
-0.18897 0.981301 -0.036577 -7.83761 -0.981854 -0.18821 0.0232218 3.16009 0.0159034 0.0403015 0.999061 -0.0934014
-0.0332998 0.995633 -0.0872108 -7.98645 -0.999272 -0.0315436 0.0214383 2.33982 0.0185937 0.0878613 0.995959 -0.184154
0.103154 0.990367 -0.0923665 -8.04252 -0.992048 0.0957049 -0.0817415 1.56618 -0.0721142 0.100064 0.992364 -0.0598941
0.25344 0.964847 -0.069553 -7.81216 -0.964359 0.246351 -0.0965559 0.542844 -0.0760272 0.0915451 0.992894 -0.312162
0.308092 0.942788 -0.127395 -7.54671 -0.948784 0.294652 -0.113969 -0.344291 -0.0699111 0.155984 0.985282 -0.303488
0.40392 0.909885 -0.0946498 -7.22874 -0.914622 0.39967 -0.0610768 -1.18461 -0.0177442 0.111239 0.993635 -0.399253
0.568707 0.81278 -0.126337 -6.88433 -0.819939 0.572387 -0.00855451 -2.07132 0.0653606 0.108454 0.991951 -0.511793
0.600266 0.769747 -0.217189 -6.23918 -0.786625 0.61728 0.0136553 -3.05302 0.144578 0.16265 0.976034 -0.575983
0.693243 0.697046 -0.183141 -5.51009 -0.697303 0.712945 0.0740124 -3.70483 0.18216 0.0763962 0.980297 -0.400115
0.757418 0.636547 -0.145352 -4.81278 -0.630416 0.770904 0.0910089 -4.39318 0.169984 0.0227004 0.985185 -0.448607
0.859871 0.477692 -0.180087 -4.11487 -0.479707 0.876727 0.0350929 -5.02207 0.174651 0.0562137 0.983024 -0.330199
0.920919 0.352639 -0.165992 -3.22156 -0.35168 0.935423 0.0361301 -5.4678 0.168013 0.0251031 0.985465 -0.24913
0.954104 0.243018 -0.175007 -2.18398 -0.237578 0.969991 0.051717 -5.92385 0.182324 -0.00776545 0.983208 -0.0246605
0.98092 0.0801039 -0.177145 -1.23487 -0.074109 0.996439 0.0402139 -6.05922 0.179735 -0.0263186 0.983363 0.0472771
0.992285 -0.0214115 -0.122116 -0.273865 0.0250124 0.999294 0.0280309 -6.13235 0.12143 -0.0308691 0.99212 0.271793
0.982826 -0.161417 -0.0894285 0.79436 0.167126 0.984079 0.0604819 -5.97725 0.0782418 -0.074389 0.994155 0.3506
0.958583 -0.284241 0.0180778 1.94399 0.278997 0.949871 0.141089 -5.79603 -0.0572748 -0.130202 0.989832 0.274945
0.901525 -0.405278 0.151662 2.89539 0.394238 0.91374 0.0982675 -5.52626 -0.178405 -0.0287997 0.983535 0.319764
0.868679 -0.465491 0.169453 3.83025 0.461312 0.884801 0.0657141 -5.14653 -0.180521 0.0210861 0.983345 -0.00797472
0.79234 -0.594915 0.135182 4.71894 0.593331 0.802996 0.0561778 -4.55044 -0.141971 0.0356956 0.989227 0.0313959
0.758521 -0.643678 0.101607 5.51798 0.642964 0.76463 0.0440308 -3.87321 -0.106034 0.0319315 0.99385 -0.327293
0.66623 -0.740832 0.0854677 6.20319 0.739888 0.670978 0.0485156 -3.14641 -0.0932889 0.030914 0.995159 -0.559708
0.526131 -0.841399 0.123424 6.82059 0.843637 0.53469 0.0488096 -2.33415 -0.107062 0.0784452 0.991153 -0.689064
0.433138 -0.89031 0.140499 7.26828 0.893879 0.444307 0.0597675 -1.46608 -0.115636 0.0997016 0.988275 -0.866354
0.252174 -0.952465 0.170934 7.74372 0.962865 0.264577 0.0537668 -0.545288 -0.0964363 0.151028 0.983814 -0.998167
0.17994 -0.97112 0.156675 8.07373 0.978983 0.192338 0.0678167 0.589656 -0.0959926 0.141179 0.985319 -1.1286
-0.0380923 -0.984589 0.170684 8.17777 0.995362 -0.0222852 0.0935871 1.49048 -0.0883411 0.173457 0.980871 -1.24169
-0.137894 -0.968124 0.209095 8.21202 0.988486 -0.121243 0.0905257 2.42936 -0.062289 0.21917 0.973696 -1.50539
-0.286505 -0.939564 0.187441 8.0904 0.954587 -0.263256 0.1395 3.49931 -0.081724 0.218896 0.97232 -1.58945
-0.377533 -0.888341 0.26138 7.79363 0.923766 -0.341727 0.172858 4.58597 -0.0642361 0.306714 0.949632 -1.6408
-0.489734 -0.854934 0.171021 7.30448 0.870471 -0.468332 0.151476 5.58048 -0.0494073 0.223052 0.973554 -1.87378
-0.610455 -0.777596 0.15063 6.71659 0.790517 -0.586323 0.176942 6.47791 -0.0492716 0.227091 0.972626 -2.06969
-0.673641 -0.727267 0.131495 6.14695 0.735311 -0.641635 0.218225 7.50712 -0.0743361 0.243695 0.966999 -2.19602
-0.747778 -0.63712 0.186832 5.27647 0.663293 -0.704355 0.252835 8.29684 -0.0294895 0.312989 0.949299 -2.21099
-0.768072 -0.607286 0.203148 4.23955 0.640233 -0.734644 0.2245 9.03796 0.0129055 0.302494 0.953064 -2.30378
-0.851813 -0.491916 0.180094 3.3357 0.520142 -0.835046 0.179303 9.78701 0.0621854 0.246407 0.967169 -2.28155
-0.900398 -0.356049 0.250024 2.30393 0.409175 -0.888306 0.20854 10.3944 0.147847 0.290073 0.945515 -2.16937
-0.941172 -0.196541 0.274896 1.201 0.256921 -0.944597 0.204277 10.9348 0.219517 0.262886 0.939523 -1.89781
-0.969539 -0.141999 0.199576 0.126879 0.186598 -0.956022 0.226283 11.1013 0.158667 0.25663 0.953397 -1.53005
-0.971093 0.00738141 0.238587 -1.21553 0.0675511 -0.950165 0.304341 11.3133 0.228944 0.311661 0.9222 -1.21917
-0.982315 0.108156 0.152838 -2.31122 -0.0699786 -0.969207 0.236096 11.4297 0.173666 0.221225 0.959635 -1.02764
-0.949992 0.302684 0.0767948 -3.42084 -0.276133 -0.929089 0.246056 11.3972 0.145827 0.212546 0.966208 -0.909965
-0.918706 0.391305 0.0534655 -4.65434 -0.375241 -0.907067 0.190852 11.0405 0.123178 0.155274 0.980162 -0.716022
-0.82641 0.561088 -0.0471966 -5.7273 -0.560834 -0.812769 0.157706 10.6697 0.0501272 0.1568 0.986358 -0.61396
-0.811102 0.574008 -0.112373 -6.75478 -0.584389 -0.803352 0.114518 9.98888 -0.0245409 0.158555 0.987045 -0.50165
-0.695086 0.705701 -0.137266 -7.70317 -0.718524 -0.688308 0.0997799 9.2269 -0.0240664 0.167984 0.985496 -0.541816
-0.637474 0.759563 -0.129191 -8.61713 -0.770073 -0.622731 0.138542 8.13744 0.0247803 0.187804 0.981894 -0.711698
-0.53088 0.844153 -0.0746442 -9.35351 -0.844624 -0.51987 0.127851 7.26405 0.0691202 0.13092 0.988981 -0.648727
-0.433359 0.887006 -0.159437 -10.0231 -0.897311 -0.40821 0.167924 6.1147 0.0838655 0.215836 0.972821 -0.527916
-0.310054 0.932043 -0.187518 -10.6324 -0.950583 -0.307252 0.0445813 4.94569 -0.0160634 0.192074 0.981249 -0.37786
-0.130132 0.959656 -0.249252 -10.8711 -0.991333 -0.130493 0.0151468 3.79624 -0.0179901 0.249063 0.96832 -0.442919
-0.0350371 0.984436 -0.172216 -11.0557 -0.999369 -0.0335006 0.011821 2.42083 0.00586768 0.172522 0.984988 -0.478667
0.104433 0.969695 -0.220873 -10.9577 -0.991332 0.0836942 -0.101277 1.28518 -0.0797221 0.229535 0.97003 -0.380094
0.285181 0.947937 -0.14173 -10.818 -0.952392 0.263624 -0.15314 -0.093877 -0.107803 0.178655 0.977988 -0.675392
0.409143 0.896942 -0.167624 -10.5007 -0.906396 0.37834 -0.187897 -1.24543 -0.105114 0.22881 0.967779 -0.898876
0.505378 0.842532 -0.186367 -9.93996 -0.861321 0.479498 -0.167951 -2.51962 -0.0521411 0.245401 0.968018 -1.00226
0.576663 0.798496 -0.172812 -9.32848 -0.815675 0.574676 -0.0665056 -3.7486 0.0462061 0.179309 0.982707 -1.09815
0.656743 0.714201 -0.242086 -8.57769 -0.746268 0.6617 -0.0723672 -4.85299 0.108504 0.228188 0.967552 -1.01906
0.752826 0.625264 -0.205663 -7.65589 -0.650779 0.753898 -0.0901379 -5.89921 0.0986892 0.2017 0.974463 -0.779953
0.844312 0.509858 -0.164867 -6.6465 -0.521381 0.852681 -0.0331303 -6.86601 0.123687 0.113931 0.985759 -0.696351
0.876399 0.434182 -0.20835 -5.45098 -0.453559 0.889587 -0.0540234 -7.58808 0.16189 0.141845 0.976561 -0.537374
0.928091 0.338722 -0.154643 -4.29657 -0.342589 0.939484 0.00174988 -8.31709 0.145877 0.0513548 0.987969 -0.322961
0.948227 0.270668 -0.166144 -2.85514 -0.279845 0.959439 -0.0341102 -8.81897 0.150173 0.0788389 0.985511 -0.104127
0.978073 0.0957825 -0.18493 -1.6569 -0.111954 0.990563 -0.0790627 -9.1544 0.175612 0.0980328 0.979566 0.0811957
0.989915 0.0116855 -0.141179 -0.255542 -0.0209543 0.997708 -0.0643455 -9.20004 0.140103 0.0666549 0.987891 0.25935
0.990419 -0.126167 -0.0561356 1.22708 0.122077 0.989967 -0.0711489 -9.02856 0.0645491 0.0636144 0.995885 0.435646
0.970908 -0.224166 0.0841855 2.64395 0.226475 0.973835 -0.0188344 -8.8126 -0.0777607 0.0373524 0.996272 0.484254
0.914311 -0.3318 0.23226 4.01337 0.33912 0.940701 0.00888246 -8.23869 -0.221434 0.0706425 0.972613 0.295097
0.839525 -0.481738 0.251249 5.26676 0.500707 0.86551 -0.0135615 -7.76479 -0.210925 0.137187 0.967827 -0.0300241
0.774256 -0.589167 0.231107 6.44352 0.598598 0.800294 0.0347827 -6.99478 -0.205446 0.111409 0.972306 -0.246254
0.718548 -0.669985 0.18657 7.50576 0.682407 0.730966 -0.00324787 -6.04852 -0.1342 0.12965 0.982436 -0.577527
0.616421 -0.772428 0.152903 8.44622 0.778952 0.626584 0.0250396 -5.14865 -0.115148 0.103669 0.987924 -0.817691
0.434315 -0.878543 0.198827 9.37663 0.892489 0.449559 0.0368905 -4.09452 -0.121794 0.161429 0.97934 -1.08609
0.411664 -0.884162 0.220886 9.99018 0.900885 0.43141 0.0478726 -2.72028 -0.13762 0.179285 0.974124 -1.25797
0.286039 -0.932077 0.222295 10.552 0.940721 0.317285 0.119894 -1.32351 -0.182281 0.174823 0.96758 -1.56752
0.153682 -0.955645 0.251246 11.0415 0.974936 0.188046 0.118908 0.00506082 -0.16088 0.226675 0.960592 -1.61496
-0.00941206 -0.959331 0.282126 11.1752 0.991335 0.0280163 0.128338 1.42061 -0.131022 0.280889 0.950755 -1.79867
-0.111009 -0.959431 0.259169 11.0957 0.983679 -0.0689153 0.166214 2.78951 -0.14161 0.27339 0.951422 -2.14291
-0.266671 -0.928175 0.259571 10.9781 0.950087 -0.207917 0.232604 4.25228 -0.161928 0.308644 0.937293 -2.40137
-0.380646 -0.87642 0.294954 10.4942 0.915186 -0.311355 0.255917 5.61331 -0.132455 0.367351 0.920602 -2.50969
-0.519378 -0.825593 0.220553 9.92368 0.851627 -0.478757 0.213364 7.00941 -0.070561 0.298645 0.951752 -2.72653
-0.604331 -0.759594 0.240419 9.17321 0.794085 -0.549661 0.259426 8.22265 -0.0649092 0.347692 0.935359 -2.94706
-0.680844 -0.696789 0.225691 8.26763 0.732377 -0.644028 0.221023 9.41663 -0.00865516 0.315773 0.948795 -3.12645
-0.82027 -0.533452 0.206362 7.16528 0.571788 -0.774036 0.271896 10.4824 0.0146883 0.341024 0.93994 -3.34651
-0.810553 -0.554332 0.188997 6.00658 0.585554 -0.760761 0.279945 11.4564 -0.0114009 0.337579 0.941228 -3.24988
-0.866134 -0.433935 0.248017 4.70204 0.494121 -0.818081 0.294258 12.3059 0.0752087 0.377417 0.922984 -3.16527
-0.919542 -0.254585 0.29938 3.35343 0.347412 -0.882706 0.31644 13.0715 0.183704 0.394988 0.900132 -3.14568
-0.926193 -0.145703 0.347759 1.85699 0.271166 -0.898251 0.345854 13.7028 0.261983 0.414628 0.871463 -2.87443
-0.96947 -0.0261756 0.243811 0.465215 0.116328 -0.924374 0.363318 14.1358 0.215862 0.380588 0.899198 -2.47126
-0.983372 0.00272928 0.181584 -1.18629 0.0641114 -0.93029 0.361179 14.1856 0.169912 0.366815 0.914646 -2.2103
-0.977662 0.12054 0.172186 -2.72044 -0.0486578 -0.926754 0.372503 14.3549 0.204475 0.355804 0.911918 -1.94341
-0.9707 0.238782 0.0269008 -4.33666 -0.214724 -0.91221 0.34895 14.2512 0.107862 0.33295 0.936755 -1.64143
-0.935867 0.350824 -0.0328104 -5.81218 -0.340885 -0.877902 0.336281 13.7794 0.0891711 0.325899 0.94119 -1.33729
-0.870145 0.471187 -0.144328 -7.37854 -0.49268 -0.838133 0.234093 13.2231 -0.0106644 0.274803 0.961441 -1.14505
-0.748159 0.613713 -0.252221 -8.49794 -0.660909 -0.722964 0.201301 12.3823 -0.0588057 0.3173 0.9465 -1.15283
-0.701125 0.663868 -0.260199 -9.85233 -0.711559 -0.674917 0.195375 11.255 -0.0459094 0.322129 0.945582 -1.27396
-0.610574 0.768864 -0.189861 -10.9388 -0.791954 -0.593623 0.142898 10.1053 -0.00283692 0.237611 0.971356 -1.3291
-0.567972 0.802249 -0.183857 -12.0269 -0.819337 -0.529935 0.218759 8.70905 0.0780667 0.27489 0.958301 -1.24918
-0.438421 0.874049 -0.209346 -12.9176 -0.897273 -0.412218 0.158041 7.29802 0.0518398 0.257129 0.964986 -1.24525
-0.270562 0.933662 -0.234673 -13.4525 -0.962637 -0.265226 0.0546365 5.87839 -0.0112293 0.240688 0.970538 -1.08446
-0.053415 0.959505 -0.276581 -13.8557 -0.996615 -0.0685592 -0.045371 4.21563 -0.0624959 0.273221 0.959919 -1.10306
-0.0345938 0.956755 -0.28883 -13.9978 -0.998666 -0.0441793 -0.0267323 2.46751 -0.0383366 0.28752 0.957007 -1.20317
0.12522 0.948137 -0.292159 -13.8718 -0.989954 0.099915 -0.100045 0.986326 -0.0656649 0.301751 0.951123 -1.2889
0.321112 0.905862 -0.276227 -13.7971 -0.94278 0.278128 -0.183878 -0.761287 -0.0897421 0.319467 0.943338 -1.37245
0.399226 0.877452 -0.265888 -13.1879 -0.915202 0.363991 -0.17296 -2.24736 -0.0549833 0.312391 0.948361 -1.62256
0.492897 0.832976 -0.251401 -12.5165 -0.869969 0.467034 -0.15822 -3.91775 -0.0143804 0.296697 0.954863 -1.80223
0.589799 0.759905 -0.273281 -11.6363 -0.803326 0.586665 -0.102426 -5.47432 0.0824904 0.279945 0.956466 -1.80793
0.619319 0.746197 -0.244199 -10.5866 -0.781375 0.616199 -0.0987504 -6.85463 0.076788 0.251969 0.964684 -1.76006
0.742234 0.63281 -0.220547 -9.56903 -0.664267 0.738223 -0.117375 -8.17657 0.0885366 0.233622 0.968288 -1.4926
0.786921 0.571307 -0.233162 -8.13895 -0.602196 0.793458 -0.0882322 -9.39461 0.134597 0.209841 0.968427 -1.16812
0.848752 0.467649 -0.246829 -6.74877 -0.505155 0.855059 -0.117018 -10.2867 0.156329 0.224006 0.961968 -1.0541
0.945882 0.274337 -0.173338 -5.26038 -0.292129 0.952441 -0.0867048 -11.1806 0.141308 0.13265 0.981038 -0.748649
0.936766 0.279281 -0.210882 -3.71081 -0.304367 0.947593 -0.0970946 -11.7983 0.172714 0.155141 0.972677 -0.484584
0.984997 0.0674717 -0.158833 -1.99339 -0.0836611 0.991708 -0.097547 -12.0917 0.150934 0.109372 0.982475 -0.277622
0.99404 0.0375663 -0.102341 -0.233909 -0.0513722 0.989404 -0.135798 -12.1997 0.096155 0.140246 0.985437 -0.0608655
0.991427 -0.130075 -0.0123589 1.67623 0.12635 0.978516 -0.162915 -12.0072 0.0332845 0.159957 0.986563 0.0961608
0.956702 -0.272343 0.102715 3.38522 0.27961 0.957953 -0.0643692 -11.7842 -0.0808653 0.0903022 0.992626 0.156335
0.896457 -0.387299 0.215324 5.11897 0.418718 0.899401 -0.12551 -11.0869 -0.145053 0.202674 0.968443 0.000748055
0.854287 -0.467834 0.226549 6.73834 0.493583 0.86677 -0.0713204 -10.3607 -0.163 0.172749 0.971385 -0.427174
0.787846 -0.536433 0.302553 8.36147 0.575435 0.816243 -0.0512096 -9.38758 -0.219487 0.214445 0.951756 -0.621819
0.685948 -0.678165 0.263757 9.52294 0.703165 0.711027 -0.00053637 -8.36195 -0.187174 0.185833 0.964589 -1.00267
0.63397 -0.730668 0.253389 10.8623 0.763763 0.642995 -0.0567763 -7.02655 -0.121444 0.229524 0.965697 -1.28575
0.505786 -0.821874 0.262114 12.0584 0.850992 0.52516 0.00455828 -5.497 -0.141398 0.220752 0.965026 -1.53401
0.378422 -0.877798 0.293712 12.8079 0.91242 0.407166 0.0412992 -3.99298 -0.155842 0.252361 0.955001 -1.89798
0.238643 -0.934067 0.265648 13.3844 0.96212 0.264547 0.0658817 -2.30001 -0.131814 0.239863 0.961816 -2.13893
0.0997782 -0.966106 0.238085 13.8685 0.97934 0.137651 0.148136 -0.568907 -0.175888 0.218385 0.959881 -2.49398
-0.0589402 -0.952266 0.299526 14.1347 0.984218 -0.00528212 0.17688 1.15988 -0.166854 0.305224 0.937549 -2.84776
-0.18165 -0.927179 0.327632 14.0673 0.977369 -0.133496 0.164098 2.98359 -0.108411 0.350026 0.930446 -3.04494
-0.265412 -0.907479 0.325635 13.6577 0.954442 -0.19953 0.221876 4.90439 -0.136373 0.369689 0.919093 -3.35644
-0.33382 -0.875352 0.349747 13.1824 0.930261 -0.245996 0.272215 6.59145 -0.152248 0.416227 0.896424 -3.54118
-0.473999 -0.834571 0.280742 12.4245 0.876726 -0.417738 0.238424 8.33514 -0.0817048 0.359147 0.929698 -3.82015
-0.59206 -0.764047 0.256315 11.4765 0.795253 -0.50239 0.339378 9.87188 -0.130531 0.404767 0.905055 -4.06088
-0.669988 -0.702488 0.240057 10.2568 0.737755 -0.594038 0.320683 11.2784 -0.0826731 0.391956 0.916262 -4.30937
-0.766176 -0.621943 0.161742 8.80518 0.636876 -0.701265 0.320337 12.7486 -0.0858072 0.348444 0.933394 -4.42413
-0.852508 -0.447722 0.269767 7.62018 0.52052 -0.774367 0.359742 13.8691 0.0478344 0.447102 0.893203 -4.58604
-0.864438 -0.423557 0.270825 5.97713 0.499414 -0.785324 0.365858 14.8367 0.0577241 0.451515 0.890394 -4.46871
-0.890643 -0.361788 0.275437 4.09256 0.445114 -0.817453 0.365575 15.7808 0.092896 0.448198 0.889095 -4.32677
-0.929141 -0.273058 0.249274 2.44977 0.35204 -0.859415 0.370775 16.483 0.112987 0.432256 0.894644 -4.08793
-0.976025 -0.109612 0.188044 0.604873 0.176574 -0.903898 0.389603 16.97 0.127267 0.413466 0.901582 -3.71921
-0.982728 0.0412157 0.18041 -1.35482 0.045172 -0.891968 0.449836 17.0939 0.17946 0.450216 0.8747 -3.33799
-0.968262 0.203027 0.145768 -3.15006 -0.114947 -0.879613 0.461593 17.1487 0.221936 0.430187 0.875033 -3.236
-0.964882 0.246525 0.0907085 -5.06401 -0.172261 -0.85452 0.490023 16.9591 0.198315 0.457188 0.866977 -2.79301
-0.917509 0.386954 -0.091893 -6.96781 -0.379839 -0.784066 0.49088 16.5768 0.117898 0.485291 0.866368 -2.38527
-0.850249 0.45523 -0.264276 -8.77759 -0.525505 -0.763048 0.376301 15.7417 -0.0303516 0.458828 0.888007 -2.1422
-0.764903 0.567413 -0.304904 -10.3744 -0.644073 -0.68085 0.348732 14.6063 -0.00971846 0.463126 0.886239 -2.2433
-0.682364 0.674572 -0.281659 -11.8796 -0.73092 -0.623472 0.277558 13.2057 0.0116257 0.395266 0.918493 -2.29606
-0.59734 0.772802 -0.214386 -13.2255 -0.800156 -0.556228 0.224411 11.8975 0.0541774 0.305592 0.95062 -2.33297
-0.535454 0.808444 -0.244351 -14.6091 -0.843197 -0.495269 0.209111 10.2103 0.0480352 0.318005 0.946871 -2.18347
-0.390937 0.883947 -0.256527 -15.5864 -0.919655 -0.363798 0.147935 8.57618 0.037443 0.29375 0.955149 -1.9889
-0.233619 0.932007 -0.277103 -16.2398 -0.972047 -0.230722 0.0434993 6.75049 -0.0233922 0.279519 0.959855 -1.97466
-0.0906125 0.938096 -0.334313 -16.7433 -0.994242 -0.104496 -0.0237411 4.5718 -0.0572059 0.330237 0.942163 -2.04086
-0.0194603 0.945929 -0.323789 -16.8656 -0.997466 -0.0405355 -0.0584724 2.54249 -0.0684357 0.321831 0.944321 -2.10159
0.120412 0.932646 -0.340107 -16.7092 -0.99188 0.098905 -0.0799482 0.538228 -0.040925 0.346972 0.936982 -2.20552
0.253086 0.913519 -0.318482 -16.4389 -0.964476 0.212481 -0.156963 -1.58025 -0.0757173 0.346893 0.934843 -2.42665
0.368725 0.878919 -0.30256 -15.9576 -0.928657 0.334145 -0.161068 -3.33339 -0.0404666 0.340365 0.939422 -2.65337
0.471452 0.822886 -0.317163 -14.9539 -0.881687 0.432056 -0.189619 -5.3826 -0.019003 0.369035 0.929221 -2.6961
0.535898 0.778689 -0.326277 -14.1186 -0.842727 0.516801 -0.150756 -7.09221 0.0512279 0.355752 0.933175 -2.7665
0.663675 0.663909 -0.344616 -12.918 -0.736151 0.661448 -0.143417 -8.71293 0.132729 0.348872 0.927724 -2.73973
0.741841 0.571376 -0.351002 -11.5233 -0.641238 0.757574 -0.122042 -10.2445 0.196178 0.315611 0.928388 -2.38714
0.808469 0.49438 -0.319322 -9.94241 -0.561596 0.810317 -0.16732 -11.7134 0.176033 0.314603 0.932758 -1.91657
0.853417 0.449877 -0.26323 -8.26465 -0.498062 0.852741 -0.157376 -12.915 0.153667 0.265412 0.95181 -1.81337
0.911509 0.333744 -0.240347 -6.29052 -0.377426 0.910964 -0.166418 -14.0491 0.163407 0.242404 0.956315 -1.63701
0.939638 0.245317 -0.238537 -4.37981 -0.292566 0.937523 -0.188295 -14.6274 0.177442 0.246717 0.952704 -1.19799
0.978936 0.123462 -0.16261 -2.31901 -0.169823 0.934501 -0.31284 -15.1613 0.113335 0.333865 0.935783 -0.689435
0.998456 -0.0257859 -0.0491912 -0.222126 0.0159267 0.981424 -0.191189 -15.3339 0.0532074 0.19011 0.98032 -0.53352
0.976406 -0.214494 0.0249888 1.98684 0.214344 0.948592 -0.232871 -15.0816 0.0262455 0.232733 0.972186 -0.392597
0.943708 -0.308607 0.119065 4.22029 0.32618 0.928025 -0.179933 -14.6612 -0.0549672 0.208641 0.976446 -0.439188
0.908996 -0.369132 0.193566 6.32782 0.399644 0.903769 -0.153252 -13.8635 -0.118369 0.216663 0.969044 -0.667866
0.857963 -0.474583 0.196648 8.25283 0.495836 0.865135 -0.0754157 -12.9279 -0.134336 0.162209 0.97757 -0.978056
0.796207 -0.546492 0.259615 9.97134 0.584611 0.805437 -0.0974776 -11.7756 -0.155833 0.229386 0.96078 -1.41974
0.722238 -0.641342 0.258947 11.5936 0.667283 0.744612 -0.0169372 -10.5249 -0.181953 0.185024 0.965743 -1.68884
0.578469 -0.761918 0.291296 13.1442 0.808037 0.584095 -0.0768708 -9.13329 -0.111575 0.279845 0.953539 -1.97242
0.50319 -0.801219 0.323802 14.4546 0.856689 0.511704 -0.065134 -7.11324 -0.113504 0.310173 0.94388 -2.32127
0.38063 -0.855054 0.35214 15.5932 0.913225 0.407449 0.00224258 -5.15093 -0.145396 0.320729 0.935945 -2.691
0.297814 -0.901524 0.313944 16.2158 0.938615 0.336508 0.0759274 -3.06851 -0.174095 0.27206 0.946401 -2.93707
0.156636 -0.90137 0.403729 16.7834 0.971013 0.21527 0.103885 -0.95164 -0.18055 0.375754 0.908961 -3.28969
0.00744435 -0.938609 0.344903 17.0475 0.982058 0.0718568 0.174353 1.09561 -0.188432 0.337417 0.922303 -3.77453
-0.1149 -0.911233 0.39554 16.9399 0.985811 -0.0555471 0.1584 3.30803 -0.122369 0.408128 0.904686 -4.17438
-0.239273 -0.903476 0.355639 16.4924 0.958828 -0.162162 0.233136 5.33158 -0.152961 0.39678 0.905079 -4.52628
-0.42735 -0.826167 0.36718 15.8815 0.898634 -0.343626 0.272725 7.38285 -0.0991439 0.446509 0.889269 -4.78477
-0.497521 -0.798667 0.338533 14.9326 0.864008 -0.421509 0.275355 9.44163 -0.0772222 0.42949 0.899764 -5.18118
-0.625226 -0.711097 0.321611 13.7084 0.776883 -0.527757 0.343402 11.2902 -0.0744598 0.464558 0.882407 -5.44905
-0.718272 -0.601634 0.349459 12.4407 0.695721 -0.626543 0.351305 13.0517 0.00759417 0.495459 0.868598 -5.60058
-0.736018 -0.616999 0.278549 10.7972 0.668709 -0.59859 0.441043 14.7354 -0.105386 0.510884 0.853166 -5.53158
-0.800432 -0.543343 0.253154 8.98343 0.594169 -0.663388 0.45484 16.1072 -0.0791943 0.514485 0.853835 -5.84163
-0.898839 -0.376602 0.224185 7.23042 0.438219 -0.780673 0.445548 17.2949 0.00722124 0.498718 0.866734 -5.90174
-0.928354 -0.296023 0.224787 5.12401 0.368656 -0.810507 0.45516 18.2239 0.0474539 0.505419 0.861568 -5.67797
-0.960146 -0.173043 0.21949 3.10288 0.258143 -0.850085 0.459039 19.1283 0.107152 0.497404 0.860876 -5.60111
-0.979061 -0.0678995 0.191912 0.955033 0.148661 -0.882511 0.446177 19.7188 0.139069 0.465364 0.874126 -5.22529
-0.992459 0.032692 0.118138 -1.48908 0.0250537 -0.889333 0.456573 19.8294 0.119991 0.45609 0.881807 -4.91998
-0.983938 0.159612 0.0799394 -3.67399 -0.106255 -0.883506 0.456209 19.7793 0.143443 0.440388 0.886275 -4.54051
-0.975232 0.221173 0.00241654 -6.09344 -0.197371 -0.875106 0.441854 19.5432 0.099841 0.430433 0.897084 -4.25846
-0.918913 0.387674 -0.0728564 -8.09185 -0.378888 -0.816063 0.436446 19.0026 0.109743 0.42866 0.896776 -4.0036
-0.860507 0.490692 -0.136926 -10.2031 -0.501233 -0.767448 0.399736 17.9305 0.0910633 0.412607 0.906346 -3.79031
-0.797923 0.555602 -0.23372 -12.2566 -0.602598 -0.726331 0.330634 16.6515 0.0139432 0.40466 0.914361 -3.61956
-0.703377 0.643099 -0.302795 -14.0175 -0.710253 -0.652835 0.26334 15.2282 -0.0283212 0.400288 0.915952 -3.6225
-0.626981 0.73172 -0.267359 -15.6313 -0.774241 -0.547264 0.317889 13.5394 0.0862895 0.40631 0.909652 -3.45474
-0.519991 0.794631 -0.313323 -17.0952 -0.848496 -0.438316 0.296535 11.615 0.0983011 0.420049 0.902162 -3.29485
-0.353775 0.821123 -0.447885 -18.3679 -0.935222 -0.317848 0.155991 9.63281 -0.0142715 0.474057 0.880378 -2.89525
-0.193217 0.864427 -0.464148 -19.0372 -0.98064 -0.185478 0.0627899 7.39253 -0.031812 0.467294 0.883529 -2.98638
-0.124518 0.906968 -0.402373 -19.4095 -0.990879 -0.134719 0.00297241 5.0253 -0.0515115 0.399073 0.915471 -3.16997
-0.0109581 0.90103 -0.433619 -19.6281 -0.999756 -0.0182003 -0.0125539 2.64281 -0.0192035 0.433375 0.901009 -3.31336
0.123553 0.907228 -0.402084 -19.5628 -0.991714 0.0985226 -0.0824385 0.247164 -0.0351763 0.408938 0.911884 -3.44205
0.258935 0.888838 -0.378048 -19.1589 -0.965831 0.233761 -0.111921 -2.12533 -0.0111063 0.39411 0.918996 -3.70048
0.389755 0.841539 -0.374035 -18.5185 -0.919938 0.374519 -0.115973 -4.34784 0.0424875 0.38929 0.920135 -3.80205
0.425023 0.829704 -0.361865 -17.419 -0.904996 0.397629 -0.151242 -6.6211 0.018402 0.391768 0.91988 -3.89451
0.565581 0.72783 -0.387791 -16.4305 -0.819491 0.548736 -0.1653 -8.70344 0.0924853 0.411282 0.906804 -3.94999
0.64104 0.660394 -0.391086 -14.9604 -0.758028 0.624602 -0.187791 -10.788 0.120257 0.416835 0.900992 -3.71912
0.716959 0.588 -0.374467 -13.3136 -0.676381 0.716786 -0.169488 -12.5765 0.168754 0.374799 0.911618 -3.45418
0.798125 0.500815 -0.334933 -11.5043 -0.578302 0.792738 -0.192701 -14.2887 0.169007 0.347492 0.922326 -3.01535
0.858758 0.405066 -0.313778 -9.49684 -0.478083 0.85374 -0.206311 -15.5528 0.184315 0.327184 0.926811 -2.83899
0.911995 0.268473 -0.310139 -7.3004 -0.343057 0.913705 -0.217841 -16.6567 0.224892 0.305065 0.925397 -2.40422
0.943928 0.218552 -0.247457 -4.98872 -0.274556 0.935895 -0.220724 -17.4232 0.183354 0.276289 0.943422 -1.9826
0.990843 0.0543321 -0.123607 -2.58951 -0.0923157 0.940666 -0.326535 -18.1079 0.0985314 0.334956 0.937068 -1.54219
0.997479 -0.0474739 -0.0527369 -0.191191 0.0297164 0.95439 -0.297081 -18.2414 0.0644352 0.294765 0.953395 -1.21506
0.984243 -0.170565 0.0466109 2.56115 0.176768 0.942785 -0.282683 -18.058 0.00427188 0.286469 0.95808 -1.23468
0.960482 -0.260123 0.0990484 5.01095 0.277353 0.924391 -0.261869 -17.4904 -0.0234414 0.278992 0.960007 -1.20861
0.941063 -0.29765 0.160638 7.42836 0.328725 0.916687 -0.227212 -16.6782 -0.0796244 0.266627 0.960505 -1.38391
0.82465 -0.515766 0.232245 9.65961 0.557639 0.810121 -0.18095 -15.7181 -0.0948192 0.278729 0.955677 -1.6088
0.79177 -0.537928 0.289368 11.5661 0.591386 0.793648 -0.142778 -14.2325 -0.152853 0.284175 0.94651 -2.04305
0.71825 -0.637412 0.278965 13.6502 0.687133 0.712841 -0.140377 -12.7228 -0.10938 0.292512 0.949986 -2.46925
0.582479 -0.74478 0.325609 15.4839 0.807049 0.577651 -0.122437 -10.9216 -0.0968999 0.334099 0.937544 -2.93386
0.524614 -0.775495 0.351264 16.8987 0.841826 0.534049 -0.0782348 -8.74581 -0.126922 0.336746 0.933002 -3.24922
0.371072 -0.844125 0.386986 18.0967 0.917479 0.397588 -0.0124965 -6.42056 -0.143312 0.359688 0.922001 -3.68826
0.317945 -0.861589 0.395697 18.9063 0.936814 0.349719 0.00874007 -3.98399 -0.145913 0.367916 0.91834 -4.0369
0.167698 -0.885808 0.432691 19.5528 0.965577 0.236113 0.109144 -1.52312 -0.198844 0.399493 0.894911 -4.42374
0.0206008 -0.905279 0.424318 20.04 0.979475 0.103391 0.173031 0.898306 -0.200512 0.412044 0.888828 -4.98062
-0.230302 -0.871045 0.433869 19.8707 0.961807 -0.135965 0.237572 3.36338 -0.147945 0.472011 0.86909 -5.51033
-0.396894 -0.819899 0.412603 19.2242 0.913193 -0.307435 0.267511 5.82298 -0.0924839 0.48296 0.870745 -5.9427
-0.285695 -0.868268 0.405572 18.0501 0.934752 -0.1592 0.31764 8.30501 -0.21123 0.469857 0.857098 -6.14669
-0.54543 -0.739389 0.394727 17.2811 0.833856 -0.431044 0.344798 10.7495 -0.0847946 0.517209 0.851648 -6.60859
-0.56318 -0.730033 0.387143 15.8465 0.819264 -0.432134 0.376919 12.8565 -0.107865 0.529445 0.841459 -6.95654
-0.772542 -0.526586 0.354804 14.3856 0.634471 -0.662199 0.398672 14.9498 0.0250158 0.533103 0.84568 -7.19174
-0.732702 -0.591997 0.335688 12.4953 0.678423 -0.596412 0.428993 16.5836 -0.0537542 0.542063 0.838617 -7.10056
-0.843133 -0.431141 0.321316 10.5936 0.536852 -0.708605 0.457896 18.2918 0.0302685 0.558567 0.828907 -7.41867
-0.920309 -0.276439 0.276791 8.29661 0.382037 -0.787307 0.483937 19.6169 0.0841406 0.551116 0.830175 -7.34371
-0.900322 -0.340831 0.270655 5.90504 0.433524 -0.757215 0.488551 20.6805 0.0384307 0.557189 0.829496 -7.25343
-0.953176 -0.175896 0.246 3.62476 0.280784 -0.816872 0.503866 21.7141 0.112323 0.549346 0.828011 -7.19268
-0.980174 -0.0304159 0.195791 1.10439 0.125314 -0.860577 0.493663 22.3347 0.153478 0.508411 0.847327 -6.71734
-0.990781 0.0135931 0.134786 -1.58877 0.0562818 -0.863719 0.500821 22.51 0.123225 0.50379 0.854992 -6.34504
-0.982661 0.170055 0.0738803 -4.33446 -0.111575 -0.860609 0.496893 22.4906 0.148081 0.480034 0.864661 -6.02075
-0.980265 0.193439 -0.0407768 -6.80646 -0.189585 -0.861401 0.471217 22.1413 0.0560266 0.469648 0.881074 -5.56098
-0.951253 0.286608 -0.113905 -9.40258 -0.306102 -0.832249 0.462237 21.3949 0.037684 0.474571 0.87941 -5.36753
-0.877373 0.442112 -0.186425 -11.742 -0.47756 -0.767077 0.428402 20.3061 0.0463997 0.464898 0.884148 -5.19653
-0.80243 0.543916 -0.245482 -14.0128 -0.595722 -0.706037 0.38292 18.9037 0.0349568 0.453505 0.890568 -5.01666
-0.69599 0.646482 -0.312504 -16.058 -0.717562 -0.610123 0.33594 17.1674 0.0265132 0.458051 0.88853 -4.87522
-0.534201 0.778291 -0.329989 -17.9338 -0.8361 -0.428822 0.342125 15.1274 0.124766 0.458667 0.879806 -4.94501
-0.472415 0.80022 -0.369422 -19.3711 -0.874795 -0.374586 0.307278 12.8898 0.107509 0.468331 0.876988 -4.6363
-0.434684 0.779949 -0.450254 -20.5684 -0.900056 -0.393348 0.187556 10.5346 -0.0308223 0.486781 0.87298 -4.34217
-0.134343 0.863032 -0.486958 -21.6352 -0.990819 -0.124517 0.05267 8.06535 -0.0151785 0.489563 0.871836 -4.44818
-0.186687 0.862062 -0.471165 -21.9449 -0.979608 -0.199602 0.0229433 5.23724 -0.0742672 0.465841 0.881747 -4.42913
-0.0288998 0.880836 -0.472538 -22.3341 -0.995371 -0.0687077 -0.0671994 2.6379 -0.0916587 0.468408 0.878745 -4.65248
0.121704 0.879931 -0.459248 -22.258 -0.990584 0.0784494 -0.112201 0.00139472 -0.0627012 0.468579 0.881194 -4.84661
0.269093 0.858302 -0.436928 -21.8056 -0.963026 0.233646 -0.134131 -2.81398 -0.0130382 0.456867 0.889439 -4.93672
0.285367 0.858791 -0.425492 -21.0261 -0.957826 0.239938 -0.158112 -5.50099 -0.0336932 0.452667 0.891043 -5.00702
0.406797 0.804887 -0.432057 -20.032 -0.913021 0.373834 -0.163218 -7.97747 0.0301454 0.460874 0.886954 -5.18736
0.510022 0.735476 -0.446041 -18.7427 -0.855781 0.486139 -0.176943 -10.3518 0.0867007 0.471958 0.877347 -5.21508
0.686027 0.605079 -0.404037 -17.1818 -0.718411 0.651204 -0.244579 -12.6523 0.115121 0.458053 0.881439 -4.94771
0.660931 0.634176 -0.401237 -15.0678 -0.743681 0.625129 -0.236966 -14.6594 0.100547 0.455011 0.884791 -4.74988
0.788622 0.494873 -0.364933 -13.0526 -0.595426 0.762733 -0.252401 -16.6417 0.15344 0.41634 0.896168 -4.24093
0.853164 0.405571 -0.328061 -10.7472 -0.497456 0.821849 -0.277672 -18.143 0.157001 0.400096 0.902925 -3.9032
0.915799 0.287982 -0.279963 -8.25674 -0.366807 0.883635 -0.290932 -19.4111 0.163602 0.369128 0.914866 -3.54931
0.965316 0.122922 -0.230339 -5.61477 -0.19076 0.934418 -0.300787 -20.333 0.178259 0.334294 0.925457 -3.05615
0.989909 0.0767617 -0.119109 -2.68766 -0.115291 0.925006 -0.362038 -20.8051 0.0823863 0.372117 0.924522 -2.43348
0.995514 -0.0784917 -0.0528284 0.0304492 0.0542261 0.930891 -0.361251 -21.0417 0.0775326 0.356766 0.930971 -2.20255
