0.999998 -0.000967979 0.00161952 7.72786e-05 0.000971812 0.999997 -0.00236772 0.000129839 -0.00161723 0.00236929 0.999996 0.00044048
0.979226 -0.200309 0.031518 0.346784 0.198144 0.978264 0.0611449 -0.0875299 -0.0430808 -0.0536296 0.997631 0.0471385
0.873618 -0.483399 0.0558302 0.552277 0.475379 0.872325 0.114299 0.0162787 -0.103954 -0.0733134 0.991876 -0.044122
0.825296 -0.563645 0.0345039 0.668208 0.553605 0.819622 0.147448 0.00457549 -0.111388 -0.102587 0.988468 -0.263906
0.727963 -0.685586 -0.00639971 0.768015 0.67807 0.718539 0.154671 0.0839514 -0.101442 -0.116934 0.987945 -0.416182
0.692074 -0.721338 -0.0265683 1.03384 0.718373 0.684698 0.123001 0.219268 -0.070534 -0.104212 0.992051 -0.506049
0.537226 -0.842149 -0.0466167 1.16324 0.841665 0.531695 0.0943382 0.34678 -0.0546609 -0.0899166 0.994448 -0.523386
0.416186 -0.905568 -0.0820774 1.43424 0.906603 0.406346 0.113815 0.448749 -0.0697154 -0.12178 0.990106 -0.622472
0.292151 -0.956339 0.00800597 1.68599 0.949666 0.291082 0.115784 0.695854 -0.113059 -0.0262234 0.993242 -0.458636
0.178631 -0.983751 0.018008 1.87141 0.974284 0.179408 0.13632 0.918083 -0.137336 -0.00680613 0.990501 -0.521913
0.0683799 -0.997595 0.0113202 2.02283 0.989841 0.0692574 0.12417 1.2961 -0.124656 0.00271447 0.992196 -0.678504
0.0668401 -0.99738 -0.0276828 2.03517 0.990927 0.0631141 0.118662 1.69906 -0.116604 -0.035363 0.992549 -0.786663
-0.00315898 -0.999133 -0.0415174 2.03535 0.991891 -0.00840568 0.126815 2.26732 -0.127054 -0.0407801 0.991057 -0.874474
-0.228904 -0.972709 0.0379466 2.01041 0.963273 -0.220718 0.152931 2.35079 -0.140382 0.0715596 0.987508 -0.812646
-0.400693 -0.913235 -0.0738089 1.96999 0.899547 -0.407421 0.157552 2.75874 -0.173953 -0.00326462 0.984748 -0.843768
-0.520468 -0.853759 -0.0144427 1.74586 0.838091 -0.514008 0.182758 3.00714 -0.163455 0.0830154 0.983052 -1.00378
-0.575262 -0.817898 -0.0107937 1.6938 0.804735 -0.568269 0.171674 3.4829 -0.146546 0.0900715 0.985095 -1.0929
-0.599778 -0.799209 0.0391361 1.43516 0.794136 -0.588553 0.151503 3.88504 -0.0980486 0.121947 0.987682 -1.21167
-0.686747 -0.72573 0.041174 1.00244 0.725811 -0.681524 0.093405 4.20183 -0.0397258 0.0940301 0.994776 -1.17494
-0.797374 -0.596632 0.0906911 0.751502 0.601722 -0.797495 0.0439554 4.3844 0.0461005 0.0896197 0.994909 -1.19097
-0.859852 -0.474257 0.189036 0.485449 0.489437 -0.87108 0.040875 4.70761 0.14528 0.127667 0.981119 -1.18433
-0.9028 -0.376778 0.20734 -0.0164038 0.401822 -0.910834 0.0944479 4.80201 0.153266 0.168581 0.973699 -0.934126
-0.937249 -0.281572 0.205624 -0.370168 0.295917 -0.954287 0.0420562 5.0786 0.184383 0.100265 0.977727 -0.905646
-0.970522 -0.152113 0.186944 -0.714062 0.163543 -0.985405 0.0472261 5.29312 0.177032 0.0764074 0.981235 -0.716642
-0.980123 -0.0899258 0.176837 -1.13095 0.104841 -0.991513 0.0768736 5.37289 0.168424 0.0938853 0.981233 -0.652876
-0.989083 0.0716997 0.128743 -1.60577 -0.0592161 -0.993393 0.0983072 5.39276 0.134941 0.0896103 0.986793 -0.518545
-0.977386 0.196016 0.0793413 -1.99117 -0.183324 -0.972432 0.144113 5.41551 0.105403 0.126309 0.986375 -0.415887
-0.9313 0.361943 0.0409601 -2.54346 -0.353835 -0.925627 0.134223 5.41679 0.0864947 0.110508 0.990104 -0.359397
-0.867258 0.496001 0.0429812 -2.90637 -0.495168 -0.868314 0.0289852 5.20743 0.0516979 0.00385473 0.998655 -0.451829
-0.798636 0.601789 -0.00550977 -3.17972 -0.601697 -0.798265 0.0270846 4.95741 0.011901 0.024946 0.999618 -0.341137
-0.660307 0.747956 -0.0675031 -3.55975 -0.75098 -0.657045 0.0657297 4.71169 0.00481033 0.0940953 0.995552 -0.413316
-0.579023 0.811137 -0.0823974 -3.91178 -0.815286 -0.575247 0.0663273 4.40121 0.00640175 0.105582 0.99439 -0.36464
-0.506446 0.861197 -0.0430279 -4.18277 -0.861505 -0.503262 0.0673491 4.15822 0.0363465 0.0711774 0.996801 -0.357577
-0.445466 0.893558 -0.0557999 -4.65333 -0.893649 -0.439998 0.0882823 3.56278 0.0543335 0.0891923 0.994531 -0.274767
-0.312271 0.949501 -0.030578 -4.72564 -0.941759 -0.305175 0.141276 3.06028 0.12481 0.0729135 0.989498 -0.229202
-0.162309 0.986538 -0.0199426 -4.78698 -0.979714 -0.158713 0.122351 2.6195 0.117539 0.0393967 0.992286 -0.36837
-0.104607 0.994509 -0.00296467 -4.90755 -0.991887 -0.104113 0.0729444 2.0301 0.0722352 0.0105711 0.997332 -0.449581
0.0140329 0.99951 -0.0279701 -4.88132 -0.996412 0.0163133 0.0830436 1.62619 0.0834593 0.0267044 0.996153 -0.363377
0.228263 0.973535 -0.0112137 -4.96976 -0.973267 0.228471 0.0234841 1.16137 0.0254246 0.00555338 0.999661 -0.420903
0.28881 0.954585 -0.0731918 -4.76387 -0.955129 0.292532 0.0464084 0.502759 0.0657117 0.0565044 0.996238 -0.292433
0.334892 0.933887 -0.125311 -4.50513 -0.936726 0.344356 0.062949 -0.139333 0.101939 0.0963007 0.990119 -0.287032
0.453637 0.884699 -0.10734 -4.27624 -0.878395 0.464204 0.113735 -0.690529 0.150449 0.0426924 0.987696 -0.259382
0.604935 0.789676 -0.102302 -3.81756 -0.774547 0.61336 0.154488 -1.25359 0.184743 -0.014217 0.982684 -0.268475
0.659478 0.745796 -0.0942206 -3.35696 -0.724494 0.664006 0.184946 -1.56728 0.200495 -0.0537053 0.978222 -0.200367
0.801866 0.576381 -0.157469 -3.02261 -0.562124 0.817056 0.128199 -1.98586 0.202552 -0.0142817 0.979167 -0.205441
0.891878 0.437763 -0.113651 -2.773 -0.423898 0.896705 0.127399 -2.35897 0.157682 -0.0654481 0.985319 -0.370642
0.930476 0.341966 -0.131429 -2.31659 -0.329477 0.937974 0.107934 -2.66468 0.160187 -0.0571269 0.985432 -0.238569
0.97251 0.193658 -0.129308 -1.78987 -0.175014 0.97417 0.1427 -2.96678 0.153603 -0.116146 0.981283 -0.197776
0.991228 -0.0161546 -0.131173 -1.18752 0.0378761 0.985594 0.164835 -3.08586 0.126621 -0.168358 0.97756 -0.0600307
0.989463 -0.113669 -0.0896785 -0.653017 0.122235 0.987785 0.0966361 -3.11088 0.0775986 -0.10658 0.991272 0.0335664
0.989701 -0.139723 -0.0311386 0.127256 0.142156 0.98489 0.0989137 -3.00874 0.0168476 -0.102321 0.994609 -0.0414935
0.918768 -0.392638 0.0412447 0.822653 0.387821 0.917146 0.0918618 -3.04236 -0.0738959 -0.0684041 0.994917 0.134146
0.903127 -0.420606 0.0863229 1.77871 0.418286 0.907235 0.0442876 -2.71757 -0.0969428 -0.00388964 0.995282 0.100473
0.852331 -0.518666 0.067204 2.27068 0.509079 0.852215 0.120696 -2.4946 -0.119873 -0.0686612 0.990412 -0.0923365
0.785328 -0.617757 0.0404396 2.79046 0.608871 0.782542 0.130014 -2.13828 -0.111963 -0.0774816 0.990687 -0.14611
0.676217 -0.734299 0.0594626 3.30615 0.733441 0.678613 0.0393567 -1.81872 -0.0692517 0.0169986 0.997454 -0.267892
0.587594 -0.809038 0.0138275 3.81373 0.808558 0.58773 0.0284093 -1.29045 -0.031111 -0.0055128 0.999501 -0.41895
0.507462 -0.859313 0.0637428 4.29783 0.860429 0.509315 0.0160974 -0.730634 -0.0462979 0.0466773 0.997837 -0.349567
0.404105 -0.913073 0.0547443 4.59577 0.908527 0.407601 0.0918702 -0.188934 -0.106198 0.0126115 0.994265 -0.432697
0.290803 -0.954384 0.0677064 4.82856 0.946548 0.297294 0.125153 0.477203 -0.139573 0.0276925 0.989825 -0.567442
0.144663 -0.984712 0.0970254 5.12886 0.982984 0.154239 0.0997643 1.15432 -0.113204 0.0809422 0.990269 -0.724427
0.00967071 -0.999336 0.0351207 5.1146 0.994903 0.0131415 0.0999808 1.63382 -0.100376 0.0339748 0.994369 -0.850625
-0.0626201 -0.994981 0.0780489 5.08246 0.991949 -0.0534227 0.114817 2.44194 -0.110072 0.0846105 0.990316 -0.899787
-0.119394 -0.987831 0.0996747 5.0229 0.983104 -0.103595 0.150909 3.14745 -0.138747 0.116008 0.98351 -1.07138
-0.29152 -0.953342 0.0784605 4.84404 0.9416 -0.27154 0.199137 3.78752 -0.168541 0.131931 0.976826 -1.09554
-0.317582 -0.944763 0.0810156 4.46328 0.934333 -0.297209 0.196695 4.56693 -0.161751 0.138162 0.977112 -1.27029
-0.463562 -0.881553 0.0893028 4.03252 0.876187 -0.441054 0.194337 5.1162 -0.131931 0.168333 0.976861 -1.41649
-0.636983 -0.758548 0.137322 3.80428 0.768139 -0.609564 0.195946 5.6899 -0.064928 0.230297 0.970952 -1.52236
-0.70781 -0.686018 0.168477 3.16731 0.706403 -0.687414 0.168689 6.27605 8.91881e-05 0.238412 0.971164 -1.458
-0.79237 -0.569157 0.219569 2.45479 0.60326 -0.784566 0.143299 6.76142 0.0907069 0.246003 0.965016 -1.57472
-0.854597 -0.466797 0.227518 1.85781 0.499416 -0.858858 0.113782 7.17771 0.142293 0.210864 0.967103 -1.63466
-0.905756 -0.375791 0.195925 1.19688 0.397489 -0.913645 0.0851809 7.57726 0.146995 0.155031 0.976912 -1.53507
-0.942509 -0.257922 0.212492 0.49837 0.282295 -0.954789 0.0932008 7.98191 0.178847 0.147828 0.972708 -1.38073
-0.961624 -0.190062 0.19788 -0.396314 0.217018 -0.968169 0.124708 8.27724 0.167879 0.162866 0.972261 -1.05943
-0.971163 0.110193 0.211424 -0.986857 -0.0853443 -0.988695 0.123279 8.3863 0.222618 0.10168 0.969589 -0.980494
-0.981843 0.106776 0.156789 -1.86804 -0.0878231 -0.988487 0.123212 8.43696 0.16814 0.107206 0.979916 -0.930513
-0.971481 0.225192 0.0742462 -2.6665 -0.21391 -0.967432 0.135342 8.40882 0.102306 0.115601 0.988013 -0.816246
-0.929913 0.365777 0.0383387 -3.5839 -0.360067 -0.926687 0.107717 8.17274 0.0749285 0.0863632 0.993442 -0.553683
-0.887241 0.461198 0.0100355 -4.32006 -0.456435 -0.880816 0.125819 7.90575 0.0668669 0.107051 0.992002 -0.482464
-0.826638 0.562138 -0.0258995 -5.02949 -0.562279 -0.823244 0.0781774 7.5117 0.0226249 0.0791871 0.996603 -0.585844
-0.725066 0.683466 -0.0845777 -5.73994 -0.687652 -0.725211 0.034711 6.89659 -0.0376128 0.0833277 0.995812 -0.693401
-0.635274 0.761745 -0.127167 -6.36096 -0.771923 -0.631362 0.0742813 6.20721 -0.0237049 0.145352 0.989096 -0.744109
-0.489483 0.866987 -0.0934938 -6.80976 -0.871746 -0.483858 0.0770729 5.70554 0.0215835 0.119229 0.992632 -0.706223
-0.339914 0.931845 -0.126976 -7.18726 -0.94004 -0.332638 0.0753393 4.98638 0.0279675 0.144972 0.98904 -0.591474
-0.253866 0.95762 -0.136075 -7.53486 -0.965617 -0.242774 0.0929776 4.03617 0.0560018 0.155 0.986326 -0.60412
-0.196 0.974407 -0.110064 -7.82062 -0.97888 -0.187767 0.0808525 3.14009 0.0581169 0.123586 0.990631 -0.520324
-0.0446228 0.987566 -0.150739 -7.96774 -0.995275 -0.0309225 0.0920395 2.31804 0.0862338 0.154134 0.98428 -0.577285
0.0944859 0.983322 -0.155404 -8.03826 -0.995457 0.0951592 -0.00311786 1.55764 0.0117222 0.154992 0.987846 -0.404995
0.245782 0.961436 -0.12342 -7.80564 -0.969234 0.245506 -0.0176749 0.51655 0.0133072 0.123967 0.992197 -0.56423
0.300994 0.937927 -0.172323 -7.55161 -0.953408 0.299834 -0.0333528 -0.369091 0.020386 0.174334 0.984476 -0.475115
0.394709 0.909186 -0.132607 -7.23853 -0.916286 0.400188 0.0164323 -1.22094 0.0680078 0.11502 0.991032 -0.48471
0.563391 0.812474 -0.14992 -6.89823 -0.816533 0.575225 0.0488825 -2.11694 0.125954 0.0948748 0.987489 -0.513328
0.598411 0.769124 -0.224393 -6.25583 -0.777784 0.624882 0.0676364 -3.10303 0.19224 0.134055 0.972149 -0.509668
0.694614 0.696284 -0.180831 -5.52501 -0.687075 0.716602 0.120038 -3.74723 0.213164 0.0408644 0.976161 -0.297572
0.762406 0.634342 -0.127858 -4.82506 -0.622311 0.77291 0.123852 -4.43645 0.177387 -0.0148585 0.984029 -0.311184
0.866458 0.474974 -0.153785 -4.12004 -0.471563 0.879767 0.0603218 -5.05924 0.163946 0.0202529 0.986261 -0.184084
0.928654 0.347505 -0.129775 -3.21925 -0.343379 0.937663 0.0536523 -5.49965 0.14033 -0.00526249 0.990091 -0.117381
0.962233 0.23633 -0.135116 -2.16912 -0.229576 0.971199 0.0637784 -5.94745 0.146297 -0.0303503 0.988775 0.0746849
0.988068 0.0723084 -0.135992 -1.21547 -0.066537 0.996699 0.0465216 -6.07825 0.138907 -0.036918 0.989617 0.107658
0.996085 -0.0292612 -0.0834226 -0.245306 0.0319651 0.999 0.0312628 -6.14371 0.0824244 -0.033807 0.996024 0.289282
0.983407 -0.169158 -0.0655505 0.824191 0.173023 0.983174 0.0585859 -5.98303 0.0545373 -0.0689555 0.996128 0.326039
0.95579 -0.292058 0.0341829 1.97212 0.285367 0.949317 0.131768 -5.79507 -0.0709344 -0.116188 0.990691 0.222322
0.899498 -0.409044 0.153579 2.91931 0.40174 0.912481 0.0773577 -5.52033 -0.171781 -0.00788411 0.985104 0.253618
0.868676 -0.468844 0.159961 3.85107 0.468741 0.882394 0.0407652 -5.12955 -0.160261 0.0395684 0.986281 -0.0674252
0.791966 -0.598117 0.122661 4.73485 0.599185 0.799966 0.0321148 -4.53148 -0.117333 0.0480631 0.991929 -0.00193049
0.757056 -0.647276 0.088885 5.53423 0.647723 0.761374 0.0276392 -3.84111 -0.085565 0.0366484 0.995658 -0.334787
0.664326 -0.74391 0.072588 6.21837 0.744089 0.667409 0.0299557 -3.10657 -0.0707302 0.0341116 0.996912 -0.547773
0.524486 -0.843131 0.11851 6.83609 0.846816 0.531026 0.030219 -2.28914 -0.0884104 0.0845065 0.992493 -0.648042
0.43242 -0.891509 0.135002 7.28431 0.896802 0.440777 0.0382303 -1.41751 -0.0935882 0.104538 0.990108 -0.806815
0.25252 -0.953789 0.162849 7.75972 0.964763 0.26105 0.03294 -0.493617 -0.0739295 0.148792 0.986101 -0.915285
0.180636 -0.972877 0.144503 8.08973 0.980311 0.190001 0.053761 0.644281 -0.0797585 0.131946 0.988043 -1.01686
-0.0407856 -0.987266 0.153758 8.19413 0.995279 -0.0265789 0.0933458 1.54809 -0.0880705 0.156839 0.983689 -1.10987
-0.144098 -0.97139 0.18878 8.22654 0.986445 -0.125872 0.105277 2.48957 -0.0785026 0.201391 0.97636 -1.37183
-0.294284 -0.942488 0.158471 8.09814 0.949368 -0.269199 0.161966 3.5559 -0.109991 0.198111 0.973989 -1.49013
-0.384404 -0.892633 0.235458 7.7944 0.917847 -0.342213 0.201113 4.63757 -0.0989435 0.293424 0.950848 -1.57199
-0.495994 -0.855261 0.15006 7.30506 0.864259 -0.469537 0.180528 5.62008 -0.0839395 0.219232 0.972055 -1.84519
-0.614333 -0.77822 0.130263 6.71689 0.785043 -0.586218 0.200141 6.50454 -0.0793907 0.225215 0.971069 -2.08116
-0.673634 -0.729264 0.119965 6.14717 0.733673 -0.640279 0.227521 7.52653 -0.0891121 0.241281 0.966355 -2.24331
-0.745484 -0.640343 0.184973 5.27842 0.665739 -0.701895 0.253249 8.31319 -0.032335 0.311937 0.949552 -2.27883
-0.763005 -0.611226 0.2103 4.24835 0.645928 -0.733306 0.212224 9.0562 0.024498 0.297767 0.954324 -2.377
-0.848573 -0.496782 0.182019 3.3536 0.524495 -0.835057 0.166087 9.81303 0.0694873 0.236406 0.969167 -2.3404
-0.899703 -0.362181 0.243637 2.32726 0.410923 -0.891033 0.192882 10.423 0.14723 0.273652 0.950493 -2.22014
-0.944509 -0.202438 0.258692 1.22526 0.255417 -0.947807 0.19085 10.9615 0.206555 0.246333 0.946919 -1.94578
-0.972894 -0.145778 0.179518 0.143505 0.184365 -0.957556 0.221576 11.1217 0.139597 0.248666 0.958477 -1.59127
-0.976854 0.00150839 0.213902 -1.20607 0.0641171 -0.951932 0.299525 11.3306 0.204072 0.306307 0.929801 -1.30459
-0.98661 0.104623 0.125115 -2.30687 -0.0738482 -0.97056 0.229257 11.4425 0.145418 0.216948 0.965291 -1.14297
-0.953096 0.29911 0.0462708 -3.41985 -0.28063 -0.930577 0.235102 11.4055 0.11338 0.21109 0.970869 -1.05874
-0.921204 0.388839 0.0137072 -4.65974 -0.380481 -0.90765 0.177216 11.0425 0.0813496 0.158036 0.984077 -0.906
-0.823832 0.558584 -0.0963621 -5.7374 -0.566834 -0.811821 0.14016 10.6625 6.25254e-05 0.17009 0.985429 -0.846135
-0.801387 0.573098 -0.171283 -6.76673 -0.591635 -0.801608 0.0859871 9.97087 -0.0880223 0.170246 0.981462 -0.792106
-0.681061 0.702915 -0.205102 -7.70401 -0.7263 -0.684072 0.0673328 9.20043 -0.0929753 0.194823 0.976422 -0.910102
-0.622313 0.752186 -0.216662 -8.59086 -0.780636 -0.61679 0.100888 8.10714 -0.0577486 0.231918 0.97102 -1.17421
-0.52039 0.837241 -0.167991 -9.31458 -0.853928 -0.510148 0.10274 7.22504 0.00031834 0.196917 0.98042 -1.21523
-0.43098 0.869366 -0.241785 -9.9722 -0.900969 -0.399702 0.168797 6.07037 0.0501044 0.290589 0.955535 -1.19047
-0.308858 0.915334 -0.258399 -10.5813 -0.95109 -0.298934 0.0778933 4.90489 -0.00594575 0.269819 0.962893 -1.09072
-0.138581 0.939135 -0.314357 -10.8156 -0.989623 -0.119151 0.0803048 3.76176 0.037961 0.322224 0.945902 -1.12899
-0.0498879 0.970637 -0.235319 -11.0093 -0.995187 -0.0284125 0.0937859 2.39538 0.0843461 0.238865 0.967383 -1.08022
0.0914484 0.955551 -0.280285 -10.9299 -0.99564 0.0929339 -0.00801548 1.27596 0.0183887 0.279796 0.959883 -0.884465
0.272699 0.94215 -0.194905 -10.7959 -0.962099 0.26676 -0.0566169 -0.12407 -0.00134866 0.202957 0.979187 -1.03837
0.398806 0.892989 -0.208625 -10.4872 -0.91703 0.387541 -0.0941728 -1.29499 -0.00324456 0.228872 0.973451 -1.13179
0.496189 0.841311 -0.214457 -9.94021 -0.867396 0.491084 -0.0803784 -2.57949 0.0376931 0.225902 0.973421 -1.09123
0.567877 0.801124 -0.188986 -9.33785 -0.813837 0.580851 0.0167958 -3.81937 0.123228 0.144266 0.981836 -1.05752
0.653512 0.716803 -0.243137 -8.59638 -0.73974 0.672877 -0.00456112 -4.92162 0.160332 0.182839 0.969981 -0.870918
0.754008 0.626426 -0.197642 -7.67323 -0.644223 0.763976 -0.0363045 -5.95494 0.128251 0.154699 0.979602 -0.56785
0.848485 0.509812 -0.142006 -6.65673 -0.514241 0.857622 0.00634162 -6.92023 0.12502 0.0676444 0.989846 -0.441823
0.884738 0.435463 -0.166163 -5.45056 -0.445121 0.895144 -0.0241538 -7.63501 0.138222 0.0953326 0.985802 -0.283465
0.936854 0.333404 -0.105574 -4.27961 -0.333552 0.942582 0.0167798 -8.35475 0.105107 0.0194943 0.99427 -0.0987419
0.957292 0.265934 -0.113455 -2.82303 -0.270761 0.962203 -0.0292212 -8.84713 0.101396 0.0586926 0.993113 0.05955
0.986841 0.091355 -0.133415 -1.61465 -0.102872 0.991297 -0.0821378 -9.17642 0.12475 0.0947817 0.987651 0.182202
0.995355 0.00709908 -0.0960086 -0.206801 -0.01423 0.997172 -0.0737942 -9.21234 0.0952132 0.0748176 0.992641 0.28663
0.99124 -0.130604 -0.0196498 1.2791 0.128619 0.988373 -0.0810955 -9.03306 0.0300127 0.0778577 0.996513 0.395774
0.967088 -0.229137 0.110618 2.69346 0.23359 0.971904 -0.0289569 -8.81019 -0.100875 0.0538432 0.993441 0.391082
0.913244 -0.334908 0.231998 4.0495 0.346975 0.937797 -0.0120583 -8.23005 -0.213529 0.0915097 0.972642 0.167151
0.841213 -0.484751 0.239536 5.29747 0.507911 0.860356 -0.0425942 -7.74299 -0.185439 0.157494 0.969953 -0.144555
0.777026 -0.592245 0.213252 6.47065 0.604892 0.796273 0.00736924 -6.96386 -0.174171 0.123268 0.976969 -0.320029
0.71683 -0.675014 0.174673 7.53251 0.687281 0.726258 -0.0139066 -6.00343 -0.117471 0.130018 0.984528 -0.600851
0.611303 -0.778432 0.142659 8.47089 0.783503 0.620688 0.0294788 -5.09469 -0.111494 0.0937529 0.989333 -0.815662
0.430229 -0.882468 0.19014 9.39817 0.896039 0.443042 0.0287606 -4.03517 -0.10962 0.157999 0.981336 -1.06355
0.412384 -0.884416 0.218515 10.0098 0.903918 0.427101 0.0227611 -2.6589 -0.113458 0.188133 0.975568 -1.21071
0.28926 -0.93142 0.220874 10.5762 0.945552 0.313978 0.0857274 -1.26002 -0.149198 0.18405 0.971527 -1.47907
0.156801 -0.955876 0.248425 11.0653 0.978312 0.184799 0.0935671 0.0663795 -0.135347 0.228365 0.964122 -1.47655
-0.011885 -0.96542 0.260428 11.1974 0.991717 0.0219314 0.126559 1.48791 -0.127894 0.259775 0.957162 -1.6204
-0.116362 -0.969016 0.217872 11.1167 0.980471 -0.077056 0.180939 2.86026 -0.158544 0.234672 0.959058 -1.95619
-0.274305 -0.935936 0.220863 10.9974 0.941359 -0.214417 0.260517 4.31893 -0.196471 0.279373 0.939867 -2.23904
-0.389797 -0.881291 0.267178 10.5077 0.903684 -0.310218 0.295161 5.66838 -0.17724 0.356498 0.917331 -2.40068
-0.523883 -0.827084 0.203663 9.92847 0.845609 -0.476244 0.241116 7.04625 -0.10243 0.298536 0.948886 -2.68496
-0.605175 -0.760502 0.235372 9.17784 0.791334 -0.542386 0.282148 8.24623 -0.0869115 0.357006 0.93005 -2.95017
-0.679187 -0.697498 0.228477 8.2743 0.733659 -0.636188 0.238765 9.43178 -0.0211838 0.32979 0.943817 -3.16461
-0.815288 -0.536126 0.2188 7.1779 0.57866 -0.768283 0.273667 10.4929 0.0213806 0.349729 0.936607 -3.40822
-0.803449 -0.55927 0.204173 6.02929 0.59534 -0.758295 0.26563 11.4735 0.00626445 0.334972 0.942207 -3.305
-0.859647 -0.441184 0.257611 4.73604 0.502549 -0.820976 0.271004 12.3356 0.0919296 0.36243 0.927466 -3.19469
-0.919131 -0.265924 0.290658 3.39975 0.348683 -0.892522 0.28605 13.1155 0.183351 0.364265 0.913068 -3.15051
-0.934137 -0.158134 0.31997 1.90459 0.262774 -0.911389 0.316734 13.7442 0.241531 0.379953 0.892916 -2.87647
-0.973626 -0.0364383 0.22522 0.49783 0.113313 -0.934034 0.338735 14.16 0.19802 0.355321 0.913529 -2.50669
-0.988092 -0.00663846 0.153723 -1.15627 0.060165 -0.936194 0.346296 14.2075 0.141616 0.351421 0.925445 -2.27668
-0.982862 0.11079 0.147337 -2.69702 -0.050233 -0.929968 0.364193 14.3721 0.177368 0.35055 0.919595 -2.04799
-0.973085 0.230329 -0.00730798 -4.32169 -0.218797 -0.913481 0.343047 14.2657 0.072338 0.335413 0.93929 -1.7911
-0.937194 0.340644 -0.0750192 -5.80502 -0.345675 -0.878285 0.330341 13.7872 0.0466405 0.335526 0.940876 -1.53488
-0.86578 0.460658 -0.195495 -7.38062 -0.496635 -0.838929 0.222601 13.2142 -0.0614635 0.289813 0.955108 -1.40782
-0.734426 0.59805 -0.320865 -8.49635 -0.667227 -0.722756 0.18009 12.3622 -0.124204 0.346353 0.929846 -1.47895
-0.680736 0.646728 -0.34401 -9.82801 -0.720954 -0.674658 0.158307 11.2194 -0.129707 0.35578 0.925525 -1.72326
-0.586965 0.756708 -0.287864 -10.8874 -0.803568 -0.587881 0.0931406 10.0553 -0.0987495 0.285988 0.953131 -1.92241
-0.555757 0.781312 -0.284051 -11.9482 -0.831343 -0.522962 0.188093 8.64254 -0.00158871 0.340678 0.940179 -2.02537
-0.432336 0.849574 -0.302174 -12.8083 -0.901526 -0.400433 0.164026 7.22492 0.0183522 0.343332 0.939035 -2.15084
-0.271195 0.908001 -0.319355 -13.3419 -0.962499 -0.253433 0.0967829 5.80804 0.00694412 0.333626 0.94268 -2.03075
-0.0616192 0.933684 -0.352756 -13.7463 -0.998077 -0.0552557 0.0280912 4.15514 0.00673657 0.353809 0.935294 -2.01772
-0.0518844 0.934748 -0.351502 -13.8974 -0.997285 -0.030082 0.06721 2.41196 0.0522506 0.354035 0.933772 -1.99758
0.106087 0.93348 -0.34258 -13.7876 -0.993186 0.116187 0.00903002 0.931396 0.0482327 0.339288 0.939445 -1.93621
0.303131 0.896362 -0.323492 -13.7462 -0.952421 0.296272 -0.0715385 -0.814017 0.0317173 0.329786 0.943523 -1.82476
0.382704 0.873372 -0.301264 -13.1598 -0.921911 0.382247 -0.0629853 -2.32753 0.0601475 0.301843 0.951458 -1.87245
0.478028 0.834688 -0.273469 -12.5118 -0.873845 0.483417 -0.0519957 -4.01677 0.0887996 0.263825 0.960474 -1.83991
0.580941 0.767736 -0.27035 -11.6522 -0.798562 0.601875 -0.00679134 -5.57815 0.157503 0.219836 0.962738 -1.65985
0.619709 0.755438 -0.212779 -10.6137 -0.776322 0.629847 -0.0248319 -6.96153 0.115259 0.180573 0.976785 -1.47961
0.74473 0.640772 -0.186518 -9.59213 -0.658641 0.75075 -0.050664 -8.26892 0.107564 0.160579 0.981144 -1.14106
0.792896 0.577947 -0.193114 -8.15104 -0.594128 0.80364 -0.0342816 -9.4687 0.135381 0.141916 0.980577 -0.778889
0.860601 0.474003 -0.186244 -6.75413 -0.495079 0.864412 -0.0876857 -10.3531 0.119428 0.167668 0.978583 -0.665723
0.955679 0.274078 -0.107512 -5.23928 -0.281978 0.957107 -0.0665861 -11.2292 0.0846503 0.0939509 0.991972 -0.423213
0.949561 0.278785 -0.143573 -3.66883 -0.293971 0.950767 -0.0980957 -11.8342 0.109157 0.135354 0.984766 -0.251921
0.993186 0.0620354 -0.0986581 -1.94161 -0.0735765 0.990283 -0.118009 -12.1166 0.0903787 0.124463 0.988099 -0.163261
0.997883 0.0361057 -0.0540888 -0.175198 -0.0444446 0.985805 -0.161907 -12.2093 0.0474753 0.163968 0.985323 -0.0608022
0.991458 -0.128037 0.0248432 1.73823 0.130424 0.972624 -0.192331 -12.0018 0.000462418 0.193928 0.981016 0.00981341
0.952756 -0.273495 0.13212 3.44609 0.285936 0.954343 -0.0864319 -11.7745 -0.102449 0.120126 0.987458 0.00975335
0.8946 -0.387749 0.222129 5.16812 0.42509 0.891704 -0.155443 -11.0735 -0.1378 0.233484 0.962547 -0.188443
0.856254 -0.473109 0.207356 6.77706 0.500097 0.859772 -0.103418 -10.3261 -0.129351 0.192251 0.972784 -0.601732
0.791858 -0.544577 0.2764 8.39851 0.584289 0.807243 -0.0834551 -9.34748 -0.177674 0.227582 0.957412 -0.726501
0.686545 -0.68614 0.240557 9.56192 0.709761 0.704238 -0.0169465 -8.29822 -0.157782 0.182373 0.970487 -1.02761
0.62991 -0.736785 0.245684 10.9009 0.768175 0.637681 -0.0571754 -6.94788 -0.114542 0.224743 0.967662 -1.25298
0.498639 -0.823051 0.271932 12.0914 0.85431 0.519723 0.00649328 -5.41376 -0.146673 0.229076 0.962295 -1.49395
0.378227 -0.869867 0.316663 12.8319 0.914821 0.403547 0.0158593 -3.91495 -0.141584 0.283692 0.948406 -1.87322
0.246556 -0.924735 0.289957 13.4153 0.964733 0.262659 0.0173435 -2.23103 -0.0921977 0.275455 0.956883 -2.08518
0.112387 -0.964849 0.237561 13.8993 0.986924 0.136188 0.0862246 -0.496968 -0.115547 0.224764 0.967538 -2.36116
-0.0541048 -0.960069 0.274483 14.1785 0.988982 -0.0135905 0.147408 1.2468 -0.137791 0.279434 0.950226 -2.59995
-0.189769 -0.943705 0.270941 14.1088 0.972807 -0.143402 0.181884 3.08072 -0.132792 0.29809 0.945256 -2.73583
-0.278475 -0.920091 0.275471 13.6949 0.940635 -0.203322 0.271784 4.99057 -0.194056 0.334803 0.92209 -3.10606
-0.345166 -0.879828 0.326745 13.2159 0.916103 -0.240167 0.321053 6.65024 -0.203998 0.410149 0.888911 -3.40094
-0.480535 -0.836858 0.262212 12.4354 0.867713 -0.410369 0.280483 8.35828 -0.12712 0.362306 0.92335 -3.77452
-0.592503 -0.765151 0.251961 11.4813 0.789706 -0.489932 0.369231 9.8695 -0.159074 0.417746 0.89453 -4.09459
-0.663329 -0.705733 0.24887 10.2614 0.743151 -0.582194 0.329813 11.2626 -0.0878692 0.403722 0.910652 -4.38866
-0.755721 -0.625584 0.193726 8.82868 0.652292 -0.69269 0.307727 12.7436 -0.0583172 0.358921 0.931544 -4.51844
-0.840782 -0.456793 0.290562 7.65488 0.535391 -0.781156 0.321172 13.8827 0.080265 0.4256 0.901345 -4.63163
-0.852493 -0.439819 0.282514 6.03164 0.51484 -0.800023 0.308063 14.8789 0.0905257 0.408071 0.908451 -4.45517
-0.886994 -0.381969 0.259502 4.17615 0.449206 -0.843964 0.293153 15.8619 0.107035 0.376595 0.920174 -4.25196
-0.933289 -0.293978 0.206275 2.53492 0.34562 -0.891293 0.293502 16.5609 0.0975684 0.345215 0.933438 -3.98581
-0.980479 -0.1256 0.151279 0.673292 0.169794 -0.928826 0.329321 17.0215 0.0991489 0.348579 0.932021 -3.67075
-0.989293 0.0272719 0.143371 -1.29583 0.0345704 -0.910634 0.411765 17.1318 0.141788 0.412312 0.899942 -3.36106
-0.975409 0.188693 0.113896 -3.09095 -0.119263 -0.886444 0.447206 17.174 0.185347 0.422625 0.88715 -3.32696
-0.97123 0.231014 0.0578366 -5.01612 -0.173333 -0.852285 0.493523 16.9847 0.163304 0.469299 0.867807 -2.9557
-0.918773 0.369842 -0.138109 -6.9259 -0.387948 -0.780971 0.489469 16.5978 0.0731669 0.50329 0.861014 -2.61453
-0.840554 0.433768 -0.324521 -8.7346 -0.534575 -0.761177 0.367203 15.7354 -0.0877366 0.482135 0.871693 -2.45133
-0.75349 0.541536 -0.372816 -10.3099 -0.652639 -0.684627 0.324574 14.5792 -0.0794713 0.487878 0.869287 -2.6585
-0.666147 0.651041 -0.36386 -11.793 -0.741789 -0.629008 0.232591 13.1597 -0.0774444 0.424847 0.901946 -2.85061
-0.577175 0.754958 -0.311301 -13.1087 -0.814879 -0.557338 0.159206 11.8336 -0.0533058 0.345562 0.936881 -3.06355
-0.516905 0.779724 -0.353326 -14.4613 -0.855199 -0.48868 0.172704 10.1226 -0.0380024 0.391436 0.919421 -3.1769
-0.38285 0.848583 -0.365148 -15.411 -0.9238 -0.349795 0.155681 8.46786 0.00438108 0.396926 0.91784 -3.1582
-0.237375 0.897406 -0.371907 -16.0358 -0.971414 -0.218199 0.0935085 6.63443 0.00276542 0.383472 0.923548 -3.20169
-0.104203 0.90534 -0.411705 -16.5549 -0.994163 -0.0831875 0.0686943 4.46699 0.027943 0.41646 0.908724 -3.21481
-0.0411522 0.920794 -0.387873 -16.6979 -0.998221 -0.0211267 0.0557546 2.4456 0.043144 0.389477 0.920025 -3.09107
0.0949388 0.916365 -0.388924 -16.5772 -0.992036 0.119578 0.039581 0.437141 0.0827773 0.382069 0.920419 -2.94677
0.22869 0.905411 -0.357676 -16.3548 -0.971725 0.234477 -0.0277522 -1.69771 0.0587396 0.353909 0.933433 -2.9024
0.346484 0.876226 -0.334929 -15.9175 -0.933486 0.357271 -0.031017 -3.47502 0.0924823 0.323398 0.941733 -2.8811
0.452569 0.828709 -0.329275 -14.9595 -0.885995 0.45969 -0.0608146 -5.53004 0.100967 0.319259 0.942274 -2.62418
0.525466 0.793915 -0.305918 -14.1561 -0.839255 0.542731 -0.0330731 -7.24915 0.139774 0.274122 0.951483 -2.45174
0.666684 0.686339 -0.29064 -12.9749 -0.727317 0.684298 -0.0524026 -8.87536 0.162919 0.246324 0.955396 -2.24502
0.748205 0.589425 -0.304578 -11.5778 -0.629101 0.776107 -0.043468 -10.3905 0.210764 0.224133 0.951495 -1.82863
0.820199 0.508123 -0.262839 -9.98235 -0.548745 0.828669 -0.110391 -11.8265 0.161714 0.234774 0.958504 -1.31988
0.869528 0.458572 -0.183392 -8.29491 -0.482653 0.867735 -0.118663 -13.0134 0.10472 0.191696 0.975852 -1.24209
0.929092 0.34025 -0.144978 -6.29605 -0.360893 0.91978 -0.154147 -14.1178 0.0808989 0.195538 0.977354 -1.17786
0.956884 0.252609 -0.14339 -4.34653 -0.27832 0.938633 -0.203729 -14.6636 0.0831266 0.234853 0.96847 -0.920134
0.986551 0.13647 -0.0899574 -2.25116 -0.159474 0.924334 -0.346662 -15.1881 0.0358417 0.356346 0.933666 -0.612745
0.999657 -0.025596 0.00555372 -0.15917 0.0261835 0.971359 -0.236172 -15.3361 0.000650394 0.236236 0.971695 -0.617012
0.977413 -0.203415 0.057328 2.04431 0.211321 0.937146 -0.277669 -15.0507 0.00275724 0.283512 0.958965 -0.58192
0.94396 -0.293696 0.150608 4.27673 0.321641 0.92094 -0.220038 -14.6279 -0.0740769 0.256148 0.963795 -0.68344
0.907519 -0.378634 0.181783 6.38253 0.40941 0.894093 -0.181609 -13.8464 -0.093768 0.239237 0.966423 -0.957507
0.861618 -0.477828 0.171159 8.30379 0.498685 0.859748 -0.110217 -12.866 -0.0944887 0.180319 0.979059 -1.20578
0.794438 -0.564403 0.224314 10.0393 0.599448 0.788035 -0.140226 -11.7197 -0.0976237 0.245865 0.964375 -1.56348
0.71832 -0.654097 0.237009 11.6487 0.676597 0.736106 -0.0191082 -10.4296 -0.161965 0.174085 0.97132 -1.69532
0.56983 -0.767836 0.292782 13.1914 0.812676 0.579386 -0.0622104 -9.02396 -0.121866 0.273386 0.954153 -1.92945
0.490893 -0.800627 0.343542 14.4829 0.858844 0.510938 -0.0364717 -7.0045 -0.146328 0.312952 0.938429 -2.31225
0.388977 -0.844614 0.367866 15.5948 0.911255 0.411407 -0.0189666 -5.05767 -0.135323 0.342597 0.929686 -2.7653
0.304518 -0.89331 0.330554 16.2467 0.946042 0.324017 0.0041182 -3.00484 -0.110784 0.311464 0.943778 -2.99049
0.173153 -0.902137 0.39518 16.8147 0.981095 0.193206 0.0111812 -0.874795 -0.086438 0.385773 0.918536 -3.17678
0.0108801 -0.947029 0.320963 17.1085 0.99083 0.0534421 0.124098 1.20128 -0.134678 0.316669 0.938926 -3.44935
-0.123902 -0.938337 0.322758 17.0038 0.979458 -0.0634987 0.191392 3.43684 -0.159095 0.339841 0.926929 -3.7015
-0.247269 -0.929204 0.27466 16.555 0.937114 -0.157276 0.311579 5.43965 -0.246323 0.334431 0.90966 -4.14641
-0.44739 -0.819577 0.357961 15.9608 0.880729 -0.334191 0.335608 7.43075 -0.155429 0.465414 0.871339 -4.63645
-0.504929 -0.805015 0.311443 14.9498 0.853425 -0.411565 0.319812 9.42808 -0.129275 0.427276 0.894831 -5.13352
-0.624166 -0.710675 0.324589 13.7187 0.775525 -0.513178 0.367708 11.2426 -0.0947489 0.481238 0.871454 -5.51999
-0.705687 -0.612192 0.356689 12.4409 0.708513 -0.612489 0.350523 12.9943 0.00388077 0.500078 0.865972 -5.71215
-0.723159 -0.615731 0.312916 10.8429 0.688867 -0.610171 0.391348 14.7117 -0.0500327 0.498564 0.865408 -5.66523
-0.777639 -0.558618 0.288485 9.03871 0.6286 -0.682217 0.373419 16.1249 -0.011789 0.471727 0.881666 -5.82848
-0.874276 -0.414652 0.252398 7.33005 0.481319 -0.808 0.339806 17.3827 0.0630361 0.418568 0.905995 -5.7474
-0.923884 -0.328353 0.196525 5.28573 0.376018 -0.874315 0.306894 18.4049 0.0710549 0.357432 0.931232 -5.41077
-0.967226 -0.211903 0.139895 3.25977 0.245516 -0.921025 0.302381 19.3091 0.064771 0.326817 0.942865 -5.24172
-0.988366 -0.0922042 0.120959 1.07845 0.127135 -0.937374 0.324295 19.8547 0.0834822 0.3359 0.938191 -4.96305
-0.998248 0.0239966 0.0540872 -1.37637 -0.00138736 -0.923317 0.384037 19.9389 0.0591551 0.383289 0.921732 -4.83351
-0.990057 0.138539 0.0243906 -3.57423 -0.113603 -0.889702 0.442182 19.8139 0.0829599 0.435014 0.896594 -4.59769
-0.977143 0.209766 -0.0344784 -5.99591 -0.202007 -0.865732 0.457931 19.5764 0.0662093 0.454429 0.888319 -4.47626
-0.916866 0.377456 -0.129938 -7.98586 -0.393403 -0.799108 0.4546 19.0264 0.0677572 0.467925 0.881167 -4.29258
-0.85997 0.471261 -0.195867 -10.0715 -0.508978 -0.76393 0.396676 17.9146 0.0373093 0.440821 0.896819 -4.16344
-0.790613 0.534825 -0.298149 -12.1093 -0.609771 -0.732035 0.303817 16.6268 -0.0557664 0.422004 0.904877 -4.11542
-0.686391 0.625961 -0.370189 -13.8423 -0.716454 -0.669367 0.196574 15.1884 -0.124745 0.40015 0.90792 -4.26458
-0.610043 0.709834 -0.352113 -15.4295 -0.790177 -0.578013 0.203765 13.4645 -0.0588868 0.402537 0.913508 -4.31424
-0.493788 0.779475 -0.385477 -16.8593 -0.869469 -0.44971 0.204413 11.5194 -0.0140176 0.436097 0.89979 -4.52804
-0.33323 0.803391 -0.493478 -18.0898 -0.941887 -0.307251 0.135816 9.4857 -0.0425079 0.510059 0.859088 -4.39693
-0.215039 0.838391 -0.500858 -18.6969 -0.976579 -0.180842 0.116572 7.21679 0.00715674 0.514195 0.857644 -4.51861
-0.136677 0.887437 -0.440199 -19.1409 -0.989326 -0.0996126 0.106356 4.85471 0.0505346 0.450037 0.891579 -4.62165
-0.0355518 0.885544 -0.463193 -19.37 -0.992666 0.0222946 0.118814 2.46524 0.115542 0.46402 0.878257 -4.49682
0.0876599 0.900623 -0.425668 -19.3527 -0.990617 0.123789 0.0579079 0.0643314 0.104846 0.416598 0.903024 -4.28235
0.224781 0.886161 -0.405206 -19.0364 -0.965438 0.25884 0.0305083 -2.34054 0.131919 0.384343 0.913716 -4.2024
0.358891 0.836484 -0.414115 -18.4785 -0.912528 0.407704 0.0326961 -4.57697 0.196186 0.366158 0.909637 -3.97703
0.397778 0.834323 -0.381678 -17.4478 -0.901937 0.431848 0.00400957 -6.86152 0.168172 0.342655 0.924287 -3.67724
0.555595 0.744094 -0.370996 -16.5174 -0.809069 0.586672 -0.034976 -8.94746 0.191627 0.319594 0.927976 -3.37667
0.640788 0.695259 -0.325585 -15.0654 -0.755546 0.646326 -0.106826 -11.0044 0.136162 0.314447 0.939459 -2.89249
0.728819 0.606339 -0.318083 -13.4382 -0.663559 0.740033 -0.109731 -12.7966 0.168857 0.291041 0.941691 -2.61212
0.814397 0.513581 -0.270169 -11.6 -0.56215 0.813752 -0.147632 -14.4703 0.14403 0.272107 0.951427 -2.16552
0.884961 0.413827 -0.213521 -9.57182 -0.451347 0.875096 -0.174622 -15.7027 0.114588 0.250906 0.961205 -2.05092
0.940848 0.278204 -0.193409 -7.3212 -0.319239 0.919124 -0.230865 -16.7395 0.11354 0.278952 0.953569 -1.79885
0.96266 0.237479 -0.129957 -4.9673 -0.263439 0.932324 -0.247733 -17.4503 0.0623303 0.272718 0.960073 -1.66766
0.996817 0.0696415 -0.0388175 -2.54317 -0.0791704 0.922135 -0.37868 -18.1197 0.00942308 0.380548 0.924713 -1.54778
0.998582 -0.0525223 0.00870234 -0.144715 0.0520715 0.929523 -0.36507 -18.2332 0.0110853 0.365005 0.930939 -1.4367
0.98618 -0.151589 0.066863 2.57436 0.164981 0.935533 -0.312345 -17.969 -0.0152044 0.31906 0.947613 -1.57992
0.974983 -0.198364 0.100299 5.01775 0.219519 0.930169 -0.294276 -17.4112 -0.0349212 0.308931 0.950443 -1.59289
0.919946 -0.367804 0.13572 7.51686 0.389423 0.897264 -0.208009 -16.683 -0.0452705 0.24421 0.968665 -1.75943
0.84225 -0.496909 0.209036 9.71423 0.535572 0.815498 -0.219374 -15.5891 -0.0614598 0.296722 0.952984 -1.90276
0.770934 -0.594494 0.228557 11.7021 0.633354 0.753456 -0.176539 -14.1753 -0.0672559 0.280857 0.95739 -2.24889
0.714149 -0.637735 0.288592 13.7277 0.693638 0.700154 -0.169264 -12.5706 -0.0941132 0.321059 0.942372 -2.43306
0.57993 -0.729849 0.361941 15.5363 0.805605 0.579853 -0.121536 -10.7832 -0.121169 0.362064 0.924244 -2.86629
0.506876 -0.769044 0.38942 16.9203 0.843706 0.535221 -0.0412061 -8.61918 -0.176737 0.349443 0.920138 -3.24015
0.418421 -0.791469 0.445534 18.0626 0.894248 0.444809 -0.0496487 -6.32601 -0.158882 0.419192 0.893887 -3.82554
0.301726 -0.845512 0.440535 18.9714 0.951849 0.293452 -0.0887117 -3.89834 -0.0542691 0.446089 0.893342 -4.20542
0.186476 -0.870347 0.455766 19.5788 0.979282 0.201943 -0.0150334 -1.38694 -0.0789544 0.449126 0.889973 -4.3243
0.0175037 -0.881709 0.471469 20.1355 0.996715 0.0526784 0.0615115 1.0616 -0.0790715 0.468843 0.879735 -4.57253
-0.224487 -0.855193 0.467172 19.9713 0.955372 -0.0986809 0.278435 3.52251 -0.192015 0.508828 0.839181 -4.80324
-0.368053 -0.847091 0.383371 19.3287 0.891085 -0.203604 0.405601 5.92392 -0.265525 0.490899 0.829768 -5.35322
-0.367447 -0.816025 0.446189 18.2217 0.9048 -0.202631 0.374537 8.34273 -0.21522 0.541335 0.812796 -6.07188
-0.52173 -0.751269 0.40422 17.2809 0.836627 -0.357878 0.414702 10.6775 -0.166892 0.554544 0.815247 -6.54573
-0.57834 -0.709329 0.402957 15.8769 0.808878 -0.434409 0.39624 12.7643 -0.106016 0.555105 0.824997 -7.08227
-0.7181 -0.571138 0.39766 14.3746 0.695611 -0.606621 0.384886 14.8255 0.0214064 0.553003 0.832904 -7.30251
-0.738047 -0.563705 0.37084 12.5913 0.671976 -0.663824 0.328307 16.6234 0.0611037 0.491502 0.86873 -7.21681
-0.812649 -0.456069 0.362771 10.679 0.570808 -0.748348 0.337865 18.3427 0.117389 0.481638 0.868472 -7.24388
-0.857927 -0.381064 0.344603 8.4859 0.490595 -0.806802 0.329222 19.7674 0.152571 0.451509 0.879126 -6.9483
-0.904609 -0.339077 0.25828 6.20957 0.400684 -0.883141 0.243957 21.1161 0.145377 0.324175 0.93476 -6.5901
-0.964286 -0.241483 0.108803 3.89553 0.262364 -0.927167 0.267446 22.0913 0.0362955 0.28644 0.95741 -6.27695
-0.995439 -0.0729669 0.0614557 1.29205 0.0900172 -0.93173 0.351819 22.6299 0.0315889 0.355747 0.934048 -6.0582
-0.999143 0.0413857 0.000428013 -1.44279 -0.0378584 -0.918067 0.394613 22.7527 0.0167243 0.394258 0.918848 -6.05808
-0.994482 0.104163 -0.012499 -4.16736 -0.099103 -0.893648 0.437689 22.5083 0.0344215 0.436512 0.89904 -6.05798
-0.977207 0.191906 -0.0907617 -6.67974 -0.211977 -0.85902 0.465994 22.1722 0.011461 0.474612 0.88012 -5.87616
-0.939642 0.308483 -0.148027 -9.25967 -0.340683 -0.803336 0.488453 21.3819 0.0317644 0.509401 0.859943 -5.79719
-0.885016 0.403139 -0.232863 -11.5297 -0.465451 -0.755355 0.461296 20.2597 0.0100723 0.51664 0.856143 -5.64634
-0.804087 0.501237 -0.319696 -13.7879 -0.594439 -0.686284 0.419115 18.9028 -0.00932567 0.527044 0.849787 -5.55659
-0.68525 0.597008 -0.417149 -15.8104 -0.726861 -0.596681 0.340066 17.174 -0.0458827 0.53624 0.842818 -5.51423
-0.563285 0.713092 -0.417383 -17.6189 -0.824587 -0.517305 0.229025 15.1308 -0.0525985 0.473175 0.879397 -5.77571
-0.442406 0.792158 -0.420431 -19.1164 -0.896775 -0.395168 0.199088 12.8461 -0.00843173 0.46511 0.885213 -5.91934
-0.373077 0.792838 -0.481893 -20.2678 -0.927035 -0.339633 0.158919 10.3993 -0.0376696 0.506021 0.861698 -5.96386
-0.209288 0.828215 -0.519863 -21.1598 -0.977812 -0.182205 0.103373 7.83908 -0.0091066 0.529963 0.847972 -6.09047
-0.157563 0.860337 -0.484762 -21.6897 -0.985579 -0.106329 0.131636 4.98202 0.061707 0.498512 0.864684 -6.05306
-0.0379869 0.877002 -0.478982 -22.0215 -0.997003 -0.000936512 0.0773552 2.34359 0.0673921 0.480485 0.87441 -5.91452
0.0698527 0.881614 -0.466773 -21.989 -0.995254 0.0933737 0.027419 -0.282842 0.0677573 0.462642 0.883952 -5.69342
0.226517 0.858837 -0.459445 -21.6691 -0.966865 0.255289 0.000523231 -3.11733 0.117741 0.444102 0.888206 -5.40706
0.260955 0.834914 -0.484584 -20.9905 -0.953076 0.302621 0.00815774 -5.84245 0.153457 0.459717 0.874706 -5.11226
0.372445 0.801265 -0.468251 -20.0896 -0.905131 0.425068 0.00743335 -8.33316 0.204994 0.421059 0.883564 -4.79844
0.51789 0.713429 -0.472027 -18.8833 -0.829543 0.553594 -0.073433 -10.7044 0.208922 0.429597 0.878521 -4.3556
0.656677 0.639363 -0.399988 -17.3405 -0.748558 0.617158 -0.24244 -12.9075 0.0918487 0.458619 0.883873 -3.7929
0.683057 0.634514 -0.361697 -15.2883 -0.722864 0.658113 -0.210605 -14.9899 0.104405 0.405313 0.908197 -3.66246
0.803612 0.495901 -0.329075 -13.2076 -0.58078 0.774209 -0.251586 -16.9004 0.130011 0.393298 0.910172 -3.15942
0.895012 0.39779 -0.201786 -10.852 -0.441831 0.852673 -0.278808 -18.3543 0.0611503 0.338692 0.938908 -2.87304
0.940883 0.297852 -0.161318 -8.31469 -0.33665 0.874964 -0.348002 -19.4868 0.037494 0.381737 0.92351 -2.83473
0.980306 0.177828 -0.085896 -5.65763 -0.196721 0.917564 -0.345509 -20.3247 0.0173737 0.355602 0.934476 -2.72201
0.993976 0.109029 -0.0111222 -2.66642 -0.10499 0.918196 -0.381959 -20.7909 -0.031432 0.380826 0.924112 -2.57941
0.997872 -0.0638923 0.0129887 0.0867797 0.0635963 0.90993 -0.409857 -20.9756 0.0143678 0.409811 0.912058 -2.66235
0.986648 -0.157461 0.0416142 2.97162 0.161931 0.921057 -0.354165 -20.752 0.0174383 0.356175 0.934256 -2.66366
0.967248 -0.233667 0.0991539 5.8515 0.252704 0.923247 -0.289405 -20.3025 -0.0239193 0.304983 0.952057 -2.60136
0.915836 -0.357509 0.182843 8.55184 0.396339 0.877932 -0.268609 -19.4699 -0.0644931 0.31847 0.945737 -2.63241
0.829666 -0.447977 0.333124 11.1504 0.535565 0.807112 -0.248475 -18.2036 -0.157557 0.384561 0.909554 -2.6405
0.773794 -0.533597 0.341347 13.5416 0.616741 0.757559 -0.213856 -16.4334 -0.144478 0.376003 0.915286 -3.29776
0.684917 -0.60497 0.406079 15.7241 0.722234 0.637331 -0.268678 -14.7074 -0.0962641 0.477306 0.873448 -3.58356
0.624172 -0.671538 0.399306 17.6582 0.771333 0.610981 -0.178179 -12.5961 -0.124314 0.419212 0.899337 -3.9899
0.461874 -0.786654 0.409693 19.3063 0.875912 0.477184 -0.07123 -10.1616 -0.139466 0.391754 0.909438 -4.56554
0.420089 -0.772522 0.476167 20.5468 0.896237 0.435532 -0.0840907 -7.54084 -0.142424 0.462084 0.875325 -5.04402
0.273499 -0.837917 0.472328 21.4866 0.954383 0.297555 -0.0247638 -4.83544 -0.119794 0.457555 0.881075 -5.4784
0.142597 -0.843992 0.517053 22.3587 0.983904 0.177712 0.0187324 -2.08803 -0.107696 0.506059 0.855749 -5.79241
0.0061506 -0.836096 0.548549 22.7072 0.992537 0.0719131 0.0984809 0.83086 -0.121787 0.543849 0.830299 -6.07698
-0.153588 -0.859227 0.487996 22.517 0.960693 -0.0142635 0.277246 3.75911 -0.231257 0.511396 0.827644 -6.40541
-0.348261 -0.803336 0.48308 21.9959 0.916239 -0.182844 0.356474 6.33445 -0.19804 0.566763 0.799725 -7.11247
-0.416799 -0.769969 0.483142 20.8935 0.897082 -0.262641 0.355335 9.02388 -0.146704 0.581521 0.800194 -7.86043
-0.481522 -0.77316 0.412748 19.4535 0.860137 -0.326485 0.391883 11.6435 -0.168232 0.54372 0.822233 -8.34322
-0.575004 -0.679604 0.455532 18.019 0.813471 -0.415428 0.407044 14.141 -0.0873876 0.604614 0.79171 -8.86189
-0.665011 -0.58271 0.467128 16.1633 0.746825 -0.515877 0.419671 16.5397 -0.00356575 0.627949 0.778247 -8.92164
-0.722982 -0.542937 0.42722 14.2235 0.687771 -0.624112 0.370751 18.7352 0.065339 0.561875 0.824637 -8.97684
-0.792553 -0.474414 0.383134 12.1684 0.605087 -0.689814 0.397525 20.5491 0.0756996 0.546889 0.833776 -8.6273
-0.829028 -0.372804 0.416809 9.71689 0.53219 -0.75486 0.383354 22.2891 0.171717 0.539633 0.824203 -8.37402
-0.868437 -0.301645 0.393482 7.18194 0.443926 -0.826494 0.346175 23.8043 0.220788 0.475307 0.851666 -7.7061
-0.974419 -0.180584 0.133782 4.531 0.216091 -0.91639 0.336948 24.8935 0.0617492 0.357237 0.93197 -7.28294
-0.998598 -0.0417142 0.0325828 1.46847 0.052049 -0.885778 0.461182 25.47 0.00962324 0.462232 0.886707 -7.19329
-0.999733 0.00799667 -0.0216919 -1.54688 -0.0164734 -0.904714 0.425701 25.4947 -0.0162208 0.425944 0.904604 -7.25079
-0.991036 0.119215 -0.060289 -4.38426 -0.133592 -0.883305 0.449361 25.3111 0.000317041 0.453388 0.891313 -7.38076
-0.951829 0.275341 -0.134941 -7.35392 -0.306166 -0.829229 0.467591 24.8345 0.0168503 0.486381 0.873584 -7.42472
-0.899646 0.389409 -0.197477 -10.1295 -0.435494 -0.76786 0.469825 23.8411 0.0313191 0.508677 0.860388 -7.35569
-0.84711 0.471614 -0.244917 -12.8306 -0.530341 -0.720952 0.446057 22.6677 0.0337934 0.507749 0.860842 -7.30434
-0.762815 0.544896 -0.348139 -15.3838 -0.646446 -0.6303 0.429918 21.0432 0.0148288 0.553001 0.833049 -7.22359
-0.652716 0.603457 -0.458041 -17.6984 -0.756475 -0.552104 0.350609 19.0065 -0.0413086 0.575345 0.816867 -7.22614
-0.570574 0.662608 -0.485175 -19.7038 -0.820249 -0.488908 0.29692 16.6692 -0.0404642 0.567379 0.822462 -7.27641
-0.453522 0.728965 -0.512765 -21.4054 -0.890658 -0.391581 0.231068 14.0943 -0.0323486 0.561493 0.826849 -7.43547
-0.391243 0.773672 -0.498358 -22.7056 -0.920022 -0.315806 0.232006 11.359 0.0221121 0.549271 0.835352 -7.58405
-0.218046 0.801736 -0.556484 -23.6972 -0.975209 -0.156951 0.155992 8.4733 0.0377239 0.576702 0.816083 -7.71352
-0.148001 0.856491 -0.494489 -24.191 -0.98798 -0.105481 0.113003 5.35958 0.0446264 0.50527 0.861807 -7.61301
-0.0569666 0.855409 -0.514811 -24.5731 -0.997596 -0.0283924 0.0632127 2.28777 0.0394561 0.517174 0.85497 -7.52568
0.0648949 0.826397 -0.559335 -24.7048 -0.989391 0.126292 0.0718015 -0.684948 0.129976 0.548742 0.825826 -7.3954
0.200217 0.809535 -0.551875 -24.2789 -0.966521 0.255456 0.0240769 -3.78452 0.160471 0.528578 0.833579 -6.95009
0.322651 0.786644 -0.526391 -23.5878 -0.934957 0.351534 -0.0477441 -6.70237 0.147487 0.507557 0.848901 -6.63192
0.397396 0.753622 -0.523575 -22.4535 -0.896186 0.441405 -0.0448604 -9.68092 0.197301 0.487048 0.850798 -6.23159
0.520665 0.686998 -0.506895 -20.988 -0.833937 0.536438 -0.129553 -12.3846 0.182915 0.490172 0.852217 -5.77243
0.639497 0.631783 -0.438056 -19.2371 -0.760373 0.603875 -0.239099 -14.7794 0.113472 0.485989 0.866567 -5.29429
0.698449 0.591625 -0.402678 -17.0284 -0.708701 0.650059 -0.274165 -17.0743 0.0995618 0.476868 0.873318 -4.8815
0.801836 0.452868 -0.389833 -14.6381 -0.582967 0.736093 -0.343972 -19.3228 0.131179 0.503069 0.854233 -4.50647
0.896961 0.365463 -0.248792 -12.0795 -0.439522 0.797915 -0.412494 -20.9491 0.0477638 0.479341 0.876328 -4.1169
0.948223 0.290269 -0.128906 -9.23545 -0.317528 0.857458 -0.404897 -22.1097 -0.00699791 0.424864 0.90523 -4.09143
0.981863 0.168076 -0.0877225 -6.11649 -0.189107 0.901269 -0.389811 -23.1165 0.0135438 0.39933 0.916707 -4.02762
0.99538 0.0558826 -0.0780744 -2.99477 -0.082008 0.917725 -0.388658 -23.5961 0.0499315 0.393266 0.918068 -3.87974
0.998376 0.0113381 -0.0558239 0.265272 -0.0330679 0.913319 -0.4059 -23.724 0.0463828 0.407087 0.912211 -3.80068
0.984995 -0.170367 0.0275835 3.44807 0.164482 0.878285 -0.448956 -23.6999 0.052261 0.446756 0.893128 -3.75493
0.974397 -0.204343 0.0937773 6.61017 0.224781 0.894394 -0.386694 -23.136 -0.00485549 0.397873 0.917427 -3.76754
0.907077 -0.372118 0.196822 9.57143 0.420383 0.82528 -0.377083 -22.1815 -0.0221142 0.424784 0.905024 -3.86591
0.816327 -0.472495 0.332203 12.4819 0.57039 0.750001 -0.334894 -20.7827 -0.090917 0.462869 0.881752 -4.00829
0.795734 -0.512635 0.322511 15.0745 0.602711 0.722635 -0.338435 -18.8489 -0.0595648 0.463685 0.883996 -4.44142
0.689363 -0.60706 0.395293 17.4961 0.719457 0.63747 -0.275705 -16.7663 -0.0846175 0.474457 0.876202 -4.87859
0.582579 -0.647452 0.491332 19.71 0.786172 0.602285 -0.138514 -14.3752 -0.206241 0.466968 0.859887 -5.33223
0.44792 -0.725055 0.523128 21.6457 0.880325 0.459873 -0.11638 -11.698 -0.15619 0.512652 0.844271 -5.99131
0.39298 -0.762694 0.513678 22.9433 0.899156 0.435707 -0.040957 -8.78626 -0.192576 0.477972 0.857005 -6.46146
0.29111 -0.782609 0.550253 24.1147 0.948069 0.313034 -0.0563551 -5.79523 -0.128144 0.538083 0.833094 -6.99877
0.147947 -0.787768 0.597941 24.7738 0.982192 0.18783 0.00443756 -2.76656 -0.115807 0.586636 0.801528 -7.32747
0.0209962 -0.761799 0.647473 25.2372 0.99767 0.0580135 0.0359047 0.493985 -0.0649143 0.64521 0.761242 -7.7844
-0.19023 -0.742698 0.642038 25.1557 0.952613 0.0184768 0.303624 3.8287 -0.237364 0.669372 0.703988 -8.13875
-0.339754 -0.756312 0.559069 24.374 0.90913 -0.11182 0.401221 6.83033 -0.240934 0.644584 0.725578 -8.89997
-0.421097 -0.75695 0.499704 23.2175 0.883256 -0.216946 0.415684 9.80648 -0.206243 0.616409 0.759936 -9.6091
-0.502239 -0.693509 0.516528 21.846 0.854355 -0.305713 0.420258 12.56 -0.133544 0.652368 0.746044 -10.2923
-0.569219 -0.625117 0.534059 20.0132 0.822074 -0.421999 0.382245 15.3651 -0.0135753 0.656617 0.754102 -10.7625
-0.619346 -0.599538 0.506916 18.0547 0.784916 -0.487484 0.382448 18.0425 0.0178217 0.634754 0.772509 -10.8077
-0.716031 -0.511454 0.475094 15.934 0.694708 -0.588785 0.413173 20.5029 0.068409 0.625897 0.7769 -10.7564
-0.783504 -0.433271 0.445418 13.5229 0.608626 -0.679613 0.409512 22.6039 0.125282 0.591948 0.79618 -10.4263
-0.804332 -0.324613 0.497671 10.8899 0.553829 -0.712975 0.430046 24.5995 0.215229 0.621524 0.753249 -10.1226
-0.841608 -0.260575 0.473072 8.16177 0.490535 -0.735303 0.467659 26.3397 0.225991 0.625644 0.746658 -9.28401
-0.985036 -0.120415 0.123305 5.21848 0.172002 -0.732175 0.659041 27.7517 0.0109218 0.670388 0.74193 -8.60921
-0.999433 -0.00634302 0.033057 1.68965 0.0256216 -0.780272 0.624915 28.246 0.0218296 0.625408 0.779992 -8.7066
-0.995631 0.0418516 -0.0834724 -1.68092 -0.0788177 -0.856005 0.510924 28.1369 -0.0500698 0.515271 0.855563 -8.65822
-0.987029 0.15119 -0.0539888 -4.9239 -0.156968 -0.838296 0.52213 27.8742 0.0336824 0.523833 0.851155 -8.80657
-0.957747 0.255958 -0.131173 -8.20478 -0.287198 -0.826635 0.483935 27.3212 0.015435 0.501159 0.865217 -8.89013
-0.917105 0.350753 -0.189451 -11.2718 -0.397499 -0.768564 0.501303 26.1964 0.0302281 0.535053 0.844277 -8.99134
-0.867225 0.434917 -0.24242 -14.2514 -0.496484 -0.718435 0.487191 24.6157 0.0377249 0.542862 0.838974 -9.06496
-0.790388 0.507537 -0.343065 -17.0994 -0.612594 -0.658424 0.43727 22.9572 -0.00395129 0.555773 0.831325 -9.12208
-0.67912 0.592482 -0.433315 -19.6423 -0.73401 -0.544112 0.406413 20.7847 0.00502053 0.59406 0.804405 -9.16327
-0.615537 0.619225 -0.487519 -21.8079 -0.786854 -0.517748 0.335854 18.0976 -0.0444426 0.590337 0.805932 -9.22603
-0.485858 0.718943 -0.497054 -23.7127 -0.872791 -0.42944 0.231985 15.3227 -0.0466712 0.546536 0.836134 -9.33909
-0.37931 0.769177 -0.514287 -25.0759 -0.924883 -0.331266 0.186695 12.1644 -0.026765 0.54647 0.837051 -9.48123
-0.240265 0.794619 -0.557542 -26.1972 -0.96985 -0.172374 0.172273 8.94172 0.0407862 0.582123 0.812077 -9.50093
-0.141147 0.839207 -0.525175 -26.7823 -0.987765 -0.0838478 0.131488 5.68271 0.0663106 0.537309 0.840775 -9.4362
-0.0571589 0.833165 -0.550062 -27.1507 -0.996294 -0.0121309 0.0851541 2.14206 0.0642747 0.552891 0.830771 -9.08787
0.0523092 0.824882 -0.562879 -27.1708 -0.992805 0.103751 0.0597805 -1.15926 0.107711 0.555702 0.824374 -8.97343
0.196251 0.815934 -0.543818 -26.7146 -0.972392 0.233351 -0.000797731 -4.59323 0.12625 0.528961 0.839203 -8.66037
0.317614 0.761051 -0.565617 -26.0476 -0.929756 0.367098 -0.0281532 -7.79957 0.186211 0.534828 0.824187 -8.40604
0.447809 0.717369 -0.533712 -24.7132 -0.873541 0.478364 -0.0899665 -11.0411 0.190769 0.506507 0.840867 -7.87532
0.552183 0.649861 -0.522279 -23.1743 -0.812848 0.558937 -0.163915 -14.0375 0.185399 0.515044 0.836873 -7.3339
0.661755 0.536236 -0.523958 -21.2318 -0.721286 0.646013 -0.249828 -16.6204 0.204517 0.543248 0.814281 -6.75677
0.697301 0.573436 -0.43005 -18.7391 -0.708462 0.642512 -0.291992 -19.136 0.108874 0.508281 0.854282 -6.36788
0.806993 0.452908 -0.378993 -16.0818 -0.582531 0.715944 -0.384814 -21.6132 0.097052 0.531318 0.841595 -6.057
0.902583 0.306426 -0.302404 -13.2822 -0.418071 0.791526 -0.445761 -23.4405 0.102768 0.528762 0.842525 -5.76748
0.950093 0.260876 -0.171078 -10.0607 -0.310811 0.838729 -0.447135 -24.7886 0.0268415 0.477993 0.877954 -5.38442
0.971057 0.180913 -0.155945 -6.6682 -0.23398 0.85167 -0.468947 -25.8518 0.0479757 0.491862 0.86935 -5.32277
0.994808 0.0680316 -0.0756858 -3.31764 -0.0957152 0.878131 -0.468748 -26.4839 0.0345723 0.473559 0.880083 -5.13485
0.999968 -0.00787436 -0.00149542 0.196005 0.00644542 0.900917 -0.433944 -26.5509 0.00476428 0.433921 0.900938 -5.07796
0.987279 -0.111664 0.113187 3.80014 0.151119 0.880322 -0.449662 -26.4014 -0.0494303 0.461046 0.885998 -5.13465
0.966951 -0.226943 0.116198 7.19274 0.254895 0.870825 -0.420348 -25.788 -0.00579304 0.436074 0.899892 -5.14336
0.900144 -0.376007 0.219908 10.6825 0.434881 0.804595 -0.404358 -24.6537 -0.0248952 0.459614 0.88777 -5.23362
0.839693 -0.405915 0.360761 13.8449 0.534648 0.734392 -0.418114 -23.0486 -0.0952212 0.543968 0.833686 -5.36265
0.747435 -0.493012 0.445287 16.5966 0.645053 0.698899 -0.308945 -21.0282 -0.158897 0.51815 0.8404 -5.79695
0.745053 -0.49092 0.451546 19.2402 0.652526 0.67675 -0.340909 -18.6091 -0.138225 0.54864 0.824553 -6.34944
0.608192 -0.569383 0.553087 21.6999 0.773139 0.582802 -0.250196 -16.2378 -0.179883 0.57978 0.794668 -6.84158
0.47401 -0.66085 0.581886 23.6702 0.856198 0.500177 -0.129414 -13.1182 -0.205522 0.559553 0.802908 -7.66172
0.383228 -0.723857 0.573732 25.1649 0.910097 0.401954 -0.100774 -10.0163 -0.157668 0.560771 0.81282 -8.26136
0.267163 -0.75268 0.601745 26.5305 0.956334 0.283896 -0.0694883 -6.77179 -0.118531 0.594034 0.79566 -8.7272
0.137907 -0.786962 0.601393 27.2282 0.979369 0.198904 0.0356974 -3.27348 -0.147712 0.584062 0.798156 -9.3295
0.0235909 -0.791336 0.610926 27.4338 0.985478 0.121197 0.118933 0.205067 -0.168159 0.599249 0.782703 -9.77217
-0.116611 -0.731998 0.671254 27.2901 0.979505 0.0269991 0.199603 3.69707 -0.164232 0.680772 0.713847 -10.412
-0.272406 -0.7081 0.651452 26.6602 0.956079 -0.123061 0.266024 7.15587 -0.108204 0.695306 0.710522 -11.0043
-0.399587 -0.66895 0.626766 25.4382 0.902827 -0.168705 0.395527 10.3769 -0.158849 0.723909 0.671358 -11.4989
-0.490573 -0.638453 0.593057 23.7861 0.86353 -0.264923 0.429105 13.5319 -0.116849 0.72263 0.681287 -12.1508
-0.54243 -0.612123 0.575391 21.8513 0.839844 -0.378167 0.389426 16.5618 -0.0207829 0.694474 0.719217 -12.7993
-0.585371 -0.584169 0.562217 19.7884 0.810721 -0.429069 0.398286 19.4919 0.00856343 0.688945 0.724763 -12.7929
-0.77015 -0.415234 0.4842 17.5817 0.633033 -0.590789 0.500237 22.2599 0.0783445 0.691772 0.717853 -12.7472
-0.791157 -0.398332 0.464115 14.8425 0.6025 -0.638097 0.479402 24.5163 0.105189 0.658911 0.74483 -12.4966
-0.824016 -0.295841 0.483193 11.927 0.537269 -0.678718 0.500683 26.7214 0.179829 0.672176 0.718221 -12.0007
-0.876468 -0.247621 0.412902 8.73408 0.455757 -0.703181 0.545731 28.5132 0.15521 0.666499 0.72917 -11.3839
-0.960826 -0.148137 0.234241 5.51781 0.26616 -0.728848 0.630824 29.9313 0.0772779 0.668458 0.739724 -10.8016
-0.997568 -0.0158943 0.0678577 1.96843 0.0566774 -0.751621 0.657155 30.7068 0.0405583 0.659403 0.750695 -10.6821
-0.998823 0.0390936 -0.0286954 -1.71308 -0.0484793 -0.790008 0.611177 30.7122 0.00122348 0.611849 0.790974 -10.491
-0.981024 0.154289 -0.11742 -5.38864 -0.193882 -0.775833 0.600411 30.4231 0.00153847 0.611783 0.791024 -10.5215
-0.957302 0.215247 -0.192982 -8.8834 -0.287731 -0.774082 0.563922 29.7921 -0.0280011 0.595371 0.802963 -10.6009
-0.909839 0.328951 -0.25295 -12.3584 -0.414045 -0.760155 0.500731 28.5699 -0.0275652 0.560318 0.827819 -10.6965
-0.877478 0.386978 -0.283336 -15.5613 -0.478573 -0.667524 0.570421 26.8417 0.0316068 0.636129 0.770935 -10.8647
-0.829385 0.453003 -0.326969 -18.6607 -0.558575 -0.66121 0.500795 24.7453 0.0106661 0.597988 0.801434 -10.9052
-0.674535 0.59779 -0.433186 -21.4948 -0.737288 -0.51567 0.436453 22.4872 0.0375262 0.613785 0.788581 -10.954
-0.590481 0.616005 -0.521412 -23.7601 -0.807048 -0.452661 0.379172 19.6686 -0.00245092 0.644699 0.764433 -11.0325
-0.440132 0.682447 -0.583567 -25.9242 -0.897381 -0.357099 0.259207 16.5353 -0.0314961 0.637767 0.769585 -11.0426
-0.37645 0.747349 -0.547499 -27.2669 -0.926122 -0.288162 0.243435 13.0728 0.0241626 0.598692 0.800615 -11.1625
-0.270944 0.78404 -0.558454 -28.4583 -0.962585 -0.218044 0.160893 9.54618 0.00437878 0.581152 0.813783 -11.2476
-0.162023 0.810352 -0.563096 -29.1984 -0.985574 -0.104606 0.133047 5.99219 0.0489121 0.57653 0.815611 -11.1478
-0.0978215 0.803383 -0.587373 -29.4993 -0.993593 -0.0452677 0.103558 2.21159 0.056608 0.593739 0.802664 -10.8832
0.0791146 0.794385 -0.60224 -29.6484 -0.993681 0.111092 0.0159985 -1.44212 0.0796128 0.597169 0.798155 -10.6789
0.175943 0.780065 -0.600452 -29.0596 -0.978976 0.202599 -0.0236546 -5.20596 0.103199 0.59199 0.799311 -10.3341
0.290011 0.758958 -0.582989 -28.3575 -0.952469 0.288253 -0.098552 -8.85877 0.0932515 0.58386 0.806481 -9.96952
0.482293 0.657793 -0.578534 -27.0055 -0.853401 0.50188 -0.140797 -12.4917 0.19774 0.561627 0.803414 -9.67063
0.577452 0.586531 -0.567918 -25.052 -0.786891 0.585247 -0.195674 -15.6321 0.217604 0.559882 0.799488 -9.00026
0.663508 0.552507 -0.504473 -22.795 -0.734016 0.611247 -0.295968 -18.6169 0.144833 0.566668 0.811117 -8.43498
0.687564 0.549772 -0.474348 -20.2696 -0.719317 0.604933 -0.341524 -21.1594 0.0991882 0.576027 0.811391 -7.98657
0.820053 0.386491 -0.422064 -17.5295 -0.55279 0.725817 -0.409405 -23.82 0.14811 0.569047 0.808857 -7.79979
0.885357 0.329612 -0.327871 -14.2237 -0.456192 0.751875 -0.475997 -25.7004 0.0896243 0.570999 0.816044 -7.27367
0.916975 0.290295 -0.273653 -10.8079 -0.391438 0.787128 -0.476661 -27.2917 0.0770273 0.544205 0.835409 -6.91283
0.974111 0.133259 -0.182617 -7.26222 -0.209489 0.835739 -0.507597 -28.4643 0.0849784 0.532713 0.842019 -6.79631
0.995798 0.0464029 -0.0789485 -3.46286 -0.0801106 0.85909 -0.505516 -29.0334 0.0443664 0.509717 0.859198 -6.57378
0.999303 -0.032316 -0.0186905 0.32398 0.0184725 0.86311 -0.504677 -29.2246 0.0324411 0.50398 0.863106 -6.44356
0.993816 -0.0611109 0.0927054 4.14281 0.10009 0.854516 -0.50969 -28.9588 -0.0480707 0.515817 0.855349 -6.49541
0.952575 -0.242182 0.184251 7.93439 0.302061 0.825906 -0.476066 -28.5211 -0.0368795 0.509143 0.859891 -6.51334
0.906498 -0.351968 0.233196 11.6264 0.421694 0.782088 -0.458816 -27.2441 -0.0208907 0.514253 0.857384 -6.72262
0.849599 -0.368371 0.377471 15.12 0.513768 0.739846 -0.434362 -25.2432 -0.119264 0.562966 0.81783 -6.9878
0.752349 -0.485594 0.445162 18.1978 0.651519 0.648427 -0.393783 -23.172 -0.0974367 0.586294 0.804217 -7.51078
0.713317 -0.486225 0.504741 20.8627 0.685355 0.634507 -0.357336 -20.5787 -0.146516 0.600821 0.785842 -8.10899
0.552557 -0.604708 0.573594 23.3877 0.823832 0.500639 -0.265821 -17.9199 -0.126419 0.619426 0.774809 -8.80491
0.505516 -0.612336 0.607864 25.4915 0.843914 0.497564 -0.200597 -14.659 -0.179619 0.61439 0.768285 -9.37383
0.413839 -0.656115 0.631071 27.3551 0.892611 0.428636 -0.139703 -11.2258 -0.178838 0.621115 0.763042 -9.95354
0.18611 -0.727923 0.659918 28.9027 0.977649 0.204056 -0.0506319 -7.65849 -0.0978041 0.654591 0.74963 -10.7222
0.0993864 -0.746917 0.657447 29.5958 0.987897 0.153144 0.0246442 -3.92739 -0.119091 0.647041 0.753097 -11.2358
-0.0357972 -0.737604 0.674284 29.8627 0.99002 0.0658537 0.124597 -0.112424 -0.136307 0.672015 0.727885 -11.7801
-0.174647 -0.702128 0.6903 29.556 0.97229 -0.0123278 0.233452 3.71783 -0.155403 0.711944 0.684825 -12.5302
-0.27435 -0.684518 0.675402 28.7344 0.946543 -0.0683025 0.315264 7.40164 -0.169672 0.72579 0.666664 -13.2339
-0.431037 -0.63585 0.640236 27.445 0.88863 -0.175936 0.423536 10.8611 -0.156664 0.751493 0.64087 -13.8939
-0.468795 -0.623803 0.625382 25.7552 0.870591 -0.206601 0.446527 14.3152 -0.14934 0.753781 0.639931 -14.4836
-0.56048 -0.535273 0.631938 23.8421 0.828013 -0.376958 0.415086 17.649 0.0160296 0.7559 0.654491 -15.0965
-0.595187 -0.521164 0.61167 21.4569 0.802649 -0.422341 0.421169 20.8195 0.0388354 0.741631 0.669683 -15.0843
-0.729451 -0.372197 0.573908 18.85 0.667769 -0.569342 0.479515 23.8875 0.148275 0.733021 0.663849 -15.0469
-0.760762 -0.361005 0.539368 15.8975 0.633809 -0.592154 0.497634 26.4055 0.139741 0.720437 0.679296 -14.5421
-0.859297 -0.238858 0.452278 12.9209 0.483224 -0.668945 0.564808 28.7759 0.167641 0.703889 0.690244 -13.9971
-0.891993 -0.245787 0.379391 9.49555 0.440322 -0.662339 0.606155 30.4673 0.1023 0.70774 0.699027 -13.307
-0.969022 -0.0873672 0.231007 5.92451 0.222769 -0.713038 0.664794 32.066 0.106636 0.695661 0.710411 -12.8645
-0.996647 -0.0399794 0.0713925 2.04746 0.0780019 -0.727779 0.681362 32.8726 0.0247175 0.684646 0.728457 -12.6391
-0.99956 0.00987973 -0.0279547 -1.85291 -0.0259364 -0.748204 0.662961 32.9978 -0.014366 0.663395 0.748132 -12.3891
-0.986709 0.101559 -0.126853 -5.80754 -0.159708 -0.750156 0.641685 32.808 -0.0299906 0.653416 0.756405 -12.444
-0.966287 0.141778 -0.214913 -9.54903 -0.247063 -0.745483 0.619043 32.0421 -0.0724477 0.651271 0.755379 -12.4714
-0.90207 0.343419 -0.261407 -13.215 -0.430809 -0.680076 0.593211 30.8582 0.0259434 0.647735 0.761424 -12.6942
-0.864067 0.337983 -0.373035 -16.6773 -0.499835 -0.663832 0.556321 28.9334 -0.0596059 0.667155 0.742531 -12.6361
-0.81005 0.406252 -0.422823 -20.0002 -0.582668 -0.638507 0.5028 26.8537 -0.0657118 0.653658 0.753932 -12.7477
-0.678421 0.540187 -0.49794 -23.1753 -0.73461 -0.507707 0.450091 24.1467 -0.00967386 0.671143 0.741265 -12.9707
-0.555854 0.607291 -0.567648 -25.7957 -0.831074 -0.421206 0.363184 21.1366 -0.0185387 0.673634 0.738832 -13.0077
-0.473361 0.638733 -0.606588 -27.9852 -0.878892 -0.388573 0.276694 17.6696 -0.0589702 0.664101 0.745313 -13.0396
-0.343037 0.713611 -0.610806 -29.6562 -0.939304 -0.256594 0.227744 13.8878 0.00579135 0.651858 0.758319 -13.2026
-0.250495 0.743028 -0.620614 -30.8912 -0.968109 -0.189526 0.163844 10.0609 0.00411864 0.641864 0.766808 -13.0648
-0.131255 0.765329 -0.630113 -31.6218 -0.989849 -0.0662331 0.125744 6.22548 0.0545012 0.640222 0.766254 -12.9459
-0.0599377 0.767137 -0.638677 -31.9324 -0.996999 -0.0146071 0.0760199 2.25333 0.0489884 0.641317 0.76571 -12.7946
