0.999873 0.011615 0.010906 0.00672883 -0.0111459 0.99905 -0.0421368 0.00210841 -0.011385 0.0420099 0.999052 0.046207
0.980619 -0.190888 0.0441343 0.352556 0.190141 0.981541 0.0205802 -0.0919494 -0.0472482 -0.0117896 0.998814 0.0855428
0.876672 -0.475678 0.0719496 0.559072 0.47071 0.87901 0.0759882 0.0156454 -0.0993903 -0.0327494 0.994509 -0.00494649
0.827271 -0.558861 0.0574149 0.671813 0.55055 0.826809 0.115249 0.0118394 -0.111879 -0.0637326 0.991676 -0.227437
0.730398 -0.682624 0.0232864 0.769027 0.674893 0.726531 0.129121 0.097864 -0.105059 -0.0785936 0.991355 -0.381085
0.695828 -0.718173 0.00707113 1.03428 0.713958 0.692746 0.10182 0.236401 -0.0780228 -0.0658007 0.994778 -0.478755
0.541377 -0.840741 -0.00808352 1.16434 0.838564 0.539228 0.0777393 0.36553 -0.0609997 -0.0488648 0.996941 -0.502927
0.41912 -0.906812 -0.0450574 1.43377 0.90516 0.413451 0.0987128 0.469047 -0.070885 -0.0821567 0.994095 -0.616829
0.293306 -0.955094 0.0420307 1.69514 0.949928 0.296111 0.0997726 0.713838 -0.107738 0.0106623 0.994122 -0.462089
0.178564 -0.982711 0.0489329 1.88125 0.973709 0.18364 0.134787 0.938522 -0.141442 0.0235783 0.989666 -0.528559
0.0682801 -0.996775 0.0421602 2.031 0.988171 0.0733862 0.134656 1.31814 -0.137316 0.0324671 0.989995 -0.689937
0.0655786 -0.99784 0.00391596 2.04078 0.987627 0.0654667 0.1425 1.72254 -0.142448 -0.00547743 0.989787 -0.802807
-0.00571293 -0.99994 -0.0093078 2.03828 0.986949 -0.00713622 0.160878 2.29104 -0.160935 -0.00826723 0.98693 -0.905028
-0.232482 -0.970344 0.0662147 2.01504 0.956053 -0.215492 0.198814 2.37981 -0.178649 0.109525 0.977798 -0.845018
-0.406327 -0.912542 -0.0465376 1.97251 0.889256 -0.40664 0.209445 2.78944 -0.210051 0.0437194 0.976712 -0.892709
-0.52547 -0.850731 0.0117045 1.74133 0.827596 -0.507892 0.239018 3.03135 -0.197396 0.135284 0.970945 -1.05868
-0.580121 -0.81442 0.0133998 1.68361 0.793788 -0.561582 0.23351 3.50415 -0.18265 0.1461 0.972262 -1.17213
-0.603984 -0.794938 0.0572454 1.41676 0.784333 -0.580099 0.219786 3.90005 -0.141509 0.177647 0.973867 -1.30904
-0.690398 -0.721082 0.0582326 0.980879 0.719136 -0.675316 0.163682 4.21861 -0.0787028 0.154883 0.984793 -1.28444
-0.800721 -0.590883 0.0985037 0.725641 0.598995 -0.791708 0.120011 4.40232 0.00707393 0.155099 0.987874 -1.30921
-0.864492 -0.468596 0.181858 0.452354 0.492769 -0.861463 0.122719 4.72587 0.099158 0.195704 0.975637 -1.32938
-0.909408 -0.371334 0.187321 -0.054919 0.403143 -0.897751 0.177536 4.83912 0.102243 0.23697 0.966122 -1.09722
-0.94354 -0.276275 0.18277 -0.41525 0.300034 -0.946598 0.118033 5.11451 0.1404 0.166206 0.976045 -1.10907
-0.975161 -0.148949 0.163934 -0.769577 0.168846 -0.978917 0.114945 5.34116 0.143357 0.13977 0.979752 -0.957805
-0.989529 -0.08262 0.118344 -1.192 0.0978946 -0.986711 0.129685 5.41866 0.106057 0.139912 0.984468 -0.921858
-0.993676 0.0756478 0.0829736 -1.67674 -0.0613181 -0.984655 0.163385 5.4394 0.0940601 0.157264 0.983067 -0.803931
-0.979232 0.197856 0.0442435 -2.07309 -0.183896 -0.95868 0.21706 5.46072 0.0853618 0.204416 0.975155 -0.717681
-0.931035 0.364194 0.0231522 -2.63248 -0.350963 -0.910984 0.216641 5.45455 0.0999906 0.193575 0.975977 -0.679487
-0.865944 0.499245 0.0299212 -2.99881 -0.493275 -0.862406 0.113733 5.23782 0.0825849 0.0837272 0.993061 -0.755021
-0.797238 0.603447 -0.0162007 -3.2786 -0.601502 -0.791826 0.105864 4.99252 0.0510554 0.0941439 0.994249 -0.624315
-0.658215 0.747929 -0.0857629 -3.65952 -0.751638 -0.646484 0.130763 4.73951 0.0423571 0.150533 0.987697 -0.680167
-0.577204 0.809927 -0.104177 -4.01661 -0.814689 -0.562426 0.141277 4.42699 0.0558324 0.166417 0.984473 -0.610221
-0.505294 0.859368 -0.0785182 -4.2932 -0.859939 -0.493852 0.1289 4.18614 0.071996 0.132653 0.988544 -0.585099
-0.445002 0.890571 -0.0941126 -4.77193 -0.891103 -0.429915 0.145288 3.59641 0.0889284 0.148517 0.984903 -0.492581
-0.312753 0.947006 -0.0732447 -4.84932 -0.937738 -0.295582 0.182425 3.10069 0.151108 0.125738 0.980488 -0.417727
-0.165802 0.984083 -0.0639517 -4.90138 -0.97349 -0.152966 0.170055 2.65322 0.157566 0.0904519 0.983357 -0.536609
-0.106499 0.99322 -0.0466093 -5.01479 -0.988977 -0.100961 0.108313 2.06114 0.102873 0.0576308 0.993024 -0.59043
0.0129866 0.996807 -0.07878 -4.99089 -0.994022 0.0214113 0.107057 1.66009 0.108402 0.0769188 0.991127 -0.496425
0.228466 0.971395 -0.064773 -5.07279 -0.96989 0.232868 0.0713166 1.1912 0.0843601 0.0465292 0.995348 -0.54557
0.28885 0.950033 -0.118335 -4.87124 -0.951196 0.298805 0.0770813 0.539724 0.108589 0.090295 0.989977 -0.370574
0.330545 0.929285 -0.16483 -4.60579 -0.932972 0.348101 0.0915872 -0.10149 0.142488 0.123508 0.982061 -0.321827
0.448656 0.880351 -0.153914 -4.37282 -0.874451 0.467987 0.127765 -0.650469 0.184508 0.0772674 0.979789 -0.247752
0.603519 0.785101 -0.139218 -3.91302 -0.773194 0.618897 0.138338 -1.21615 0.194771 0.0241527 0.980551 -0.217938
0.659565 0.742551 -0.116588 -3.44589 -0.726172 0.669538 0.156181 -1.53196 0.194033 -0.018349 0.980823 -0.145209
0.803858 0.571649 -0.16441 -3.10164 -0.567364 0.819888 0.0766876 -1.95262 0.178637 0.0316346 0.983406 -0.152868
0.893394 0.437152 -0.103658 -2.84063 -0.43076 0.899019 0.0788118 -2.31747 0.127643 -0.0257585 0.991486 -0.339667
0.932285 0.343142 -0.11445 -2.37746 -0.338625 0.939167 0.0574326 -2.63569 0.127195 -0.0147879 0.991767 -0.229311
0.97509 0.195607 -0.104577 -1.84452 -0.186168 0.978053 0.0935587 -2.94388 0.120583 -0.0717593 0.990106 -0.216054
0.994329 -0.0142971 -0.105378 -1.23297 0.0265612 0.992904 0.115915 -3.07403 0.102973 -0.118057 0.987653 -0.102964
0.991687 -0.108069 -0.069838 -0.690151 0.111382 0.992739 0.0454224 -3.10779 0.0644221 -0.0528235 0.996524 -0.0277505
0.990915 -0.132569 -0.0226345 0.0960948 0.133338 0.990388 0.0367894 -3.00348 0.0175398 -0.0394732 0.999067 -0.113805
0.920154 -0.387873 0.0535895 0.799276 0.385705 0.921446 0.0465761 -3.0528 -0.0674455 -0.0221875 0.997476 0.0478679
0.904502 -0.414386 0.100794 1.76117 0.416386 0.909187 0.00131214 -2.73314 -0.0921847 0.0407826 0.994906 0.0172718
0.852846 -0.513922 0.0923958 2.25501 0.507198 0.857392 0.0873457 -2.5047 -0.124108 -0.0276294 0.991884 -0.170852
0.785528 -0.614092 0.0763977 2.77923 0.606674 0.788557 0.100618 -2.14867 -0.122033 -0.03269 0.991988 -0.224964
0.678452 -0.727555 0.101813 3.29426 0.730987 0.682372 0.00514313 -1.82307 -0.073216 0.0709343 0.99479 -0.35727
0.591154 -0.805341 0.0442998 3.80361 0.805393 0.59236 0.0212455 -1.29246 -0.0433513 0.0231194 0.998792 -0.528286
0.511833 -0.855037 0.0832974 4.29797 0.858007 0.513637 0.000268845 -0.730272 -0.0430145 0.0713322 0.996525 -0.469809
0.40794 -0.910408 0.0688677 4.60091 0.908581 0.412225 0.0674663 -0.18539 -0.0898108 0.0350496 0.995342 -0.551051
0.290269 -0.952342 0.0937457 4.83552 0.945824 0.300408 0.123175 0.48259 -0.145467 0.0529129 0.987947 -0.666312
0.143831 -0.981174 0.128884 5.13483 0.981189 0.15834 0.110436 1.16309 -0.128764 0.110576 0.985491 -0.829001
0.00824728 -0.997989 0.0628497 5.11717 0.991678 0.0162382 0.127716 1.64532 -0.128479 0.0612734 0.989817 -0.962693
-0.0650148 -0.991702 0.110902 5.08232 0.987576 -0.0480111 0.14963 2.45635 -0.143064 0.119253 0.982503 -1.03446
-0.12462 -0.984498 0.123423 5.01995 0.974397 -0.097972 0.202365 3.15949 -0.187136 0.145482 0.971501 -1.2276
-0.297223 -0.949164 0.103661 4.83887 0.930146 -0.263319 0.255914 3.80064 -0.215609 0.172483 0.961126 -1.27848
-0.32439 -0.939717 0.108184 4.44787 0.922228 -0.28875 0.257137 4.5743 -0.210398 0.183183 0.9603 -1.4883
-0.469294 -0.875252 0.117034 4.00974 0.864909 -0.428882 0.260753 5.11543 -0.17803 0.223594 0.958285 -1.65538
-0.640556 -0.749224 0.168377 3.77035 0.761394 -0.591158 0.266104 5.68318 -0.0998345 0.298656 0.949125 -1.79154
-0.709827 -0.677432 0.192954 3.13012 0.703664 -0.669673 0.237475 6.27368 -0.031657 0.304341 0.952037 -1.75096
-0.79564 -0.561315 0.227777 2.4103 0.603523 -0.766874 0.218321 6.75204 0.0521294 0.311173 0.948922 -1.88651
-0.857441 -0.4604 0.229838 1.80807 0.504158 -0.841064 0.19605 7.16084 0.103047 0.283977 0.953278 -1.97191
-0.908899 -0.367474 0.197143 1.14268 0.401003 -0.899912 0.171331 7.5659 0.114452 0.234777 0.965288 -1.90066
-0.947663 -0.247164 0.202103 0.440629 0.285055 -0.940112 0.186905 7.98075 0.143803 0.234734 0.961364 -1.78202
-0.960325 -0.171486 0.219927 -0.464936 0.220042 -0.950416 0.219751 8.30068 0.171338 0.259426 0.950443 -1.49411
-0.979737 0.124046 0.157251 -1.05135 -0.0820754 -0.96483 0.249734 8.40003 0.182699 0.231768 0.955461 -1.41859
-0.986713 0.119468 0.110116 -1.94662 -0.0892032 -0.964796 0.247411 8.44015 0.135797 0.234301 0.962633 -1.41835
-0.973141 0.227934 0.0322877 -2.73209 -0.214888 -0.949706 0.227777 8.40992 0.0825821 0.214721 0.973178 -1.36481
-0.927734 0.372272 0.026903 -3.68031 -0.361588 -0.914298 0.182518 8.17706 0.0925435 0.1596 0.982834 -1.13178
-0.886936 0.461891 -0.00018797 -4.42448 -0.450855 -0.865655 0.21765 7.91043 0.100368 0.193126 0.976027 -1.02813
-0.826193 0.562075 -0.0384375 -5.12846 -0.559551 -0.810706 0.172217 7.50554 0.0656372 0.163792 0.984309 -1.09489
-0.722454 0.680287 -0.123568 -5.82757 -0.691108 -0.715858 0.0995795 6.89069 -0.0207147 0.157341 0.987327 -1.15212
-0.629102 0.757339 -0.175126 -6.45153 -0.776808 -0.604319 0.177113 6.18065 0.0283026 0.247461 0.968484 -1.17136
-0.486737 0.861953 -0.141861 -6.90788 -0.8713 -0.467394 0.149599 5.69116 0.0626424 0.196419 0.978517 -1.11578
-0.338717 0.927961 -0.155434 -7.30255 -0.93802 -0.320157 0.13273 4.98957 0.0734052 0.190758 0.978889 -0.988404
-0.25115 0.956358 -0.14934 -7.65151 -0.965198 -0.235816 0.113064 4.05001 0.0729126 0.172539 0.9823 -0.954913
-0.196076 0.971361 -0.134212 -7.93156 -0.977127 -0.182054 0.109908 3.16036 0.0823265 0.152692 0.984839 -0.848264
-0.0439475 0.97287 -0.22714 -8.05696 -0.993898 -0.0195515 0.10856 2.33901 0.101173 0.230525 0.967792 -0.855868
0.0972336 0.977047 -0.189537 -8.14087 -0.993961 0.105062 0.0316788 1.57766 0.0508649 0.185313 0.981362 -0.698248
0.243338 0.954102 -0.174572 -7.89652 -0.966646 0.253375 0.0373678 0.529833 0.0798847 0.159656 0.983935 -0.811525
0.297365 0.929293 -0.219062 -7.64448 -0.95144 0.307554 0.0131581 -0.344839 0.0796011 0.204511 0.975622 -0.658737
0.392665 0.904362 -0.167165 -7.32848 -0.91706 0.398738 0.00302858 -1.18684 0.0693942 0.152112 0.985924 -0.6022
0.560494 0.781132 -0.275099 -6.9668 -0.808854 0.587648 0.0206233 -2.08159 0.177771 0.210956 0.961195 -0.595168
0.590945 0.756467 -0.280253 -6.31967 -0.77827 0.626035 0.0487402 -3.07117 0.212318 0.189309 0.958688 -0.569033
0.698293 0.690117 -0.190067 -5.59759 -0.684202 0.721532 0.106111 -3.72448 0.210369 0.0559476 0.97602 -0.358824
0.76834 0.632086 -0.100601 -4.89631 -0.624852 0.774822 0.0959764 -4.4094 0.138613 -0.0108818 0.990287 -0.385096
0.864565 0.481176 -0.144904 -4.18229 -0.483757 0.874991 0.0192207 -5.02334 0.136039 0.0534809 0.989259 -0.276942
0.928299 0.352969 -0.116936 -3.28637 -0.35501 0.934856 0.00358636 -5.47459 0.110584 0.0381842 0.993133 -0.236692
0.963727 0.241415 -0.113795 -2.23389 -0.241539 0.970305 0.0129028 -5.93422 0.113531 0.0150511 0.99342 -0.0830857
0.990749 0.0780428 -0.111019 -1.27647 -0.0787692 0.996891 -0.00216563 -6.07252 0.110504 0.0108904 0.993816 -0.0835002
0.9981 -0.0236447 -0.056895 -0.301978 0.0234569 0.999717 -0.00396655 -6.15821 0.0569727 0.00262443 0.998372 0.0627838
0.984197 -0.161169 -0.0733603 0.783119 0.162527 0.98662 0.0128955 -6.01299 0.0703003 -0.0246147 0.997222 0.0764825
0.95788 -0.283594 0.0451651 1.93151 0.279035 0.956334 0.0869708 -5.81819 -0.0678573 -0.070705 0.995187 -0.00335537
0.902115 -0.399439 0.163211 2.88413 0.401708 0.915542 0.0203217 -5.54805 -0.157544 0.0472307 0.986382 0.0336207
0.865781 -0.461398 0.193738 3.81726 0.469925 0.882704 0.0021981 -5.14856 -0.172027 0.0891392 0.981051 -0.270697
0.788682 -0.589851 0.173367 4.71011 0.599383 0.800455 -0.00330693 -4.55812 -0.136822 0.106521 0.984852 -0.215548
0.762296 -0.635071 0.124858 5.50033 0.642729 0.765485 -0.0305395 -3.85606 -0.0761818 0.10353 0.991705 -0.576203
0.671029 -0.732082 0.117369 6.19082 0.739024 0.673162 -0.0263864 -3.11617 -0.0596914 0.104445 0.992738 -0.757724
0.530496 -0.831148 0.166635 6.81566 0.843819 0.536531 -0.0102414 -2.29586 -0.0808927 0.146043 0.985965 -0.84012
0.441716 -0.882258 0.162811 7.27431 0.89395 0.448156 0.00318173 -1.42249 -0.075772 0.14414 0.986652 -0.994014
0.251941 -0.951159 0.178386 7.75767 0.964325 0.262227 0.0362528 -0.501434 -0.0812598 0.162888 0.983293 -1.08769
0.176306 -0.970611 0.163798 8.09013 0.978938 0.190297 0.0739479 0.636534 -0.102945 0.147311 0.983718 -1.20365
-0.0435964 -0.982289 0.182228 8.1894 0.991679 -0.0204343 0.127101 1.53849 -0.121126 0.186253 0.975007 -1.30657
-0.144347 -0.962215 0.230882 8.20554 0.984253 -0.115558 0.133761 2.48435 -0.102027 0.246554 0.963743 -1.60385
-0.297598 -0.933149 0.201666 8.08028 0.943011 -0.254381 0.214526 3.55034 -0.148885 0.254016 0.955672 -1.74428
-0.389949 -0.881429 0.2665 7.7702 0.908509 -0.321067 0.267447 4.62734 -0.150171 0.346408 0.925986 -1.87814
-0.502913 -0.84678 0.173327 7.26834 0.853932 -0.455745 0.25119 5.58943 -0.13371 0.274336 0.952293 -2.20697
-0.61949 -0.769692 0.154289 6.66998 0.774898 -0.568151 0.277016 6.45461 -0.125558 0.291167 0.948397 -2.49203
-0.675902 -0.717411 0.168757 6.07774 0.729285 -0.618035 0.293558 7.46106 -0.106304 0.321488 0.940928 -2.71749
-0.74569 -0.623684 0.234444 5.20665 0.665028 -0.675011 0.319528 8.25105 -0.0410321 0.394181 0.918117 -2.76829
-0.767698 -0.602682 0.217749 4.17725 0.640452 -0.710212 0.292268 8.98784 -0.0214964 0.363831 0.931217 -2.88169
-0.852865 -0.490645 0.178575 3.27891 0.521836 -0.812482 0.259924 9.73598 0.0175584 0.314867 0.948973 -2.90103
-0.903506 -0.355221 0.239781 2.24494 0.41625 -0.860541 0.293607 10.3458 0.102046 0.365085 0.925365 -2.83184
-0.953218 -0.197774 0.228605 1.13818 0.263617 -0.913964 0.308506 10.8978 0.147922 0.354338 0.923344 -2.61498
-0.984113 -0.132592 0.11807 0.0434075 0.165526 -0.92571 0.340092 11.0858 0.0642056 0.354232 0.932951 -2.31777
-0.98377 0.0138585 0.178896 -1.32346 0.0623728 -0.908425 0.413369 11.274 0.168242 0.417818 0.892817 -2.13723
-0.983495 0.117529 0.137565 -2.45083 -0.0643097 -0.937724 0.341378 11.3904 0.16912 0.326897 0.929805 -2.02077
-0.951713 0.306092 0.0234594 -3.52542 -0.277407 -0.890217 0.361329 11.3429 0.131484 0.337374 0.932143 -1.90901
-0.920836 0.38994 -0.00259061 -4.75413 -0.374527 -0.882548 0.284321 10.9906 0.108582 0.262783 0.958726 -1.73099
-0.823709 0.558111 -0.100077 -5.84138 -0.564974 -0.792907 0.22826 10.6231 0.0480427 0.244561 0.968443 -1.6588
-0.80079 0.574627 -0.168934 -6.87436 -0.59809 -0.782244 0.174306 9.95157 -0.0319862 0.24062 0.970092 -1.55703
-0.668597 0.711982 -0.214616 -7.78179 -0.739345 -0.667382 0.0892781 9.21436 -0.0796664 0.218366 0.97261 -1.61823
-0.626519 0.761214 -0.167415 -8.74366 -0.779369 -0.609776 0.144072 8.05459 0.00758406 0.220742 0.975303 -1.87629
-0.515611 0.850577 -0.103263 -9.48286 -0.855221 -0.50353 0.122699 7.19845 0.0523693 0.151577 0.987057 -1.83798
-0.429855 0.883297 -0.187112 -10.1067 -0.893135 -0.385583 0.231596 6.03289 0.132421 0.266668 0.954648 -1.73513
-0.289329 0.92825 -0.233751 -10.6953 -0.957222 -0.28156 0.0667131 4.94885 -0.00388848 0.243054 0.970005 -1.51363
-0.124721 0.956365 -0.264216 -10.9417 -0.990354 -0.103794 0.0917922 3.77313 0.060363 0.273116 0.960085 -1.55806
-0.0304557 0.986104 -0.163312 -11.1666 -0.994754 -0.0139402 0.101337 2.40188 0.0976522 0.165541 0.981356 -1.51265
0.100387 0.966996 -0.23418 -11.051 -0.9939 0.108269 0.0210118 1.27052 0.0456727 0.230642 0.971966 -1.28957
0.254352 0.942057 -0.218709 -10.8883 -0.963623 0.266061 0.0253547 -0.140863 0.0820756 0.204304 0.975461 -1.40428
0.400585 0.888373 -0.224332 -10.5681 -0.915682 0.396841 -0.0635887 -1.2601 0.0325337 0.230889 0.972436 -1.41863
0.501758 0.843351 -0.192349 -10.0545 -0.864629 0.49556 -0.0826844 -2.52214 0.0255883 0.207798 0.977837 -1.34446
0.559038 0.805381 -0.197072 -9.45821 -0.810217 0.581116 0.0765074 -3.87851 0.176139 0.1169 0.977399 -1.38072
0.647087 0.709881 -0.278115 -8.65845 -0.736511 0.676307 0.0126231 -4.91696 0.197052 0.196667 0.960465 -1.09503
0.751609 0.622082 -0.219312 -7.74338 -0.646998 0.759999 -0.0615946 -5.9193 0.12836 0.18819 0.973709 -0.703245
0.845672 0.517359 -0.131067 -6.71882 -0.53009 0.842751 -0.0936753 -6.84507 0.0619931 0.148696 0.986938 -0.544719
0.874734 0.431101 -0.221342 -5.51594 -0.465867 0.873852 -0.139109 -7.55788 0.133449 0.224799 0.965224 -0.466583
0.936675 0.335979 -0.0987847 -4.36456 -0.342039 0.938238 -0.0521414 -8.32958 0.0751652 0.0826277 0.993742 -0.349416
0.954875 0.271498 -0.120424 -2.89985 -0.285794 0.950268 -0.123746 -8.81594 0.0808383 0.152578 0.98498 -0.230381
0.986431 0.103594 -0.127367 -1.68988 -0.123132 0.979959 -0.156587 -9.16244 0.108593 0.170145 0.979417 -0.150663
0.996511 0.0160253 -0.081913 -0.279827 -0.0259253 0.992281 -0.121266 -9.23106 0.0793375 0.122966 0.989235 -0.0614375
0.992453 -0.120361 -0.0234398 1.21995 0.116521 0.985227 -0.125502 -9.06313 0.0381991 0.121824 0.991816 0.015494
0.964135 -0.223453 0.143225 2.62036 0.234543 0.969884 -0.0656827 -8.85868 -0.124235 0.0969193 0.987508 0.0262619
0.917604 -0.326234 0.227099 3.97983 0.349379 0.934409 -0.0693761 -8.25985 -0.189571 0.143004 0.971397 -0.218349
0.837529 -0.466324 0.284759 5.24047 0.509615 0.854656 -0.0992793 -7.75695 -0.197074 0.228267 0.953444 -0.491403
0.7592 -0.571148 0.312098 6.40335 0.61391 0.787666 -0.0519305 -6.99342 -0.216168 0.231026 0.94863 -0.696368
0.721438 -0.663441 0.198427 7.46668 0.685598 0.724612 -0.069947 -6.02554 -0.0973772 0.186504 0.977616 -1.04813
0.61715 -0.771029 0.156972 8.40928 0.782832 0.621783 -0.0236501 -5.12 -0.0793674 0.137478 0.98732 -1.24069
0.441505 -0.878639 0.181842 9.35293 0.894577 0.446708 -0.0135544 -4.06109 -0.0693211 0.168656 0.983234 -1.44337
0.427754 -0.881133 0.20157 9.97814 0.90259 0.428362 -0.0428753 -2.67692 -0.0485661 0.200275 0.978535 -1.52381
0.291376 -0.927131 0.235644 10.5656 0.943953 0.318598 0.0863033 -1.26267 -0.15509 0.19729 0.968 -1.69118
0.147691 -0.958832 0.242545 11.0622 0.974548 0.182901 0.129625 0.0573757 -0.16865 0.217227 0.961441 -1.70937
-0.027899 -0.965567 0.258654 11.1821 0.981789 0.0221748 0.188677 1.45755 -0.187916 0.259208 0.947364 -1.90762
-0.122395 -0.969101 0.214156 11.0855 0.975424 -0.0776257 0.206207 2.83052 -0.183212 0.234131 0.954786 -2.32509
-0.280683 -0.932175 0.228619 10.9504 0.929908 -0.20513 0.305276 4.26482 -0.237673 0.298281 0.924413 -2.65326
-0.398133 -0.873057 0.281534 10.4502 0.889136 -0.291771 0.352573 5.59932 -0.225672 0.390693 0.89243 -2.86786
-0.534302 -0.815509 0.222413 9.87161 0.829629 -0.455502 0.322853 6.96867 -0.16198 0.357021 0.919945 -3.2142
-0.630594 -0.738428 0.238904 9.11452 0.758363 -0.520798 0.391989 8.11219 -0.165035 0.428362 0.888408 -3.54954
-0.679802 -0.697808 0.225685 8.18903 0.731764 -0.62486 0.272161 9.31234 -0.0488948 0.350164 0.935412 -3.88773
-0.812186 -0.53799 0.225655 7.07336 0.583208 -0.758614 0.290472 10.3805 0.0149142 0.367521 0.929896 -4.15693
-0.810015 -0.556074 0.186167 5.95054 0.585093 -0.745125 0.320086 11.3466 -0.0392736 0.3682 0.928917 -4.04864
-0.865894 -0.436879 0.243649 4.64903 0.498351 -0.79556 0.344573 12.1832 0.043301 0.419786 0.906589 -4.00297
-0.927133 -0.260171 0.269693 3.29386 0.349714 -0.859278 0.373284 12.9449 0.134624 0.4404 0.887651 -4.03693
-0.953821 -0.161969 0.252965 1.80944 0.255967 -0.878974 0.40235 13.5895 0.157181 0.448521 0.879843 -3.85397
-0.984181 -0.0319506 0.174261 0.343556 0.097644 -0.918551 0.383053 14.0643 0.147828 0.394009 0.90714 -3.59602
-0.988958 -0.00565154 0.148087 -1.32936 0.0615494 -0.924674 0.375752 14.0721 0.134808 0.380718 0.914812 -3.44732
-0.986403 0.117968 0.114419 -2.82807 -0.0660437 -0.92208 0.381322 14.2523 0.150487 0.36858 0.917334 -3.24662
-0.97202 0.23041 0.0457077 -4.49782 -0.196027 -0.90287 0.382621 14.1182 0.129428 0.362956 0.922774 -3.0288
-0.93769 0.345216 -0.0395326 -5.93227 -0.333621 -0.862664 0.380143 13.6683 0.097128 0.369645 0.924083 -2.67631
-0.872304 0.461089 -0.162737 -7.49407 -0.488902 -0.827787 0.275215 13.1233 -0.00781262 0.319634 0.947509 -2.45916
-0.752884 0.60438 -0.260557 -8.62624 -0.657975 -0.700381 0.276649 12.2581 -0.015288 0.379725 0.924973 -2.44463
-0.690726 0.640131 -0.336347 -9.92645 -0.719177 -0.65661 0.22726 11.1417 -0.0753728 0.398868 0.913906 -2.4938
-0.599343 0.759222 -0.253713 -11.0274 -0.80037 -0.573903 0.173331 9.98015 -0.0140105 0.306949 0.951623 -2.59571
-0.558872 0.787306 -0.260406 -12.1104 -0.8275 -0.509061 0.236856 8.58763 0.0539157 0.347858 0.935996 -2.54119
-0.436705 0.863706 -0.251596 -12.9963 -0.895737 -0.39157 0.210543 7.1556 0.0833298 0.317309 0.944654 -2.58691
-0.267601 0.92373 -0.274066 -13.5344 -0.962631 -0.244021 0.117456 5.75694 0.0416198 0.295256 0.954511 -2.3696
-0.0612746 0.951289 -0.302149 -13.9327 -0.997535 -0.0479958 0.0511855 4.10058 0.0341904 0.30454 0.951886 -2.29468
-0.0435115 0.951396 -0.30488 -14.0933 -0.997959 -0.0271139 0.0578148 2.37049 0.0467383 0.306773 0.950634 -2.21767
0.11259 0.955252 -0.273529 -13.9522 -0.993622 0.109979 -0.0249152 0.902263 0.00628203 0.274589 0.961541 -2.19037
0.284459 0.939771 -0.189509 -13.9019 -0.957022 0.290011 0.00163601 -0.849444 0.0564972 0.180899 0.981878 -2.16807
0.368017 0.896992 -0.244884 -13.3354 -0.924717 0.380628 0.00452843 -2.35558 0.0972716 0.224782 0.969542 -2.15649
0.478362 0.855562 -0.197947 -12.6932 -0.874943 0.483627 -0.0240829 -4.03879 0.0751278 0.184712 0.979917 -2.05396
0.584125 0.781839 -0.218003 -11.843 -0.797662 0.602628 0.0239597 -5.59238 0.150108 0.159898 0.975654 -1.89847
0.617432 0.7649 -0.183589 -10.7552 -0.778048 0.628205 0.000668062 -7.00267 0.115842 0.142428 0.983003 -1.73859
0.750487 0.646836 -0.135547 -9.77882 -0.65756 0.751385 -0.0550944 -8.29594 0.0662107 0.130478 0.989238 -1.39962
0.820941 0.562718 -0.0969823 -8.36575 -0.569679 0.818729 -0.0717537 -9.46373 0.0390252 0.114154 0.992696 -1.13668
0.854376 0.492898 -0.164599 -6.8341 -0.499182 0.866489 0.00365329 -10.4574 0.144424 0.0790438 0.986354 -1.21431
0.958919 0.279921 -0.0460366 -5.37453 -0.281509 0.959006 -0.0325601 -11.2557 0.0350351 0.0441823 0.998409 -0.909459
0.950509 0.291247 -0.108207 -3.74204 -0.300116 0.950774 -0.0771942 -11.8518 0.0803979 0.105848 0.991127 -0.821199
0.985307 0.0770004 -0.152453 -2.01376 -0.103141 0.979724 -0.171767 -12.0917 0.136136 0.184967 0.97327 -0.741835
0.997475 0.0488809 -0.0515152 -0.277679 -0.0589874 0.974219 -0.217757 -12.2171 0.0395429 0.220246 0.974642 -0.556077
0.992765 -0.11684 0.0276814 1.63943 0.120074 0.96532 -0.231818 -12.0341 0.000364161 0.233464 0.972365 -0.491677
0.950895 -0.252377 0.17918 3.34594 0.27536 0.954147 -0.117387 -11.8206 -0.141338 0.160961 0.976788 -0.482412
0.890966 -0.368631 0.265125 5.06165 0.426852 0.879076 -0.212186 -11.0489 -0.154847 0.30222 0.940577 -0.737549
0.845981 -0.448061 0.289065 6.66316 0.496062 0.860163 -0.118499 -10.2843 -0.195548 0.243642 0.949947 -1.18205
0.804367 -0.548553 0.228219 8.2978 0.580083 0.808138 -0.102062 -9.36092 -0.128446 0.214481 0.968246 -1.45489
0.69609 -0.683729 0.219027 9.46708 0.707631 0.704924 -0.0483876 -8.31988 -0.121313 0.188672 0.974518 -1.66825
0.647559 -0.734388 0.203327 10.8254 0.761444 0.633946 -0.135335 -6.96502 -0.02951 0.242459 0.969713 -1.82227
0.505345 -0.825294 0.252024 12.034 0.85645 0.515381 -0.0296069 -5.46583 -0.105454 0.230808 0.967268 -1.90358
0.39109 -0.880365 0.268341 12.804 0.916565 0.398982 -0.0268662 -3.93787 -0.0834113 0.256459 0.962949 -2.22037
0.250907 -0.923274 0.290878 13.3979 0.965295 0.261135 -0.00378429 -2.2474 -0.0724644 0.281733 0.956753 -2.31882
0.103554 -0.961357 0.255088 13.8918 0.983212 0.13768 0.119739 -0.51664 -0.150232 0.238406 0.959475 -2.56989
-0.0654479 -0.961759 0.265962 14.1667 0.982113 -0.0149262 0.187702 1.21022 -0.176555 0.27349 0.945533 -2.87848
-0.203946 -0.954411 0.217958 14.0844 0.959697 -0.150938 0.237064 3.03729 -0.193358 0.257522 0.946729 -3.09805
-0.289707 -0.935968 0.200086 13.6574 0.922809 -0.217683 0.317864 4.90429 -0.253955 0.276728 0.926784 -3.58422
-0.353968 -0.896308 0.267094 13.148 0.90405 -0.25475 0.343215 6.53517 -0.239584 0.362953 0.90048 -3.98735
-0.503931 -0.842482 0.190469 12.3647 0.842854 -0.431433 0.321657 8.22064 -0.188816 0.322631 0.927501 -4.47239
-0.569052 -0.785915 0.241905 11.3656 0.813371 -0.494726 0.306063 9.71535 -0.120863 0.370924 0.920765 -4.92438
-0.658683 -0.716177 0.23071 10.1731 0.74583 -0.580968 0.325905 11.1078 -0.0993702 0.386738 0.91682 -5.15759
-0.75679 -0.631774 0.167721 8.75144 0.646756 -0.686542 0.332215 12.591 -0.094737 0.359892 0.928172 -5.31822
-0.856834 -0.463124 0.226612 7.60546 0.515593 -0.769373 0.377133 13.7065 -0.000310257 0.43998 0.898008 -5.49171
-0.86485 -0.441904 0.238232 6.0103 0.501045 -0.789482 0.354502 14.6322 0.0314243 0.425956 0.904198 -5.45808
-0.891651 -0.378112 0.24898 4.05084 0.44639 -0.825953 0.344292 15.6219 0.0754647 0.41813 0.905247 -5.38549
-0.923878 -0.303591 0.232986 2.32399 0.366454 -0.877273 0.310006 16.3944 0.110277 0.371786 0.921745 -5.16956
-0.985172 -0.117337 0.125175 0.516575 0.15716 -0.909851 0.384021 16.8754 0.0688308 0.397999 0.9148 -4.8593
-0.991449 0.032086 0.126488 -1.46018 0.0315185 -0.881722 0.470715 16.9606 0.126631 0.470676 0.873172 -4.60849
-0.976796 0.197159 0.0836576 -3.21279 -0.129284 -0.854207 0.503603 16.9829 0.170751 0.481102 0.859875 -4.60937
-0.966154 0.24421 0.0831198 -5.18216 -0.159867 -0.819688 0.55005 16.7751 0.20246 0.518145 0.830985 -4.27188
-0.918109 0.383614 -0.0995815 -7.05603 -0.375585 -0.761923 0.527645 16.4313 0.126538 0.521837 0.843608 -3.85935
-0.844241 0.454724 -0.283695 -8.85583 -0.533945 -0.759468 0.371633 15.5983 -0.0464671 0.465225 0.883972 -3.59329
-0.767848 0.556486 -0.317386 -10.4282 -0.640575 -0.673547 0.368778 14.431 -0.00855463 0.486475 0.873653 -3.71841
-0.681557 0.657891 -0.320406 -11.947 -0.731763 -0.613857 0.296147 12.9897 -0.00185105 0.436302 0.899798 -3.74205
-0.59894 0.764078 -0.2397 -13.2773 -0.79913 -0.551005 0.240385 11.6757 0.0515966 0.335528 0.940616 -3.80815
-0.5302 0.795215 -0.294145 -14.6914 -0.846221 -0.474662 0.242085 9.99182 0.0528904 0.377266 0.924594 -3.69151
-0.391669 0.869359 -0.301347 -15.6439 -0.916695 -0.340521 0.209082 8.37476 0.0791519 0.358134 0.930309 -3.51506
-0.238794 0.922417 -0.30352 -16.2862 -0.969908 -0.211272 0.121007 6.55731 0.0474934 0.323282 0.94511 -3.42944
-0.100604 0.944564 -0.312533 -16.8125 -0.993529 -0.0787313 0.0818681 4.39663 0.0527236 0.318747 0.946372 -3.34912
-0.0335846 0.953335 -0.30004 -16.9452 -0.997168 -0.0117483 0.0742878 2.39386 0.0672962 0.301686 0.951029 -3.16925
0.095833 0.948639 -0.301496 -16.8138 -0.987297 0.129152 0.0925486 0.38205 0.126734 0.288797 0.948965 -2.99
0.249313 0.937689 -0.242039 -16.6201 -0.967532 0.251895 -0.0207357 -1.70592 0.0415247 0.23935 0.970045 -2.8457
0.347098 0.916072 -0.200836 -16.1959 -0.932035 0.360719 0.0345404 -3.549 0.104087 0.175198 0.979016 -2.86844
0.465228 0.859642 -0.211138 -15.2303 -0.882383 0.469351 -0.0333234 -5.55647 0.0704516 0.201808 0.976888 -2.6076
0.541311 0.813368 -0.213106 -14.3988 -0.833927 0.551735 -0.0124353 -7.28103 0.107463 0.184446 0.97695 -2.49483
0.66947 0.703734 -0.23784 -13.1713 -0.727865 0.685405 -0.0207766 -8.95741 0.148395 0.187025 0.971082 -2.37592
0.760991 0.606531 -0.230246 -11.79 -0.625767 0.779888 -0.0137989 -10.4577 0.171196 0.154581 0.973035 -1.98132
0.824798 0.521489 -0.218534 -10.145 -0.54922 0.830774 -0.0904006 -11.883 0.134409 0.194585 0.971633 -1.56581
0.871762 0.468114 -0.144569 -8.45461 -0.484715 0.867016 -0.115472 -13.0713 0.0712895 0.170739 0.982734 -1.52542
0.935724 0.344586 -0.0753692 -6.4769 -0.352592 0.919774 -0.172318 -14.1684 0.00994418 0.187817 0.982154 -1.52515
0.964938 0.260137 -0.0349832 -4.51603 -0.261523 0.941483 -0.212637 -14.6957 -0.0223787 0.214331 0.976505 -1.41582
0.985403 0.117711 -0.122983 -2.34092 -0.15293 0.929458 -0.335739 -15.2012 0.0747876 0.349646 0.933892 -1.37141
0.999702 -0.0207605 -0.0128113 -0.290307 0.0164308 0.961179 -0.275437 -15.3238 0.0180322 0.275145 0.961234 -1.29325
0.977816 -0.201344 0.0577581 1.91126 0.209411 0.933452 -0.291229 -15.0702 0.00472281 0.296864 0.954908 -1.21528
0.936782 -0.296069 0.186502 4.07769 0.329144 0.926478 -0.182492 -14.7007 -0.11876 0.232341 0.965357 -1.30344
0.905711 -0.381909 0.183935 6.30656 0.411939 0.895317 -0.169451 -13.9114 -0.0999653 0.229244 0.968222 -1.72865
0.859875 -0.491099 0.139415 8.26524 0.505962 0.85618 -0.10468 -12.9227 -0.0679562 0.160551 0.984685 -1.98233
0.795874 -0.570244 0.203488 9.95567 0.600264 0.787089 -0.142033 -11.7542 -0.0791701 0.235187 0.96872 -2.26654
0.724562 -0.651466 0.224951 11.5571 0.676574 0.734537 -0.051985 -10.4604 -0.131368 0.189862 0.972982 -2.36418
0.590798 -0.765567 0.254686 13.1099 0.805731 0.576226 -0.13697 -9.05515 -0.0418972 0.28613 0.957274 -2.54284
0.508418 -0.797607 0.324554 14.4415 0.857239 0.504504 -0.103033 -7.0459 -0.0815585 0.330604 0.940239 -2.72341
0.393733 -0.838324 0.377076 15.5784 0.911973 0.407673 -0.04591 -5.07888 -0.115236 0.36196 0.925044 -3.03518
0.301125 -0.888571 0.34607 16.2203 0.94526 0.325996 0.0145312 -3.02713 -0.125729 0.322751 0.938096 -3.21869
0.170941 -0.917223 0.359834 16.8047 0.982006 0.188357 0.0136184 -0.890541 -0.0802686 0.351032 0.932917 -3.44148
0.0161777 -0.964915 0.262065 17.115 0.992019 0.0482681 0.116483 1.17462 -0.125045 0.258089 0.957995 -3.71268
-0.124743 -0.960088 0.25034 17.0188 0.975053 -0.0719332 0.209992 3.42775 -0.183603 0.27029 0.94511 -3.93919
-0.255113 -0.949258 0.18392 16.5852 0.913167 -0.174001 0.368578 5.39201 -0.317873 0.261979 0.911221 -4.43892
-0.452437 -0.852198 0.262793 15.9731 0.861686 -0.341823 0.37504 7.40023 -0.22978 0.396127 0.88898 -5.05298
-0.512196 -0.843643 0.161004 14.945 0.840423 -0.453668 0.296438 9.32253 -0.177046 0.287146 0.941383 -5.72224
-0.616537 -0.757857 0.213389 13.6996 0.777238 -0.542609 0.318553 11.1239 -0.125631 0.362254 0.923574 -6.21754
-0.700048 -0.648297 0.299406 12.3813 0.713742 -0.622035 0.321938 12.8654 -0.0224697 0.439071 0.898171 -6.44162
-0.722201 -0.634923 0.274406 10.779 0.68596 -0.606524 0.401978 14.5418 -0.0887912 0.478541 0.873565 -6.45244
-0.790249 -0.574129 0.214202 9.01339 0.605595 -0.678319 0.416098 15.9399 -0.0935965 0.458541 0.883731 -6.72358
-0.888196 -0.418787 0.189009 7.27686 0.45912 -0.793035 0.400381 17.1566 -0.0177837 0.442395 0.896644 -6.82206
-0.91531 -0.324448 0.238624 5.08657 0.394729 -0.840335 0.371518 18.144 0.079986 0.434246 0.897236 -6.65562
-0.969609 -0.207014 0.130395 3.07934 0.242683 -0.881388 0.405291 19.0738 0.0310273 0.424619 0.90484 -6.49503
-0.992758 -0.0815474 0.0882167 0.905279 0.111817 -0.895709 0.430352 19.6301 0.0439224 0.4371 0.89834 -6.30687
-0.999188 0.0321261 0.0243167 -1.54031 -0.0160081 -0.870378 0.492124 19.6649 0.0369748 0.491335 0.870185 -6.25931
-0.989383 0.14407 0.0191061 -3.75254 -0.110577 -0.831558 0.54432 19.5445 0.094308 0.536429 0.83866 -6.06391
-0.975862 0.217783 0.0162529 -6.2221 -0.174932 -0.824063 0.538813 19.3161 0.130738 0.522964 0.842268 -5.91124
-0.919461 0.387909 -0.0641703 -8.15029 -0.362298 -0.772476 0.521556 18.7863 0.152746 0.502799 0.850801 -5.60048
-0.852483 0.486066 -0.192384 -10.2375 -0.519029 -0.743147 0.422305 17.7645 0.0622982 0.459861 0.885803 -5.2636
-0.786258 0.556203 -0.26914 -12.2529 -0.617827 -0.714301 0.32873 16.4912 -0.0094065 0.424749 0.905262 -5.16037
-0.701635 0.644961 -0.302876 -14.0645 -0.711514 -0.656942 0.24935 15.0204 -0.0381508 0.390453 0.919832 -5.19791
-0.62932 0.729999 -0.266566 -15.7004 -0.775912 -0.570874 0.268447 13.303 0.0437907 0.375771 0.925677 -5.02341
-0.51039 0.790341 -0.338915 -17.1156 -0.856406 -0.431442 0.283594 11.3443 0.0779139 0.434993 0.897057 -4.98729
-0.348773 0.830859 -0.433624 -18.3909 -0.936484 -0.290789 0.196059 9.36244 0.0368042 0.474462 0.879506 -4.62804
-0.222699 0.869595 -0.440693 -19.0457 -0.972236 -0.164789 0.16614 7.11326 0.0718531 0.465457 0.882149 -4.56945
-0.131083 0.894373 -0.427684 -19.5039 -0.987566 -0.0800423 0.1353 4.75597 0.0867763 0.440102 0.893745 -4.51156
-0.0274622 0.914285 -0.40414 -19.7549 -0.988553 0.035162 0.146721 2.36971 0.148355 0.403543 0.902853 -4.30914
0.0834277 0.938586 -0.334809 -19.7095 -0.98368 0.131314 0.123005 -0.0315162 0.159415 0.319083 0.934223 -4.0297
0.232296 0.9214 -0.311546 -19.4223 -0.961118 0.266616 0.0718877 -2.42136 0.1493 0.282733 0.947508 -3.8134
0.384388 0.872677 -0.301132 -18.8575 -0.907851 0.416513 0.0481989 -4.65396 0.167487 0.254856 0.952363 -3.54348
0.426367 0.867495 -0.256251 -17.7897 -0.897193 0.441633 0.00226619 -6.93062 0.115135 0.22894 0.966608 -3.32378
0.57427 0.771054 -0.275118 -16.8001 -0.807267 0.589225 -0.0336758 -9.02159 0.136141 0.241433 0.96082 -3.1557
0.640587 0.7168 -0.275401 -15.2972 -0.759067 0.645302 -0.0860429 -11.0788 0.116041 0.264165 0.957471 -2.82601
0.743168 0.613186 -0.267776 -13.7137 -0.659247 0.73947 -0.136302 -12.8925 0.114433 0.277826 0.953791 -2.57035
0.821635 0.523342 -0.225894 -11.8268 -0.560855 0.812996 -0.15646 -14.5436 0.101769 0.255247 0.961505 -2.27419
0.890556 0.421287 -0.171542 -9.77882 -0.449811 0.871728 -0.194319 -15.7631 0.0676738 0.250213 0.965823 -2.27063
0.947431 0.28534 -0.14476 -7.5138 -0.315468 0.908601 -0.273724 -16.7899 0.0534243 0.305002 0.950852 -2.12658
0.968977 0.242974 -0.0452509 -5.16047 -0.244436 0.915063 -0.320796 -17.4779 -0.0365375 0.321905 0.946067 -2.12963
0.996538 0.083133 -0.000699447 -2.6923 -0.0763105 0.911352 -0.404493 -18.1113 -0.0329892 0.403146 0.914541 -2.25822
0.997751 -0.0537685 -0.0400313 -0.275845 0.0324137 0.909703 -0.413992 -18.1954 0.0586763 0.411763 0.9094 -2.23238
0.987787 -0.147176 0.0511465 2.44211 0.155777 0.926127 -0.343543 -17.9856 0.0031929 0.347314 0.937743 -2.23672
0.967564 -0.199239 0.155318 4.86166 0.238496 0.923143 -0.30154 -17.479 -0.0833028 0.328802 0.940718 -2.17939
0.924246 -0.355016 0.140475 7.43693 0.379867 0.892018 -0.24496 -16.6849 -0.0383413 0.279765 0.959303 -2.4879
0.851078 -0.477409 0.218511 9.63259 0.522896 0.808273 -0.270691 -15.5827 -0.047386 0.344638 0.937539 -2.60535
0.768102 -0.585038 0.260288 11.6235 0.635267 0.747238 -0.19512 -14.2008 -0.0803448 0.315225 0.94561 -2.91158
0.715202 -0.63537 0.29119 13.6272 0.69445 0.693051 -0.193442 -12.5858 -0.0789019 0.340567 0.936904 -3.14744
0.599663 -0.731295 0.324981 15.4478 0.798633 0.572705 -0.184916 -10.8116 -0.05089 0.370427 0.927466 -3.52318
0.518434 -0.768128 0.375772 16.8717 0.845357 0.526586 -0.0898846 -8.66441 -0.128834 0.364261 0.922343 -3.71132
0.422388 -0.793472 0.438167 18.0294 0.896765 0.436171 -0.0746134 -6.35828 -0.131912 0.424449 0.895791 -4.16867
0.311283 -0.865484 0.39248 18.9694 0.950302 0.285836 -0.123385 -3.86514 -0.00539685 0.411383 0.911447 -4.47949
0.191069 -0.89977 0.392309 19.6066 0.980391 0.194568 -0.0312415 -1.3787 -0.0482206 0.390586 0.919303 -4.4843
0.0194926 -0.913244 0.406946 20.1876 0.997858 0.0431907 0.0491288 1.0693 -0.0624429 0.405117 0.91213 -4.64356
-0.22467 -0.881733 0.414814 20.0431 0.952816 -0.109612 0.283068 3.52992 -0.204121 0.458838 0.864755 -4.84012
-0.370482 -0.872271 0.319196 19.3958 0.878248 -0.217101 0.426084 5.92424 -0.302363 0.43819 0.846503 -5.41925
-0.357969 -0.858841 0.366403 18.2854 0.90653 -0.225634 0.356782 8.31907 -0.223746 0.459872 0.859334 -6.25371
-0.519091 -0.806461 0.283133 17.363 0.826553 -0.389306 0.40651 10.6517 -0.217609 0.445041 0.868669 -6.7383
-0.58607 -0.767119 0.260862 15.99 0.791983 -0.474355 0.384383 12.7092 -0.171126 0.431874 0.885551 -7.41829
-0.736446 -0.625121 0.258595 14.4619 0.673027 -0.63836 0.37354 14.7295 -0.0684306 0.449133 0.89084 -7.82177
-0.749576 -0.603099 0.272778 12.6418 0.661917 -0.681949 0.311145 16.5219 -0.00163094 0.413783 0.910374 -7.95591
-0.838376 -0.478478 0.261122 10.7173 0.544915 -0.747916 0.379063 18.1862 0.0139237 0.460087 0.887765 -8.13073
-0.88809 -0.388314 0.245985 8.49503 0.456927 -0.804126 0.380262 19.5398 0.050142 0.450104 0.891567 -8.1128
-0.914024 -0.33786 0.224523 6.0448 0.394855 -0.867873 0.301474 20.8024 0.0930019 0.364208 0.926662 -8.0449
-0.966408 -0.24053 0.090563 3.69343 0.256802 -0.889366 0.37826 21.7335 -0.0104391 0.38881 0.921259 -7.83841
-0.997351 -0.0667517 0.0289167 1.05506 0.0725078 -0.88004 0.469332 22.2836 -0.00588084 0.470185 0.882548 -7.71382
-0.998346 0.0467663 -0.0334455 -1.65743 -0.0571713 -0.869125 0.491277 22.3434 -0.00609312 0.492377 0.870361 -7.80465
-0.993574 0.106971 0.0369757 -4.37711 -0.0724114 -0.851875 0.518715 22.0361 0.0869862 0.512705 0.854147 -7.84188
-0.979929 0.198189 -0.0214577 -6.90013 -0.17697 -0.815321 0.551302 21.7654 0.0917672 0.544034 0.83403 -7.51965
-0.944164 0.319772 -0.0793689 -9.48494 -0.306883 -0.765857 0.565054 21.0505 0.119903 0.557861 0.821227 -7.20478
-0.880352 0.41727 -0.225537 -11.7416 -0.470988 -0.712747 0.519771 20.0225 0.056134 0.563806 0.823997 -6.81911
-0.80153 0.524405 -0.287313 -13.9991 -0.595637 -0.657961 0.460764 18.658 0.0525859 0.540451 0.839731 -6.60461
-0.695427 0.621333 -0.361006 -16.033 -0.717731 -0.575924 0.391375 16.94 0.035262 0.531278 0.846463 -6.40028
-0.568216 0.738448 -0.363078 -17.8753 -0.822731 -0.50144 0.267714 14.9358 0.0156314 0.450835 0.892471 -6.43118
-0.474467 0.811711 -0.340596 -19.455 -0.873078 -0.384566 0.299739 12.5604 0.112319 0.439583 0.891151 -6.34967
-0.391112 0.826308 -0.405274 -20.6593 -0.919183 -0.328603 0.217077 10.2194 0.046198 0.457422 0.888049 -6.09938
-0.208445 0.885993 -0.414206 -21.6393 -0.977547 -0.175378 0.116806 7.69975 0.030847 0.429254 0.902657 -6.01792
-0.168305 0.906112 -0.388116 -22.1395 -0.976274 -0.0988061 0.19268 4.82292 0.136241 0.411337 0.901244 -5.8827
-0.0475203 0.912717 -0.405819 -22.4834 -0.989943 0.011162 0.141024 2.19875 0.133245 0.408439 0.903008 -5.55144
0.0625577 0.91865 -0.390089 -22.4709 -0.990321 0.105657 0.0900047 -0.407007 0.123899 0.380683 0.916368 -5.16007
0.229165 0.898801 -0.373685 -22.1625 -0.962505 0.266485 0.0506966 -3.22331 0.145148 0.348056 0.926169 -4.71896
0.280626 0.883759 -0.374458 -21.4711 -0.949675 0.312224 0.0251764 -5.94131 0.139165 0.348548 0.926902 -4.34655
0.412843 0.847955 -0.332466 -20.5358 -0.901236 0.433086 -0.0145338 -8.4316 0.131662 0.30563 0.943003 -4.08953
0.547503 0.754351 -0.362209 -19.2398 -0.826478 0.555254 -0.0928815 -10.7943 0.131053 0.350211 0.927458 -3.89366
0.663533 0.672052 -0.328741 -17.6341 -0.747167 0.617751 -0.245204 -12.978 0.0382902 0.408325 0.912033 -3.56997
0.690175 0.653857 -0.310048 -15.5849 -0.721179 0.656821 -0.220199 -15.0529 0.0596678 0.375576 0.924869 -3.59408
0.812976 0.515788 -0.270247 -13.4657 -0.577602 0.77313 -0.262003 -16.953 0.0737979 0.369098 0.926456 -3.21501
0.901093 0.409129 -0.14368 -11.0895 -0.433596 0.846296 -0.30948 -18.3969 -0.00502175 0.34117 0.939988 -3.08951
0.945396 0.310515 -0.0990282 -8.54607 -0.324017 0.862614 -0.388472 -19.499 -0.0352031 0.399347 0.916124 -3.23751
0.982609 0.181412 -0.0396127 -5.86827 -0.181631 0.894687 -0.408099 -20.2813 -0.0385928 0.408196 0.912078 -3.33797
0.992766 0.11784 0.0229896 -2.86068 -0.0948846 0.887391 -0.451147 -20.7068 -0.0735638 0.445702 0.892153 -3.36518
0.996818 -0.0560439 -0.0566809 -0.0283657 0.020925 0.870139 -0.492362 -20.8362 0.0769142 0.489609 0.868543 -3.57657
0.988615 -0.145787 0.0372365 2.82894 0.147482 0.889815 -0.431831 -20.7249 0.0298216 0.432407 0.901185 -3.40464
0.961074 -0.222367 0.163982 5.69433 0.2668 0.901157 -0.341664 -20.3093 -0.0717986 0.372115 0.925406 -3.29077
0.914912 -0.342666 0.213346 8.40899 0.397382 0.857419 -0.326985 -19.4209 -0.07088 0.383942 0.920633 -3.46095
0.833314 -0.425777 0.352563 11.0158 0.535244 0.780904 -0.322029 -18.1711 -0.138206 0.457059 0.878633 -3.4845
0.77029 -0.489248 0.40901 13.3942 0.620884 0.721694 -0.306041 -16.398 -0.14545 0.489688 0.85968 -4.05422
0.702818 -0.561177 0.437181 15.5867 0.709348 0.599153 -0.371269 -14.6322 -0.0535903 0.571048 0.819165 -4.35434
0.638255 -0.645453 0.419549 17.5659 0.766361 0.584373 -0.26683 -12.5854 -0.0729472 0.491832 0.867629 -4.6662
0.470515 -0.784093 0.40474 19.2547 0.87844 0.459588 -0.13085 -10.1968 -0.083415 0.417107 0.905022 -5.08219
0.434163 -0.79809 0.417797 20.5728 0.897259 0.424397 -0.121708 -7.5763 -0.0801784 0.427714 0.900351 -5.40399
0.292205 -0.878799 0.377264 21.5797 0.954593 0.291951 -0.0592958 -4.79039 -0.0580334 0.37746 0.924206 -5.65156
0.166577 -0.869899 0.46425 22.4607 0.98355 0.179948 -0.0157252 -2.05948 -0.0698617 0.459233 0.885565 -5.76697
0.0105108 -0.853639 0.520759 22.8646 0.992887 0.0706752 0.0958122 0.872425 -0.118594 0.516048 0.84831 -5.95885
-0.148609 -0.872422 0.465612 22.6816 0.962549 -0.0196525 0.270393 3.79643 -0.226746 0.488358 0.84267 -6.30394
-0.343643 -0.836225 0.42736 22.185 0.917551 -0.202049 0.342455 6.36675 -0.200022 0.509807 0.836712 -7.00913
-0.403165 -0.824219 0.397645 21.1175 0.904521 -0.292941 0.309884 9.07916 -0.138926 0.484612 0.863627 -7.76352
-0.472702 -0.833989 0.284631 19.7228 0.860522 -0.367261 0.353016 11.7201 -0.189878 0.411803 0.891271 -8.22803
-0.584493 -0.754032 0.299671 18.3069 0.796094 -0.46153 0.391439 14.2084 -0.156851 0.46736 0.870042 -8.81787
-0.68647 -0.65932 0.306685 16.3985 0.719417 -0.554425 0.418393 16.5472 -0.105821 0.507849 0.854922 -9.12017
-0.741915 -0.595008 0.309073 14.4066 0.670133 -0.642914 0.370922 18.665 -0.0219942 0.482313 0.875723 -9.49308
-0.815993 -0.524701 0.242579 12.2767 0.575675 -0.699517 0.423407 20.4381 -0.0524737 0.485144 0.872859 -9.41287
-0.869394 -0.415508 0.26741 9.72023 0.493548 -0.756262 0.429509 22.0577 0.0237677 0.505392 0.862563 -9.51672
-0.904474 -0.307337 0.295753 7.05578 0.413215 -0.803269 0.428967 23.416 0.105732 0.5102 0.853532 -9.28569
-0.974024 -0.172262 0.146979 4.30227 0.224952 -0.810469 0.540867 24.356 0.0259507 0.559881 0.828167 -9.15568
-0.999295 -0.0348931 0.0138693 1.22672 0.0359031 -0.779793 0.625007 24.9256 -0.0109932 0.625064 0.780496 -9.19307
-0.999877 0.010854 -0.0112888 -1.7821 -0.0153905 -0.8143 0.580241 24.8923 -0.00289453 0.580343 0.814367 -9.30642
-0.992596 0.119552 -0.0214639 -4.59499 -0.111073 -0.821891 0.558711 24.7175 0.0491539 0.556959 0.829084 -9.39611
-0.957501 0.282189 -0.0596804 -7.58159 -0.264758 -0.777797 0.57003 24.2846 0.114437 0.561605 0.819453 -9.28404
-0.901411 0.403639 -0.156636 -10.3616 -0.420699 -0.731044 0.537203 23.4104 0.102329 0.550137 0.828781 -8.91518
-0.849039 0.492925 -0.190151 -13.108 -0.515414 -0.693683 0.503142 22.2731 0.116107 0.525194 0.843025 -8.64025
-0.76395 0.568919 -0.304487 -15.6612 -0.63955 -0.60485 0.474482 20.7018 0.0857729 0.557215 0.825927 -8.30643
-0.664733 0.635368 -0.392986 -17.9845 -0.745829 -0.533939 0.398307 18.679 0.0432412 0.557868 0.828802 -8.07882
-0.583035 0.685618 -0.435888 -20.0035 -0.811799 -0.470207 0.346248 16.3942 0.0324363 0.555728 0.830731 -7.8625
-0.488763 0.770936 -0.408372 -21.8092 -0.866898 -0.376609 0.32658 13.8037 0.0979754 0.513637 0.852395 -7.80236
-0.434466 0.794306 -0.424639 -23.203 -0.889838 -0.305572 0.338843 11.1148 0.139387 0.525075 0.839564 -7.55647
-0.199145 0.830056 -0.520911 -24.3073 -0.978591 -0.140258 0.15062 8.29344 0.0519608 0.539755 0.840217 -7.35714
-0.152277 0.887395 -0.435134 -24.7632 -0.983178 -0.0910811 0.158319 5.17249 0.100859 0.451922 0.886337 -7.20191
-0.0699885 0.879621 -0.470498 -25.1445 -0.991134 -0.00791959 0.132629 2.09579 0.112937 0.475609 0.872377 -6.95402
0.059201 0.862732 -0.502184 -25.3162 -0.979869 0.146307 0.135836 -0.86063 0.190663 0.484033 0.854026 -6.60516
0.202166 0.851553 -0.483721 -24.909 -0.957821 0.274918 0.0836599 -3.93126 0.204224 0.446405 0.871214 -5.98092
0.34585 0.839858 -0.418361 -24.2261 -0.928877 0.369462 -0.0261878 -6.83405 0.132575 0.397663 0.907903 -5.53156
0.445037 0.831464 -0.332579 -23.0361 -0.889276 0.454082 -0.054747 -9.80105 0.105498 0.320119 0.941485 -5.1749
0.55677 0.750506 -0.356017 -21.4791 -0.826555 0.543145 -0.147653 -12.4953 0.0825539 0.376476 0.922741 -5.05715
0.652816 0.669537 -0.354333 -19.6549 -0.756203 0.603533 -0.252794 -14.8618 0.0445969 0.432976 0.900302 -4.92124
0.708253 0.612597 -0.35086 -17.4033 -0.703499 0.653897 -0.278401 -17.1335 0.0588787 0.444008 0.894086 -4.74635
0.815858 0.490403 -0.306399 -14.9574 -0.575167 0.742883 -0.342503 -19.3526 0.0596544 0.455665 0.88815 -4.48977
0.903279 0.388945 -0.181135 -12.3625 -0.428245 0.791377 -0.436267 -20.9642 -0.0263374 0.471641 0.881397 -4.33539
0.953727 0.29949 -0.0266374 -9.52439 -0.277374 0.842173 -0.462394 -22.0901 -0.116049 0.448386 0.886274 -4.537
0.982581 0.183911 -0.0266606 -6.33797 -0.177313 0.88489 -0.430733 -23.0225 -0.0556246 0.427957 0.902086 -4.81544
0.996927 0.0668071 -0.0409104 -3.22541 -0.078074 0.890157 -0.448915 -23.4846 0.006426 0.450729 0.892638 -4.87848
0.994258 0.0155549 -0.105869 0.0977405 -0.0603785 0.898382 -0.435044 -23.608 0.0883435 0.438938 0.894164 -4.96233
0.985513 -0.169236 0.0110875 3.25388 0.15179 0.850983 -0.50278 -23.6286 0.075653 0.49718 0.864343 -4.75933
0.970512 -0.192505 0.145081 6.39585 0.23649 0.876927 -0.418416 -23.0703 -0.0466778 0.440388 0.896593 -4.66659
0.90611 -0.370579 0.204049 9.38451 0.421819 0.828106 -0.3692 -22.0781 -0.0321567 0.420608 0.906673 -4.90001
0.813746 -0.452999 0.364156 12.2778 0.571959 0.735522 -0.36314 -20.6827 -0.103343 0.503786 0.857625 -5.08879
0.796941 -0.493114 0.34889 14.8594 0.600674 0.707971 -0.37144 -18.7655 -0.0638422 0.505585 0.860412 -5.559
0.705719 -0.597136 0.3813 17.3587 0.70786 0.616984 -0.343897 -16.61 -0.029903 0.512602 0.858106 -5.98944
0.611049 -0.643698 0.46073 19.5658 0.781724 0.58231 -0.22321 -14.2889 -0.124607 0.496556 0.859014 -6.22982
0.48704 -0.741243 0.461899 21.5993 0.872386 0.438107 -0.216808 -11.6657 -0.0416537 0.508548 0.860026 -6.60099
0.425328 -0.792411 0.437242 23.0522 0.900539 0.418666 -0.117256 -8.80174 -0.0901435 0.443626 0.891667 -6.69662
0.288358 -0.8208 0.493089 24.3054 0.951647 0.302627 -0.0527676 -5.76462 -0.10591 0.484463 0.868377 -6.89724
0.157374 -0.830162 0.53485 24.9739 0.98188 0.189433 0.00511781 -2.73149 -0.105567 0.524353 0.844932 -7.17715
0.0290211 -0.741132 0.670731 25.4096 0.996529 0.073828 0.0384595 0.550673 -0.0780223 0.667287 0.740703 -7.58369
-0.169049 -0.790978 0.588028 25.3785 0.963646 -0.00740157 0.267078 3.89211 -0.206901 0.6118 0.763474 -7.96832
-0.307426 -0.810712 0.498232 24.6752 0.930341 -0.146089 0.336338 6.9205 -0.199887 0.566925 0.79915 -8.63794
-0.386383 -0.804987 0.450227 23.606 0.906985 -0.242912 0.344053 9.94876 -0.167592 0.541285 0.823968 -9.21266
-0.501888 -0.764526 0.404485 22.3413 0.851984 -0.356369 0.383567 12.7709 -0.149101 0.537122 0.830222 -9.78059
-0.59309 -0.735835 0.326788 20.5233 0.799976 -0.49269 0.342483 15.5719 -0.0910057 0.464546 0.88086 -10.306
-0.659225 -0.697577 0.280728 18.5045 0.744145 -0.551582 0.376837 18.1738 -0.108028 0.457323 0.882715 -10.6269
-0.743156 -0.588959 0.317565 16.301 0.668352 -0.630665 0.394419 20.5124 -0.0320198 0.50536 0.862314 -11.0226
-0.824066 -0.48841 0.287004 13.7853 0.566368 -0.699634 0.435591 22.5135 -0.0119493 0.521505 0.853165 -11.0434
-0.874739 -0.371017 0.311735 11.0423 0.483408 -0.713081 0.507772 24.3744 0.0338997 0.594863 0.803112 -11.1875
-0.929203 -0.300115 0.21567 8.09497 0.369467 -0.740508 0.561375 25.8794 -0.00877226 0.601314 0.798965 -10.9517
-0.979716 -0.146773 0.136433 4.91893 0.200329 -0.734216 0.648687 26.8893 0.00496158 0.662861 0.748726 -11.1236
-0.999701 -0.0112614 0.0217237 1.44269 0.0236528 -0.672149 0.740038 27.3656 0.00626774 0.74033 0.672214 -11.2262
-0.99894 0.0402932 -0.0222543 -1.90824 -0.0447368 -0.736048 0.67545 27.2563 0.0108358 0.675729 0.73707 -11.1846
-0.987012 0.160584 -0.00452007 -5.12556 -0.125088 -0.750576 0.648836 27.0802 0.1008 0.640974 0.760915 -11.1308
-0.962629 0.26912 -0.030327 -8.45379 -0.237372 -0.784513 0.572882 26.617 0.130382 0.558672 0.819077 -10.9887
-0.921794 0.36957 -0.11711 -11.561 -0.367057 -0.734771 0.570421 25.6296 0.124761 0.568796 0.812961 -10.6871
-0.8685 0.46186 -0.179981 -14.6105 -0.4791 -0.688995 0.543829 24.1293 0.127166 0.558544 0.819669 -10.441
-0.79372 0.53852 -0.282852 -17.4526 -0.602543 -0.632324 0.486937 22.5368 0.0833714 0.556922 0.82637 -10.2051
-0.683429 0.629016 -0.370491 -20.0329 -0.725493 -0.52881 0.440477 20.4021 0.0811478 0.569824 0.817751 -9.95148
-0.632118 0.65494 -0.414102 -22.2568 -0.773339 -0.499622 0.390289 17.7393 0.0487216 0.56695 0.82231 -9.76066
-0.508553 0.750831 -0.421459 -24.2377 -0.858933 -0.40824 0.30915 14.9992 0.0600631 0.519224 0.852525 -9.55735
-0.409993 0.797482 -0.442637 -25.6549 -0.909478 -0.32076 0.264504 11.8539 0.0689576 0.511014 0.856802 -9.33389
-0.242333 0.786827 -0.567608 -26.8822 -0.966916 -0.147824 0.207897 8.69241 0.0796732 0.599209 0.796618 -9.05085
-0.121345 0.830557 -0.543553 -27.4715 -0.988134 -0.0491322 0.145521 5.44006 0.0941576 0.554762 0.826664 -8.86051
-0.0712252 0.849041 -0.523504 -27.8045 -0.986631 0.0171575 0.162063 1.8936 0.14658 0.528048 0.836469 -8.38195
0.0382679 0.847184 -0.52992 -27.8755 -0.983121 0.126866 0.131826 -1.39589 0.17891 0.515931 0.837739 -7.98786
0.183221 0.830747 -0.525633 -27.4853 -0.963906 0.256876 0.0699951 -4.80652 0.193171 0.493837 0.847827 -7.44402
0.318699 0.788715 -0.525699 -26.8742 -0.920977 0.388813 0.0250124 -7.9902 0.224127 0.476186 0.850303 -6.9537
0.498703 0.795336 -0.344581 -25.5434 -0.865419 0.479096 -0.146686 -11.2067 0.0484226 0.37136 0.927225 -6.28008
0.593015 0.718003 -0.364425 -23.852 -0.804609 0.545633 -0.234283 -14.1644 0.0306266 0.432153 0.90128 -6.24289
0.686183 0.585403 -0.431806 -21.795 -0.717923 0.640646 -0.272322 -16.7298 0.117217 0.496866 0.859875 -6.20709
0.721999 0.580069 -0.377145 -19.2395 -0.686031 0.670994 -0.2813 -19.222 0.0898884 0.461831 0.882402 -6.15018
0.820586 0.519958 -0.237239 -16.4674 -0.571474 0.741065 -0.352478 -21.6263 -0.00746431 0.424814 0.90525 -5.85365
0.915936 0.340274 -0.212778 -13.6424 -0.401311 0.780756 -0.478924 -23.4333 0.00316187 0.524054 0.851679 -5.96399
0.957187 0.274827 -0.0909046 -10.3828 -0.282848 0.821183 -0.495636 -24.7286 -0.0615646 0.500128 0.86376 -5.92591
0.97527 0.205582 -0.0811498 -6.93954 -0.216905 0.819766 -0.530034 -25.6712 -0.0424416 0.534528 0.844085 -6.18128
0.994749 0.0872316 -0.0535265 -3.5523 -0.102318 0.835583 -0.539752 -26.2514 -0.00235766 0.542395 0.840121 -6.30698
0.999387 0.00315022 -0.0348634 -0.0160138 -0.0209112 0.852438 -0.52241 -26.3525 0.0280732 0.522819 0.851981 -6.35891
0.986967 -0.126039 0.100047 3.56531 0.160042 0.833677 -0.528555 -26.2773 -0.0167888 0.537678 0.842983 -6.31174
0.963725 -0.237794 0.121197 7.01817 0.266873 0.864726 -0.425474 -25.6779 -0.003627 0.442384 0.896818 -6.18387
0.887574 -0.37127 0.27271 10.4739 0.453982 0.805425 -0.381038 -24.5395 -0.0781793 0.462005 0.883425 -6.25471
0.841342 -0.397134 0.366645 13.5966 0.532185 0.727215 -0.433518 -22.891 -0.0944653 0.559859 0.823185 -6.58603
0.751723 -0.49198 0.439168 16.3477 0.642981 0.694786 -0.322254 -20.9026 -0.146585 0.524622 0.83862 -7.03756
0.758965 -0.53517 0.370898 19.1463 0.648333 0.673877 -0.354337 -18.4963 -0.0603092 0.509395 0.858417 -7.5777
0.641568 -0.593525 0.485921 21.5767 0.76252 0.562345 -0.319893 -16.0998 -0.0833904 0.575758 0.813357 -7.81288
0.527168 -0.667751 0.52555 23.6864 0.846617 0.465874 -0.257296 -13.0019 -0.0730304 0.580577 0.810923 -8.27759
0.403327 -0.736102 0.543582 25.3544 0.914333 0.347807 -0.207428 -9.9653 -0.0363733 0.580676 0.813322 -8.40772
0.277982 -0.800759 0.530576 26.7719 0.954395 0.292846 -0.0580603 -6.69184 -0.108885 0.522519 0.845647 -8.403
0.103348 -0.834035 0.541945 27.5736 0.978914 0.181812 0.093125 -3.29518 -0.176202 0.520894 0.835238 -9.01279
0.0302769 -0.846412 0.531667 27.7817 0.995167 0.075237 0.0631053 0.310732 -0.0934141 0.527187 0.844599 -9.68035
-0.089437 -0.777858 0.622044 27.6887 0.989497 0.00181961 0.144544 3.86326 -0.113567 0.628438 0.769525 -10.0857
-0.265906 -0.768765 0.58163 27.1582 0.961457 -0.167704 0.217892 7.35773 -0.0699658 0.617151 0.783728 -10.5123
-0.352995 -0.759895 0.545852 25.9796 0.931415 -0.230118 0.281979 10.5982 -0.0886644 0.607952 0.789008 -10.8914
-0.469047 -0.733213 0.492335 24.5158 0.88045 -0.344459 0.325816 13.8759 -0.069303 0.586299 0.807125 -11.3226
-0.566112 -0.752987 0.33545 22.6746 0.817881 -0.462277 0.342594 16.9805 -0.102898 0.468305 0.877555 -11.7665
-0.634468 -0.712974 0.298525 20.5451 0.760217 -0.505787 0.407738 19.8269 -0.139716 0.485641 0.862921 -12.0921
-0.796874 -0.554432 0.239993 18.1913 0.600176 -0.681032 0.419505 22.3753 -0.0691448 0.478331 0.875453 -12.5962
-0.830614 -0.480388 0.281616 15.3228 0.554865 -0.671361 0.491325 24.4902 -0.0469604 0.56436 0.824192 -12.8872
-0.889067 -0.353852 0.29043 12.2224 0.457771 -0.690596 0.559931 26.5047 0.00243757 0.630766 0.775969 -12.9727
-0.940358 -0.286384 0.183604 8.83456 0.333553 -0.670143 0.663062 28.0069 -0.0668493 0.684758 0.725698 -13.0418
-0.976312 -0.181166 0.118297 5.35111 0.210637 -0.670813 0.711085 28.9635 -0.0494689 0.719158 0.693083 -13.2532
-0.99902 -0.0377616 0.0230702 1.74882 0.0422595 -0.659484 0.75053 29.4661 -0.0131268 0.75077 0.660434 -13.5637
-0.996494 0.0515031 0.0659302 -1.97959 0.0127257 -0.685572 0.727894 29.3706 0.0826886 0.726181 0.682513 -13.5012
-0.986093 0.166188 0.0011328 -5.63953 -0.12408 -0.740739 0.660235 29.3432 0.110562 0.650912 0.751059 -13.2167
-0.96558 0.251305 -0.0670846 -9.16996 -0.239815 -0.760274 0.603716 28.9452 0.100714 0.599024 0.794372 -12.8973
-0.921457 0.354383 -0.159151 -12.7056 -0.381712 -0.749801 0.540458 27.884 0.0721972 0.558759 0.826182 -12.4778
-0.876174 0.432785 -0.212172 -15.9866 -0.464591 -0.641086 0.610872 26.2783 0.128356 0.633803 0.762771 -12.2968
-0.828661 0.497953 -0.255662 -19.1278 -0.547963 -0.628411 0.55212 24.2324 0.114269 0.597614 0.7936 -11.9784
-0.685764 0.616672 -0.38658 -21.9686 -0.720053 -0.497421 0.483835 21.9994 0.106074 0.610154 0.78515 -11.6429
-0.605273 0.637108 -0.477219 -24.2937 -0.791839 -0.420545 0.44287 19.2349 0.081464 0.645938 0.759031 -11.4838
-0.467601 0.695624 -0.545396 -26.4957 -0.880393 -0.311293 0.357776 16.1329 0.0791001 0.647459 0.757984 -11.1689
-0.38039 0.773566 -0.506851 -27.9039 -0.923119 -0.284305 0.258886 12.7013 0.0561652 0.566362 0.822241 -10.8887
-0.269566 0.757798 -0.594203 -29.12 -0.962217 -0.187372 0.197559 9.20863 0.0383729 0.625008 0.779675 -10.8747
-0.162326 0.799917 -0.577739 -29.9128 -0.980061 -0.0627081 0.188542 5.63006 0.114589 0.596825 0.794147 -10.6367
-0.108767 0.802368 -0.586835 -30.2141 -0.983146 0.000437451 0.18282 1.8687 0.146945 0.596829 0.788798 -10.1086
0.066464 0.796205 -0.601366 -30.3951 -0.988377 0.13512 0.0696609 -1.76902 0.136721 0.589746 0.795931 -9.55687
0.149797 0.75821 -0.634569 -29.8861 -0.970134 0.236565 0.053647 -5.50117 0.190792 0.607581 0.771002 -9.04194
0.269075 0.682414 -0.679639 -29.275 -0.941678 0.334477 -0.0369763 -9.10268 0.202091 0.649951 0.732614 -8.33874
0.515716 0.658429 -0.548187 -28.0333 -0.856723 0.402212 -0.322879 -12.6089 0.00789455 0.636158 0.771518 -7.62216
0.586264 0.622371 -0.518603 -25.9451 -0.809163 0.480962 -0.337536 -15.7144 0.0393553 0.61752 0.78557 -7.66246
0.675007 0.559028 -0.481512 -23.5656 -0.73577 0.55854 -0.382981 -18.7821 0.0548466 0.612797 0.788335 -7.77989
0.740627 0.43877 -0.508874 -20.9113 -0.651117 0.655646 -0.382328 -21.385 0.165887 0.614499 0.771279 -7.70051
0.825959 0.454151 -0.333973 -18.0165 -0.562231 0.620456 -0.546746 -23.789 -0.0410894 0.63936 0.767809 -7.25117
0.901682 0.365627 -0.23084 -14.6922 -0.431178 0.720176 -0.543537 -25.6972 -0.0324862 0.589631 0.807019 -7.44899
0.942075 0.284537 -0.177578 -11.2042 -0.335229 0.781738 -0.52584 -27.1946 -0.0108013 0.55491 0.83184 -7.53378
0.978261 0.188499 -0.0864551 -7.61112 -0.206058 0.836528 -0.507701 -28.1446 -0.023379 0.514479 0.857184 -7.74453
0.995873 0.0762038 -0.0493039 -3.77277 -0.09074 0.823711 -0.559702 -28.6399 -0.00203927 0.561866 0.827226 -7.93913
0.998793 -0.00297297 -0.0490357 0.0360723 -0.0241285 0.839786 -0.542382 -28.9483 0.042792 0.54291 0.8387 -7.99162
0.99217 -0.124885 0.00154252 4.05535 0.104655 0.824582 -0.555979 -28.7626 0.0681613 0.551787 0.831195 -7.94711
0.947596 -0.236865 0.214374 7.78579 0.318097 0.761709 -0.564459 -28.3142 -0.0295896 0.603071 0.797138 -7.53615
0.907804 -0.254576 0.33329 11.3503 0.40785 0.721047 -0.560134 -27.017 -0.0977211 0.644425 0.758398 -7.73329
0.854058 -0.339976 0.393702 14.8513 0.505087 0.722984 -0.471361 -25.0575 -0.124389 0.601423 0.789188 -8.26187
0.795183 -0.455754 0.399966 17.9686 0.603114 0.662725 -0.443902 -22.9511 -0.0627574 0.594208 0.801859 -8.77317
0.700919 -0.52147 0.486602 20.8235 0.708298 0.589091 -0.388955 -20.4451 -0.0838241 0.617285 0.782261 -9.2451
0.571346 -0.624549 0.532449 23.3347 0.818306 0.483125 -0.311392 -17.6831 -0.06276 0.613619 0.787104 -9.73778
0.553055 -0.594268 0.583931 25.5258 0.830671 0.447291 -0.331538 -14.4269 -0.0641649 0.668413 0.741018 -10.0723
0.445616 -0.63848 0.627511 27.5928 0.894648 0.292474 -0.337733 -11.0633 0.0321049 0.711901 0.701546 -10.1805
0.229772 -0.699388 0.676802 29.2789 0.965207 0.252944 -0.0662979 -7.53452 -0.124825 0.668487 0.733174 -10.1506
0.094403 -0.772136 0.628406 30.0999 0.981123 0.179174 0.0727643 -3.81219 -0.168778 0.609674 0.774475 -10.7415
-0.0447035 -0.788442 0.613483 30.3719 0.996445 0.00870423 0.0837959 0.0783697 -0.0714081 0.615048 0.78525 -11.4936
-0.122266 -0.737999 0.663633 30.0888 0.987068 -0.0205743 0.158975 3.9683 -0.103669 0.674488 0.730971 -12.0299
-0.243567 -0.751874 0.612667 29.4596 0.966136 -0.132605 0.221355 7.7398 -0.0851878 0.645834 0.75871 -12.5327
-0.36487 -0.736306 0.569845 28.2702 0.927653 -0.235193 0.290077 11.2984 -0.0795618 0.634458 0.768851 -12.911
-0.444598 -0.69208 0.568646 26.8395 0.89573 -0.342845 0.283065 14.9201 -0.000946106 0.635203 0.772344 -13.1934
-0.56458 -0.690444 0.452258 25.0487 0.820843 -0.412322 0.395232 18.2806 -0.0864096 0.594372 0.799534 -13.3056
-0.649863 -0.658035 0.380352 22.6536 0.756187 -0.509383 0.410743 21.4082 -0.0765386 0.554544 0.828627 -13.771
-0.797761 -0.505945 0.328019 19.8802 0.595197 -0.573668 0.562713 24.2339 -0.096528 0.644146 0.758787 -14.2109
-0.828311 -0.473613 0.299318 16.6466 0.558774 -0.659326 0.503052 26.4851 -0.0409041 0.583935 0.810769 -14.6604
-0.929769 -0.306615 0.203757 13.3747 0.366296 -0.715099 0.595366 28.6088 -0.0368421 0.628188 0.777189 -14.8562
-0.948747 -0.281295 0.14406 9.68439 0.297063 -0.638179 0.710269 29.8683 -0.107859 0.71666 0.689032 -15.0101
-0.986155 -0.143164 0.0836844 5.89517 0.157582 -0.651891 0.741759 30.8764 -0.0516398 0.744676 0.665425 -15.4268
-0.996593 -0.0801744 0.0193353 1.93755 0.0689002 -0.680528 0.729475 31.4317 -0.045327 0.728322 0.683734 -15.8216
-0.991174 0.0521968 0.121861 -2.21509 0.0503099 -0.702359 0.710042 31.4994 0.122652 0.709906 0.693534 -15.8407
-0.99287 0.11285 0.0383885 -6.18385 -0.0627381 -0.768561 0.636693 31.6062 0.101355 0.629745 0.770162 -15.2715
-0.969214 0.234696 -0.0744384 -9.95031 -0.230173 -0.756298 0.6124 31.1805 0.0874303 0.61068 0.787036 -14.8065
-0.918923 0.358975 -0.163456 -13.6839 -0.382297 -0.708546 0.593137 30.1263 0.0971053 0.607536 0.788334 -14.4653
-0.862593 0.42007 -0.281913 -17.2904 -0.504295 -0.669642 0.545221 28.3623 0.0402502 0.612471 0.789468 -14.1047
-0.800126 0.490312 -0.345532 -20.6173 -0.597301 -0.598413 0.53398 26.252 0.0550462 0.633637 0.771669 -13.8394
-0.706307 0.519757 -0.480607 -23.6573 -0.707434 -0.493473 0.505985 23.5265 0.0258222 0.697379 0.716237 -13.6129
-0.56707 0.625719 -0.535637 -26.3929 -0.821732 -0.385188 0.419985 20.6259 0.0564713 0.678311 0.732602 -13.4756
-0.485964 0.67094 -0.56007 -28.6339 -0.870459 -0.314108 0.378995 17.1614 0.0783606 0.671696 0.736671 -13.1938
-0.336415 0.691647 -0.639101 -30.2938 -0.940874 -0.275523 0.197088 13.5072 -0.0397715 0.667616 0.743442 -12.8016
-0.263941 0.711628 -0.651092 -31.5117 -0.963035 -0.156748 0.219075 9.63923 0.0538428 0.684848 0.726694 -12.8423
-0.138175 0.76729 -0.626238 -32.3172 -0.980547 -0.0169756 0.195551 5.75605 0.139413 0.641076 0.754709 -12.5041
-0.0644686 0.787449 -0.613 -32.7116 -0.980976 0.0627087 0.183723 1.76185 0.183113 0.613182 0.768425 -12.0312
0.0998775 0.791048 -0.603546 -32.795 -0.985445 0.162502 0.04991 -2.06645 0.137559 0.589776 0.795765 -11.366
0.168684 0.738711 -0.652573 -32.1167 -0.96817 0.248378 0.030901 -6.16955 0.184912 0.626589 0.757096 -11.0333
0.317306 0.672781 -0.668343 -31.4044 -0.923514 0.37937 -0.0565634 -10.0657 0.215495 0.635172 0.7417 -10.5134
0.517489 0.699194 -0.493287 -30.0182 -0.855663 0.427355 -0.291903 -13.8245 0.00671201 0.573145 0.819427 -9.71227
0.613759 0.639201 -0.463381 -27.7508 -0.789322 0.509059 -0.343264 -17.2081 0.0164738 0.576438 0.816975 -9.67022
0.719092 0.566218 -0.402869 -25.192 -0.69448 0.565041 -0.445451 -20.4038 -0.0245852 0.600105 0.799543 -9.45157
0.750628 0.472808 -0.46153 -22.2769 -0.657062 0.607612 -0.44618 -23.2078 0.0694737 0.63817 0.766755 -9.63701
0.848717 0.39936 -0.346685 -19.1956 -0.528812 0.648387 -0.547679 -25.8046 0.00606495 0.648156 0.761484 -9.34001
0.887252 0.377839 -0.264615 -15.6511 -0.460536 0.692887 -0.554811 -27.8945 -0.0262808 0.614122 0.788773 -9.34434
0.955219 0.247188 -0.162647 -12.1095 -0.295738 0.779417 -0.552312 -29.6469 -0.00975526 0.57568 0.817617 -9.39638
0.989772 0.127499 -0.0639888 -8.22555 -0.141526 0.821276 -0.552699 -30.6226 -0.0179163 0.556102 0.830921 -9.45137
0.991796 0.111757 -0.0620541 -3.98207 -0.126431 0.785999 -0.605162 -31.0498 -0.0188566 0.608043 0.79368 -9.8293
0.999748 0.0141095 -0.0174682 0.174458 -0.0219276 0.781022 -0.624119 -31.3495 0.00483707 0.624345 0.781134 -9.69423
0.992116 -0.120055 0.0359518 4.28081 0.112358 0.72503 -0.67949 -31.3863 0.05551 0.678173 0.732803 -9.61469
0.94488 -0.145382 0.293371 8.44899 0.311668 0.67392 -0.669846 -30.7046 -0.100325 0.724359 0.682085 -9.48406
0.879317 -0.270852 0.391716 12.2043 0.459124 0.700641 -0.546176 -29.2895 -0.126519 0.660108 0.74044 -9.84189
0.880048 -0.3124 0.357662 15.907 0.463637 0.728174 -0.504781 -27.21 -0.102747 0.610056 0.785668 -10.1792
0.771506 -0.469998 0.428813 19.319 0.633652 0.62816 -0.451553 -25.1075 -0.057134 0.620094 0.782444 -10.6506
0.701554 -0.501741 0.506041 22.4098 0.704649 0.594317 -0.38763 -22.1907 -0.106259 0.628525 0.770497 -11.1694
0.622359 -0.562574 0.544224 25.2622 0.775424 0.53792 -0.330696 -19.2442 -0.106708 0.627816 0.771012 -11.7069
0.535197 -0.619499 0.574269 27.5258 0.842849 0.436931 -0.31416 -15.8379 -0.0562947 0.65216 0.755988 -12.1858
0.427684 -0.677417 0.598491 29.5748 0.90385 0.329174 -0.273311 -12.0507 -0.0118625 0.657837 0.753067 -12.4317
0.301518 -0.711861 0.634303 31.3046 0.952051 0.260947 -0.159706 -8.22794 -0.0518309 0.652043 0.756408 -12.3729
0.137686 -0.717559 0.682754 32.3532 0.97797 0.207682 0.0210491 -4.25118 -0.156899 0.664814 0.730346 -12.6953
-0.0507007 -0.724098 0.687831 32.7683 0.983972 0.0816788 0.158515 -0.0712035 -0.170962 0.684843 0.708351 -13.436
-0.0845017 -0.668208 0.73916 32.3797 0.992055 0.0129679 0.125136 4.01578 -0.0932023 0.743862 0.661803 -14.1245
-0.213324 -0.706216 0.675094 31.7467 0.974745 -0.107123 0.195949 8.12275 -0.0660642 0.699845 0.711233 -14.6981
-0.335995 -0.656015 0.675834 30.595 0.941744 -0.222535 0.252184 11.9644 -0.0150399 0.721195 0.692569 -14.9637
-0.421442 -0.645812 0.636642 28.9838 0.906818 -0.293748 0.302312 15.9472 -0.00822455 0.704726 0.709432 -15.1142
-0.552831 -0.612988 0.564467 27.0599 0.831482 -0.36115 0.422147 19.5846 -0.0549136 0.70272 0.709344 -15.2705
-0.670439 -0.590941 0.448665 24.4219 0.739365 -0.481536 0.470597 22.8663 -0.0620468 0.647234 0.759762 -15.5734
-0.760286 -0.520292 0.388923 21.307 0.647589 -0.560143 0.516594 25.8838 -0.0509267 0.644621 0.762804 -16.0502
-0.839538 -0.456166 0.295107 17.9402 0.534631 -0.596997 0.598134 28.5281 -0.0966705 0.65993 0.745082 -16.3728
-0.918526 -0.360274 0.162827 14.3442 0.383823 -0.713817 0.585785 30.5427 -0.0948148 0.600556 0.793941 -16.7879
-0.959877 -0.244912 0.13658 10.4192 0.269496 -0.671044 0.690704 31.9156 -0.0775106 0.699798 0.710123 -17.3244
-0.982371 -0.137788 0.126337 6.27749 0.186076 -0.655852 0.731596 32.8224 -0.0179473 0.742208 0.66993 -17.8062
-0.995046 -0.0439661 0.0891696 2.35429 0.093899 -0.710316 0.697591 33.4289 0.0326683 0.702508 0.710926 -18.0342
-0.979011 0.0514917 0.197198 -2.16208 0.0975878 -0.731001 0.675362 33.7297 0.178927 0.680431 0.710633 -18.0327
-0.988808 0.145994 0.0307209 -6.50533 -0.0806616 -0.696377 0.713129 33.957 0.125506 0.70267 0.70036 -17.3348
-0.976879 0.207451 -0.0516946 -10.4832 -0.180788 -0.672483 0.717692 33.4026 0.114122 0.710444 0.694439 -16.7884
-0.918534 0.347747 -0.18806 -14.7187 -0.374217 -0.611368 0.697274 32.316 0.127501 0.710845 0.691695 -16.4027
-0.842713 0.381925 -0.379431 -18.6802 -0.537667 -0.561226 0.629238 30.4775 0.027375 0.734274 0.678301 -15.9239
-0.750582 0.477721 -0.456518 -22.0874 -0.66061 -0.558059 0.502161 27.9246 -0.0148707 0.678493 0.734456 -15.89
-0.687357 0.544577 -0.4806 -25.303 -0.725497 -0.483286 0.489989 24.9807 0.0345695 0.685471 0.727279 -16.0405
-0.601101 0.589864 -0.539201 -28.1917 -0.791882 -0.348692 0.501335 21.5702 0.107704 0.728337 0.676702 -15.8541
-0.524817 0.60204 -0.60176 -30.5082 -0.849428 -0.324617 0.416048 18.0389 0.0551363 0.729501 0.681754 -15.2885
-0.347202 0.695371 -0.629214 -32.4708 -0.937304 -0.235708 0.256717 14.2743 0.0302027 0.678897 0.733612 -15.0048
-0.250948 0.755209 -0.605544 -33.7069 -0.95918 -0.109741 0.260636 10.1189 0.130382 0.646232 0.751921 -14.9814
-0.184952 0.748157 -0.637223 -34.5533 -0.973331 -0.0499087 0.223909 5.89158 0.135716 0.661642 0.737436 -14.4891
-0.0661582 0.728256 -0.682105 -35.1174 -0.988629 0.0446751 0.143586 1.56854 0.135041 0.683848 0.717019 -13.9271
0.16303 0.698136 -0.697157 -35.2657 -0.984744 0.158706 -0.0713536 -2.69995 0.0608283 0.698154 0.713359 -13.3265
0.228839 0.74121 -0.631063 -34.3571 -0.959175 0.282351 -0.0161878 -6.8951 0.166183 0.609004 0.775563 -13.1177
0.334116 0.705091 -0.62547 -33.3506 -0.927471 0.364109 -0.0849806 -11.1041 0.16782 0.608499 0.775607 -12.4292
0.461463 0.715908 -0.523953 -31.8159 -0.885384 0.40898 -0.220975 -15.1239 0.0560889 0.565872 0.822583 -11.7524
0.592183 0.650925 -0.47499 -29.5851 -0.805166 0.501423 -0.316675 -18.7163 0.0320388 0.569975 0.821037 -11.6217
0.618857 0.632786 -0.465401 -26.7155 -0.785438 0.506145 -0.356237 -22.0279 0.0101391 0.586003 0.810245 -11.4856
0.758331 0.514076 -0.400824 -23.8383 -0.651157 0.626129 -0.428902 -25.0933 0.0304798 0.586249 0.809557 -11.5625
0.838023 0.39188 -0.379667 -20.4459 -0.543104 0.666023 -0.511323 -27.8141 0.0524896 0.634699 0.770975 -11.4464
0.878946 0.37237 -0.297984 -16.67 -0.476788 0.700825 -0.530582 -29.9936 0.011262 0.608428 0.793529 -11.3609
0.940462 0.323962 -0.102863 -12.8535 -0.320666 0.745281 -0.584577 -31.9806 -0.112719 0.582756 0.804792 -11.2718
0.986848 0.139946 -0.0809027 -8.68112 -0.159836 0.770052 -0.617635 -33.0436 -0.0241361 0.622443 0.782293 -11.4576
0.999384 0.0349836 -0.0027546 -4.27962 -0.0262641 0.693608 -0.719873 -33.4565 -0.0232732 0.719502 0.6941 -11.6342
0.998943 0.033411 -0.0315825 0.158399 -0.0458777 0.679612 -0.732136 -33.6011 -0.00299756 0.732811 0.680426 -11.7788
0.992485 -0.100244 0.0701813 4.61443 0.120619 0.704763 -0.699114 -33.4144 0.0206205 0.702325 0.711558 -11.8364
0.958542 -0.177246 0.223119 9.01625 0.283036 0.682897 -0.673456 -32.7405 -0.0329995 0.708686 0.704752 -11.8233
0.91689 -0.255268 0.306841 13.0279 0.394853 0.692464 -0.603808 -31.1865 -0.0583432 0.674783 0.735706 -11.9423
0.858896 -0.346079 0.377528 16.8986 0.508551 0.663554 -0.548701 -29.3029 -0.0606163 0.663269 0.745922 -12.2583
0.780548 -0.412614 0.469569 20.7515 0.620441 0.602897 -0.501566 -26.9271 -0.0761483 0.682836 0.726592 -12.6242
0.702451 -0.459083 0.543881 23.9204 0.703264 0.565233 -0.431197 -24.0723 -0.109464 0.685386 0.719905 -13.0935
0.588837 -0.574864 0.568157 26.907 0.802422 0.500062 -0.325663 -20.7462 -0.0969022 0.647664 0.755739 -13.6942
0.588803 -0.550125 0.592177 29.2365 0.802338 0.486456 -0.345854 -17.0511 -0.0978056 0.678766 0.727813 -14.279
0.460735 -0.651447 0.602777 31.6497 0.887533 0.335892 -0.315376 -13.1811 0.0029822 0.680289 0.732938 -14.6039
0.310946 -0.621748 0.718848 33.4567 0.947521 0.261903 -0.183334 -9.04682 -0.074281 0.73813 0.670556 -14.573
0.0836728 -0.669587 0.738005 34.6485 0.979966 0.189617 0.0609325 -4.79124 -0.180738 0.718121 0.672038 -14.9128
-0.0345231 -0.679606 0.732765 34.783 0.993971 0.0529954 0.0959802 -0.49804 -0.104062 0.731661 0.673679 -15.7872
-0.0770961 -0.678618 0.730434 34.4841 0.991036 0.0280084 0.130624 3.95266 -0.109102 0.733957 0.670376 -16.3645
-0.1917 -0.652315 0.733305 33.8627 0.979562 -0.0808007 0.1842 8.41928 -0.0609046 0.753629 0.654473 -16.8511
-0.353964 -0.602824 0.715061 32.6176 0.934613 -0.199573 0.294398 12.6339 -0.0347635 0.772512 0.634048 -17.1471
-0.411144 -0.631325 0.657564 30.8634 0.910732 -0.253546 0.326009 16.6375 -0.0390949 0.732901 0.679212 -17.273
-0.555502 -0.607121 0.568174 28.9437 0.831133 -0.384699 0.401527 20.6238 -0.0251995 0.695278 0.718299 -17.5332
-0.680871 -0.550317 0.483286 26.1433 0.723163 -0.400655 0.562593 24.3902 -0.115974 0.732548 0.670763 -17.6778
-0.761975 -0.540872 0.356162 22.7594 0.633086 -0.506315 0.585532 27.5468 -0.136367 0.671642 0.728218 -18.1018
-0.793848 -0.474999 0.379712 19.1186 0.600731 -0.515526 0.611028 30.2922 -0.0944864 0.713168 0.694596 -18.567
-0.912406 -0.378581 0.155538 15.3865 0.365212 -0.581525 0.726944 32.6453 -0.184758 0.720073 0.66885 -18.9292
-0.970884 -0.231342 0.0621625 11.2897 0.20167 -0.649322 0.733287 33.9441 -0.129277 0.724474 0.677071 -19.6556
-0.978448 -0.176714 0.106825 6.67758 0.202127 -0.713822 0.670524 34.7489 -0.0422366 0.677665 0.734157 -20.231
-0.988785 -0.116806 0.0930617 2.34479 0.148405 -0.698673 0.69988 35.5018 -0.0167303 0.705842 0.708172 -20.2931
-0.989958 0.0790725 0.117175 -2.25904 0.0281694 -0.701941 0.711678 35.9815 0.138524 0.707832 0.692665 -20.1386
-0.993153 0.112331 0.0320725 -6.77947 -0.0449913 -0.621165 0.782387 36.0033 0.107809 0.775587 0.621966 -19.4775
-0.963728 0.230117 -0.135184 -11.2798 -0.251588 -0.614293 0.747896 35.5129 0.0890611 0.754779 0.649906 -19.087
-0.911459 0.321923 -0.256141 -15.6647 -0.403419 -0.577438 0.709801 34.1187 0.0805962 0.750287 0.656181 -18.7819
-0.851623 0.358649 -0.382242 -19.7996 -0.523029 -0.533697 0.664536 32.1731 0.0343337 0.765858 0.642093 -18.3158
-0.777609 0.430245 -0.458491 -23.5655 -0.626607 -0.470161 0.621541 29.5462 0.0518499 0.770609 0.635196 -18.069
-0.67927 0.464502 -0.568181 -26.9588 -0.733787 -0.417001 0.536347 26.3738 0.0122021 0.781248 0.624101 -17.9788
-0.60287 0.554965 -0.573203 -29.9859 -0.795001 -0.357306 0.49021 22.8241 0.0672406 0.75123 0.656606 -17.969
-0.54172 0.567828 -0.619767 -32.4591 -0.838089 -0.308397 0.449997 19.0109 0.0643863 0.763192 0.642956 -17.632
-0.352313 0.544172 -0.761415 -34.5349 -0.933922 -0.151792 0.32365 14.9719 0.0605445 0.825128 0.561693 -17.2935
-0.274403 0.626353 -0.729647 -35.8083 -0.956376 -0.0986626 0.274974 10.4061 0.100242 0.773271 0.626102 -17.033
-0.156468 0.689142 -0.707532 -36.7994 -0.981817 -0.030566 0.187354 5.97532 0.107487 0.723981 0.681394 -16.5371
-0.0204282 0.72535 -0.688077 -37.1593 -0.994296 0.0573174 0.0899419 1.42493 0.104678 0.685989 0.720042 -16.0849
0.0525908 0.676726 -0.734354 -37.0651 -0.986978 0.147165 0.0649339 -3.22766 0.152014 0.721377 0.675653 -15.4735
0.175014 0.728276 -0.662558 -36.493 -0.97075 0.239978 0.00735764 -7.68749 0.164358 0.641891 0.748974 -14.948
0.275007 0.734764 -0.620075 -35.5699 -0.951348 0.301174 -0.0650487 -12.0748 0.138955 0.607796 0.781841 -14.1735
0.471181 0.697966 -0.539288 -34.0684 -0.880755 0.40526 -0.245022 -16.3259 0.0475345 0.59043 0.805688 -13.6438
0.619329 0.612032 -0.491781 -31.6087 -0.783344 0.523926 -0.334476 -20.2257 0.0529468 0.592384 0.803914 -13.462
0.707522 0.555931 -0.436295 -28.6823 -0.706688 0.558567 -0.434276 -23.6784 0.00227238 0.615584 0.788068 -13.1987
0.739105 0.551787 -0.386335 -25.3397 -0.673376 0.590778 -0.444462 -26.8592 -0.01701 0.588653 0.808207 -13.302
0.824798 0.415848 -0.383116 -21.6633 -0.564072 0.652035 -0.506629 -29.6912 0.0391245 0.633972 0.772365 -13.3769
0.840725 0.383786 -0.381955 -17.7261 -0.540013 0.645893 -0.539637 -32.1706 0.039597 0.659947 0.750268 -13.3296
0.940628 0.290241 -0.176011 -13.7593 -0.332708 0.68558 -0.647522 -34.1902 -0.0672679 0.667638 0.741441 -13.1984
0.985013 0.169177 -0.0335928 -9.35238 -0.146429 0.7173 -0.681204 -35.3416 -0.0911479 0.675914 0.731323 -13.4933
0.997427 0.043016 -0.0573435 -4.5089 -0.0704883 0.734067 -0.675409 -35.7434 0.0130406 0.677714 0.73521 -14.0532
0.998747 -0.0388066 -0.0315898 0.307569 0.00736758 0.738472 -0.674244 -35.9491 0.0494933 0.673167 0.737833 -14.2375
0.99576 -0.0725807 0.0565096 4.86123 0.0911482 0.69586 -0.71237 -35.5701 0.0123815 0.714501 0.699525 -14.0015
0.969371 -0.183116 0.163669 9.42928 0.245093 0.678505 -0.692503 -34.7005 0.0157584 0.711407 0.702604 -13.9628
0.929324 -0.234692 0.28509 13.7954 0.367472 0.663757 -0.651453 -33.2045 -0.0363392 0.710174 0.703088 -13.9754
0.869342 -0.322459 0.374518 18.0076 0.493053 0.617732 -0.612622 -31.2917 -0.0338062 0.717236 0.69601 -14.3607
0.757565 -0.418866 0.500646 21.952 0.643886 0.60554 -0.467688 -28.7726 -0.107263 0.676663 0.728438 -14.7865
0.734237 -0.410325 0.540861 25.23 0.673591 0.53969 -0.504986 -25.6769 -0.0846888 0.735098 0.672651 -15.2381
0.562475 -0.447387 0.695318 28.6285 0.816975 0.430082 -0.384163 -22.1647 -0.127174 0.784139 0.607414 -15.7326
0.548353 -0.504916 0.66661 30.9387 0.835422 0.366156 -0.409878 -18.2745 -0.037129 0.781658 0.622601 -16.3521
0.460962 -0.51463 0.722959 33.4089 0.886196 0.309719 -0.344573 -14.2138 -0.0465861 0.799519 0.598832 -16.6555
0.288329 -0.478286 0.829523 35.2601 0.956476 0.184532 -0.226059 -9.95044 -0.0449528 0.858598 0.510675 -16.9987
0.0776758 -0.488225 0.869254 36.5631 0.983077 0.182601 0.0147128 -5.43191 -0.16591 0.853401 0.494146 -17.1765
-0.000289908 -0.608094 0.793865 36.7211 0.989403 0.115092 0.0885207 -0.686824 -0.145196 0.785478 0.601616 -17.9835
-0.140999 -0.621737 0.77043 36.5424 0.987711 -0.0353402 0.152245 3.96818 -0.067429 0.782428 0.619079 -18.6802
-0.219387 -0.611524 0.760202 35.6212 0.973654 -0.0875664 0.210547 8.61468 -0.0621865 0.786365 0.614624 -19.1958
-0.356237 -0.59951 0.716717 34.4716 0.934326 -0.219202 0.281043 13.0819 -0.0113818 0.769765 0.638226 -19.4312
-0.373856 -0.579241 0.72437 32.6704 0.92614 -0.191073 0.3252 17.4887 -0.0499613 0.792446 0.607892 -19.5701
-0.552155 -0.533944 0.640335 30.7104 0.832405 -0.309571 0.459639 21.7658 -0.0471919 0.78681 0.615389 -19.7552
-0.672287 -0.503003 0.543157 27.808 0.738135 -0.399507 0.543646 25.6004 -0.0564603 0.766409 0.639867 -19.8842
-0.722572 -0.50339 0.473801 24.2928 0.68567 -0.434629 0.583913 28.9409 -0.0880083 0.746791 0.65921 -20.2818
-0.839299 -0.406166 0.361395 20.515 0.534275 -0.493142 0.686557 31.9282 -0.100637 0.769311 0.630898 -20.8982
-0.912395 -0.310141 0.26711 16.4848 0.393386 -0.484182 0.781546 34.3953 -0.11306 0.818156 0.563771 -21.3695
-0.977208 -0.173598 0.122184 12.0456 0.201954 -0.582859 0.787077 35.8823 -0.065419 0.793813 0.604633 -21.9462
-0.971755 -0.159884 0.173576 7.31854 0.235796 -0.627973 0.741653 36.7551 -0.00957683 0.761634 0.647936 -22.38
-0.985655 -0.0533709 0.16011 2.59274 0.15735 -0.633654 0.757445 37.594 0.0610288 0.771773 0.632963 -22.4631
-0.996383 0.0150423 0.0836307 -2.35482 0.0528506 -0.660968 0.748551 37.9981 0.0665371 0.750264 0.657782 -22.2638
-0.993578 0.105127 0.0418428 -7.33847 -0.0327482 -0.621162 0.782998 37.8966 0.108305 0.776599 0.620615 -21.9356
-0.956119 0.245441 -0.159986 -11.9804 -0.275733 -0.569249 0.774549 37.396 0.0990339 0.784675 0.611946 -21.3847
-0.92112 0.284337 -0.265878 -16.5604 -0.384442 -0.557101 0.7361 35.8335 0.0611794 0.780251 0.622468 -21.0631
-0.860892 0.327575 -0.389306 -20.961 -0.50609 -0.472656 0.721435 33.6346 0.0523163 0.818102 0.572688 -20.709
-0.735884 0.418302 -0.532446 -24.8451 -0.676679 -0.426371 0.600261 30.9694 0.0240707 0.802017 0.596816 -20.5408
-0.707037 0.41431 -0.573102 -28.3857 -0.707127 -0.423756 0.56604 27.4503 -0.00833978 0.805468 0.592581 -20.4272
-0.574622 0.519894 -0.632076 -31.5645 -0.815231 -0.295499 0.498075 23.8072 0.0721687 0.801493 0.593633 -20.4463
-0.462405 0.536845 -0.705676 -34.1119 -0.884556 -0.224389 0.408914 19.7674 0.0611774 0.813294 0.578628 -20.1305
-0.344084 0.581579 -0.737137 -36.2764 -0.930674 -0.107313 0.349757 15.4377 0.124307 0.80638 0.578185 -19.8742
-0.266213 0.598518 -0.755584 -37.6802 -0.957244 -0.0720985 0.280152 10.6121 0.1132 0.797859 0.592121 -19.3109
-0.133228 0.631788 -0.763606 -38.8262 -0.980276 0.0294796 0.195421 5.9858 0.145975 0.77458 0.6154 -18.749
-0.0600195 0.683683 -0.727307 -39.2423 -0.996666 -0.000697049 0.0815925 1.1431 0.0552764 0.729779 0.681445 -18.1323
0.0130058 0.707869 -0.706224 -39.1752 -0.986279 0.125329 0.107458 -3.6865 0.164577 0.695136 0.699786 -17.7977
0.154125 0.711625 -0.685446 -38.8206 -0.970436 0.23944 0.0303796 -8.38712 0.185742 0.660499 0.72749 -17.0124
0.293674 0.683286 -0.668488 -37.7231 -0.9505 0.283001 -0.128298 -13.1206 0.101518 0.673075 0.732573 -16.1651
0.502542 0.618356 -0.604224 -36.0956 -0.860982 0.421405 -0.284829 -17.5913 0.0784972 0.663365 0.744167 -15.5568
0.584242 0.569303 -0.578408 -33.4788 -0.808358 0.471642 -0.352294 -21.69 0.0722393 0.673386 0.735753 -15.316
0.709361 0.524005 -0.471408 -30.4658 -0.704839 0.524533 -0.477564 -25.4081 -0.00297667 0.671032 0.741422 -15.0456
0.749834 0.52574 -0.401679 -26.8162 -0.659211 0.541839 -0.521393 -28.6533 -0.0564719 0.655749 0.752864 -15.1015
0.81461 0.434784 -0.383893 -22.9355 -0.579704 0.58883 -0.563225 -31.5854 -0.0188338 0.681353 0.731713 -15.3812
0.872527 0.30443 -0.382125 -18.8776 -0.487038 0.60378 -0.631065 -34.2533 0.0386043 0.736731 0.675083 -15.4106
0.953094 0.235459 -0.190189 -14.571 -0.300754 0.666022 -0.682614 -36.2575 -0.0340571 0.707795 0.705597 -15.3324
0.990996 0.132736 -0.0175826 -9.96571 -0.106019 0.697681 -0.708521 -37.4397 -0.0817789 0.704005 0.705471 -15.6247
0.990769 0.134909 -0.0132691 -4.78707 -0.112661 0.765014 -0.634083 -37.9268 -0.0753922 0.629725 0.773151 -16.2168
0.999937 -0.0106104 -0.00353706 0.139086 0.00530047 0.728044 -0.68551 -38.1021 0.00984867 0.685449 0.728054 -16.3595
0.986298 -0.116436 0.116872 5.02687 0.164947 0.683254 -0.711306 -37.8302 0.00296846 0.720838 0.693098 -16.2902
0.960203 -0.180373 0.21325 9.97689 0.278528 0.675184 -0.683043 -36.6925 -0.0207807 0.715256 0.698553 -16.1989
0.93228 -0.20599 0.297358 14.5223 0.359252 0.623431 -0.694458 -35.0952 -0.0423305 0.754256 0.655215 -16.4492
0.875781 -0.265142 0.403369 19.0607 0.479096 0.579482 -0.659293 -33.2047 -0.058939 0.77065 0.634528 -16.5545
0.759515 -0.279916 0.587184 23.1303 0.633148 0.525164 -0.568618 -30.6078 -0.149203 0.803648 0.576098 -16.9649
0.688546 -0.407352 0.599974 26.5348 0.718747 0.493388 -0.489867 -27.239 -0.0964718 0.768526 0.632504 -17.6251
0.581581 -0.404691 0.705683 29.8577 0.802032 0.43032 -0.41421 -23.4073 -0.136042 0.806877 0.574841 -18.1471
0.541822 -0.482103 0.68848 32.5083 0.835783 0.395645 -0.3807 -19.3298 -0.0888572 0.781691 0.617303 -18.7652
0.39443 -0.484617 0.78075 34.9193 0.911261 0.315787 -0.264353 -15.1797 -0.118441 0.815736 0.566168 -19.3195
0.309979 -0.514872 0.799262 36.7876 0.949986 0.201275 -0.238776 -10.5174 -0.0379328 0.833304 0.551512 -19.6735
0.128277 -0.475185 0.870485 38.0372 0.986734 0.149221 -0.0639497 -5.7994 -0.0995068 0.86714 0.488023 -19.9768
0.0326113 -0.558992 0.828531 38.4218 0.992063 0.11883 0.0411239 -0.865386 -0.121442 0.820614 0.55843 -20.4915
-0.140511 -0.561513 0.815451 38.3322 0.98626 -0.00710898 0.165048 4.04903 -0.0868797 0.827437 0.554796 -21.023
-0.225057 -0.599263 0.768267 37.5819 0.972475 -0.0893188 0.215208 8.84577 -0.0603453 0.795554 0.60287 -21.5645
-0.305846 -0.613167 0.728344 36.1714 0.95023 -0.148909 0.273659 13.6472 -0.0593416 0.775792 0.628193 -21.8207
-0.382571 -0.59282 0.708663 34.354 0.923638 -0.264537 0.277332 18.189 0.0230594 0.760647 0.648756 -22.1307
-0.538662 -0.482846 0.690437 32.2079 0.840906 -0.257385 0.476057 22.6747 -0.0521537 0.837026 0.544672 -22.1039
-0.667449 -0.443724 0.598014 29.3242 0.742673 -0.338093 0.57804 26.7495 -0.0543062 0.829941 0.555201 -22.4353
-0.708079 -0.431263 0.559139 25.6679 0.697445 -0.303301 0.64929 30.1914 -0.110427 0.849718 0.515544 -22.6531
-0.83966 -0.345779 0.418817 21.7885 0.53406 -0.385467 0.752459 33.4942 -0.0987444 0.855483 0.508328 -23.2903
-0.921353 -0.272968 0.276762 17.3107 0.376315 -0.447848 0.81106 35.9732 -0.0974464 0.851422 0.515349 -23.9398
-0.96531 -0.177698 0.191309 12.5564 0.256779 -0.513246 0.818928 37.6283 -0.0473334 0.839644 0.541071 -24.4296
-0.971749 -0.138707 0.190954 7.7046 0.235953 -0.552473 0.799437 38.6875 -0.00539067 0.821909 0.569593 -24.7504
-0.988474 -0.025517 0.149224 2.75658 0.137069 -0.56932 0.810609 39.4531 0.0642716 0.82172 0.566255 -24.8691
-0.993034 0.0432034 0.109624 -2.32112 0.0645769 -0.578646 0.813018 39.7537 0.0985589 0.814434 0.571825 -24.7072
-0.993131 0.116434 -0.0115672 -7.61516 -0.0759741 -0.56651 0.820545 39.5823 0.0889862 0.815788 0.571464 -24.2068
-0.960022 0.224042 -0.16782 -12.7569 -0.265583 -0.539549 0.79897 38.8738 0.0884561 0.811598 0.57748 -23.785
-0.92004 0.259336 -0.293719 -17.4422 -0.389185 -0.517989 0.761723 37.3752 0.0453991 0.815127 0.577501 -23.4866
-0.851954 0.290457 -0.435671 -21.7397 -0.523609 -0.468024 0.71189 35.1203 0.00286936 0.834619 0.550821 -23.2257
-0.774602 0.354414 -0.523816 -26.0488 -0.632123 -0.407241 0.659224 32.2596 0.0203187 0.841752 0.539482 -23.1395
-0.686145 0.393627 -0.611771 -29.7396 -0.72732 -0.354378 0.587726 28.6197 0.0145464 0.848218 0.529448 -23.1243
-0.588049 0.461785 -0.664043 -33.0861 -0.805282 -0.257502 0.534054 24.7175 0.0756261 0.848792 0.523291 -23.0325
-0.487256 0.507396 -0.710726 -35.7983 -0.866686 -0.181312 0.464739 20.4751 0.106944 0.842423 0.528098 -22.8061
-0.322664 0.543692 -0.774782 -38.0314 -0.936962 -0.0674732 0.342856 15.8738 0.134131 0.836568 0.53119 -22.3291
-0.292767 0.580355 -0.759918 -39.3936 -0.944126 -0.0496404 0.325824 10.9211 0.151371 0.812849 0.562461 -21.8534
-0.173201 0.60731 -0.775355 -40.7186 -0.979714 -0.0256623 0.198751 5.9796 0.100806 0.79405 0.599435 -21.0815
-0.0612886 0.630995 -0.773362 -41.3261 -0.995131 0.0212873 0.0962322 1.09072 0.0771848 0.775495 0.626618 -20.3356
0.0153239 0.651182 -0.758767 -41.2189 -0.986971 0.131408 0.0928429 -4.05497 0.160165 0.747458 0.644712 -19.9551
0.145565 0.641942 -0.752809 -40.8819 -0.96476 0.260693 0.0357517 -9.10586 0.219202 0.721075 0.657267 -19.1927
0.330483 0.618896 -0.712565 -39.7459 -0.930861 0.33838 -0.137829 -13.9647 0.155816 0.708849 0.687935 -18.2775
0.485117 0.581134 -0.65341 -37.9108 -0.867984 0.410705 -0.279149 -18.683 0.106136 0.702569 0.703656 -17.7506
0.623674 0.531378 -0.573296 -35.2763 -0.779764 0.474304 -0.408661 -23.0314 0.0547629 0.701907 0.710161 -17.2424
0.71749 0.49077 -0.494321 -32.0484 -0.696569 0.50592 -0.508761 -26.9452 0.000402433 0.709359 0.704847 -17.0614
0.777399 0.468655 -0.419539 -28.2795 -0.627172 0.526613 -0.573876 -30.3039 -0.0480151 0.709254 0.703316 -17.1167
0.838272 0.358955 -0.410428 -24.1604 -0.544779 0.582758 -0.603 -33.3002 0.0227305 0.72907 0.684061 -17.5639
0.884713 0.335786 -0.323313 -19.7942 -0.464675 0.580417 -0.668725 -36.0624 -0.0368921 0.741865 0.669534 -17.649
0.952468 0.181096 -0.244967 -15.2126 -0.303112 0.643784 -0.702614 -38.0838 0.0304656 0.743469 0.668076 -17.74
0.974337 0.168158 -0.149634 -10.4077 -0.223819 0.653089 -0.72345 -39.5295 -0.0239295 0.738375 0.673966 -17.7931
0.996249 0.0823857 -0.0264856 -5.2285 -0.0766103 0.697296 -0.712677 -40.3833 -0.0402461 0.712033 0.700992 -18.0894
0.998774 -0.013659 0.0475708 0.184867 0.044194 0.678828 -0.732966 -40.4684 -0.0222808 0.734171 0.678599 -18.5986
0.982709 -0.102575 0.154147 5.34673 0.183467 0.651661 -0.735988 -39.819 -0.0249576 0.751543 0.659212 -18.5648
0.955402 -0.172552 0.239651 10.4769 0.294491 0.617043 -0.729749 -38.6808 -0.0219554 0.767779 0.640339 -18.5928
0.909301 -0.238522 0.340998 15.2115 0.415605 0.562063 -0.715093 -37.0244 -0.0210971 0.791955 0.610215 -18.7305
0.844894 -0.278619 0.456645 19.8469 0.532798 0.514505 -0.671872 -34.7993 -0.04775 0.81096 0.58315 -19.1708
0.739552 -0.318424 0.593017 23.9644 0.668335 0.452025 -0.590763 -32.0032 -0.0799457 0.833234 0.54711 -19.5145
0.728138 -0.301693 0.615464 27.5264 0.673029 0.484728 -0.558633 -28.5284 -0.129797 0.820987 0.555997 -19.9472
0.587065 -0.397215 0.70539 31.2071 0.807104 0.354729 -0.471964 -24.721 -0.062751 0.846397 0.528843 -20.8162
0.519153 -0.43221 0.737343 33.9712 0.852589 0.322227 -0.411415 -20.4769 -0.0597741 0.842237 0.535783 -21.289
0.407368 -0.449707 0.794868 36.3216 0.909716 0.276458 -0.309818 -15.9532 -0.0804205 0.849314 0.521726 -21.7783
0.319807 -0.447689 0.835044 38.1733 0.943173 0.234385 -0.235559 -11.0811 -0.0902643 0.862924 0.497206 -22.1689
0.138527 -0.464501 0.874671 39.5238 0.986837 0.139154 -0.0823922 -6.28692 -0.0834431 0.874571 0.477663 -22.7275
0.0467752 -0.506656 0.860878 40.1832 0.996947 0.0776247 -0.00848354 -1.01352 -0.0625272 0.858647 0.50874 -23.1717
-0.0343958 -0.534718 0.84433 39.9066 0.997836 0.0289935 0.0590109 4.06635 -0.0560343 0.844533 0.532564 -23.6349
-0.178166 -0.54791 0.817344 39.3443 0.982965 -0.0610153 0.173367 9.0322 -0.0451192 0.834309 0.549448 -23.9734
-0.356758 -0.535162 0.765719 38.1242 0.933685 -0.177141 0.311211 14.1952 -0.0309081 0.825967 0.56287 -24.1365
-0.409742 -0.522223 0.747927 36.1105 0.911909 -0.213736 0.350341 18.8041 -0.0230967 0.825591 0.563796 -24.4594
-0.547753 -0.467999 0.693501 33.6792 0.832889 -0.226628 0.504911 23.4937 -0.0791307 0.854176 0.513928 -24.7284
-0.657409 -0.421766 0.624442 30.5673 0.749505 -0.28041 0.599677 27.5916 -0.0778237 0.862255 0.500459 -24.9932
-0.751932 -0.388934 0.532286 26.8893 0.648623 -0.292145 0.702809 31.2231 -0.117842 0.873717 0.471944 -25.3968
-0.850106 -0.320571 0.417796 22.6474 0.51513 -0.341457 0.78616 34.6729 -0.109361 0.883539 0.455411 -26.0066
-0.912145 -0.270416 0.308004 18.1702 0.396402 -0.390994 0.830656 37.3128 -0.104195 0.879772 0.463837 -26.6283
