0.999845 0.00759994 0.0158951 0.00253835 -0.00729162 0.999786 -0.0193655 0.00115172 -0.0160389 0.0192466 0.999686 0.014959
0.979754 -0.194248 0.048477 0.349407 0.192236 0.980396 0.0432403 -0.0884924 -0.055926 -0.0330458 0.997888 0.0546324
0.875038 -0.478241 0.0747903 0.554778 0.470951 0.876835 0.0967818 0.0188617 -0.111864 -0.0494653 0.992492 -0.0387215
0.826502 -0.560082 0.0565932 0.667395 0.54984 0.824745 0.132181 0.0135791 -0.120707 -0.0781309 0.989609 -0.260821
0.729884 -0.683317 0.0186236 0.764538 0.674485 0.724343 0.142819 0.099152 -0.111081 -0.09168 0.989574 -0.415047
0.695243 -0.718774 -0.00051892 1.02998 0.714184 0.690721 0.113339 0.237962 -0.0811068 -0.0791688 0.993556 -0.513314
0.540822 -0.840926 -0.0188116 1.16222 0.838923 0.537642 0.0845515 0.36765 -0.0609877 -0.0615088 0.996242 -0.538547
0.418799 -0.906183 -0.0586404 1.43603 0.905453 0.411809 0.102802 0.47019 -0.0690085 -0.0961494 0.992972 -0.651754
0.293973 -0.955443 0.0266151 1.69842 0.949763 0.295127 0.104169 0.714484 -0.107382 -0.00534479 0.994203 -0.498791
0.180188 -0.983108 0.0321094 1.8884 0.973385 0.182916 0.138073 0.936916 -0.141614 0.00637574 0.989901 -0.568333
0.0698026 -0.997292 0.0231395 2.04235 0.988321 0.0722872 0.134147 1.31287 -0.135457 0.0135055 0.990691 -0.733781
0.0673488 -0.997572 -0.0177528 2.057 0.988294 0.06426 0.138369 1.7147 -0.136892 -0.026864 0.990222 -0.851571
-0.0037811 -0.999404 -0.0343163 2.05671 0.988191 -0.00899102 0.152966 2.27959 -0.153183 -0.0333326 0.987636 -0.95667
-0.230017 -0.972364 0.0400063 2.03215 0.95745 -0.218744 0.188256 2.36455 -0.174303 0.0816062 0.981305 -0.90164
-0.402841 -0.912216 -0.0747098 1.98996 0.891217 -0.409535 0.194969 2.77135 -0.20845 0.0119588 0.97796 -0.950981
-0.522761 -0.852299 -0.0175439 1.76378 0.82945 -0.513282 0.220351 3.01137 -0.19681 0.100639 0.975263 -1.12428
-0.578216 -0.815719 -0.016368 1.71027 0.795608 -0.568178 0.210195 3.48387 -0.18076 0.108515 0.977523 -1.23498
-0.603452 -0.796839 0.0298769 1.44979 0.786014 -0.58811 0.19055 3.88103 -0.134267 0.138472 0.981223 -1.37437
-0.690847 -0.722052 0.0370291 1.01616 0.719909 -0.682257 0.127502 4.19694 -0.0667994 0.114742 0.991147 -1.35594
-0.800986 -0.591829 0.0903344 0.764823 0.598044 -0.797943 0.0750435 4.37963 0.0276687 0.114133 0.99308 -1.38137
-0.862693 -0.46955 0.187839 0.495483 0.488515 -0.869795 0.0693519 4.70213 0.130817 0.151592 0.979748 -1.38922
-0.906878 -0.371894 0.198158 -0.00568879 0.399312 -0.908638 0.122177 4.80002 0.134617 0.189927 0.972526 -1.14662
-0.940431 -0.277412 0.196549 -0.361549 0.294115 -0.95382 0.0610199 5.07434 0.170545 0.115193 0.978593 -1.13648
-0.973236 -0.148794 0.175137 -0.708687 0.161511 -0.985004 0.0606742 5.28875 0.163483 0.087337 0.982673 -0.962578
-0.985118 -0.0852552 0.149247 -1.12726 0.0984261 -0.99166 0.0831977 5.36441 0.14091 0.0966493 0.985294 -0.911698
-0.99148 0.0770942 0.104997 -1.60464 -0.0652092 -0.991536 0.112271 5.37986 0.112763 0.104467 0.988115 -0.779825
-0.97794 0.199867 0.0607246 -1.99596 -0.187698 -0.968361 0.164456 5.399 0.0916726 0.14943 0.984513 -0.685518
-0.929921 0.366038 0.0355499 -2.55148 -0.355999 -0.920216 0.162687 5.39342 0.0922633 0.13863 0.986037 -0.639082
-0.865 0.500007 0.0420581 -2.91572 -0.497371 -0.865472 0.0598357 5.18121 0.0663184 0.0308394 0.997322 -0.72244
-0.797015 0.603956 -0.00214669 -3.19145 -0.603078 -0.795654 0.0568538 4.93033 0.0326292 0.0466079 0.99838 -0.602216
-0.658914 0.749385 -0.0652233 -3.57141 -0.751617 -0.652441 0.0969193 4.67956 0.0300756 0.112884 0.993153 -0.663939
-0.578395 0.811172 -0.0863718 -3.92548 -0.814849 -0.569509 0.108081 4.36772 0.0384828 0.132893 0.990383 -0.595637
-0.506576 0.860162 -0.0591744 -4.19738 -0.859744 -0.498773 0.109844 4.12532 0.0649689 0.106519 0.992186 -0.564202
-0.448455 0.88924 -0.0902216 -4.66983 -0.890032 -0.435014 0.136405 3.53269 0.0820492 0.141472 0.986536 -0.457072
-0.319238 0.946625 -0.0445901 -4.74379 -0.931398 -0.304724 0.199101 3.0252 0.174886 0.105092 0.978964 -0.402799
-0.170886 0.98501 -0.023517 -4.81014 -0.962155 -0.161683 0.219356 2.57125 0.212266 0.0601119 0.975361 -0.51711
-0.111312 0.993785 -0.000454629 -4.94199 -0.980713 -0.109774 0.161713 1.97753 0.160658 0.0184464 0.986838 -0.548689
0.00812451 0.999709 -0.022703 -4.92326 -0.990176 0.0112123 0.139378 1.58452 0.139592 0.0213476 0.989979 -0.436709
0.223473 0.97471 0.000252151 -5.02002 -0.971427 0.222699 0.0820618 1.12112 0.0799303 -0.0185835 0.996627 -0.466926
0.289114 0.956092 -0.0479607 -4.82192 -0.953774 0.291982 0.071145 0.473089 0.0820248 0.0251747 0.996312 -0.301543
0.334705 0.937433 -0.0958735 -4.56268 -0.935508 0.342774 0.085618 -0.164874 0.113124 0.0610336 0.991705 -0.279371
0.45726 0.885103 -0.0866354 -4.33184 -0.876448 0.465014 0.1249 -0.70951 0.150836 0.0188196 0.98838 -0.228823
0.609169 0.788182 -0.0876447 -3.8726 -0.773689 0.614929 0.152538 -1.26922 0.174123 -0.0251117 0.984404 -0.231926
0.664288 0.743172 -0.0801076 -3.40932 -0.723346 0.666152 0.181693 -1.58061 0.188393 -0.0627509 0.980087 -0.167843
0.806237 0.572529 -0.148972 -3.07232 -0.561766 0.819866 0.110627 -1.99736 0.185474 -0.00550398 0.982634 -0.169509
0.894989 0.43432 -0.101789 -2.81991 -0.422561 0.898546 0.118566 -2.3648 0.142958 -0.0631033 0.987715 -0.341749
0.933807 0.338687 -0.115307 -2.35857 -0.328675 0.939397 0.0975014 -2.67083 0.141341 -0.0531491 0.988533 -0.216197
0.976114 0.190106 -0.10517 -1.82786 -0.175798 0.975563 0.131802 -2.97288 0.127656 -0.110165 0.985681 -0.187402
0.99436 -0.0202198 -0.10411 -1.21929 0.0359272 0.987836 0.15129 -3.09289 0.0997847 -0.154177 0.982992 -0.0664153
0.991275 -0.114311 -0.0656314 -0.679107 0.119364 0.989697 0.0790724 -3.11732 0.0559164 -0.0862165 0.994706 0.0118321
0.990234 -0.138255 -0.0179617 0.103793 0.139163 0.987965 0.0675152 -3.00888 0.00841127 -0.0693554 0.997557 -0.078639
0.918156 -0.391859 0.0586141 0.805686 0.387422 0.918893 0.0744306 -3.04872 -0.0830264 -0.0456306 0.995502 0.081418
0.902565 -0.417124 0.1067 1.76445 0.416643 0.908644 0.0278326 -2.72581 -0.108562 0.0193351 0.993902 0.0368726
0.852326 -0.514665 0.0930623 2.25471 0.505512 0.856305 0.105832 -2.49984 -0.134158 -0.0431594 0.99002 -0.160087
0.78615 -0.613777 0.0724246 2.77651 0.604925 0.788181 0.113294 -2.14081 -0.126621 -0.045255 0.990918 -0.219052
0.678808 -0.727845 0.0972655 3.29132 0.730112 0.683128 0.0165092 -1.8154 -0.0784609 0.0598081 0.995122 -0.350955
0.592515 -0.804572 0.0398647 3.80146 0.804485 0.593555 0.0222754 -1.28451 -0.0415841 0.0188721 0.998957 -0.523892
0.512921 -0.854177 0.0854025 4.29832 0.857722 0.514008 -0.010416 -0.722836 -0.0350005 0.0785942 0.996292 -0.457528
0.409468 -0.910557 0.0567572 4.60588 0.908275 0.412716 0.0685773 -0.181498 -0.0858682 0.023471 0.99603 -0.5385
0.292955 -0.952753 0.0802419 4.84435 0.945782 0.301075 0.121863 0.484146 -0.140264 0.0401909 0.989298 -0.654443
0.146839 -0.982698 0.112888 5.1494 0.982066 0.158477 0.102132 1.16192 -0.118254 0.0958664 0.988345 -0.813527
0.0112136 -0.999063 0.0418041 5.13633 0.993211 0.0159692 0.115221 1.64271 -0.115781 0.0402282 0.99246 -0.945072
-0.064158 -0.994525 0.0824859 5.10392 0.988487 -0.0519831 0.142095 2.45186 -0.137029 0.0906528 0.98641 -1.00836
-0.122237 -0.987779 0.0967043 5.04334 0.976875 -0.102518 0.187631 3.15504 -0.175424 0.117403 0.977468 -1.19662
-0.293829 -0.952864 0.0756 4.86142 0.933658 -0.269158 0.236299 3.79562 -0.204812 0.140016 0.968735 -1.24109
-0.320853 -0.943767 0.0797301 4.47445 0.926575 -0.295333 0.232889 4.57121 -0.196246 0.148599 0.96923 -1.4453
-0.467165 -0.879792 0.0878813 4.04069 0.868504 -0.437987 0.232096 5.11524 -0.165705 0.184752 0.968715 -1.61157
-0.640487 -0.755543 0.137592 3.8078 0.762199 -0.603468 0.234263 5.68607 -0.0939626 0.254915 0.962387 -1.73971
-0.71189 -0.682679 0.164807 3.16913 0.701868 -0.683454 0.200679 6.27328 -0.0243612 0.258534 0.965695 -1.70196
-0.79606 -0.564968 0.217024 2.45339 0.600771 -0.781046 0.170413 6.75353 0.0732277 0.266041 0.961176 -1.8381
-0.855193 -0.463068 0.232838 1.85436 0.500184 -0.855088 0.136532 7.16597 0.135874 0.233223 0.962884 -1.90797
-0.905904 -0.370278 0.205504 1.19345 0.396789 -0.911724 0.106384 7.56748 0.147972 0.177915 0.972857 -1.80973
-0.945344 -0.250207 0.209095 0.496485 0.278642 -0.952934 0.119477 7.97413 0.16936 0.17121 0.970569 -1.65698
-0.962783 -0.178937 0.202558 -0.400903 0.211057 -0.96591 0.149907 8.27213 0.168829 0.18708 0.967728 -1.342
-0.974513 0.12016 0.189436 -0.99433 -0.0886752 -0.982008 0.166723 8.37216 0.206061 0.145676 0.967635 -1.26873
-0.984609 0.117448 0.129424 -1.8799 -0.0929219 -0.978993 0.18149 8.4125 0.14802 0.166671 0.974839 -1.23232
-0.971507 0.231856 0.0491673 -2.67243 -0.220865 -0.960886 0.167083 8.3799 0.0859832 0.151463 0.984716 -1.16011
-0.926729 0.373585 0.040092 -3.60469 -0.366609 -0.922439 0.121261 8.13785 0.0822838 0.0976782 0.991811 -0.927483
-0.885759 0.464052 0.00932317 -4.34264 -0.457236 -0.87585 0.154344 7.86833 0.0797893 0.132449 0.987973 -0.833005
-0.824382 0.565481 -0.0250235 -5.04653 -0.564526 -0.818156 0.109227 7.46814 0.0412926 0.104171 0.993702 -0.921444
-0.724272 0.683725 -0.0891621 -5.74946 -0.68934 -0.720917 0.0713375 6.84858 -0.0155033 0.113131 0.993459 -1.01593
-0.633053 0.76445 -0.121901 -6.37522 -0.774089 -0.626266 0.0926161 6.15753 -0.0055417 0.152993 0.988212 -1.06045
-0.485277 0.869896 -0.0882448 -6.82233 -0.873571 -0.478075 0.0912042 5.65594 0.0371505 0.121347 0.991915 -1.02083
-0.333858 0.935138 -0.118557 -7.19705 -0.940137 -0.321204 0.113886 4.93973 0.0684186 0.149482 0.986395 -0.913
-0.25327 0.955282 -0.152615 -7.54053 -0.960308 -0.229204 0.15898 3.9878 0.11689 0.186822 0.975415 -0.883623
-0.218325 0.967087 -0.130677 -7.83335 -0.959089 -0.187906 0.211752 3.09235 0.180228 0.171562 0.968548 -0.733131
-0.0561532 0.991093 -0.120758 -8.00249 -0.982233 -0.0331452 0.184713 2.27521 0.179065 0.128984 0.975345 -0.695848
0.0851985 0.986884 -0.13712 -8.07806 -0.992953 0.0954774 0.070209 1.53714 0.08238 0.130172 0.988063 -0.462033
0.235163 0.965888 -0.108439 -7.86059 -0.969514 0.24101 0.0442247 0.486048 0.0688509 0.0947327 0.993119 -0.542779
0.297121 0.94146 -0.159287 -7.61382 -0.953794 0.300441 -0.00338227 -0.392332 0.0446722 0.152932 0.987227 -0.397284
0.395696 0.912539 -0.103424 -7.30451 -0.917476 0.397792 -0.000392013 -1.24074 0.0407836 0.0950444 0.994637 -0.377307
0.568661 0.802335 -0.181338 -6.95792 -0.813666 0.581017 0.0191352 -2.13447 0.120713 0.136667 0.983235 -0.40439
0.600844 0.769043 -0.218081 -6.30862 -0.780419 0.623397 0.0481918 -3.12022 0.173013 0.141239 0.97474 -0.432121
0.700205 0.695516 -0.161155 -5.57241 -0.687724 0.717692 0.109333 -3.76695 0.191702 0.0342748 0.980855 -0.242453
0.767831 0.630509 -0.11355 -4.86899 -0.619764 0.775926 0.117607 -4.45395 0.162259 -0.0199283 0.986547 -0.285834
0.869032 0.470314 -0.153587 -4.15604 -0.46989 0.881755 0.04136 -5.06943 0.154878 0.0362257 0.987269 -0.16356
0.93068 0.345476 -0.120336 -3.25312 -0.343399 0.93841 0.0382574 -5.50873 0.126142 0.0057179 0.991996 -0.107192
0.965852 0.23511 -0.108871 -2.20015 -0.230683 0.971649 0.0518006 -5.95725 0.117963 -0.0249171 0.992705 0.0626699
0.991961 0.0714704 -0.104427 -1.24615 -0.0679392 0.997003 0.0369949 -6.08985 0.106758 -0.0296028 0.993844 0.0620334
0.998445 -0.0301842 -0.0468605 -0.272588 0.0317786 0.998928 0.033662 -6.15936 0.0457942 -0.0350988 0.998334 0.204706
0.984033 -0.166785 -0.0621483 0.804824 0.169807 0.984356 0.0469895 -6.00261 0.053339 -0.0567925 0.99696 0.201326
0.955905 -0.28923 0.0509097 1.94992 0.281679 0.952016 0.119675 -5.80946 -0.0830806 -0.100058 0.991507 0.100522
0.897755 -0.404295 0.174876 2.89671 0.400161 0.914485 0.0599034 -5.53872 -0.184141 0.0162001 0.982766 0.12107
0.864409 -0.463957 0.193755 3.81968 0.467961 0.883323 0.0274291 -5.1475 -0.183874 0.0669598 0.980666 -0.212454
0.793743 -0.585531 0.164697 4.70499 0.592153 0.805753 0.0107844 -4.54856 -0.13902 0.0889658 0.986285 -0.172639
0.760126 -0.636814 0.129135 5.49528 0.643157 0.765669 -0.0100002 -3.8505 -0.0925064 0.0906555 0.991577 -0.53583
0.671502 -0.734781 0.0958227 6.18619 0.738397 0.674357 -0.00345175 -3.11319 -0.0620824 0.0730731 0.995392 -0.744942
0.540899 -0.831865 0.124212 6.81668 0.839913 0.542024 -0.0275136 -2.28827 -0.0444383 0.119209 0.991874 -0.841434
0.437843 -0.889323 0.131904 7.28767 0.896063 0.443617 0.0165594 -1.42195 -0.0732414 0.110944 0.991124 -0.948993
0.257126 -0.951632 0.168175 7.7708 0.963485 0.265901 0.0315331 -0.500035 -0.0747258 0.153926 0.985253 -1.03754
0.1827 -0.970798 0.155476 8.10997 0.979951 0.192594 0.0510268 0.63769 -0.0794804 0.143036 0.986521 -1.14394
-0.0365621 -0.98564 0.164852 8.21606 0.995245 -0.0210107 0.0951108 1.54301 -0.0902814 0.167545 0.981722 -1.22412
-0.147446 -0.972597 0.179762 8.24804 0.982693 -0.12345 0.13811 2.49119 -0.112133 0.197015 0.973967 -1.49001
-0.296128 -0.94011 0.168826 8.11695 0.944961 -0.26261 0.195155 3.55959 -0.139132 0.217325 0.966133 -1.6259
-0.387909 -0.89088 0.236347 7.80603 0.911391 -0.332505 0.242503 4.64015 -0.137455 0.309473 0.940921 -1.74077
-0.500911 -0.853014 0.146472 7.30921 0.857285 -0.465741 0.219427 5.61128 -0.118956 0.235481 0.964571 -2.05606
-0.617389 -0.775747 0.130565 6.71526 0.778849 -0.579455 0.240053 6.48663 -0.110563 0.249897 0.961939 -2.32762
-0.671893 -0.728641 0.132827 6.13656 0.733338 -0.629339 0.257193 7.50301 -0.103808 0.270213 0.957188 -2.53252
-0.750131 -0.637211 0.176818 5.27082 0.659254 -0.699638 0.275482 8.2976 -0.0518313 0.323216 0.944905 -2.58507
-0.76669 -0.607973 0.206289 4.23429 0.641981 -0.729442 0.236168 9.03714 0.00689214 0.313502 0.949563 -2.70117
-0.849635 -0.493215 0.186705 3.33276 0.523693 -0.830804 0.188443 9.79082 0.0621722 0.257884 0.964173 -2.68187
-0.90006 -0.357985 0.248472 2.30451 0.411708 -0.885423 0.21569 10.4038 0.142789 0.296432 0.944319 -2.56578
-0.94929 -0.197967 0.24425 1.20042 0.253693 -0.941194 0.223145 10.9463 0.185711 0.273794 0.943689 -2.29381
-0.983178 -0.135535 0.12244 0.111385 0.164444 -0.948597 0.270411 11.1091 0.0794959 0.285997 0.954927 -1.94644
-0.984008 0.010587 0.17781 -1.24783 0.0533668 -0.934855 0.350997 11.3007 0.169942 0.354873 0.919339 -1.74148
-0.98426 0.112845 0.136007 -2.35956 -0.0720583 -0.958973 0.274188 11.3962 0.161368 0.260072 0.95201 -1.63107
-0.951453 0.305884 0.0342376 -3.45748 -0.28155 -0.909873 0.304732 11.3544 0.124364 0.280298 0.951823 -1.50791
-0.919431 0.393182 0.00743606 -4.69329 -0.381029 -0.89537 0.230499 10.9897 0.0972862 0.209095 0.973044 -1.33688
-0.821369 0.562426 -0.0950219 -5.77194 -0.570077 -0.803857 0.169784 10.6117 0.0191072 0.193625 0.980889 -1.27386
-0.795586 0.58085 -0.17221 -6.7966 -0.601066 -0.792373 0.104229 9.92323 -0.0759131 0.186432 0.979531 -1.2049
-0.684199 0.703608 -0.191853 -7.72037 -0.727065 -0.678639 0.104047 9.13076 -0.0569912 0.210678 0.975893 -1.31394
-0.620083 0.762114 -0.186223 -8.63102 -0.783772 -0.612249 0.104176 8.03667 -0.0346204 0.210554 0.976969 -1.5129
-0.512494 0.849069 -0.128186 -9.34683 -0.858681 -0.507457 0.0717918 7.15318 -0.00409259 0.146863 0.989148 -1.53328
-0.416203 0.888641 -0.192593 -9.98313 -0.909086 -0.402398 0.10788 5.99289 0.0183677 0.219984 0.975331 -1.53409
-0.314819 0.936588 -0.153921 -10.5778 -0.948098 -0.302668 0.09748 4.8131 0.0447117 0.176621 0.983263 -1.4838
-0.153885 0.970705 -0.184528 -10.8194 -0.970306 -0.113186 0.213763 3.66874 0.186615 0.211943 0.959299 -1.47653
-0.0651184 0.986478 -0.150399 -11.0381 -0.979768 -0.0346226 0.197118 2.35292 0.189246 0.160192 0.968775 -1.18184
0.0828565 0.972155 -0.219202 -10.9833 -0.993975 0.0964542 0.0520571 1.26579 0.0717505 0.213569 0.97429 -0.867465
0.26656 0.951603 -0.152962 -10.8676 -0.963008 0.269467 -0.00179473 -0.139441 0.0395102 0.147782 0.98823 -0.936387
0.397695 0.904658 -0.153078 -10.5695 -0.917505 0.391241 -0.0715171 -1.31562 -0.00480796 0.168892 0.985623 -0.987401
0.519539 0.8464 -0.116984 -10.0402 -0.853727 0.508597 -0.11171 -2.58418 -0.0350535 0.15791 0.986831 -0.949231
0.578234 0.807452 -0.116909 -9.39238 -0.808004 0.5866 0.0550504 -3.86867 0.113029 0.0626309 0.991616 -1.02636
0.663481 0.717966 -0.210517 -8.66518 -0.733761 0.679393 0.00448903 -4.94456 0.146247 0.151491 0.97758 -0.810601
0.761841 0.628152 -0.158185 -7.72511 -0.640044 0.76756 -0.034564 -5.97768 0.0997053 0.127578 0.986804 -0.506233
0.853385 0.510149 -0.107153 -6.69606 -0.514055 0.857692 -0.0106019 -6.93477 0.0864955 0.0641299 0.994186 -0.413679
0.883427 0.428198 -0.190271 -5.46477 -0.445813 0.893114 -0.0599866 -7.64029 0.144248 0.137819 0.979897 -0.305276
0.936752 0.329682 -0.117494 -4.30634 -0.334199 0.94228 -0.0205008 -8.36785 0.103953 0.0584704 0.992862 -0.119658
0.957597 0.269238 -0.102559 -2.85091 -0.276071 0.959305 -0.0593176 -8.85395 0.0824145 0.0851158 0.992957 0.03151
0.989183 0.0948371 -0.111909 -1.64438 -0.10641 0.989034 -0.102419 -9.19157 0.100969 0.113219 0.988426 0.122626
0.998062 0.0112781 -0.0611943 -0.235185 -0.016028 0.996848 -0.0776935 -9.23248 0.0601252 0.0785238 0.995097 0.197013
0.991772 -0.127759 -0.00815679 1.25618 0.126678 0.988587 -0.0815384 -9.05512 0.0184809 0.0798342 0.996637 0.240321
0.963334 -0.22823 0.141062 2.65855 0.233999 0.971902 -0.0255315 -8.83848 -0.131271 0.0576036 0.989672 0.221854
0.910144 -0.330121 0.250315 4.00795 0.344908 0.938494 -0.0163784 -8.25753 -0.229512 0.101242 0.968026 -0.0356367
0.835497 -0.470433 0.283968 5.25389 0.504987 0.86109 -0.0592644 -7.76824 -0.216642 0.192915 0.957001 -0.366614
0.768625 -0.589349 0.248763 6.40835 0.59663 0.800728 0.0535565 -6.99978 -0.230755 0.107254 0.967083 -0.604135
0.720793 -0.672228 0.169016 7.48537 0.683393 0.729965 -0.0111338 -6.03724 -0.115892 0.12353 0.98555 -0.955734
0.613569 -0.777809 0.136188 8.4259 0.784499 0.620089 0.0070951 -5.12709 -0.0899671 0.102486 0.990658 -1.1474
0.463605 -0.872952 0.151739 9.36078 0.886004 0.455144 -0.0885533 -4.03842 0.0082396 0.175495 0.984446 -1.37155
0.419722 -0.876213 0.236821 10.0167 0.902623 0.430367 -0.0074227 -2.67152 -0.0954162 0.216876 0.971525 -1.36763
0.286772 -0.922115 0.259742 10.5846 0.945379 0.316258 0.0789939 -1.27236 -0.154987 0.222901 0.962442 -1.61464
0.158026 -0.954383 0.25334 11.083 0.978901 0.185075 0.086606 0.0527125 -0.129542 0.234309 0.963493 -1.63604
-0.00220126 -0.960955 0.276694 11.2159 0.995354 0.0245287 0.0931065 1.4711 -0.0962581 0.275614 0.956437 -1.77169
-0.119447 -0.960747 0.250396 11.137 0.974285 -0.0648954 0.21577 2.85962 -0.191051 0.26973 0.943793 -2.07037
-0.280494 -0.931683 0.230846 11.0081 0.93379 -0.209201 0.290296 4.30526 -0.222171 0.296988 0.928676 -2.41885
-0.396873 -0.878751 0.265118 10.5106 0.893028 -0.302923 0.332774 5.6485 -0.212116 0.368827 0.904972 -2.61467
-0.532747 -0.822913 0.197472 9.92932 0.83403 -0.470994 0.287329 7.02365 -0.143439 0.317772 0.937255 -2.94203
-0.615995 -0.751596 0.235908 9.1694 0.77658 -0.529138 0.341961 8.19034 -0.132189 0.393848 0.909621 -3.25763
-0.665753 -0.702005 0.252905 8.24372 0.746162 -0.624608 0.230448 9.38023 -0.00380941 0.34213 0.939645 -3.54473
-0.817591 -0.528492 0.228566 7.15908 0.575632 -0.759785 0.302283 10.4576 0.0139071 0.378713 0.92541 -3.76144
-0.807834 -0.549706 0.212667 6.00252 0.589386 -0.750138 0.299862 11.4412 -0.00530668 0.367582 0.929976 -3.67967
-0.857993 -0.434885 0.273354 4.70203 0.505353 -0.809985 0.297561 12.2934 0.0920077 0.393445 0.914732 -3.59781
-0.920502 -0.265206 0.286954 3.368 0.348724 -0.888875 0.297141 13.0743 0.176263 0.373586 0.910695 -3.56539
-0.944335 -0.159642 0.287656 1.87009 0.256095 -0.905576 0.338153 13.7085 0.206511 0.392997 0.896051 -3.30736
-0.984194 -0.0278595 0.17489 0.44176 0.0938994 -0.919396 0.381961 14.1167 0.150152 0.392346 0.90748 -2.99827
-0.991887 -0.000499492 0.12712 -1.22384 0.0489577 -0.924357 0.378375 14.1257 0.117315 0.381528 0.916882 -2.85137
-0.985185 0.113465 0.128596 -2.76947 -0.0547615 -0.918722 0.39109 14.2718 0.162519 0.378254 0.911324 -2.66525
-0.971935 0.232726 0.0343512 -4.39614 -0.203448 -0.904858 0.373953 14.1537 0.118112 0.356469 0.926811 -2.44863
-0.936639 0.347456 -0.0445065 -5.86099 -0.338948 -0.866875 0.36557 13.6964 0.0884381 0.357493 0.929719 -2.1173
-0.867359 0.4655 -0.176062 -7.4342 -0.496593 -0.832898 0.244289 13.1406 -0.0329248 0.299317 0.953586 -1.91147
-0.727515 0.606647 -0.320472 -8.54934 -0.674831 -0.716995 0.174702 12.2865 -0.123795 0.343362 0.931009 -1.93097
-0.701367 0.670822 -0.241004 -9.86617 -0.712586 -0.668149 0.214005 11.1259 -0.0174674 0.321832 0.946636 -2.18038
-0.593407 0.766482 -0.245709 -10.9491 -0.803947 -0.579279 0.134553 9.98009 -0.0392013 0.277382 0.95996 -2.20038
-0.552459 0.797917 -0.241074 -12.0144 -0.832754 -0.515799 0.201176 8.56634 0.0361763 0.311897 0.949427 -2.20019
-0.422891 0.868304 -0.25925 -12.8785 -0.905311 -0.392296 0.162837 7.14498 0.0396895 0.303564 0.951984 -2.27438
-0.277023 0.929983 -0.241641 -13.4006 -0.958651 -0.250448 0.135141 5.72288 0.06516 0.269086 0.960909 -2.13614
-0.076329 0.961258 -0.264872 -13.8202 -0.993642 -0.0512827 0.100229 4.07752 0.0827622 0.270839 0.95906 -2.03027
-0.0655469 0.951587 -0.30031 -13.9932 -0.98894 -0.0218227 0.146701 2.34517 0.133045 0.306604 0.942493 -1.8688
0.111582 0.955154 -0.27428 -13.9111 -0.991225 0.126656 0.0378225 0.882156 0.0708657 0.267653 0.960906 -1.70906
0.306024 0.916362 -0.258127 -13.8582 -0.950458 0.309619 -0.02766 -0.842199 0.0545745 0.253804 0.965715 -1.5436
0.390514 0.897664 -0.204202 -13.2873 -0.91876 0.394031 -0.0248829 -2.37651 0.0581254 0.19733 0.978613 -1.55619
0.491189 0.84994 -0.190619 -12.6453 -0.869306 0.492174 -0.045511 -4.05808 0.055136 0.188061 0.980609 -1.51236
0.594198 0.781852 -0.188775 -11.7505 -0.795579 0.605829 0.00496236 -5.62964 0.118245 0.147237 0.982008 -1.40126
0.627218 0.767236 -0.133966 -10.6962 -0.772815 0.634448 0.0152877 -7.01536 0.0967235 0.0939419 0.990868 -1.30826
0.755986 0.646429 -0.103026 -9.66191 -0.652405 0.756916 -0.038012 -8.30771 0.0534097 0.095951 0.993952 -1.00009
0.815953 0.576008 -0.0493442 -8.21031 -0.577924 0.814915 -0.0437948 -9.4851 0.0149851 0.0642517 0.997821 -0.746583
0.864819 0.49246 -0.0978331 -6.76647 -0.491923 0.870079 0.0312238 -10.4029 0.100499 0.0211234 0.994713 -0.819351
0.953556 0.287081 -0.0911859 -5.2579 -0.2868 0.957849 0.0164535 -11.2619 0.0920658 0.0104628 0.995698 -0.569186
0.9491 0.290451 -0.121851 -3.69939 -0.297831 0.953456 -0.0471025 -11.8381 0.102499 0.0809959 0.99143 -0.358263
0.993597 0.0653175 -0.0921922 -1.9838 -0.0748167 0.991796 -0.103653 -12.132 0.0846655 0.109887 0.990332 -0.281688
0.998551 0.0419928 -0.0336425 -0.218969 -0.0468939 0.985771 -0.161422 -12.231 0.0263852 0.162766 0.986312 -0.170212
0.991904 -0.121333 0.0374841 1.6987 0.12626 0.973884 -0.1887 -12.0228 -0.0136096 0.191905 0.981319 -0.146242
0.951023 -0.268808 0.152634 3.40236 0.281894 0.956787 -0.0713804 -11.807 -0.126851 0.110911 0.985702 -0.174942
0.890985 -0.388704 0.234638 5.11666 0.425723 0.894851 -0.134168 -11.1034 -0.157815 0.219432 0.962779 -0.425604
0.85643 -0.467512 0.218999 6.71359 0.497599 0.860548 -0.108866 -10.3718 -0.137562 0.20221 0.969633 -0.884277
0.781101 -0.537546 0.317689 8.32216 0.588951 0.803266 -0.0888838 -9.3823 -0.20741 0.25653 0.94402 -0.987186
0.687175 -0.672844 0.273993 9.49833 0.707519 0.705439 -0.0421135 -8.33169 -0.16495 0.222795 0.960809 -1.34717
0.632121 -0.712492 0.304594 10.8387 0.762427 0.642064 -0.0803718 -6.97104 -0.138304 0.283035 0.949085 -1.5923
0.519057 -0.809134 0.275466 12.0321 0.850309 0.521586 -0.0701568 -5.44037 -0.086913 0.270647 0.958747 -1.86106
0.383641 -0.858248 0.340926 12.8089 0.913392 0.40707 -0.00307344 -3.93693 -0.136143 0.312578 0.940085 -2.12635
0.254347 -0.919526 0.299633 13.401 0.964061 0.265662 -0.00308173 -2.25058 -0.0767675 0.289649 0.954049 -2.32898
0.114784 -0.962905 0.244209 13.9 0.98576 0.140818 0.0919064 -0.516357 -0.122886 0.230182 0.965358 -2.55522
-0.0537078 -0.962084 0.267414 14.1853 0.988723 -0.0137464 0.149121 1.22214 -0.139791 0.272408 0.951973 -2.80543
-0.192859 -0.949591 0.24715 14.1186 0.970268 -0.147018 0.192264 3.0588 -0.146236 0.276881 0.949711 -2.94809
-0.283179 -0.925821 0.250332 13.697 0.93616 -0.210126 0.281871 4.96127 -0.208361 0.314171 0.926219 -3.34001
-0.353677 -0.888813 0.291417 13.2111 0.90846 -0.252216 0.333298 6.61217 -0.222739 0.38262 0.896654 -3.65779
-0.501368 -0.842724 0.196075 12.4229 0.847003 -0.431762 0.310109 8.30793 -0.176678 0.321555 0.930262 -4.08082
-0.590671 -0.780095 0.2063 11.4429 0.788714 -0.504168 0.351775 9.80407 -0.170408 0.370494 0.913069 -4.50595
-0.664389 -0.70354 0.252228 10.2209 0.743394 -0.587235 0.320187 11.2062 -0.0771472 0.400233 0.91316 -4.81719
-0.758754 -0.6304 0.163978 8.78313 0.64477 -0.691103 0.326571 12.681 -0.092545 0.353515 0.93084 -4.95886
-0.845392 -0.443203 0.298135 7.60688 0.529547 -0.768503 0.359141 13.8202 0.0699451 0.461492 0.884383 -5.10678
-0.846268 -0.427004 0.318589 5.9719 0.52058 -0.789903 0.324113 14.808 0.113257 0.440137 0.890759 -4.94834
-0.888429 -0.372335 0.26844 4.13176 0.448831 -0.827175 0.338132 15.8033 0.0961481 0.42089 0.902002 -4.69698
-0.946975 -0.281639 0.154655 2.47821 0.320146 -0.867948 0.3797 16.5084 0.0272941 0.409079 0.912091 -4.45377
-0.986232 -0.114382 0.119431 0.591209 0.152878 -0.905984 0.394741 16.9296 0.0630515 0.407565 0.910997 -4.27212
-0.992463 0.0356222 0.11725 -1.38258 0.024204 -0.880982 0.472531 17.0168 0.120128 0.471807 0.87348 -4.02627
-0.975192 0.198054 0.0988736 -3.17724 -0.124097 -0.859003 0.496702 17.0202 0.183307 0.47211 0.862271 -4.04153
-0.967633 0.2377 0.0847654 -5.10688 -0.15661 -0.82899 0.536889 16.8257 0.197888 0.506236 0.839384 -3.67645
-0.918288 0.38126 -0.106715 -6.99957 -0.375501 -0.753274 0.539979 16.4694 0.125486 0.535927 0.834886 -3.26174
-0.839976 0.451043 -0.301662 -8.8117 -0.541055 -0.738433 0.402462 15.6316 -0.0412296 0.501275 0.864305 -2.98249
-0.7571 0.557282 -0.340935 -10.3929 -0.652175 -0.675324 0.344392 14.4708 -0.038318 0.483088 0.874733 -3.09417
-0.67479 0.668393 -0.312905 -11.8835 -0.73735 -0.62852 0.247543 13.0476 -0.0312106 0.39776 0.916959 -3.2011
-0.586546 0.769543 -0.252522 -13.2081 -0.809528 -0.54739 0.212201 11.7217 0.0250698 0.328889 0.944036 -3.32338
-0.519652 0.794922 -0.313146 -14.5777 -0.854293 -0.478277 0.203553 10.0173 0.012038 0.373296 0.927634 -3.26001
-0.386545 0.862494 -0.326631 -15.5249 -0.920633 -0.339752 0.192364 8.36572 0.0549395 0.375065 0.925369 -3.1616
-0.244491 0.921808 -0.300824 -16.175 -0.967576 -0.211639 0.137862 6.53027 0.0634164 0.324776 0.943663 -3.11504
-0.104836 0.948202 -0.29987 -16.7154 -0.992621 -0.081293 0.0899717 4.37018 0.0609341 0.307089 0.949728 -2.99579
-0.0565417 0.948696 -0.311092 -16.854 -0.990286 -0.0136449 0.138376 2.3535 0.127032 0.315894 0.940252 -2.80424
0.0984199 0.939326 -0.328604 -16.7577 -0.988495 0.13039 0.0766606 0.361072 0.114856 0.317279 0.941351 -2.50518
0.218348 0.926622 -0.306099 -16.538 -0.969761 0.241074 0.0380254 -1.76865 0.109028 0.28854 0.95124 -2.38853
0.358371 0.889278 -0.284175 -16.1226 -0.931074 0.362733 -0.0390602 -3.55098 0.0683441 0.278586 0.957977 -2.26713
0.463542 0.846183 -0.262874 -15.1339 -0.883127 0.465379 -0.0592331 -5.60374 0.072214 0.259608 0.96301 -2.07648
0.531528 0.807364 -0.256208 -14.308 -0.837329 0.546494 -0.0150032 -7.32247 0.127903 0.222505 0.966505 -1.96311
0.681806 0.694801 -0.228893 -13.1202 -0.722117 0.689277 -0.0586864 -8.95228 0.116995 0.2053 0.971681 -1.80998
0.759781 0.594984 -0.262158 -11.6916 -0.625425 0.779009 -0.0445851 -10.4527 0.177696 0.197835 0.963994 -1.49367
0.817269 0.516504 -0.255527 -10.0647 -0.55087 0.830421 -0.08333 -11.8786 0.169155 0.208865 0.963204 -1.04782
0.882615 0.455433 -0.116496 -8.38966 -0.46834 0.873291 -0.134239 -13.0666 0.0405976 0.173041 0.984078 -0.958574
0.932567 0.347653 -0.0972378 -6.37019 -0.358213 0.924559 -0.129899 -14.1453 0.0447422 0.155972 0.986748 -1.05628
0.96031 0.258101 -0.105776 -4.41208 -0.27485 0.940235 -0.201039 -14.7004 0.0475659 0.222132 0.973856 -0.88528
0.986387 0.148765 -0.0700643 -2.3039 -0.163867 0.924786 -0.343394 -15.1961 0.0137094 0.3502 0.936575 -0.673309
0.999441 -0.0180044 0.0281638 -0.220383 0.0242781 0.970129 -0.241374 -15.3527 -0.0229767 0.241922 0.970024 -0.724109
0.977845 -0.194467 0.0774653 1.98708 0.208458 0.938357 -0.275738 -15.0682 -0.0190683 0.285777 0.958106 -0.740766
0.944295 -0.277855 0.176363 4.20407 0.313431 0.922685 -0.224527 -14.6627 -0.100342 0.267298 0.958375 -0.869986
0.901354 -0.371835 0.222035 6.30964 0.41196 0.894297 -0.174707 -13.8665 -0.133603 0.248942 0.959259 -1.18556
0.858032 -0.472169 0.202082 8.20969 0.500647 0.856731 -0.123957 -12.8945 -0.114602 0.207531 0.971492 -1.52582
0.787902 -0.54924 0.278471 9.93575 0.600929 0.784549 -0.152861 -11.7541 -0.134517 0.287781 0.948202 -1.92422
0.709041 -0.643435 0.288534 11.5296 0.677607 0.734959 -0.0261763 -10.4713 -0.195218 0.214073 0.957112 -2.13686
0.568612 -0.764278 0.304236 13.0918 0.813488 0.577351 -0.0700208 -9.06341 -0.122135 0.287307 0.95002 -2.44533
0.518807 -0.787255 0.333269 14.384 0.851815 0.509083 -0.123473 -7.02557 -0.0724573 0.347942 0.934712 -2.81066
0.399992 -0.817637 0.414097 15.5355 0.908267 0.414117 -0.0596542 -5.08986 -0.122709 0.399972 0.908276 -3.10589
0.326039 -0.873888 0.360582 16.2096 0.943134 0.326818 -0.0607243 -3.02566 -0.0647783 0.359875 0.930749 -3.28863
0.178426 -0.883549 0.433019 16.8154 0.980789 0.19497 -0.00631104 -0.903337 -0.0788495 0.425826 0.901363 -3.3809
0.0152939 -0.930195 0.366748 17.124 0.991885 0.0604141 0.111867 1.17551 -0.126215 0.362061 0.92357 -3.62754
-0.128742 -0.923134 0.362282 17.0325 0.975771 -0.0527503 0.21234 3.42475 -0.176908 0.380842 0.907559 -3.85447
-0.245419 -0.920541 0.303931 16.5738 0.938192 -0.146608 0.313531 5.42621 -0.24406 0.362093 0.899624 -4.31983
-0.447746 -0.805839 0.387487 15.9855 0.878663 -0.316194 0.357732 7.43639 -0.165754 0.500644 0.849636 -4.79299
-0.512752 -0.814733 0.270733 14.9752 0.843014 -0.418099 0.338408 9.42421 -0.162519 0.401751 0.901212 -5.31932
-0.637782 -0.739577 0.215083 13.7341 0.754926 -0.544883 0.364952 11.2178 -0.152715 0.395132 0.905842 -5.7973
-0.710375 -0.645249 0.281108 12.4079 0.703515 -0.639153 0.310724 12.959 -0.0208235 0.418494 0.907981 -6.1051
-0.731114 -0.634067 0.251856 10.7946 0.675627 -0.621543 0.3965 14.6348 -0.0948683 0.460048 0.882812 -6.09491
-0.786842 -0.556029 0.267789 8.97922 0.615783 -0.678434 0.400672 16.0494 -0.0411082 0.480165 0.876214 -6.38222
-0.87421 -0.40837 0.262662 7.25703 0.480718 -0.804052 0.349872 17.2797 0.0683165 0.432128 0.899221 -6.34253
-0.92936 -0.314268 0.193716 5.21403 0.366997 -0.843392 0.392433 18.2987 0.0400493 0.435805 0.89915 -5.98394
-0.976169 -0.193455 0.0983331 3.1728 0.216685 -0.893759 0.392736 19.1762 0.0119095 0.404684 0.914379 -5.91131
-0.992489 -0.0765422 0.0954298 0.967154 0.109756 -0.90166 0.418285 19.6753 0.0540289 0.425617 0.903289 -5.75221
-0.998842 0.035638 0.0323301 -1.49041 -0.0153468 -0.872757 0.487913 19.7175 0.0456045 0.486852 0.872293 -5.6787
-0.988283 0.146429 0.0430686 -3.69613 -0.101943 -0.843262 0.527747 19.578 0.113595 0.517173 0.848309 -5.46869
-0.975031 0.220379 -0.0273261 -6.10646 -0.20198 -0.828957 0.521568 19.345 0.0922906 0.514065 0.852772 -5.30159
-0.917989 0.38815 -0.0814574 -8.10141 -0.371582 -0.769934 0.518776 18.8055 0.138646 0.506498 0.851021 -5.04628
-0.863999 0.47947 -0.153668 -10.1884 -0.491232 -0.735794 0.466152 17.7353 0.110439 0.478242 0.871257 -4.7474
-0.800352 0.543498 -0.253072 -12.2315 -0.599358 -0.715225 0.359476 16.4892 0.0143714 0.439388 0.898182 -4.52625
-0.678642 0.638948 -0.362202 -13.9793 -0.726234 -0.657403 0.201012 15.08 -0.109677 0.399458 0.910167 -4.52272
-0.623025 0.721942 -0.301064 -15.5824 -0.782088 -0.568365 0.255539 13.3055 0.01337 0.394666 0.918727 -4.51639
-0.487618 0.786613 -0.378773 -17.0314 -0.872719 -0.427083 0.236564 11.3728 0.024317 0.445915 0.894745 -4.55276
-0.36346 0.806059 -0.467083 -18.2365 -0.930641 -0.291283 0.2215 9.3288 0.0424886 0.515193 0.85602 -4.32244
-0.239148 0.849572 -0.470143 -18.927 -0.966964 -0.164369 0.194844 7.08321 0.0882577 0.501208 0.860814 -4.25485
-0.130583 0.896135 -0.424134 -19.4196 -0.988004 -0.0820508 0.130825 4.73514 0.0824367 0.43613 0.8961 -4.15948
-0.0373353 0.89963 -0.435054 -19.636 -0.985184 0.0397877 0.166822 2.3412 0.167388 0.434836 0.884816 -3.97992
0.091773 0.916244 -0.389968 -19.6222 -0.98628 0.137602 0.0911954 -0.0476084 0.137218 0.376249 0.916301 -3.64416
0.230161 0.909624 -0.345847 -19.3014 -0.961411 0.267579 0.0639493 -2.4479 0.150711 0.317782 0.936109 -3.4974
0.376526 0.863666 -0.335125 -18.7351 -0.907803 0.416107 0.0524177 -4.683 0.184719 0.284491 0.940714 -3.22578
0.419534 0.858345 -0.295357 -17.6803 -0.897437 0.441085 0.00710056 -6.95926 0.136372 0.262086 0.95536 -2.95654
0.572428 0.75987 -0.308097 -16.7107 -0.80563 0.591143 -0.0388617 -9.03878 0.1526 0.270458 0.950561 -2.73283
0.654407 0.703108 -0.278192 -15.2229 -0.750803 0.647858 -0.128747 -11.0901 0.0897052 0.29312 0.951858 -2.34701
0.74009 0.607044 -0.289421 -13.5759 -0.658696 0.741101 -0.12996 -12.8635 0.135598 0.286823 0.948338 -2.17233
0.815343 0.519027 -0.256568 -11.7063 -0.563641 0.812875 -0.146773 -14.5223 0.132378 0.264283 0.955317 -1.81115
0.889479 0.418093 -0.18446 -9.68441 -0.450278 0.870725 -0.197707 -15.7693 0.077954 0.258914 0.96275 -1.7287
0.949417 0.285983 -0.129694 -7.42061 -0.309676 0.921142 -0.235792 -16.8001 0.0520339 0.264028 0.96311 -1.56256
0.965915 0.248453 -0.0726614 -5.05472 -0.258773 0.934083 -0.24602 -17.4865 0.00674737 0.256437 0.966537 -1.58107
0.996558 0.0826091 -0.00695333 -2.62681 -0.0791223 0.922744 -0.377204 -18.1314 -0.0247444 0.376456 0.926104 -1.59427
0.998837 -0.0430439 0.0217317 -0.235619 0.0479456 0.934495 -0.352732 -18.2473 -0.00512519 0.353364 0.935472 -1.55873
0.986463 -0.142554 0.0810448 2.47796 0.160495 0.940703 -0.298864 -17.9966 -0.0336348 0.307825 0.950848 -1.74195
0.975468 -0.191268 0.108989 4.91769 0.214537 0.936949 -0.275862 -17.449 -0.0493536 0.292477 0.954998 -1.80345
0.912604 -0.365571 0.183064 7.42766 0.395913 0.901924 -0.172588 -16.7306 -0.102017 0.229982 0.967833 -2.01826
0.831273 -0.494793 0.253308 9.60936 0.545806 0.812853 -0.203385 -15.6233 -0.105269 0.307325 0.945764 -2.30217
0.767491 -0.572956 0.287539 11.5548 0.633314 0.74718 -0.201581 -14.1921 -0.0993466 0.336814 0.936315 -2.7365
0.718608 -0.598996 0.35328 13.5577 0.687 0.690274 -0.22705 -12.5823 -0.107858 0.405864 0.907547 -2.99767
0.585711 -0.686128 0.431475 15.367 0.800131 0.574428 -0.172697 -10.8232 -0.129359 0.446387 0.88544 -3.44483
0.518701 -0.749852 0.410696 16.7606 0.842272 0.530624 -0.0949564 -8.66647 -0.146722 0.395172 0.906814 -3.83837
0.431275 -0.77766 0.457434 17.9255 0.893688 0.437783 -0.0983292 -6.36715 -0.12379 0.45121 0.88379 -4.33964
0.321489 -0.845646 0.42606 18.883 0.946709 0.296384 -0.126089 -3.92962 -0.0196508 0.443891 0.895865 -4.63253
0.19607 -0.859975 0.471169 19.5292 0.978135 0.2055 -0.0319588 -1.42759 -0.0693417 0.467133 0.881464 -4.65566
0.0270634 -0.869624 0.492972 20.1051 0.997451 0.0560643 0.0441414 1.01424 -0.0660245 0.49052 0.868925 -4.88503
-0.221054 -0.840745 0.49425 19.9584 0.958329 -0.0932308 0.270024 3.47366 -0.180942 0.533344 0.826319 -5.08164
-0.356326 -0.850439 0.387022 19.3247 0.901549 -0.204126 0.381499 5.87989 -0.24544 0.484857 0.839448 -5.60586
-0.354904 -0.822739 0.444009 18.2384 0.915297 -0.209023 0.344298 8.32825 -0.190459 0.528593 0.827233 -6.27476
-0.503508 -0.778997 0.373688 17.339 0.852599 -0.377989 0.360831 10.6894 -0.139837 0.500287 0.854493 -6.66479
-0.585759 -0.750226 0.306671 15.9957 0.799614 -0.473171 0.369766 12.8264 -0.1323 0.461812 0.877055 -7.12679
-0.746852 -0.608498 0.26822 14.458 0.661891 -0.641326 0.388075 14.8642 -0.0641263 0.467367 0.881735 -7.43413
-0.76955 -0.592091 0.239211 12.5971 0.637858 -0.694816 0.332216 16.6126 -0.0304946 0.40824 0.912365 -7.5594
-0.81771 -0.476624 0.322768 10.6284 0.566565 -0.765523 0.304923 18.2477 0.101753 0.432208 0.896015 -7.82564
-0.876466 -0.384891 0.289252 8.41906 0.471795 -0.80639 0.356574 19.6474 0.0960079 0.448992 0.888363 -7.58772
-0.916189 -0.330117 0.2272 6.08551 0.388036 -0.87243 0.297141 20.9448 0.100125 0.3604 0.927409 -7.39554
-0.973783 -0.217235 0.0674922 3.75528 0.226581 -0.899951 0.372491 21.8768 -0.0201783 0.378018 0.925578 -7.19584
-0.997786 -0.0591346 0.0304414 1.13681 0.0665087 -0.884247 0.462259 22.3289 -0.000417785 0.46326 0.886222 -7.11927
-0.99856 0.0536183 -0.0018895 -1.60166 -0.0485116 -0.887294 0.458647 22.3864 0.0229153 0.458078 0.888617 -7.21431
-0.993351 0.112854 0.0227541 -4.32384 -0.0857006 -0.856847 0.508397 22.1209 0.0768716 0.503067 0.860822 -7.18577
-0.977025 0.205206 -0.0575489 -6.82647 -0.204784 -0.829124 0.520209 21.8306 0.0590349 0.520042 0.852098 -6.88217
-0.941311 0.32213 -0.100828 -9.4093 -0.324405 -0.780848 0.53389 21.0664 0.093251 0.535265 0.839521 -6.65926
-0.892832 0.42204 -0.157266 -11.679 -0.438633 -0.735538 0.516318 19.9797 0.102232 0.529968 0.841833 -6.35242
-0.815689 0.517752 -0.258039 -13.9512 -0.57394 -0.668467 0.473016 18.6923 0.072414 0.533933 0.84242 -6.01577
-0.67964 0.609241 -0.408552 -16.0115 -0.733387 -0.575936 0.361166 17.0019 -0.0152623 0.54509 0.838239 -5.75984
-0.559732 0.735099 -0.38253 -17.794 -0.828515 -0.505466 0.24097 14.9354 -0.016219 0.45181 0.891967 -5.93369
-0.438552 0.808125 -0.393201 -19.3198 -0.898184 -0.379215 0.222398 12.6518 0.0306173 0.450699 0.892151 -5.98504
-0.400409 0.816135 -0.416649 -20.5084 -0.914842 -0.330083 0.232614 10.1707 0.0523154 0.474309 0.878803 -5.90548
-0.219744 0.827811 -0.51618 -21.4279 -0.973994 -0.156216 0.164112 7.64247 0.0552183 0.538819 0.84061 -5.76778
-0.156905 0.840278 -0.518954 -21.9791 -0.982893 -0.0815424 0.165144 4.80674 0.0964505 0.535988 0.838698 -5.55706
-0.044388 0.873381 -0.485011 -22.3325 -0.991569 0.020645 0.127924 2.17014 0.12174 0.4866 0.865101 -5.31391
0.0646024 0.880973 -0.468736 -22.3109 -0.990339 0.114356 0.0784364 -0.440987 0.122703 0.45914 0.879849 -4.94405
0.223043 0.884989 -0.408714 -22.0118 -0.96285 0.265481 0.0494019 -3.25194 0.152226 0.382511 0.911325 -4.50033
0.277163 0.872685 -0.401998 -21.3377 -0.949151 0.313696 0.0265885 -5.97214 0.149309 0.374187 0.915254 -4.10861
0.40739 0.839069 -0.36055 -20.3972 -0.900415 0.435003 -0.00505368 -8.4611 0.1526 0.326703 0.932726 -3.82015
0.543798 0.740501 -0.394895 -19.123 -0.826021 0.555403 -0.0960069 -10.8183 0.148232 0.3784 0.913696 -3.55779
0.672126 0.656734 -0.341974 -17.5221 -0.739559 0.617919 -0.266887 -13.0049 0.0360389 0.432292 0.901013 -3.18247
0.689795 0.646745 -0.325429 -15.4435 -0.719826 0.660854 -0.212421 -15.0473 0.0776785 0.380779 0.921397 -3.2125
0.808265 0.510829 -0.292852 -13.3362 -0.580023 0.77638 -0.246591 -16.9366 0.101399 0.369171 0.923813 -2.78052
0.889844 0.404169 -0.211719 -10.9772 -0.452239 0.842791 -0.291862 -18.3945 0.0604735 0.35546 0.932733 -2.58182
0.944406 0.30894 -0.112489 -8.44852 -0.328352 0.868741 -0.370775 -19.5419 -0.0168229 0.387098 0.921885 -2.54505
0.980967 0.192671 -0.0241244 -5.78602 -0.189297 0.92124 -0.339828 -20.3578 -0.0432508 0.337927 0.940178 -2.57758
0.992338 0.12347 -0.00452538 -2.77765 -0.115307 0.912334 -0.392876 -20.7981 -0.0443797 0.390388 0.91958 -2.62245
0.998259 -0.0537746 0.0242417 -0.0367338 0.0589846 0.913034 -0.403596 -21.0142 -0.000430264 0.404323 0.914616 -2.74741
0.987238 -0.149199 0.0556944 2.8414 0.159255 0.924577 -0.346115 -20.7999 0.000146073 0.350567 0.936538 -2.78887
0.967367 -0.226969 0.112631 5.7344 0.249416 0.931294 -0.265486 -20.3513 -0.0446354 0.284915 0.957513 -2.76175
0.903573 -0.35208 0.244121 8.44436 0.405028 0.887732 -0.218825 -19.5344 -0.13967 0.296601 0.944733 -2.84298
0.802842 -0.425289 0.417821 11.0206 0.549465 0.79979 -0.24171 -18.2196 -0.231372 0.423633 0.875787 -3.06679
0.749392 -0.506084 0.426955 13.2973 0.627081 0.749471 -0.212281 -16.4224 -0.212558 0.426817 0.879003 -3.95047
0.693643 -0.557959 0.455567 15.4422 0.713939 0.616527 -0.331941 -14.6926 -0.0956598 0.555496 0.825999 -4.42088
0.648453 -0.59362 0.476574 17.3865 0.754986 0.581669 -0.30275 -12.5934 -0.0974895 0.556126 0.82536 -4.82953
0.480806 -0.753209 0.44889 19.0735 0.871216 0.468202 -0.147546 -10.192 -0.0990383 0.462021 0.881322 -5.30208
0.44753 -0.756709 0.476559 20.3801 0.890258 0.427407 -0.157365 -7.56773 -0.0846053 0.494686 0.864944 -5.65107
0.281918 -0.839185 0.465072 21.3841 0.953553 0.298679 -0.0390827 -4.86641 -0.10611 0.454489 0.88441 -5.90816
0.147604 -0.839924 0.522245 22.2779 0.983529 0.180346 0.012071 -2.13078 -0.104324 0.511861 0.85271 -6.18018
0.0101542 -0.813287 0.581775 22.6432 0.993275 0.0753082 0.0879399 0.77614 -0.115333 0.576969 0.808582 -6.45118
-0.131851 -0.826665 0.547029 22.4587 0.973441 -0.00378787 0.228906 3.69611 -0.187156 0.562682 0.805209 -6.75841
-0.340271 -0.804101 0.487481 21.998 0.924721 -0.19209 0.328621 6.29985 -0.170604 0.562604 0.808932 -7.34791
-0.380903 -0.797401 0.468043 20.9333 0.920756 -0.280926 0.27072 9.04451 -0.084387 0.534071 0.841217 -7.9939
-0.441418 -0.806861 0.392589 19.5964 0.891476 -0.344572 0.294179 11.7336 -0.102087 0.479839 0.871397 -8.29312
-0.580434 -0.736121 0.34817 18.2679 0.806193 -0.459267 0.372997 14.3249 -0.114668 0.497192 0.86003 -8.61596
-0.69237 -0.640096 0.333017 16.3648 0.715983 -0.552301 0.427005 16.6941 -0.0893986 0.53408 0.840694 -8.78625
-0.757009 -0.584809 0.291436 14.3489 0.652577 -0.654242 0.382245 18.8069 -0.0328712 0.479547 0.8769 -9.09476
-0.812099 -0.51306 0.277965 12.1862 0.583517 -0.712702 0.389312 20.5129 -0.00163463 0.478357 0.878164 -9.03759
-0.863472 -0.398788 0.308843 9.67162 0.49937 -0.762105 0.412099 22.1859 0.0710305 0.510063 0.857199 -9.00562
-0.90063 -0.305024 0.309557 7.042 0.414542 -0.816803 0.401233 23.6081 0.130461 0.489687 0.862083 -8.63454
-0.985499 -0.15595 0.0668684 4.32872 0.169671 -0.901419 0.398317 24.5926 -0.00184086 0.403886 0.914807 -8.4864
-0.998674 -0.0362301 0.0365769 1.2604 0.0504168 -0.832076 0.552365 25.0127 0.0104226 0.553477 0.8328 -8.57976
-0.999648 0.0130642 -0.0230921 -1.74396 -0.0232342 -0.851283 0.524193 25.0354 -0.0128097 0.524545 0.851287 -8.62034
-0.992166 0.12457 -0.00943836 -4.56951 -0.10948 -0.830605 0.545994 24.8175 0.0601752 0.54275 0.837736 -8.71994
-0.953909 0.288825 -0.0814756 -7.54412 -0.287669 -0.802735 0.522362 24.4009 0.0854681 0.521724 0.848822 -8.57443
-0.903377 0.40627 -0.137313 -10.3219 -0.415826 -0.75153 0.512143 23.4562 0.104874 0.519757 0.847853 -8.30716
-0.853553 0.492491 -0.169997 -13.0355 -0.507576 -0.712435 0.484565 22.3345 0.117532 0.499889 0.858078 -8.04901
-0.76969 0.567396 -0.292643 -15.6017 -0.63336 -0.621053 0.46168 20.7772 0.0802085 0.540699 0.837384 -7.70885
-0.653809 0.613602 -0.442749 -17.9326 -0.756472 -0.51704 0.400524 18.7649 0.0168434 0.596794 0.802218 -7.50333
-0.568679 0.654612 -0.498084 -19.9414 -0.822557 -0.454171 0.342242 16.4245 -0.00217959 0.604328 0.796732 -7.38152
-0.460531 0.723473 -0.514293 -21.6461 -0.887494 -0.364644 0.281762 13.8281 0.0163135 0.586192 0.810008 -7.43423
-0.400609 0.75974 -0.51216 -22.9568 -0.913675 -0.289373 0.285415 11.1047 0.0686354 0.582288 0.81008 -7.42836
-0.210127 0.773221 -0.598311 -23.9769 -0.975201 -0.122259 0.184491 8.20743 0.0695034 0.62224 0.779735 -7.42917
-0.160419 0.844192 -0.511475 -24.4544 -0.981273 -0.0804211 0.175031 5.10348 0.106626 0.529974 0.841284 -7.21795
-0.0716535 0.844992 -0.529957 -24.8566 -0.992633 -0.00836567 0.120871 2.04081 0.0977019 0.534714 0.839366 -6.9394
0.0323002 0.822077 -0.568459 -25.0202 -0.971428 0.159622 0.175639 -0.913843 0.235127 0.546544 0.803744 -6.63138
0.189559 0.819897 -0.540219 -24.7202 -0.957688 0.275745 0.0824547 -3.95531 0.216567 0.501731 0.837475 -5.85771
0.338737 0.815277 -0.46966 -24.0508 -0.929864 0.366243 -0.0348978 -6.86664 0.143559 0.448542 0.882157 -5.36868
0.44498 0.817297 -0.366085 -22.8767 -0.888061 0.455433 -0.0626774 -9.83328 0.115501 0.352996 0.928468 -4.96855
0.553918 0.732572 -0.395617 -21.3084 -0.826427 0.541411 -0.154569 -12.5145 0.100959 0.412567 0.905315 -4.80856
0.654617 0.646721 -0.391445 -19.4908 -0.753493 0.599998 -0.268795 -14.8817 0.0610311 0.470909 0.880068 -4.61039
0.706945 0.599947 -0.374556 -17.2463 -0.702771 0.655489 -0.276491 -17.1466 0.0796375 0.458691 0.88502 -4.37314
0.818036 0.493076 -0.296131 -14.7977 -0.570931 0.75849 -0.314214 -19.3457 0.0696812 0.426109 0.901984 -4.05184
0.887646 0.394304 -0.237928 -12.2157 -0.456595 0.820883 -0.343033 -20.9365 0.0600521 0.413128 0.908691 -3.87072
0.945867 0.302849 -0.116693 -9.40881 -0.323612 0.852693 -0.41011 -22.1464 -0.0246981 0.425673 0.90454 -3.83551
0.983232 0.18233 -0.00320868 -6.30319 -0.167413 0.895535 -0.412299 -23.1614 -0.0723011 0.405923 0.911043 -3.83213
0.993097 0.0731989 -0.0916522 -3.14253 -0.103959 0.911146 -0.398755 -23.5853 0.0543201 0.405531 0.912466 -3.95449
0.998524 0.022177 -0.0495811 0.101418 -0.0413343 0.902463 -0.42878 -23.7796 0.035236 0.430197 0.902047 -3.87173
0.985848 -0.165897 0.0241439 3.28323 0.158616 0.876405 -0.454703 -23.7738 0.054274 0.452098 0.890316 -3.86169
0.97601 -0.190424 0.105556 6.46553 0.216627 0.897934 -0.383127 -23.1958 -0.0218258 0.396803 0.917644 -3.86047
0.877969 -0.364686 0.310122 9.43021 0.458563 0.826668 -0.326099 -22.2759 -0.137444 0.428515 0.89302 -3.99192
0.792118 -0.451514 0.410712 12.2663 0.583932 0.75647 -0.294579 -20.7862 -0.177685 0.473169 0.862867 -4.54736
0.769956 -0.47848 0.422167 14.7557 0.617923 0.724149 -0.306235 -18.8127 -0.159185 0.496654 0.853226 -5.24407
0.669256 -0.574659 0.471024 17.0807 0.729901 0.627104 -0.272004 -16.6828 -0.139071 0.525841 0.839137 -5.9832
0.633776 -0.638124 0.43718 19.2252 0.764055 0.604578 -0.225179 -14.2636 -0.120617 0.476743 0.870728 -6.60063
0.491751 -0.715381 0.496399 21.3058 0.867544 0.451299 -0.209035 -11.6736 -0.074485 0.533441 0.842551 -6.95181
0.429444 -0.755107 0.49537 22.7301 0.89621 0.423931 -0.130728 -8.80398 -0.111288 0.500096 0.858789 -7.15432
0.297658 -0.81134 0.503118 24.0074 0.947347 0.316186 -0.050586 -5.82329 -0.118037 0.491685 0.862736 -7.41143
0.136878 -0.796779 0.588564 24.6812 0.979967 0.19569 0.0370144 -2.81511 -0.144668 0.571707 0.807603 -7.72579
0.0164881 -0.680949 0.732146 25.1047 0.996485 0.0713382 0.0439086 0.431314 -0.0821295 0.728848 0.679731 -8.24548
-0.131468 -0.771082 0.623015 24.9809 0.980855 -0.0101034 0.194475 3.74548 -0.143661 0.636655 0.757649 -8.65592
-0.294403 -0.761119 0.577949 24.3755 0.940901 -0.124895 0.314811 6.8232 -0.167425 0.636474 0.752907 -9.13349
-0.376833 -0.765692 0.521261 23.343 0.91701 -0.228963 0.3266 9.8813 -0.130726 0.601075 0.788428 -9.6093
-0.456359 -0.732235 0.505538 22.111 0.888427 -0.343469 0.30451 12.7299 -0.0493366 0.5881 0.807282 -10.0533
-0.584783 -0.697515 0.414127 20.4261 0.810295 -0.478298 0.338605 15.6731 -0.0381059 0.533576 0.844894 -10.2349
-0.654022 -0.672213 0.346965 18.4175 0.753696 -0.539752 0.37498 18.3138 -0.0647914 0.506751 0.859654 -10.3767
-0.753965 -0.582257 0.304161 16.195 0.655964 -0.6424 0.396276 20.6672 -0.0353418 0.498296 0.866286 -10.6179
-0.816886 -0.487102 0.308916 13.6708 0.575806 -0.720076 0.387217 22.6404 0.0338284 0.494188 0.868697 -10.6466
-0.857998 -0.372718 0.353442 10.9283 0.504593 -0.740269 0.444283 24.5114 0.0960494 0.559538 0.82322 -10.6559
-0.886994 -0.284397 0.363812 8.02361 0.447148 -0.725723 0.522862 26.0724 0.115326 0.626454 0.77088 -10.2303
-0.98946 -0.142416 0.0261864 4.95266 0.117663 -0.68535 0.718645 27.3145 -0.0843995 0.714152 0.694884 -9.9291
-0.999579 -0.00401622 0.0287416 1.45814 0.0224413 -0.734932 0.677769 27.5949 0.0184011 0.678129 0.734713 -10.3726
-0.99656 0.0503769 -0.0657987 -1.89306 -0.0799071 -0.794553 0.601914 27.4972 -0.021958 0.605101 0.795846 -10.3365
-0.985557 0.164173 0.0415408 -5.13521 -0.109062 -0.802978 0.585946 27.2264 0.129553 0.572952 0.809285 -10.3943
-0.959694 0.275876 -0.0536553 -8.42562 -0.263979 -0.819322 0.508947 26.8103 0.0964452 0.502597 0.859124 -10.1496
-0.920756 0.374826 -0.108231 -11.5153 -0.37371 -0.767706 0.520546 25.7445 0.112024 0.519743 0.846946 -9.97908
-0.869444 0.469437 -0.153937 -14.5355 -0.47945 -0.726627 0.492078 24.2548 0.119145 0.501639 0.856833 -9.7801
-0.778104 0.556198 -0.291886 -17.3943 -0.627028 -0.6602 0.413487 22.647 0.0372776 0.504757 0.862456 -9.56668
-0.673695 0.640982 -0.367802 -19.8973 -0.738586 -0.567141 0.364475 20.4242 0.0250262 0.517198 0.8555 -9.48237
-0.619006 0.64788 -0.443941 -22.0331 -0.785383 -0.508952 0.352338 17.7288 0.00232789 0.566762 0.823878 -9.46381
-0.488184 0.720409 -0.492634 -23.9397 -0.872741 -0.402551 0.276181 14.9603 0.00065309 0.564769 0.825249 -9.41538
-0.369477 0.769439 -0.521008 -25.2842 -0.929141 -0.314083 0.195061 11.8023 -0.0135528 0.556161 0.830964 -9.39204
-0.25467 0.772323 -0.581945 -26.394 -0.962666 -0.145385 0.228334 8.55431 0.0917418 0.618369 0.780515 -9.36474
-0.154792 0.816615 -0.55604 -27.0071 -0.979481 -0.0533276 0.194352 5.33313 0.129058 0.574715 0.808113 -9.12875
-0.0681772 0.818638 -0.570248 -27.424 -0.989216 0.0187956 0.145251 1.84091 0.129626 0.574002 0.808529 -8.54419
0.0071345 0.824405 -0.565956 -27.4949 -0.975097 0.131194 0.178813 -1.45436 0.221665 0.550586 0.80481 -8.19064
0.166233 0.80156 -0.574341 -27.1959 -0.963595 0.255733 0.07801 -4.83397 0.209408 0.540464 0.814891 -7.49112
0.305242 0.763952 -0.568511 -26.6273 -0.919589 0.391543 0.0324052 -8.00999 0.247353 0.512905 0.822037 -6.94712
0.500494 0.770522 -0.394717 -25.3263 -0.86352 0.476931 -0.163919 -11.2275 0.0619495 0.422887 0.904062 -6.17755
0.596572 0.690093 -0.409724 -23.6309 -0.801463 0.53894 -0.259229 -14.1894 0.0419246 0.483028 0.874601 -6.10284
0.672915 0.527821 -0.518257 -21.5635 -0.723776 0.614483 -0.313942 -16.7432 0.152755 0.586358 0.795519 -6.02929
0.708911 0.567648 -0.418594 -19.0461 -0.691434 0.676435 -0.25368 -19.2544 0.139151 0.469267 0.872024 -5.83422
0.817528 0.510926 -0.265711 -16.3256 -0.575447 0.742833 -0.342141 -21.6718 0.0225701 0.432612 0.901297 -5.33222
0.9089 0.346155 -0.232545 -13.5089 -0.414742 0.808478 -0.417557 -23.4871 0.043468 0.475963 0.87839 -5.31382
0.95406 0.271669 -0.126354 -10.2778 -0.299552 0.856192 -0.420956 -24.8277 -0.00617738 0.439467 0.898237 -5.12954
0.973605 0.216174 -0.0732207 -6.88029 -0.22621 0.87128 -0.435545 -25.8443 -0.0303578 0.440612 0.897184 -5.16247
0.993676 0.0887997 -0.0687211 -3.51818 -0.110195 0.888758 -0.444935 -26.4529 0.0215664 0.449694 0.892922 -5.24881
0.999881 0.00804266 -0.0132012 -0.00643132 -0.0128968 0.904836 -0.425565 -26.5845 0.00852228 0.425684 0.904832 -5.23829
0.985533 -0.129712 0.109086 3.59382 0.164003 0.892231 -0.420746 -26.5085 -0.0427543 0.43255 0.900596 -5.27949
0.967162 -0.231413 0.1051 7.00305 0.254106 0.889061 -0.38079 -25.8353 -0.00532002 0.394992 0.918669 -5.23306
0.873131 -0.35226 0.33698 10.5034 0.460934 0.821586 -0.335464 -24.7279 -0.158688 0.448229 0.879721 -5.34057
0.815489 -0.384471 0.432619 13.5627 0.548227 0.752752 -0.364434 -23.0485 -0.185541 0.534365 0.824638 -5.95097
0.712255 -0.468412 0.522766 16.1919 0.655165 0.710918 -0.255644 -20.9984 -0.251897 0.524581 0.813242 -6.70448
0.740321 -0.49711 0.452555 18.7607 0.657532 0.675564 -0.333564 -18.5199 -0.139912 0.544514 0.827 -7.62551
0.646057 -0.587928 0.486777 21.1987 0.754493 0.588434 -0.290664 -16.1264 -0.115547 0.555055 0.823749 -8.11462
0.512875 -0.667792 0.539456 23.3245 0.849226 0.486603 -0.205017 -13.0701 -0.125592 0.563269 0.816673 -8.70605
0.439592 -0.735586 0.515434 24.9661 0.897945 0.373498 -0.232795 -9.99393 -0.0212727 0.565167 0.824702 -9.02615
0.256643 -0.784026 0.565188 26.4756 0.954967 0.295793 -0.0233124 -6.81398 -0.148901 0.545719 0.824633 -8.96381
0.0764811 -0.79196 0.605764 27.1511 0.973157 0.191554 0.127566 -3.38872 -0.217063 0.579747 0.785351 -9.70214
0.0530704 -0.805654 0.590004 27.2758 0.9943 0.0973473 0.0434919 0.193432 -0.0924747 0.584333 0.806228 -10.4969
-0.0744822 -0.740378 0.668052 27.1799 0.992527 0.00989542 0.121625 3.69746 -0.0966593 0.672118 0.734108 -10.8555
-0.246676 -0.726595 0.641258 26.6918 0.968173 -0.155872 0.195817 7.20296 -0.0423256 0.669152 0.741919 -11.2177
-0.329778 -0.713828 0.617815 25.5706 0.943066 -0.219096 0.250246 10.48 -0.0432722 0.665166 0.74544 -11.4676
-0.426062 -0.677488 0.599568 24.1844 0.90468 -0.322683 0.278262 13.8055 0.00495112 0.660974 0.750393 -11.7266
-0.547294 -0.70658 0.448568 22.468 0.836056 -0.436936 0.331808 17.0246 -0.0384533 0.556624 0.829874 -11.8891
-0.621596 -0.653796 0.431473 20.3996 0.780911 -0.47387 0.40697 19.9295 -0.0616135 0.589913 0.805113 -11.9897
-0.802017 -0.485313 0.348196 18.0565 0.595337 -0.602262 0.531841 22.5843 -0.0484038 0.633839 0.771949 -12.2068
-0.830749 -0.45331 0.323056 15.2075 0.55654 -0.665043 0.497977 24.7045 -0.0108919 0.593488 0.804769 -12.425
-0.892344 -0.340237 0.29658 12.0957 0.450464 -0.712602 0.537849 26.7401 0.0283474 0.613545 0.789151 -12.3695
-0.926091 -0.272027 0.261452 8.67893 0.376857 -0.700512 0.606022 28.2025 0.0182961 0.659761 0.751252 -12.3452
-0.975493 -0.180017 0.126517 5.31456 0.218211 -0.71777 0.661203 29.3319 -0.0282177 0.672607 0.739462 -12.2501
-0.999109 -0.0279341 0.031634 1.73409 0.0420542 -0.721724 0.690902 29.9172 0.00353129 0.691617 0.722256 -12.5228
-0.998525 0.0497876 0.0216443 -1.95465 -0.0232957 -0.753064 0.657535 29.857 0.0490367 0.656061 0.753113 -12.4547
-0.983974 0.17581 0.0297793 -5.64692 -0.125175 -0.79998 0.586825 29.6333 0.126992 0.573692 0.809166 -12.2694
-0.96049 0.264786 -0.0857145 -9.17725 -0.271262 -0.821766 0.501116 29.2744 0.0622509 0.504568 0.861125 -11.8794
-0.925308 0.355047 -0.133215 -12.6804 -0.371515 -0.778305 0.506181 28.0893 0.0760356 0.517865 0.852077 -11.6314
-0.873763 0.440113 -0.206973 -15.9788 -0.472489 -0.667273 0.575761 26.5349 0.115292 0.600872 0.790987 -11.4561
-0.816061 0.494337 -0.299458 -19.1004 -0.574081 -0.633318 0.518979 24.4648 0.0668982 0.595432 0.800616 -11.1982
-0.650279 0.613793 -0.447655 -21.8813 -0.759398 -0.50871 0.405621 22.1559 0.0212404 0.603715 0.796917 -11.0362
-0.57283 0.640062 -0.512042 -24.0775 -0.819595 -0.438576 0.368667 19.275 0.0114009 0.63085 0.775821 -11.1907
-0.428676 0.737457 -0.521913 -26.1747 -0.903385 -0.342528 0.258013 16.0995 0.0115038 0.582093 0.813041 -11.1557
-0.35238 0.785901 -0.508123 -27.4764 -0.935718 -0.286498 0.205794 12.6363 0.0161573 0.547977 0.836337 -11.0982
-0.28474 0.77186 -0.568468 -28.5964 -0.957576 -0.201556 0.20597 9.07832 0.0444023 0.602999 0.796505 -11.2352
-0.170549 0.784657 -0.596009 -29.373 -0.978558 -0.0639814 0.195783 5.5545 0.115489 0.61662 0.778744 -10.9727
-0.117802 0.778459 -0.616542 -29.7185 -0.981141 0.00457194 0.193238 1.78997 0.153247 0.627679 0.76324 -10.423
0.043812 0.778792 -0.625751 -29.9341 -0.985618 0.136018 0.100276 -1.81147 0.163208 0.612358 0.773551 -9.85378
0.13028 0.736786 -0.663456 -29.5042 -0.967677 0.240228 0.0767614 -5.52417 0.215938 0.63201 0.744268 -9.21992
0.262187 0.656525 -0.707271 -28.9654 -0.940741 0.337243 -0.0356876 -9.11682 0.215093 0.674716 0.706041 -8.43576
0.52343 0.629828 -0.57388 -27.7413 -0.85186 0.401722 -0.336087 -12.6546 0.0188627 0.664783 0.746798 -7.67853
0.611914 0.619501 -0.491711 -25.6181 -0.790736 0.492747 -0.363231 -15.7205 0.0172671 0.61108 0.79138 -7.66669
0.623457 0.572872 -0.532089 -23.1409 -0.76383 0.591576 -0.258074 -18.7028 0.166928 0.567324 0.806399 -7.85124
0.723213 0.438682 -0.533405 -20.6824 -0.654854 0.680934 -0.327865 -21.4183 0.219385 0.586418 0.779733 -7.37689
0.810223 0.459992 -0.363245 -17.8462 -0.585222 0.669229 -0.457873 -23.8354 0.0324764 0.583558 0.811422 -6.73958
0.890639 0.365104 -0.271036 -14.5781 -0.453786 0.751667 -0.478619 -25.8332 0.0289829 0.549269 0.835143 -6.66777
0.928627 0.28012 -0.243278 -11.1135 -0.365008 0.807287 -0.463743 -27.4018 0.066491 0.519443 0.851914 -6.53933
0.978851 0.180946 -0.0954403 -7.55285 -0.204523 0.855217 -0.476209 -28.4838 -0.00454589 0.485657 0.874137 -6.47175
0.994915 0.0772116 -0.0646781 -3.72261 -0.0991188 0.864655 -0.492492 -29.0255 0.0178981 0.496398 0.867911 -6.61395
0.998984 -0.00185806 -0.0450289 0.0793372 -0.0200491 0.87651 -0.480966 -29.2958 0.040362 0.48138 0.875582 -6.58714
0.988166 -0.132153 0.0778683 3.97555 0.153274 0.870296 -0.468073 -29.1604 -0.0059115 0.474469 0.880253 -6.5736
0.948065 -0.23418 0.215248 7.75936 0.313494 0.802394 -0.507825 -28.5806 -0.053791 0.54893 0.834136 -6.4487
0.893821 -0.249054 0.372902 11.3693 0.418423 0.762272 -0.493826 -27.2976 -0.161263 0.597423 0.785545 -6.76042
0.818582 -0.338788 0.463838 14.7646 0.529392 0.758316 -0.380397 -25.3186 -0.222861 0.556938 0.800096 -7.55328
0.741298 -0.455324 0.493109 17.7133 0.644397 0.688288 -0.333184 -23.155 -0.187695 0.564747 0.803637 -8.44888
0.717137 -0.522681 0.460998 20.3929 0.690353 0.623437 -0.367069 -20.5014 -0.095543 0.58149 0.807924 -9.40525
0.577264 -0.611552 0.541083 22.9692 0.810346 0.510622 -0.287409 -17.8022 -0.100523 0.604375 0.790333 -9.96923
0.545779 -0.581317 0.603486 25.1867 0.830245 0.472479 -0.295731 -14.5753 -0.113221 0.662445 0.740505 -10.4572
0.461596 -0.6215 0.632983 27.2389 0.887055 0.31704 -0.335586 -11.1817 0.00788569 0.716396 0.697649 -10.7658
0.170014 -0.626956 0.760277 28.9342 0.968223 0.249869 -0.0104627 -7.70791 -0.18341 0.737896 0.649515 -10.7999
0.0770283 -0.738862 0.66944 29.5287 0.977925 0.186798 0.0936457 -3.98317 -0.194241 0.647448 0.73694 -11.6011
-0.0346134 -0.766162 0.641714 29.7457 0.99717 0.0164026 0.0733699 -0.0842954 -0.066739 0.642438 0.763426 -12.442
-0.11932 -0.732256 0.670495 29.4627 0.988531 -0.024655 0.148991 3.76534 -0.0925683 0.680583 0.7268 -12.9401
-0.229712 -0.730496 0.643123 28.8486 0.971435 -0.131664 0.197428 7.55465 -0.0595444 0.670105 0.739875 -13.3964
-0.348934 -0.692944 0.63093 27.713 0.935889 -0.222777 0.272916 11.144 -0.0485585 0.68571 0.726253 -13.6739
-0.397718 -0.625168 0.671555 26.3429 0.916157 -0.310293 0.25372 14.7871 0.0497616 0.716159 0.696161 -13.8541
-0.559316 -0.572457 0.599549 24.71 0.827777 -0.347159 0.440757 18.2821 -0.0441757 0.742815 0.668038 -13.7202
-0.651203 -0.553271 0.519448 22.3521 0.757831 -0.437709 0.483841 21.3986 -0.0403278 0.708733 0.704323 -14.0017
-0.756503 -0.496737 0.425389 19.5493 0.653922 -0.583902 0.481087 24.2163 0.00941168 0.642115 0.766551 -14.2758
-0.809903 -0.447491 0.379222 16.4548 0.585746 -0.651141 0.482614 26.6872 0.0309612 0.612998 0.789477 -14.3094
-0.928952 -0.310714 0.201257 13.2157 0.369613 -0.747878 0.55142 28.9031 -0.0208179 0.58663 0.809587 -14.1762
-0.93528 -0.286549 0.207705 9.52811 0.3536 -0.732045 0.582304 30.1521 -0.0148091 0.618061 0.785991 -14.2488
-0.985951 -0.143582 0.0853493 5.81407 0.165428 -0.768692 0.617856 31.4154 -0.0231058 0.623295 0.781645 -14.304
-0.997021 -0.0726074 0.0260301 1.86519 0.0721867 -0.759455 0.646543 31.9918 -0.0271751 0.646495 0.762434 -14.5818
-0.99365 0.0488918 0.101333 -2.13131 0.0274625 -0.768011 0.639848 32.0787 0.109108 0.638568 0.761791 -14.5354
-0.99114 0.109774 0.0747727 -6.12154 -0.0524138 -0.84053 0.539224 32.0816 0.122042 0.530527 0.838837 -14.046
-0.95937 0.239539 -0.149096 -9.99973 -0.282072 -0.801843 0.526767 31.7029 0.00663025 0.547421 0.836831 -13.5076
-0.920687 0.361816 -0.146371 -13.6502 -0.378342 -0.735216 0.562418 30.3933 0.0958779 0.573189 0.813794 -13.4677
-0.854195 0.398979 -0.333415 -17.2663 -0.519923 -0.662163 0.539648 28.6413 -0.00546684 0.634316 0.773055 -13.1325
-0.788394 0.455125 -0.413879 -20.5729 -0.615144 -0.577041 0.537235 26.5044 0.00568382 0.678148 0.734904 -13.0351
-0.672581 0.499 -0.546473 -23.5988 -0.739018 -0.491375 0.460871 23.7441 -0.0385487 0.713827 0.699261 -13.007
-0.557096 0.615714 -0.557262 -26.1972 -0.830175 -0.395721 0.3927 20.6897 0.0212704 0.681397 0.731605 -13.1192
-0.448835 0.65386 -0.609109 -28.4056 -0.89359 -0.32339 0.311312 17.1958 0.00657497 0.684022 0.729432 -12.9957
-0.302759 0.692469 -0.654846 -29.9519 -0.949566 -0.278003 0.145044 13.4225 -0.0816112 0.665734 0.741713 -12.9237
-0.248796 0.687982 -0.681749 -31.021 -0.968224 -0.158226 0.193669 9.5611 0.0253699 0.708269 0.705486 -13.1396
-0.141001 0.726568 -0.672471 -31.7311 -0.982081 -0.0168581 0.187704 5.66422 0.125043 0.686888 0.715926 -12.8932
-0.0876423 0.750848 -0.654635 -32.1069 -0.976697 0.0644755 0.204711 1.67742 0.195915 0.657321 0.7277 -12.4574
0.0889877 0.803324 -0.588856 -32.2901 -0.983271 0.165185 0.0767561 -2.12153 0.15893 0.572175 0.804585 -11.7422
0.147393 0.73834 -0.658126 -31.6424 -0.966945 0.247541 0.0611561 -6.21439 0.208067 0.627358 0.75042 -11.3158
0.314602 0.636966 -0.703776 -30.9958 -0.921706 0.382218 -0.0660881 -10.1052 0.2269 0.669466 0.707342 -10.7068
0.51705 0.664758 -0.539218 -29.6319 -0.85536 0.424771 -0.29653 -13.847 0.0319232 0.614546 0.788235 -9.83998
0.613239 0.61574 -0.494776 -27.3933 -0.78902 0.507021 -0.346954 -17.2336 0.0372282 0.603154 0.796756 -9.69131
0.694245 0.551647 -0.462287 -24.8236 -0.718122 0.573943 -0.393562 -20.4237 0.0482199 0.605207 0.794607 -9.38246
0.716034 0.442114 -0.540213 -22.0339 -0.683815 0.599807 -0.415487 -23.3315 0.140331 0.666908 0.731806 -9.26509
0.838413 0.349871 -0.417917 -19.0667 -0.541223 0.624967 -0.562577 -26.032 0.064355 0.697858 0.713339 -8.67647
0.878606 0.3586 -0.315369 -15.5382 -0.476886 0.693598 -0.539908 -28.1323 0.0251286 0.624762 0.780411 -8.41628
0.948528 0.238334 -0.208545 -12.0299 -0.313639 0.798182 -0.514331 -29.9464 0.0438745 0.553265 0.831849 -8.27215
0.986986 0.119331 -0.107789 -8.14505 -0.157731 0.848858 -0.50454 -31.0176 0.0312899 0.514976 0.856633 -8.1029
0.989857 0.11484 -0.0836308 -3.94984 -0.142064 0.802236 -0.579858 -31.5917 0.000500547 0.585857 0.810414 -8.2999
0.99968 0.0145281 -0.0206947 0.205573 -0.0235979 0.830024 -0.557229 -31.9291 0.00908163 0.557539 0.830101 -8.10065
0.985917 -0.11877 0.117737 4.29606 0.165792 0.786493 -0.59493 -31.9459 -0.02194 0.606072 0.795107 -8.00755
0.946247 -0.139794 0.291676 8.42447 0.296289 0.736324 -0.608309 -31.0791 -0.12973 0.662031 0.738163 -8.228
0.863052 -0.261387 0.432225 12.1672 0.466031 0.742097 -0.481774 -29.6602 -0.194824 0.617227 0.762283 -8.70854
0.847114 -0.300316 0.438415 15.7861 0.491353 0.756879 -0.430936 -27.5453 -0.20241 0.580469 0.788725 -9.34052
0.733786 -0.448815 0.510024 19.0736 0.659472 0.650958 -0.375966 -25.3367 -0.163265 0.612224 0.773644 -10.2267
0.698829 -0.489788 0.521292 21.9953 0.700475 0.616158 -0.360116 -22.3578 -0.144818 0.616812 0.773674 -11.2077
0.621239 -0.535972 0.571662 24.8386 0.769712 0.554204 -0.316861 -19.4191 -0.146989 0.636861 0.756837 -11.9007
0.524814 -0.571942 0.630439 27.0996 0.844175 0.444777 -0.299234 -16.0266 -0.10926 0.689243 0.716244 -12.536
0.403537 -0.601199 0.689722 29.06 0.911818 0.326692 -0.248717 -12.259 -0.0757988 0.729268 0.680017 -12.9879
0.285156 -0.621709 0.729495 30.6568 0.954102 0.256792 -0.154103 -8.42764 -0.0915212 0.739956 0.6664 -13.1987
0.131575 -0.658158 0.741293 31.6737 0.976299 0.21566 0.018187 -4.44424 -0.171837 0.721331 0.670935 -13.6694
-0.0401063 -0.710486 0.702567 32.0648 0.987654 0.0783727 0.135637 -0.267626 -0.15143 0.699333 0.698571 -14.4633
-0.0930898 -0.610764 0.786321 31.742 0.991374 0.0163224 0.130043 3.8357 -0.0922606 0.791644 0.603976 -15.0864
-0.221046 -0.668082 0.710496 31.0664 0.973214 -0.103897 0.205087 7.94251 -0.0631969 0.736798 0.673153 -15.6449
-0.346852 -0.636301 0.689068 29.8896 0.937918 -0.233715 0.256297 11.7753 -0.00203705 0.735186 0.677862 -15.8817
-0.426375 -0.647793 0.631323 28.2497 0.904204 -0.324441 0.277765 15.7221 0.0248933 0.689277 0.724071 -15.9988
-0.549755 -0.600834 0.580317 26.3217 0.834817 -0.370941 0.406797 19.3732 -0.0291547 0.708097 0.705513 -16.0534
-0.603138 -0.533919 0.592583 23.7584 0.795184 -0.460704 0.394253 22.6394 0.0625065 0.709001 0.702431 -16.2417
-0.736188 -0.504347 0.451289 20.9094 0.6765 -0.567491 0.469363 25.9367 0.0193801 0.650836 0.758971 -16.1341
-0.801466 -0.445394 0.399095 17.6642 0.596657 -0.640884 0.482978 28.7071 0.0406579 0.625213 0.779394 -16.1366
-0.903339 -0.332852 0.270531 14.1944 0.428833 -0.687703 0.585805 30.9669 -0.00894119 0.645193 0.763967 -16.0238
-0.946973 -0.226766 0.22764 10.2966 0.320613 -0.71364 0.622836 32.5307 0.0212148 0.662793 0.748502 -16.2325
-0.986367 -0.137275 0.0907487 6.22429 0.163939 -0.771893 0.614252 33.7461 -0.0142732 0.620755 0.783874 -16.2862
-0.995737 -0.0343169 0.0856132 2.25045 0.0811155 -0.767639 0.635728 34.195 0.0439038 0.639963 0.767151 -16.5246
-0.980761 0.0534263 0.187761 -2.06954 0.0732733 -0.790747 0.607742 34.4289 0.180941 0.609808 0.771618 -16.4527
-0.988085 0.147845 0.0427868 -6.45984 -0.0880715 -0.771101 0.630592 34.5985 0.126223 0.61931 0.774934 -15.7625
-0.968421 0.200183 -0.148622 -10.5015 -0.24811 -0.715058 0.653555 33.9945 0.024557 0.669791 0.742144 -15.2538
-0.913315 0.34954 -0.208991 -14.6842 -0.399547 -0.669689 0.626003 32.6471 0.0788543 0.655239 0.751295 -15.2963
-0.831685 0.37279 -0.411494 -18.5988 -0.554993 -0.580527 0.595794 30.6959 -0.016777 0.72389 0.689712 -15.0353
-0.747474 0.462751 -0.476597 -21.9708 -0.662946 -0.56528 0.490878 28.0687 -0.042256 0.682876 0.729311 -15.1937
-0.67058 0.528448 -0.520639 -25.1045 -0.741715 -0.490325 0.457647 25.1751 -0.0134394 0.693054 0.72076 -15.4712
-0.587328 0.573105 -0.571486 -27.945 -0.80694 -0.360214 0.468074 21.6594 0.0623981 0.736068 0.674025 -15.4953
-0.485616 0.591151 -0.643985 -30.2217 -0.874052 -0.340532 0.346512 18.1066 -0.0144569 0.731149 0.682065 -15.1308
-0.32028 0.68375 -0.655673 -31.999 -0.94695 -0.250499 0.201336 14.1826 -0.0265814 0.685373 0.727707 -15.1088
-0.233278 0.664208 -0.710218 -33.0647 -0.96886 -0.0964047 0.228072 10.0329 0.0830186 0.741306 0.666013 -15.3251
-0.190018 0.657126 -0.729437 -33.8107 -0.974324 -0.0348222 0.222441 5.80797 0.120771 0.752976 0.646871 -15.0175
-0.119407 0.678763 -0.724585 -34.3961 -0.976081 0.0532937 0.210775 1.48315 0.181682 0.732421 0.656164 -14.4775
0.15734 0.678289 -0.717752 -34.7845 -0.984953 0.160407 -0.0643257 -2.72036 0.0715008 0.717073 0.693321 -13.6584
0.230105 0.700027 -0.676029 -33.8496 -0.960366 0.275643 -0.0414587 -6.93511 0.15732 0.658774 0.735708 -13.4198
0.326578 0.693355 -0.642343 -32.8288 -0.926383 0.369635 -0.0719999 -11.1264 0.187511 0.61857 0.763028 -12.751
0.448578 0.719525 -0.530153 -31.3081 -0.890001 0.413852 -0.191374 -15.1064 0.0817066 0.557683 0.826023 -11.9456
0.578086 0.637827 -0.508914 -29.1586 -0.813223 0.501539 -0.295172 -18.7029 0.0669716 0.584496 0.808628 -11.697
0.595462 0.601946 -0.532059 -26.3148 -0.800852 0.497288 -0.333678 -22.0629 0.0637306 0.624792 0.778186 -11.4257
0.743949 0.493942 -0.450068 -23.5153 -0.663502 0.626046 -0.409672 -25.1931 0.0794089 0.603396 0.793478 -11.2583
0.810363 0.364986 -0.458363 -20.1616 -0.570827 0.668241 -0.477085 -27.9594 0.132167 0.648258 0.749862 -10.9236
0.861064 0.356107 -0.362983 -16.493 -0.501789 0.710623 -0.493176 -30.2704 0.0823206 0.606797 0.790582 -10.4817
0.936367 0.302182 -0.178612 -12.7357 -0.349172 0.749669 -0.562206 -32.3497 -0.0359887 0.588797 0.807479 -10.091
0.987262 0.136317 -0.0820428 -8.59052 -0.158014 0.779921 -0.605603 -33.5569 -0.0185668 0.610853 0.791527 -9.95145
0.998094 0.0223767 -0.0575132 -4.26265 -0.0547041 0.752166 -0.656699 -34.151 0.0285647 0.658593 0.751957 -10.1036
0.998509 0.0350364 -0.0418698 0.16983 -0.053615 0.773957 -0.630965 -34.3897 0.0102987 0.632269 0.774681 -9.99399
0.986067 -0.0886424 0.140766 4.61838 0.15762 0.768398 -0.620258 -34.1651 -0.0531832 0.633803 0.771664 -10.0335
0.952524 -0.170946 0.251943 8.99241 0.293027 0.73939 -0.606166 -33.3236 -0.0826627 0.651214 0.754379 -10.3655
0.900195 -0.244381 0.360454 12.9551 0.414801 0.733234 -0.538802 -31.7015 -0.132624 0.634543 0.761424 -10.7081
0.826295 -0.328689 0.457385 16.7301 0.539119 0.696647 -0.473323 -29.7411 -0.163059 0.637689 0.752838 -11.3474
0.744664 -0.383758 0.546082 20.4358 0.644105 0.627642 -0.437258 -27.2421 -0.174943 0.677344 0.714563 -12.1861
0.695947 -0.417594 0.584185 23.4314 0.699693 0.577323 -0.420864 -24.2867 -0.161513 0.70165 0.693975 -13.0787
0.57456 -0.536862 0.617787 26.3817 0.803658 0.512974 -0.301647 -20.963 -0.154965 0.669804 0.726188 -13.9074
0.557747 -0.482884 0.675087 28.6139 0.811732 0.487095 -0.322226 -17.2573 -0.173233 0.72771 0.663648 -14.7266
0.428151 -0.540409 0.724324 30.823 0.900518 0.322406 -0.291756 -13.3738 -0.0758591 0.777182 0.624686 -15.366
0.319148 -0.534485 0.782605 32.5251 0.943141 0.260071 -0.206998 -9.22665 -0.0928952 0.80417 0.587096 -15.6679
0.119552 -0.571239 0.81203 33.7633 0.980439 0.196735 -0.00594837 -4.97041 -0.156357 0.796857 0.583585 -16.048
-0.0396519 -0.558925 0.828269 33.9962 0.991979 0.0775492 0.0998203 -0.662411 -0.120024 0.825584 0.551367 -16.8243
-0.0802266 -0.586733 0.805796 33.6714 0.991031 0.0397241 0.127594 3.7717 -0.106873 0.808805 0.578284 -17.4596
-0.179994 -0.604027 0.776372 33.043 0.982589 -0.0734497 0.170659 8.24028 -0.0460582 0.793572 0.606731 -17.9072
-0.347256 -0.573694 0.741814 31.8573 0.937702 -0.202863 0.282067 12.4745 -0.0113338 0.79355 0.608399 -18.1049
-0.427648 -0.605299 0.671364 30.1351 0.903704 -0.269143 0.332987 16.5153 -0.0208634 0.749116 0.66211 -18.1476
-0.578809 -0.575144 0.578091 28.0931 0.814893 -0.381443 0.436407 20.4544 -0.030488 0.723679 0.689463 -18.3211
-0.596346 -0.583065 0.551731 25.2732 0.802062 -0.460775 0.379977 24.0831 0.0326722 0.66912 0.742436 -18.4013
-0.719846 -0.536128 0.440895 22.2939 0.693287 -0.523941 0.494812 27.6244 -0.0342797 0.661855 0.748847 -18.1936
-0.794428 -0.452758 0.404839 18.8558 0.606931 -0.566764 0.557148 30.6158 -0.0228049 0.688323 0.725046 -18.216
-0.888407 -0.362931 0.281095 15.1271 0.454001 -0.604015 0.655018 32.994 -0.0679402 0.70954 0.701382 -18.2677
-0.946324 -0.197389 0.255948 11.0564 0.322113 -0.641438 0.696276 34.7113 0.0267372 0.741347 0.670589 -18.4899
-0.990473 -0.13111 0.0421149 6.65659 0.118784 -0.658696 0.742973 35.9753 -0.0696704 0.740898 0.667995 -18.3733
-0.989792 -0.0992833 0.102245 2.25652 0.14249 -0.703424 0.696341 36.3917 0.00278673 0.703802 0.710391 -18.5785
-0.989376 0.0849223 0.118 -2.20217 0.0167294 -0.739762 0.67266 36.8622 0.144416 0.667488 0.730482 -18.3317
-0.993156 0.115991 -0.0136581 -6.74772 -0.093357 -0.718154 0.689594 36.9008 0.0701781 0.68615 0.724068 -17.6626
-0.957552 0.212669 -0.194591 -11.28 -0.287218 -0.646557 0.706731 36.1894 0.0244856 0.732622 0.680195 -17.4609
-0.892596 0.305083 -0.331958 -15.6501 -0.450848 -0.608681 0.652873 34.654 -0.00287592 0.732415 0.680853 -17.4894
-0.836522 0.344408 -0.426163 -19.6973 -0.547709 -0.547871 0.632339 32.4748 -0.0156999 0.762379 0.646941 -17.4051
-0.774834 0.413475 -0.478196 -23.3933 -0.631807 -0.481043 0.607797 29.7468 0.0212761 0.773069 0.633965 -17.3904
-0.656445 0.462891 -0.595661 -26.7533 -0.753526 -0.439778 0.488666 26.5993 -0.03576 0.769628 0.63749 -17.4462
-0.594874 0.563499 -0.573231 -29.7207 -0.803131 -0.387171 0.452857 22.9263 0.0332466 0.729772 0.682882 -17.6404
-0.507594 0.550731 -0.662604 -32.0884 -0.861596 -0.325012 0.389897 19.1072 -0.000625725 0.768806 0.639481 -17.4644
-0.249407 0.521497 -0.815988 -34.0606 -0.967831 -0.16307 0.191601 14.9657 -0.0331439 0.837526 0.545392 -17.4328
-0.2527 0.557154 -0.791026 -34.8957 -0.966148 -0.101391 0.23723 10.3437 0.0519705 0.824196 0.563915 -17.6417
-0.188006 0.570233 -0.79968 -35.7661 -0.975578 -0.0142649 0.219188 5.84026 0.113581 0.821359 0.558989 -17.3221
-0.0918695 0.598302 -0.795987 -36.2662 -0.981804 0.0789883 0.172687 1.31052 0.166193 0.797368 0.580159 -16.7701
0.078612 0.618027 -0.782216 -36.5378 -0.989789 0.141973 0.0127 -3.24811 0.118903 0.773231 0.622878 -15.8392
0.166601 0.732253 -0.66034 -35.8617 -0.96916 0.244937 0.0270966 -7.73242 0.181583 0.635461 0.750478 -15.385
0.245955 0.714734 -0.654722 -34.983 -0.95178 0.305868 -0.0236451 -12.1021 0.183358 0.628967 0.7555 -14.5359
0.472669 0.680301 -0.560156 -33.6015 -0.87927 0.406556 -0.248186 -16.3397 0.0588934 0.609838 0.790335 -13.8238
0.620049 0.589387 -0.517844 -31.1335 -0.781874 0.518801 -0.345714 -20.2291 0.0648989 0.619248 0.782508 -13.5899
0.682489 0.515755 -0.517886 -28.2028 -0.727446 0.548089 -0.412821 -23.698 0.0709339 0.65848 0.749248 -13.2739
0.733891 0.52002 -0.437016 -24.9538 -0.678645 0.58884 -0.438986 -26.9793 0.0290509 0.618747 0.785053 -13.0485
0.785166 0.417734 -0.45718 -21.2905 -0.605137 0.674426 -0.423034 -29.8317 0.131618 0.608809 0.782323 -12.894
0.828747 0.361184 -0.427462 -17.5047 -0.550047 0.666424 -0.503316 -32.4963 0.103081 0.652246 0.750965 -12.4457
0.929352 0.276093 -0.245109 -13.5973 -0.369167 0.70317 -0.607674 -34.5834 0.00457858 0.655229 0.755416 -12.0251
0.984299 0.146306 -0.0987454 -9.20241 -0.174916 0.733449 -0.656854 -35.9096 -0.0236772 0.663812 0.747524 -12.0053
0.989085 0.0357416 -0.142945 -4.45648 -0.116336 0.784791 -0.608744 -36.4628 0.090424 0.618729 0.780383 -12.2414
0.999554 -0.0294101 -0.00511314 0.20648 0.0216989 0.833467 -0.552143 -36.8868 0.0205002 0.551786 0.833734 -12.0148
0.989474 -0.063522 0.130023 4.83969 0.131595 0.768751 -0.625863 -36.5073 -0.0601995 0.636386 0.769018 -11.9777
0.962447 -0.17252 0.2096 9.37048 0.267943 0.727736 -0.631353 -35.4596 -0.0436127 0.663805 0.746633 -12.3317
0.911719 -0.218568 0.347845 13.6883 0.39448 0.702164 -0.592749 -33.8626 -0.114688 0.677639 0.726397 -12.6299
0.835347 -0.30412 0.457937 17.7934 0.531035 0.661782 -0.529194 -31.8335 -0.142116 0.685241 0.714316 -13.3799
0.712332 -0.396517 0.5791 21.5466 0.669161 0.632555 -0.389996 -29.1794 -0.211673 0.665318 0.715923 -14.3355
0.716437 -0.402629 0.569744 24.6386 0.683423 0.569132 -0.457189 -25.9776 -0.140182 0.716923 0.682913 -15.2721
0.533646 -0.414003 0.737444 27.9658 0.822143 0.458368 -0.337609 -22.4209 -0.19825 0.786448 0.584975 -16.0174
0.488776 -0.475743 0.731277 30.1407 0.862509 0.38944 -0.323134 -18.5256 -0.131059 0.788673 0.600682 -16.9692
0.434462 -0.470648 0.767941 32.3022 0.894119 0.328172 -0.304721 -14.3642 -0.1086 0.81902 0.563394 -17.7019
0.299645 -0.466296 0.832335 34.1075 0.952352 0.198234 -0.231796 -10.1592 -0.0569116 0.862132 0.503478 -18.3264
0.0767938 -0.386413 0.919123 35.4174 0.982856 0.184315 -0.00462991 -5.63953 -0.167619 0.903722 0.393943 -18.5405
0.00829349 -0.511524 0.859229 35.5919 0.990014 0.125122 0.0649329 -0.887379 -0.140723 0.850111 0.507453 -19.3222
-0.11552 -0.551069 0.826425 35.4591 0.992495 -0.0304353 0.118439 3.76056 -0.0401153 0.833904 0.550449 -19.9944
-0.197183 -0.548834 0.812343 34.6343 0.979819 -0.0826349 0.182005 8.43702 -0.0327628 0.831837 0.554052 -20.3628
-0.348406 -0.568227 0.745473 33.6091 0.937335 -0.214658 0.274455 12.9399 0.00406957 0.79438 0.607408 -20.4327
-0.399831 -0.566263 0.720751 31.8463 0.916075 -0.220543 0.334914 17.3665 -0.0306926 0.794171 0.606919 -20.5114
-0.517502 -0.495126 0.697884 29.788 0.855386 -0.320786 0.406708 21.573 0.0224997 0.807432 0.589531 -20.6493
-0.617357 -0.472334 0.629104 27.0514 0.785308 -0.417282 0.457348 25.5012 0.0464925 0.776387 0.628539 -20.4317
-0.677501 -0.480468 0.556905 23.792 0.735388 -0.456915 0.500433 29.0983 0.0140164 0.748585 0.662891 -20.3299
-0.841171 -0.364615 0.399358 20.2 0.539594 -0.517279 0.664274 32.3802 -0.0356252 0.77426 0.631865 -20.4809
-0.891503 -0.283766 0.353129 16.1592 0.452553 -0.522646 0.722522 34.8473 -0.0204655 0.803939 0.594359 -20.6312
-0.965101 -0.145842 0.21751 11.8031 0.261364 -0.588481 0.7651 36.6 0.0164172 0.795248 0.606062 -20.7927
-0.975792 -0.126772 0.178208 7.16043 0.218546 -0.595688 0.772913 37.7971 0.0081723 0.793149 0.608973 -20.7471
-0.980915 -0.0363473 0.191007 2.41621 0.170268 -0.634908 0.753592 38.5454 0.093881 0.771732 0.62898 -20.7176
-0.98974 0.00790595 0.142663 -2.3657 0.102255 -0.658185 0.745879 38.9929 0.0997959 0.752814 0.650624 -20.3332
-0.994021 0.0870837 -0.0658666 -7.2805 -0.104288 -0.578542 0.808958 39.0978 0.0323406 0.810991 0.584164 -19.878
-0.952663 0.209708 -0.220129 -11.9228 -0.302973 -0.594522 0.744816 38.2087 0.0253226 0.776251 0.629915 -19.6708
-0.89648 0.244349 -0.369619 -16.5216 -0.442134 -0.547961 0.71011 36.4812 -0.0290222 0.80002 0.599271 -19.7233
-0.844426 0.311375 -0.435879 -20.8178 -0.53566 -0.485232 0.691099 33.9909 0.00368901 0.817065 0.576534 -19.81
-0.741149 0.40284 -0.537046 -24.6226 -0.671329 -0.439957 0.596452 31.1951 0.00399756 0.802594 0.596512 -19.8636
-0.698321 0.397043 -0.595571 -28.1431 -0.714643 -0.433711 0.548799 27.7358 -0.0404091 0.808858 0.586614 -19.8575
-0.549526 0.507003 -0.664055 -31.2973 -0.835255 -0.315089 0.45063 24.0417 0.0192344 0.802289 0.596627 -20.0337
-0.407985 0.518349 -0.751573 -33.7048 -0.912897 -0.243285 0.327768 19.9038 -0.0129482 0.819833 0.572456 -19.9687
-0.255605 0.528526 -0.809522 -35.6106 -0.966734 -0.131419 0.219443 15.4087 0.00959441 0.838683 0.544535 -20.0389
-0.212586 0.524547 -0.824413 -36.5303 -0.976339 -0.0798156 0.200978 10.5442 0.0396213 0.847632 0.529104 -20.0509
-0.158322 0.5268 -0.835114 -37.4446 -0.97596 0.0448153 0.213294 5.82401 0.149789 0.848807 0.50704 -19.832
-0.174668 0.548092 -0.817977 -37.9888 -0.971541 0.0390542 0.233629 0.972271 0.159996 0.835506 0.525673 -19.1522
-0.00216887 0.621954 -0.783051 -38.4409 -0.984164 0.137468 0.111913 -3.7379 0.177249 0.770893 0.611806 -18.2964
0.15674 0.71278 -0.68365 -38.1818 -0.97081 0.238434 0.0260165 -8.42508 0.181549 0.659616 0.729346 -17.4139
0.268807 0.648227 -0.712422 -37.0804 -0.95418 0.280166 -0.105106 -13.1654 0.131464 0.708032 0.693836 -16.5682
0.509472 0.574638 -0.640492 -35.5809 -0.8563 0.411914 -0.311573 -17.623 0.0847856 0.70719 0.701921 -15.8099
0.589302 0.540528 -0.600461 -32.9207 -0.805019 0.455708 -0.379835 -21.6908 0.0683232 0.70722 0.703685 -15.5301
0.682558 0.480385 -0.550768 -29.881 -0.727404 0.519452 -0.448389 -25.4007 0.0706984 0.706682 0.70399 -15.2756
0.732046 0.494171 -0.468939 -26.3473 -0.68089 0.553285 -0.47986 -28.792 0.0223233 0.670575 0.741506 -14.9516
0.791527 0.433516 -0.430753 -22.5312 -0.60872 0.621854 -0.492704 -31.8317 0.0542703 0.652197 0.756105 -14.8096
0.858671 0.270129 -0.435562 -18.5986 -0.501147 0.620606 -0.603075 -34.6308 0.107404 0.736124 0.668271 -14.4982
0.942088 0.217994 -0.254851 -14.3498 -0.334356 0.669471 -0.663336 -36.7065 0.0260125 0.710132 0.703588 -14.1048
0.986209 0.109306 -0.124276 -9.74345 -0.165101 0.702226 -0.692546 -38.0565 0.0115701 0.703513 0.710588 -14.1265
0.982719 0.112715 -0.146827 -4.74348 -0.179793 0.769867 -0.612355 -38.7918 0.0440157 0.628172 0.776829 -14.2123
0.998751 -0.0011177 0.0499615 0.0564483 0.0302522 0.809275 -0.58665 -39.3123 -0.0397769 0.587428 0.808298 -13.7471
0.972732 -0.085278 0.215686 4.97188 0.210598 0.714355 -0.667342 -38.9518 -0.0971669 0.694568 0.712836 -13.9823
0.948302 -0.150583 0.279369 9.83748 0.304487 0.679925 -0.667076 -37.5943 -0.0894994 0.717654 0.690625 -14.4225
0.915326 -0.175407 0.362505 14.3249 0.385414 0.642552 -0.662256 -35.8767 -0.116764 0.745895 0.655749 -15.0031
0.835983 -0.227497 0.499378 18.7967 0.518844 0.624026 -0.584288 -33.8515 -0.178701 0.747554 0.63971 -15.4716
0.724649 -0.25806 0.638974 22.6701 0.644473 0.582102 -0.495794 -31.0996 -0.244004 0.771079 0.588132 -16.4797
0.657431 -0.436982 0.613865 25.9225 0.738917 0.533452 -0.411619 -27.6821 -0.147598 0.724207 0.673602 -17.6303
0.550979 -0.403048 0.730735 29.0825 0.806436 0.482396 -0.341985 -23.7251 -0.214668 0.777719 0.590823 -18.4014
0.483249 -0.460754 0.74443 31.5713 0.856997 0.422772 -0.294653 -19.6327 -0.178962 0.780365 0.599169 -19.411
0.396277 -0.457049 0.796286 33.708 0.904787 0.341731 -0.254128 -15.3526 -0.155967 0.821174 0.548952 -20.4008
0.261954 -0.450383 0.853543 35.483 0.961722 0.195545 -0.191972 -10.7997 -0.0804452 0.871158 0.484367 -20.9523
0.138447 -0.406072 0.903293 36.5377 0.983742 0.161725 -0.0780748 -6.01445 -0.114381 0.899417 0.42186 -21.4427
0.0587981 -0.483124 0.873575 37.0009 0.992121 0.125256 0.00249446 -1.08637 -0.110625 0.866546 0.486683 -22.0268
-0.124806 -0.501857 0.855899 37.0451 0.990297 -0.0098723 0.138615 3.82309 -0.0611153 0.864895 0.498219 -22.495
-0.189967 -0.551118 0.812516 36.3996 0.981686 -0.0945527 0.165385 8.64775 -0.0143211 0.829053 0.558986 -22.8753
-0.262897 -0.567911 0.779975 35.1667 0.964084 -0.122967 0.235418 13.5203 -0.0377852 0.813852 0.579842 -22.87
-0.424136 -0.473133 0.772174 33.5238 0.905598 -0.220819 0.36212 18.1744 -0.000819971 0.852868 0.522126 -23.0949
-0.502627 -0.430738 0.749554 31.1749 0.864342 -0.267115 0.426101 22.5149 0.0166795 0.862041 0.506564 -23.0636
-0.612234 -0.380899 0.692882 28.4634 0.788956 -0.35207 0.503582 26.7339 0.0521294 0.854964 0.516062 -23.0363
-0.667843 -0.351155 0.656259 25.0578 0.743958 -0.288128 0.602917 30.4397 -0.0226311 0.890883 0.453669 -22.6937
-0.835027 -0.269068 0.47993 21.3685 0.549541 -0.36488 0.751577 33.9889 -0.0271084 0.891328 0.452548 -22.874
-0.910592 -0.22836 0.34449 16.9151 0.41204 -0.436381 0.799872 36.549 -0.0323299 0.8703 0.491459 -23.1285
-0.957974 -0.124742 0.258314 12.2436 0.286114 -0.480243 0.82916 38.3744 0.0206225 0.86822 0.49575 -23.2866
-0.969799 -0.101662 0.221708 7.44484 0.242125 -0.510874 0.824854 39.6372 0.029409 0.853624 0.52006 -23.2277
-0.981983 0.000743544 0.18897 2.52939 0.157047 -0.552965 0.81827 40.42 0.105102 0.833204 0.542885 -23.1491
-0.994099 0.0436316 0.0993154 -2.42409 0.0618719 -0.523957 0.849495 40.8458 0.0891018 0.850626 0.518165 -22.7715
-0.992041 0.0953454 -0.082239 -7.50532 -0.118004 -0.476184 0.871392 40.6918 0.0439222 0.874161 0.483646 -22.2561
-0.950055 0.15087 -0.273193 -12.5841 -0.311639 -0.505329 0.804689 39.7261 -0.0166491 0.849636 0.527107 -22.0266
-0.904691 0.212354 -0.369378 -17.2897 -0.42455 -0.522428 0.739477 37.9796 -0.0359424 0.825818 0.562791 -22.2158
-0.832786 0.289955 -0.471585 -21.5515 -0.5525 -0.488853 0.675104 35.545 -0.0347862 0.822769 0.567311 -22.3355
-0.776347 0.327021 -0.538834 -25.771 -0.630275 -0.411231 0.658516 32.5265 -0.00623669 0.85085 0.525371 -22.4539
-0.680051 0.378009 -0.628204 -29.4443 -0.733091 -0.362755 0.575314 28.9445 -0.010411 0.851774 0.523807 -22.5814
-0.562519 0.404085 -0.72131 -32.7526 -0.826618 -0.257354 0.500472 25.0146 0.0166013 0.877772 0.478791 -22.5998
-0.423231 0.439191 -0.792456 -35.3111 -0.905611 -0.178713 0.384618 20.6849 0.0272986 0.880439 0.473373 -22.644
-0.237602 0.427724 -0.872122 -37.1932 -0.971318 -0.113246 0.209087 15.9247 -0.00933299 0.896787 0.442364 -22.5633
-0.230178 0.490409 -0.840546 -38.0891 -0.970724 -0.0547731 0.233869 10.7978 0.0686523 0.869769 0.488659 -22.8025
-0.17949 0.52646 -0.831037 -39.0465 -0.979251 -0.0148328 0.202105 5.77425 0.0940738 0.850071 0.518199 -22.4196
-0.174845 0.505335 -0.845024 -39.7063 -0.965868 0.0785666 0.246833 0.853093 0.191124 0.859339 0.47435 -21.6998
-0.0516243 0.559157 -0.827453 -40.2247 -0.973609 0.156262 0.166338 -4.14425 0.222309 0.814202 0.536333 -20.6653
0.153088 0.577493 -0.801914 -40.2164 -0.972138 0.233776 -0.0172318 -9.12654 0.177517 0.782209 0.597191 -19.5455
0.318032 0.541338 -0.778337 -39.0273 -0.931299 0.332156 -0.149516 -13.9983 0.17759 0.772415 0.609784 -18.7882
0.484089 0.505473 -0.714251 -37.2466 -0.866833 0.388418 -0.312621 -18.6753 0.119407 0.770473 0.62619 -18.1277
0.627263 0.49948 -0.597545 -34.6148 -0.778006 0.436676 -0.451687 -22.9894 0.0353253 0.74822 0.662509 -17.5419
0.678675 0.451395 -0.579346 -31.331 -0.728352 0.515011 -0.451959 -26.9317 0.0943577 0.728702 0.6783 -17.4125
0.746599 0.428306 -0.509061 -27.7314 -0.662487 0.548621 -0.510026 -30.4733 0.0608345 0.718031 0.693347 -16.9952
0.824217 0.345171 -0.448913 -23.7401 -0.562198 0.593726 -0.575693 -33.6538 0.0678192 0.726874 0.683414 -16.8858
0.880581 0.268697 -0.390357 -19.4199 -0.471866 0.573292 -0.669835 -36.5193 0.0438061 0.77404 0.631619 -16.7575
0.936983 0.169095 -0.305729 -14.8952 -0.342693 0.615154 -0.710033 -38.5526 0.0680073 0.77006 0.634336 -16.4895
0.961817 0.122827 -0.244586 -10.083 -0.264618 0.645552 -0.716408 -40.1827 0.0698987 0.753775 0.653405 -16.3174
0.97491 0.0194939 -0.221745 -5.02331 -0.181294 0.647555 -0.740138 -41.2737 0.129164 0.761769 0.634842 -16.0949
0.988228 0.0424182 0.146989 0.134843 0.0863993 0.638165 -0.765037 -41.9263 -0.126255 0.76873 0.626987 -15.647
0.959479 -0.00735095 0.281686 5.19687 0.235563 0.569501 -0.787514 -41.0163 -0.154631 0.821958 0.548155 -16.1662
0.944309 -0.130199 0.302207 10.2318 0.319853 0.578913 -0.750036 -39.6203 -0.0772977 0.804928 0.588317 -16.8434
0.899727 -0.192511 0.391702 14.9129 0.429389 0.551242 -0.715372 -37.8576 -0.0782059 0.811832 0.57863 -17.2598
0.814909 -0.190015 0.547557 19.4521 0.552757 0.53892 -0.63563 -35.5711 -0.17431 0.820646 0.544202 -18.0003
0.733811 -0.250606 0.631441 23.4283 0.655911 0.503418 -0.562451 -32.6524 -0.176925 0.826902 0.533789 -18.9491
0.682073 -0.300632 0.666631 26.9818 0.713037 0.475773 -0.514993 -29.1596 -0.162342 0.826596 0.538873 -19.8735
0.551568 -0.352524 0.755975 30.3979 0.815935 0.416285 -0.401195 -25.18 -0.17327 0.838113 0.517247 -20.9378
0.458962 -0.429167 0.777927 32.9689 0.876545 0.36162 -0.317646 -20.8825 -0.144991 0.827676 0.542154 -21.9518
0.377557 -0.449995 0.809293 35.0233 0.914574 0.318008 -0.24985 -16.2223 -0.14493 0.834491 0.53162 -22.8765
0.262784 -0.436533 0.860455 36.7026 0.959844 0.209041 -0.187085 -11.3473 -0.0982018 0.875066 0.473937 -23.6034
0.153851 -0.399825 0.903587 37.7775 0.98035 0.176036 -0.0890272 -6.52248 -0.123469 0.899528 0.419052 -24.2327
0.0865128 -0.43253 0.897459 38.5139 0.994876 0.0848163 -0.0550264 -1.26765 -0.0523186 0.897621 0.437652 -24.8704
-0.000580807 -0.429452 0.903089 38.4233 0.999681 0.0225675 0.0113746 3.83812 -0.0252653 0.902807 0.429302 -25.2325
-0.155931 -0.438914 0.884895 38.0279 0.987758 -0.0733702 0.137664 8.83611 0.00450209 0.895528 0.444982 -25.3732
-0.329601 -0.4322 0.839384 36.9404 0.942229 -0.0943403 0.321409 13.9747 -0.0597254 0.896829 0.438326 -25.2795
-0.404353 -0.433473 0.805357 34.9561 0.914579 -0.198046 0.352596 18.6618 0.00665676 0.879135 0.476526 -25.6884
-0.521257 -0.403791 0.751827 32.5004 0.853269 -0.231139 0.467448 23.3841 -0.0149749 0.885171 0.465025 -25.7693
-0.625176 -0.347618 0.698797 29.514 0.779927 -0.31207 0.542519 27.6272 0.0294842 0.88418 0.466215 -25.6844
-0.719117 -0.308175 0.622815 26.01 0.693772 -0.267606 0.668631 31.4292 -0.0393863 0.912916 0.406243 -25.5384
-0.839454 -0.219991 0.496912 21.9723 0.543171 -0.311397 0.779742 35.103 -0.0167991 0.924465 0.380896 -25.7005
-0.911025 -0.170137 0.375615 17.5718 0.412267 -0.357455 0.838011 37.8634 -0.00831107 0.918303 0.395792 -25.8487
-0.944804 -0.133715 0.29911 12.7533 0.327572 -0.403758 0.854211 39.6615 0.00654683 0.905041 0.425273 -26.005
-0.978485 -0.132363 0.158262 7.69907 0.20306 -0.482067 0.852278 40.9925 -0.036517 0.866078 0.498573 -25.9014
-0.991872 -0.00289706 0.127208 2.53665 0.112538 -0.486492 0.866407 41.9249 0.0593755 0.87368 0.482863 -25.8796
-0.997478 0.0630514 0.0325796 -2.55964 -0.00253538 -0.490419 0.871483 42.353 0.0709259 0.869203 0.489342 -25.4527
-0.994588 0.0890721 -0.0534818 -7.82248 -0.0898275 -0.478584 0.873435 42.0985 0.0522031 0.873512 0.483995 -24.9664
-0.968404 0.142185 -0.204883 -13.0305 -0.247738 -0.454167 0.855779 41.1678 0.0286278 0.879497 0.475042 -24.7324
-0.882971 0.195479 -0.426791 -17.9652 -0.468885 -0.410963 0.781829 39.5136 -0.0225644 0.890448 0.454525 -24.6877
-0.839546 0.239796 -0.487504 -22.4851 -0.543227 -0.383935 0.746658 36.9053 -0.00812387 0.891679 0.452595 -24.809
-0.727244 0.233426 -0.645468 -26.8734 -0.681825 -0.353832 0.640248 33.7011 -0.0789363 0.905713 0.416478 -25.0131
-0.688225 0.265083 -0.675335 -30.4795 -0.724326 -0.30392 0.618857 29.8596 -0.0411994 0.915076 0.401172 -25.2803
-0.530838 0.266049 -0.80463 -33.9884 -0.847081 -0.195467 0.494214 25.8868 -0.0257936 0.943934 0.329126 -25.3755
-0.431791 0.239729 -0.869532 -36.559 -0.901772 -0.135127 0.410546 21.2944 -0.0190781 0.96139 0.274527 -25.5016
-0.22817 0.324261 -0.918038 -38.5108 -0.973407 -0.0561703 0.222091 16.3214 0.0204492 0.944298 0.328454 -25.4472
-0.261312 0.403155 -0.87703 -39.5218 -0.964874 -0.083602 0.249055 11.0334 0.0270863 0.911305 0.41084 -25.3378
-0.231997 0.497882 -0.835638 -40.5481 -0.961465 0.0129128 0.274623 5.86515 0.147521 0.867148 0.475701 -25.0163
-0.144492 0.510894 -0.847413 -41.398 -0.965645 0.114133 0.233461 0.694147 0.215991 0.852033 0.476851 -24.2851
-0.0452401 0.468131 -0.8825 -41.8507 -0.975093 0.171321 0.140866 -4.55372 0.217135 0.866892 0.448721 -23.0618
0.18903 0.435615 -0.880061 -41.832 -0.975452 0.186402 -0.117253 -9.75466 0.112968 0.880621 0.460157 -21.9337
0.288703 0.432277 -0.854276 -40.5656 -0.951379 0.229591 -0.205342 -14.9213 0.107369 0.872023 0.477543 -21.2842
0.467838 0.42448 -0.775206 -38.7922 -0.876015 0.338978 -0.343061 -19.797 0.117155 0.839589 0.530438 -20.7446
0.579807 0.410836 -0.703589 -36.0844 -0.807354 0.405836 -0.428343 -24.3241 0.109563 0.816401 0.566996 -20.0729
0.689543 0.39213 -0.608904 -32.7086 -0.723177 0.418421 -0.549489 -28.4952 0.0393076 0.819242 0.572099 -19.5806
0.709288 0.357972 -0.607261 -28.821 -0.701839 0.439051 -0.560942 -32.1214 0.0658173 0.824069 0.562653 -19.4309
0.821713 0.294869 -0.487688 -24.6934 -0.569261 0.465237 -0.677862 -35.539 0.0270098 0.83463 0.550149 -19.1864
0.879934 0.222195 -0.419934 -20.1683 -0.472897 0.494566 -0.729228 -38.14 0.0456544 0.840258 0.540261 -19.2252
0.914534 0.13438 -0.381535 -15.424 -0.391596 0.530529 -0.751792 -40.4055 0.101389 0.836947 0.53781 -19.0263
0.968143 0.0588261 -0.243391 -10.3783 -0.236672 0.532392 -0.812739 -42.1205 0.0817693 0.844451 0.529354 -18.7004
0.981011 0.0614277 -0.183966 -5.28784 -0.189507 0.505455 -0.841785 -43.0802 0.0412777 0.860664 0.507498 -18.3917
0.975361 0.037063 0.217478 0.128304 0.172543 0.48613 -0.856683 -43.8088 -0.137474 0.8731 0.467757 -18.0166
0.978645 0.00126879 0.205552 5.29218 0.172867 0.535991 -0.826336 -42.6871 -0.111223 0.844223 0.524326 -18.7255
0.939758 -0.104807 0.325378 10.4908 0.330661 0.520148 -0.78747 -41.4965 -0.086712 0.847621 0.523469 -19.3339
0.904567 -0.103963 0.413461 15.3812 0.399745 0.543944 -0.737787 -39.4761 -0.148197 0.832657 0.533592 -19.9196
0.855826 -0.111529 0.505097 19.8366 0.480166 0.534424 -0.69558 -36.981 -0.192359 0.837826 0.510927 -20.5439
0.756233 -0.226589 0.613815 24.1659 0.637119 0.468597 -0.611962 -34.2062 -0.148968 0.853859 0.498732 -21.5995
0.672101 -0.257604 0.694204 28.0398 0.719016 0.451038 -0.528753 -30.6697 -0.176904 0.85452 0.488365 -22.5259
0.578918 -0.293693 0.760657 31.411 0.79497 0.410745 -0.446442 -26.3844 -0.181319 0.863153 0.471264 -23.4576
0.419175 -0.378067 0.825444 34.4167 0.897811 0.30781 -0.314942 -22.0137 -0.135011 0.873108 0.468459 -24.4849
0.348411 -0.364213 0.863689 36.3647 0.912557 0.342287 -0.223783 -17.117 -0.214125 0.866134 0.451622 -25.3331
0.278378 -0.364742 0.888521 37.8793 0.949248 0.245489 -0.19663 -11.9837 -0.146403 0.898164 0.414569 -26.4011
0.160437 -0.37032 0.914945 38.9985 0.983746 0.135725 -0.117567 -6.91494 -0.0806435 0.918935 0.386076 -27.0812
0.109412 -0.363516 0.925141 39.5631 0.993525 0.0686468 -0.0905258 -1.55194 -0.0306004 0.929055 0.368673 -27.7586
-0.019669 -0.377171 0.925935 39.7871 0.998725 0.0356541 0.0357386 3.81278 -0.046493 0.925457 0.375989 -27.9947
-0.209804 -0.374854 0.903032 39.5722 0.977623 -0.0949483 0.18772 9.08256 0.0153739 0.922209 0.386386 -28.1726
-0.371925 -0.378257 0.847699 38.223 0.927347 -0.11085 0.357407 14.2573 -0.0412243 0.91904 0.392004 -28.0096
-0.394171 -0.389042 0.832632 36.0154 0.917328 -0.111317 0.382254 19.1804 -0.0560274 0.91447 0.400757 -28.254
-0.525753 -0.33317 0.782675 33.7485 0.850628 -0.210112 0.481959 24.0181 0.00387464 0.919157 0.393871 -28.4451
-0.629707 -0.278445 0.725216 30.5534 0.775534 -0.279296 0.566163 28.4129 0.0449046 0.918946 0.391818 -28.3363
-0.686499 -0.337675 0.643969 26.7345 0.722446 -0.216375 0.656699 32.3137 -0.0824119 0.916055 0.392493 -28.0931
-0.832275 -0.218912 0.509309 22.6769 0.553655 -0.281854 0.783597 36.0013 -0.0279876 0.93415 0.355782 -28.5291
-0.901522 -0.15398 0.404411 18.1336 0.432733 -0.320976 0.842447 38.8408 8.60696e-05 0.934486 0.356 -28.6427
-0.946391 -0.147671 0.287292 13.1037 0.321595 -0.347227 0.880914 40.8832 -0.0303302 0.926081 0.376103 -28.7323
-0.962991 -0.0660137 0.261323 7.9159 0.265166 -0.405848 0.874628 42.335 0.04832 0.911553 0.408333 -28.7677
-0.984416 -0.0288607 0.173471 2.58498 0.169294 -0.422474 0.890424 43.4283 0.0475885 0.905916 0.420776 -28.4254
-0.99636 0.0648871 0.0552898 -2.84542 0.0224046 -0.426458 0.90423 43.8636 0.0822516 0.902177 0.423452 -28.1634
-0.982811 0.11224 -0.14658 -8.14746 -0.180604 -0.41989 0.889424 43.6533 0.0382813 0.900608 0.432943 -27.7351
-0.942221 0.180201 -0.282395 -13.4903 -0.332253 -0.395126 0.856436 42.4114 0.0427485 0.900779 0.432169 -27.5503
-0.887971 0.187251 -0.420053 -18.5655 -0.459893 -0.356949 0.813072 40.582 0.00231078 0.915164 0.403076 -27.455
-0.821299 0.192426 -0.537067 -23.2927 -0.569356 -0.335992 0.750295 38.0073 -0.0360738 0.921999 0.385508 -27.5295
-0.72937 0.211751 -0.650524 -27.5459 -0.68229 -0.294655 0.669073 34.6795 -0.0500032 0.931847 0.359388 -27.8125
-0.674594 0.21919 -0.704896 -31.1384 -0.736733 -0.259867 0.624255 30.7521 -0.0463492 0.940439 0.336789 -27.9406
-0.554374 0.238249 -0.797437 -34.7314 -0.832191 -0.171653 0.527251 26.5135 -0.011266 0.955915 0.293429 -28.2604
-0.397288 0.252684 -0.88222 -37.3903 -0.917621 -0.121462 0.378441 21.6822 -0.0115307 0.959895 0.280124 -28.3807
-0.272875 0.27531 -0.921815 -39.2957 -0.962048 -0.0763021 0.261996 16.3998 0.00179371 0.958323 0.285682 -28.3378
-0.277351 0.35025 -0.894652 -40.5441 -0.954624 0.00468343 0.297777 11.0485 0.108486 0.936645 0.333058 -28.2231
-0.231921 0.397409 -0.88785 -41.9222 -0.964323 0.0258429 0.263465 5.70334 0.127648 0.917278 0.377237 -27.6296
-0.118659 0.426763 -0.896545 -42.8111 -0.961929 0.174472 0.210363 0.376636 0.246197 0.887374 0.389813 -27.0742
-0.0512925 0.415248 -0.908261 -43.0901 -0.979872 0.154761 0.126092 -5.04376 0.192923 0.896447 0.398952 -25.6675
0.0979749 0.41472 -0.904659 -43.0088 -0.988291 0.147386 -0.0394667 -10.3206 0.116966 0.897934 0.424304 -24.6637
0.294936 0.394245 -0.870393 -42.0655 -0.946397 0.246086 -0.209225 -15.6689 0.131705 0.885445 0.445692 -24.038
0.463349 0.379478 -0.800815 -40.0913 -0.878203 0.317577 -0.357637 -20.7438 0.118605 0.868989 0.480407 -23.3132
0.584492 0.387102 -0.713106 -37.2702 -0.810506 0.319759 -0.490748 -25.5833 0.0380531 0.864816 0.500645 -22.695
0.729774 0.256578 -0.633718 -33.8708 -0.668258 0.463508 -0.581886 -29.7892 0.144434 0.848132 0.509716 -22.3629
0.732833 0.365707 -0.573773 -29.7838 -0.679976 0.363538 -0.636768 -33.3434 -0.0242818 0.856795 0.515084 -21.7532
0.823903 0.252645 -0.507302 -25.6064 -0.565588 0.423384 -0.707712 -36.8407 0.0359835 0.87001 0.49172 -21.8108
0.891243 0.18067 -0.415986 -20.8352 -0.450856 0.45234 -0.769491 -39.6929 0.0491433 0.873354 0.484601 -21.7796
0.925583 0.115416 -0.360521 -15.7809 -0.370575 0.470661 -0.80072 -41.8487 0.0772676 0.874733 0.478406 -21.6307
0.96556 0.0321994 -0.25818 -10.6692 -0.239892 0.494335 -0.835515 -43.6081 0.100724 0.868675 0.485034 -21.2534
0.991854 0.0335703 -0.122873 -5.41181 -0.124184 0.469477 -0.874168 -44.6376 0.0283402 0.882306 0.469822 -20.9116
0.991216 0.0689782 0.11284 -0.062026 0.0670365 0.473433 -0.878275 -45.0328 -0.114004 0.878125 0.46465 -20.7691
0.974988 0.0507158 0.216392 5.29098 0.16875 0.4647 -0.869239 -44.2823 -0.144642 0.884014 0.444519 -21.3872
