0.999917 0.00225161 -0.0126858 -0.00119471 -0.00214614 0.999963 0.0083219 -7.51772e-05 0.0127041 -0.00829398 0.999885 -0.0145107
0.9803 -0.196977 0.0145782 0.344987 0.195483 0.978128 0.0710827 -0.0870964 -0.028261 -0.0668326 0.997364 0.0361483
0.876094 -0.480754 0.0365356 0.552484 0.473383 0.872085 0.124001 0.0168508 -0.0914763 -0.0913414 0.991609 -0.0541449
0.828162 -0.560285 0.0151032 0.67339 0.551348 0.819207 0.157848 0.0043737 -0.100812 -0.122396 0.987348 -0.272619
0.730645 -0.682339 -0.0239034 0.777472 0.675866 0.717865 0.16696 0.0831344 -0.096764 -0.138144 0.985674 -0.424672
0.693724 -0.719069 -0.0410733 1.04585 0.716707 0.683555 0.138144 0.21812 -0.0712588 -0.125271 0.98956 -0.512268
0.538662 -0.840541 -0.0577431 1.17801 0.840131 0.53071 0.111925 0.345476 -0.0634327 -0.108801 0.992038 -0.5275
0.416345 -0.904131 -0.0959393 1.45182 0.906143 0.40397 0.125355 0.446364 -0.0745803 -0.139125 0.987462 -0.623059
0.292917 -0.956107 -0.00770201 1.70341 0.949447 0.289906 0.120438 0.695826 -0.112919 -0.042591 0.992691 -0.457044
0.180097 -0.983649 0.00050294 1.89235 0.973478 0.178308 0.143345 0.917961 -0.141091 -0.0253264 0.989673 -0.51555
0.0695027 -0.99757 -0.00479102 2.04871 0.989364 0.0683143 0.128418 1.29471 -0.127779 -0.0136655 0.991709 -0.669924
0.0677645 -0.996779 -0.0428971 2.06446 0.990613 0.0621046 0.121776 1.69618 -0.118719 -0.0507465 0.99163 -0.778148
-0.00307108 -0.998429 -0.0559552 2.06689 0.991596 -0.0102778 0.128967 2.26316 -0.12934 -0.0550889 0.990069 -0.867279
-0.228336 -0.973328 0.0222572 2.0417 0.962368 -0.222187 0.156466 2.34536 -0.147348 0.0571464 0.987433 -0.805479
-0.400346 -0.911925 -0.0900851 2.00215 0.898077 -0.409998 0.159246 2.75174 -0.182155 -0.01715 0.98312 -0.838703
-0.520668 -0.853172 -0.0316705 1.78094 0.836324 -0.517143 0.182003 2.99769 -0.171658 0.0682763 0.982788 -1.0028
-0.576898 -0.816123 -0.0336437 1.73148 0.800612 -0.573137 0.174739 3.47253 -0.161891 0.0738713 0.98404 -1.09218
-0.603117 -0.797605 0.00869587 1.47595 0.787979 -0.594075 0.16175 3.87145 -0.123847 0.104407 0.986793 -1.21769
-0.691538 -0.72219 0.0147028 1.04287 0.719339 -0.686669 0.105054 4.18077 -0.0657728 0.0832249 0.994358 -1.19461
-0.80292 -0.591854 0.0709094 0.792234 0.595602 -0.801367 0.0553997 4.35949 0.0240359 0.0867153 0.995943 -1.21614
-0.865174 -0.470252 0.174176 0.52354 0.484824 -0.873129 0.0509098 4.67815 0.128137 0.12849 0.983398 -1.21751
-0.908073 -0.372867 0.19072 0.0177939 0.396534 -0.911993 0.105024 4.76879 0.134776 0.170996 0.97601 -0.974072
-0.940001 -0.277967 0.19782 -0.338526 0.291826 -0.955452 0.0441468 5.03956 0.176736 0.099227 0.979244 -0.956892
-0.97135 -0.149479 0.184758 -0.686203 0.160146 -0.986106 0.0441467 5.25043 0.175592 0.0724703 0.981792 -0.774645
-0.983243 -0.0859235 0.160778 -1.10561 0.0974602 -0.993096 0.065288 5.32526 0.154059 0.0798635 0.984829 -0.715789
-0.989406 0.0758909 0.123759 -1.58261 -0.0641915 -0.993316 0.0959308 5.33982 0.130212 0.0869702 0.987664 -0.578432
-0.97631 0.198764 0.0855099 -1.97054 -0.184791 -0.971512 0.148379 5.36042 0.112566 0.129063 0.985227 -0.477407
-0.928884 0.3646 0.0651313 -2.52465 -0.352528 -0.924279 0.146399 5.35998 0.113576 0.113027 0.987079 -0.419045
-0.865179 0.495702 0.075794 -2.89209 -0.493804 -0.868493 0.0433395 5.15361 0.08731 6.91079e-05 0.996181 -0.498282
-0.798865 0.600576 0.0335173 -3.16449 -0.599457 -0.799501 0.0380751 4.90699 0.0496641 0.0103246 0.998713 -0.377271
-0.661254 0.749618 -0.0285583 -3.5481 -0.749301 -0.658193 0.073006 4.66303 0.0359298 0.0696743 0.996923 -0.43383
-0.580559 0.812766 -0.0486058 -3.89915 -0.813322 -0.576086 0.0814397 4.35416 0.0381903 0.0868127 0.995492 -0.364396
-0.507438 0.861532 -0.0164125 -4.16803 -0.859344 -0.504563 0.083331 4.11241 0.0635112 0.0563894 0.996387 -0.335101
-0.44849 0.89333 -0.0286021 -4.63484 -0.889068 -0.442608 0.116859 3.51802 0.0917344 0.0778394 0.992737 -0.229316
-0.315417 0.948953 1.41326e-05 -4.70699 -0.930982 -0.309446 0.193691 3.01728 0.183808 0.0610802 0.981063 -0.163155
-0.165754 0.985972 0.019637 -4.7787 -0.966519 -0.166374 0.195346 2.5716 0.195873 0.0133999 0.980538 -0.27631
-0.107991 0.993368 0.0394769 -4.91125 -0.983991 -0.112465 0.138251 1.97937 0.141774 -0.0239151 0.98961 -0.316477
0.0119872 0.999818 0.0148322 -4.88817 -0.992448 0.0100852 0.122253 1.58188 0.122082 -0.0161856 0.992388 -0.214891
0.224127 0.973859 0.036963 -4.98451 -0.972502 0.22103 0.073381 1.12279 0.0632928 -0.0523932 0.996619 -0.250599
0.288572 0.95735 -0.0143934 -4.77696 -0.954684 0.288847 0.0717276 0.470375 0.0728259 -0.00695748 0.99732 -0.100317
0.335193 0.939317 -0.0730058 -4.515 -0.935699 0.340949 0.0906676 -0.170093 0.110057 0.0379202 0.993202 -0.0887981
0.460535 0.887052 -0.0323465 -4.28422 -0.877996 0.460585 0.130322 -0.721903 0.130501 -0.0316177 0.990944 -0.07323
0.612215 0.790096 -0.0306859 -3.83809 -0.775192 0.607408 0.17359 -1.28677 0.155792 -0.0824869 0.98434 -0.108063
0.669395 0.742644 -0.0197534 -3.37769 -0.723196 0.657489 0.211415 -1.60026 0.169993 -0.127234 0.977197 -0.0684753
0.814079 0.574811 -0.0828706 -3.04787 -0.560969 0.815227 0.14394 -2.01869 0.150297 -0.0706904 0.98611 -0.0798399
0.9008 0.432528 -0.0384656 -2.8131 -0.422296 0.893218 0.154361 -2.3896 0.101124 -0.122805 0.987265 -0.255448
0.939354 0.33628 -0.0673008 -2.3478 -0.325614 0.936133 0.132779 -2.69024 0.107654 -0.102813 0.988858 -0.147433
0.979412 0.185452 -0.0797503 -1.81809 -0.1703 0.971157 0.166888 -2.98769 0.1084 -0.14987 0.982745 -0.131266
0.994699 -0.0230698 -0.100206 -1.20747 0.0414943 0.981695 0.185885 -3.09928 0.0940835 -0.189057 0.977449 -0.0189681
0.990022 -0.116058 -0.0799232 -0.667405 0.124658 0.98578 0.112687 -3.11776 0.0657084 -0.121526 0.990411 0.0597221
0.989087 -0.14008 -0.0456526 0.115756 0.144015 0.984612 0.0989853 -3.01055 0.0310842 -0.10448 0.994041 -0.0213631
0.919264 -0.392974 0.0229039 0.811949 0.388782 0.915494 0.103534 -3.04283 -0.0616544 -0.0862702 0.994362 0.16051
0.904493 -0.421399 0.0656918 1.77118 0.418267 0.906569 0.0564394 -2.71657 -0.0833376 -0.0235723 0.996243 0.141153
0.854914 -0.516765 0.0455704 2.26941 0.507419 0.85125 0.133785 -2.49413 -0.107927 -0.0912511 0.989962 -0.0431188
0.788022 -0.615373 0.0183758 2.79177 0.606793 0.781387 0.145732 -2.1367 -0.104038 -0.103689 0.989153 -0.0915105
0.67758 -0.734818 0.030479 3.31033 0.731975 0.677823 0.0690573 -1.81683 -0.0714039 -0.0244819 0.997147 -0.212736
0.585548 -0.810627 -0.00424449 3.82632 0.809114 0.584118 0.06435 -1.29033 -0.0496845 -0.0411142 0.997918 -0.366246
0.506856 -0.860318 0.0543174 4.31192 0.860582 0.508651 0.0259527 -0.726495 -0.0499561 0.0335903 0.998186 -0.295881
0.406508 -0.913107 0.0314001 4.61267 0.908521 0.407624 0.09183 -0.185601 -0.0966501 -0.00880203 0.99528 -0.382945
0.291847 -0.95475 0.0572539 4.8512 0.945588 0.297012 0.132839 0.481511 -0.143833 0.0153699 0.989483 -0.506013
0.146046 -0.985028 0.0916018 5.15631 0.982587 0.155186 0.102174 1.15569 -0.11486 0.0750846 0.99054 -0.664327
0.0110744 -0.999684 0.022568 5.14514 0.9945 0.0133621 0.103882 1.6345 -0.104151 0.0212934 0.994334 -0.795102
-0.0622376 -0.995821 0.0668335 5.11289 0.991129 -0.0537876 0.121535 2.44337 -0.117433 0.0738046 0.990334 -0.84814
-0.11867 -0.989317 0.08467 5.05595 0.981881 -0.104233 0.158257 3.14847 -0.147741 0.101916 0.983761 -1.02042
-0.289426 -0.954843 0.0671404 4.8769 0.941216 -0.271127 0.2015 3.78921 -0.174197 0.121513 0.977185 -1.046
-0.315832 -0.946029 0.0726623 4.4963 0.934977 -0.297279 0.193502 4.56793 -0.161458 0.129052 0.978405 -1.22382
-0.464616 -0.882568 0.072149 4.06707 0.874412 -0.444407 0.194694 5.11966 -0.139767 0.153546 0.978207 -1.36952
-0.642345 -0.758954 0.106686 3.84012 0.760728 -0.614445 0.209165 5.69158 -0.0931938 0.215516 0.972043 -1.48004
-0.715609 -0.685271 0.135304 3.19675 0.697728 -0.692171 0.184591 6.27037 -0.0328413 0.2265 0.973457 -1.44576
-0.800912 -0.56749 0.191039 2.48269 0.595602 -0.787864 0.156615 6.74513 0.061636 0.239218 0.969008 -1.59279
-0.860049 -0.464143 0.211866 1.88594 0.494637 -0.860326 0.123182 7.15365 0.1251 0.210739 0.969505 -1.67066
-0.908791 -0.370227 0.192434 1.22176 0.392675 -0.914818 0.0944189 7.54675 0.141085 0.161371 0.976757 -1.57882
-0.94532 -0.249714 0.209791 0.521071 0.276754 -0.954521 0.11089 7.94708 0.172559 0.162887 0.971438 -1.42784
-0.959579 -0.179413 0.216839 -0.373747 0.213431 -0.966118 0.14513 8.23861 0.183454 0.185544 0.965359 -1.10697
-0.972894 0.120776 0.197208 -0.975162 -0.0879917 -0.981972 0.167297 8.34785 0.213858 0.14541 0.965982 -1.01732
-0.981696 0.117416 0.149956 -1.85429 -0.091235 -0.981056 0.170895 8.38562 0.167181 0.154086 0.973811 -0.975277
-0.970066 0.230646 0.0759838 -2.65846 -0.217093 -0.963884 0.154269 8.34959 0.108821 0.133156 0.985103 -0.885833
-0.926623 0.36921 0.071085 -3.57155 -0.36058 -0.92619 0.110246 8.11392 0.106542 0.0765247 0.991359 -0.630981
-0.886522 0.460485 0.0450769 -4.30478 -0.450152 -0.880927 0.146052 7.85255 0.106964 0.109187 0.988249 -0.516108
-0.826966 0.562092 0.0133788 -5.01846 -0.558191 -0.823616 0.100392 7.46358 0.0674487 0.0755531 0.994858 -0.581572
-0.72724 0.684263 -0.0539185 -5.73659 -0.686371 -0.72545 0.0511488 6.85174 -0.00411596 0.0742055 0.997234 -0.652556
-0.636363 0.765582 -0.0944801 -6.35649 -0.771386 -0.631957 0.0747915 6.16235 -0.0024483 0.120475 0.992713 -0.686268
-0.488124 0.870391 -0.0644552 -6.80119 -0.872103 -0.483519 0.0751426 5.66258 0.0342382 0.0928904 0.995087 -0.636903
-0.339315 0.933912 -0.112572 -7.17271 -0.939285 -0.329881 0.0944591 4.94487 0.0510811 0.137789 0.989144 -0.512915
-0.267279 0.955367 -0.125844 -7.51578 -0.95435 -0.24437 0.171753 3.99576 0.133335 0.166006 0.977069 -0.502463
-0.202982 0.975381 -0.0862031 -7.81192 -0.967768 -0.186433 0.169317 3.11373 0.149077 0.117793 0.981785 -0.347952
-0.0492299 0.99475 -0.0897131 -7.96918 -0.987197 -0.0348177 0.155659 2.28851 0.151719 0.0962276 0.983728 -0.333849
0.0900283 0.990104 -0.10765 -8.04578 -0.993986 0.0960912 0.0525162 1.54031 0.0623407 0.102274 0.992801 -0.119664
0.241286 0.967609 -0.0742558 -7.8287 -0.968909 0.244512 0.0378095 0.492549 0.0547413 0.0628242 0.996522 -0.227582
0.304098 0.945796 -0.113991 -7.57222 -0.951866 0.306492 0.00367057 -0.38558 0.038409 0.107388 0.993475 -0.102704
0.3858 0.91791 -0.0927316 -7.25894 -0.916829 0.39266 0.0724018 -1.23691 0.10287 0.0570864 0.993055 -0.101238
0.579115 0.814648 -0.0312265 -6.92047 -0.810353 0.579407 0.0872656 -2.13775 0.0891835 -0.0252323 0.995696 -0.116959
0.612892 0.777279 -0.14213 -6.2956 -0.772229 0.627318 0.100672 -3.11997 0.167411 0.0480556 0.984715 -0.133834
0.708403 0.699112 -0.0969927 -5.55506 -0.682071 0.713423 0.160643 -3.76513 0.181504 -0.0476443 0.982235 0.050919
0.775963 0.629531 -0.0396439 -4.85888 -0.615938 0.769762 0.167592 -4.45785 0.136021 -0.105627 0.985059 0.00469852
0.878614 0.472587 -0.0685531 -4.1442 -0.466402 0.88006 0.0892446 -5.0784 0.102507 -0.0464383 0.993648 0.103112
0.937567 0.34244 -0.060858 -3.23966 -0.337382 0.937954 0.0801032 -5.51852 0.0845126 -0.0545697 0.994927 0.104632
0.969851 0.230569 -0.0789119 -2.17918 -0.223502 0.970622 0.0891052 -5.95972 0.0971385 -0.0687817 0.992891 0.233951
0.992649 0.0678228 -0.10024 -1.22711 -0.0605836 0.995447 0.0735818 -6.08738 0.104774 -0.066968 0.992239 0.21541
0.99753 -0.033126 -0.0619413 -0.253548 0.0372538 0.997076 0.0667186 -6.14678 0.0595501 -0.0688614 0.995847 0.361401
0.981806 -0.167438 -0.0895602 0.816037 0.17433 0.981781 0.075597 -5.98286 0.0752707 -0.0898346 0.993108 0.372782
0.957418 -0.288346 0.0144283 1.96668 0.283375 0.948122 0.144097 -5.79418 -0.0552295 -0.133872 0.989458 0.301165
0.903638 -0.407113 0.133031 2.91089 0.399618 0.913176 0.0800968 -5.51953 -0.154089 -0.019217 0.98787 0.35244
0.871965 -0.468543 0.141933 3.84798 0.467902 0.882877 0.0399536 -5.13085 -0.144029 0.0315725 0.98907 0.0532657
0.80097 -0.589985 0.101812 4.72984 0.591148 0.806274 0.0215865 -4.52897 -0.0948237 0.0428956 0.994569 0.137461
0.758714 -0.645136 0.0902923 5.54743 0.64537 0.76326 0.0305192 -3.83861 -0.0886055 0.0351166 0.995448 -0.172678
0.662816 -0.742052 0.100165 6.23887 0.743083 0.668333 0.0340478 -3.10182 -0.0922085 0.0518631 0.994388 -0.399792
0.527897 -0.840549 0.121668 6.85433 0.845045 0.534165 0.0237973 -2.28671 -0.0849936 0.0902524 0.992286 -0.542041
0.432663 -0.892116 0.130122 7.30626 0.896314 0.441184 0.044463 -1.41339 -0.097074 0.0973928 0.990501 -0.696395
0.254107 -0.953783 0.160396 7.78686 0.963371 0.264299 0.04542 -0.491341 -0.0857133 0.142979 0.986007 -0.811705
0.180845 -0.973073 0.142914 8.1208 0.980146 0.190324 0.0555874 0.644071 -0.0812905 0.130024 0.988173 -0.932358
-0.0377115 -0.987723 0.151597 8.2266 0.995556 -0.0240357 0.0910525 1.54917 -0.0862909 0.154357 0.98424 -1.0166
-0.146078 -0.974876 0.168162 8.26351 0.984428 -0.126445 0.122119 2.49122 -0.0977876 0.183382 0.978166 -1.27946
-0.292127 -0.942711 0.161112 8.13631 0.949163 -0.265125 0.169699 3.55719 -0.117263 0.202495 0.972237 -1.39916
-0.381202 -0.893844 0.23607 7.83069 0.918117 -0.336086 0.210018 4.63861 -0.108384 0.296799 0.948769 -1.4883
-0.489342 -0.85739 0.159457 7.33914 0.868859 -0.463578 0.173721 5.62031 -0.075026 0.223555 0.971799 -1.76899
-0.606915 -0.781281 0.145788 6.75783 0.791515 -0.577599 0.199708 6.51638 -0.0718212 0.2366 0.968949 -1.98652
-0.682716 -0.726365 0.0793276 6.18853 0.720032 -0.650315 0.242168 7.54653 -0.124314 0.22245 0.966986 -2.15394
-0.755223 -0.642263 0.130905 5.30667 0.651065 -0.711932 0.263186 8.31882 -0.0758392 0.283992 0.955823 -2.23237
-0.770459 -0.613466 0.173355 4.27462 0.637361 -0.73583 0.228745 9.05017 -0.0127672 0.286728 0.957927 -2.37385
-0.857206 -0.491658 0.153198 3.3704 0.513312 -0.83963 0.177572 9.79559 0.0413256 0.230854 0.97211 -2.3752
-0.907485 -0.356489 0.222233 2.33526 0.401639 -0.891327 0.210291 10.3946 0.123115 0.280094 0.952045 -2.28402
-0.951893 -0.194155 0.237074 1.22111 0.247249 -0.943665 0.21992 10.9232 0.18102 0.267957 0.946272 -2.03955
-0.979845 -0.133621 0.148488 0.131279 0.1691 -0.950558 0.26047 11.0763 0.106342 0.28033 0.953995 -1.70782
-0.978863 0.00776736 0.204369 -1.2246 0.0594329 -0.94535 0.320594 11.2639 0.19569 0.325964 0.924907 -1.48154
-0.980266 0.107236 0.166072 -2.32251 -0.0641314 -0.967155 0.245964 11.3607 0.186994 0.23046 0.954946 -1.33735
-0.951014 0.302948 0.0615997 -3.42307 -0.274071 -0.918392 0.285378 11.3428 0.143027 0.254516 0.956433 -1.17655
-0.919936 0.390305 0.037156 -4.66083 -0.373429 -0.90113 0.220264 10.9767 0.119452 0.188754 0.974732 -0.977776
-0.826775 0.55937 -0.0595662 -5.73169 -0.560416 -0.809854 0.173408 10.6011 0.0487595 0.176751 0.983047 -0.886406
-0.806863 0.576672 -0.128149 -6.7595 -0.589693 -0.799158 0.116658 9.91724 -0.0351375 0.169696 0.98487 -0.779183
-0.683626 0.712693 -0.157242 -7.70893 -0.727277 -0.683247 0.0651231 9.15912 -0.0610223 0.158878 0.985411 -0.835836
-0.621417 0.763706 -0.174911 -8.59805 -0.782129 -0.617794 0.0812731 8.06646 -0.04599 0.187307 0.981224 -1.0456
-0.513815 0.848251 -0.128318 -9.32024 -0.857784 -0.510442 0.0604696 7.18113 -0.0142055 0.141139 0.989888 -1.07486
-0.420539 0.886766 -0.191817 -9.96775 -0.906962 -0.405341 0.114536 6.01505 0.0238155 0.222138 0.974724 -1.08993
-0.323158 0.934291 -0.150562 -10.5467 -0.941132 -0.300606 0.15462 4.8558 0.0992 0.191666 0.976434 -1.02798
-0.158053 0.958425 -0.237571 -10.8181 -0.978818 -0.120365 0.165613 3.69908 0.130132 0.258715 0.957148 -0.929312
-0.0629364 0.982588 -0.174816 -11.0406 -0.985877 -0.0339715 0.163987 2.35345 0.155193 0.182668 0.970849 -0.71586
0.0803562 0.968752 -0.234655 -10.9701 -0.994894 0.0923745 0.0406641 1.2435 0.0610695 0.230189 0.971228 -0.439955
0.264014 0.949962 -0.166942 -10.8493 -0.963789 0.266566 -0.00734252 -0.164334 0.037526 0.162835 0.985939 -0.51905
0.398313 0.902066 -0.166201 -10.5494 -0.917224 0.390363 -0.0794779 -1.34599 -0.00681552 0.184101 0.982884 -0.544369
0.487527 0.848368 -0.206372 -10.0187 -0.869523 0.493164 -0.0268035 -2.60377 0.0790358 0.192512 0.978106 -0.492547
0.574779 0.802916 -0.157968 -9.42375 -0.81302 0.582235 0.00113233 -3.87476 0.0928837 0.12778 0.987444 -0.366213
0.659182 0.716486 -0.228311 -8.68542 -0.735006 0.678037 0.00570175 -4.95844 0.158889 0.164052 0.973571 -0.233235
0.762385 0.627527 -0.158047 -7.73441 -0.638968 0.768633 -0.0303818 -5.97867 0.102414 0.124149 0.986964 0.059754
0.856399 0.511891 -0.0674463 -6.69711 -0.51213 0.858777 0.0150106 -6.93544 0.0656051 0.0216862 0.99761 0.146748
0.895274 0.443715 -0.040024 -5.45949 -0.443603 0.896141 0.0121196 -7.64109 0.0412448 0.00690445 0.999125 0.205784
0.9438 0.329628 -0.0242344 -4.28252 -0.328517 0.943617 0.0407804 -8.3762 0.0363104 -0.0305272 0.998874 0.273657
0.963071 0.264056 -0.0526141 -2.8185 -0.264755 0.964293 -0.00665969 -8.85888 0.0489769 0.0203436 0.998593 0.329967
0.990834 0.0911019 -0.0997413 -1.61498 -0.0977592 0.993149 -0.0640194 -9.18426 0.0932257 0.0731833 0.992952 0.392488
0.997478 0.00737012 -0.0705911 -0.205857 -0.010724 0.998826 -0.0472504 -9.21546 0.0701599 0.0478882 0.996386 0.456876
0.990799 -0.131763 -0.0309189 1.27617 0.129862 0.98989 -0.0570366 -9.03572 0.0381216 0.0524966 0.997893 0.512731
0.966301 -0.23225 0.111007 2.68266 0.234398 0.972119 -0.00652168 -8.81112 -0.106397 0.0323217 0.993798 0.52209
0.916051 -0.335695 0.219454 4.04321 0.344977 0.938602 -0.00424779 -8.23285 -0.204554 0.0795978 0.975614 0.296391
0.844436 -0.477085 0.243555 5.29429 0.505589 0.860076 -0.068191 -7.74847 -0.176942 0.180721 0.967487 0.00769384
0.77867 -0.591811 0.208408 6.45335 0.607173 0.794471 -0.0125285 -6.97738 -0.15816 0.136296 0.977962 -0.167131
0.710678 -0.661908 0.238358 7.55209 0.681397 0.731913 0.000863364 -5.99178 -0.175029 0.161803 0.971177 -0.449546
0.61467 -0.771912 0.162273 8.47949 0.78002 0.625421 0.0204244 -5.09219 -0.117255 0.114022 0.986535 -0.735044
0.435932 -0.882825 0.174878 9.41129 0.896573 0.442895 0.000878812 -4.03947 -0.0782284 0.156408 0.98459 -0.978679
0.413003 -0.881174 0.230134 10.0393 0.902807 0.429381 0.0238874 -2.65313 -0.119864 0.197901 0.972866 -1.07952
0.2853 -0.925662 0.248502 10.6076 0.944462 0.315642 0.091441 -1.26265 -0.163081 0.208613 0.964306 -1.35661
0.158362 -0.957108 0.242624 11.0991 0.978563 0.184902 0.0906913 0.0615461 -0.131663 0.223061 0.965872 -1.3851
-0.000746432 -0.964478 0.264163 11.2329 0.995757 0.0235902 0.088943 1.48003 -0.0920152 0.263109 0.960368 -1.52556
-0.119573 -0.967801 0.221504 11.1615 0.976564 -0.0744355 0.201945 2.87467 -0.178955 0.24046 0.95402 -1.82281
-0.276921 -0.93603 0.217167 11.0356 0.938695 -0.215228 0.26931 4.31866 -0.205342 0.278431 0.938249 -2.14891
-0.395547 -0.882974 0.252785 10.5436 0.899267 -0.316376 0.302036 5.6603 -0.186714 0.34679 0.91917 -2.32542
-0.521337 -0.833104 0.184786 9.95859 0.849035 -0.48464 0.210392 7.02482 -0.0857233 0.266575 0.959994 -2.62511
-0.59797 -0.762835 0.245996 9.23282 0.799123 -0.543697 0.256507 8.241 -0.0619256 0.349965 0.934714 -2.87228
-0.683763 -0.699 0.209443 8.33679 0.728824 -0.640109 0.243058 9.46757 -0.035831 0.318841 0.947131 -3.03797
-0.824996 -0.534527 0.183475 7.22901 0.564903 -0.770606 0.295043 10.5324 -0.0163219 0.347055 0.937703 -3.30432
-0.812751 -0.557184 0.170241 6.06065 0.581888 -0.761763 0.284821 11.4848 -0.029014 0.33055 0.943343 -3.26517
-0.869994 -0.439101 0.224278 4.73951 0.490067 -0.820136 0.295316 12.3314 0.0542654 0.366834 0.928702 -3.21212
-0.931996 -0.260176 0.252371 3.38984 0.335435 -0.882927 0.328515 13.0882 0.137353 0.390829 0.910157 -3.22981
-0.949212 -0.149109 0.277061 1.88212 0.246114 -0.900476 0.358568 13.6893 0.196021 0.408546 0.89144 -3.03328
-0.976058 -0.0228465 0.216307 0.456623 0.0991955 -0.931787 0.34919 14.0704 0.193575 0.362287 0.911744 -2.74586
-0.986688 -0.00360161 0.162585 -1.19486 0.0607939 -0.935439 0.34822 14.1036 0.150835 0.353469 0.923206 -2.5186
-0.982541 0.112069 0.148504 -2.73446 -0.0520169 -0.931859 0.359071 14.259 0.178626 0.345078 0.92142 -2.27786
-0.971256 0.231183 0.0567051 -4.33978 -0.198419 -0.9179 0.343642 14.1503 0.131494 0.322513 0.937387 -2.04152
-0.936722 0.349 -0.0273943 -5.80957 -0.335164 -0.871484 0.358024 13.6939 0.101077 0.344551 0.93331 -1.69937
-0.874808 0.463586 -0.140711 -7.38258 -0.48447 -0.836834 0.254946 13.1361 0.000437834 0.291199 0.956662 -1.47511
-0.753385 0.609434 -0.246984 -8.50093 -0.656395 -0.719505 0.226844 12.2999 -0.0394598 0.33302 0.942094 -1.45663
-0.685423 0.661246 -0.304876 -9.88461 -0.722465 -0.669789 0.171542 11.1756 -0.0907711 0.337841 0.936816 -1.53723
-0.588939 0.768509 -0.250092 -10.9445 -0.804306 -0.587602 0.0884072 10.0072 -0.0790126 0.253217 0.964178 -1.66205
-0.548785 0.798555 -0.247277 -12.0038 -0.835828 -0.518817 0.179498 8.61004 0.0150478 0.305187 0.952174 -1.72916
-0.421225 0.866979 -0.266303 -12.8613 -0.906574 -0.393963 0.151384 7.18622 0.0263332 0.30519 0.951927 -1.83723
-0.277566 0.925759 -0.256764 -13.3735 -0.95879 -0.250062 0.134871 5.75733 0.0606511 0.283619 0.957017 -1.71732
-0.0755998 0.95024 -0.302208 -13.7816 -0.994923 -0.051691 0.0863551 4.10948 0.0664366 0.307202 0.949323 -1.61618
-0.0667478 0.939068 -0.337187 -13.9697 -0.991508 -0.0246239 0.127696 2.36751 0.111612 0.342847 0.932737 -1.47754
0.107582 0.943498 -0.313428 -13.8865 -0.992231 0.121705 0.0257852 0.891194 0.062474 0.308219 0.949262 -1.33433
0.289646 0.903396 -0.316196 -13.8426 -0.954676 0.29634 -0.0278513 -0.864158 0.0685407 0.309932 0.948285 -1.18425
0.384674 0.882495 -0.270608 -13.2617 -0.921218 0.385517 -0.0522966 -2.37049 0.0581726 0.269406 0.961268 -1.17093
0.477534 0.838823 -0.261412 -12.6115 -0.872557 0.487638 -0.0292017 -4.05764 0.102979 0.242042 0.964785 -1.14151
0.584647 0.767686 -0.262385 -11.7585 -0.797306 0.603477 -0.0109098 -5.63163 0.149968 0.21558 0.964902 -0.936882
0.619331 0.757212 -0.207507 -10.7205 -0.775307 0.631512 -0.00955864 -7.00786 0.123805 0.166801 0.978187 -0.777075
0.745393 0.636791 -0.197197 -9.6868 -0.656909 0.751977 -0.0547875 -8.31366 0.113399 0.170379 0.978832 -0.422168
0.798253 0.567609 -0.201525 -8.25852 -0.587048 0.808042 -0.0494298 -9.5162 0.134784 0.157762 0.978235 -0.0490295
0.877597 0.469647 -0.096202 -6.79415 -0.479399 0.859598 -0.176827 -10.4598 -0.000351476 0.201302 0.979529 0.0553057
0.962705 0.267236 -0.0422345 -5.25897 -0.270089 0.958415 -0.0921607 -11.275 0.0158495 0.100131 0.994848 0.0968292
0.957337 0.277655 -0.0800919 -3.67071 -0.2848 0.953486 -0.0987551 -11.8557 0.0489467 0.117352 0.991883 0.146239
0.995263 0.0623255 -0.0746145 -1.93901 -0.0709943 0.990255 -0.119813 -12.114 0.06642 0.124543 0.989989 0.110781
0.998634 0.0380226 -0.0358474 -0.174587 -0.0431241 0.98707 -0.154381 -12.2155 0.0295139 0.155716 0.987361 0.183384
0.991863 -0.125474 0.0215486 1.73519 0.127308 0.976339 -0.174797 -12.0068 0.000893759 0.176118 0.984369 0.210147
0.953126 -0.273725 0.128941 3.44406 0.281608 0.958371 -0.0471412 -11.7781 -0.110669 0.0812423 0.990531 0.203089
0.890104 -0.401727 0.215246 5.16057 0.424723 0.902452 -0.0720448 -11.08 -0.165307 0.155547 0.973899 -0.0269403
0.852182 -0.483714 0.199517 6.76527 0.501128 0.864189 -0.0452666 -10.3371 -0.150524 0.138559 0.978848 -0.488023
0.784916 -0.543714 0.297123 8.3898 0.585586 0.80767 -0.0689743 -9.35396 -0.202475 0.22813 0.952345 -0.618906
0.682834 -0.675965 0.277144 9.54325 0.708364 0.705413 -0.0247542 -8.30184 -0.178768 0.213222 0.960509 -0.962596
0.639813 -0.718962 0.271537 10.8811 0.761706 0.640214 -0.0996526 -6.94872 -0.102196 0.27059 0.957255 -1.22565
0.50881 -0.798189 0.322501 12.0987 0.85098 0.522981 -0.0482145 -5.42312 -0.130178 0.298974 0.94534 -1.42159
0.377751 -0.854766 0.355919 12.8495 0.912544 0.408766 0.0131608 -3.91729 -0.156737 0.31982 0.934424 -1.77315
0.252603 -0.917854 0.306164 13.4318 0.963745 0.266784 0.00464784 -2.23937 -0.0859455 0.29389 0.951968 -2.02227
0.114735 -0.961807 0.248523 13.9317 0.985492 0.141698 0.0934151 -0.503051 -0.125063 0.2342 0.964111 -2.26856
-0.0479079 -0.959857 0.276369 14.2101 0.991005 -0.0110621 0.133369 1.23979 -0.124958 0.280272 0.951753 -2.52079
-0.188412 -0.939133 0.28728 14.1531 0.972674 -0.138034 0.186686 3.08145 -0.135669 0.314604 0.939478 -2.62881
-0.27469 -0.918939 0.283011 13.7358 0.942649 -0.19932 0.267741 4.99379 -0.189628 0.340326 0.920988 -3.00988
-0.335065 -0.877817 0.342299 13.2647 0.921621 -0.229846 0.312707 6.66591 -0.195824 0.420247 0.886028 -3.29282
-0.476861 -0.842753 0.249741 12.4912 0.869254 -0.410002 0.276219 8.38124 -0.13039 0.348806 0.92808 -3.64147
-0.58699 -0.773202 0.240002 11.5471 0.796191 -0.497605 0.344193 9.89225 -0.146705 0.393125 0.907706 -3.97911
-0.666624 -0.71256 0.218793 10.3269 0.738098 -0.590054 0.327182 11.3145 -0.104038 0.379598 0.919283 -4.24039
-0.76271 -0.62495 0.166468 8.89082 0.640641 -0.694792 0.326867 12.7847 -0.0886146 0.355951 0.930294 -4.4102
-0.853386 -0.465709 0.234195 7.67884 0.520293 -0.788593 0.327744 13.8928 0.0320513 0.401542 0.915279 -4.57243
-0.868716 -0.446251 0.214925 6.03159 0.494386 -0.807723 0.321196 14.8625 0.0302659 0.385284 0.922302 -4.48755
-0.899626 -0.38192 0.211682 4.14874 0.432435 -0.846511 0.310514 15.8046 0.0605993 0.370885 0.926699 -4.40943
-0.939514 -0.289775 0.182602 2.49054 0.335596 -0.885395 0.321638 16.4766 0.0684725 0.363464 0.929089 -4.21545
-0.978625 -0.115182 0.170372 0.623014 0.170882 -0.91637 0.362031 16.9218 0.114424 0.383406 0.916465 -3.94037
-0.986709 0.0389681 0.157753 -1.34897 0.0373526 -0.890429 0.453587 17.0437 0.158143 0.453451 0.877139 -3.60211
-0.973679 0.198398 0.112199 -3.15008 -0.123148 -0.872147 0.473492 17.0835 0.191793 0.447212 0.873623 -3.54563
-0.968288 0.240974 0.0659488 -5.05946 -0.176268 -0.845999 0.503205 16.8758 0.177052 0.475622 0.861647 -3.17057
-0.917033 0.388169 -0.0915128 -6.95448 -0.37601 -0.765059 0.522783 16.4803 0.132915 0.513819 0.84754 -2.8046
-0.853892 0.44999 -0.261492 -8.75 -0.520265 -0.751453 0.405762 15.6385 -0.01391 0.482522 0.875773 -2.52641
-0.770256 0.557522 -0.309638 -10.3489 -0.637733 -0.67214 0.376197 14.4974 0.00161781 0.487234 0.87327 -2.59152
-0.67282 0.66749 -0.319015 -11.8786 -0.739424 -0.62061 0.260952 13.1067 -0.023801 0.411461 0.911117 -2.61051
-0.57456 0.764252 -0.292917 -13.2225 -0.817979 -0.54849 0.173406 11.7887 -0.0281355 0.339232 0.940282 -2.71372
-0.513212 0.791482 -0.331917 -14.5753 -0.858091 -0.480898 0.180046 10.0714 -0.0171151 0.377217 0.925967 -2.77126
-0.377986 0.859936 -0.342983 -15.5179 -0.9255 -0.341368 0.164065 8.40781 0.0240022 0.379445 0.924903 -2.72827
-0.234328 0.913995 -0.331215 -16.1309 -0.971675 -0.209461 0.109429 6.57325 0.0306414 0.347475 0.937188 -2.73729
-0.104346 0.928112 -0.35738 -16.6373 -0.993614 -0.0817762 0.0777387 4.4028 0.0429251 0.363209 0.930718 -2.68763
-0.059055 0.932702 -0.355779 -16.7842 -0.99211 -0.0153543 0.124426 2.38792 0.110589 0.36032 0.92625 -2.5264
0.100231 0.924866 -0.366847 -16.6938 -0.990774 0.12658 0.0484227 0.384197 0.09122 0.358609 0.92902 -2.25421
0.218891 0.910313 -0.351309 -16.4661 -0.970624 0.239992 0.0170999 -1.74414 0.0998776 0.337246 0.936104 -2.19167
0.352741 0.870774 -0.342529 -16.0406 -0.932761 0.356314 -0.0547524 -3.52945 0.0743708 0.338811 0.937911 -2.0852
0.455435 0.82935 -0.323663 -15.0691 -0.885123 0.460852 -0.0645983 -5.58763 0.0955863 0.315902 0.943965 -1.86793
0.522193 0.789106 -0.323461 -14.2617 -0.838503 0.544283 -0.0258575 -7.3038 0.15565 0.284725 0.945888 -1.71471
0.677338 0.677143 -0.287561 -13.0684 -0.7235 0.683945 -0.0936349 -8.94165 0.133272 0.271473 0.953174 -1.49734
0.746739 0.580188 -0.325212 -11.6567 -0.632148 0.771132 -0.0757931 -10.4493 0.206807 0.26218 0.942599 -1.14315
0.820542 0.499553 -0.277772 -10.0566 -0.550961 0.820626 -0.151708 -11.9017 0.152161 0.277525 0.948592 -0.649883
0.87906 0.450385 -0.156227 -8.34873 -0.473744 0.861852 -0.181045 -13.0958 0.0531043 0.233161 0.970987 -0.605483
0.935366 0.336988 -0.107373 -6.32697 -0.352019 0.916428 -0.190375 -14.1717 0.0342461 0.215868 0.975822 -0.662378
0.963847 0.256044 -0.0737644 -4.36682 -0.266218 0.937069 -0.225898 -14.6996 0.0112824 0.237369 0.971354 -0.492569
0.986562 0.143399 -0.0783121 -2.2452 -0.161268 0.931606 -0.325735 -15.2 0.0262458 0.333987 0.942212 -0.332468
0.999652 -0.0230913 0.0127708 -0.161097 0.0252907 0.976503 -0.214015 -15.3515 -0.00752884 0.214264 0.976747 -0.351816
0.979225 -0.196736 0.0491288 2.03586 0.20258 0.938433 -0.279829 -15.0681 0.00894829 0.283968 0.958792 -0.336305
0.953492 -0.275095 0.123193 4.29784 0.298692 0.917197 -0.263691 -14.6556 -0.0404521 0.288223 0.956708 -0.403296
0.901932 -0.367142 0.227434 6.41724 0.412106 0.889152 -0.198943 -13.914 -0.129183 0.27316 0.953255 -0.592514
0.843575 -0.46631 0.266337 8.34101 0.508514 0.853058 -0.117072 -12.9079 -0.172609 0.234195 0.956744 -0.938271
0.780123 -0.555259 0.288262 10.0149 0.604923 0.787017 -0.121125 -11.7336 -0.159611 0.268869 0.94986 -1.45767
0.706688 -0.646782 0.286818 11.5946 0.677731 0.735214 -0.0119277 -10.4371 -0.203158 0.202814 0.957911 -1.72155
0.571999 -0.755552 0.319311 13.1103 0.810479 0.58052 -0.0782315 -9.031 -0.126258 0.303543 0.944415 -2.04698
0.51487 -0.781265 0.352893 14.4066 0.852127 0.511424 -0.111017 -7.01712 -0.0937437 0.357869 0.929054 -2.43536
0.395766 -0.813177 0.426747 15.5592 0.908068 0.415864 -0.0497043 -5.08049 -0.13705 0.407186 0.903004 -2.77974
0.327474 -0.871251 0.365625 16.2303 0.941972 0.33127 -0.054297 -3.02534 -0.0738143 0.36219 0.929177 -2.99611
0.171563 -0.879778 0.443348 16.8465 0.980634 0.195651 0.00877169 -0.900246 -0.0944587 0.433258 0.896307 -3.10635
0.011657 -0.927197 0.374392 17.14 0.990701 0.0614679 0.121381 1.18477 -0.135557 0.369496 0.919292 -3.37983
-0.125086 -0.921888 0.366711 17.0379 0.977916 -0.0521865 0.202376 3.42437 -0.16743 0.383927 0.908057 -3.63389
-0.244989 -0.921715 0.300702 16.591 0.940716 -0.15094 0.303762 5.42263 -0.234594 0.357293 0.904051 -4.07878
-0.440334 -0.831459 0.338795 16.0024 0.888243 -0.348416 0.299383 7.41775 -0.130883 0.432761 0.891957 -4.54327
-0.494833 -0.811089 0.311888 15.0136 0.862422 -0.414334 0.290785 9.44931 -0.106626 0.412869 0.904527 -4.9782
-0.62159 -0.721009 0.306221 13.8161 0.778266 -0.523987 0.346035 11.296 -0.0890385 0.453413 0.886842 -5.32625
-0.714789 -0.623233 0.317266 12.5371 0.698937 -0.621229 0.354347 13.0724 -0.0237453 0.475032 0.879648 -5.50355
-0.72721 -0.624469 0.284965 10.9173 0.68358 -0.621154 0.383258 14.7592 -0.0623259 0.473505 0.878583 -5.51974
-0.788505 -0.55823 0.258144 9.10179 0.613188 -0.681103 0.400124 16.1752 -0.0475384 0.473791 0.879354 -5.71185
-0.89254 -0.414669 0.177265 7.3374 0.450556 -0.803125 0.389858 17.4053 -0.0192962 0.427831 0.903653 -5.71384
-0.93652 -0.316703 0.150428 5.25229 0.350209 -0.865562 0.35799 18.363 0.0168285 0.387946 0.921528 -5.56314
-0.975291 -0.195801 0.102317 3.19409 0.219957 -0.903862 0.36695 19.2037 0.0206317 0.380389 0.924597 -5.5222
-0.989156 -0.0797705 0.123315 0.990596 0.121813 -0.91466 0.385434 19.7015 0.0820447 0.396275 0.914459 -5.34073
-0.995759 0.036801 0.0843221 -1.45819 0.00547643 -0.891182 0.453613 19.7741 0.0918398 0.452151 0.887201 -5.20133
-0.987884 0.149637 0.0411686 -3.65918 -0.108851 -0.857133 0.503462 19.6643 0.110624 0.492881 0.863036 -4.89528
-0.972473 0.217489 -0.0836379 -6.08565 -0.229205 -0.828167 0.511473 19.4548 0.0419736 0.516563 0.85522 -4.70017
-0.917953 0.388033 -0.0824221 -8.07199 -0.374717 -0.779992 0.501198 18.8607 0.130193 0.490961 0.861398 -4.52849
-0.863003 0.481364 -0.153348 -10.1621 -0.495629 -0.747903 0.44158 17.786 0.0978713 0.457088 0.88402 -4.24043
-0.804849 0.542075 -0.241607 -12.2038 -0.592485 -0.710332 0.379987 16.527 0.0343602 0.44898 0.892881 -4.04241
-0.69721 0.630607 -0.340929 -13.9771 -0.712668 -0.661123 0.234567 15.1063 -0.0774757 0.406511 0.910355 -3.98573
-0.612016 0.714106 -0.339837 -15.5787 -0.790303 -0.568159 0.229383 13.3857 -0.0292778 0.408961 0.912082 -3.92924
-0.490391 0.789296 -0.369499 -17.0081 -0.871487 -0.441584 0.213341 11.438 0.00522458 0.426634 0.904409 -4.08345
-0.336362 0.813396 -0.474603 -18.2344 -0.941652 -0.297097 0.158192 9.40014 -0.0123303 0.50012 0.865868 -3.91084
-0.210099 0.818048 -0.535403 -18.862 -0.977461 -0.16415 0.132762 7.1336 0.0207193 0.551229 0.834097 -3.94069
-0.136677 0.856513 -0.4977 -19.2716 -0.987936 -0.0809281 0.132031 4.7771 0.0728082 0.509742 0.857241 -3.98979
-0.0437511 0.880669 -0.471707 -19.5086 -0.987425 0.0336776 0.15446 2.38219 0.151914 0.472533 0.868121 -3.82968
0.0964774 0.900632 -0.423739 -19.5128 -0.989556 0.132602 0.0565336 -0.00964939 0.107104 0.413859 0.904018 -3.51561
0.235059 0.895241 -0.378539 -19.1739 -0.963479 0.266004 0.030813 -2.41278 0.128278 0.357472 0.925072 -3.44484
0.367545 0.854973 -0.365966 -18.5992 -0.909252 0.413019 0.0517236 -4.65161 0.195373 0.313745 0.92919 -3.22291
0.411569 0.848397 -0.332917 -17.5616 -0.899276 0.437373 0.00285821 -6.92879 0.148034 0.298208 0.942952 -2.9195
0.565322 0.747606 -0.348563 -16.6063 -0.807631 0.587602 -0.049565 -9.01023 0.167761 0.30953 0.935974 -2.6666
0.65047 0.687828 -0.322151 -15.1318 -0.752674 0.640612 -0.151979 -11.0674 0.101838 0.341332 0.93441 -2.24011
0.731531 0.593468 -0.335646 -13.4856 -0.663775 0.73238 -0.151733 -12.8404 0.155771 0.333791 0.929688 -2.0452
0.815237 0.509957 -0.274467 -11.6324 -0.564478 0.805629 -0.179794 -14.5106 0.129431 0.301505 0.944639 -1.63165
0.887797 0.412544 -0.204018 -9.60461 -0.450728 0.869 -0.204166 -15.7411 0.0930641 0.273215 0.957441 -1.54477
0.944635 0.276941 -0.175976 -7.34984 -0.315448 0.914113 -0.254734 -16.7768 0.0903158 0.296142 0.950864 -1.33917
0.963639 0.239648 -0.11819 -4.99581 -0.262723 0.930441 -0.255452 -17.4732 0.0487503 0.277215 0.95957 -1.26352
0.996736 0.0740845 -0.0320791 -2.56267 -0.0807057 0.924424 -0.372729 -18.1489 0.00204118 0.374102 0.927385 -1.18848
0.997826 -0.0485369 0.0445787 -0.158123 0.0609038 0.937571 -0.342421 -18.2673 -0.0251756 0.344391 0.938489 -1.10154
0.986302 -0.147478 0.0738772 2.54639 0.162736 0.943115 -0.289917 -17.9794 -0.0269183 0.297968 0.954196 -1.33873
0.977978 -0.194245 0.0763448 4.98757 0.208057 0.936267 -0.283047 -17.4188 -0.0164985 0.292698 0.956063 -1.38816
0.913572 -0.363763 0.181829 7.50631 0.394858 0.900428 -0.182526 -16.7131 -0.0973279 0.238547 0.966241 -1.50878
0.830397 -0.494704 0.256337 9.68496 0.545886 0.814491 -0.196501 -15.6057 -0.111574 0.303104 0.946403 -1.78312
0.762223 -0.573113 0.300927 11.6456 0.636893 0.747067 -0.190415 -14.1895 -0.115684 0.336797 0.934444 -2.22811
0.702369 -0.625209 0.340281 13.6433 0.697636 0.699561 -0.154656 -12.5842 -0.141355 0.346018 0.927518 -2.54907
0.578577 -0.712356 0.397238 15.4089 0.804476 0.578672 -0.134004 -10.7968 -0.134412 0.3971 0.907879 -3.09028
0.513729 -0.752523 0.412058 16.7769 0.842217 0.533897 -0.0749948 -8.64326 -0.163561 0.385569 0.908066 -3.49419
0.430256 -0.773982 0.464577 17.9301 0.892088 0.443268 -0.0877042 -6.36115 -0.138051 0.452179 0.881179 -4.0363
0.321429 -0.839638 0.437826 18.8769 0.946611 0.296982 -0.125417 -3.93175 -0.0247218 0.454763 0.890269 -4.3582
0.191765 -0.855359 0.481235 19.5373 0.978143 0.206729 -0.0223309 -1.42266 -0.0803841 0.474999 0.876307 -4.40266
0.0284218 -0.865334 0.50039 20.1024 0.997141 0.0596077 0.0464437 1.01689 -0.0700164 0.497639 0.864554 -4.66089
-0.21378 -0.832364 0.511339 19.9586 0.962413 -0.0896982 0.256352 3.47017 -0.167512 0.546922 0.820254 -4.86613
-0.353484 -0.832659 0.426296 19.3457 0.907824 -0.19544 0.371024 5.88956 -0.225621 0.518153 0.824992 -5.34759
-0.360192 -0.811904 0.459428 18.2889 0.912875 -0.205323 0.352848 8.36514 -0.192148 0.546493 0.815122 -5.94473
-0.50303 -0.757351 0.41639 17.3503 0.854556 -0.363818 0.370636 10.7057 -0.129211 0.542269 0.83021 -6.35819
-0.573534 -0.732 0.367742 15.9995 0.813005 -0.453607 0.365053 12.8545 -0.100408 0.508347 0.855279 -6.80135
-0.728557 -0.591079 0.346166 14.5054 0.68495 -0.623564 0.376844 14.9223 -0.00688814 0.511659 0.859161 -7.01218
-0.755904 -0.571453 0.319453 12.6912 0.654515 -0.670652 0.349049 16.7106 0.0147771 0.472935 0.880974 -7.00278
-0.825956 -0.456454 0.330827 10.7377 0.557802 -0.746648 0.362455 18.3765 0.0815674 0.483908 0.871309 -7.15136
-0.888634 -0.382335 0.253278 8.4894 0.455212 -0.802504 0.385707 19.7784 0.0557871 0.458047 0.887176 -6.951
-0.925724 -0.325021 0.193379 6.14344 0.371474 -0.877407 0.303586 21.0334 0.0710003 0.352872 0.932974 -6.84258
-0.971249 -0.229119 0.064645 3.78522 0.237664 -0.917431 0.319118 21.9273 -0.0138087 0.325306 0.945508 -6.71701
-0.996703 -0.063275 0.0507965 1.16308 0.0785627 -0.909113 0.409073 22.3936 0.0202956 0.411715 0.911087 -6.61439
-0.998469 0.0479679 0.0275321 -1.56762 -0.029935 -0.88728 0.460258 22.4862 0.0465063 0.458729 0.887358 -6.6362
-0.993679 0.112249 0.00145081 -4.29303 -0.0958713 -0.855274 0.509229 22.2659 0.0584016 0.505871 0.86063 -6.54395
-0.976702 0.203627 -0.0677437 -6.79744 -0.208661 -0.827356 0.521481 21.9413 0.0501394 0.523467 0.850569 -6.29346
-0.941752 0.322249 -0.096226 -9.37804 -0.322573 -0.784581 0.529508 21.1586 0.0951365 0.529705 0.842829 -6.09531
-0.880218 0.425274 -0.210614 -11.6561 -0.472295 -0.741608 0.476398 20.0815 0.0464066 0.518806 0.853631 -5.77128
-0.818555 0.526738 -0.229159 -13.8979 -0.567682 -0.680823 0.462837 18.7227 0.087777 0.508947 0.856311 -5.55696
-0.68996 0.611871 -0.386741 -15.9655 -0.72384 -0.585662 0.364769 17.0579 -0.00330793 0.531614 0.84698 -5.25426
-0.562587 0.730585 -0.386964 -17.7949 -0.82636 -0.511079 0.23649 15.0153 -0.0249931 0.452818 0.891253 -5.39486
-0.435162 0.810755 -0.391549 -19.2837 -0.900331 -0.388896 0.195355 12.7317 0.00611311 0.437535 0.89918 -5.45699
-0.354374 0.817708 -0.453623 -20.409 -0.934178 -0.331157 0.132839 10.2744 -0.041597 0.470839 0.881238 -5.47103
-0.200105 0.846773 -0.492882 -21.2427 -0.979755 -0.176138 0.095164 7.70709 -0.00623275 0.501946 0.864876 -5.63534
-0.178473 0.883317 -0.433472 -21.7469 -0.976272 -0.104062 0.189904 4.8349 0.122637 0.45708 0.88093 -5.59527
-0.0525183 0.887789 -0.457244 -22.1407 -0.991822 0.00696204 0.127437 2.22452 0.11632 0.460198 0.880163 -5.28005
0.0646893 0.896492 -0.438312 -22.1425 -0.993457 0.0992831 0.0564449 -0.385123 0.0941193 0.431793 0.897049 -4.92938
0.217897 0.879238 -0.42363 -21.8343 -0.964272 0.260955 0.0456275 -3.20785 0.150666 0.398552 0.904686 -4.57211
0.270855 0.864569 -0.42327 -21.1757 -0.950535 0.309667 0.0242677 -5.92756 0.152054 0.39576 0.905679 -4.19007
0.401562 0.831801 -0.383217 -20.2486 -0.902245 0.431116 -0.00966618 -8.41599 0.157171 0.349637 0.923608 -3.89658
0.540541 0.728394 -0.42102 -18.9802 -0.827636 0.550261 -0.110598 -10.7758 0.151112 0.408234 0.900283 -3.61144
0.6716 0.640163 -0.373022 -17.3898 -0.73956 0.609637 -0.285294 -12.9611 0.044773 0.467476 0.882871 -3.22695
0.682306 0.631026 -0.369139 -15.308 -0.723814 0.654044 -0.219819 -14.9977 0.102721 0.417172 0.903004 -3.22681
0.802808 0.498794 -0.326656 -13.2293 -0.582283 0.773724 -0.249596 -16.8998 0.128244 0.390584 0.911591 -2.71643
0.896506 0.396385 -0.19788 -10.881 -0.440288 0.846775 -0.298527 -18.3627 0.0492287 0.354755 0.933662 -2.43549
0.941954 0.300409 -0.149923 -8.34109 -0.334775 0.874266 -0.351545 -19.5008 0.0254651 0.38133 0.924088 -2.42225
0.978923 0.186537 -0.0831491 -5.68285 -0.203653 0.922176 -0.328811 -20.3396 0.0153426 0.338814 0.940728 -2.33285
0.993319 0.114116 -0.0172003 -2.70312 -0.112312 0.921627 -0.371469 -20.8337 -0.0265383 0.370918 0.928286 -2.19864
0.997574 -0.0593634 0.0363647 0.0565102 0.0689514 0.914547 -0.398559 -21.0438 -0.00959735 0.4001 0.916421 -2.27322
0.985946 -0.156989 0.0571415 2.92985 0.167065 0.926871 -0.336154 -20.7974 -0.000190221 0.340976 0.940072 -2.35496
0.968261 -0.233237 0.0898371 5.80622 0.24849 0.936978 -0.245613 -20.3319 -0.0268892 0.260141 0.965196 -2.32987
0.908159 -0.354536 0.222602 8.51906 0.400475 0.890655 -0.215297 -19.5023 -0.121931 0.284671 0.950839 -2.36209
0.806799 -0.441056 0.393121 11.1007 0.544819 0.812802 -0.206217 -18.2141 -0.228576 0.380556 0.896064 -2.54271
0.778644 -0.528647 0.338003 13.408 0.607602 0.769716 -0.19585 -16.4288 -0.156631 0.357869 0.920541 -3.43718
0.663822 -0.598274 0.448786 15.5997 0.732137 0.642353 -0.226625 -14.7277 -0.152695 0.479011 0.864426 -3.77767
0.62133 -0.65138 0.435492 17.475 0.771263 0.606464 -0.193275 -12.609 -0.138215 0.455966 0.879199 -4.32008
0.472411 -0.760648 0.445245 19.0998 0.87209 0.476551 -0.11117 -10.1788 -0.127621 0.440811 0.888481 -4.92215
0.443197 -0.762649 0.471107 20.3661 0.890212 0.436206 -0.131323 -7.57209 -0.105346 0.477588 0.872245 -5.35145
0.282622 -0.846231 0.451683 21.3668 0.952445 0.303476 -0.0273905 -4.87337 -0.113896 0.437945 0.891758 -5.66397
0.14459 -0.848301 0.509391 22.2654 0.9832 0.181132 0.0225639 -2.14064 -0.111408 0.497571 0.860239 -5.95536
0.00651546 -0.837695 0.5461 22.6194 0.992181 0.0734845 0.100885 0.769238 -0.12464 0.541172 0.831623 -6.24998
-0.136132 -0.831333 0.538844 22.4345 0.970536 -0.00275755 0.24094 3.68102 -0.198815 0.555767 0.807215 -6.5863
-0.320549 -0.771184 0.550021 21.9606 0.93697 -0.172908 0.303627 6.2783 -0.13905 0.612681 0.778002 -7.19913
-0.405561 -0.746803 0.527072 20.9335 0.906739 -0.255817 0.335235 9.03703 -0.115521 0.613875 0.780905 -7.75961
-0.44537 -0.776086 0.446471 19.5485 0.889908 -0.328822 0.316132 11.6995 -0.0985359 0.538114 0.837093 -8.12637
-0.572492 -0.713925 0.403193 18.2097 0.815298 -0.443594 0.372174 14.2892 -0.0868501 0.541789 0.836015 -8.43358
-0.684939 -0.620272 0.382259 16.3498 0.726837 -0.545207 0.417681 16.6815 -0.0506656 0.563926 0.82427 -8.51265
-0.748534 -0.574222 0.331611 14.357 0.663092 -0.649958 0.3713 18.8381 0.00232439 0.497819 0.867278 -8.71619
-0.806411 -0.490724 0.329986 12.2305 0.590449 -0.699044 0.40337 20.5871 0.0327317 0.520122 0.853465 -8.54444
-0.867233 -0.367643 0.335776 9.73979 0.491592 -0.739262 0.460249 22.2994 0.0790192 0.564208 0.821843 -8.4228
-0.899479 -0.288617 0.328083 7.08382 0.412618 -0.80813 0.420324 23.6967 0.143821 0.513445 0.845984 -8.04428
-0.983188 -0.164308 0.0796487 4.38346 0.182504 -0.898105 0.400124 24.6897 0.00578923 0.407933 0.912993 -7.84141
-0.999221 -0.036496 0.0150366 1.3053 0.0389726 -0.851763 0.522475 25.1575 -0.00626063 0.522654 0.852522 -7.92007
-0.999831 0.016286 -0.00848276 -1.70096 -0.018353 -0.871244 0.490506 25.1359 0.000597827 0.490579 0.871396 -8.02581
-0.991697 0.125915 -0.0261328 -4.52904 -0.120137 -0.834623 0.537561 24.9419 0.0458758 0.536237 0.84282 -8.08982
-0.954193 0.286749 -0.0853822 -7.50242 -0.287153 -0.797584 0.530475 24.493 0.0840134 0.530693 0.84339 -7.98993
-0.904455 0.40616 -0.130368 -10.2856 -0.412142 -0.753242 0.512606 23.5482 0.110001 0.51736 0.848669 -7.71458
-0.850007 0.491946 -0.188353 -13.0046 -0.517349 -0.712291 0.474332 22.4427 0.0991832 0.50063 0.859961 -7.43539
-0.768348 0.574936 -0.281231 -15.5635 -0.634901 -0.629136 0.448428 20.8519 0.0808852 0.523103 0.848423 -7.15543
-0.662833 0.631878 -0.401725 -17.8965 -0.748676 -0.550899 0.368774 18.8484 0.01171 0.545198 0.838226 -6.95112
-0.573794 0.689513 -0.441964 -19.9255 -0.818987 -0.486058 0.304972 16.539 -0.00453782 0.536954 0.843599 -6.83036
-0.44474 0.742731 -0.500557 -21.6342 -0.895446 -0.380925 0.230374 13.9684 -0.0195686 0.550678 0.834488 -6.89148
-0.36713 0.780523 -0.505963 -22.9219 -0.93016 -0.305657 0.203409 11.2115 0.00411427 0.545305 0.838228 -6.9981
-0.210592 0.795716 -0.567879 -23.8419 -0.976617 -0.145543 0.158232 8.30349 0.0432571 0.587923 0.80776 -7.17406
-0.16095 0.847956 -0.50504 -24.32 -0.983178 -0.0929838 0.157208 5.1998 0.0863451 0.521847 0.848658 -7.04708
-0.0806734 0.845088 -0.528506 -24.7354 -0.991718 -0.0148908 0.127569 2.14101 0.0999376 0.53442 0.83929 -6.82597
0.0598912 0.833293 -0.549577 -24.9231 -0.98526 0.137727 0.101457 -0.81373 0.160235 0.535401 0.829259 -6.51995
0.181299 0.81906 -0.544308 -24.5097 -0.95983 0.267896 0.0834201 -3.90035 0.214144 0.507319 0.834727 -5.98395
0.338782 0.808362 -0.481433 -23.8726 -0.93097 0.362026 -0.0472515 -6.81121 0.136095 0.464207 0.875208 -5.50581
0.441494 0.799179 -0.407916 -22.701 -0.889541 0.449368 -0.0823733 -9.77973 0.117474 0.399225 0.909296 -5.12475
0.55344 0.714312 -0.428326 -21.1285 -0.827263 0.531115 -0.183174 -12.451 0.0966475 0.455714 0.884864 -4.95161
0.654056 0.630269 -0.418296 -19.304 -0.753239 0.593513 -0.283501 -14.8121 0.0695824 0.500503 0.862934 -4.76117
0.697522 0.585091 -0.41368 -17.0608 -0.708087 0.65134 -0.272706 -17.0737 0.109889 0.483141 0.868619 -4.48856
0.806325 0.469599 -0.359608 -14.6613 -0.579384 0.749391 -0.320511 -19.3019 0.118975 0.466787 0.87633 -4.05642
0.890182 0.377242 -0.255469 -12.102 -0.452109 0.800748 -0.392938 -20.9348 0.0563337 0.465287 0.883366 -3.71842
0.943389 0.29391 -0.153733 -9.26983 -0.331395 0.85466 -0.399667 -22.1215 0.013923 0.427988 0.903677 -3.68533
0.981237 0.175204 -0.0804772 -6.15411 -0.19278 0.898019 -0.395471 -23.1595 0.00298188 0.403565 0.914946 -3.57846
0.994588 0.0604046 -0.0845321 -3.04352 -0.0896294 0.910329 -0.404063 -23.6567 0.0525448 0.409453 0.910817 -3.46926
0.999305 0.0158658 -0.0337325 0.219273 -0.0284305 0.909657 -0.414385 -23.8175 0.0241105 0.415056 0.909476 -3.38792
0.984001 -0.178067 0.00583265 3.39634 0.164152 0.893406 -0.418186 -23.7758 0.0692543 0.412453 0.908343 -3.40053
0.974535 -0.207642 0.0846591 6.55819 0.224098 0.91515 -0.335084 -23.2108 -0.00789837 0.345522 0.938377 -3.35008
0.893962 -0.366966 0.257231 9.53125 0.436802 0.841815 -0.317098 -22.262 -0.100177 0.395833 0.912842 -3.47315
0.805872 -0.453908 0.380181 12.3987 0.572013 0.762638 -0.301968 -20.8197 -0.152875 0.460816 0.87423 -3.88004
0.787566 -0.493668 0.368825 14.9438 0.607021 0.724583 -0.326349 -18.8968 -0.106136 0.480906 0.870324 -4.52129
0.66955 -0.571452 0.474495 17.3474 0.727839 0.632202 -0.265653 -16.8024 -0.148169 0.523224 0.839215 -5.10535
0.568475 -0.598361 0.564624 19.4804 0.789647 0.589428 -0.170386 -14.3789 -0.230853 0.542714 0.807569 -5.76513
0.474584 -0.705166 0.526793 21.3418 0.873692 0.450088 -0.184615 -11.7209 -0.106919 0.54787 0.829703 -6.49968
0.430134 -0.762188 0.483792 22.7336 0.894053 0.433921 -0.111273 -8.82842 -0.125116 0.480398 0.868081 -6.80074
0.29895 -0.792932 0.530931 24.0156 0.945349 0.32198 -0.0514262 -5.84725 -0.130172 0.517289 0.845853 -7.1046
0.141746 -0.803446 0.578259 24.6962 0.981457 0.190213 0.0237053 -2.83048 -0.129038 0.564176 0.815509 -7.45831
-0.00708408 -0.811612 0.584154 25.144 0.993969 0.0582125 0.0929331 0.43314 -0.109431 0.58129 0.806305 -7.94112
-0.177737 -0.735087 0.65426 24.9831 0.961065 0.0132792 0.276003 3.71892 -0.211574 0.677843 0.704106 -8.46217
-0.311423 -0.729015 0.609551 24.2409 0.932992 -0.112802 0.341761 6.74355 -0.180391 0.675139 0.715295 -9.12873
-0.374979 -0.742804 0.554647 23.1824 0.918568 -0.217044 0.33034 9.79069 -0.124995 0.633352 0.763703 -9.61621
-0.452922 -0.698294 0.554298 21.9537 0.890779 -0.32858 0.313924 12.6438 -0.0370799 0.63594 0.770847 -10.0458
-0.566049 -0.672351 0.477003 20.2904 0.82435 -0.457443 0.333457 15.596 -0.00599862 0.581971 0.813188 -10.1704
-0.639813 -0.643082 0.420815 18.3419 0.768111 -0.516993 0.377788 18.2813 -0.0253901 0.564946 0.824737 -10.2029
-0.748268 -0.561206 0.353756 16.1574 0.663212 -0.620244 0.418864 20.6868 -0.0156538 0.548038 0.836307 -10.3043
-0.815144 -0.469418 0.339391 13.6453 0.577575 -0.703287 0.414481 22.6715 0.0441242 0.533886 0.844405 -10.2732
-0.850195 -0.353811 0.389855 10.9072 0.513749 -0.719355 0.467536 24.5619 0.115025 0.597785 0.793361 -10.247
-0.870068 -0.270492 0.412087 8.02035 0.469913 -0.707634 0.52767 26.1682 0.148877 0.652754 0.742798 -9.74373
-0.990686 -0.124208 0.0557931 5.02486 0.127257 -0.698826 0.703881 27.4918 -0.0484382 0.704425 0.708123 -9.31536
-0.999874 -0.00417135 0.0153174 1.50408 0.0131186 -0.760466 0.649245 27.8129 0.00894015 0.649364 0.760425 -9.62785
-0.994712 0.0581745 -0.0846413 -1.85428 -0.0943356 -0.843372 0.528985 27.6778 -0.0406107 0.534172 0.8444 -9.63488
-0.986333 0.164063 0.0151776 -5.09198 -0.129073 -0.826646 0.547719 27.3576 0.102407 0.538275 0.836525 -9.75119
-0.960275 0.276526 -0.0374851 -8.38372 -0.25626 -0.820667 0.510722 26.8863 0.110465 0.500039 0.858928 -9.59941
-0.921496 0.376324 -0.0960486 -11.4816 -0.370521 -0.777657 0.507901 25.8462 0.116442 0.503617 0.856044 -9.37989
-0.87194 0.46395 -0.156434 -14.5052 -0.474164 -0.720534 0.505964 24.3598 0.122026 0.515345 0.84825 -9.17412
-0.791975 0.549746 -0.265623 -17.381 -0.607197 -0.663623 0.43694 22.7726 0.0639321 0.507331 0.859377 -8.95374
-0.686574 0.635269 -0.353625 -19.9351 -0.724609 -0.557969 0.40449 20.6156 0.0596483 0.533952 0.843408 -8.77182
-0.606852 0.641163 -0.469724 -22.1402 -0.794222 -0.511997 0.327217 17.9583 -0.0306975 0.571637 0.819932 -8.68661
-0.472884 0.733417 -0.488345 -23.9976 -0.880302 -0.417184 0.225889 15.164 -0.0380589 0.53671 0.842908 -8.76059
-0.355227 0.785813 -0.506273 -25.3069 -0.93349 -0.326644 0.147984 11.9848 -0.0490833 0.525169 0.849582 -8.87747
-0.22868 0.788615 -0.570783 -26.345 -0.972597 -0.159807 0.168869 8.73591 0.0419576 0.593758 0.803549 -8.99344
-0.151346 0.821428 -0.549863 -26.8851 -0.982419 -0.0634886 0.17556 5.47211 0.1093 0.566767 0.816596 -8.93183
-0.0890536 0.810565 -0.578838 -27.287 -0.985699 0.0117537 0.168108 1.9668 0.143066 0.58553 0.797927 -8.43083
0.0499364 0.801062 -0.596495 -27.4009 -0.989694 0.119942 0.0782225 -1.32216 0.134206 0.586442 0.798796 -8.05015
0.15621 0.804333 -0.573277 -26.9666 -0.96541 0.247006 0.083499 -4.75021 0.208764 0.540404 0.815096 -7.64589
0.313364 0.747442 -0.585776 -26.4255 -0.924478 0.381147 -0.0082149 -7.93648 0.217127 0.544111 0.810431 -7.12908
0.503796 0.760317 -0.410009 -25.0972 -0.861497 0.477039 -0.173943 -11.1549 0.063339 0.440854 0.895341 -6.47877
0.593394 0.674845 -0.438712 -23.3884 -0.803421 0.529752 -0.271805 -14.102 0.0489821 0.513757 0.856536 -6.39048
0.667464 0.537505 -0.515345 -21.3235 -0.725328 0.625898 -0.286618 -16.6452 0.168495 0.565102 0.807632 -6.28119
0.70264 0.558734 -0.440583 -18.8183 -0.694603 0.672918 -0.254375 -19.1587 0.154349 0.484765 0.860918 -6.02042
0.806902 0.497152 -0.31898 -16.1178 -0.586869 0.736024 -0.33742 -21.5914 0.067028 0.459465 0.885663 -5.47391
0.901453 0.321402 -0.289972 -13.34 -0.423573 0.793062 -0.437766 -23.4434 0.0892665 0.517449 0.851045 -5.3199
0.948166 0.258884 -0.184284 -10.1253 -0.315646 0.834292 -0.452023 -24.802 0.0367254 0.486761 0.872763 -4.98939
0.970746 0.199576 -0.133497 -6.72596 -0.238807 0.86031 -0.450374 -25.8612 0.0249646 0.469079 0.882803 -4.88103
0.992677 0.0785185 -0.0918016 -3.37626 -0.111954 0.883433 -0.454986 -26.5147 0.0453758 0.461932 0.885754 -4.78169
0.999628 -0.00143366 -0.0272486 0.136207 -0.0103301 0.904405 -0.426549 -26.6523 0.0252553 0.426672 0.904054 -4.70136
0.987357 -0.134783 0.0834237 3.75659 0.157262 0.898896 -0.408967 -26.554 -0.0198674 0.416916 0.908728 -4.68989
0.963264 -0.23891 0.122658 7.13978 0.266905 0.902237 -0.338719 -25.9102 -0.0297435 0.359014 0.932858 -4.56227
0.883564 -0.366791 0.29117 10.615 0.450649 0.835066 -0.315563 -24.7495 -0.1274 0.410035 0.903128 -4.73585
0.822386 -0.383382 0.420357 13.7103 0.539661 0.759599 -0.363008 -23.1109 -0.180132 0.525383 0.83158 -5.22611
0.726355 -0.458811 0.511763 16.4052 0.646089 0.709787 -0.280662 -21.0741 -0.234472 0.534504 0.81199 -5.94102
0.710156 -0.4647 0.528897 18.987 0.673292 0.667859 -0.317241 -18.6601 -0.205807 0.581393 0.787163 -6.77579
0.617437 -0.561324 0.551079 21.2932 0.767745 0.582572 -0.266791 -16.2057 -0.171287 0.587814 0.790655 -7.49333
0.518631 -0.636844 0.570484 23.3129 0.844449 0.486025 -0.225134 -13.1098 -0.133894 0.598506 0.78985 -8.28029
0.415179 -0.701125 0.579699 24.9731 0.907264 0.366075 -0.207027 -10.0665 -0.0670616 0.611893 0.788092 -8.62561
0.2839 -0.767391 0.574902 26.4446 0.95013 0.305839 -0.0609549 -6.82656 -0.129051 0.563536 0.815949 -8.73377
0.185023 -0.740042 0.64661 27.2205 0.973719 0.22697 -0.0188571 -3.35411 -0.132806 0.633105 0.762588 -9.39232
-0.0788361 -0.685818 0.723491 27.6332 0.963831 0.132905 0.231009 0.205214 -0.254586 0.715535 0.650535 -9.84626
-0.120689 -0.670854 0.731703 27.0937 0.979158 0.0408412 0.19895 3.62909 -0.16335 0.740464 0.651943 -10.7709
-0.231654 -0.673569 0.701884 26.4464 0.972133 -0.133608 0.192631 7.06593 -0.0359727 0.726948 0.685749 -11.3342
-0.336563 -0.649537 0.681782 25.3472 0.940089 -0.189952 0.28311 10.3621 -0.0543846 0.73622 0.674553 -11.5654
-0.430778 -0.634813 0.641438 23.928 0.902435 -0.308057 0.301184 13.6659 0.00640433 0.708599 0.705582 -11.8492
-0.530969 -0.703499 0.472399 22.2407 0.847277 -0.431603 0.30958 16.8834 -0.0139006 0.564631 0.825227 -11.9845
-0.60209 -0.650883 0.462427 20.2261 0.798165 -0.475783 0.369546 19.8232 -0.0205162 0.591592 0.805976 -11.9845
-0.797705 -0.479525 0.365682 17.9514 0.602522 -0.608432 0.516506 22.5382 -0.0251852 0.63235 0.774273 -12.044
-0.831442 -0.446694 0.330408 15.1135 0.555609 -0.670533 0.491615 24.6779 0.00194847 0.592327 0.805696 -12.1747
-0.882292 -0.330597 0.335061 12.0189 0.467128 -0.702518 0.536899 26.7165 0.0578893 0.630218 0.774257 -12.0619
-0.903212 -0.271282 0.332587 8.6411 0.420158 -0.717054 0.556148 28.2368 0.0876099 0.642059 0.761633 -11.9217
-0.969512 -0.167805 0.178571 5.3346 0.244227 -0.72113 0.648324 29.5226 0.0199806 0.67217 0.740127 -11.5889
-0.997889 -0.0263431 0.0593582 1.77243 0.0582513 -0.767144 0.638825 30.2159 0.0287076 0.640934 0.767059 -11.686
-0.997317 0.0646372 -0.0343731 -1.92586 -0.0728966 -0.833507 0.547679 30.2343 0.00675021 0.548715 0.835982 -11.5418
-0.983575 0.179017 -0.0230735 -5.60294 -0.165066 -0.840387 0.516239 29.8501 0.0730249 0.511569 0.856133 -11.5222
-0.962447 0.26709 -0.0485627 -9.13179 -0.254017 -0.822942 0.508175 29.3372 0.0957643 0.501428 0.859883 -11.327
-0.920813 0.363245 -0.141976 -12.6487 -0.38712 -0.807094 0.4458 28.2202 0.0473468 0.46546 0.883802 -10.9715
-0.87999 0.441402 -0.175446 -15.9245 -0.456882 -0.685564 0.566799 26.6013 0.129906 0.578936 0.804958 -10.8983
-0.827212 0.499492 -0.25735 -19.0724 -0.554589 -0.652198 0.516787 24.5882 0.0902876 0.570215 0.816519 -10.5902
-0.664998 0.624827 -0.409107 -21.9058 -0.745786 -0.52641 0.408283 22.3458 0.039748 0.576614 0.816049 -10.3504
-0.576078 0.632052 -0.518308 -24.1517 -0.817393 -0.444298 0.366699 19.5156 0.00148977 0.634909 0.772585 -10.4406
-0.421492 0.697016 -0.580097 -26.246 -0.906628 -0.337479 0.253248 16.3442 -0.0192529 0.632674 0.774179 -10.4393
-0.338674 0.781876 -0.523422 -27.5266 -0.940569 -0.296161 0.166186 12.858 -0.02508 0.548597 0.83571 -10.4909
-0.247752 0.761568 -0.59886 -28.5938 -0.968681 -0.205337 0.139624 9.30678 -0.0166349 0.614696 0.788589 -10.7815
-0.165692 0.78481 -0.597176 -29.2512 -0.982314 -0.0777907 0.170319 5.72525 0.087213 0.614835 0.783819 -10.7465
-0.1101 0.786662 -0.607487 -29.5688 -0.986418 -0.0115284 0.163848 1.96285 0.12189 0.617276 0.777247 -10.3218
0.0564848 0.778869 -0.624638 -29.7625 -0.991341 0.118038 0.0575379 -1.67074 0.118545 0.615979 0.778792 -9.84465
0.146554 0.77545 -0.614165 -29.2914 -0.973075 0.224669 0.0514716 -5.41028 0.177898 0.590085 0.787497 -9.36871
0.266452 0.642823 -0.71818 -28.6951 -0.944714 0.32191 -0.0623649 -9.0242 0.1911 0.695092 0.693057 -8.71312
0.528011 0.598746 -0.602252 -27.4614 -0.849184 0.380238 -0.366478 -12.5439 0.00957211 0.704927 0.709215 -8.03384
0.595167 0.578942 -0.557317 -25.3285 -0.801696 0.475501 -0.362191 -15.5949 0.0553172 0.662363 0.747138 -8.04984
0.63494 0.513116 -0.577549 -22.9265 -0.760034 0.548956 -0.347846 -18.6143 0.138564 0.659818 0.738539 -8.05279
0.715939 0.402485 -0.570471 -20.4115 -0.658451 0.660905 -0.360065 -21.3153 0.232106 0.633412 0.738184 -7.61832
0.808735 0.439113 -0.391315 -17.5985 -0.585811 0.660914 -0.46906 -23.746 0.0526551 0.608582 0.791742 -6.95747
0.888419 0.344948 -0.302858 -14.3382 -0.455535 0.743835 -0.489078 -25.741 0.0565701 0.572468 0.817973 -6.8034
0.916713 0.265711 -0.298386 -10.8972 -0.38118 0.805441 -0.453836 -27.3155 0.119743 0.529776 0.839642 -6.55004
0.972247 0.175216 -0.155034 -7.35915 -0.227778 0.860206 -0.456249 -28.4564 0.0534189 0.4789 0.876243 -6.26992
0.993811 0.0710781 -0.085368 -3.55937 -0.103286 0.87412 -0.474601 -29.0835 0.0408881 0.480481 0.876051 -6.17866
0.997085 -0.0130331 -0.0751824 0.235663 -0.0274316 0.858204 -0.512575 -29.3669 0.0712023 0.513143 0.855345 -6.06007
0.989954 -0.132682 0.0488567 4.15774 0.13866 0.843441 -0.519019 -29.2402 0.0276567 0.520579 0.853365 -5.93593
0.943321 -0.239308 0.229951 7.91823 0.325006 0.806412 -0.494035 -28.6955 -0.0672092 0.540769 0.838482 -5.68104
0.897371 -0.25375 0.36102 11.5176 0.413015 0.77105 -0.484664 -27.3736 -0.155381 0.584031 0.796721 -6.03449
0.820242 -0.344964 0.456292 14.9268 0.525515 0.769489 -0.362934 -25.3838 -0.225913 0.537482 0.812451 -6.79935
0.739373 -0.459425 0.492196 17.887 0.643427 0.697452 -0.315535 -23.2473 -0.198319 0.54999 0.811283 -7.70014
0.679039 -0.546605 0.490029 20.5302 0.717708 0.634599 -0.28667 -20.6179 -0.154277 0.546357 0.823221 -8.67972
0.550412 -0.628294 0.549813 22.9671 0.822282 0.521981 -0.226688 -17.8591 -0.144565 0.576873 0.803939 -9.45245
0.541642 -0.597687 0.591095 25.0754 0.830304 0.490164 -0.265208 -14.5941 -0.131222 0.634436 0.761755 -10.1171
0.459497 -0.631715 0.624339 27.1061 0.888158 0.331688 -0.318054 -11.228 -0.00616652 0.700656 0.713472 -10.4981
0.183733 -0.630792 0.753886 28.7927 0.962916 0.269649 -0.00905536 -7.74159 -0.197573 0.727593 0.656943 -10.5932
0.100458 -0.730515 0.675467 29.4232 0.977525 0.198939 0.0697708 -4.03934 -0.185346 0.653277 0.734082 -11.4521
-0.102142 -0.698418 0.708364 29.7107 0.983827 0.0344073 0.175786 -0.179906 -0.147145 0.714862 0.683608 -12.2587
-0.14626 -0.666864 0.730685 29.1585 0.979787 0.0042493 0.2 3.61527 -0.136478 0.745167 0.652763 -13.0759
-0.234633 -0.658244 0.715306 28.4215 0.969233 -0.102097 0.223973 7.34828 -0.0743985 0.745849 0.661947 -13.6827
-0.342442 -0.626861 0.699842 27.2657 0.938586 -0.194704 0.284863 10.9328 -0.0423077 0.754411 0.655037 -13.9802
-0.347375 -0.571391 0.743534 25.9338 0.932939 -0.290603 0.212541 14.5891 0.094629 0.767504 0.634021 -14.1471
-0.545868 -0.556423 0.626435 24.4851 0.837755 -0.350041 0.419091 18.1341 -0.0139135 0.753568 0.657223 -13.8413
-0.637899 -0.576558 0.510555 22.1646 0.77012 -0.47725 0.423259 21.3029 -0.000370861 0.663185 0.748456 -13.9982
-0.75243 -0.47331 0.458068 19.4195 0.658098 -0.569228 0.492835 24.2025 0.0274821 0.672278 0.739789 -14.1263
-0.81524 -0.447738 0.367308 16.3365 0.578135 -0.666254 0.471025 26.668 0.0338247 0.596352 0.80201 -14.0643
-0.916791 -0.304213 0.258745 13.1024 0.396789 -0.767345 0.503726 28.8531 0.0453069 0.564478 0.824204 -13.9207
-0.923735 -0.276243 0.265338 9.45638 0.381966 -0.716002 0.584332 30.2382 0.028565 0.641118 0.766911 -13.7663
-0.972474 -0.133471 0.190999 5.79496 0.225469 -0.745891 0.626746 31.6133 0.0588117 0.652558 0.755453 -13.6459
-0.991724 -0.0648985 0.110782 1.8869 0.120821 -0.763632 0.634246 32.4301 0.0434348 0.642382 0.765153 -13.5968
-0.998966 0.0453316 0.00347342 -2.09943 -0.0346614 -0.808808 0.58705 32.6902 0.0294213 0.586323 0.809543 -13.2819
-0.992298 0.117829 -0.0382176 -6.09928 -0.121802 -0.871961 0.474181 32.4199 0.0225478 0.475184 0.879597 -13.1196
-0.96553 0.254012 -0.0568322 -9.95752 -0.25062 -0.848256 0.466531 31.7778 0.0702963 0.464693 0.882677 -12.9364
-0.911981 0.37149 -0.174027 -13.64 -0.405753 -0.754324 0.5161 30.6083 0.0604534 0.541285 0.838663 -12.6704
-0.863714 0.400243 -0.306273 -17.2083 -0.503789 -0.66885 0.546659 28.7613 0.0139459 0.626454 0.779334 -12.5123
-0.799709 0.484614 -0.354421 -20.5534 -0.599608 -0.614598 0.51258 26.67 0.0305769 0.622429 0.782079 -12.3572
-0.674714 0.541581 -0.501449 -23.6575 -0.73645 -0.53911 0.408658 23.9954 -0.0490143 0.645019 0.762593 -12.2356
-0.53822 0.627516 -0.562622 -26.2409 -0.842573 -0.416282 0.341732 20.9623 -0.0197667 0.657977 0.752779 -12.3931
-0.46711 0.654714 -0.594271 -28.359 -0.884142 -0.338226 0.322328 17.4334 0.0100346 0.675982 0.736849 -12.4287
-0.285557 0.702722 -0.651644 -29.9809 -0.951268 -0.290414 0.103677 13.6856 -0.11639 0.649493 0.751407 -12.3463
-0.229808 0.708821 -0.666904 -30.9753 -0.97308 -0.179615 0.144408 9.78661 -0.0174267 0.682138 0.731016 -12.7121
-0.138144 0.731724 -0.667455 -31.6075 -0.98482 -0.0299727 0.17097 5.89266 0.105098 0.680942 0.724757 -12.6699
-0.0757819 0.729086 -0.680214 -31.9646 -0.984289 0.0544049 0.167972 1.9136 0.159473 0.682257 0.713508 -12.3146
0.076255 0.760161 -0.645245 -32.1133 -0.98599 0.153771 0.0646329 -1.90188 0.148351 0.631276 0.761237 -11.7294
0.192987 0.698815 -0.688777 -31.5388 -0.971824 0.232953 -0.035945 -6.04366 0.135334 0.676307 0.724081 -11.3579
0.331859 0.602536 -0.725823 -30.6863 -0.924282 0.361528 -0.122478 -9.94444 0.188608 0.711511 0.676889 -11.0441
0.523022 0.634013 -0.569628 -29.25 -0.851983 0.407672 -0.328525 -13.6763 0.0239316 0.657139 0.753389 -10.3351
0.621614 0.578299 -0.528362 -26.9917 -0.7823 0.49278 -0.381017 -17.0597 0.0400245 0.650183 0.758722 -10.2058
0.675823 0.508117 -0.53393 -24.4169 -0.732954 0.539697 -0.414133 -20.2305 0.0777325 0.671226 0.737165 -9.87203
0.697777 0.400881 -0.593635 -21.656 -0.695568 0.577208 -0.427804 -23.1915 0.171153 0.711425 0.681602 -9.63918
0.844899 0.329564 -0.421346 -18.7586 -0.529256 0.629392 -0.568993 -25.9287 0.0776723 0.703742 0.706197 -8.9377
0.871339 0.345264 -0.348656 -15.2262 -0.486127 0.704007 -0.51774 -27.999 0.0666997 0.620618 0.781271 -8.62279
0.934735 0.222787 -0.276833 -11.762 -0.337199 0.801887 -0.493229 -29.8441 0.112104 0.554386 0.824675 -8.31892
0.978989 0.117195 -0.166871 -7.93034 -0.183 0.865947 -0.465454 -31.0074 0.0899524 0.486212 0.869199 -7.88195
0.993198 0.101948 -0.0562528 -3.76661 -0.116408 0.858316 -0.499744 -31.7017 -0.00266526 0.502892 0.864345 -7.82426
0.999804 0.00457942 -0.019271 0.384792 -0.0140234 0.850749 -0.525384 -31.9259 0.0139889 0.525551 0.850647 -7.65636
0.992042 -0.12022 0.0374106 4.46841 0.116922 0.769418 -0.627953 -31.927 0.0467079 0.62733 0.777352 -7.52237
0.942057 -0.145459 0.302276 8.59994 0.308014 0.732013 -0.607688 -31.2266 -0.132876 0.665582 0.734401 -7.43837
0.870724 -0.268917 0.411732 12.3221 0.456176 0.754413 -0.471979 -29.7485 -0.183693 0.598786 0.779559 -7.93054
0.847419 -0.307931 0.432504 15.9814 0.489255 0.769274 -0.41091 -27.6642 -0.206182 0.559818 0.802554 -8.5307
0.743983 -0.465698 0.479181 19.2311 0.651925 0.663188 -0.367661 -25.4697 -0.146568 0.585923 0.797002 -9.43359
0.667489 -0.491733 0.559158 22.2077 0.717089 0.626803 -0.304796 -22.5078 -0.200604 0.604414 0.771001 -10.3699
0.596915 -0.55819 0.576295 24.8967 0.780348 0.570821 -0.255381 -19.5156 -0.186411 0.602152 0.776315 -11.291
0.514613 -0.604358 0.608214 27.0478 0.84706 0.468293 -0.251379 -16.0977 -0.132899 0.644556 0.752917 -12.1048
0.407249 -0.63165 0.659672 28.9655 0.908849 0.351633 -0.224382 -12.3317 -0.0902315 0.690922 0.717276 -12.6776
0.280351 -0.652373 0.70414 30.5763 0.952655 0.279038 -0.120773 -8.50986 -0.117693 0.704661 0.699715 -12.9568
0.108313 -0.659473 0.743884 31.5584 0.971298 0.229608 0.0621286 -4.54941 -0.211774 0.715804 0.665415 -13.5289
-0.109932 -0.68567 0.719564 31.8413 0.967371 0.092457 0.235893 -0.401456 -0.228273 0.722017 0.653133 -14.4842
-0.133098 -0.615642 0.776704 31.2261 0.981462 0.0271684 0.18972 3.60299 -0.137901 0.787557 0.600614 -15.4115
-0.22119 -0.617159 0.755109 30.3941 0.972388 -0.0804972 0.219046 7.6355 -0.0744018 0.78271 0.617923 -16.1493
-0.315898 -0.538891 0.7809 29.2138 0.948746 -0.187624 0.254319 11.4765 0.00946543 0.821215 0.570541 -16.4066
-0.346655 -0.559761 0.752661 27.6901 0.935086 -0.269351 0.230356 15.4706 0.0737862 0.783657 0.616796 -16.4447
-0.49829 -0.496074 0.711067 26.0601 0.866013 -0.324099 0.380764 19.2544 0.0415686 0.805525 0.591102 -16.238
-0.623308 -0.503797 0.598061 23.6704 0.780602 -0.446195 0.437687 22.6548 0.0463463 0.739662 0.671381 -16.0875
-0.71499 -0.467281 0.520036 20.7312 0.695222 -0.553789 0.45824 25.8741 0.0738631 0.689178 0.720818 -16.0523
-0.810634 -0.428211 0.399386 17.5699 0.584121 -0.639043 0.500426 28.7421 0.0409372 0.638952 0.768157 -15.8363
-0.900615 -0.336698 0.27482 14.0592 0.434299 -0.721378 0.539442 30.9594 0.0166201 0.605184 0.795912 -15.7036
-0.938792 -0.230018 0.256441 10.1853 0.340783 -0.728962 0.593702 32.5634 0.0503738 0.644753 0.762729 -15.8013
-0.967404 -0.12887 0.217996 6.16222 0.237894 -0.757569 0.607862 33.8798 0.0868115 0.639908 0.763532 -15.7525
-0.97886 -0.0186374 0.203682 2.25527 0.14769 -0.753335 0.640839 34.6484 0.141497 0.657373 0.740161 -15.5659
-0.992912 0.0671215 0.0980808 -2.03881 0.0194282 -0.722486 0.691113 35.1603 0.117251 0.68812 0.716061 -15.0766
-0.988254 0.146705 -0.0428018 -6.47465 -0.139469 -0.751317 0.645036 35.0536 0.0624725 0.643428 0.762953 -14.6801
-0.971945 0.202514 -0.119626 -10.501 -0.230981 -0.725836 0.647927 34.2351 0.0443853 0.657381 0.75225 -14.4437
-0.893576 0.340309 -0.292765 -14.7123 -0.448366 -0.644446 0.6194 32.9637 0.0221164 0.684747 0.728445 -14.3898
-0.85223 0.384413 -0.354867 -18.5341 -0.522731 -0.597999 0.607577 30.8351 0.0213501 0.703295 0.710577 -14.3798
-0.788204 0.439819 -0.430457 -22.0311 -0.615409 -0.5607 0.553974 28.3227 0.00229075 0.701552 0.712614 -14.3828
-0.642908 0.503541 -0.577162 -25.2998 -0.763572 -0.480602 0.431254 25.5959 -0.0602315 0.717961 0.693472 -14.485
-0.563329 0.59603 -0.572197 -28.012 -0.825896 -0.386446 0.410554 22.0168 0.023579 0.703852 0.709955 -14.7131
-0.509751 0.612021 -0.604635 -30.1736 -0.860312 -0.366097 0.354735 18.3793 -0.00424922 0.701001 0.713147 -14.5298
-0.314664 0.708557 -0.631612 -32.046 -0.947622 -0.272891 0.165962 14.5027 -0.0547677 0.650751 0.757313 -14.4939
-0.201998 0.692187 -0.692874 -33.0808 -0.97903 -0.123646 0.1619 10.3278 0.0263938 0.711048 0.702648 -14.8298
-0.169652 0.706047 -0.687543 -33.6902 -0.981804 -0.060692 0.179935 6.09295 0.0853145 0.705559 0.703497 -14.7739
-0.0933452 0.662989 -0.742787 -34.2069 -0.987404 0.0340795 0.154504 1.75095 0.127748 0.747853 0.651457 -14.4093
0.15001 0.637947 -0.755328 -34.4805 -0.987147 0.139232 -0.0784549 -2.50827 0.0551159 0.757389 0.650634 -13.8161
0.266441 0.658262 -0.70406 -33.5976 -0.958193 0.259928 -0.119594 -6.73549 0.10428 0.70649 0.699998 -13.6187
0.357056 0.658151 -0.662834 -32.4205 -0.922989 0.357633 -0.14209 -10.9154 0.143534 0.662523 0.735161 -13.181
0.454644 0.690139 -0.563034 -30.8019 -0.887594 0.403583 -0.222031 -14.8577 0.0739986 0.600691 0.79605 -12.5487
0.589177 0.60603 -0.534414 -28.6261 -0.806304 0.483856 -0.340232 -18.4425 0.0523887 0.631357 0.773721 -12.3268
0.575956 0.577844 -0.578248 -25.7297 -0.812098 0.485477 -0.323741 -21.788 0.093655 0.656055 0.74888 -12.1053
0.716224 0.454847 -0.52928 -22.9979 -0.683871 0.608593 -0.402412 -24.969 0.13908 0.650176 0.746946 -11.8036
0.806068 0.341727 -0.483194 -19.7838 -0.570729 0.664882 -0.481872 -27.8347 0.156598 0.664195 0.730974 -11.2048
0.85556 0.345677 -0.385388 -16.1269 -0.505906 0.716267 -0.480647 -30.1485 0.109892 0.606192 0.787689 -10.6512
0.921221 0.293997 -0.254789 -12.398 -0.38696 0.760077 -0.522059 -32.2468 0.0401751 0.579525 0.813964 -10.1367
0.969465 0.12372 -0.211731 -8.32785 -0.224678 0.794102 -0.564731 -33.5888 0.0982676 0.595058 0.797652 -9.66541
0.999662 0.0214924 0.014622 -4.07128 -0.00925711 0.819958 -0.572349 -34.4096 -0.0242905 0.57202 0.81988 -9.33501
0.999793 0.0178529 -0.00974825 0.359619 -0.0202051 0.81636 -0.57719 -34.4576 -0.00234644 0.577268 0.816551 -9.45569
0.992293 -0.109222 0.0585264 4.78488 0.122544 0.794929 -0.594197 -34.0991 0.0183749 0.59679 0.802187 -9.57614
0.955229 -0.182489 0.232886 9.16265 0.288564 0.748458 -0.597111 -33.4246 -0.0653398 0.63758 0.767608 -9.58982
0.905436 -0.257691 0.337315 13.137 0.40721 0.751675 -0.51881 -31.8234 -0.119858 0.607107 0.785528 -9.87737
0.828959 -0.341356 0.44306 16.9389 0.536018 0.711079 -0.45503 -29.9031 -0.159723 0.61469 0.772428 -10.4752
0.747668 -0.397576 0.531908 20.6621 0.640525 0.643159 -0.419612 -27.4177 -0.175274 0.654431 0.735526 -11.305
0.67579 -0.423664 0.603172 23.6765 0.711126 0.590038 -0.382303 -24.4883 -0.193927 0.687288 0.70002 -12.2069
0.558646 -0.560989 0.610906 26.4899 0.808258 0.533488 -0.249219 -21.1001 -0.186102 0.632994 0.751455 -13.1945
0.549833 -0.536665 0.640058 28.6585 0.811867 0.523506 -0.258482 -17.3966 -0.196356 0.661764 0.723541 -14.1623
0.433951 -0.591608 0.679475 30.8262 0.896498 0.358322 -0.26057 -13.5256 -0.0893158 0.722223 0.685869 -14.9362
0.29386 -0.57546 0.763212 32.5512 0.945631 0.291458 -0.144339 -9.39592 -0.139383 0.764132 0.629821 -15.3194
0.0775113 -0.563171 0.822697 33.6602 0.973477 0.220912 0.0595065 -5.1417 -0.215256 0.796264 0.565357 -15.9061
-0.0928072 -0.550726 0.829511 33.7311 0.979925 0.0971146 0.174112 -0.867678 -0.176446 0.829017 0.530657 -16.9154
-0.149199 -0.563346 0.812638 33.1603 0.972628 0.0644481 0.22325 3.49709 -0.17814 0.823704 0.538311 -17.7938
-0.217182 -0.565446 0.795677 32.2265 0.972299 -0.0531538 0.227618 7.85821 -0.0864123 0.823071 0.561327 -18.545
-0.323427 -0.539064 0.777692 30.8845 0.946239 -0.188802 0.262652 12.0361 0.00524373 0.820831 0.571147 -18.8983
-0.362593 -0.558269 0.746232 29.2778 0.93148 -0.242459 0.271216 16.1083 0.029519 0.793441 0.607931 -18.8605
-0.486293 -0.521154 0.701368 27.5373 0.869929 -0.364185 0.332556 20.1907 0.0821149 0.77186 0.630468 -18.7839
-0.615014 -0.455031 0.643975 25.0999 0.788309 -0.373537 0.488917 24.0736 0.0180762 0.808342 0.588435 -18.3903
-0.694627 -0.483651 0.532517 22.0078 0.719118 -0.48643 0.496241 27.5331 0.0190249 0.727645 0.68569 -18.1998
-0.783978 -0.435113 0.44278 18.6879 0.620523 -0.570096 0.538462 30.6604 0.0181351 0.696898 0.716941 -17.96
-0.893006 -0.358242 0.272402 15.0112 0.446838 -0.633644 0.631531 33.1057 -0.0536353 0.685681 0.725924 -17.827
-0.952799 -0.20526 0.223701 10.9253 0.302777 -0.696706 0.650329 34.7915 0.0223675 0.687364 0.725968 -17.9943
-0.97792 -0.152254 0.143148 6.54395 0.208814 -0.739163 0.640339 35.9956 0.00831528 0.656092 0.754635 -17.8048
-0.984796 -0.0946271 0.145677 2.22124 0.167024 -0.746266 0.644352 36.8096 0.0477407 0.658887 0.750725 -17.6608
-0.992449 0.0922449 0.0808413 -2.21146 -0.0124848 -0.73164 0.681577 37.3854 0.122019 0.675421 0.727268 -17.2208
-0.992207 0.115707 -0.0462307 -6.76896 -0.11475 -0.703942 0.700926 37.2989 0.0485585 0.700769 0.711734 -16.6552
-0.954147 0.203966 -0.219092 -11.2916 -0.299316 -0.641091 0.706691 36.4791 0.0036829 0.739865 0.672745 -16.5729
-0.885688 0.302381 -0.352309 -15.6196 -0.464098 -0.597908 0.653543 34.8878 -0.0130294 0.742342 0.669895 -16.689
-0.844935 0.340156 -0.412769 -19.6494 -0.534778 -0.551455 0.640241 32.6684 -0.00984148 0.761702 0.647852 -16.6708
-0.802759 0.388879 -0.452053 -23.3881 -0.594606 -0.464865 0.656006 29.9956 0.0449633 0.795408 0.604404 -16.6252
-0.670413 0.414724 -0.615265 -26.8807 -0.741295 -0.410213 0.531231 26.9807 -0.0320755 0.812237 0.582445 -16.5572
-0.561086 0.546045 -0.622108 -29.862 -0.827701 -0.378852 0.413982 23.3645 -0.00963383 0.747199 0.66453 -16.7355
-0.527157 0.567255 -0.632714 -32.0932 -0.849746 -0.346531 0.397301 19.4536 0.00611575 0.747086 0.664699 -16.7549
-0.252608 0.551205 -0.795212 -34.1651 -0.965826 -0.192944 0.173066 15.3504 -0.0580371 0.811754 0.581108 -16.7131
-0.232283 0.611326 -0.756522 -35.0161 -0.972563 -0.135659 0.188994 10.7371 0.0129083 0.779665 0.626064 -17.0627
-0.141632 0.645209 -0.750763 -35.7902 -0.988624 -0.0534025 0.14061 6.21932 0.0506303 0.762137 0.645433 -16.9452
-0.0525445 0.654821 -0.753956 -36.059 -0.99257 0.0487245 0.111492 1.66001 0.109743 0.754212 0.647395 -16.7458
0.0671932 0.604131 -0.794047 -36.1245 -0.993052 0.11755 0.00540158 -2.97987 0.0966034 0.788168 0.607832 -16.0954
0.193196 0.674561 -0.71249 -35.4819 -0.972732 0.226662 -0.0491654 -7.4753 0.12833 0.70256 0.699958 -15.7215
0.26593 0.660343 -0.702302 -34.4807 -0.953664 0.286574 -0.091656 -11.8557 0.140738 0.694134 0.705954 -15.1025
0.483185 0.640225 -0.597197 -33.0059 -0.874293 0.388904 -0.290456 -16.0693 0.046295 0.66247 0.747657 -14.5641
0.625227 0.556901 -0.546765 -30.4937 -0.777878 0.501428 -0.378781 -19.9257 0.0632204 0.662141 0.746708 -14.3638
0.677673 0.496206 -0.542715 -27.5375 -0.730193 0.541424 -0.416747 -23.3853 0.0870462 0.678705 0.729234 -14.0488
0.693823 0.506286 -0.512137 -24.3307 -0.712626 0.585192 -0.386931 -26.697 0.103801 0.633424 0.766812 -13.7315
0.775155 0.377011 -0.506949 -20.8556 -0.609687 0.65671 -0.443862 -29.7132 0.165577 0.653142 0.738911 -13.2244
0.81497 0.332204 -0.474832 -17.1112 -0.56173 0.654233 -0.506398 -32.3923 0.142423 0.679426 0.719789 -12.6108
0.913369 0.255913 -0.316648 -13.2654 -0.400315 0.706246 -0.583922 -34.5165 0.0741984 0.660095 0.747508 -12.011
0.958022 0.124681 -0.258164 -8.92365 -0.263592 0.737205 -0.622131 -35.9826 0.112752 0.664066 0.739124 -11.6649
0.998467 0.0164958 -0.0528326 -4.25218 -0.0459349 0.779487 -0.624731 -36.9414 0.0308769 0.626201 0.77905 -11.2437
0.998408 -0.0445371 0.0345995 0.418562 0.0559769 0.857346 -0.511689 -37.0419 -0.00687458 0.512811 0.858474 -11.2923
0.993918 -0.0862339 0.0684851 5.0465 0.109877 0.817963 -0.56468 -36.5073 -0.00732373 0.568771 0.822463 -11.394
0.96681 -0.186697 0.174419 9.58784 0.254866 0.75261 -0.607142 -35.5811 -0.0179181 0.631445 0.775214 -11.5273
0.914657 -0.231695 0.331241 13.9226 0.390373 0.719008 -0.57501 -34.0555 -0.104938 0.655244 0.748093 -11.7303
0.836662 -0.319416 0.444938 18.0451 0.530197 0.676142 -0.511589 -32.0441 -0.137432 0.663932 0.735056 -12.4398
0.7141 -0.405065 0.570951 21.8059 0.664162 0.649785 -0.369686 -29.3915 -0.221248 0.643196 0.73304 -13.3718
0.704363 -0.424336 0.569045 24.8846 0.6915 0.591233 -0.415056 -26.1908 -0.160315 0.685845 0.709871 -14.3422
0.537111 -0.470747 0.699935 28.1607 0.81662 0.498046 -0.291687 -22.6201 -0.21129 0.728249 0.651927 -15.1954
0.481729 -0.491999 0.725171 30.3551 0.8612 0.418851 -0.287919 -18.7716 -0.162083 0.763217 0.625483 -16.2131
0.443412 -0.478728 0.757763 32.469 0.887344 0.353791 -0.295725 -14.6253 -0.126519 0.803524 0.581671 -17.116
0.223939 -0.483326 0.846314 34.2836 0.966382 0.22267 -0.128543 -10.4531 -0.12632 0.846649 0.516942 -17.8409
0.058536 -0.442098 0.895055 35.246 0.974419 0.220183 0.0450295 -5.87854 -0.216983 0.869522 0.443677 -18.3879
-0.0544416 -0.514258 0.855906 35.3034 0.976683 0.150849 0.152759 -1.17279 -0.20767 0.844265 0.494055 -19.4109
-0.185558 -0.503571 0.843792 34.8673 0.976711 -0.000385321 0.214558 3.40857 -0.10772 0.863954 0.491914 -20.3948
-0.229176 -0.502068 0.83391 33.7022 0.97109 -0.0591409 0.23127 7.97868 -0.0667949 0.862804 0.501107 -21.0707
-0.331663 -0.516233 0.789622 32.5264 0.943333 -0.191311 0.271152 12.452 0.0110863 0.834808 0.55043 -21.2983
-0.326688 -0.508581 0.796631 30.844 0.944943 -0.192619 0.264538 16.8975 0.0189071 0.839192 0.543506 -21.3405
-0.501293 -0.392286 0.771244 29.0959 0.864856 -0.25499 0.43244 21.2686 0.0270188 0.883794 0.467096 -21.2247
-0.58491 -0.39139 0.710418 26.4521 0.805859 -0.379813 0.45424 25.1983 0.092041 0.838186 0.537562 -20.8713
-0.617585 -0.429986 0.658559 23.323 0.780845 -0.435475 0.447933 28.9075 0.0941812 0.790869 0.604695 -20.5169
-0.819597 -0.329165 0.468947 19.9801 0.572551 -0.500728 0.649197 32.4228 0.0211217 0.800576 0.598859 -20.2347
-0.888491 -0.26775 0.372684 16.0339 0.458829 -0.531917 0.711716 35.0516 0.00767502 0.803352 0.595455 -20.1286
-0.957379 -0.138566 0.253425 11.7001 0.282082 -0.637162 0.717255 36.8426 0.0620857 0.758171 0.649093 -20.1645
-0.961124 -0.134301 0.241256 7.06124 0.267324 -0.671346 0.691255 38.1105 0.06913 0.728875 0.681148 -19.9412
-0.98166 -0.0378122 0.186854 2.38553 0.159275 -0.701289 0.694857 39.1019 0.104765 0.711874 0.694449 -19.6533
-0.99512 0.0157715 0.0974006 -2.38725 0.0582043 -0.70327 0.708537 39.5024 0.0796735 0.710748 0.69892 -19.2492
-0.990642 0.099776 -0.0931334 -7.31457 -0.135394 -0.63213 0.762942 39.4379 0.0172509 0.768412 0.639723 -18.9128
-0.947199 0.223018 -0.230383 -11.9213 -0.320525 -0.638853 0.699379 38.4657 0.0087933 0.736294 0.676604 -18.7947
-0.897047 0.259945 -0.357401 -16.4778 -0.440809 -0.584003 0.681637 36.6706 -0.0315349 0.769005 0.638464 -18.9532
-0.84102 0.320573 -0.435795 -20.7551 -0.540997 -0.502269 0.674572 34.2022 -0.00263674 0.803093 0.595848 -19.07
-0.762162 0.418957 -0.493543 -24.5344 -0.647122 -0.471237 0.599307 31.3777 0.0185082 0.776152 0.630275 -19.1637
-0.71392 0.40991 -0.567708 -28.1416 -0.699673 -0.449859 0.555054 28.0383 -0.027866 0.793474 0.607966 -19.0878
-0.55157 0.517092 -0.654513 -31.3838 -0.834042 -0.330574 0.441696 24.4383 0.012032 0.789517 0.613611 -19.2002
-0.430966 0.560649 -0.707066 -33.7891 -0.902245 -0.280684 0.327369 20.3116 -0.0149229 0.779031 0.626808 -19.181
-0.270049 0.57645 -0.771219 -35.8087 -0.962836 -0.165469 0.213465 15.88 -0.00456029 0.800203 0.599712 -19.2546
-0.206213 0.579159 -0.788702 -36.8363 -0.978458 -0.113992 0.172119 11.0554 0.00977841 0.807205 0.59019 -19.3753
-0.100508 0.598337 -0.794916 -37.6843 -0.992034 0.000713258 0.125968 6.30511 0.0759382 0.801244 0.593499 -19.2822
-0.0999713 0.608601 -0.787153 -37.9364 -0.992586 -0.00603402 0.121397 1.41585 0.0691325 0.793453 0.604692 -19.0059
0.0164003 0.628056 -0.777995 -38.0204 -0.991705 0.109425 0.0674306 -3.39131 0.127482 0.770436 0.624641 -18.6109
0.183158 0.651027 -0.736626 -37.6259 -0.974348 0.219884 -0.0479347 -8.11688 0.130765 0.726509 0.6746 -17.9494
0.281414 0.581807 -0.76309 -36.396 -0.954313 0.252945 -0.159079 -12.8541 0.100466 0.772994 0.626408 -17.348
0.513259 0.524818 -0.679067 -34.8569 -0.854223 0.388798 -0.345164 -17.2939 0.0828714 0.757233 0.647866 -16.7152
0.58621 0.50051 -0.637061 -32.1755 -0.806475 0.435418 -0.400012 -21.3426 0.0771781 0.748265 0.658896 -16.433
0.668616 0.455436 -0.587818 -29.1502 -0.736497 0.514648 -0.438987 -25.0593 0.102589 0.72644 0.679529 -16.1187
0.709541 0.468477 -0.526384 -25.679 -0.701258 0.542789 -0.462187 -28.4848 0.0691916 0.697072 0.713655 -15.6376
0.780258 0.408693 -0.473463 -21.9794 -0.617969 0.620524 -0.482767 -31.6439 0.0964918 0.669268 0.736729 -15.2675
0.837806 0.248641 -0.486065 -18.1144 -0.521909 0.62611 -0.579308 -34.4709 0.16029 0.739029 0.654327 -14.742
0.926633 0.191757 -0.32339 -13.9533 -0.364653 0.667823 -0.648876 -36.6458 0.0915403 0.719195 0.688752 -14.09
0.960006 0.0785296 -0.26874 -9.38795 -0.250521 0.669507 -0.699285 -38.1299 0.125009 0.738643 0.662404 -13.7907
0.99115 0.0810845 -0.105105 -4.48677 -0.131585 0.704631 -0.697267 -39.2612 0.0175226 0.704926 0.709064 -13.2737
0.997485 -0.0190271 0.0682712 0.331152 0.0548471 0.817323 -0.573563 -39.5487 -0.0448864 0.575865 0.816312 -12.9066
0.976483 -0.113263 0.183448 5.23423 0.202491 0.773943 -0.600007 -39.1071 -0.0740193 0.623043 0.778677 -13.1696
0.952165 -0.176941 0.249146 10.109 0.296576 0.731577 -0.613871 -37.7916 -0.0736504 0.658398 0.749058 -13.5207
0.918006 -0.203964 0.340094 14.6072 0.38262 0.680985 -0.624389 -36.1275 -0.104246 0.703319 0.703189 -14.0433
0.836884 -0.265074 0.478917 19.0815 0.520487 0.656229 -0.546312 -34.1166 -0.169467 0.70647 0.687155 -14.4635
0.729164 -0.296407 0.616817 22.9365 0.638783 0.618158 -0.458079 -31.3519 -0.245512 0.728027 0.640078 -15.4366
0.668783 -0.450902 0.591114 26.2143 0.727826 0.559269 -0.396847 -27.9483 -0.151653 0.695633 0.702208 -16.6112
0.53407 -0.413372 0.73749 29.4481 0.810205 0.499456 -0.306777 -24.0628 -0.241531 0.761358 0.601661 -17.4221
0.463151 -0.506201 0.727497 31.8453 0.857697 0.46278 -0.224033 -19.9622 -0.223265 0.727733 0.648504 -18.5663
0.401272 -0.469075 0.786734 33.8935 0.898552 0.368245 -0.238746 -15.7111 -0.177722 0.802723 0.569254 -19.784
0.221344 -0.445594 0.86744 35.7035 0.965435 0.22566 -0.130431 -11.17 -0.137627 0.866328 0.48014 -20.4382
0.0828354 -0.377786 0.92218 36.5564 0.980476 0.196493 -0.00757522 -6.36725 -0.17834 0.904803 0.386686 -21.1986
-0.0321899 -0.472425 0.880783 36.701 0.980231 0.157204 0.120144 -1.46158 -0.195221 0.867238 0.458025 -22.0925
-0.186475 -0.444538 0.876135 36.3062 0.974655 0.0284809 0.221895 3.37602 -0.123594 0.895307 0.42796 -22.9861
-0.225033 -0.46808 0.854553 35.3315 0.972917 -0.0603732 0.223133 8.11821 -0.0528521 0.881621 0.468989 -23.6733
-0.250764 -0.493308 0.832925 33.9205 0.967031 -0.0882162 0.238892 12.9498 -0.0443696 0.86537 0.499165 -23.8347
-0.39529 -0.415219 0.819353 32.3507 0.918131 -0.205742 0.338681 17.6103 0.0279487 0.886151 0.462553 -24.0257
-0.47403 -0.379051 0.794743 30.1521 0.879094 -0.254887 0.402774 22.0139 0.0498979 0.88958 0.454045 -23.8536
-0.555143 -0.365683 0.747056 27.5834 0.823445 -0.368274 0.431639 26.3027 0.117279 0.854781 0.505565 -23.6574
-0.61661 -0.347098 0.706622 24.4663 0.784565 -0.345238 0.515042 30.2032 0.0651825 0.871971 0.485198 -22.9859
-0.804086 -0.241623 0.543199 21.0307 0.592871 -0.39376 0.702465 33.9894 0.0441581 0.886889 0.459868 -22.7205
-0.896275 -0.217586 0.386454 16.7204 0.442908 -0.484049 0.754671 36.7845 0.0228571 0.847557 0.530212 -22.6269
-0.944332 -0.120925 0.305964 12.1048 0.320399 -0.549214 0.771821 38.7729 0.0747076 0.826886 0.557385 -22.5405
-0.955485 -0.101725 0.276948 7.36581 0.282036 -0.590515 0.75614 40.1991 0.0866234 0.80059 0.592918 -22.2166
-0.986881 0.00165306 0.161442 2.49202 0.126406 -0.614155 0.778997 41.1936 0.100438 0.789184 0.605888 -21.8944
-0.997234 0.0459124 0.0584474 -2.46889 0.0215169 -0.574371 0.818312 41.4962 0.0711411 0.817306 0.571795 -21.575
-0.991034 0.0941029 -0.0948477 -7.55435 -0.129499 -0.501792 0.85524 41.1423 0.0328867 0.859854 0.509479 -21.1903
-0.943186 0.148611 -0.297178 -12.626 -0.329817 -0.527104 0.783187 40.147 -0.0402538 0.836705 0.546172 -21.046
-0.899231 0.212462 -0.382418 -17.2854 -0.434813 -0.530337 0.727792 38.2952 -0.0481825 0.820733 0.569276 -21.3693
-0.832535 0.299283 -0.466172 -21.5107 -0.552813 -0.503252 0.66418 35.8094 -0.0358243 0.810659 0.584422 -21.554
-0.791633 0.344718 -0.504466 -25.7285 -0.610988 -0.44231 0.656548 32.7984 0.00319404 0.827968 0.560766 -21.6708
-0.695119 0.407071 -0.592539 -29.4957 -0.718887 -0.389792 0.575555 29.3121 0.00332445 0.826048 0.56359 -21.7759
-0.579287 0.440573 -0.685801 -32.8766 -0.814613 -0.283133 0.506202 25.4681 0.0288456 0.851899 0.522912 -21.7362
-0.445117 0.488373 -0.750575 -35.5263 -0.894941 -0.21373 0.391664 21.1961 0.0308578 0.846057 0.532199 -21.729
-0.258143 0.484811 -0.835656 -37.5294 -0.965898 -0.147506 0.2128 16.4634 -0.0200969 0.862091 0.506356 -21.6468
-0.233646 0.563834 -0.79215 -38.4868 -0.971061 -0.0938429 0.219621 11.4457 0.0494918 0.82054 0.569443 -21.9558
-0.122093 0.578892 -0.806212 -39.5079 -0.992428 -0.0602419 0.107038 6.37449 0.0133956 0.813176 0.581864 -21.6991
-0.0722589 0.514723 -0.854306 -39.8549 -0.99407 0.0326201 0.103734 1.39659 0.081262 0.856736 0.509314 -21.4193
0.0190701 0.546106 -0.837499 -39.8435 -0.990588 0.123875 0.0582191 -3.71442 0.135539 0.828507 0.543328 -20.9706
0.187277 0.530391 -0.826808 -39.4866 -0.973702 0.211402 -0.0849362 -8.75524 0.12974 0.820971 0.556034 -20.3007
0.318302 0.483691 -0.815308 -38.1409 -0.934571 0.304299 -0.184334 -13.5905 0.158937 0.820637 0.548903 -19.7557
0.478918 0.448488 -0.75465 -36.3553 -0.869553 0.360338 -0.337689 -18.2697 0.12048 0.817933 0.562557 -19.1803
0.609347 0.437671 -0.661166 -33.7621 -0.790478 0.400495 -0.46341 -22.591 0.0619728 0.805014 0.590009 -18.5821
0.672827 0.402455 -0.620753 -30.5445 -0.730212 0.495929 -0.469942 -26.5818 0.118719 0.769471 0.627551 -18.3173
0.718142 0.398779 -0.570305 -26.9855 -0.686825 0.538052 -0.488642 -30.1404 0.111993 0.742614 0.660289 -17.7636
0.808643 0.313003 -0.498123 -23.1156 -0.577144 0.586186 -0.568586 -33.4513 0.114024 0.747272 0.654663 -17.3847
0.869688 0.242159 -0.430119 -18.8641 -0.485255 0.579024 -0.655179 -36.3815 0.0903914 0.778518 0.621079 -17.0083
0.926179 0.136827 -0.351384 -14.3913 -0.357413 0.615582 -0.702364 -38.4793 0.120203 0.776104 0.619043 -16.4945
0.938629 0.0937258 -0.331951 -9.61515 -0.31043 0.649064 -0.694513 -40.1727 0.150364 0.754938 0.638326 -16.0595
0.966826 -0.0175482 -0.254834 -4.65281 -0.186484 0.63328 -0.751119 -41.5389 0.174562 0.773724 0.608999 -15.4247
0.99196 0.020347 0.124906 0.47572 0.0811241 0.655294 -0.751005 -42.1858 -0.0971308 0.7551 0.648374 -14.7652
0.962885 -0.0512945 0.264993 5.55096 0.230285 0.668224 -0.707422 -41.362 -0.140788 0.742189 0.655235 -15.1407
0.946116 -0.163672 0.279421 10.5922 0.315517 0.660158 -0.681646 -39.9752 -0.0728953 0.733078 0.676227 -15.7591
0.897432 -0.245822 0.366315 15.2905 0.435079 0.630497 -0.64279 -38.2312 -0.0729483 0.736237 0.672781 -16.1766
0.815112 -0.269365 0.512869 19.8558 0.557392 0.605858 -0.567671 -35.9479 -0.157815 0.748585 0.643984 -16.8981
0.724708 -0.338604 0.600121 23.8077 0.663487 0.57796 -0.47513 -33.0246 -0.185965 0.742503 0.643511 -17.7801
0.685691 -0.343073 0.641973 27.3532 0.708241 0.518013 -0.479643 -29.5194 -0.167998 0.783558 0.598175 -18.7882
0.557838 -0.394148 0.730386 30.7776 0.81272 0.437806 -0.384462 -25.5932 -0.168232 0.808067 0.564557 -19.9064
0.426533 -0.469515 0.773062 33.392 0.879213 0.415812 -0.23256 -21.3235 -0.212258 0.778881 0.590162 -20.9111
0.369361 -0.428132 0.824788 35.2648 0.912849 0.333354 -0.235759 -16.6882 -0.17401 0.839987 0.513948 -22.2211
0.202909 -0.422608 0.883306 36.9057 0.965692 0.23567 -0.10908 -11.8188 -0.162071 0.875135 0.455929 -23.0784
0.104612 -0.395953 0.912292 37.6772 0.979027 0.202256 -0.0244816 -6.98402 -0.174823 0.89572 0.408807 -24.0217
-0.0177144 -0.430962 0.902196 38.1577 0.98781 0.13203 0.0824635 -1.72392 -0.154655 0.892659 0.423369 -24.9213
-0.0857975 -0.398078 0.913331 37.5288 0.990259 0.0668274 0.122151 3.27493 -0.109661 0.914914 0.388466 -25.807
-0.187667 -0.391272 0.900937 36.7093 0.981731 -0.0454108 0.184775 8.19682 -0.0313848 0.919154 0.392646 -26.3337
-0.30625 -0.388946 0.868868 35.4766 0.950821 -0.0805217 0.299091 13.3 -0.0463674 0.917735 0.394478 -26.4174
-0.376492 -0.414616 0.828461 33.6026 0.92556 -0.206867 0.317088 18.0506 0.0399116 0.886171 0.461636 -26.7367
-0.467128 -0.381517 0.797644 31.2921 0.883716 -0.230968 0.407061 22.8539 0.0289293 0.895041 0.445045 -26.6379
-0.542439 -0.352173 0.762715 28.5748 0.833745 -0.337091 0.437308 27.272 0.103096 0.873123 0.476474 -26.3198
-0.698649 -0.30739 0.646065 25.4334 0.713954 -0.35818 0.601646 31.4106 0.0464676 0.8816 0.469704 -25.7909
-0.801027 -0.21557 0.558466 21.5297 0.596245 -0.370457 0.712217 35.1943 0.053355 0.903488 0.425279 -25.4763
-0.888148 -0.165438 0.428747 17.3278 0.457307 -0.410393 0.788954 38.2395 0.0454316 0.896776 0.440145 -25.2715
-0.929863 -0.117248 0.348722 12.6116 0.36066 -0.477687 0.801087 40.2832 0.0726544 0.870671 0.48647 -25.1739
-0.971825 -0.130665 0.196171 7.62639 0.235581 -0.565307 0.790525 41.7965 0.00760344 0.814466 0.580161 -24.7468
-0.99545 -0.00774275 0.0949685 2.50454 0.0832018 -0.556381 0.826751 42.8882 0.0464373 0.830891 0.554493 -24.5023
-0.998288 0.0555399 -0.0183199 -2.59736 -0.0447098 -0.522838 0.851259 43.1577 0.0377005 0.850621 0.524426 -24.1604
-0.99342 0.0932678 -0.0664696 -7.86842 -0.105288 -0.515323 0.850504 42.6615 0.0450714 0.851906 0.521752 -23.873
-0.960839 0.136024 -0.241425 -13.0703 -0.277023 -0.492971 0.824765 41.6485 -0.00682739 0.859347 0.511347 -23.6915
-0.879531 0.221819 -0.420978 -17.9678 -0.474995 -0.462053 0.748924 39.8521 -0.028389 0.858664 0.511752 -23.8443
-0.843965 0.281348 -0.456691 -22.4642 -0.536359 -0.432333 0.72485 37.207 0.00649303 0.856698 0.515777 -23.9978
-0.750099 0.294269 -0.592248 -26.8942 -0.657508 -0.427934 0.620125 34.051 -0.0709595 0.854563 0.514477 -24.1511
-0.702114 0.343424 -0.623776 -30.6268 -0.71172 -0.365703 0.599763 30.3219 -0.0221437 0.865056 0.501187 -24.4206
-0.558483 0.340173 -0.756557 -34.2106 -0.829489 -0.23642 0.506018 26.4209 -0.00673185 0.910158 0.414206 -24.4401
-0.460482 0.318763 -0.828461 -36.9434 -0.887581 -0.178515 0.424656 21.9205 -0.012528 0.930872 0.365131 -24.4933
-0.256606 0.412074 -0.87427 -39.0332 -0.966394 -0.0950236 0.238858 16.9979 0.0153505 0.906182 0.422609 -24.4337
-0.256657 0.50761 -0.822471 -40.1709 -0.966465 -0.127291 0.22303 11.7754 0.00851888 0.852132 0.523258 -24.3556
-0.147917 0.567789 -0.809775 -41.1721 -0.987527 -0.0401299 0.152248 6.59303 0.0539488 0.822195 0.566643 -24.1687
-0.0386164 0.523678 -0.851041 -41.5631 -0.994645 0.0615651 0.0830159 1.34783 0.095868 0.849689 0.518496 -23.9726
0.0504013 0.50619 -0.860948 -41.447 -0.989721 0.140834 0.0248628 -4.03143 0.133836 0.850845 0.508085 -23.4304
0.224983 0.438998 -0.869864 -40.959 -0.972123 0.161633 -0.16986 -9.30185 0.0660308 0.88383 0.463125 -22.7993
0.291104 0.392351 -0.872536 -39.4879 -0.952645 0.202675 -0.226694 -14.4225 0.0878975 0.897209 0.43277 -22.3922
0.46728 0.371311 -0.802357 -37.7053 -0.876496 0.3134 -0.365424 -19.2978 0.115773 0.874019 0.471898 -21.9397
0.554599 0.361793 -0.74935 -35.0207 -0.82095 0.384937 -0.421739 -23.8013 0.13587 0.849076 0.5105 -21.2582
0.671157 0.346765 -0.655212 -31.768 -0.737829 0.398098 -0.545094 -28.0651 0.0718191 0.849278 0.523039 -20.5958
0.678247 0.316913 -0.662984 -27.9652 -0.726367 0.425704 -0.539598 -31.7652 0.111229 0.847551 0.518928 -20.2525
0.803159 0.243215 -0.543859 -23.9761 -0.590696 0.44392 -0.673805 -35.3091 0.07755 0.862428 0.500205 -19.7446
0.870907 0.179451 -0.457512 -19.5249 -0.482835 0.485953 -0.728505 -38.0339 0.0915989 0.855363 0.509866 -19.4972
0.907425 0.0955356 -0.409209 -14.8271 -0.393788 0.533209 -0.748745 -40.3485 0.146662 0.840572 0.521468 -19.0536
0.948086 0.0157286 -0.317624 -9.80883 -0.277243 0.530145 -0.801301 -42.1004 0.155783 0.847761 0.506984 -18.4545
0.970422 0.0185923 -0.240698 -4.79534 -0.218329 0.493071 -0.842148 -43.3109 0.103024 0.869791 0.482546 -17.776
0.991309 0.00553728 0.131437 0.535005 0.113916 0.463598 -0.878692 -44.1253 -0.0657996 0.886028 0.458939 -17.1042
0.977729 -0.0330043 0.207261 5.76815 0.185953 0.5941 -0.782603 -43.3396 -0.0973047 0.803714 0.587006 -17.444
0.944924 -0.127028 0.301631 10.9583 0.314409 0.608308 -0.728771 -42.0888 -0.0909104 0.78347 0.614744 -18.0083
0.910703 -0.162947 0.379562 15.9445 0.390326 0.640135 -0.661719 -40.1402 -0.135146 0.750783 0.646575 -18.6429
0.856251 -0.223684 0.465618 20.5088 0.495779 0.608962 -0.619168 -37.6319 -0.145046 0.761006 0.632322 -19.2956
0.717049 -0.303017 0.627711 24.8449 0.672954 0.535573 -0.510191 -34.7994 -0.181589 0.788252 0.587949 -20.1617
0.674818 -0.268106 0.687561 28.5165 0.710856 0.486432 -0.508004 -31.1253 -0.198253 0.831567 0.518838 -21.2904
0.591676 -0.311209 0.743685 31.9216 0.790797 0.403372 -0.46036 -26.8816 -0.156714 0.860488 0.484769 -22.3528
0.363195 -0.247646 0.898198 34.9346 0.893919 0.364405 -0.260993 -22.5788 -0.262674 0.897708 0.353726 -23.2573
0.336064 -0.331962 0.881398 36.5636 0.914472 0.338961 -0.221011 -17.6652 -0.225392 0.880288 0.417483 -24.7301
0.230047 -0.332259 0.914703 38.0235 0.950008 0.280556 -0.137016 -12.5368 -0.211101 0.900495 0.38019 -25.8565
0.114671 -0.345561 0.931364 38.8932 0.986482 0.150094 -0.0657678 -7.46404 -0.117066 0.926315 0.358101 -26.8699
-0.00260907 -0.346323 0.938112 39.1903 0.987121 0.149165 0.0578128 -2.16908 -0.159955 0.92618 0.341474 -27.7494
-0.108424 -0.371548 0.922061 38.7929 0.98659 0.0736163 0.145676 3.14565 -0.122004 0.92549 0.358584 -28.6491
-0.230326 -0.354404 0.906282 38.1011 0.973031 -0.0717116 0.219246 8.37368 -0.0127109 0.932339 0.361363 -29.2237
-0.334258 -0.353312 0.873752 36.6352 0.942392 -0.112507 0.315023 13.5354 -0.0129979 0.928716 0.370565 -29.2088
-0.372597 -0.394585 0.839925 34.6276 0.927492 -0.128585 0.351034 18.5842 -0.0305114 0.909818 0.413884 -29.2995
-0.450413 -0.327376 0.830634 32.4646 0.891879 -0.207695 0.401765 23.4891 0.0409899 0.921785 0.385528 -29.3459
-0.52598 -0.310983 0.791602 29.6252 0.842943 -0.314387 0.436586 28.1437 0.113098 0.896912 0.427503 -28.9669
-0.689424 -0.268516 0.672751 26.2172 0.722946 -0.313033 0.615921 32.6236 0.0452088 0.910994 0.409935 -28.3883
-0.795685 -0.22688 0.561615 22.205 0.605266 -0.333348 0.722864 36.2714 0.0232097 0.915098 0.402563 -28.1748
-0.871983 -0.158709 0.463096 17.8579 0.487193 -0.373794 0.789253 39.3787 0.0478413 0.913832 0.403264 -28.0103
-0.931769 -0.108914 0.346331 12.9276 0.358896 -0.42027 0.833407 41.7519 0.0547826 0.900839 0.430683 -27.8385
-0.954821 -0.056301 0.2918 7.8251 0.282254 -0.479084 0.831151 43.4196 0.0930019 0.875962 0.47333 -27.4483
-0.992353 -0.0402504 0.116685 2.56355 0.122078 -0.459689 0.879649 44.5973 0.0182327 0.887167 0.461087 -26.9045
-0.998664 0.0516716 -0.00104933 -2.87637 -0.0241146 -0.447917 0.89375 44.7569 0.0457115 0.892581 0.448564 -26.8211
-0.978871 0.13226 -0.155942 -8.20961 -0.200888 -0.479782 0.854081 44.3359 0.0381425 0.867362 0.496214 -26.5782
-0.94124 0.164132 -0.295175 -13.5091 -0.337737 -0.454289 0.824351 42.9958 0.00120808 0.875604 0.483028 -26.4305
-0.881316 0.241458 -0.406177 -18.6507 -0.472468 -0.436643 0.765583 41.1053 0.00750152 0.866626 0.498902 -26.5591
-0.836069 0.284989 -0.468796 -23.3841 -0.548606 -0.441188 0.7102 38.4647 -0.00442844 0.850961 0.525211 -26.6264
-0.75415 0.312481 -0.577593 -27.7615 -0.655075 -0.419839 0.628181 35.246 -0.0462013 0.852109 0.521321 -26.7888
-0.678439 0.354581 -0.643422 -31.5257 -0.734213 -0.357684 0.577056 31.3995 -0.0255286 0.863906 0.503005 -26.9698
-0.579096 0.357099 -0.73289 -35.1774 -0.814978 -0.229945 0.531918 27.167 0.0214225 0.905321 0.424188 -27.2272
-0.43141 0.359489 -0.827438 -37.9927 -0.902113 -0.180925 0.391739 22.4402 -0.00887828 0.915442 0.402352 -27.2463
-0.317657 0.377784 -0.869697 -40.0867 -0.948147 -0.116353 0.295769 17.2115 0.0105448 0.918554 0.395155 -27.2316
-0.249881 0.430971 -0.867078 -41.5538 -0.963781 -0.0245083 0.265567 11.9419 0.0932012 0.902033 0.421485 -27.102
-0.125814 0.382138 -0.915501 -42.7386 -0.992021 -0.0409062 0.119256 6.60191 0.00812244 0.923199 0.384235 -26.6449
-0.0367175 0.41621 -0.908527 -43.0275 -0.9922 0.0931934 0.0827925 1.2025 0.119128 0.90448 0.409542 -26.7326
0.0567609 0.414574 -0.908244 -42.8196 -0.993901 0.109608 -0.0120828 -4.39016 0.0945414 0.90339 0.418267 -26.0197
0.164998 0.415705 -0.894408 -42.1499 -0.984335 0.126533 -0.122777 -9.76025 0.0621335 0.900655 0.43007 -25.5464
0.302241 0.368649 -0.879061 -40.8512 -0.946517 0.225328 -0.230939 -15.0836 0.112942 0.901845 0.417036 -25.2358
0.45941 0.335357 -0.822483 -38.8405 -0.880239 0.295781 -0.371069 -20.1631 0.118834 0.894455 0.431079 -24.6084
0.561733 0.334414 -0.756719 -36.0549 -0.824537 0.301239 -0.478951 -24.9962 0.067785 0.892985 0.444953 -23.9767
0.702373 0.209466 -0.680292 -32.78 -0.688329 0.44332 -0.57417 -29.293 0.181318 0.871545 0.455558 -23.469
0.719648 0.308257 -0.622161 -28.8214 -0.694187 0.3382 -0.635394 -32.9549 0.0145499 0.889156 0.457373 -22.6406
0.798256 0.198715 -0.568594 -24.7152 -0.595247 0.404496 -0.694308 -36.5462 0.0920242 0.89269 0.441176 -22.4594
0.879948 0.135075 -0.455463 -20.0618 -0.464857 0.442543 -0.766853 -39.5665 0.0979794 0.886516 0.452206 -22.0992
0.917536 0.0752247 -0.390473 -15.055 -0.378452 0.466633 -0.799392 -41.8032 0.122074 0.881246 0.456622 -21.6701
0.945779 -0.018035 -0.324309 -9.98475 -0.272911 0.497294 -0.82354 -43.6033 0.17613 0.867395 0.465408 -21.0557
0.986162 -0.0121559 -0.165337 -4.80012 -0.139914 0.473936 -0.869372 -44.8299 0.0889272 0.880475 0.465677 -20.3217
0.999525 0.0265503 -0.015635 0.483834 -0.0266181 0.488471 -0.872174 -45.3041 -0.0155192 0.872176 0.488946 -19.8979
0.991212 0.0241731 0.130052 5.92936 0.0977432 0.528612 -0.843217 -45.056 -0.0891305 0.848519 0.521604 -19.9805
0.960808 -0.108075 0.25528 11.3785 0.271552 0.5521 -0.788318 -43.9922 -0.0557423 0.826744 0.55981 -20.4587
0.866021 -0.147265 0.477829 16.5937 0.470167 0.56504 -0.677992 -42.2691 -0.170148 0.811815 0.558576 -20.7834
0.838139 -0.172441 0.517482 21.1448 0.514823 0.56355 -0.646041 -39.436 -0.180223 0.807884 0.561109 -21.7348
0.759378 -0.196486 0.620273 25.5652 0.61088 0.543484 -0.575718 -36.2861 -0.223988 0.8161 0.532739 -22.7206
0.632729 -0.248669 0.733361 29.4605 0.750099 0.432077 -0.500661 -32.5502 -0.192369 0.866876 0.459914 -23.9276
0.559163 -0.262645 0.786355 32.8758 0.808003 0.385044 -0.44595 -28.2129 -0.185655 0.884736 0.427521 -25.1412
0.432476 -0.236009 0.870209 35.5771 0.865568 0.378952 -0.327394 -23.6871 -0.2525 0.894816 0.36817 -26.0868
0.312712 -0.289232 0.904741 37.5329 0.935989 0.255951 -0.241689 -18.686 -0.161665 0.922407 0.350757 -27.5778
0.204559 -0.292946 0.93399 38.9713 0.962885 0.231868 -0.138163 -13.4255 -0.176088 0.927588 0.329504 -28.6313
0.0864479 -0.302332 0.949275 39.885 0.987364 0.153028 -0.041179 -7.87035 -0.132816 0.940839 0.311741 -29.8098
0.0181315 -0.293711 0.955722 40.1753 0.991053 0.131695 0.0216703 -2.44307 -0.132228 0.946779 0.293471 -30.704
-0.0469538 -0.299205 0.953033 39.8154 0.991725 0.100165 0.080307 2.94931 -0.119489 0.948917 0.292026 -31.5607
-0.217338 -0.280033 0.935064 39.1979 0.97287 -0.139974 0.184206 8.48602 0.0793013 0.949731 0.302858 -32.2218
-0.304734 -0.33762 0.89059 37.6482 0.949527 -0.0346435 0.311767 13.9317 -0.0744055 0.940645 0.331136 -31.8252
-0.356576 -0.314503 0.87974 35.5956 0.934266 -0.119456 0.335972 19.0353 -0.000573793 0.94171 0.336424 -32.1812
-0.457487 -0.281075 0.843625 33.32 0.887347 -0.20579 0.412632 24.0189 0.0576287 0.937362 0.343558 -32.1458
-0.518644 -0.250532 0.81746 30.3916 0.849631 -0.257907 0.460013 28.9895 0.0955803 0.933123 0.346622 -31.7774
-0.716484 -0.224239 0.660581 27.2336 0.696786 -0.275845 0.662116 33.493 0.0337459 0.93468 0.353886 -31.151
-0.803502 -0.136754 0.579381 22.9291 0.587691 -0.337353 0.735399 37.1559 0.0948875 0.931392 0.351433 -31.0755
-0.846303 -0.154442 0.509822 18.3196 0.530724 -0.326852 0.781985 40.3545 0.0458655 0.932371 0.358582 -30.7176
-0.933301 -0.0923009 0.347029 13.3277 0.355227 -0.37876 0.854608 43.0102 0.0525596 0.920881 0.386285 -30.5773
-0.968087 0.0400963 0.247386 7.99655 0.20688 -0.429282 0.879157 44.7859 0.141449 0.90228 0.407288 -30.2659
-0.987477 -0.0505486 0.149443 2.44906 0.156844 -0.416492 0.895508 45.6927 0.0169751 0.907733 0.419205 -29.5566
-0.998825 0.00470605 -0.0482393 -3.01223 -0.0458838 -0.412474 0.909813 46.1439 -0.0156158 0.910957 0.412205 -29.4637
-0.974942 0.168273 -0.145508 -8.46964 -0.202662 -0.402092 0.892889 45.6473 0.0917414 0.900004 0.426119 -29.4884
-0.963906 0.116647 -0.23933 -13.9218 -0.266239 -0.427018 0.86416 44.2764 -0.00139652 0.896688 0.442661 -29.0982
-0.901007 0.182043 -0.393759 -19.3739 -0.433627 -0.403844 0.80553 42.396 -0.0123755 0.896533 0.442805 -29.1562
-0.828768 0.227876 -0.511093 -24.2489 -0.558223 -0.400527 0.726612 39.7853 -0.0391291 0.887497 0.45915 -29.2333
-0.751382 0.270271 -0.601978 -28.5901 -0.658542 -0.364927 0.658142 36.501 -0.0418012 0.890944 0.452185 -29.4398
-0.675285 0.306191 -0.670997 -32.6004 -0.736809 -0.321028 0.595025 32.5189 -0.0332177 0.896208 0.442389 -29.7092
-0.552641 0.296697 -0.778819 -36.1075 -0.831758 -0.255322 0.492939 27.9247 -0.0525961 0.920207 0.387882 -30.0397
-0.395064 0.342761 -0.852314 -39.1078 -0.917847 -0.10841 0.381842 23.0465 0.0384812 0.933146 0.357431 -30.2779
-0.288 0.351814 -0.890664 -41.1839 -0.956882 -0.0689688 0.282169 17.5669 0.0378431 0.933526 0.356508 -30.0658
-0.262592 0.357076 -0.896405 -42.7901 -0.963609 -0.0488663 0.262813 12.0535 0.05004 0.932796 0.356913 -29.7427
-0.136268 0.347855 -0.927592 -43.87 -0.990323 -0.0229976 0.136859 6.58901 0.0262749 0.937266 0.347623 -29.6255
-0.0298726 0.352481 -0.935342 -44.2527 -0.992993 0.0965768 0.0681086 0.969788 0.114339 0.930822 0.347126 -29.3967
0.0916955 0.357829 -0.929274 -43.994 -0.993673 0.0936638 -0.0619835 -4.72108 0.0648599 0.929078 0.364153 -28.7523
0.18681 0.346769 -0.919159 -43.2307 -0.97915 0.141718 -0.145537 -10.2653 0.079794 0.927182 0.366013 -28.3259
0.31324 0.307095 -0.898651 -41.77 -0.937994 0.247999 -0.242206 -15.69 0.148484 0.918798 0.365736 -27.907
