0.999987 -0.00449664 0.00225217 -0.000262273 0.00448114 0.999967 0.00684053 -0.000276468 -0.00228285 -0.00683035 0.999974 -0.00085523
0.978566 -0.203134 0.0338417 0.34665 0.200431 0.977205 0.0699834 -0.0864758 -0.0472863 -0.0617005 0.996974 0.0462509
0.871991 -0.48596 0.0589465 0.551443 0.476736 0.870378 0.123143 0.0169344 -0.111148 -0.079278 0.990637 -0.0463429
0.823663 -0.565824 0.0377174 0.666536 0.55468 0.817702 0.153928 0.00339006 -0.117938 -0.105864 0.987362 -0.26666
0.725858 -0.687822 -0.00558265 0.76569 0.679235 0.715468 0.163538 0.0813729 -0.108491 -0.122498 0.986521 -0.420657
0.689089 -0.724046 -0.0302258 1.03099 0.721077 0.680917 0.128061 0.214338 -0.0721409 -0.110041 0.991306 -0.516194
0.533611 -0.844329 -0.0486625 1.15983 0.843527 0.52719 0.102628 0.341693 -0.0609971 -0.0958114 0.993529 -0.534876
0.412999 -0.90686 -0.0838894 1.43132 0.907278 0.401669 0.124533 0.443159 -0.0792377 -0.127543 0.988663 -0.634538
0.288859 -0.957355 0.0056115 1.68254 0.948911 0.287079 0.130974 0.691823 -0.127 -0.0325083 0.99137 -0.474456
0.174943 -0.984453 0.0157462 1.86766 0.972778 0.175293 0.151577 0.912232 -0.15198 -0.0111997 0.98832 -0.543949
0.0641618 -0.99788 0.0109364 2.0179 0.98902 0.0650464 0.132699 1.28743 -0.133129 0.00230211 0.991096 -0.703271
0.0625883 -0.997663 -0.0273958 2.03036 0.989436 0.0584288 0.132675 1.68907 -0.130764 -0.0354103 0.990781 -0.816333
-0.00813801 -0.998991 -0.0441725 2.02951 0.989925 -0.0142931 0.140871 2.25273 -0.14136 -0.0425811 0.989042 -0.918576
-0.234988 -0.971401 0.034075 2.00543 0.958551 -0.225784 0.173784 2.33526 -0.161121 0.0734999 0.984194 -0.856001
-0.405987 -0.910267 -0.0811734 1.96161 0.892046 -0.41402 0.181219 2.7406 -0.198565 0.0011619 0.980087 -0.898593
-0.526066 -0.850051 -0.0258578 1.73823 0.828662 -0.519193 0.209185 2.97984 -0.191243 0.088618 0.977534 -1.06929
-0.581924 -0.812808 -0.0265988 1.68357 0.792462 -0.574097 0.205954 3.45037 -0.182672 0.0987712 0.9782 -1.17293
-0.607128 -0.794508 0.0123536 1.42284 0.780182 -0.593089 0.198902 3.84227 -0.150702 0.130397 0.979942 -1.31186
-0.695436 -0.718418 0.0156234 0.987248 0.71289 -0.687025 0.140661 4.14887 -0.0903201 0.108959 0.989934 -1.30296
-0.805968 -0.58792 0.0690307 0.733708 0.591955 -0.800922 0.090073 4.32419 0.00233244 0.113459 0.99354 -1.33475
-0.86825 -0.466194 0.169722 0.461469 0.484391 -0.870533 0.0868188 4.64097 0.107274 0.157592 0.98166 -1.35136
-0.905353 -0.370923 0.206768 -0.0460938 0.400938 -0.907071 0.128339 4.73878 0.13995 0.199093 0.969936 -1.1161
-0.934011 -0.27779 0.224623 -0.401146 0.299001 -0.951968 0.0659922 5.01318 0.195502 0.1288 0.972209 -1.09921
-0.963009 -0.150856 0.223285 -0.741278 0.169284 -0.983374 0.0657184 5.2323 0.209659 0.101086 0.972535 -0.911513
-0.97166 -0.0870481 0.219772 -1.15457 0.110656 -0.989067 0.0974812 5.31392 0.208884 0.119038 0.970669 -0.83385
-0.98163 0.0743652 0.175704 -1.62088 -0.0534011 -0.991194 0.121171 5.33807 0.183168 0.109562 0.976957 -0.674495
-0.971169 0.199526 0.130458 -2.00075 -0.177034 -0.970131 0.165849 5.36356 0.159652 0.137972 0.977484 -0.555643
-0.92641 0.364226 0.095415 -2.54871 -0.347704 -0.924815 0.154332 5.36823 0.144453 0.109799 0.983401 -0.472191
-0.864945 0.492648 0.0957478 -2.91668 -0.49025 -0.870216 0.0487806 5.16113 0.107353 -0.00474776 0.99421 -0.540127
-0.799135 0.599342 0.0466138 -3.18451 -0.597673 -0.800448 0.0455004 4.91646 0.0645822 0.00850114 0.997876 -0.410052
-0.661306 0.749972 -0.0146711 -3.56844 -0.748473 -0.658439 0.0790321 4.67307 0.0496119 0.0632454 0.996764 -0.461523
-0.581167 0.813129 -0.0326352 -3.91901 -0.812415 -0.577398 0.0811941 4.36703 0.0471778 0.0737007 0.996164 -0.390087
-0.50608 0.862485 -0.00178724 -4.18802 -0.86045 -0.504741 0.069727 4.12838 0.0592364 0.0368253 0.997565 -0.360601
-0.442656 0.896448 -0.0208987 -4.65372 -0.894399 -0.439738 0.0817402 3.53656 0.0640859 0.0548745 0.996435 -0.258863
-0.304388 0.952546 -0.00185737 -4.72368 -0.945708 -0.301968 0.120215 3.03778 0.11395 0.0383485 0.992746 -0.205316
-0.155249 0.987833 0.00913997 -4.78562 -0.981027 -0.155254 0.116111 2.60291 0.116117 0.00905964 0.993194 -0.343874
-0.0999261 0.994755 0.0218267 -4.9046 -0.993159 -0.10105 0.0585135 2.01381 0.0604122 -0.0158304 0.998048 -0.422593
0.0198313 0.999767 -0.00851469 -4.87381 -0.997466 0.0203662 0.0681677 1.61103 0.0683252 0.00714126 0.997638 -0.338388
0.231819 0.97275 0.00412893 -4.95924 -0.972712 0.231764 0.0108458 1.14702 0.00959335 -0.00653052 0.999933 -0.39697
0.293799 0.953961 -0.0603442 -4.74944 -0.955201 0.295365 0.0187124 0.488705 0.0356744 0.0521432 0.998002 -0.276115
0.33541 0.935171 -0.113824 -4.48322 -0.936577 0.344042 0.0667784 -0.154301 0.101609 0.0842064 0.991254 -0.30733
0.454542 0.884512 -0.105024 -4.25187 -0.87729 0.464965 0.119033 -0.701635 0.154119 0.0380312 0.98732 -0.276196
0.606472 0.78871 -0.100638 -3.7945 -0.773652 0.614566 0.154176 -1.2639 0.183449 -0.0156446 0.982905 -0.278493
0.660608 0.745186 -0.0910805 -3.33324 -0.722967 0.664167 0.190267 -1.57678 0.202277 -0.0598438 0.977498 -0.211449
0.802677 0.57528 -0.157363 -2.99955 -0.56082 0.817812 0.12909 -1.99486 0.202956 -0.0153654 0.979067 -0.212231
0.891207 0.436923 -0.121853 -2.7517 -0.421202 0.896838 0.135171 -2.36828 0.168342 -0.0691405 0.983301 -0.374998
0.929116 0.341459 -0.141947 -2.29722 -0.326739 0.937811 0.117267 -2.67257 0.173162 -0.0625747 0.982904 -0.236072
0.971117 0.19428 -0.138516 -1.77205 -0.172394 0.97266 0.155604 -2.97467 0.164959 -0.127231 0.97806 -0.186978
0.990421 -0.0152561 -0.137239 -1.17249 0.0401981 0.982687 0.18086 -3.09227 0.132103 -0.184645 0.973887 -0.0436638
0.988991 -0.115553 -0.0924368 -0.641016 0.125331 0.98621 0.108087 -3.11387 0.0786722 -0.118482 0.989835 0.0562801
0.989497 -0.140854 -0.0324803 0.137576 0.143598 0.983594 0.109194 -3.00889 0.016567 -0.112711 0.99349 -0.015065
0.917907 -0.394328 0.0441756 0.830821 0.388507 0.915784 0.101993 -3.03936 -0.0806741 -0.0764578 0.993804 0.15774
0.902045 -0.422046 0.0905138 1.78552 0.418736 0.906512 0.0538103 -2.71208 -0.104762 -0.0106379 0.99444 0.118136
0.851943 -0.518978 0.0696742 2.27598 0.508366 0.851645 0.127534 -2.48918 -0.125525 -0.0732318 0.989384 -0.0792742
0.784115 -0.619029 0.0443541 2.79527 0.609379 0.781487 0.133921 -2.13278 -0.117563 -0.0779811 0.989999 -0.134067
0.675455 -0.734928 0.0603384 3.30975 0.733731 0.677993 0.0443208 -1.81041 -0.0734816 0.0143355 0.997194 -0.259191
0.586063 -0.810123 0.0152141 3.8164 0.809421 0.586206 0.0346436 -1.28321 -0.0369842 -0.00798869 0.999284 -0.413026
0.505487 -0.85996 0.0703713 4.29897 0.861061 0.507994 0.022713 -0.722282 -0.0552804 0.0491129 0.997262 -0.343331
0.400472 -0.91409 0.0637332 4.5957 0.908176 0.405203 0.10501 -0.181002 -0.121813 0.0158275 0.992427 -0.427763
0.288014 -0.954917 0.071987 4.82507 0.945694 0.295451 0.135544 0.483131 -0.150702 0.0290391 0.988153 -0.577562
0.141897 -0.984817 0.100008 5.12234 0.982419 0.152489 0.107701 1.1585 -0.121316 0.0829675 0.98914 -0.745041
0.00614347 -0.999339 0.0358438 5.10833 0.99353 0.010165 0.113116 1.63616 -0.113406 0.0349169 0.992935 -0.881858
-0.0659925 -0.994794 0.0776539 5.07363 0.990178 -0.055675 0.12825 2.44318 -0.123259 0.0853547 0.988697 -0.941733
-0.124259 -0.987897 0.0928416 5.0122 0.979616 -0.107255 0.169847 3.14581 -0.157834 0.112054 0.981087 -1.1211
-0.296667 -0.952501 0.0687766 4.83024 0.935539 -0.275415 0.221162 3.78418 -0.191715 0.129955 0.972809 -1.15823
-0.324449 -0.943243 0.0708916 4.44483 0.92699 -0.302155 0.222242 4.5561 -0.188208 0.137822 0.972411 -1.35317
-0.472016 -0.878594 0.072619 4.01037 0.86531 -0.445967 0.228805 5.09694 -0.168641 0.170837 0.97076 -1.5208
-0.647263 -0.754228 0.110414 3.7773 0.753642 -0.611462 0.241116 5.66319 -0.114342 0.239278 0.964195 -1.65244
-0.719179 -0.680496 0.140381 3.13072 0.692861 -0.68718 0.218466 6.23981 -0.0521986 0.254381 0.965694 -1.63147
-0.803505 -0.561807 0.196857 2.41448 0.593596 -0.78112 0.193638 6.70492 0.0449816 0.272443 0.96112 -1.78977
-0.861179 -0.457609 0.22128 1.81379 0.49503 -0.85388 0.160728 7.106 0.115396 0.247955 0.961874 -1.88295
-0.906208 -0.365804 0.212073 1.14976 0.396437 -0.909477 0.125258 7.49972 0.147056 0.197583 0.969193 -1.80578
-0.939553 -0.248516 0.235543 0.452811 0.284123 -0.949759 0.131267 7.90484 0.191087 0.190256 0.962958 -1.65868
-0.955889 -0.182972 0.229778 -0.433109 0.221466 -0.962834 0.154606 8.20727 0.19295 0.198675 0.960884 -1.32737
-0.960695 0.113005 0.253564 -1.0195 -0.0768349 -0.985954 0.148297 8.32029 0.266761 0.122985 0.955883 -1.23105
-0.972854 0.108272 0.204532 -1.89673 -0.0793645 -0.9863 0.144615 8.37191 0.217387 0.124456 0.968118 -1.14449
-0.965304 0.226546 0.129863 -2.68744 -0.205817 -0.966147 0.15556 8.34901 0.160708 0.123435 0.979253 -0.989717
-0.925996 0.364843 0.0970664 -3.58921 -0.352951 -0.927858 0.120439 8.12502 0.134005 0.0772667 0.987964 -0.669678
-0.884438 0.462209 0.064275 -4.31993 -0.450779 -0.881826 0.1385 7.86464 0.120695 0.0935209 0.988274 -0.54915
-0.826934 0.561305 0.0334172 -5.03526 -0.556719 -0.825632 0.0916236 7.47531 0.0790191 0.0571627 0.995233 -0.605997
-0.728382 0.684601 -0.0279352 -5.75456 -0.68508 -0.727016 0.0459659 6.866 0.011159 0.0526185 0.998552 -0.658191
-0.637459 0.766735 -0.0759138 -6.37874 -0.770311 -0.632126 0.0838891 6.17972 0.0163336 0.111953 0.993579 -0.668251
-0.487881 0.871499 -0.0496188 -6.82607 -0.871892 -0.48378 0.0759043 5.6806 0.0421459 0.0802945 0.99588 -0.602733
-0.337727 0.937485 -0.0840369 -7.19898 -0.940706 -0.333166 0.0638165 4.96053 0.0318287 0.100607 0.994417 -0.475679
-0.248286 0.963708 -0.0980902 -7.5442 -0.967605 -0.24195 0.0721182 4.01063 0.0457679 0.112819 0.992561 -0.479541
-0.188731 0.979255 -0.0737607 -7.82385 -0.981057 -0.184672 0.0585019 3.11296 0.0436667 0.0834047 0.995559 -0.402419
-0.0347173 0.991992 -0.121437 -7.9689 -0.997659 -0.0272361 0.0627319 2.2935 0.058922 0.12333 0.990615 -0.469905
0.102872 0.986759 -0.125398 -8.03018 -0.994586 0.10018 -0.0276058 1.52822 -0.0146779 0.127559 0.991722 -0.316939
0.253196 0.962161 -0.100687 -7.79374 -0.967282 0.250059 -0.0428607 0.494689 -0.0160612 0.108245 0.993994 -0.504998
0.307106 0.938885 -0.155502 -7.53361 -0.951666 0.302266 -0.0544699 -0.387806 -0.00413825 0.164714 0.986333 -0.443438
0.397897 0.909339 -0.121577 -7.2149 -0.915573 0.402017 0.0104038 -1.23582 0.0583364 0.107173 0.992528 -0.475353
0.56604 0.813196 -0.135321 -6.8726 -0.815298 0.576507 0.0541084 -2.12987 0.122014 0.0796994 0.989323 -0.519114
0.599318 0.76922 -0.221626 -6.22781 -0.778079 0.624835 0.0646111 -3.11469 0.18818 0.13372 0.972989 -0.511033
0.693661 0.695983 -0.185586 -5.49835 -0.688092 0.716456 0.11498 -3.75753 0.212988 0.0479435 0.975878 -0.291934
0.761345 0.634021 -0.13554 -4.79913 -0.621403 0.773222 0.126438 -4.44652 0.184967 -0.0120379 0.982671 -0.309586
0.865336 0.47466 -0.160912 -4.09592 -0.46948 0.88006 0.071289 -5.06892 0.17545 0.0138559 0.984391 -0.178465
0.926023 0.347901 -0.146445 -3.19762 -0.341108 0.937413 0.0700107 -5.50775 0.161636 -0.014878 0.986738 -0.096995
0.96077 0.235691 -0.146187 -2.15225 -0.226291 0.97092 0.078146 -5.95048 0.160354 -0.0419997 0.986166 0.121452
0.987945 0.0706343 -0.137749 -1.19906 -0.0632257 0.996345 0.0574418 -6.07936 0.141303 -0.04804 0.9888 0.169222
0.995839 -0.0310582 -0.0856788 -0.228705 0.0349175 0.998425 0.0439189 -6.14162 0.0841797 -0.0467278 0.995354 0.350915
0.983161 -0.172187 -0.0612102 0.839533 0.176368 0.981753 0.071105 -5.97959 0.0478499 -0.0807031 0.995589 0.385785
0.954429 -0.29575 0.0399696 1.98522 0.287443 0.947002 0.143398 -5.79132 -0.0802614 -0.125375 0.988858 0.271666
0.896856 -0.412316 0.16014 2.92949 0.403228 0.91094 0.0871574 -5.51392 -0.181814 -0.0135946 0.983239 0.293229
0.866245 -0.471287 0.165858 3.85676 0.470271 0.881223 0.047867 -5.12382 -0.168717 0.0365336 0.984987 -0.0397271
0.792303 -0.597877 0.121651 4.74035 0.598613 0.800296 0.0344881 -4.52045 -0.117976 0.0454968 0.991974 0.0142172
0.756345 -0.648261 0.0877512 5.53919 0.648493 0.76064 0.0297311 -3.83083 -0.0860206 0.034419 0.995699 -0.318949
0.662872 -0.744929 0.0753767 6.2229 0.744644 0.666409 0.0374626 -3.0961 -0.0781387 0.0312959 0.996451 -0.533525
0.522084 -0.844785 0.117336 6.83766 0.847337 0.529429 0.0415246 -2.27881 -0.0972006 0.0777441 0.992224 -0.64492
0.429525 -0.892667 0.136575 7.28347 0.897059 0.439164 0.0491857 -1.40711 -0.103885 0.101389 0.989408 -0.811447
0.249831 -0.9546 0.162244 7.75613 0.964725 0.259757 0.042811 -0.48264 -0.0830114 0.145825 0.985822 -0.929906
0.178318 -0.973494 0.143222 8.08321 0.980014 0.188753 0.0628086 0.655188 -0.0881774 0.129159 0.987696 -1.04134
-0.0438943 -0.987646 0.150432 8.1844 0.99376 -0.0277093 0.108046 1.55899 -0.102542 0.154235 0.982699 -1.14445
-0.146434 -0.971341 0.187226 8.21621 0.985626 -0.127144 0.111249 2.49732 -0.0842557 0.200826 0.975997 -1.41452
-0.297352 -0.942277 0.153935 8.08542 0.947034 -0.270604 0.172918 3.56502 -0.121281 0.1972 0.972833 -1.53326
-0.389317 -0.893642 0.22324 7.77469 0.91314 -0.342642 0.220842 4.6459 -0.120862 0.289827 0.949417 -1.62913
-0.502936 -0.854407 0.130554 7.28009 0.857034 -0.473396 0.20344 5.62078 -0.112017 0.214207 0.970344 -1.92903
-0.622397 -0.775184 0.10822 6.68775 0.7741 -0.589202 0.231539 6.4957 -0.115722 0.227883 0.966787 -2.195
-0.684772 -0.723961 0.0834659 6.10908 0.714523 -0.644453 0.272281 7.50607 -0.143331 0.246089 0.958591 -2.40034
-0.757669 -0.635462 0.14875 5.22915 0.646594 -0.699944 0.303305 8.27254 -0.088622 0.325986 0.941212 -2.50013
-0.776937 -0.60462 0.175509 4.1875 0.628731 -0.730674 0.266108 8.98693 -0.0326546 0.317097 0.947831 -2.66933
-0.85793 -0.486626 0.164777 3.27761 0.512703 -0.831553 0.21367 9.72293 0.0330431 0.267796 0.962909 -2.70309
-0.900928 -0.351375 0.254684 2.24396 0.409634 -0.882317 0.231767 10.3221 0.143275 0.313133 0.93884 -2.62426
-0.936216 -0.192235 0.294187 1.14637 0.262609 -0.938981 0.22215 10.8631 0.233531 0.285237 0.929572 -2.35565
-0.964388 -0.137242 0.226098 0.0846175 0.192765 -0.950027 0.245543 11.0359 0.1811 0.280382 0.94265 -1.96569
-0.964383 0.0132949 0.264175 -1.24609 0.0747195 -0.944367 0.320293 11.2548 0.253737 0.328624 0.909738 -1.62206
-0.976898 0.112128 0.181925 -2.33397 -0.0641942 -0.965948 0.250646 11.3731 0.203834 0.233178 0.950831 -1.40436
-0.945796 0.304095 0.114001 -3.43913 -0.268069 -0.929167 0.254534 11.3426 0.183329 0.210177 0.960321 -1.25343
-0.916824 0.391814 0.0769098 -4.66726 -0.371961 -0.908114 0.192288 10.9953 0.145184 0.147686 0.97832 -1.00301
-0.825343 0.563894 -0.02885 -5.74161 -0.561245 -0.813733 0.151138 10.6236 0.0617493 0.140932 0.988092 -0.872006
-0.809097 0.577882 -0.106837 -6.77013 -0.586915 -0.803829 0.0969052 9.94056 -0.029879 0.14111 0.989543 -0.743039
-0.688552 0.71036 -0.145893 -7.71832 -0.723567 -0.686407 0.0727735 9.17456 -0.0484468 0.155672 0.98662 -0.792433
-0.626754 0.762931 -0.15848 -8.62423 -0.778919 -0.619048 0.100324 8.08318 -0.0215667 0.186321 0.982252 -0.999316
-0.520404 0.846694 -0.110857 -9.35079 -0.853661 -0.512645 0.0919695 7.20108 0.0210398 0.142495 0.989572 -0.998968
-0.426078 0.884146 -0.191687 -10.0085 -0.90266 -0.401298 0.155449 6.04664 0.0605158 0.239262 0.969067 -0.94335
-0.304391 0.92825 -0.213772 -10.6102 -0.952411 -0.300375 0.0518439 4.87602 -0.0160876 0.21938 0.975507 -0.829662
-0.13004 0.953437 -0.272117 -10.8426 -0.991412 -0.121193 0.0491436 3.7306 0.0138766 0.27617 0.961009 -0.885942
-0.0368688 0.979371 -0.198678 -11.0262 -0.998115 -0.026327 0.0554436 2.36046 0.0490692 0.200348 0.978495 -0.872979
0.101317 0.962631 -0.251151 -10.9324 -0.994615 0.092482 -0.0467668 1.23313 -0.0217923 0.254536 0.966818 -0.717698
0.281412 0.94426 -0.17082 -10.7888 -0.958756 0.269272 -0.0909923 -0.157674 -0.0399234 0.189381 0.981092 -0.927912
0.404165 0.893901 -0.193885 -10.4746 -0.91429 0.388577 -0.11437 -1.31921 -0.0268961 0.223492 0.974335 -1.06659
0.499 0.840845 -0.20971 -9.92034 -0.866181 0.491471 -0.0904749 -2.60007 0.026991 0.226794 0.973569 -1.0548
0.572372 0.79845 -0.186729 -9.31472 -0.812903 0.582397 -0.00143168 -3.83713 0.107607 0.152612 0.98241 -1.0311
0.655625 0.714039 -0.245569 -8.56585 -0.739416 0.67303 -0.0171428 -4.93707 0.153035 0.192817 0.969228 -0.869516
0.753645 0.623651 -0.207554 -7.64161 -0.643656 0.764224 -0.0408495 -5.97048 0.133142 0.164379 0.97737 -0.578178
0.84638 0.508615 -0.157962 -6.62701 -0.513636 0.857946 0.0103425 -6.93327 0.140783 0.0723812 0.987391 -0.445203
0.881858 0.433617 -0.18521 -5.42438 -0.444022 0.895859 -0.0167608 -7.64604 0.158654 0.0970179 0.982556 -0.2628
0.934058 0.334605 -0.124801 -4.25712 -0.332979 0.94231 0.0342941 -8.36258 0.129077 0.00952356 0.991589 -0.0480842
0.956581 0.265941 -0.119282 -2.80298 -0.268196 0.96336 -0.00296845 -8.85071 0.114122 0.0348305 0.992856 0.140213
0.986505 0.0911294 -0.136029 -1.59304 -0.0997128 0.993344 -0.057667 -9.17565 0.129868 0.0704526 0.989025 0.278716
0.995331 0.00584928 -0.0963391 -0.183991 -0.011026 0.998518 -0.0532896 -9.20872 0.0958847 0.0541031 0.993921 0.387829
0.991066 -0.132825 -0.0120431 1.30307 0.131738 0.989025 -0.0668997 -9.02645 0.0207969 0.0647155 0.997687 0.491986
0.964786 -0.231684 0.124538 2.71757 0.235624 0.971683 -0.01769 -8.80153 -0.116913 0.0464111 0.992057 0.472391
0.908906 -0.336071 0.246872 4.06934 0.347815 0.937554 -0.00423998 -8.21966 -0.23003 0.0897194 0.969039 0.225711
0.839116 -0.485554 0.245196 5.31037 0.507991 0.860689 -0.0340643 -7.73329 -0.194498 0.153141 0.968875 -0.1078
0.775561 -0.594777 0.211533 6.47894 0.604829 0.796083 0.0208502 -6.95174 -0.180799 0.11177 0.977149 -0.294238
0.716638 -0.676995 0.167653 7.54015 0.687489 0.726166 -0.00638059 -5.99042 -0.117424 0.119832 0.985825 -0.580841
0.609959 -0.780284 0.138232 8.47892 0.784136 0.619495 0.0368336 -5.08127 -0.114375 0.0859255 0.989715 -0.792053
0.426657 -0.883602 0.192902 9.40528 0.895869 0.44215 0.0438323 -4.02097 -0.124022 0.154114 0.980238 -1.03993
0.410347 -0.885406 0.218339 10.0117 0.904013 0.426432 0.0302567 -2.64456 -0.119896 0.184966 0.975404 -1.20705
0.287166 -0.932721 0.2181 10.5752 0.944642 0.313483 0.096853 -1.24636 -0.158708 0.178214 0.971109 -1.48532
0.155246 -0.956064 0.248676 11.0612 0.977562 0.184958 0.100808 0.0816977 -0.142374 0.227447 0.963326 -1.49191
-0.0138652 -0.966046 0.258 11.1902 0.990645 0.0217615 0.134721 1.5026 -0.135761 0.257454 0.956706 -1.64602
-0.116103 -0.969468 0.215992 11.1063 0.98068 -0.0774216 0.179645 2.87141 -0.157438 0.232677 0.959726 -1.99367
-0.274942 -0.939028 0.20648 10.9841 0.9404 -0.217941 0.261055 4.33215 -0.200138 0.265949 0.942983 -2.27913
-0.392972 -0.887538 0.24052 10.4889 0.89891 -0.31567 0.30383 5.68131 -0.193736 0.335602 0.921866 -2.44692
-0.531626 -0.830713 0.165196 9.90264 0.836386 -0.484145 0.257026 7.05448 -0.133536 0.274809 0.952181 -2.75566
-0.614952 -0.765175 0.190636 9.14394 0.778063 -0.549442 0.304518 8.24266 -0.128266 0.335591 0.933234 -3.06535
-0.695665 -0.69791 0.170213 8.22815 0.713885 -0.645214 0.272153 9.41175 -0.0801148 0.31084 0.94708 -3.34035
-0.829524 -0.532808 0.167347 7.11867 0.557094 -0.768432 0.314893 10.4376 -0.0391829 0.35444 0.934258 -3.67833
-0.818027 -0.552845 0.158728 5.94261 0.572685 -0.757172 0.314203 11.3924 -0.0535211 0.347927 0.935993 -3.6685
-0.87113 -0.432567 0.232417 4.62895 0.488355 -0.812699 0.317851 12.2255 0.0513937 0.390392 0.919213 -3.65251
-0.919947 -0.252071 0.300263 3.28078 0.348255 -0.877165 0.330604 12.9826 0.180044 0.408706 0.894731 -3.67101
-0.921471 -0.140222 0.362255 1.7887 0.27568 -0.893072 0.35556 13.6133 0.273662 0.427505 0.861596 -3.40056
-0.962311 -0.0186502 0.271311 0.406144 0.124139 -0.917766 0.377219 14.0494 0.241965 0.396683 0.885492 -2.97865
-0.977636 0.0113615 0.209999 -1.23391 0.0708216 -0.922431 0.379612 14.108 0.198022 0.385994 0.900997 -2.66666
-0.968918 0.128623 0.211315 -2.75763 -0.0374358 -0.920603 0.388701 14.2844 0.244533 0.368709 0.896804 -2.35149
-0.966827 0.245795 0.0695017 -4.36161 -0.205777 -0.910696 0.358175 14.194 0.151332 0.331991 0.931064 -1.98425
-0.934332 0.356385 -0.00376603 -5.82798 -0.336164 -0.877711 0.341493 13.735 0.118397 0.320334 0.939877 -1.602
-0.871689 0.473469 -0.126431 -7.39674 -0.490045 -0.840246 0.232037 13.1779 0.00362966 0.264221 0.964455 -1.35315
-0.745918 0.615391 -0.254755 -8.52318 -0.662632 -0.724304 0.190531 12.3345 -0.0672689 0.310929 0.94805 -1.34186
-0.691851 0.664435 -0.282611 -9.87961 -0.717561 -0.676234 0.166774 11.2006 -0.0803006 0.318173 0.944626 -1.48577
-0.594909 0.770538 -0.22881 -10.9575 -0.801381 -0.590621 0.0946312 10.0404 -0.0622229 0.239661 0.968861 -1.60813
-0.554772 0.800148 -0.228013 -12.0274 -0.831739 -0.526475 0.176163 8.63018 0.0209133 0.287378 0.957589 -1.64376
-0.428918 0.870085 -0.24286 -12.8924 -0.902978 -0.405317 0.142647 7.20922 0.0256799 0.280481 0.959516 -1.73811
-0.265024 0.927418 -0.263928 -13.4151 -0.964206 -0.257245 0.0642782 5.78547 -0.00828122 0.271516 0.962398 -1.61603
-0.0514376 0.952637 -0.299729 -13.8101 -0.998154 -0.0587478 -0.0154227 4.12599 -0.0323006 0.298382 0.9539 -1.63178
-0.0363137 0.951073 -0.306824 -13.945 -0.999327 -0.0329545 0.0161235 2.37817 0.00522335 0.307203 0.95163 -1.67909
0.120617 0.943486 -0.308684 -13.8171 -0.992696 0.1139 -0.0397569 0.896559 -0.00235082 0.311225 0.950333 -1.69425
0.313984 0.901773 -0.297018 -13.7514 -0.949363 0.294533 -0.109364 -0.850412 -0.0111394 0.316317 0.948588 -1.66762
0.39013 0.873459 -0.291323 -13.1514 -0.920235 0.38056 -0.0913329 -2.35362 0.0310903 0.303717 0.952255 -1.78611
0.484029 0.832245 -0.270341 -12.4905 -0.872424 0.482894 -0.0754316 -4.0374 0.0677684 0.272363 0.959805 -1.80456
0.585359 0.76228 -0.276196 -11.6206 -0.79812 0.60171 -0.0308315 -5.59625 0.142687 0.238485 0.960607 -1.66001
0.622016 0.749546 -0.226445 -10.5736 -0.775319 0.630013 -0.0443259 -6.97557 0.109439 0.203139 0.973015 -1.50562
0.743037 0.634366 -0.213252 -9.54966 -0.658354 0.750104 -0.0625567 -8.28397 0.120277 0.186877 0.974993 -1.1795
0.788343 0.571727 -0.227252 -8.11688 -0.594109 0.803401 -0.0397613 -9.48421 0.159842 0.166358 0.973024 -0.795292
0.855102 0.468168 -0.222753 -6.72278 -0.49533 0.864605 -0.084297 -10.3674 0.153128 0.182419 0.971224 -0.6425
0.952157 0.272552 -0.138252 -5.216 -0.282098 0.957833 -0.054554 -11.2415 0.117553 0.0909444 0.988894 -0.340269
0.948202 0.277874 -0.153947 -3.64833 -0.291341 0.953849 -0.0727548 -11.8435 0.126625 0.113837 0.985397 -0.106551
0.993704 0.0616127 -0.0935769 -1.91645 -0.0694047 0.994177 -0.0824328 -12.1226 0.0879531 0.0884084 0.992194 0.00612465
0.998496 0.0348184 -0.0423491 -0.144918 -0.040055 0.990723 -0.129859 -12.2108 0.0374347 0.13136 0.990628 0.104307
0.990694 -0.130266 0.0394383 1.76923 0.135059 0.976758 -0.166439 -12.0002 -0.0168404 0.170217 0.985263 0.145729
0.949301 -0.277984 0.146812 3.47533 0.289257 0.955268 -0.0615964 -11.77 -0.123122 0.10094 0.987245 0.112732
0.892937 -0.388592 0.227286 5.18855 0.426088 0.892478 -0.148095 -11.0671 -0.145299 0.229083 0.962501 -0.126051
0.855763 -0.476783 0.200866 6.79317 0.501003 0.860564 -0.091788 -10.3189 -0.129096 0.179183 0.975309 -0.550207
0.791378 -0.548778 0.269377 8.41249 0.584232 0.808651 -0.0689661 -9.33369 -0.179985 0.211957 0.960562 -0.668849
0.686634 -0.689598 0.230195 9.57486 0.70982 0.704346 -0.00726012 -8.28358 -0.15713 0.168382 0.973117 -0.976905
0.628302 -0.73885 0.243591 10.9141 0.768575 0.638016 -0.0472042 -6.93046 -0.120538 0.216877 0.968729 -1.20412
0.495639 -0.825797 0.269077 12.1011 0.853981 0.519825 0.0223105 -5.39612 -0.158297 0.218728 0.96286 -1.4589
0.377841 -0.873944 0.30571 12.8357 0.914323 0.404187 0.0254106 -3.89866 -0.145771 0.269917 0.951786 -1.85817
0.244457 -0.926658 0.285562 13.4177 0.964383 0.263026 0.0279623 -2.21544 -0.101022 0.268555 0.957952 -2.07617
0.110162 -0.965112 0.237536 13.8984 0.98617 0.13591 0.0948514 -0.483555 -0.123826 0.223802 0.966737 -2.37011
-0.0547801 -0.959323 0.276944 14.1736 0.988502 -0.0129556 0.15065 1.25908 -0.140934 0.282013 0.949003 -2.62114
-0.186296 -0.942804 0.276432 14.1017 0.974637 -0.14183 0.17311 3.09312 -0.124002 0.30167 0.945314 -2.76209
-0.273007 -0.924507 0.265998 13.6911 0.944879 -0.205739 0.254707 5.01089 -0.180752 0.320872 0.929715 -3.11077
-0.344527 -0.888599 0.302808 13.2157 0.915316 -0.246303 0.318638 6.68015 -0.208559 0.386944 0.898208 -3.38132
-0.487738 -0.845656 0.216742 12.428 0.859468 -0.421621 0.289049 8.38822 -0.153053 0.327263 0.932456 -3.76867
-0.597932 -0.777378 0.195348 11.4621 0.777303 -0.502875 0.378044 9.88922 -0.195647 0.377889 0.904943 -4.13879
-0.679739 -0.712371 0.174594 10.2309 0.715801 -0.592396 0.369725 11.2629 -0.159952 0.376291 0.91259 -4.50811
-0.773209 -0.622459 0.121216 8.76122 0.618798 -0.698771 0.358897 12.6894 -0.138696 0.352511 0.925473 -4.79642
-0.859922 -0.452292 0.236571 7.55717 0.510346 -0.770014 0.382917 13.7813 0.00897243 0.450012 0.892978 -5.03955
-0.86594 -0.427374 0.259806 5.89856 0.498369 -0.781085 0.376212 14.7356 0.0421474 0.455256 0.889362 -4.99773
-0.891643 -0.358211 0.276872 4.01665 0.443442 -0.814286 0.374563 15.6859 0.0912798 0.456753 0.884898 -4.89753
-0.930068 -0.267018 0.252339 2.37062 0.349128 -0.856222 0.38078 16.3813 0.114383 0.44225 0.889568 -4.65571
-0.972295 -0.0989522 0.211781 0.523348 0.179715 -0.895786 0.406534 16.8616 0.149483 0.433331 0.888751 -4.28004
-0.97503 0.055774 0.214957 -1.42601 0.0538788 -0.879617 0.472621 16.9952 0.21544 0.472401 0.854648 -3.85015
-0.95767 0.215209 0.191188 -3.21798 -0.0987754 -0.869494 0.483966 17.0513 0.270391 0.444595 0.853946 -3.67704
-0.956384 0.259363 0.134387 -5.11305 -0.157783 -0.845842 0.509565 16.8984 0.245832 0.466136 0.849873 -3.13584
-0.913839 0.400569 -0.0666585 -6.9987 -0.378241 -0.779921 0.498656 16.5388 0.147758 0.480904 0.864233 -2.63078
-0.848085 0.464465 -0.254996 -8.80078 -0.529248 -0.765678 0.36556 15.696 -0.0254548 0.444982 0.895178 -2.32001
-0.761826 0.570401 -0.307025 -10.3982 -0.647302 -0.688562 0.326929 14.5528 -0.0249256 0.447801 0.893786 -2.41314
-0.675087 0.674371 -0.299135 -11.9039 -0.737213 -0.631957 0.239054 13.147 -0.0278297 0.381908 0.923781 -2.50012
-0.584294 0.774307 -0.243 -13.2399 -0.811448 -0.561991 0.160372 11.8302 -0.0123865 0.290886 0.956678 -2.61643
-0.519589 0.807276 -0.27988 -14.6054 -0.854351 -0.49494 0.15849 10.1259 -0.0105788 0.321466 0.946862 -2.62991
-0.380007 0.87956 -0.286303 -15.551 -0.924939 -0.35828 0.12698 8.46644 0.00910967 0.313066 0.949688 -2.55407
-0.231074 0.923526 -0.306113 -16.1766 -0.972784 -0.224868 0.0559058 6.62821 -0.0172046 0.3107 0.950352 -2.59801
-0.089926 0.931231 -0.353161 -16.6827 -0.995754 -0.0910813 0.0133833 4.45155 -0.0197034 0.352865 0.935467 -2.65294
-0.0229498 0.936207 -0.350699 -16.7949 -0.999641 -0.0263449 -0.00491249 2.41912 -0.0138382 0.35046 0.936475 -2.63613
0.114465 0.923591 -0.365892 -16.6383 -0.99317 0.11478 -0.0209723 0.406265 0.0226271 0.365793 0.930421 -2.62511
0.244135 0.905226 -0.347798 -16.3794 -0.969718 0.230376 -0.0810794 -1.72605 0.00672927 0.357061 0.934057 -2.71349
0.357243 0.871417 -0.336169 -15.9123 -0.932317 0.354369 -0.0721667 -3.49432 0.0562407 0.339197 0.939033 -2.79523
0.462252 0.82165 -0.333487 -14.9291 -0.884008 0.456535 -0.100522 -5.54789 0.0696549 0.341272 0.93738 -2.61624
0.532085 0.783415 -0.321164 -14.1083 -0.838304 0.5407 -0.0699243 -7.26439 0.118873 0.306439 0.944439 -2.50536
0.669902 0.675126 -0.308927 -12.912 -0.726343 0.682141 -0.0843157 -8.88482 0.153808 0.28087 0.947341 -2.33967
0.744282 0.578845 -0.33314 -11.5089 -0.630212 0.773828 -0.0634235 -10.4002 0.22108 0.257154 0.940742 -1.9451
0.812506 0.496467 -0.30554 -9.92497 -0.550802 0.825456 -0.123449 -11.8415 0.190922 0.268595 0.944143 -1.41575
0.859947 0.449404 -0.241923 -8.24537 -0.486676 0.864816 -0.123446 -13.0301 0.153742 0.223895 0.962411 -1.27499
0.920199 0.336569 -0.199889 -6.25626 -0.366187 0.920597 -0.135678 -14.1382 0.138352 0.198047 0.970379 -1.09141
0.95312 0.251321 -0.168524 -4.32171 -0.279266 0.945023 -0.170123 -14.6866 0.116504 0.20921 0.970906 -0.706629
0.987017 0.136524 -0.0846059 -2.22467 -0.156508 0.935873 -0.315669 -15.2026 0.0360841 0.324812 0.94509 -0.330362
0.999306 -0.0253209 0.0273291 -0.121801 0.0304078 0.978165 -0.205594 -15.3487 -0.0215266 0.206282 0.978256 -0.34453
0.976361 -0.200242 0.081375 2.08617 0.214933 0.939271 -0.267533 -15.0625 -0.022862 0.278699 0.960106 -0.368503
0.940188 -0.289386 0.179725 4.31624 0.325829 0.917883 -0.226553 -14.6387 -0.0994054 0.271562 0.957274 -0.528243
0.908177 -0.373966 0.188054 6.40805 0.408783 0.889026 -0.206228 -13.8483 -0.0900622 0.264164 0.960264 -0.871321
0.862639 -0.475928 0.171311 8.32822 0.497994 0.858448 -0.122757 -12.8644 -0.088638 0.191206 0.977539 -1.11055
0.793285 -0.568157 0.218854 10.0643 0.600439 0.789581 -0.126629 -11.7091 -0.100858 0.231861 0.967506 -1.457
0.716297 -0.660539 0.224959 11.6725 0.676123 0.736716 0.0103331 -10.414 -0.172557 0.144699 0.974313 -1.5968
0.568751 -0.769454 0.290623 13.2118 0.812517 0.58051 -0.0531413 -9.00781 -0.12782 0.26636 0.955361 -1.85305
0.491163 -0.801994 0.339947 14.5007 0.858353 0.512052 -0.0321459 -6.99009 -0.14829 0.307584 0.939895 -2.24835
0.385868 -0.848032 0.363245 15.6115 0.910709 0.413036 -0.00315516 -5.04249 -0.147358 0.332028 0.931688 -2.70635
0.300069 -0.897532 0.323102 16.2551 0.945698 0.324267 0.0224852 -2.99081 -0.124953 0.29881 0.946097 -2.96382
0.169841 -0.901892 0.397172 16.8134 0.980481 0.195156 0.0238799 -0.861221 -0.0990477 0.385364 0.917434 -3.18337
0.0123319 -0.943444 0.331303 17.1009 0.990969 0.0557743 0.121941 1.21102 -0.133523 0.326807 0.935611 -3.48108
-0.112353 -0.932802 0.34243 16.9989 0.984768 -0.0585044 0.163738 3.44286 -0.132701 0.35561 0.925166 -3.73623
-0.235853 -0.928352 0.287291 16.5663 0.94697 -0.153171 0.282464 5.46323 -0.218222 0.338676 0.915248 -4.11618
-0.443768 -0.828567 0.341389 15.988 0.883883 -0.341895 0.319154 7.47776 -0.147721 0.443378 0.884078 -4.54171
-0.506938 -0.818554 0.270154 14.9826 0.849616 -0.421593 0.316879 9.48829 -0.145488 0.390165 0.909178 -5.02067
-0.635658 -0.728391 0.255707 13.7436 0.758091 -0.526457 0.384892 11.2994 -0.145733 0.438509 0.886833 -5.44364
-0.73236 -0.625521 0.269021 12.4348 0.675037 -0.615152 0.407325 13.0237 -0.0893016 0.479907 0.872763 -5.74624
-0.745047 -0.624126 0.235313 10.7716 0.65104 -0.603709 0.46009 14.6789 -0.145094 0.495987 0.856122 -5.91195
-0.802691 -0.556396 0.214735 8.92561 0.58465 -0.663002 0.46756 15.9985 -0.117779 0.500851 0.857483 -6.29709
-0.894625 -0.397381 0.204289 7.1565 0.44636 -0.774159 0.44882 17.1742 -0.0202007 0.492712 0.869958 -6.43854
-0.931593 -0.295584 0.211577 5.05636 0.360687 -0.823973 0.437004 18.1397 0.0451622 0.483423 0.874221 -6.29124
-0.964179 -0.17094 0.202827 3.00649 0.247068 -0.857008 0.452212 19.0109 0.0965231 0.486125 0.868542 -6.19956
-0.977039 -0.0567958 0.205351 0.834231 0.146798 -0.877987 0.455619 19.5789 0.154418 0.475302 0.866165 -5.8468
-0.986472 0.056769 0.153786 -1.60683 0.0243153 -0.877074 0.479739 19.6966 0.162116 0.476989 0.863829 -5.50768
-0.976802 0.169461 0.130921 -3.7779 -0.0833668 -0.864066 0.496427 19.6359 0.19725 0.473996 0.858149 -5.02259
-0.970086 0.237734 0.0491439 -6.18511 -0.183833 -0.851612 0.49088 19.4669 0.158551 0.467161 0.86984 -4.62166
-0.912704 0.405833 -0.0476459 -8.1622 -0.380566 -0.801784 0.460773 18.9576 0.148795 0.438682 0.886238 -4.24106
-0.858168 0.498025 -0.124578 -10.2492 -0.505063 -0.775569 0.378689 17.8812 0.0919777 0.387898 0.917102 -3.9161
-0.796243 0.559649 -0.22976 -12.2857 -0.604956 -0.739712 0.294711 16.6116 -0.00502123 0.373656 0.927554 -3.73895
-0.701422 0.646562 -0.299941 -14.0371 -0.709683 -0.672531 0.209886 15.189 -0.0660152 0.360082 0.930582 -3.78205
-0.622777 0.732448 -0.27508 -15.6402 -0.782391 -0.581367 0.223332 13.4824 0.00365635 0.354306 0.935122 -3.69917
-0.49728 0.812064 -0.305391 -17.1034 -0.867146 -0.45395 0.204908 11.5512 0.0277662 0.366716 0.929919 -3.76635
-0.329988 0.845982 -0.418835 -18.3195 -0.942515 -0.320021 0.0961866 9.50799 -0.0526639 0.426499 0.902954 -3.52654
-0.203448 0.87904 -0.431159 -18.9258 -0.978847 -0.192337 0.0697484 7.23875 -0.021616 0.436229 0.899576 -3.7013
-0.111908 0.914346 -0.389163 -19.345 -0.993526 -0.110658 0.0257069 4.86986 -0.0195589 0.38952 0.92081 -3.87043
-0.00651508 0.903457 -0.42863 -19.5213 -0.99927 0.0102574 0.0368091 2.46839 0.037652 0.428557 0.90273 -3.93013
0.113296 0.907228 -0.405094 -19.4422 -0.993116 0.115605 -0.0188518 0.0552038 0.0297279 0.404441 0.914081 -3.91462
0.244844 0.880567 -0.405776 -19.0693 -0.966928 0.252597 -0.0352864 -2.34385 0.0714255 0.400995 0.913291 -4.023
0.371356 0.825235 -0.425537 -18.4616 -0.915079 0.402906 -0.0172214 -4.57959 0.15724 0.395796 0.904777 -3.93986
0.410413 0.825791 -0.38682 -17.3913 -0.902834 0.42763 -0.0449866 -6.86301 0.128266 0.367697 0.921057 -3.73276
0.561481 0.72852 -0.392427 -16.4363 -0.809488 0.581953 -0.0778435 -8.95127 0.171663 0.361372 0.916483 -3.52989
0.643671 0.680296 -0.35055 -14.9678 -0.75458 0.640566 -0.142423 -11.0086 0.127661 0.356191 0.925652 -3.09399
0.725903 0.591735 -0.35059 -13.3308 -0.664924 0.734111 -0.137685 -12.796 0.175899 0.333062 0.926353 -2.83125
0.804243 0.498128 -0.324133 -11.5007 -0.566945 0.806635 -0.167074 -14.4758 0.178233 0.318133 0.931141 -2.37035
0.867292 0.393485 -0.304916 -9.49051 -0.460051 0.86754 -0.189018 -15.7179 0.190151 0.304211 0.933434 -2.17618
0.924663 0.264487 -0.273943 -7.27723 -0.327511 0.919399 -0.217813 -16.7669 0.194254 0.291123 0.936756 -1.72043
0.960011 0.231206 -0.157867 -4.94205 -0.263062 0.937916 -0.226078 -17.4893 0.0957952 0.258566 0.961232 -1.37355
0.99716 0.0696754 -0.0285992 -2.51373 -0.0752905 0.932118 -0.354243 -18.1527 0.00197578 0.35539 0.934716 -1.16361
0.997842 -0.0442848 0.0484694 -0.102937 0.0582491 0.937752 -0.342385 -18.2558 -0.0302899 0.344469 0.938309 -1.07347
0.982893 -0.143684 0.115221 2.60881 0.17305 0.934623 -0.310698 -17.9941 -0.0630458 0.325322 0.943499 -1.34665
0.971597 -0.189618 0.141577 5.04491 0.225862 0.921579 -0.315718 -17.4196 -0.0706086 0.338728 0.938231 -1.4856
0.922029 -0.362039 0.137081 7.52982 0.386045 0.886279 -0.255888 -16.678 -0.0288507 0.288855 0.956938 -1.74964
0.847183 -0.493184 0.19761 9.73154 0.530537 0.805214 -0.26488 -15.5871 -0.0284833 0.329241 0.943816 -1.84234
0.772561 -0.595612 0.21999 11.7325 0.632554 0.751997 -0.185407 -14.1607 -0.0550006 0.282394 0.957721 -2.09647
0.706771 -0.641635 0.297957 13.7682 0.696534 0.704819 -0.134427 -12.5486 -0.123752 0.302547 0.945067 -2.25011
0.578846 -0.725129 0.372995 15.5669 0.805224 0.58046 -0.121161 -10.7758 -0.128651 0.370478 0.919888 -2.77006
0.508815 -0.767885 0.389178 16.9434 0.843224 0.535625 -0.0455995 -8.61253 -0.173438 0.351366 0.920033 -3.15856
0.41633 -0.796296 0.438841 18.0876 0.893178 0.448442 -0.0336432 -6.3134 -0.170005 0.40597 0.897935 -3.73343
0.292277 -0.851105 0.436112 18.995 0.953184 0.29624 -0.0606777 -3.8912 -0.0775506 0.43343 0.897844 -4.14676
0.177339 -0.875676 0.449158 19.5776 0.978851 0.204241 0.0117106 -1.37924 -0.101991 0.437582 0.893376 -4.33286
0.014634 -0.885552 0.46431 20.1116 0.996076 0.0534465 0.0705414 1.0646 -0.0872838 0.461456 0.882859 -4.6418
-0.210851 -0.848232 0.485844 19.9528 0.964887 -0.100958 0.242489 3.50764 -0.156637 0.519913 0.839735 -4.89561
-0.349393 -0.849676 0.394937 19.3364 0.91115 -0.209825 0.354654 5.932 -0.218473 0.48376 0.847494 -5.34035
-0.352971 -0.833204 0.425655 18.2711 0.916307 -0.215847 0.337329 8.40689 -0.189188 0.509098 0.839659 -5.9164
-0.521085 -0.77113 0.365825 17.3626 0.835198 -0.372401 0.404675 10.7646 -0.175823 0.516406 0.838099 -6.32407
-0.591836 -0.741065 0.3171 15.9534 0.788625 -0.450973 0.417963 12.8545 -0.166734 0.497439 0.851325 -6.8713
-0.7495 -0.594776 0.290673 14.4135 0.655876 -0.607551 0.448004 14.8692 -0.0898631 0.526425 0.845459 -7.25615
-0.776361 -0.565022 0.279309 12.5497 0.626615 -0.644142 0.438674 16.5721 -0.067946 0.515589 0.854138 -7.46598
-0.849508 -0.449261 0.276588 10.5504 0.5275 -0.714362 0.459816 18.1524 -0.00899368 0.536517 0.843841 -7.82355
-0.892635 -0.366472 0.262489 8.2574 0.449827 -0.761998 0.465849 19.4612 0.0292955 0.533908 0.845035 -7.85531
-0.924988 -0.300748 0.232269 5.8774 0.37421 -0.827199 0.419176 20.6875 0.0660665 0.47465 0.877692 -7.85164
-0.960499 -0.192447 0.201011 3.5169 0.266457 -0.844344 0.464849 21.5951 0.0802632 0.500048 0.86227 -7.74036
-0.980993 -0.0317923 0.191423 0.936163 0.124982 -0.858136 0.497979 22.1689 0.148435 0.512438 0.845798 -7.36232
-0.985075 0.0788957 0.152978 -1.77351 0.00841814 -0.865619 0.500633 22.3722 0.171919 0.494449 0.852035 -7.01852
-0.984057 0.135717 0.114943 -4.47629 -0.0584187 -0.857087 0.511849 22.2414 0.167983 0.496974 0.851351 -6.57307
-0.974504 0.222972 0.0250088 -6.95574 -0.17738 -0.833867 0.522688 22.0184 0.137399 0.504926 0.852157 -6.04898
-0.938643 0.339949 -0.0581682 -9.53049 -0.318445 -0.789488 0.524692 21.3212 0.132446 0.511022 0.849303 -5.63151
-0.885796 0.425492 -0.185265 -11.7948 -0.460243 -0.754244 0.468286 20.2532 0.0595173 0.500073 0.863936 -5.23109
-0.806619 0.5256 -0.27039 -14.0541 -0.590466 -0.695813 0.408895 18.9106 0.0267745 0.489478 0.871604 -5.02725
-0.693281 0.633172 -0.344172 -16.0809 -0.720643 -0.605193 0.338252 17.1965 0.00588082 0.482529 0.87586 -4.90759
-0.577957 0.751904 -0.317184 -17.9229 -0.815942 -0.525607 0.240784 15.1631 0.0143322 0.397966 0.917288 -5.01918
-0.439454 0.840736 -0.316296 -19.4685 -0.897214 -0.393795 0.199834 12.9069 0.0434516 0.371603 0.927375 -4.97581
-0.378802 0.846138 -0.374912 -20.6055 -0.923972 -0.368861 0.101076 10.4485 -0.0527662 0.384697 0.921534 -4.85342
-0.182116 0.880359 -0.437952 -21.5327 -0.982017 -0.185387 0.0356994 7.91052 -0.0497621 0.436578 0.898289 -5.04362
-0.130169 0.886613 -0.443817 -21.9584 -0.991051 -0.129699 0.0315696 5.02865 -0.0295728 0.443954 0.895561 -5.12599
-0.00696983 0.894406 -0.447201 -22.2282 -0.999472 -0.0204227 -0.0252684 2.38167 -0.0317333 0.446789 0.894076 -5.2466
0.101569 0.895962 -0.43236 -22.109 -0.994479 0.0799219 -0.0680014 -0.257281 -0.0263716 0.43688 0.899133 -5.29211
0.251146 0.855181 -0.453421 -21.6949 -0.966501 0.247166 -0.069165 -3.10016 0.0529218 0.455603 0.888609 -5.28404
0.27984 0.821161 -0.497377 -20.9449 -0.952447 0.302519 -0.0364235 -5.828 0.120556 0.483918 0.86677 -5.1697
0.383754 0.796567 -0.467133 -19.9859 -0.910673 0.410268 -0.0485269 -8.31657 0.152995 0.444028 0.882855 -4.93439
0.526096 0.698419 -0.485215 -18.7635 -0.829149 0.548076 -0.110107 -10.7002 0.189034 0.460243 0.867434 -4.64052
0.662824 0.623819 -0.414143 -17.1981 -0.744065 0.610682 -0.27099 -12.898 0.0838609 0.487767 0.868936 -4.12365
0.683954 0.621454 -0.382103 -15.1235 -0.72252 0.649451 -0.237021 -14.9621 0.10086 0.438188 0.893207 -4.0084
0.793536 0.488612 -0.36271 -13.0419 -0.58964 0.764727 -0.259839 -16.8796 0.150414 0.42006 0.894944 -3.50878
0.875299 0.362567 -0.319995 -10.7236 -0.452695 0.847041 -0.278548 -18.3671 0.170057 0.388673 0.905546 -3.17534
0.926654 0.259757 -0.271732 -8.22755 -0.34609 0.871689 -0.346957 -19.5215 0.146741 0.415553 0.897654 -2.81085
0.979095 0.157165 -0.129121 -5.60996 -0.194326 0.910285 -0.365539 -20.373 0.0600866 0.382989 0.921797 -2.38131
0.994145 0.108007 0.00313706 -2.63399 -0.0980659 0.914073 -0.393514 -20.8326 -0.0453697 0.390902 0.919313 -2.11235
0.996391 -0.0354311 0.0771292 0.11166 0.0636256 0.913237 -0.40243 -20.9966 -0.0561787 0.405885 0.912196 -2.23356
0.98288 -0.142401 0.116913 2.9817 0.175555 0.916409 -0.359687 -20.7885 -0.0559203 0.374054 0.92572 -2.45314
0.96308 -0.22137 0.153207 5.85585 0.259901 0.912921 -0.314686 -20.2867 -0.0702041 0.342887 0.93675 -2.60533
0.918567 -0.354621 0.17458 8.55049 0.393572 0.861418 -0.321031 -19.4432 -0.0365418 0.363598 0.930839 -2.7702
0.836211 -0.454719 0.306565 11.1503 0.539289 0.783343 -0.309099 -18.1992 -0.099592 0.423799 0.900264 -2.68925
0.781355 -0.533786 0.323353 13.5612 0.61351 0.751956 -0.241179 -16.3992 -0.114409 0.386826 0.915028 -3.14646
0.685934 -0.579695 0.439828 15.7586 0.713859 0.653261 -0.252299 -14.6664 -0.141066 0.487036 0.861915 -3.34915
0.623954 -0.655072 0.426101 17.6972 0.770982 0.605021 -0.198837 -12.6109 -0.127548 0.452581 0.882554 -3.92151
0.46579 -0.786253 0.406012 19.3271 0.876273 0.473729 -0.0878982 -10.1645 -0.123229 0.396719 0.909631 -4.48903
0.423047 -0.776893 0.466335 20.5699 0.893193 0.444132 -0.0703768 -7.52615 -0.152439 0.4463 0.881804 -4.90979
0.266187 -0.852323 0.450211 21.53 0.953567 0.301115 0.00626333 -4.83621 -0.140904 0.42764 0.8929 -5.38503
0.131874 -0.865052 0.48404 22.3789 0.982411 0.179179 0.0525683 -2.08839 -0.132204 0.468594 0.873465 -5.76148
0.00388666 -0.863103 0.505014 22.6876 0.989995 0.0745547 0.1198 0.84138 -0.141051 0.499495 0.854757 -6.11731
-0.136559 -0.852851 0.503981 22.5027 0.976185 -0.0292821 0.214956 3.74652 -0.168568 0.521332 0.836539 -6.55127
-0.331242 -0.819901 0.466949 22.02 0.935008 -0.218807 0.279075 6.36584 -0.126642 0.529043 0.839092 -7.08279
-0.399072 -0.805244 0.438548 20.9787 0.908987 -0.284659 0.304485 9.12309 -0.120348 0.520146 0.845556 -7.5975
-0.480141 -0.793176 0.374615 19.6178 0.864103 -0.354178 0.35761 11.7691 -0.150967 0.495409 0.855441 -8.01786
-0.591636 -0.716969 0.368677 18.1718 0.788922 -0.420689 0.44791 14.2685 -0.166039 0.555857 0.814527 -8.4601
-0.70504 -0.618928 0.346188 16.2567 0.690594 -0.488223 0.53359 16.5912 -0.161237 0.615278 0.771645 -8.77806
-0.771362 -0.546191 0.326613 14.2222 0.63121 -0.591237 0.502009 18.6049 -0.0810866 0.593392 0.800819 -9.32236
-0.83434 -0.476327 0.277469 12.0187 0.546239 -0.646671 0.532391 20.2694 -0.0741611 0.595759 0.799732 -9.36132
-0.883794 -0.379933 0.273057 9.4354 0.46777 -0.705038 0.533022 21.8309 -0.00999671 0.598809 0.80083 -9.54586
-0.906652 -0.295961 0.300648 6.71852 0.413633 -0.763824 0.49546 23.1703 0.0830056 0.573567 0.814942 -9.42979
-0.956425 -0.123129 0.264745 3.99692 0.244576 -0.833108 0.496098 24.1353 0.159477 0.539231 0.82692 -9.41263
-0.979746 0.00884956 0.200048 0.981429 0.103472 -0.832938 0.543606 24.7814 0.171439 0.553295 0.815152 -8.9735
-0.984546 0.0634294 0.163239 -1.98517 0.0345026 -0.843584 0.535887 24.9621 0.171697 0.533237 0.828359 -8.52924
-0.984954 0.149154 0.0872872 -4.78862 -0.0824737 -0.849542 0.521035 24.9096 0.151868 0.505996 0.849061 -8.08908
-0.95157 0.307038 -0.0155805 -7.73608 -0.265905 -0.796541 0.542971 24.597 0.154302 0.520818 0.839607 -7.67804
-0.897502 0.427039 -0.110129 -10.4948 -0.416018 -0.736946 0.532765 23.7335 0.146353 0.523973 0.839067 -7.20157
-0.856151 0.473811 -0.206175 -13.166 -0.509497 -0.707561 0.489663 22.6416 0.0861263 0.524272 0.847184 -6.82684
-0.778274 0.551303 -0.300591 -15.732 -0.626025 -0.644028 0.439682 21.0754 0.048809 0.53037 0.84636 -6.57239
-0.661008 0.64919 -0.376326 -18.102 -0.750203 -0.560857 0.350194 19.0854 0.0162775 0.513802 0.857755 -6.46092
-0.593951 0.715075 -0.368632 -20.1341 -0.803674 -0.506609 0.312179 16.7205 0.0364795 0.481679 0.875588 -6.29714
-0.416816 0.822336 -0.387335 -21.9494 -0.905541 -0.338561 0.255678 14.1885 0.0791163 0.457318 0.885777 -6.23297
-0.439216 0.794459 -0.419433 -23.1624 -0.897698 -0.40632 0.170419 11.4586 -0.0350329 0.451375 0.891646 -6.07123
-0.118899 0.864854 -0.48774 -24.2854 -0.992888 -0.106543 0.0531214 8.58525 -0.00602309 0.490587 0.871371 -6.383
-0.140304 0.850944 -0.506172 -24.4986 -0.987036 -0.160452 0.00385193 5.46608 -0.0779386 0.50015 0.862424 -6.486
-0.0336568 0.863561 -0.50312 -24.8521 -0.997622 -0.0593202 -0.0350808 2.40736 -0.0601396 0.500743 0.863504 -6.77263
0.108627 0.859153 -0.500057 -24.8803 -0.993976 0.101239 -0.0419806 -0.595512 0.0145575 0.501605 0.864975 -6.92432
0.231761 0.817481 -0.527267 -24.3112 -0.969125 0.240931 -0.0524375 -3.73328 0.0841687 0.523141 0.84808 -6.86402
0.363958 0.760111 -0.538299 -23.5102 -0.921072 0.379613 -0.0867247 -6.68205 0.138425 0.527376 0.83828 -6.76853
0.381521 0.762846 -0.522022 -22.2947 -0.915477 0.389938 -0.0992506 -9.60925 0.127843 0.515765 0.847138 -6.42271
0.539204 0.661532 -0.521185 -20.8473 -0.824033 0.542182 -0.16434 -12.374 0.173862 0.518087 0.837471 -6.1643
0.650139 0.615725 -0.445199 -19.0459 -0.752756 0.601635 -0.267195 -14.7427 0.103329 0.50884 0.854637 -5.70914
0.697369 0.581172 -0.419423 -16.8168 -0.709578 0.642221 -0.289914 -17.0121 0.100873 0.499791 0.860252 -5.32371
0.782994 0.495764 -0.375685 -14.4167 -0.611935 0.722294 -0.322222 -19.2599 0.111609 0.482192 0.868927 -4.92946
0.89034 0.304837 -0.338184 -11.855 -0.41938 0.838247 -0.348515 -20.9964 0.177242 0.452125 0.874167 -4.58962
0.946412 0.226998 -0.22973 -9.03603 -0.304662 0.86355 -0.401824 -22.1388 0.10717 0.450281 0.886432 -4.18374
0.979071 0.139867 -0.147845 -5.98927 -0.190517 0.885363 -0.424069 -23.1097 0.0715827 0.443361 0.89348 -3.75764
0.995791 0.044883 -0.0799096 -2.95924 -0.075469 0.896267 -0.437048 -23.6073 0.0520043 0.441239 0.895882 -3.4344
0.995148 0.097682 0.0118072 0.226366 -0.0826103 0.894669 -0.439025 -23.7065 -0.0534484 0.43592 0.898397 -3.34222
0.979526 -0.163698 0.117186 3.41103 0.198336 0.884508 -0.422266 -23.7734 -0.0345283 0.436863 0.898865 -3.60234
0.973631 -0.176231 0.144866 6.57014 0.220467 0.890072 -0.398956 -23.0651 -0.0586328 0.420374 0.905454 -3.89054
0.906108 -0.384708 0.17598 9.57302 0.422878 0.811876 -0.402532 -22.1139 0.0119829 0.439156 0.898331 -4.15297
0.808792 -0.51838 0.277737 12.5071 0.588095 0.712479 -0.382777 -20.7313 0.000542128 0.472923 0.881104 -4.19314
0.787176 -0.534357 0.307923 15.0723 0.615836 0.707905 -0.345856 -18.789 -0.0331695 0.46188 0.886322 -4.31982
0.72081 -0.532177 0.444096 17.4301 0.671074 0.696166 -0.254976 -16.6803 -0.173472 0.481811 0.858933 -4.65673
0.573618 -0.653717 0.493576 19.7458 0.801201 0.573127 -0.172052 -14.4303 -0.170408 0.494145 0.852515 -5.4033
0.445714 -0.749695 0.489179 21.6638 0.888051 0.439113 -0.136179 -11.7034 -0.112712 0.495113 0.861487 -5.93018
0.422517 -0.743096 0.518929 22.9471 0.884652 0.462658 -0.0577747 -8.76729 -0.197155 0.483483 0.852863 -6.25671
0.288452 -0.807299 0.514844 24.2232 0.947662 0.317568 -0.0329868 -5.81574 -0.136868 0.497413 0.856649 -6.81481
0.131805 -0.82918 0.54322 24.872 0.982086 0.183676 0.042076 -2.78637 -0.134665 0.527943 0.838536 -7.18504
0.0161442 -0.828583 0.559633 25.2502 0.989207 0.0947593 0.111763 0.526122 -0.145635 0.551788 0.82117 -7.68412
-0.184518 -0.813357 0.551727 25.1891 0.975108 -0.0812741 0.206298 3.86824 -0.122953 0.57606 0.808108 -8.34406
-0.336971 -0.789199 0.513435 24.4567 0.933084 -0.207109 0.294042 6.97248 -0.125721 0.578161 0.806179 -8.75914
-0.365233 -0.809154 0.460299 23.3694 0.905271 -0.193454 0.378233 9.97244 -0.217002 0.554838 0.803159 -9.13706
-0.546582 -0.706084 0.450215 22.1534 0.831227 -0.39228 0.393926 12.7838 -0.101534 0.589543 0.80133 -9.83701
-0.595797 -0.677651 0.431063 20.2223 0.793602 -0.414288 0.445602 15.473 -0.123379 0.607581 0.784617 -10.1862
-0.649856 -0.659346 0.378088 18.2231 0.73703 -0.425147 0.525391 18.0172 -0.185672 0.620091 0.762243 -10.6036
-0.776392 -0.514515 0.363992 16.006 0.626411 -0.566305 0.535638 20.2936 -0.0694635 0.643874 0.761972 -11.2086
-0.829428 -0.437455 0.347394 13.3986 0.558334 -0.629535 0.540322 22.1589 -0.0176699 0.64212 0.7664 -11.3018
-0.873907 -0.369202 0.316191 10.6288 0.485858 -0.683694 0.544522 23.9636 0.0151393 0.629486 0.776865 -11.4645
-0.892132 -0.352828 0.282159 7.65848 0.451771 -0.699507 0.553709 25.4736 0.00200816 0.621452 0.78345 -11.3069
-0.965087 -0.0320675 0.25996 4.50495 0.181163 -0.798526 0.574053 26.7684 0.189177 0.601106 0.776456 -11.3339
-0.982673 0.0419381 0.180543 1.02349 0.0747072 -0.801822 0.592875 27.3643 0.169628 0.596089 0.784795 -10.787
-0.979237 0.152362 0.133718 -2.30314 -0.04537 -0.807612 0.587966 27.4352 0.197577 0.569691 0.797756 -10.2548
-0.981252 0.169918 0.090953 -5.43545 -0.0864886 -0.80996 0.580073 27.327 0.172233 0.561332 0.80947 -9.61532
-0.95821 0.284989 -0.0248109 -8.68784 -0.245601 -0.775097 0.582155 26.9867 0.146677 0.56392 0.812699 -9.24423
-0.897202 0.426792 -0.113478 -11.7645 -0.412917 -0.719593 0.558287 25.965 0.156615 0.547753 0.82185 -8.88663
