0.999917 -0.00245053 -0.0126552 -0.00149309 0.00272078 0.999768 0.0213821 0.000489869 0.0125998 -0.0214148 0.999691 -0.0285714
0.979356 -0.200762 0.0236014 0.34455 0.197977 0.976191 0.0886298 -0.0885561 -0.0408329 -0.0821275 0.995785 0.0201514
0.873501 -0.483783 0.0543136 0.549331 0.472481 0.869357 0.144849 0.01168 -0.117293 -0.100864 0.987962 -0.0766457
0.825829 -0.562927 0.0334451 0.664404 0.549477 0.816599 0.17675 -0.00427879 -0.126809 -0.127588 0.983687 -0.30023
0.728686 -0.684748 -0.0116937 0.762428 0.675319 0.715603 0.178483 0.0734333 -0.113848 -0.137955 0.983873 -0.45808
0.692475 -0.720386 -0.0390154 1.02736 0.717911 0.682734 0.135936 0.208885 -0.0712891 -0.122142 0.989949 -0.55291
0.537522 -0.84058 -0.0670493 1.15974 0.841922 0.530517 0.0985857 0.336967 -0.0472984 -0.109442 0.992867 -0.571389
0.41642 -0.90304 -0.105422 1.43493 0.907169 0.405005 0.114089 0.438835 -0.06033 -0.143144 0.987861 -0.668873
0.293315 -0.955839 -0.0183847 1.6852 0.950699 0.289605 0.110907 0.685969 -0.100685 -0.0500091 0.993661 -0.501392
0.180788 -0.983449 -0.0119487 1.87478 0.974829 0.177566 0.134827 0.908213 -0.130474 -0.0360232 0.990797 -0.559268
0.0696926 -0.997374 -0.019724 2.03267 0.990375 0.0668064 0.121216 1.28461 -0.11958 -0.027982 0.99243 -0.711284
0.0676065 -0.995945 -0.059357 2.05205 0.99137 0.0603604 0.11637 1.68602 -0.112316 -0.0667121 0.991431 -0.820054
-0.00375869 -0.997266 -0.0737948 2.0566 0.99228 -0.0128675 0.123351 2.2509 -0.123964 -0.0727614 0.989615 -0.909024
-0.228713 -0.973485 0.00407123 2.03303 0.96252 -0.225506 0.150672 2.3309 -0.145759 0.0383791 0.988575 -0.850428
-0.399959 -0.909876 -0.110266 1.99556 0.897689 -0.41316 0.153144 2.73488 -0.1849 -0.0377329 0.982033 -0.885981
-0.520415 -0.852093 -0.0557201 1.77866 0.834746 -0.521397 0.177042 2.9776 -0.179908 0.0456231 0.982625 -1.05581
-0.576864 -0.814653 -0.0597268 1.73013 0.798379 -0.577775 0.16961 3.44928 -0.172682 0.0501575 0.9837 -1.14649
-0.604092 -0.796728 -0.0172431 1.47556 0.785733 -0.599089 0.154 3.84426 -0.133026 0.0794818 0.98792 -1.2787
-0.693025 -0.720872 -0.00780061 1.03842 0.717241 -0.690544 0.0933534 4.14851 -0.0726825 0.0591013 0.995602 -1.2656
-0.804957 -0.590877 0.0539374 0.785736 0.592983 -0.804275 0.0389053 4.32414 0.0203923 0.063301 0.997786 -1.29225
-0.867415 -0.470507 0.161909 0.515069 0.480961 -0.876213 0.0304366 4.6415 0.127546 0.104273 0.986336 -1.29517
-0.909932 -0.374115 0.179056 0.00720862 0.392844 -0.915873 0.0827649 4.72668 0.133029 0.145652 0.980351 -1.05837
-0.941928 -0.279052 0.186821 -0.347901 0.287976 -0.957387 0.0218979 4.99946 0.172749 0.0744261 0.98215 -1.04176
-0.972297 -0.15091 0.178506 -0.695896 0.157898 -0.987125 0.0255265 5.20651 0.172355 0.053005 0.983608 -0.858968
-0.976457 -0.0899308 0.196073 -1.11398 0.103591 -0.992775 0.0605467 5.2807 0.189211 0.0794327 0.978718 -0.798469
-0.986083 0.0705677 0.150536 -1.58303 -0.0591034 -0.995095 0.0793217 5.30055 0.155396 0.0693206 0.985417 -0.649934
-0.974772 0.194033 0.110321 -1.96636 -0.17902 -0.974845 0.132776 5.32406 0.133309 0.109677 0.984987 -0.540846
-0.927958 0.360214 0.095603 -2.51583 -0.346184 -0.928133 0.13684 5.32451 0.138024 0.0938853 0.985969 -0.469297
-0.86619 0.486661 0.113467 -2.88369 -0.486146 -0.873214 0.0340616 5.12098 0.115657 -0.0256577 0.992958 -0.536939
-0.802535 0.591972 0.074212 -3.15162 -0.5919 -0.805613 0.0253382 4.87498 0.0747857 -0.0235913 0.996921 -0.408184
-0.666754 0.74517 0.0126398 -3.53676 -0.743635 -0.666314 0.0550724 4.6353 0.0494604 0.0273204 0.998402 -0.453978
-0.585931 0.810346 -0.0048421 -3.88606 -0.808937 -0.584538 0.0627384 4.32833 0.0480094 0.0406773 0.998018 -0.377336
-0.512025 0.858335 0.0330433 -4.15621 -0.855355 -0.513018 0.0719721 4.09039 0.078728 0.00858778 0.996859 -0.339588
-0.450347 0.892504 0.0249964 -4.62388 -0.886987 -0.450416 0.101875 3.50261 0.102183 0.0237076 0.994483 -0.214233
-0.311195 0.949036 0.0498862 -4.70028 -0.935629 -0.315156 0.158984 3.00807 0.166603 0.00280005 0.98602 -0.144418
-0.163373 0.984535 0.0632434 -4.77992 -0.973744 -0.171219 0.15002 2.57205 0.158528 -0.0370739 0.986658 -0.263415
-0.107794 0.990961 0.0798489 -4.91487 -0.9881 -0.115654 0.101404 1.98779 0.109722 -0.067968 0.991636 -0.317908
0.0141086 0.998395 0.0548558 -4.88834 -0.995027 0.00860857 0.099237 1.59081 0.0986054 -0.0559831 0.993551 -0.232576
0.226136 0.970646 0.0819089 -4.98487 -0.973355 0.221886 0.0578468 1.13572 0.0379744 -0.0928077 0.99496 -0.277968
0.293242 0.95539 0.0352058 -4.77085 -0.954739 0.290725 0.0628737 0.484371 0.0498336 -0.0520496 0.9974 -0.152946
0.340022 0.94019 -0.0206822 -4.50586 -0.934748 0.340302 0.102176 -0.152546 0.103103 -0.0154093 0.994551 -0.16861
0.465071 0.885142 -0.0152486 -4.27308 -0.874297 0.461941 0.149048 -0.69948 0.138973 -0.0559863 0.988712 -0.139105
0.613539 0.789373 -0.0214612 -3.81692 -0.772026 0.605324 0.193802 -1.26081 0.165973 -0.102336 0.980806 -0.161014
0.670284 0.741894 -0.0176819 -3.35577 -0.719854 0.655794 0.227475 -1.5755 0.180358 -0.139745 0.973623 -0.107931
0.812988 0.575356 -0.0895321 -3.028 -0.558827 0.814163 0.157642 -1.99792 0.163594 -0.0781282 0.983429 -0.106584
0.899343 0.434364 -0.0500924 -2.79333 -0.42154 0.891763 0.164508 -2.37493 0.116127 -0.126834 0.985103 -0.271233
0.937605 0.338704 -0.0785906 -2.32958 -0.325683 0.934657 0.142645 -2.67522 0.12177 -0.108149 0.986649 -0.151008
0.978205 0.188261 -0.0875984 -1.80047 -0.170986 0.969681 0.174595 -2.97368 0.117812 -0.155811 0.980736 -0.123596
0.99399 -0.0203068 -0.107575 -1.19118 0.0407294 0.980703 0.191212 -3.0859 0.101617 -0.194444 0.975636 -0.00385753
0.989589 -0.114035 -0.0878092 -0.652425 0.123889 0.985441 0.116437 -3.10717 0.0732529 -0.126103 0.989309 0.0801576
0.988759 -0.138749 -0.0557208 0.129836 0.143852 0.984385 0.101457 -3.00486 0.0407736 -0.108332 0.993278 0.00700982
0.917602 -0.396385 0.0297542 0.822546 0.390343 0.912693 0.120931 -3.04264 -0.0750916 -0.0993517 0.992215 0.191446
0.901238 -0.424524 0.0868882 1.7775 0.41804 0.904577 0.0835626 -2.71769 -0.114071 -0.0389871 0.992707 0.154382
0.851062 -0.520868 0.0662593 2.26621 0.50629 0.847512 0.159354 -2.49988 -0.139158 -0.102073 0.984995 -0.0517945
0.784584 -0.619193 0.0320731 2.78154 0.607023 0.777643 0.163692 -2.14017 -0.126299 -0.108961 0.98599 -0.124442
0.676994 -0.735206 0.0339287 3.29519 0.732761 0.677621 0.0623762 -1.82222 -0.0688502 -0.0173666 0.997476 -0.263678
0.589308 -0.807851 -0.00962702 3.80784 0.807788 0.588973 0.0242716 -1.29546 -0.0139378 -0.02208 0.999659 -0.404703
0.509407 -0.860077 0.0277942 4.29179 0.859973 0.509972 0.0193766 -0.735854 -0.0308397 0.0140317 0.999426 -0.329734
0.406755 -0.913363 0.0178226 4.59395 0.909863 0.40679 0.0816836 -0.194085 -0.0818568 -0.0170091 0.996499 -0.404838
0.293768 -0.954835 0.044613 4.83215 0.947281 0.297054 0.120073 0.474219 -0.127903 0.0069873 0.991762 -0.516175
0.148034 -0.986069 0.0758606 5.13949 0.983826 0.154651 0.0903895 1.15085 -0.100862 0.0612529 0.993013 -0.661062
0.0120633 -0.999911 0.00561473 5.13163 0.99534 0.0125451 0.0956108 1.63088 -0.0956727 0.00443518 0.995403 -0.78691
-0.0629801 -0.996876 0.0476662 5.1007 0.991456 -0.0570282 0.117314 2.43991 -0.114229 0.0546474 0.99195 -0.834971
-0.119358 -0.990474 0.0686644 5.04753 0.982826 -0.108067 0.149582 3.1447 -0.140737 0.085339 0.986362 -1.0063
-0.289905 -0.955776 0.0494817 4.8704 0.942274 -0.275994 0.189596 3.78406 -0.167554 0.10159 0.980615 -1.02997
-0.318244 -0.946967 0.0444357 4.49235 0.934162 -0.30527 0.1848 4.56182 -0.161435 0.100322 0.981771 -1.20496
-0.467113 -0.88314 0.0432282 4.06416 0.872214 -0.452209 0.186416 5.11003 -0.145083 0.124781 0.981519 -1.35599
-0.645979 -0.759411 0.0775037 3.83659 0.756156 -0.622669 0.201272 5.67878 -0.104589 0.188622 0.976464 -1.46661
-0.719317 -0.685437 0.112961 3.18796 0.69347 -0.698904 0.175018 6.24892 -0.0410148 0.204229 0.978064 -1.44428
-0.802945 -0.568953 0.177685 2.47399 0.592896 -0.793018 0.139985 6.71814 0.0612632 0.217749 0.97408 -1.60061
-0.860283 -0.466963 0.204595 1.87756 0.492638 -0.864716 0.0978424 7.12492 0.131228 0.184963 0.973944 -1.67904
-0.910349 -0.372818 0.179645 1.21546 0.388989 -0.91902 0.0639546 7.51833 0.141254 0.128101 0.98165 -1.58613
-0.949065 -0.252109 0.188991 0.516462 0.269732 -0.960105 0.0737752 7.917 0.162852 0.120994 0.979204 -1.43864
-0.968667 -0.182277 0.168699 -0.381059 0.199869 -0.97532 0.0938234 8.19924 0.147433 0.124601 0.981192 -1.13666
-0.964901 0.103546 0.241338 -0.971657 -0.0847696 -0.992599 0.0869548 8.29165 0.248556 0.0634446 0.966537 -1.08324
-0.979199 0.106468 0.172724 -1.84338 -0.0860449 -0.988828 0.12172 8.35323 0.183754 0.104326 0.97742 -0.994353
-0.969192 0.226501 0.0967657 -2.64098 -0.214649 -0.969393 0.119178 8.32765 0.120798 0.0947361 0.988146 -0.889685
-0.92759 0.358233 0.106045 -3.54511 -0.350509 -0.932708 0.0848468 8.08622 0.129304 0.0415334 0.990735 -0.62815
-0.889432 0.450307 0.0783217 -4.269 -0.435083 -0.886634 0.156793 7.83517 0.140048 0.10538 0.984521 -0.475993
-0.832424 0.551531 0.0537045 -4.9853 -0.545147 -0.832449 0.0992135 7.45395 0.0994256 0.0533108 0.993616 -0.50378
-0.736084 0.676761 -0.0132139 -5.71379 -0.676825 -0.735604 0.0281703 6.84808 0.00934434 0.0296792 0.999516 -0.543766
-0.642836 0.765276 -0.0333923 -6.33453 -0.766001 -0.642099 0.0308494 6.15789 0.00216716 0.0454097 0.998966 -0.562584
-0.495357 0.868677 -0.00461222 -6.78231 -0.867225 -0.494206 0.0606706 5.66466 0.0504238 0.0340534 0.998147 -0.496566
-0.348796 0.935357 -0.0587324 -7.15777 -0.935213 -0.343295 0.0867523 4.9541 0.0609818 0.0851861 0.994497 -0.34457
-0.267951 0.961183 -0.065794 -7.51814 -0.957864 -0.258448 0.125307 4.01711 0.103439 0.0965979 0.989934 -0.311961
-0.203692 0.978377 -0.0358885 -7.81378 -0.974969 -0.199373 0.098419 3.12883 0.0891357 0.0550374 0.994498 -0.179048
-0.0474561 0.99251 -0.112565 -7.97493 -0.992366 -0.0340046 0.118545 2.31045 0.113829 0.117331 0.986548 -0.193553
0.0880968 0.992638 -0.0831217 -8.04203 -0.994963 0.0916946 0.0405008 1.55471 0.0478244 0.079135 0.995716 -0.0104365
0.242888 0.968642 -0.0523338 -7.82729 -0.969315 0.244455 0.0258834 0.505471 0.037865 0.0444412 0.998294 -0.134128
0.304516 0.948577 -0.0864395 -7.56281 -0.95236 0.304806 -0.0101465 -0.378004 0.0167225 0.0854114 0.996205 -0.0210643
0.396042 0.916135 -0.062022 -7.25102 -0.916074 0.398837 0.0416793 -1.21873 0.0629206 0.04031 0.997204 -0.0403732
0.57659 0.816322 -0.0340804 -6.90572 -0.812808 0.577346 0.0775538 -2.1219 0.0829851 -0.017016 0.996406 -0.100382
0.614635 0.776832 -0.136955 -6.27561 -0.77242 0.627932 0.0952283 -3.09998 0.159975 0.0472558 0.985989 -0.131834
0.699068 0.705059 -0.119148 -5.53219 -0.692355 0.709064 0.133691 -3.74271 0.178744 -0.0109663 0.983835 0.0570629
0.771345 0.633625 -0.0595421 -4.84195 -0.619736 0.769114 0.156178 -4.43893 0.144753 -0.0835668 0.985933 0.000972009
0.875911 0.47484 -0.0854836 -4.1321 -0.468064 0.879285 0.0881717 -5.06258 0.117032 -0.0372188 0.992431 0.101154
0.935481 0.345372 -0.0747939 -3.22787 -0.339323 0.937021 0.0827679 -5.50118 0.0986692 -0.0520484 0.993758 0.119171
0.969281 0.231729 -0.0824382 -2.16827 -0.224063 0.970164 0.0926177 -5.94263 0.101441 -0.0713012 0.992283 0.261717
0.992004 0.0695961 -0.105282 -1.21543 -0.0616842 0.99515 0.0766281 -6.07042 0.110105 -0.0695211 0.991486 0.245935
0.997252 -0.0328645 -0.0663978 -0.242991 0.0378391 0.996457 0.0751097 -6.13413 0.0636941 -0.0774157 0.994962 0.3948
0.980563 -0.161781 -0.111008 0.828065 0.1714 0.981669 0.0833563 -5.97223 0.0954876 -0.100763 0.990318 0.4196
0.957128 -0.289373 0.0130294 1.98954 0.283819 0.945852 0.157513 -5.7912 -0.0579039 -0.147062 0.987431 0.371532
0.895285 -0.416936 0.156936 2.93316 0.401063 0.907687 0.123501 -5.51707 -0.193941 -0.0476278 0.979856 0.417716
0.862318 -0.478206 0.166515 3.8555 0.472765 0.878114 0.0735402 -5.13422 -0.181386 0.0153073 0.983293 0.0797086
0.798029 -0.591493 0.115264 4.72638 0.589332 0.805968 0.0556981 -4.51653 -0.125844 0.0234799 0.991772 0.118396
0.762458 -0.643352 0.0689586 5.52309 0.640164 0.765555 0.0641458 -3.83456 -0.09406 -0.00476365 0.995555 -0.237965
0.663029 -0.748101 0.0271435 6.21324 0.74769 0.663574 0.0250618 -3.11156 -0.0367605 0.00367819 0.999317 -0.478083
0.524504 -0.846463 0.0916295 6.84198 0.847286 0.52951 0.0415347 -2.28842 -0.0836763 0.0558513 0.994927 -0.537932
0.432914 -0.893735 0.117567 7.29071 0.89728 0.439746 0.0388779 -1.41607 -0.0864463 0.0886602 0.992304 -0.695539
0.257867 -0.954757 0.148134 7.77056 0.963952 0.264639 0.0276382 -0.494796 -0.0655896 0.135667 0.988581 -0.797288
0.189131 -0.973231 0.130578 8.1052 0.980162 0.195134 0.0347032 0.642113 -0.0592545 0.121424 0.990831 -0.887705
-0.0332891 -0.989581 0.140078 8.21566 0.996815 -0.0227113 0.0764461 1.55078 -0.0724682 0.142177 0.987185 -0.956443
-0.148507 -0.97887 0.140569 8.25667 0.983274 -0.131005 0.12653 2.4995 -0.105441 0.157008 0.981952 -1.20662
-0.291131 -0.945105 0.148391 8.13227 0.950563 -0.268251 0.156431 3.56543 -0.108037 0.186597 0.976478 -1.33284
-0.378631 -0.897335 0.226781 7.83137 0.921527 -0.342681 0.182638 4.64868 -0.0861743 0.278137 0.956668 -1.41043
-0.495128 -0.861936 0.109151 7.34366 0.864416 -0.476082 0.161649 5.64013 -0.0873664 0.174389 0.980793 -1.66351
-0.608678 -0.784384 0.119383 6.76509 0.789297 -0.583308 0.191735 6.53245 -0.080757 0.210934 0.974159 -1.88425
-0.690721 -0.721966 0.0408472 6.18767 0.708464 -0.664325 0.238223 7.56067 -0.144853 0.193485 0.970351 -2.05795
-0.762713 -0.638782 0.101125 5.29874 0.640516 -0.724449 0.254781 8.31683 -0.0894897 0.259096 0.961697 -2.16364
-0.770461 -0.615028 0.167721 4.27029 0.637456 -0.740703 0.212152 9.03741 -0.00624775 0.27037 0.962736 -2.3163
-0.847592 -0.501599 0.173163 3.36954 0.526193 -0.836662 0.152043 9.77699 0.0686142 0.219988 0.973087 -2.30086
-0.904313 -0.36514 0.221113 2.33801 0.405363 -0.89691 0.17673 10.384 0.133787 0.24945 0.959101 -2.18662
-0.949408 -0.20415 0.238635 1.22493 0.249303 -0.952041 0.17739 10.9147 0.190976 0.227907 0.95477 -1.91949
-0.982645 -0.133403 0.128886 0.136895 0.163 -0.952646 0.256703 11.0847 0.0885381 0.273257 0.957858 -1.54803
-0.977362 0.00338002 0.211545 -1.19472 0.0630597 -0.949774 0.306518 11.2798 0.201956 0.31292 0.92806 -1.32982
-0.981905 0.100122 0.160745 -2.28003 -0.0657408 -0.976238 0.206488 11.3582 0.177599 0.192184 0.965155 -1.19922
-0.953453 0.295272 0.061166 -3.3896 -0.274578 -0.933992 0.228618 11.3468 0.124633 0.201182 0.971593 -1.06048
-0.92052 0.387 0.053611 -4.6204 -0.372434 -0.910654 0.178892 10.973 0.118052 0.144707 0.982407 -0.887584
-0.830277 0.557175 0.0140242 -5.66837 -0.547901 -0.820555 0.162772 10.5972 0.1022 0.127462 0.986564 -0.828652
-0.820601 0.56552 -0.0824688 -6.67704 -0.571157 -0.806515 0.152687 9.94309 0.0198353 0.172398 0.984828 -0.626022
-0.700953 0.703676 -0.116214 -7.64609 -0.713159 -0.689638 0.125709 9.1966 0.00831258 0.170995 0.985237 -0.605199
-0.627735 0.751007 -0.204784 -8.62561 -0.776245 -0.623609 0.0924964 8.10202 -0.0582397 0.217026 0.974427 -0.71224
-0.52459 0.841016 -0.132277 -9.33876 -0.851326 -0.516913 0.089694 7.22393 0.00705838 0.159663 0.987146 -0.763815
-0.441706 0.878417 -0.182427 -9.97901 -0.891269 -0.406375 0.201246 6.08321 0.102644 0.251483 0.962404 -0.756275
-0.325803 0.924153 -0.199481 -10.5837 -0.943126 -0.302945 0.136885 4.93807 0.066071 0.232734 0.970294 -0.606608
-0.1378 0.952226 -0.272538 -10.8323 -0.989026 -0.117486 0.0895796 3.77628 0.0532805 0.281891 0.957966 -0.587072
-0.0563834 0.980772 -0.186836 -11.0243 -0.990753 -0.0318327 0.131888 2.40473 0.123404 0.192545 0.973498 -0.5407
0.0770486 0.96686 -0.243404 -10.9539 -0.994977 0.0902112 0.0433849 1.28415 0.0639049 0.238839 0.968954 -0.28679
0.258527 0.952259 -0.162378 -10.8439 -0.965421 0.260533 -0.00919125 -0.132659 0.0335524 0.159139 0.986686 -0.364595
0.41039 0.901216 -0.139245 -10.5418 -0.910611 0.396851 -0.115315 -1.33107 -0.0486645 0.174122 0.983521 -0.39678
0.492541 0.853553 -0.169853 -10.0104 -0.869657 0.490153 -0.0586999 -2.57074 0.0331504 0.176626 0.98372 -0.399839
0.577936 0.805821 -0.129001 -9.40926 -0.812436 0.583047 0.00228832 -3.84763 0.0770578 0.103483 0.991642 -0.349527
0.665702 0.725195 -0.175875 -8.64738 -0.737439 0.675383 -0.0064269 -4.93347 0.114122 0.133976 0.984391 -0.237221
0.755222 0.636272 -0.157476 -7.7237 -0.644173 0.764879 0.00112953 -5.92833 0.121169 0.100589 0.987522 -0.0401483
0.856626 0.509879 -0.0788358 -6.68653 -0.51073 0.859677 0.0104915 -6.93632 0.0731228 0.0312765 0.996832 0.0796545
0.897826 0.435271 -0.0666827 -5.45879 -0.435782 0.900021 0.00745329 -7.64293 0.0632601 0.0223674 0.997746 0.159947
0.939638 0.334276 -0.0730769 -4.28673 -0.335184 0.942153 -0.000178837 -8.36132 0.0687898 0.0246623 0.997326 0.286495
0.965128 0.258756 -0.0396691 -2.80913 -0.258845 0.965914 0.00296027 -8.83911 0.039083 0.00741112 0.999208 0.364096
0.989021 0.0969862 -0.111492 -1.60722 -0.105574 0.991663 -0.0738818 -9.16155 0.103397 0.0848414 0.991015 0.428734
0.99596 0.0106179 -0.0891681 -0.195762 -0.0172705 0.997096 -0.0741713 -9.20438 0.0881216 0.0754117 0.993251 0.509207
0.991101 -0.12356 -0.0495193 1.2902 0.118884 0.988977 -0.0882719 -9.03142 0.0598803 0.0815993 0.994865 0.596087
0.96963 -0.222896 0.10067 2.71258 0.229329 0.97165 -0.0574892 -8.81438 -0.0850019 0.0788297 0.993258 0.641727
0.90053 -0.335984 0.275973 4.0901 0.355313 0.934495 -0.0217189 -8.22952 -0.250598 0.117615 0.96092 0.451926
0.82896 -0.482807 0.282352 5.33357 0.51124 0.858827 -0.0324072 -7.73858 -0.226845 0.171214 0.958763 0.08751
0.773422 -0.589953 0.23189 6.45721 0.608482 0.793495 -0.0107315 -6.97771 -0.177672 0.149401 0.972683 -0.118058
0.693205 -0.676283 0.249214 7.54304 0.697356 0.716707 0.00516035 -6.00451 -0.182103 0.170214 0.968435 -0.391253
0.634055 -0.765022 0.112762 8.46681 0.77213 0.634314 -0.0382119 -5.08656 -0.0422939 0.111296 0.992887 -0.668359
0.429253 -0.877056 0.215673 9.44704 0.894362 0.446057 0.0338922 -4.01502 -0.125928 0.178342 0.975877 -0.867206
0.415065 -0.883178 0.218442 10.0353 0.902806 0.429526 0.0211707 -2.65115 -0.112524 0.188423 0.97562 -1.05575
0.297376 -0.930685 0.213057 10.5941 0.944938 0.318822 0.0737876 -1.26375 -0.1366 0.179383 0.97425 -1.32431
0.162335 -0.95917 0.231604 11.0883 0.978782 0.186269 0.0853756 0.0552717 -0.12503 0.212831 0.969057 -1.30896
0.00766163 -0.96637 0.257041 11.2266 0.998117 0.023034 0.0568476 1.4731 -0.0608565 0.256122 0.964727 -1.43229
-0.117658 -0.966477 0.228207 11.1762 0.974082 -0.0676163 0.215852 2.90672 -0.193185 0.247689 0.949384 -1.68451
-0.266125 -0.938637 0.219405 11.0424 0.944479 -0.208405 0.25402 4.3422 -0.192708 0.274825 0.941985 -2.03435
-0.365921 -0.887486 0.280125 10.5615 0.922443 -0.305998 0.235509 5.68909 -0.123294 0.344577 0.930626 -2.19433
-0.51271 -0.831925 0.212201 10.0203 0.851921 -0.462279 0.246028 7.10794 -0.106581 0.306919 0.945749 -2.3897
-0.605401 -0.764325 0.222031 9.2687 0.793003 -0.555373 0.250412 8.27374 -0.0680859 0.327671 0.942335 -2.68168
-0.688173 -0.699844 0.191405 8.36638 0.723223 -0.64057 0.258108 9.52172 -0.058027 0.316051 0.946966 -2.85937
-0.829271 -0.533991 0.164813 7.23159 0.557702 -0.771902 0.30518 10.5746 -0.0357436 0.344994 0.937924 -3.16542
-0.809967 -0.562431 0.166204 6.06214 0.585862 -0.762999 0.273128 11.4965 -0.0268025 0.318597 0.947511 -3.15529
-0.862904 -0.444607 0.240252 4.76911 0.499153 -0.824148 0.26763 12.3348 0.0790127 0.350862 0.933088 -3.09788
-0.926766 -0.264269 0.266957 3.42598 0.339954 -0.892385 0.296783 13.1183 0.159798 0.365801 0.916872 -3.06232
-0.945703 -0.15086 0.2879 1.91345 0.248869 -0.905829 0.342838 13.7412 0.209068 0.395872 0.89419 -2.82362
-0.977432 -0.0275801 0.209444 0.495763 0.104821 -0.924102 0.367488 14.1257 0.183413 0.381149 0.906138 -2.52094
-0.985862 0.000114576 0.167558 -1.14458 0.0636578 -0.924765 0.375176 14.1529 0.154995 0.380538 0.911684 -2.31221
-0.975561 0.114532 0.187518 -2.68527 -0.0307038 -0.916091 0.399794 14.3328 0.217573 0.384266 0.897219 -2.05298
-0.969109 0.2448 -0.0300045 -4.28754 -0.236372 -0.887169 0.396307 14.258 0.0703968 0.391157 0.917628 -1.74003
-0.934624 0.353343 -0.0403324 -5.76114 -0.343689 -0.868245 0.35781 13.7351 0.0914113 0.348279 0.932923 -1.49076
-0.873057 0.469878 -0.130332 -7.31784 -0.487617 -0.840654 0.23565 13.1648 0.00116251 0.269288 0.963059 -1.29362
-0.766223 0.611553 -0.197242 -8.41531 -0.642567 -0.730749 0.230463 12.3252 -0.00319422 0.303328 0.952881 -1.30369
-0.702368 0.661878 -0.26191 -9.80039 -0.709568 -0.680241 0.183808 11.2186 -0.0565031 0.314944 0.947427 -1.33904
-0.595493 0.763985 -0.248427 -10.9276 -0.799896 -0.592552 0.0951251 10.0562 -0.0745316 0.255362 0.963969 -1.41379
-0.551051 0.794674 -0.254629 -12.0003 -0.834335 -0.519161 0.185356 8.68952 0.0151042 0.314587 0.949109 -1.47061
-0.433245 0.871635 -0.229239 -12.8572 -0.899924 -0.40444 0.16299 7.24326 0.049354 0.276912 0.959627 -1.57281
-0.27847 0.930092 -0.239547 -13.3852 -0.959794 -0.260308 0.105047 5.80789 0.0353476 0.259168 0.965185 -1.41827
-0.0700205 0.957812 -0.278736 -13.7846 -0.997381 -0.0621487 0.0369898 4.16647 0.0181062 0.280596 0.959655 -1.35777
-0.0653443 0.956628 -0.283889 -13.9474 -0.994333 -0.0385126 0.0990939 2.42343 0.0838627 0.288756 0.953723 -1.31713
0.0957372 0.943067 -0.318527 -13.8647 -0.991571 0.11842 0.052578 0.936604 0.0873044 0.310808 0.946455 -1.21654
0.281801 0.901975 -0.327152 -13.8427 -0.955529 0.294708 -0.0105461 -0.806207 0.086902 0.315576 0.944913 -1.02528
0.385764 0.882638 -0.268581 -13.2724 -0.921763 0.3811 -0.0715209 -2.35411 0.039229 0.275158 0.960598 -0.978705
0.479558 0.841279 -0.249547 -12.6439 -0.874311 0.482342 -0.0540914 -4.03423 0.074861 0.244122 0.966851 -0.990584
0.587039 0.773866 -0.237734 -11.7751 -0.799616 0.600148 -0.0209142 -5.60791 0.12649 0.202373 0.971105 -0.83382
0.628025 0.758981 -0.171848 -10.7144 -0.775084 0.629794 -0.0510333 -6.99869 0.0694957 0.165247 0.983801 -0.707564
0.748172 0.643489 -0.161742 -9.68279 -0.659073 0.748883 -0.0692588 -8.29972 0.0765587 0.158417 0.9844 -0.44426
0.796751 0.575869 -0.183204 -8.25044 -0.593472 0.802794 -0.0575618 -9.5136 0.113927 0.154589 0.981388 -0.137934
0.874687 0.469666 -0.119732 -6.79926 -0.483476 0.862915 -0.147065 -10.4386 0.0342472 0.186523 0.981853 -0.0566586
0.956349 0.278785 -0.0876049 -5.28232 -0.284996 0.956062 -0.0687179 -11.2421 0.0645982 0.0906854 0.993782 0.0140109
0.957695 0.27707 -0.0777933 -3.67801 -0.285148 0.9501 -0.126492 -11.8654 0.0388641 0.143324 0.988912 0.178171
0.995896 0.0586417 -0.0689394 -1.92599 -0.0702991 0.980945 -0.181119 -12.1198 0.0570046 0.185222 0.981042 0.119225
0.997813 0.0406296 -0.0521362 -0.170305 -0.0493739 0.982566 -0.179237 -12.2061 0.0439449 0.181419 0.982424 0.152153
0.992116 -0.123559 0.0209398 1.73627 0.125254 0.97218 -0.197934 -12.001 0.00409931 0.198996 0.979992 0.206735
0.956107 -0.262762 0.129677 3.452 0.277443 0.954172 -0.112164 -11.7658 -0.0942618 0.143218 0.985192 0.196123
0.890763 -0.382857 0.244872 5.17689 0.427128 0.889323 -0.163294 -11.0827 -0.155252 0.250048 0.955705 0.0234774
0.848406 -0.466774 0.249659 6.77469 0.503664 0.856945 -0.109396 -10.3288 -0.162881 0.218557 0.962135 -0.417747
0.788441 -0.533987 0.305317 8.38373 0.585191 0.804086 -0.104864 -9.35099 -0.189505 0.261349 0.946459 -0.610569
0.690767 -0.676466 0.255411 9.54769 0.707015 0.705921 -0.0424868 -8.29683 -0.151559 0.209928 0.965899 -0.931566
0.639142 -0.736782 0.220566 10.8786 0.762729 0.644036 -0.0588396 -6.94814 -0.0987003 0.205839 0.973596 -1.14772
0.501633 -0.818836 0.279054 12.1104 0.853291 0.521421 -0.00387321 -5.42642 -0.142333 0.240057 0.960268 -1.35821
0.38494 -0.865033 0.321774 12.8507 0.914284 0.405045 -0.0048698 -3.9299 -0.126121 0.296068 0.946804 -1.72579
0.25898 -0.922996 0.284618 13.4334 0.963771 0.266414 -0.0129935 -2.25688 -0.0638334 0.277672 0.958553 -1.9121
0.109793 -0.961282 0.25275 13.9368 0.985167 0.138985 0.100648 -0.488316 -0.13188 0.23795 0.962282 -2.14709
-0.0452622 -0.964814 0.259007 14.2075 0.991643 -0.0120379 0.12845 1.24422 -0.120813 0.262657 0.957296 -2.40705
-0.184071 -0.944279 0.272864 14.1528 0.973616 -0.137073 0.182433 3.08709 -0.134866 0.299246 0.944597 -2.50461
-0.269927 -0.925845 0.264483 13.7481 0.945435 -0.202793 0.255004 4.99543 -0.182459 0.318884 0.930065 -2.88519
-0.330583 -0.889024 0.316783 13.2862 0.926442 -0.241648 0.288637 6.65954 -0.180055 0.3889 0.903513 -3.15984
-0.466309 -0.846134 0.258096 12.5381 0.87855 -0.408832 0.246995 8.38967 -0.103473 0.341926 0.934013 -3.48656
-0.590675 -0.769092 0.244132 11.6086 0.789102 -0.487356 0.373902 9.94436 -0.168586 0.4135 0.894761 -3.75082
-0.670104 -0.710292 0.215513 10.3808 0.731291 -0.582006 0.355645 11.3728 -0.127182 0.395921 0.909434 -4.05357
-0.766165 -0.627924 0.13676 8.85102 0.6333 -0.701573 0.326691 12.8026 -0.10919 0.336909 0.935184 -4.26032
-0.850655 -0.462009 0.250867 7.70418 0.523653 -0.786931 0.326385 13.9032 0.046622 0.409008 0.911339 -4.4331
-0.860021 -0.438629 0.260707 6.07642 0.506261 -0.797331 0.328578 14.8952 0.0637463 0.414569 0.907782 -4.32066
-0.899169 -0.373081 0.228705 4.1901 0.432652 -0.836308 0.336752 15.8808 0.0656322 0.401746 0.913396 -4.17237
-0.947045 -0.278422 0.159959 2.51178 0.31833 -0.879389 0.354035 16.5607 0.0420951 0.386207 0.921451 -3.98252
-0.985188 -0.109754 0.131754 0.644584 0.15293 -0.90993 0.385539 16.9685 0.0775723 0.399977 0.913236 -3.76464
-0.988271 0.0428962 0.14656 -1.31553 0.0322014 -0.879617 0.474591 17.0568 0.149275 0.473744 0.867919 -3.48242
-0.972428 0.208238 0.104982 -3.11193 -0.128237 -0.853483 0.505096 17.0909 0.194781 0.477707 0.856654 -3.42428
-0.962485 0.255308 0.0918704 -5.02013 -0.182233 -0.859099 0.478267 16.8856 0.201031 0.443583 0.873396 -3.04872
-0.917708 0.393976 -0.0509424 -6.91687 -0.364423 -0.783864 0.502746 16.4847 0.158138 0.479938 0.862932 -2.61614
-0.850649 0.458674 -0.256932 -8.69174 -0.525605 -0.752773 0.396324 15.6903 -0.0116285 0.472177 0.881427 -2.28205
-0.775656 0.565388 -0.280525 -10.2946 -0.631 -0.684792 0.364553 14.5519 0.0140126 0.459779 0.887923 -2.34634
-0.677041 0.672286 -0.299411 -11.8339 -0.735299 -0.634978 0.236934 13.1555 -0.0308323 0.380571 0.924238 -2.34204
-0.57993 0.766497 -0.275977 -13.1921 -0.814338 -0.555037 0.16967 11.858 -0.0231255 0.323135 0.94607 -2.46927
-0.533619 0.797053 -0.282768 -14.5393 -0.844458 -0.483859 0.22972 10.1639 0.0462794 0.361368 0.931274 -2.52998
-0.384482 0.863979 -0.325136 -15.5465 -0.922564 -0.347264 0.168176 8.51487 0.0323924 0.36462 0.930593 -2.36655
-0.24045 0.908261 -0.342411 -16.1831 -0.970505 -0.218614 0.10163 6.66846 0.0174511 0.356748 0.934038 -2.3625
-0.103327 0.927477 -0.359318 -16.6885 -0.994394 -0.0881652 0.0583791 4.50023 0.022466 0.363336 0.931387 -2.33381
-0.036474 0.941322 -0.335533 -16.8308 -0.999242 -0.0297847 0.0250628 2.44266 0.0135984 0.336192 0.941695 -2.22606
0.09493 0.928456 -0.359106 -16.6896 -0.990687 0.123481 0.0573667 0.431248 0.0976052 0.350316 0.931532 -2.14086
0.200197 0.905933 -0.373105 -16.4785 -0.971505 0.23287 0.0441475 -1.69528 0.126879 0.353635 0.926738 -2.06224
0.343776 0.866965 -0.360819 -16.1023 -0.936388 0.345407 -0.0622239 -3.5244 0.0706836 0.359258 0.930558 -1.91652
0.453247 0.827192 -0.332145 -15.141 -0.886639 0.456767 -0.072354 -5.55641 0.091862 0.327287 0.940449 -1.71101
0.529568 0.792406 -0.302739 -14.3357 -0.840658 0.537952 -0.0624602 -7.2762 0.113365 0.287577 0.951025 -1.56466
0.679184 0.673411 -0.291935 -13.1323 -0.725371 0.676547 -0.126967 -8.93898 0.112006 0.297996 0.947973 -1.42639
0.759106 0.573172 -0.308597 -11.6955 -0.630815 0.764738 -0.131334 -10.4647 0.160718 0.294364 0.942083 -1.11955
0.822697 0.50855 -0.254061 -10.0686 -0.551871 0.821704 -0.14227 -11.8817 0.136411 0.257254 0.956667 -0.720751
0.877481 0.457544 -0.143808 -8.36262 -0.476249 0.866682 -0.148491 -13.0689 0.0566945 0.198787 0.978402 -0.68762
0.93512 0.339253 -0.102261 -6.36841 -0.352801 0.918247 -0.179874 -14.1575 0.0328785 0.204282 0.97836 -0.725937
0.96602 0.256622 -0.0308154 -4.39831 -0.256569 0.937676 -0.234385 -14.7203 -0.0312536 0.234327 0.971655 -0.560431
0.986646 0.13187 -0.095604 -2.2736 -0.156876 0.927251 -0.339994 -15.1409 0.043814 0.350452 0.935555 -0.494506
0.999804 -0.0186101 -0.00675259 -0.171231 0.016453 0.970781 -0.239402 -15.3216 0.0110106 0.239244 0.970897 -0.471391
0.977457 -0.195648 0.0793761 2.04334 0.210407 0.933851 -0.289226 -15.0535 -0.017539 0.299407 0.953964 -0.409599
0.946097 -0.288684 0.146837 4.25459 0.315967 0.922288 -0.222598 -14.6194 -0.071165 0.256995 0.963789 -0.553557
0.903404 -0.373709 0.210247 6.37367 0.411631 0.893167 -0.18114 -13.8536 -0.120092 0.250187 0.960721 -0.809466
0.854807 -0.471844 0.216028 8.28765 0.502519 0.856528 -0.11762 -12.8697 -0.129536 0.2091 0.969277 -1.11726
0.798059 -0.553233 0.23882 9.99205 0.595022 0.786089 -0.167372 -11.7189 -0.0951377 0.275676 0.956531 -1.54667
0.736017 -0.646497 0.2008 11.5962 0.669723 0.738641 -0.076687 -10.4642 -0.0987409 0.190923 0.976626 -1.67917
0.564161 -0.74745 0.350771 13.2306 0.812182 0.57884 -0.0728313 -9.06745 -0.148603 0.325979 0.933625 -1.78043
0.492939 -0.787813 0.369272 14.4943 0.858293 0.509878 -0.0579451 -7.02737 -0.142634 0.345507 0.927513 -2.20889
0.392682 -0.837539 0.379907 15.5873 0.911007 0.41082 -0.0359503 -5.08481 -0.125964 0.360215 0.924326 -2.65129
0.322786 -0.891386 0.318182 16.2448 0.942629 0.333028 -0.0232937 -3.02995 -0.0851996 0.307446 0.947744 -2.84973
0.185582 -0.893644 0.408607 16.8287 0.981183 0.19108 -0.027735 -0.895531 -0.0532913 0.406065 0.912289 -3.00192
0.00671482 -0.929749 0.368134 17.1606 0.989954 0.0581755 0.128869 1.19439 -0.141233 0.36357 0.920799 -3.20582
-0.113719 -0.927234 0.356797 17.0519 0.981676 -0.0495958 0.183993 3.42789 -0.152909 0.371183 0.915883 -3.46674
-0.235092 -0.928652 0.286944 16.6222 0.947791 -0.153583 0.279472 5.43561 -0.215462 0.337665 0.916274 -3.88821
-0.438289 -0.8379 0.325309 16.0511 0.888176 -0.348161 0.299879 7.44298 -0.138009 0.420365 0.896798 -4.32807
-0.497594 -0.810714 0.308454 15.0702 0.859791 -0.413955 0.299 9.45621 -0.114717 0.413986 0.903026 -4.79095
-0.619641 -0.713824 0.326344 13.8795 0.779096 -0.508976 0.365997 11.3309 -0.095156 0.48104 0.871519 -5.16796
-0.705339 -0.608314 0.363938 12.6156 0.70887 -0.605272 0.362145 13.1005 -1.58457e-05 0.51342 0.858137 -5.3605
-0.733424 -0.620937 0.276634 11.0097 0.673606 -0.609188 0.418504 14.8409 -0.0913422 0.493283 0.86506 -5.33719
-0.791393 -0.558153 0.249324 9.12373 0.607621 -0.673498 0.420949 16.2237 -0.067035 0.48463 0.872147 -5.59853
-0.887873 -0.40223 0.223367 7.37866 0.459949 -0.787977 0.409316 17.4458 0.0113687 0.466158 0.884629 -5.6451
-0.93706 -0.309442 0.161753 5.27618 0.348756 -0.851976 0.390521 18.4302 0.0169662 0.422354 0.906272 -5.41702
-0.977432 -0.188214 0.0959238 3.20279 0.210938 -0.894172 0.39492 19.2728 0.0114427 0.406242 0.913694 -5.37827
-0.993051 -0.0716658 0.0933526 0.999412 0.104036 -0.905393 0.411631 19.7412 0.0550209 0.418482 0.906557 -5.21974
-0.997118 0.0444601 0.0614771 -1.4519 -0.00919378 -0.87514 0.483783 19.7584 0.0753101 0.481823 0.873026 -5.14232
-0.977763 0.160622 0.134831 -3.6564 -0.0669238 -0.848307 0.525258 19.6343 0.198746 0.504555 0.840193 -4.86351
-0.975312 0.220048 -0.0185793 -6.10515 -0.194044 -0.813807 0.547782 19.5007 0.105418 0.537864 0.836415 -4.47054
-0.911655 0.396618 -0.107605 -8.09838 -0.394168 -0.769831 0.501987 18.9455 0.116259 0.500054 0.858155 -4.21845
-0.864619 0.489098 -0.114965 -10.131 -0.487581 -0.761593 0.426897 17.8473 0.121238 0.425158 0.896963 -3.96309
-0.805389 0.558119 -0.199629 -12.1588 -0.589703 -0.72036 0.365147 16.6368 0.0599911 0.411807 0.909294 -3.7063
-0.683075 0.628375 -0.372228 -13.9876 -0.717456 -0.672667 0.181042 15.2008 -0.136623 0.390723 0.910313 -3.60878
-0.615199 0.723932 -0.312175 -15.5582 -0.787958 -0.577445 0.213728 13.4759 -0.0255388 0.377466 0.925671 -3.65319
-0.505031 0.796171 -0.33325 -16.9984 -0.862352 -0.449375 0.233263 11.537 0.0359631 0.405184 0.913528 -3.77557
-0.330467 0.818934 -0.469189 -18.2505 -0.943308 -0.302921 0.13568 9.51772 -0.0310139 0.487428 0.872612 -3.51214
-0.223971 0.840916 -0.492643 -18.8535 -0.973221 -0.166139 0.158867 7.25341 0.0517473 0.515032 0.855608 -3.62181
-0.125368 0.851929 -0.508428 -19.3781 -0.99059 -0.0791327 0.111663 4.88801 0.0548957 0.517643 0.853834 -3.62408
-0.0208542 0.866863 -0.498111 -19.5766 -0.996786 0.02052 0.0774429 2.454 0.0773536 0.498125 0.863648 -3.49194
0.0944291 0.89403 -0.437943 -19.5135 -0.99183 0.122387 0.0359855 0.0447673 0.0857704 0.430967 0.898282 -3.37721
0.214985 0.891494 -0.398773 -19.1602 -0.9649 0.256953 0.0542468 -2.35431 0.150827 0.373114 0.915444 -3.35535
0.35355 0.838453 -0.414727 -18.6261 -0.913274 0.405294 0.0408279 -4.58961 0.202319 0.364324 0.90903 -3.09363
0.406447 0.845507 -0.346292 -17.611 -0.902515 0.430585 -0.00797585 -6.8775 0.142364 0.315775 0.938093 -2.77293
0.579695 0.749163 -0.320483 -16.663 -0.807781 0.579997 -0.105322 -8.97255 0.106976 0.319934 0.941381 -2.52826
0.656489 0.690262 -0.304238 -15.1659 -0.749798 0.641282 -0.162971 -11.0337 0.0826096 0.335106 0.938552 -2.25408
0.725274 0.60572 -0.327233 -13.4935 -0.668258 0.733685 -0.123039 -12.7915 0.165559 0.307913 0.936899 -2.10241
0.808007 0.513368 -0.289098 -11.6718 -0.567183 0.810575 -0.14585 -14.4739 0.159461 0.281819 0.946124 -1.65288
0.892179 0.412519 -0.183967 -9.63924 -0.44548 0.870896 -0.207575 -15.7492 0.0745874 0.267148 0.960765 -1.51836
0.946031 0.282185 -0.159365 -7.37342 -0.315471 0.914441 -0.253528 -16.7573 0.0741881 0.290121 0.95411 -1.36518
0.969546 0.236372 -0.0641059 -5.00909 -0.244839 0.929128 -0.277083 -17.4658 -0.00593197 0.28434 0.958705 -1.32741
0.996824 0.0758348 -0.0243198 -2.58186 -0.0794387 0.925173 -0.371138 -18.0768 -0.0056452 0.371892 0.928259 -1.3874
0.99896 -0.0447225 0.00884363 -0.181502 0.0448813 0.930745 -0.362905 -18.1942 0.00799882 0.362924 0.931784 -1.30893
0.987614 -0.14452 0.0610893 2.53541 0.156602 0.931979 -0.326942 -17.9551 -0.0096843 0.332459 0.943068 -1.45796
0.975344 -0.194009 0.10519 4.98547 0.216519 0.933452 -0.285985 -17.4087 -0.0427061 0.30171 0.952443 -1.46064
0.914259 -0.366578 0.172484 7.49509 0.395685 0.899368 -0.185932 -16.6822 -0.0869677 0.238239 0.967305 -1.64975
0.83137 -0.501363 0.239706 9.66983 0.546447 0.816003 -0.188504 -15.5732 -0.101092 0.287703 0.952369 -1.90387
0.781748 -0.576527 0.23767 11.6267 0.621724 0.750075 -0.22549 -14.1678 -0.0482691 0.324041 0.944811 -2.32598
0.723298 -0.615615 0.312822 13.6668 0.684885 0.697382 -0.211164 -12.5816 -0.0881605 0.366982 0.926041 -2.45732
0.583628 -0.701366 0.409224 15.5003 0.802833 0.57399 -0.16123 -10.8141 -0.121809 0.422637 0.898076 -2.88061
0.518207 -0.745114 0.419841 16.8928 0.841074 0.533008 -0.0921767 -8.64733 -0.155096 0.400884 0.902905 -3.2392
0.432565 -0.776704 0.457841 18.0533 0.891401 0.444602 -0.0879424 -6.35695 -0.135252 0.44616 0.884674 -3.75765
0.293577 -0.847168 0.442853 18.9805 0.952753 0.297079 -0.0632957 -3.92036 -0.0779401 0.440511 0.894357 -4.05393
0.191767 -0.864706 0.46423 19.5622 0.978106 0.207343 -0.0178303 -1.41893 -0.080837 0.457486 0.885535 -4.22595
0.037604 -0.874186 0.484133 20.121 0.997362 0.0629314 0.0361656 1.01161 -0.0620826 0.481496 0.874247 -4.4913
-0.197896 -0.837216 0.509809 19.9863 0.96841 -0.0864871 0.233884 3.46646 -0.15172 0.53999 0.827884 -4.66695
-0.341568 -0.827933 0.444813 19.4164 0.913649 -0.181515 0.363728 5.91641 -0.220402 0.53064 0.81844 -5.1021
-0.364782 -0.815149 0.449964 18.3803 0.905791 -0.198785 0.374201 8.41392 -0.215584 0.544075 0.810868 -5.6793
-0.518526 -0.758272 0.395164 17.4342 0.836831 -0.355105 0.416671 10.7468 -0.175625 0.54674 0.818676 -6.16714
-0.576538 -0.716449 0.392817 16.0405 0.808937 -0.432841 0.397831 12.8437 -0.114999 0.547129 0.829111 -6.7291
-0.721532 -0.567023 0.397337 14.5686 0.691698 -0.615797 0.377291 14.888 0.0307458 0.547065 0.836526 -6.98503
-0.758315 -0.546089 0.356014 12.774 0.651865 -0.630578 0.421241 16.7673 -0.0055402 0.551506 0.834152 -6.88979
-0.839501 -0.44136 0.316922 10.7748 0.542406 -0.715241 0.440711 18.4049 0.0321628 0.541878 0.839842 -7.08293
-0.87678 -0.368452 0.309031 8.50808 0.473061 -0.776338 0.41655 19.7819 0.0864337 0.511413 0.854977 -6.99243
-0.923224 -0.31088 0.225858 6.15655 0.376239 -0.850808 0.366839 21.0815 0.0781188 0.423651 0.902451 -6.81454
-0.974059 -0.214419 0.0723407 3.78141 0.225811 -0.900119 0.372552 21.9677 -0.0147669 0.379223 0.925187 -6.66037
-0.998277 -0.0545988 0.021484 1.15632 0.0585254 -0.900593 0.430704 22.4103 -0.00416762 0.43122 0.902237 -6.56662
-0.997613 0.0483821 0.0492737 -1.5943 -0.0220897 -0.899623 0.436109 22.4146 0.0654276 0.433979 0.898544 -6.65699
-0.990692 0.120201 0.0638853 -4.32388 -0.0718862 -0.860522 0.504315 22.2044 0.115594 0.495029 0.861153 -6.51713
-0.977008 0.208682 -0.0436756 -6.82115 -0.199362 -0.821595 0.534075 21.9502 0.0755682 0.530503 0.844308 -6.11807
-0.943723 0.328567 -0.0378348 -9.39932 -0.294383 -0.78233 0.548907 21.2019 0.150754 0.529154 0.835027 -5.83095
-0.885747 0.435546 -0.160471 -11.6552 -0.455416 -0.748645 0.481795 20.1936 0.0897079 0.49983 0.861465 -5.39588
-0.81536 0.533941 -0.223821 -13.9197 -0.573136 -0.689734 0.442472 18.8582 0.0818773 0.489054 0.868402 -5.1068
-0.689401 0.61466 -0.3833 -15.9622 -0.724224 -0.59584 0.347095 17.174 -0.0150405 0.516883 0.855924 -4.8352
-0.570632 0.726487 -0.382878 -17.7921 -0.821048 -0.513863 0.248647 15.1384 -0.0161078 0.456247 0.889707 -5.02184
-0.446713 0.796421 -0.407628 -19.3113 -0.894347 -0.385132 0.227632 12.8633 0.0243006 0.466247 0.884321 -5.07084
-0.35142 0.760551 -0.545955 -20.499 -0.93357 -0.328506 0.143289 10.4152 -0.0703705 0.560041 0.825471 -5.0121
-0.199882 0.810895 -0.549997 -21.339 -0.979697 -0.17429 0.0990785 7.83244 -0.0155167 0.558634 0.829269 -5.22579
-0.158466 0.847336 -0.506862 -21.8419 -0.984769 -0.0984404 0.143315 4.9672 0.07154 0.521853 0.85003 -5.21244
-0.0311336 0.871745 -0.48897 -22.1751 -0.997465 0.00422201 0.0710373 2.3353 0.0639908 0.489942 0.869403 -5.03318
0.0689394 0.884228 -0.461939 -22.1218 -0.99493 0.0949251 0.0332199 -0.293726 0.0732236 0.457307 0.886289 -4.82028
0.224751 0.868001 -0.442789 -21.8079 -0.966115 0.257689 0.0147674 -3.12717 0.12692 0.424466 0.896504 -4.52442
0.235516 0.838587 -0.491227 -21.1386 -0.952347 0.299936 0.0554326 -5.84391 0.193822 0.454763 0.869266 -4.21375
0.38949 0.821334 -0.416783 -20.2912 -0.906642 0.421579 -0.0164831 -8.34359 0.162169 0.384293 0.908857 -3.80299
0.56167 0.729389 -0.390537 -19.0459 -0.82096 0.549931 -0.153622 -10.7153 0.102718 0.406901 0.907679 -3.5008
0.665037 0.655363 -0.358085 -17.4133 -0.745258 0.613287 -0.261666 -12.8985 0.0481227 0.440884 0.896273 -3.22034
0.674625 0.639517 -0.368645 -15.3546 -0.728962 0.655785 -0.196368 -14.9615 0.116171 0.401203 0.908592 -3.20665
0.799613 0.506078 -0.32327 -13.278 -0.588231 0.768409 -0.252056 -16.8829 0.120844 0.391705 0.912121 -2.66267
0.896804 0.402411 -0.183869 -10.9243 -0.441038 0.846043 -0.299493 -18.3587 0.0350421 0.34968 0.936214 -2.39564
0.943787 0.303832 -0.1302 -8.38174 -0.33055 0.869578 -0.366839 -19.4892 0.00176178 0.389256 0.921128 -2.43075
0.981772 0.183487 -0.0495659 -5.71398 -0.188949 0.914028 -0.358958 -20.3138 -0.0205595 0.36178 0.932037 -2.41755
0.993101 0.117147 0.00516694 -2.71867 -0.1063 0.917995 -0.382081 -20.7571 -0.0495029 0.378896 0.924114 -2.39154
0.998083 -0.0568663 0.0244336 0.0291391 0.0618914 0.913893 -0.40121 -20.9437 0.000485651 0.401953 0.91566 -2.52908
0.988036 -0.153584 0.0140435 2.90398 0.149075 0.92775 -0.342136 -20.7229 0.0395177 0.340136 0.939545 -2.57521
0.967795 -0.230075 0.102171 5.80162 0.24961 0.929704 -0.270824 -20.3059 -0.0326795 0.287605 0.957191 -2.44567
0.909171 -0.350934 0.22417 8.52296 0.402242 0.879386 -0.254717 -19.475 -0.107743 0.321753 0.940674 -2.4969
0.812471 -0.438219 0.384518 11.0777 0.541591 0.81146 -0.219572 -18.1874 -0.2158 0.386647 0.896624 -2.62652
0.786783 -0.528126 0.31946 13.3868 0.603254 0.767475 -0.216948 -16.4088 -0.130601 0.363407 0.922431 -3.48606
0.679423 -0.610225 0.407444 15.6041 0.725212 0.642922 -0.246412 -14.713 -0.111588 0.462901 0.879358 -3.74616
0.624107 -0.682905 0.379646 17.5228 0.774393 0.605278 -0.184267 -12.5981 -0.103954 0.408997 0.906595 -4.19793
0.481692 -0.778895 0.401615 19.1752 0.870963 0.476195 -0.121086 -10.1762 -0.096934 0.408118 0.907768 -4.71102
0.443288 -0.771462 0.456446 20.4704 0.89195 0.430185 -0.139162 -7.57526 -0.0889982 0.468815 0.878801 -5.05261
0.262997 -0.858818 0.439617 21.4904 0.952162 0.304543 0.02532 -4.85997 -0.155628 0.411928 0.897828 -5.31588
0.142035 -0.872095 0.46827 22.3208 0.983726 0.176953 0.0311702 -2.13519 -0.110045 0.456222 0.883035 -5.72237
0.0116589 -0.860491 0.509332 22.665 0.992986 0.0698977 0.0953587 0.758234 -0.117656 0.504647 0.855271 -6.01959
-0.131347 -0.857534 0.497377 22.4654 0.971549 -0.0116064 0.236555 3.66805 -0.197081 0.514297 0.83466 -6.3673
-0.307429 -0.796922 0.520002 22.0238 0.943115 -0.182486 0.277909 6.24785 -0.126579 0.575859 0.807691 -6.97774
-0.397538 -0.756553 0.519221 21.0478 0.906897 -0.237835 0.347811 9.09448 -0.139648 0.609148 0.780664 -7.51491
-0.478425 -0.786683 0.390179 19.635 0.858613 -0.325924 0.395673 11.7201 -0.184101 0.524313 0.831386 -7.94781
-0.576037 -0.682572 0.449752 18.211 0.811305 -0.410208 0.41655 14.2148 -0.0998332 0.604834 0.790069 -8.48033
-0.683786 -0.595625 0.421507 16.3522 0.727314 -0.509842 0.459429 16.6256 -0.0587457 0.620719 0.781829 -8.5887
-0.750372 -0.537486 0.384772 14.3516 0.660981 -0.604144 0.445101 18.7675 -0.00677771 0.588318 0.808601 -8.82615
-0.808578 -0.45573 0.372172 12.2163 0.588031 -0.647974 0.484096 20.5289 0.0205408 0.610278 0.791921 -8.67322
-0.863664 -0.346034 0.36653 9.70968 0.499697 -0.683297 0.532361 22.2215 0.0662337 0.642935 0.763052 -8.59977
-0.886266 -0.272525 0.374518 7.06339 0.43527 -0.76647 0.472296 23.6407 0.158344 0.581596 0.797918 -8.23783
-0.978276 -0.158784 0.133282 4.34891 0.202728 -0.867137 0.454946 24.6607 0.0433358 0.472082 0.880489 -7.95138
-0.998721 -0.0323608 0.0388443 1.28748 0.0485602 -0.827838 0.558861 25.1423 0.0140716 0.560032 0.828351 -7.92529
-0.999335 0.0290565 -0.0220291 -1.73914 -0.0363059 -0.848971 0.527191 25.1442 -0.00338373 0.527641 0.849461 -7.9663
-0.990761 0.135291 0.00938335 -4.5904 -0.114558 -0.871948 0.476008 24.9021 0.0725813 0.470535 0.879391 -8.03732
-0.953826 0.299377 -0.0242736 -7.55261 -0.271237 -0.823813 0.497757 24.4874 0.12902 0.481358 0.866977 -7.84864
-0.907302 0.415557 -0.0641495 -10.3202 -0.389832 -0.774148 0.498724 23.5978 0.157587 0.477501 0.864384 -7.44673
-0.85183 0.504172 -0.142115 -13.052 -0.509131 -0.733094 0.450953 22.5579 0.123174 0.456491 0.881161 -7.01
-0.765856 0.585005 -0.266897 -15.6268 -0.639418 -0.649046 0.41217 20.9894 0.067893 0.486321 0.871138 -6.64923
-0.650696 0.645002 -0.400708 -17.91 -0.759115 -0.565347 0.322687 18.9984 -0.0184061 0.514155 0.8575 -6.49208
-0.570349 0.691744 -0.442936 -19.9095 -0.821068 -0.495506 0.283408 16.6542 -0.023432 0.525322 0.850581 -6.47786
-0.43641 0.756402 -0.48724 -21.6235 -0.899006 -0.388569 0.201997 14.0881 -0.0365353 0.526185 0.849585 -6.59674
-0.370347 0.800562 -0.47111 -22.8843 -0.928876 -0.316088 0.193073 11.3281 0.00565486 0.509107 0.860685 -6.78117
-0.214862 0.824097 -0.524118 -23.8333 -0.975631 -0.156677 0.153609 8.44482 0.0444711 0.54435 0.837678 -6.95066
-0.154223 0.864062 -0.479179 -24.3188 -0.985903 -0.102727 0.132072 5.32693 0.0648935 0.492793 0.867724 -6.83679
-0.0581464 0.857653 -0.510931 -24.7182 -0.996847 -0.0221986 0.0761831 2.26573 0.0539967 0.51375 0.856239 -6.67903
0.0588807 0.828419 -0.557006 -24.8449 -0.987675 0.129402 0.0880487 -0.705767 0.145019 0.544957 0.825828 -6.50159
0.208755 0.824536 -0.525892 -24.4439 -0.967384 0.252999 0.0126651 -3.80759 0.143493 0.506095 0.850457 -6.00284
0.288174 0.826943 -0.482826 -23.7118 -0.935398 0.35099 0.042853 -6.69214 0.204904 0.439286 0.874667 -5.72901
0.423565 0.802098 -0.420988 -22.7069 -0.894286 0.444322 -0.0532057 -9.67564 0.144378 0.39902 0.905504 -5.1289
0.550754 0.716144 -0.428728 -21.1918 -0.828565 0.531089 -0.177268 -12.3801 0.100743 0.452861 0.885871 -4.86902
0.652159 0.645292 -0.397854 -19.3898 -0.754717 0.602057 -0.260632 -14.7667 0.0713466 0.470241 0.87965 -4.67305
0.697121 0.600142 -0.39224 -17.139 -0.709594 0.655738 -0.257845 -17.0354 0.102463 0.45808 0.882986 -4.40712
0.799102 0.471705 -0.372734 -14.7365 -0.58932 0.737218 -0.330472 -19.2744 0.118901 0.48374 0.867098 -4.00195
0.897414 0.375079 -0.2323 -12.1695 -0.440261 0.79547 -0.41641 -20.9311 0.0286006 0.475965 0.878999 -3.66782
0.949829 0.29594 -0.101214 -9.32037 -0.310638 0.854883 -0.415546 -22.0946 -0.0364502 0.426139 0.903923 -3.71192
0.981935 0.179217 -0.0607107 -6.19426 -0.188715 0.904087 -0.383424 -23.0766 -0.0138283 0.387954 0.921575 -3.74145
0.995151 0.066594 -0.072388 -3.0733 -0.089798 0.915427 -0.392339 -23.5557 0.0401385 0.396937 0.916968 -3.68611
0.998234 0.0176366 -0.0567227 0.185597 -0.0395112 0.910173 -0.41234 -23.7148 0.0443552 0.413853 0.909263 -3.64732
0.984796 -0.173535 0.00787581 3.37266 0.159575 0.885798 -0.435772 -23.7155 0.0686454 0.430403 0.900023 -3.60746
0.973325 -0.205342 0.102339 6.53897 0.228228 0.912181 -0.340348 -23.1399 -0.0234636 0.354626 0.934714 -3.55518
0.905452 -0.364244 0.217905 9.50029 0.419558 0.845771 -0.32961 -22.1689 -0.0642393 0.38987 0.918627 -3.72248
0.809128 -0.452572 0.37482 12.3747 0.573151 0.748535 -0.333457 -20.7826 -0.129653 0.484638 0.865053 -4.00057
0.806715 -0.478567 0.346677 14.92 0.588048 0.708094 -0.3909 -18.8788 -0.0584081 0.519207 0.85265 -4.57932
0.679621 -0.574012 0.456756 17.4397 0.726248 0.614217 -0.30871 -16.8003 -0.103344 0.541524 0.834309 -5.02512
0.573682 -0.606486 0.550512 19.6038 0.794098 0.57655 -0.192349 -14.3992 -0.200741 0.547508 0.812366 -5.52645
0.468559 -0.71472 0.519257 21.4939 0.877427 0.444917 -0.179363 -11.7062 -0.102832 0.539652 0.835584 -6.18785
0.439212 -0.773777 0.456466 22.8529 0.893251 0.430367 -0.129953 -8.80406 -0.0958933 0.464815 0.8802 -6.48395
0.290048 -0.818563 0.495809 24.1779 0.946193 0.322963 -0.0203228 -5.81725 -0.143492 0.475026 0.868194 -6.69743
0.137889 -0.84157 0.522251 24.8275 0.981991 0.184918 0.0387087 -2.81116 -0.12915 0.507508 0.851913 -7.10576
-0.0122742 -0.854458 0.519375 25.2426 0.994015 0.0459627 0.0991076 0.429021 -0.108555 0.517483 0.84878 -7.61768
-0.1654 -0.809988 0.562639 25.0551 0.9646 -0.0140471 0.263342 3.71565 -0.205401 0.586278 0.783638 -8.13029
-0.298118 -0.797977 0.523792 24.3712 0.935659 -0.135725 0.325761 6.73172 -0.188858 0.587206 0.787097 -8.80534
-0.392492 -0.777015 0.492136 23.3406 0.905627 -0.233062 0.354291 9.78858 -0.160591 0.584748 0.79516 -9.34049
-0.49984 -0.730565 0.465225 22.06 0.853997 -0.326163 0.405349 12.6157 -0.144394 0.59991 0.786929 -9.86778
-0.572081 -0.690211 0.443094 20.2268 0.819797 -0.464321 0.335169 15.4399 -0.0255992 0.554991 0.831462 -10.3721
-0.651141 -0.642032 0.404733 18.2708 0.756896 -0.510068 0.408581 18.1142 -0.0558809 0.572385 0.818078 -10.4574
-0.757468 -0.547678 0.355375 16.0508 0.651953 -0.605641 0.456241 20.4802 -0.0346438 0.577276 0.815814 -10.6643
-0.819272 -0.442607 0.364543 13.513 0.572569 -0.665771 0.478449 22.4469 0.0309376 0.600706 0.798871 -10.6681
-0.845515 -0.324183 0.424276 10.7814 0.520591 -0.677144 0.520059 24.3196 0.118702 0.660591 0.741302 -10.6736
-0.861257 -0.251835 0.441378 7.95991 0.476747 -0.701107 0.530246 25.947 0.175919 0.667104 0.723896 -10.1455
-0.986912 -0.114208 0.113843 4.96597 0.161252 -0.693408 0.70227 27.3 -0.00126505 0.711436 0.70275 -9.61973
-0.999523 0.0100681 0.0292002 1.44691 0.0123287 -0.736758 0.676044 27.7502 0.02832 0.676081 0.736283 -9.76004
-0.998176 0.0603148 0.00243424 -1.90946 -0.0479853 -0.817304 0.574206 27.6026 0.0366226 0.573042 0.818708 -9.6852
-0.98322 0.179613 0.0319035 -5.16283 -0.131545 -0.819234 0.558168 27.4475 0.126391 0.544605 0.829114 -9.52871
-0.959272 0.282401 -0.00678252 -8.45923 -0.246791 -0.826143 0.50654 26.9645 0.137444 0.487583 0.86219 -9.29805
-0.922899 0.382748 -0.0419767 -11.5584 -0.349514 -0.787007 0.50839 25.9549 0.161549 0.483864 0.860103 -8.98657
-0.870529 0.479948 -0.108764 -14.5942 -0.47122 -0.749228 0.465412 24.5398 0.141884 0.456406 0.878386 -8.62399
-0.793068 0.556732 -0.24717 -17.4773 -0.607065 -0.688972 0.395966 22.9662 0.0501538 0.464076 0.884374 -8.33648
-0.663706 0.642589 -0.38285 -19.9941 -0.747963 -0.565514 0.347484 20.8113 0.0067815 0.516985 0.855968 -8.21919
-0.607373 0.648183 -0.4593 -22.1137 -0.793477 -0.523087 0.311084 18.0992 -0.0386149 0.553388 0.832028 -8.28967
-0.478904 0.717741 -0.505469 -23.9961 -0.876731 -0.42033 0.233807 15.3035 -0.0446504 0.555131 0.830563 -8.39214
-0.369008 0.780708 -0.504309 -25.3314 -0.928429 -0.334756 0.161114 12.1332 -0.0430371 0.527668 0.84836 -8.53874
-0.224241 0.794048 -0.564981 -26.4137 -0.974176 -0.16693 0.152039 8.91052 0.0264139 0.584484 0.810975 -8.63544
-0.142603 0.838382 -0.5261 -26.9469 -0.986805 -0.0792495 0.141189 5.6441 0.0766774 0.539292 0.838621 -8.62332
-0.0531524 0.824993 -0.562637 -27.3124 -0.995446 0.000876868 0.0953255 2.11153 0.0791363 0.565142 0.82119 -8.23552
0.0361808 0.807008 -0.589431 -27.314 -0.989824 0.110162 0.0900677 -1.18966 0.137618 0.580174 0.802782 -8.05832
0.17697 0.779982 -0.600258 -26.9203 -0.97047 0.239864 0.0255644 -4.60536 0.16392 0.578008 0.799398 -7.65283
0.275408 0.752299 -0.598495 -26.3064 -0.927056 0.372592 0.0417419 -7.80005 0.254397 0.543342 0.800038 -7.26882
0.485554 0.743729 -0.459461 -25.107 -0.869976 0.462728 -0.170366 -11.0446 0.0858992 0.482442 0.871706 -6.46938
0.570648 0.671478 -0.472736 -23.4483 -0.816859 0.523227 -0.242848 -14.023 0.0842809 0.524739 0.847081 -6.31057
0.67759 0.538951 -0.500403 -21.4616 -0.717829 0.632676 -0.29059 -16.6273 0.15998 0.556105 0.81557 -6.09482
0.719696 0.560845 -0.409256 -18.9338 -0.683183 0.677081 -0.273537 -19.1301 0.123688 0.47646 0.870452 -5.86326
0.803785 0.505033 -0.314438 -16.1695 -0.59215 0.730106 -0.341033 -21.5283 0.0573402 0.460312 0.885903 -5.44327
0.902084 0.333762 -0.273584 -13.3949 -0.424639 0.799556 -0.424725 -23.4054 0.0769883 0.499312 0.862995 -5.30947
0.953005 0.267577 -0.142067 -10.1698 -0.302767 0.857658 -0.415637 -24.7702 0.0106295 0.439118 0.898367 -5.01922
0.972774 0.207026 -0.10417 -6.77261 -0.231621 0.88387 -0.406357 -25.7946 0.00794618 0.419421 0.907757 -4.99874
0.994285 0.0867064 -0.0622908 -3.41889 -0.105323 0.892088 -0.439415 -26.4258 0.0174688 0.443464 0.896122 -4.95585
0.999665 0.00468038 -0.0254419 0.100191 -0.0150856 0.904427 -0.426362 -26.539 0.0210148 0.426604 0.904195 -4.96338
0.98954 -0.129261 0.0640515 3.71129 0.144254 0.89063 -0.431241 -26.4706 -0.00130348 0.43597 0.89996 -4.96073
0.962823 -0.233502 0.135825 7.11407 0.268204 0.886286 -0.377575 -25.8539 -0.0322151 0.399967 0.915963 -4.79109
0.891976 -0.343887 0.293463 10.5988 0.439663 0.810968 -0.38604 -24.6874 -0.105235 0.473364 0.874558 -4.97333
0.82003 -0.354195 0.449551 13.6999 0.541938 0.733079 -0.410971 -23.0487 -0.183993 0.580638 0.793099 -5.40321
0.760573 -0.465329 0.452767 16.3424 0.628218 0.703527 -0.332253 -20.9903 -0.163927 0.537139 0.827412 -6.11586
0.728845 -0.485256 0.483023 19.0601 0.665833 0.66672 -0.33489 -18.5896 -0.159534 0.565695 0.809035 -6.69967
0.624221 -0.555594 0.549239 21.4512 0.767756 0.566344 -0.299674 -16.1791 -0.144562 0.608744 0.780085 -7.27032
0.514578 -0.651266 0.557729 23.4959 0.84913 0.477416 -0.22595 -13.0744 -0.119115 0.589853 0.798677 -7.95233
0.423527 -0.729853 0.5366 25.1433 0.905051 0.366306 -0.216109 -10.0114 -0.0388317 0.577178 0.815695 -8.24205
0.293372 -0.770432 0.56601 26.6741 0.948622 0.308011 -0.0724314 -6.79195 -0.118534 0.558178 0.82121 -8.21154
0.186454 -0.779258 0.598324 27.4772 0.976295 0.215096 -0.024099 -3.31112 -0.109918 0.588634 0.800892 -8.8689
-0.0554757 -0.749879 0.659245 27.8588 0.968499 0.120119 0.218132 0.271696 -0.24276 0.650579 0.719593 -9.29416
-0.104229 -0.731704 0.673607 27.4079 0.982804 0.0280222 0.182511 3.69823 -0.15242 0.681047 0.716201 -10.1798
-0.256888 -0.721275 0.643251 26.8029 0.963345 -0.137869 0.230129 7.15266 -0.0773018 0.678789 0.730253 -10.7365
-0.363214 -0.714603 0.597844 25.6204 0.926543 -0.209577 0.312404 10.3999 -0.0979504 0.667398 0.738231 -11.1372
-0.469864 -0.676724 0.566809 24.1122 0.879458 -0.303559 0.366614 13.6526 -0.0760364 0.670743 0.737782 -11.5854
-0.556055 -0.695931 0.454404 22.2389 0.828402 -0.419674 0.370976 16.756 -0.0674721 0.582712 0.809873 -12.0686
-0.617108 -0.633947 0.466143 20.1409 0.783894 -0.443737 0.43429 19.6343 -0.0684716 0.63341 0.770781 -12.26
-0.818632 -0.44557 0.362366 17.8105 0.571324 -0.567452 0.592948 22.2892 -0.0585748 0.692434 0.719099 -12.4837
-0.831506 -0.424844 0.357918 14.8932 0.555509 -0.632692 0.539547 24.3149 -0.00277141 0.647463 0.762092 -12.7572
-0.862768 -0.318726 0.392485 11.8133 0.494926 -0.691063 0.526763 26.3387 0.103338 0.648726 0.753974 -12.6792
-0.892548 -0.255432 0.371636 8.5131 0.434209 -0.709274 0.555331 27.9845 0.121742 0.657027 0.743972 -12.3644
-0.965534 -0.158289 0.206611 5.23409 0.255294 -0.730538 0.633356 29.3215 0.050684 0.664273 0.745769 -11.9102
-0.997759 -0.0150985 0.0651805 1.66003 0.053318 -0.767954 0.638282 30.0512 0.0404185 0.640327 0.767038 -11.8953
-0.993802 0.0527437 0.0978563 -2.03221 0.0103114 -0.832744 0.553562 30.0287 0.110686 0.55114 0.827039 -11.7096
-0.981685 0.190446 0.00491618 -5.71737 -0.153251 -0.804762 0.573473 29.9691 0.113172 0.562217 0.81921 -11.3226
-0.960899 0.275384 -0.0289242 -9.23463 -0.25063 -0.820575 0.513655 29.4846 0.117718 0.50082 0.857509 -10.9935
-0.927113 0.369136 -0.0648045 -12.7385 -0.352067 -0.79852 0.488277 28.3987 0.128493 0.475504 0.870279 -10.527
-0.874854 0.45467 -0.16705 -16.0694 -0.465637 -0.694374 0.548659 26.9031 0.133463 0.557781 0.819187 -10.1604
-0.814556 0.500632 -0.29303 -19.2323 -0.577802 -0.655451 0.486342 24.8751 0.0514111 0.565466 0.823168 -9.85206
-0.644952 0.65526 -0.393283 -21.9897 -0.764188 -0.548013 0.340145 22.558 0.00735923 0.519919 0.854184 -9.7581
-0.558608 0.656037 -0.507515 -24.1552 -0.828672 -0.467612 0.307641 19.6858 -0.0354961 0.592414 0.804851 -9.98107
-0.434644 0.738568 -0.515365 -26.185 -0.900336 -0.370259 0.2287 16.4843 -0.0219078 0.563405 0.82589 -10.1251
-0.36429 0.792123 -0.489728 -27.5283 -0.931278 -0.311917 0.188225 13.0336 -0.00365726 0.524642 0.851315 -10.1735
-0.260722 0.770308 -0.581937 -28.6855 -0.965364 -0.214148 0.149041 9.50119 -0.00981308 0.600639 0.79946 -10.4013
-0.147833 0.787026 -0.598946 -29.3871 -0.988157 -0.0923524 0.122545 5.93657 0.0411323 0.609968 0.791358 -10.3387
-0.0742009 0.788439 -0.610621 -29.6455 -0.994932 -0.0168681 0.0991211 2.14973 0.0678509 0.614882 0.785695 -10.0779
0.0807217 0.799191 -0.595632 -29.7024 -0.99332 0.11394 0.0182626 -1.50468 0.0824619 0.590178 0.80305 -9.81953
0.124244 0.735422 -0.666121 -29.146 -0.976121 0.211144 0.0510462 -5.24054 0.178188 0.643873 0.744095 -9.4925
0.239133 0.621253 -0.746231 -28.6198 -0.950494 0.306831 -0.0491477 -8.85782 0.198434 0.721041 0.66387 -8.84943
0.493028 0.565923 -0.660798 -27.4616 -0.868568 0.363932 -0.336367 -12.4413 0.0501279 0.739787 0.670972 -8.15486
0.574469 0.554563 -0.602034 -25.4324 -0.813451 0.468577 -0.344576 -15.5513 0.0910099 0.687673 0.720293 -8.00195
0.63956 0.513369 -0.572201 -23.1254 -0.756095 0.55453 -0.347587 -18.6508 0.138863 0.654941 0.742811 -7.86323
0.749287 0.40093 -0.52709 -20.5531 -0.640865 0.639589 -0.424522 -21.3598 0.166917 0.655882 0.736178 -7.41831
0.799143 0.42131 -0.428798 -17.633 -0.597507 0.635005 -0.489647 -23.6439 0.065995 0.647508 0.759196 -6.95092
0.880193 0.358701 -0.310794 -14.4036 -0.468983 0.757912 -0.453458 -25.6879 0.0728988 0.544888 0.835334 -6.72527
0.922802 0.271682 -0.273177 -10.9638 -0.372564 0.809882 -0.453087 -27.3603 0.0981456 0.519886 0.848579 -6.4281
0.980056 0.16634 -0.108728 -7.42618 -0.198164 0.859051 -0.471977 -28.4987 0.0148939 0.484109 0.874881 -6.2402
0.99602 0.0740616 -0.0495904 -3.61249 -0.088692 0.878699 -0.469064 -29.0094 0.00883543 0.471595 0.881771 -6.30306
0.998165 -0.00313182 -0.0604635 0.191866 -0.0266959 0.873574 -0.485959 -29.239 0.0543412 0.486682 0.871888 -6.31349
0.989488 -0.130635 0.0620292 4.08997 0.144506 0.876648 -0.458919 -29.1204 0.00557285 0.463058 0.88631 -6.242
0.937398 -0.250088 0.242364 7.86278 0.338197 0.819785 -0.462142 -28.565 -0.0831107 0.515178 0.853044 -6.04191
0.898445 -0.264547 0.350446 11.4362 0.416043 0.768061 -0.486818 -27.2225 -0.140377 0.583179 0.800123 -6.45894
0.836898 -0.329639 0.436966 14.8302 0.516566 0.739642 -0.43138 -25.2588 -0.180999 0.586743 0.789286 -7.16102
0.783745 -0.433811 0.444467 17.858 0.611221 0.665754 -0.427995 -23.1333 -0.110237 0.607107 0.786936 -7.88766
0.674932 -0.50575 0.537293 20.6973 0.720732 0.607923 -0.333128 -20.5582 -0.158154 0.612083 0.774817 -8.54084
0.572359 -0.61808 0.538872 23.0905 0.814312 0.505713 -0.284869 -17.7813 -0.096443 0.601857 0.792759 -9.30319
0.554841 -0.610786 0.564882 25.2934 0.826836 0.480048 -0.29308 -14.5429 -0.0921614 0.629678 0.77137 -9.77267
0.458535 -0.689222 0.560997 27.3764 0.888355 0.338528 -0.310199 -11.1798 0.0238827 0.640602 0.767501 -10.019
0.210774 -0.693857 0.688575 29.0636 0.962158 0.271702 -0.0207321 -7.67689 -0.172702 0.666888 0.724868 -10.0337
0.116126 -0.74096 0.661433 29.8284 0.980774 0.190698 0.0414351 -3.98655 -0.156836 0.643904 0.748859 -10.7823
-0.100819 -0.701055 0.705944 30.1649 0.98365 0.0361875 0.176417 -0.106563 -0.149224 0.712188 0.685945 -11.4706
-0.145892 -0.73246 0.664995 29.6559 0.979901 -0.0145497 0.198953 3.70788 -0.13605 0.680655 0.719861 -12.3242
-0.239844 -0.744098 0.623532 28.9493 0.96673 -0.12423 0.223606 7.45669 -0.088923 0.656418 0.749138 -12.9604
-0.383704 -0.707116 0.593935 27.7712 0.91676 -0.21437 0.33704 11.027 -0.111005 0.673819 0.73051 -13.3583
-0.461925 -0.644782 0.609001 26.2771 0.886204 -0.30797 0.346118 14.5895 -0.0356166 0.699579 0.713667 -13.7694
-0.578241 -0.590558 0.56292 24.4293 0.811024 -0.341013 0.475341 17.9565 -0.0887536 0.731403 0.676145 -13.9636
-0.657708 -0.542617 0.522482 22.021 0.751122 -0.420048 0.509288 21.0051 -0.0568806 0.727411 0.683841 -14.4058
-0.772081 -0.439792 0.458774 19.1972 0.635489 -0.526691 0.56458 23.7922 -0.00666583 0.727448 0.686131 -14.7362
-0.805004 -0.419014 0.419995 16.0488 0.591578 -0.620354 0.514973 26.1944 0.0447649 0.663015 0.747267 -14.8093
-0.899388 -0.27866 0.336823 12.8676 0.424743 -0.739309 0.522509 28.4266 0.103413 0.613002 0.783285 -14.6201
-0.909157 -0.255484 0.328879 9.2973 0.409404 -0.692994 0.59342 29.9652 0.0763019 0.674156 0.734637 -14.2557
-0.96942 -0.123793 0.211897 5.66837 0.231821 -0.74526 0.625178 31.4424 0.0805258 0.655182 0.751167 -13.9401
-0.991742 -0.0556906 0.11553 1.74919 0.116485 -0.768051 0.629705 32.291 0.053664 0.637962 0.768196 -13.8077
-0.996229 0.0642814 0.0582726 -2.24677 -0.0168285 -0.802036 0.597038 32.5331 0.0851152 0.593806 0.800093 -13.4618
-0.991699 0.124325 0.0328225 -6.23502 -0.0893888 -0.850058 0.519048 32.3655 0.0924315 0.511805 0.854115 -13.0645
-0.96644 0.255165 -0.0297356 -10.0825 -0.235318 -0.832897 0.500907 31.8617 0.103048 0.491094 0.86499 -12.6146
-0.923355 0.37617 -0.076892 -13.7587 -0.356372 -0.765147 0.536236 30.7536 0.142882 0.522538 0.840558 -12.2324
-0.857757 0.421116 -0.294812 -17.3984 -0.514054 -0.701258 0.49395 29.1148 0.00127093 0.575239 0.817985 -11.7129
-0.817336 0.484325 -0.312076 -20.7133 -0.573809 -0.635355 0.516785 26.9503 0.0520126 0.601459 0.797209 -11.6015
-0.642765 0.57151 -0.510127 -23.8638 -0.75969 -0.561254 0.328428 24.3284 -0.0986107 0.598641 0.794925 -11.4539
-0.535414 0.647927 -0.541777 -26.3263 -0.843812 -0.437879 0.310231 21.2017 -0.0362256 0.62326 0.781175 -11.7973
-0.467704 0.672455 -0.573635 -28.4282 -0.883853 -0.361368 0.297015 17.6685 -0.00756402 0.645924 0.763364 -11.914
-0.299342 0.715762 -0.630935 -30.0407 -0.946967 -0.303827 0.104605 13.9143 -0.116822 0.628787 0.768752 -11.9372
-0.236436 0.73941 -0.630374 -31.0871 -0.97139 -0.194788 0.135862 10.0378 -0.0223312 0.644462 0.76431 -12.3062
-0.120952 0.754156 -0.645461 -31.7728 -0.990246 -0.046366 0.131387 6.12027 0.0691588 0.655057 0.752408 -12.255
-0.055332 0.761241 -0.646104 -32.0459 -0.99132 0.0354061 0.126612 2.11595 0.119258 0.647501 0.752675 -12.0767
0.138353 0.765904 -0.627893 -32.1104 -0.987798 0.152488 -0.0316518 -1.72636 0.0715038 0.624611 0.777656 -11.652
0.166303 0.700365 -0.694142 -31.2643 -0.975322 0.220506 -0.0111851 -5.82047 0.145229 0.678872 0.719751 -11.6173
0.30692 0.569851 -0.762279 -30.5255 -0.931436 0.344388 -0.117577 -9.73972 0.195519 0.746101 0.636479 -11.2659
0.483965 0.581176 -0.654227 -29.1323 -0.872224 0.380793 -0.306954 -13.5306 0.0707308 0.719188 0.691207 -10.5798
0.567534 0.573522 -0.590743 -27.0026 -0.815843 0.488391 -0.309637 -16.9778 0.11093 0.657683 0.745082 -10.2446
0.698721 0.509855 -0.501834 -24.6356 -0.713089 0.552636 -0.431389 -20.2841 0.0573855 0.659273 0.749711 -9.64424
0.75317 0.45433 -0.47573 -21.8058 -0.648418 0.634611 -0.420502 -23.1417 0.110857 0.625182 0.772566 -9.49918
0.805559 0.381821 -0.453086 -18.7826 -0.574092 0.692169 -0.437401 -25.6996 0.146603 0.612466 0.776784 -9.03352
0.865603 0.361523 -0.346456 -15.3456 -0.49604 0.713584 -0.494715 -28.0579 0.0683742 0.600082 0.797011 -8.47055
0.943426 0.222967 -0.245425 -11.8522 -0.321844 0.793834 -0.515989 -29.9173 0.0797781 0.565786 0.820684 -8.15988
0.984406 0.116025 -0.13222 -7.99538 -0.167113 0.851523 -0.496973 -31.0257 0.0549273 0.511319 0.857634 -7.85628
0.993455 0.105782 -0.0430979 -3.84045 -0.112302 0.835595 -0.537745 -31.6365 -0.0208714 0.539065 0.842005 -7.92176
0.9985 0.0138186 -0.052971 0.305517 -0.0405954 0.836073 -0.547115 -31.8563 0.0367272 0.548445 0.83538 -7.8429
0.990164 -0.120569 0.0709809 4.4057 0.138712 0.779687 -0.610611 -31.9291 0.018278 0.614451 0.788743 -7.64879
0.92984 -0.133442 0.342916 8.61022 0.32792 0.723289 -0.607718 -31.1439 -0.166933 0.67753 0.716301 -7.70899
0.850327 -0.270272 0.451549 12.2868 0.482413 0.743196 -0.463612 -29.6067 -0.210288 0.612055 0.762343 -8.3447
0.859238 -0.306729 0.409424 15.8308 0.482291 0.752582 -0.448347 -27.4331 -0.170604 0.582698 0.79458 -9.03085
0.767928 -0.449772 0.456062 19.1545 0.633461 0.638803 -0.436644 -25.2633 -0.0949433 0.624209 0.775467 -9.78249
0.681299 -0.491107 0.542813 22.2354 0.713561 0.610984 -0.342825 -22.3641 -0.163286 0.620896 0.766698 -10.4561
0.635584 -0.556535 0.535073 24.984 0.763388 0.556468 -0.327998 -19.3819 -0.115208 0.616938 0.778534 -11.2236
0.550575 -0.61025 0.569616 27.3044 0.831937 0.457435 -0.314061 -16.0088 -0.0689071 0.646798 0.759542 -11.7337
0.410846 -0.638302 0.650981 29.4247 0.90898 0.341944 -0.23839 -12.2876 -0.0704342 0.68967 0.72069 -12.0304
0.272918 -0.69377 0.666483 31.0567 0.955306 0.277244 -0.102593 -8.45066 -0.113603 0.664695 0.738428 -12.2294
0.122622 -0.700047 0.70349 32.0032 0.97434 0.219723 0.0488151 -4.48282 -0.188746 0.679453 0.709026 -12.8137
-0.0627391 -0.718417 0.692778 32.3405 0.978627 0.091927 0.183955 -0.327794 -0.195841 0.689512 0.697294 -13.6857
-0.105045 -0.654834 0.748437 31.9203 0.987355 0.0211715 0.157102 3.73803 -0.118721 0.755476 0.64433 -14.4679
-0.230613 -0.691359 0.684719 31.2139 0.968165 -0.092638 0.232541 7.82505 -0.0973385 0.716548 0.690713 -15.1446
-0.372343 -0.620228 0.690418 30.0005 0.926014 -0.198479 0.3211 11.64 -0.062122 0.758896 0.648242 -15.5138
-0.475911 -0.62701 0.616739 28.2332 0.876849 -0.283926 0.387973 15.528 -0.0681549 0.725427 0.684917 -15.874
-0.579007 -0.564133 0.588647 26.0867 0.811805 -0.331902 0.480431 19.0248 -0.075654 0.756039 0.650139 -16.2937
-0.633176 -0.477022 0.609539 23.4171 0.774003 -0.387464 0.50079 22.1707 -0.00271308 0.788873 0.61455 -16.6652
-0.725584 -0.441893 0.527502 20.4033 0.687218 -0.504849 0.522359 25.3206 0.0354815 0.741524 0.669987 -16.8301
-0.793508 -0.376814 0.477867 17.1896 0.606382 -0.555957 0.568518 28.1293 0.0514481 0.740893 0.669649 -16.7735
-0.875485 -0.295468 0.382394 13.7423 0.477472 -0.650855 0.590261 30.441 0.0744805 0.699347 0.710891 -16.5618
-0.91466 -0.194617 0.354289 9.97508 0.388283 -0.666709 0.636188 32.2366 0.112394 0.719461 0.685378 -16.3949
-0.961728 -0.116102 0.248194 5.9923 0.250008 -0.742524 0.621413 33.7308 0.112143 0.659681 0.743132 -16.0519
-0.98108 -0.0152976 0.192997 2.08705 0.138633 -0.751356 0.645171 34.5622 0.13514 0.65972 0.739261 -15.7756
-0.986652 0.0835204 0.139796 -2.2434 0.0335558 -0.735761 0.676409 35.025 0.15935 0.672071 0.723138 -15.305
-0.985885 0.164915 0.0288719 -6.62814 -0.106973 -0.753143 0.649101 34.962 0.128791 0.636851 0.760154 -14.7278
-0.973863 0.22049 -0.0545509 -10.6379 -0.200536 -0.721856 0.662351 34.2656 0.106664 0.655978 0.747205 -14.2167
-0.920141 0.366905 -0.136828 -14.848 -0.365483 -0.679225 0.636455 33.1042 0.140582 0.635637 0.75908 -13.9056
-0.844155 0.38807 -0.36987 -18.7954 -0.536094 -0.608184 0.585419 31.2844 0.00223421 0.692469 0.721444 -13.4072
-0.782853 0.484302 -0.390631 -22.2029 -0.622183 -0.603859 0.49824 28.7209 0.00541236 0.633092 0.774057 -13.5096
-0.620129 0.526497 -0.581585 -25.5737 -0.778204 -0.506575 0.371187 25.9689 -0.0991875 0.682776 0.723864 -13.5941
-0.558385 0.602522 -0.570239 -28.1646 -0.829571 -0.401967 0.387602 22.3334 0.00432126 0.689485 0.724287 -14.0238
-0.495217 0.615716 -0.612906 -30.3015 -0.868096 -0.378463 0.321208 18.6894 -0.0341893 0.691129 0.721922 -13.9333
-0.335196 0.707702 -0.621934 -32.1398 -0.940931 -0.285008 0.18281 14.7838 -0.047881 0.646474 0.761432 -14.034
-0.22546 0.694569 -0.683185 -33.2695 -0.973536 -0.133727 0.185324 10.6343 0.0373603 0.706888 0.706338 -14.3456
-0.154289 0.687134 -0.709959 -33.9616 -0.987107 -0.0762271 0.140742 6.374 0.0425907 0.722521 0.690036 -14.2628
-0.0512818 0.670874 -0.739796 -34.3935 -0.996272 0.0170913 0.0845594 2.00073 0.0693728 0.741374 0.667496 -14.0874
0.207463 0.601216 -0.771685 -34.4858 -0.977979 0.109139 -0.177895 -2.32618 -0.0227322 0.791598 0.610619 -13.7282
0.27355 0.617451 -0.737512 -33.3404 -0.95817 0.242002 -0.152788 -6.48732 0.0841403 0.748458 0.657823 -13.8686
0.365671 0.587586 -0.721822 -32.1294 -0.922322 0.332857 -0.196287 -10.6683 0.124928 0.737529 0.66366 -13.5112
0.37197 0.639609 -0.67271 -30.5036 -0.915552 0.372238 -0.152326 -14.6634 0.152979 0.672562 0.724056 -12.9607
0.539427 0.546312 -0.640751 -28.6263 -0.834014 0.451416 -0.317245 -18.4168 0.11593 0.705526 0.699138 -12.3828
0.555023 0.564181 -0.611269 -25.9726 -0.82373 0.475098 -0.309435 -21.8737 0.115835 0.675264 0.728423 -11.8282
0.745548 0.46546 -0.476975 -23.3145 -0.659218 0.620212 -0.425169 -25.1163 0.0979262 0.631414 0.769238 -11.4141
0.798424 0.349436 -0.49032 -19.9811 -0.578941 0.669226 -0.465794 -27.8621 0.16537 0.655768 0.736629 -11.0059
0.858493 0.345253 -0.379197 -16.3189 -0.504781 0.699355 -0.506061 -30.2488 0.0904744 0.625862 0.774669 -10.4406
0.932845 0.281572 -0.22476 -12.5209 -0.360177 0.714111 -0.600264 -32.3651 -0.00851419 0.640907 0.767571 -10.0297
0.976858 0.113483 -0.181301 -8.42594 -0.204557 0.743324 -0.636888 -33.5829 0.062489 0.659235 0.749336 -9.72649
0.999476 0.0293368 0.0136493 -4.13347 -0.0123004 0.734661 -0.678323 -34.3026 -0.0299275 0.6778 0.734637 -9.53377
0.998752 0.0284213 -0.0410706 0.286402 -0.0482812 0.759911 -0.648231 -34.3487 0.0127864 0.649405 0.760335 -9.69032
0.98908 -0.0936131 0.113832 4.75284 0.145451 0.744603 -0.651468 -34.1133 -0.0237739 0.660911 0.750088 -9.70728
0.946061 -0.164256 0.279266 9.14379 0.307369 0.72756 -0.613335 -33.3263 -0.102439 0.66609 0.738803 -9.89891
0.890341 -0.245403 0.383498 13.0815 0.431764 0.722376 -0.540141 -31.658 -0.144477 0.64649 0.749117 -10.3379
0.832907 -0.331822 0.442899 16.8051 0.535348 0.685913 -0.492876 -29.6202 -0.140243 0.647625 0.748942 -11.0336
0.777338 -0.39397 0.490441 20.5255 0.620364 0.609419 -0.493718 -27.1616 -0.104374 0.688038 0.718129 -11.7724
0.682132 -0.45453 0.572798 23.6906 0.712594 0.588922 -0.381288 -24.2841 -0.164026 0.668262 0.725618 -12.3373
0.601449 -0.544065 0.585023 26.6025 0.79134 0.506284 -0.34272 -20.933 -0.109726 0.669081 0.735045 -13.1738
0.591504 -0.509048 0.625295 28.961 0.794127 0.502059 -0.34249 -17.2596 -0.139591 0.699147 0.701218 -13.787
0.451821 -0.598848 0.661241 31.3372 0.890826 0.342588 -0.298433 -13.4533 -0.0478168 0.723889 0.688258 -14.289
0.288551 -0.599679 0.746407 33.1545 0.948207 0.28712 -0.135886 -9.31906 -0.132821 0.746958 0.651469 -14.4745
0.080202 -0.617494 0.782476 34.2433 0.976424 0.206502 0.0628808 -5.05295 -0.200411 0.758985 0.619498 -15.0753
-0.0474124 -0.594674 0.802567 34.3266 0.988763 0.0860995 0.122209 -0.771047 -0.141775 0.799343 0.58391 -16.0188
-0.0911662 -0.614987 0.783249 33.9682 0.985984 0.054618 0.157648 3.64732 -0.139731 0.786643 0.601388 -16.7484
-0.221027 -0.627116 0.746909 33.2799 0.969648 -0.0592114 0.237226 8.08116 -0.104543 0.776672 0.621169 -17.3444
-0.383668 -0.586254 0.713517 31.9236 0.920875 -0.184989 0.343173 12.2447 -0.0691939 0.788724 0.610841 -17.8017
-0.491157 -0.599706 0.631757 30.0597 0.863118 -0.237278 0.445787 16.2062 -0.117439 0.764233 0.634158 -18.0976
-0.624529 -0.575023 0.5285 27.7829 0.774285 -0.367305 0.515335 19.961 -0.102209 0.731051 0.674624 -18.6982
-0.632015 -0.563661 0.53183 24.75 0.774914 -0.452542 0.441263 23.3678 -0.00804715 0.691008 0.722802 -19.1292
-0.718387 -0.501534 0.482062 21.6043 0.694118 -0.47093 0.544449 26.8224 -0.0460424 0.725733 0.686434 -19.1399
-0.767021 -0.379218 0.517564 18.1289 0.641334 -0.477297 0.600731 29.7888 0.0192233 0.792705 0.609302 -19.1958
-0.863379 -0.30419 0.402548 14.5279 0.504535 -0.527729 0.683335 32.3411 0.00457216 0.793076 0.609105 -18.9888
-0.919815 -0.162125 0.35729 10.6074 0.376368 -0.621874 0.686746 34.2813 0.110851 0.766151 0.633028 -18.8249
-0.970864 -0.142792 0.192442 6.32169 0.234142 -0.736185 0.634987 35.8533 0.0510024 0.661545 0.748169 -18.2192
-0.985508 -0.0801564 0.149498 2.00924 0.161243 -0.716365 0.678839 36.7603 0.0526817 0.693106 0.718908 -17.8972
-0.987574 0.112509 0.109723 -2.45816 -0.00274349 -0.710425 0.703767 37.3011 0.15713 0.694721 0.701906 -17.423
-0.990506 0.13711 0.00990315 -6.96923 -0.0916799 -0.712553 0.695603 37.2187 0.102431 0.688091 0.718358 -16.6896
-0.963774 0.238498 -0.119411 -11.4761 -0.250969 -0.659317 0.708742 36.4997 0.0903042 0.713035 0.695288 -16.344
-0.907694 0.340801 -0.244839 -15.8607 -0.41468 -0.639098 0.647761 35.1272 0.0642811 0.689498 0.721429 -16.0538
-0.84895 0.388574 -0.358182 -19.9501 -0.528195 -0.601908 0.59893 33.1324 0.0171365 0.697651 0.716233 -15.6711
-0.778753 0.464254 -0.421915 -23.7094 -0.626788 -0.547823 0.554101 30.4866 0.026109 0.695959 0.717607 -15.541
-0.642695 0.493547 -0.585965 -27.1436 -0.762213 -0.489088 0.424057 27.3589 -0.0772964 0.719169 0.690522 -15.5691
-0.559536 0.602297 -0.569349 -29.9905 -0.82826 -0.431295 0.357729 23.6906 -0.0300984 0.671731 0.740183 -15.9885
-0.513295 0.577989 -0.634394 -32.2382 -0.857533 -0.374823 0.352342 19.7985 -0.0341358 0.724869 0.68804 -16.1383
-0.270466 0.559157 -0.783704 -34.2478 -0.961077 -0.204494 0.185777 15.6887 -0.0563847 0.803446 0.592702 -16.2772
-0.235595 0.60999 -0.756576 -35.2065 -0.971819 -0.141539 0.188504 11.0767 0.00790066 0.779666 0.626146 -16.5772
-0.13333 0.621489 -0.771994 -36.0091 -0.990807 -0.0655862 0.118322 6.54645 0.0229036 0.780672 0.624521 -16.4882
0.0145987 0.614757 -0.788582 -36.2431 -0.99934 0.0351953 0.00893689 1.9778 0.0332484 0.787931 0.614865 -16.4052
0.121814 0.551873 -0.824983 -35.998 -0.992364 0.0839427 -0.0903748 -2.69837 0.0193759 0.829692 0.557885 -16.1068
0.213586 0.622289 -0.753086 -35.1032 -0.973409 0.2009 -0.110065 -7.16332 0.0828028 0.756568 0.648651 -16.103
0.252915 0.610384 -0.750643 -33.9961 -0.961116 0.247414 -0.122645 -11.551 0.110859 0.752474 0.649225 -15.6632
0.41812 0.586756 -0.693464 -32.5311 -0.901367 0.362742 -0.23655 -15.7596 0.112751 0.723972 0.680553 -15.2276
0.535461 0.53358 -0.654656 -30.3188 -0.827414 0.486827 -0.279974 -19.7704 0.169315 0.691587 0.702168 -14.6728
0.63325 0.477996 -0.608699 -27.7491 -0.759982 0.532778 -0.372257 -23.4265 0.146364 0.698332 0.70065 -13.8441
0.724935 0.466321 -0.506966 -24.7037 -0.686182 0.553216 -0.472342 -26.8857 0.0601986 0.690288 0.721026 -13.3007
0.787569 0.363545 -0.497565 -21.0467 -0.599952 0.636702 -0.484427 -29.7452 0.14069 0.680034 0.719555 -12.9761
0.830253 0.344645 -0.438064 -17.2415 -0.551938 0.617971 -0.55989 -32.3921 0.0777481 0.706634 0.703295 -12.455
0.922695 0.24523 -0.297484 -13.3219 -0.384039 0.652471 -0.653296 -34.4895 0.033892 0.717038 0.69621 -12.1394
0.977266 0.10963 -0.181473 -9.00168 -0.205446 0.701111 -0.682814 -35.829 0.0523756 0.704574 0.707695 -11.929
0.994946 0.0381398 -0.0928827 -4.35261 -0.0907774 0.737005 -0.669763 -36.5223 0.0429103 0.67481 0.736743 -11.7279
0.999574 -0.0270892 0.0108425 0.337319 0.0277637 0.768704 -0.639002 -36.8134 0.0089754 0.639031 0.769129 -11.7616
0.992871 -0.0707584 0.0959168 4.97641 0.116769 0.738882 -0.66364 -36.4042 -0.0239131 0.670109 0.741877 -11.7512
0.959476 -0.163076 0.229807 9.52858 0.274382 0.726431 -0.630089 -35.4117 -0.0641865 0.66761 0.741739 -11.9015
0.902685 -0.227504 0.365242 13.826 0.412236 0.700583 -0.582447 -33.8031 -0.123374 0.676333 0.726191 -12.3108
0.843644 -0.300775 0.444745 17.8795 0.522274 0.651781 -0.549919 -31.6944 -0.124474 0.696215 0.706959 -13.1
0.757058 -0.388625 0.525198 21.6705 0.642657 0.587767 -0.491448 -29.0787 -0.117705 0.709577 0.694727 -13.9747
0.711841 -0.351696 0.607941 24.9993 0.686491 0.531263 -0.496478 -25.9888 -0.148367 0.77076 0.61961 -14.4485
0.560768 -0.426166 0.709874 28.2623 0.816891 0.424573 -0.390418 -22.4257 -0.135011 0.798824 0.586219 -15.2613
0.553481 -0.471838 0.686315 30.5454 0.82788 0.401682 -0.391492 -18.5328 -0.09096 0.784869 0.612949 -15.913
0.464186 -0.475206 0.747469 33.0149 0.883051 0.31396 -0.348783 -14.5177 -0.0689315 0.821954 0.565367 -16.4819
0.252387 -0.452257 0.855432 34.92 0.960408 0.224869 -0.164473 -10.3112 -0.117976 0.863074 0.491105 -16.9395
0.0524071 -0.432269 0.900221 36.0241 0.977916 0.20485 0.0414351 -5.75792 -0.202322 0.878168 0.433458 -17.4596
-0.00250176 -0.52749 0.849558 36.0399 0.984949 0.145527 0.0932583 -1.04103 -0.172827 0.837004 0.519187 -18.4148
-0.135916 -0.549145 0.824601 35.851 0.988254 -0.016453 0.151933 3.58106 -0.0698662 0.835565 0.544931 -19.2256
-0.229306 -0.555318 0.7994 34.9364 0.968527 -0.0484804 0.244141 8.21382 -0.096821 0.830224 0.548958 -19.7386
-0.401058 -0.533855 0.744413 33.7432 0.913781 -0.175955 0.36612 12.6572 -0.064472 0.827066 0.558395 -20.1181
-0.430116 -0.540218 0.723301 31.7138 0.896445 -0.160874 0.412924 16.9306 -0.106709 0.826005 0.55347 -20.5035
-0.581766 -0.487411 0.651137 29.5062 0.810641 -0.282109 0.513103 21.0447 -0.0664009 0.826345 0.559236 -21.0239
-0.663397 -0.462919 0.587886 26.4541 0.747863 -0.384375 0.541254 24.7675 -0.024588 0.798725 0.601194 -21.2202
-0.703109 -0.43553 0.562095 22.9573 0.710614 -0.40168 0.577651 28.1286 -0.0258024 0.805584 0.591919 -21.4812
-0.809574 -0.301367 0.503755 19.25 0.585976 -0.465996 0.662932 31.2572 0.0349617 0.831881 0.553852 -21.7767
-0.843948 -0.237804 0.480834 15.3518 0.532034 -0.485533 0.693684 33.9613 0.0684999 0.841254 0.536284 -21.5802
-0.892279 -0.110003 0.437879 11.2236 0.406268 -0.618685 0.67244 36.0608 0.196939 0.7779 0.59673 -21.2546
-0.959798 -0.107055 0.259474 6.82243 0.267615 -0.627873 0.730861 37.9457 0.0846745 0.770918 0.631281 -20.3651
-0.980728 -0.0205895 0.194289 2.11814 0.158983 -0.662114 0.732345 38.9355 0.113563 0.74912 0.652628 -19.9879
-0.98612 0.0356655 0.162161 -2.67685 0.0973456 -0.667002 0.738669 39.3307 0.134507 0.744202 0.654272 -19.5199
-0.992222 0.122171 -0.023872 -7.56368 -0.0962281 -0.63113 0.769685 39.4045 0.0789669 0.765996 0.637977 -18.8949
-0.957532 0.260428 -0.12373 -12.2013 -0.267222 -0.640421 0.720037 38.5971 0.108278 0.722522 0.682816 -18.5048
-0.919979 0.300573 -0.251584 -16.8241 -0.387848 -0.605242 0.695166 37.0547 0.0566792 0.737114 0.673387 -18.1619
-0.857902 0.3447 -0.381033 -21.2133 -0.513081 -0.535123 0.671112 34.8167 0.0274328 0.771249 0.635942 -17.8562
-0.747191 0.433253 -0.503982 -25.1052 -0.66461 -0.487784 0.566004 32.113 -0.0006114 0.757864 0.652412 -17.8109
-0.683149 0.426297 -0.59294 -28.662 -0.726576 -0.478421 0.493153 28.7035 -0.0734453 0.767713 0.636571 -17.8662
-0.503267 0.556026 -0.661481 -31.7431 -0.862709 -0.36719 0.347713 24.9346 -0.0495521 0.745658 0.664484 -18.2248
-0.426758 0.570375 -0.701819 -33.9278 -0.903122 -0.309466 0.297659 20.7188 -0.0474121 0.760857 0.647186 -18.5395
-0.287113 0.579221 -0.762934 -35.9351 -0.957882 -0.177981 0.225354 16.2629 -0.00525789 0.795504 0.605926 -18.7975
-0.190575 0.581165 -0.791157 -37.0264 -0.981658 -0.117187 0.150381 11.4231 -0.0053173 0.805304 0.592838 -18.8961
-0.0856669 0.572818 -0.815194 -37.8205 -0.995472 -0.0153896 0.093798 6.66651 0.0411836 0.819538 0.571543 -18.8744
-0.0120948 0.568243 -0.822772 -37.9979 -0.99987 -0.0156236 0.00390783 1.77475 -0.010634 0.822712 0.568358 -18.7676
0.0668455 0.547656 -0.834029 -37.6878 -0.997036 0.0685749 -0.0348812 -3.0333 0.0380906 0.833889 0.550616 -18.7495
0.203113 0.562687 -0.801329 -37.0699 -0.976492 0.176726 -0.123417 -7.73895 0.0721704 0.807559 0.585354 -18.4941
0.276061 0.55581 -0.784134 -35.739 -0.958193 0.222995 -0.179277 -12.4633 0.075214 0.800843 0.594133 -18.1081
0.443922 0.501379 -0.742666 -34.2289 -0.879117 0.404126 -0.252657 -16.9514 0.173454 0.76505 0.620171 -17.5648
0.491373 0.484014 -0.724074 -31.8845 -0.849355 0.45028 -0.275398 -21.151 0.19274 0.750319 0.632355 -16.8331
0.655076 0.447591 -0.608719 -29.3063 -0.746576 0.507343 -0.430382 -25.0822 0.116194 0.736387 0.666508 -15.9601
0.730454 0.435039 -0.526477 -25.8932 -0.680585 0.527925 -0.508034 -28.5778 0.0569261 0.729408 0.681706 -15.401
0.793202 0.360489 -0.490793 -22.1409 -0.603907 0.569259 -0.55789 -31.5965 0.0782754 0.738913 0.669239 -15.1028
0.853623 0.300261 -0.425643 -18.2513 -0.516554 0.593199 -0.617484 -34.3419 0.0670847 0.746966 0.661469 -14.6431
0.931138 0.186237 -0.313525 -13.9985 -0.357338 0.637488 -0.682583 -36.473 0.0727457 0.747613 0.660139 -14.4274
0.980163 0.0400922 -0.194097 -9.45461 -0.169123 0.679801 -0.71363 -37.885 0.103337 0.7323 0.673097 -14.1812
0.986986 0.141088 -0.0771592 -4.60751 -0.153797 0.688055 -0.709173 -38.6273 -0.0469657 0.71181 0.7008 -13.8182
0.999707 0.00879758 0.0225294 0.182113 0.00957614 0.711399 -0.702723 -39.0357 -0.0222097 0.702733 0.711107 -13.7732
0.980255 -0.118203 0.158518 5.11488 0.195719 0.694222 -0.69264 -38.7884 -0.0281747 0.709989 0.703649 -13.8831
0.948913 -0.117284 0.29293 9.99171 0.289936 0.690394 -0.662792 -37.5156 -0.124502 0.713863 0.689129 -13.9707
0.900914 -0.206927 0.381491 14.4929 0.416219 0.660967 -0.624406 -35.8458 -0.122946 0.72132 0.681602 -14.7055
0.835665 -0.227402 0.499952 18.8744 0.513752 0.645523 -0.565119 -33.6747 -0.194221 0.729102 0.656269 -15.2207
0.747013 -0.340418 0.571041 22.7744 0.651571 0.545459 -0.52719 -30.9036 -0.132015 0.765892 0.629271 -16.2865
0.687479 -0.33536 0.644132 26.1079 0.708548 0.504158 -0.493746 -27.4907 -0.159162 0.795838 0.584217 -16.9217
0.570432 -0.386553 0.724696 29.4299 0.812717 0.393197 -0.429985 -23.6831 -0.118736 0.83425 0.538451 -17.7391
0.550684 -0.367571 0.749425 31.9753 0.811903 0.444328 -0.378664 -19.6191 -0.193805 0.816985 0.543116 -18.2615
0.397178 -0.431155 0.810157 34.4389 0.912574 0.279094 -0.298858 -15.4914 -0.0972564 0.858028 0.504311 -19.2641
0.266709 -0.409536 0.872437 36.231 0.95126 0.257282 -0.170034 -10.9736 -0.154827 0.875263 0.458195 -19.5187
0.0867045 -0.422478 0.902216 37.3128 0.986396 0.163364 -0.0182962 -6.22585 -0.13966 0.891529 0.430895 -20.3569
0.0379997 -0.460661 0.886762 37.4869 0.987049 0.155708 0.0385911 -1.30741 -0.155853 0.873811 0.460612 -21.0662
-0.146756 -0.493768 0.857121 37.4376 0.986239 -0.0063478 0.165206 3.59403 -0.0761328 0.869571 0.487904 -21.738
-0.23421 -0.516694 0.823513 36.6932 0.965323 -0.023127 0.26003 8.3438 -0.115311 0.855858 0.504193 -22.2091
-0.33936 -0.503203 0.794746 35.2363 0.935674 -0.093728 0.340191 13.101 -0.0966952 0.85907 0.502641 -22.6858
-0.426734 -0.497448 0.755277 33.2754 0.899918 -0.150733 0.409179 17.5432 -0.0896999 0.854298 0.511985 -23.1304
-0.56984 -0.444024 0.691466 30.8869 0.819697 -0.247608 0.516514 21.8729 -0.0581322 0.861123 0.505061 -23.5168
-0.674458 -0.421359 0.606271 27.8305 0.736778 -0.331184 0.58947 25.8684 -0.0475913 0.84426 0.533817 -23.8703
-0.701521 -0.404483 0.586738 24.1256 0.710831 -0.338376 0.616621 29.3187 -0.0508743 0.849644 0.524897 -24.0163
-0.795494 -0.255436 0.549492 20.235 0.601668 -0.440706 0.666164 32.7241 0.0720015 0.860541 0.504267 -24.3737
-0.850081 -0.192588 0.490175 15.9608 0.5178 -0.475557 0.711146 35.5679 0.0961476 0.858345 0.503984 -24.1795
-0.889103 -0.0836489 0.449999 11.546 0.415546 -0.55968 0.716993 37.9348 0.19188 0.824476 0.532373 -23.6753
-0.951642 -0.0843294 0.295409 7.04209 0.287877 -0.580516 0.761661 39.8754 0.107259 0.80987 0.57672 -22.7677
-0.984943 0.00905848 0.17264 2.16505 0.132855 -0.599321 0.789407 40.8895 0.110618 0.800458 0.589094 -22.3371
-0.986639 0.0718722 0.146211 -2.82152 0.0729277 -0.607674 0.790831 41.2068 0.145687 0.790928 0.594314 -21.9467
-0.990946 0.132757 -0.0200546 -7.91001 -0.0958577 -0.594967 0.798013 41.1073 0.0940098 0.79271 0.602306 -21.1629
-0.956901 0.238877 -0.165164 -13.0274 -0.277534 -0.584673 0.76232 40.2943 0.0855338 0.775303 0.62577 -20.7295
-0.918374 0.2828 -0.276791 -17.7564 -0.392885 -0.568153 0.723079 38.7466 0.0472273 0.772804 0.632885 -20.4628
-0.855348 0.303176 -0.420077 -22.0423 -0.517586 -0.534571 0.668085 36.4734 -0.0220132 0.788871 0.614164 -20.2212
-0.779153 0.371507 -0.50488 -26.3487 -0.62673 -0.47634 0.616692 33.652 -0.0113893 0.796921 0.603977 -20.2823
-0.677966 0.413766 -0.607586 -30.0379 -0.73393 -0.427492 0.527824 30.0623 -0.0413426 0.803772 0.5935 -20.4572
-0.526484 0.491467 -0.69374 -33.3373 -0.849208 -0.343102 0.401405 26.1141 -0.0407459 0.800463 0.597995 -20.6538
-0.436236 0.529373 -0.727642 -35.7332 -0.899703 -0.270321 0.342726 21.7076 -0.0152678 0.804171 0.594202 -21.031
-0.315632 0.529934 -0.787113 -37.6984 -0.948463 -0.200835 0.245118 16.9558 -0.0281837 0.823914 0.566013 -21.2055
