0.999988 -0.00137407 0.00478514 -0.00036807 0.00136324 0.999996 0.00226756 -4.02073e-05 -0.00478824 -0.00226101 0.999986 -0.000741727
0.979046 -0.200749 0.0341786 0.346578 0.198271 0.978001 0.064833 -0.0869926 -0.0464418 -0.0566979 0.997311 0.0453606
0.873298 -0.483778 0.0575241 0.551872 0.475317 0.871966 0.11726 0.0165239 -0.106887 -0.0750607 0.991434 -0.0463556
0.825177 -0.563813 0.0345945 0.667525 0.553562 0.81933 0.149223 0.0044957 -0.112478 -0.103985 0.988198 -0.26585
0.727921 -0.685618 -0.00769302 0.767422 0.678237 0.718347 0.154829 0.0836114 -0.100627 -0.117921 0.987911 -0.417978
0.692061 -0.721261 -0.0288957 1.03336 0.718622 0.684648 0.12182 0.219075 -0.0680806 -0.105072 0.992132 -0.507397
0.537263 -0.842014 -0.0485857 1.16317 0.841679 0.531573 0.094901 0.346489 -0.0540812 -0.0918803 0.9943 -0.52402
0.415704 -0.905461 -0.0856138 1.43462 0.906968 0.405687 0.113258 0.448165 -0.0678181 -0.124731 0.98987 -0.624371
0.292078 -0.956388 0.00341535 1.68572 0.950213 0.290594 0.112478 0.695045 -0.108565 -0.029607 0.993648 -0.461846
0.178952 -0.983781 0.01229 1.87147 0.974952 0.178996 0.132023 0.917196 -0.132082 -0.0116437 0.99117 -0.525664
0.0686973 -0.997629 0.00410642 2.02358 0.990322 0.0686905 0.1206 1.29545 -0.120596 -0.00421823 0.992693 -0.681559
0.0671227 -0.997149 -0.03446 2.03664 0.991265 0.0627171 0.116021 1.69847 -0.113529 -0.0419466 0.992649 -0.790305
-0.00293497 -0.998858 -0.0476915 2.03697 0.992572 -0.00871015 0.121343 2.26654 -0.12162 -0.0469811 0.991464 -0.878251
-0.228841 -0.972942 0.0318624 2.01138 0.964033 -0.221958 0.146206 2.34929 -0.135177 0.0641742 0.988741 -0.817646
-0.399929 -0.913093 -0.0794829 1.97121 0.901119 -0.40756 0.147916 2.75712 -0.167455 -0.0124678 0.985801 -0.847051
-0.519773 -0.854109 -0.0182517 1.74842 0.840537 -0.5151 0.167839 3.00678 -0.152754 0.0718971 0.985645 -1.00605
-0.574658 -0.818263 -0.0146148 1.69746 0.806897 -0.569478 0.156881 3.4838 -0.136693 0.0783604 0.987509 -1.0872
-0.599387 -0.799738 0.0339643 1.43823 0.794891 -0.589685 0.142901 3.88875 -0.0942552 0.112651 0.989154 -1.19745
-0.687134 -0.725272 0.042743 1.00779 0.725783 -0.682572 0.085639 4.20349 -0.0329364 0.0898677 0.995409 -1.15227
-0.799031 -0.595363 0.0842188 0.756769 0.599922 -0.798799 0.0448893 4.3868 0.0405484 0.0863926 0.995436 -1.16268
-0.863779 -0.472635 0.174645 0.490698 0.487003 -0.872042 0.0486984 4.70882 0.129281 0.127117 0.983426 -1.15569
-0.905866 -0.376366 0.19431 -0.0141058 0.399816 -0.911243 0.0989098 4.80282 0.139837 0.167287 0.975941 -0.910938
-0.939926 -0.281287 0.193436 -0.368426 0.293692 -0.955138 0.0381592 5.07664 0.174024 0.0926774 0.980371 -0.8927
-0.971053 -0.15233 0.183991 -0.715835 0.161828 -0.9861 0.0376691 5.28929 0.175695 0.0663535 0.982206 -0.714609
-0.97939 -0.0886143 0.181503 -1.13167 0.103497 -0.991857 0.074221 5.36759 0.173448 0.0914763 0.980585 -0.646241
-0.988581 0.0729587 0.131848 -1.6059 -0.0606699 -0.993633 0.0949354 5.38605 0.137934 0.0858522 0.986713 -0.509574
-0.976917 0.197023 0.0825554 -1.99188 -0.184151 -0.972587 0.141993 5.40741 0.108268 0.123513 0.986419 -0.406521
-0.930724 0.362681 0.0470601 -2.54453 -0.353974 -0.925691 0.133415 5.40784 0.0919501 0.107514 0.989942 -0.34994
-0.866912 0.495799 0.0514593 -2.90844 -0.495025 -0.868436 0.0277298 5.19835 0.0584375 -0.00143435 0.99829 -0.441332
-0.79906 0.601229 0.0051966 -3.18123 -0.60089 -0.798849 0.0277685 4.948 0.0208465 0.0190661 0.999601 -0.329863
-0.661085 0.748517 -0.0518574 -3.56229 -0.750089 -0.657629 0.0699329 4.7023 0.018243 0.0851292 0.996203 -0.400137
-0.580692 0.811344 -0.0672192 -3.91583 -0.813833 -0.576297 0.0745508 4.39319 0.0217481 0.0979962 0.994949 -0.341092
-0.506374 0.861861 -0.0279635 -4.18555 -0.861336 -0.50399 0.0639862 4.15092 0.0410538 0.0564869 0.997559 -0.33031
-0.445881 0.894219 -0.0395216 -4.6552 -0.892715 -0.441047 0.0923984 3.55474 0.0651935 0.0764802 0.994937 -0.2405
-0.309156 0.950821 -0.0190119 -4.72676 -0.94367 -0.304229 0.130125 3.05419 0.117942 0.05817 0.991315 -0.191334
-0.161738 0.986814 -0.00630014 -4.7886 -0.980085 -0.159884 0.117773 2.61488 0.115213 0.0252231 0.993021 -0.331895
-0.102656 0.994681 0.00849601 -4.90938 -0.991794 -0.103005 0.0757311 2.02735 0.0762033 -0.000652038 0.997092 -0.406511
0.0164392 0.999721 -0.01698 -4.88252 -0.99755 0.0175537 0.0677169 1.62234 0.067996 0.0158252 0.99756 -0.3222
0.228889 0.973449 0.00261221 -4.97021 -0.973138 0.228746 0.0260229 1.15899 0.0247344 -0.00849839 0.999658 -0.391655
0.291909 0.954887 -0.0545841 -4.76393 -0.955328 0.293851 0.0316264 0.500436 0.0462393 0.0429137 0.998008 -0.266875
0.336166 0.936103 -0.103461 -4.50156 -0.936367 0.343988 0.069915 -0.142179 0.101037 0.0733745 0.992173 -0.281046
0.454321 0.885844 -0.0941977 -4.27202 -0.876525 0.463394 0.130265 -0.693049 0.159045 0.0233845 0.986994 -0.253137
0.607201 0.78963 -0.0882669 -3.81517 -0.772973 0.612769 0.164398 -1.25639 0.183901 -0.0315948 0.982437 -0.257031
0.6623 0.745164 -0.078034 -3.35411 -0.722525 0.662776 0.196689 -1.57034 0.198284 -0.0738854 0.977356 -0.1929
0.805081 0.575735 -0.142735 -3.01992 -0.560559 0.817153 0.134293 -1.9883 0.193953 -0.0281053 0.980608 -0.193379
0.893171 0.43679 -0.107047 -2.77338 -0.422389 0.896496 0.133727 -2.36227 0.154378 -0.0742254 0.98522 -0.353958
0.931657 0.340707 -0.12623 -2.31655 -0.32796 0.938094 0.11145 -2.6671 0.156387 -0.0624346 0.985721 -0.221235
0.97306 0.192068 -0.127534 -1.78923 -0.173183 0.974067 0.145605 -2.96885 0.152192 -0.119596 0.981088 -0.180878
0.991437 -0.017816 -0.129363 -1.18644 0.0397517 0.984809 0.169027 -3.08737 0.124387 -0.172722 0.977085 -0.0439031
0.989471 -0.115147 -0.0876859 -0.651756 0.123857 0.987106 0.101399 -3.1117 0.0748796 -0.111191 0.990974 0.0484561
0.989607 -0.141177 -0.0273187 0.127987 0.143292 0.984067 0.105259 -3.0094 0.0120233 -0.10808 0.99407 -0.0293455
0.918379 -0.393225 0.0442066 0.823479 0.387702 0.916529 0.0982903 -3.04112 -0.0791669 -0.0731287 0.994175 0.141673
0.90258 -0.421233 0.0889466 1.77941 0.41853 0.906932 0.0480343 -2.71668 -0.100902 -0.00612794 0.994877 0.104256
0.852135 -0.518868 0.0681376 2.27044 0.509085 0.852059 0.121767 -2.4939 -0.121238 -0.0690739 0.990217 -0.0898079
0.784783 -0.618503 0.0396196 2.79013 0.609758 0.781969 0.129306 -2.13812 -0.110957 -0.0773184 0.990813 -0.144817
0.67557 -0.735228 0.0551801 3.30529 0.734531 0.677624 0.0359002 -1.81838 -0.0637862 0.0162784 0.997831 -0.266686
0.586843 -0.809624 0.0111709 3.81372 0.80908 0.586878 0.0310606 -1.28916 -0.0317034 -0.00918958 0.999455 -0.412818
0.506558 -0.85996 0.0621971 4.29821 0.861079 0.508265 0.0144832 -0.729099 -0.0440675 0.04622 0.997959 -0.341461
0.404505 -0.913282 0.0478658 4.59573 0.909262 0.407234 0.0860429 -0.188147 -0.098074 0.00871784 0.995141 -0.425802
0.292095 -0.954513 0.0598797 4.82903 0.947528 0.297324 0.117426 0.477855 -0.129888 0.0224382 0.991275 -0.55642
0.145282 -0.98531 0.0897618 5.13009 0.983689 0.153575 0.0936541 1.1556 -0.106064 0.0746915 0.99155 -0.705366
0.00968991 -0.999632 0.0253262 5.11651 0.995054 0.0121435 0.0985943 1.6349 -0.0988656 0.0242456 0.994805 -0.833957
-0.0622044 -0.995809 0.0670422 5.08254 0.992132 -0.0543824 0.112772 2.4428 -0.108653 0.0735296 0.991357 -0.884158
-0.118423 -0.989036 0.0882209 5.02486 0.983936 -0.10493 0.144427 3.14877 -0.133587 0.103907 0.985575 -1.05345
-0.289958 -0.954651 0.0675642 4.84611 0.943027 -0.272964 0.190239 3.78893 -0.16317 0.118876 0.97941 -1.07297
-0.315499 -0.945675 0.0784803 4.46654 0.937665 -0.297983 0.178857 4.56948 -0.145755 0.130017 0.98074 -1.23952
-0.463058 -0.882469 0.0826187 4.03621 0.877439 -0.443251 0.183384 5.12223 -0.125209 0.15741 0.979563 -1.37827
-0.637372 -0.759927 0.127542 3.80883 0.767937 -0.61281 0.186378 5.69634 -0.0634747 0.216736 0.974164 -1.48149
-0.709209 -0.687089 0.157897 3.17032 0.704998 -0.690906 0.160085 6.28089 -0.000900421 0.224851 0.974393 -1.41986
-0.795407 -0.570201 0.205423 2.45703 0.600445 -0.787467 0.139146 6.76686 0.0824229 0.234023 0.968731 -1.53904
-0.856795 -0.467861 0.216815 1.86043 0.497641 -0.86039 0.109922 7.18162 0.135117 0.202076 0.970004 -1.60377
-0.90503 -0.375329 0.200119 1.19935 0.396433 -0.914822 0.0770774 7.57958 0.154144 0.149091 0.976735 -1.5047
-0.946582 -0.255875 0.19624 0.501755 0.278261 -0.955685 0.096112 7.98407 0.162951 0.145584 0.975834 -1.34286
-0.963396 -0.189519 0.189604 -0.39943 0.214922 -0.968764 0.12371 8.27478 0.160236 0.159932 0.974036 -1.03407
-0.970882 0.111818 0.211861 -0.99087 -0.0869073 -0.988535 0.123472 8.38275 0.223238 0.101465 0.969469 -0.960269
-0.981224 0.108262 0.15962 -1.87225 -0.0890941 -0.988434 0.122722 8.43076 0.17106 0.106197 0.979521 -0.911183
-0.971026 0.226049 0.0775225 -2.67074 -0.214565 -0.967525 0.133632 8.40133 0.105212 0.113126 0.987994 -0.798619
-0.929274 0.366231 0.0482051 -3.58684 -0.360154 -0.92729 0.102087 8.16382 0.0820875 0.0775053 0.993607 -0.537128
-0.886826 0.461722 0.0187718 -4.32161 -0.456087 -0.881091 0.125156 7.89736 0.074327 0.10243 0.991959 -0.456203
-0.826834 0.562251 -0.0148106 -5.03135 -0.561612 -0.823886 0.0761791 7.50404 0.0306296 0.0713053 0.996984 -0.556331
-0.727055 0.684066 -0.0586922 -5.74366 -0.686375 -0.726265 0.0378004 6.89006 -0.0167681 0.0677678 0.99756 -0.65823
-0.63669 0.763777 -0.106166 -6.36722 -0.771078 -0.632024 0.0773567 6.20143 -0.00801636 0.131115 0.991335 -0.691358
-0.489595 0.868559 -0.0768259 -6.81628 -0.871437 -0.484382 0.0772763 5.7006 0.029906 0.104783 0.994045 -0.638588
-0.339902 0.93415 -0.108763 -7.19253 -0.939837 -0.333186 0.075454 4.98116 0.0342469 0.127867 0.9912 -0.518579
-0.252301 0.960176 -0.120028 -7.5415 -0.96613 -0.243012 0.0868199 4.03174 0.0541942 0.137867 0.988967 -0.522357
-0.193782 0.976517 -0.0941393 -7.82539 -0.979518 -0.187235 0.0740841 3.13515 0.0547182 0.106567 0.992799 -0.43908
-0.0418505 0.989467 -0.138578 -7.97267 -0.9958 -0.0300035 0.0865019 2.31345 0.081433 0.141616 0.986567 -0.499149
0.0964454 0.985312 -0.140919 -8.03942 -0.995326 0.0961867 -0.00866238 1.55124 0.00501934 0.141095 0.989983 -0.329241
0.246672 0.962583 -0.112189 -7.80772 -0.969038 0.246297 -0.0174015 0.511917 0.0108814 0.113007 0.993535 -0.495226
0.302107 0.938992 -0.164395 -7.5518 -0.953136 0.300476 -0.0353118 -0.373038 0.0162393 0.167359 0.985762 -0.40629
0.395395 0.909982 -0.124882 -7.23772 -0.915882 0.400883 0.0213066 -1.22271 0.0694518 0.105953 0.991943 -0.417539
0.565227 0.814622 -0.130039 -6.89735 -0.815477 0.575563 0.0610346 -2.11945 0.124565 0.0715451 0.989629 -0.450668
0.601196 0.770834 -0.210662 -6.25557 -0.7768 0.625591 0.0722386 -3.10556 0.187472 0.120213 0.974886 -0.443821
0.695071 0.69759 -0.173913 -5.52288 -0.688738 0.715473 0.117215 -3.749 0.206198 0.0383078 0.97776 -0.22902
0.76465 0.634016 -0.115473 -4.82324 -0.621866 0.772932 0.125934 -4.44031 0.169097 -0.024487 0.985295 -0.256234
0.869121 0.474861 -0.138334 -4.11689 -0.470452 0.88002 0.0651153 -5.06291 0.152657 0.00848636 0.988243 -0.140177
0.929967 0.347059 -0.121293 -3.21567 -0.342275 0.937749 0.0589444 -5.50232 0.1342 -0.0133006 0.990865 -0.0845316
0.962288 0.235921 -0.13544 -2.16362 -0.228337 0.971116 0.0692579 -5.94826 0.147867 -0.03572 0.988362 0.101998
0.98842 0.0709148 -0.134154 -1.21004 -0.0649783 0.996725 0.0481291 -6.07899 0.137128 -0.0388547 0.989791 0.137682
0.995999 -0.030347 -0.0840488 -0.239684 0.0331424 0.998936 0.0320667 -6.14303 0.0829862 -0.034724 0.995946 0.318618
0.9835 -0.171037 -0.0589471 0.829525 0.17449 0.982862 0.059454 -5.98147 0.0477681 -0.0687587 0.996489 0.355843
0.954874 -0.294201 0.0407541 1.97381 0.286548 0.948624 0.134176 -5.79397 -0.0781351 -0.116444 0.990119 0.244288
0.897773 -0.410507 0.15965 2.92274 0.402574 0.911821 0.0807296 -5.51901 -0.178712 -0.00820581 0.983867 0.265132
0.86757 -0.469355 0.164404 3.85176 0.469687 0.881957 0.0393206 -5.12881 -0.163453 0.0431053 0.985609 -0.0630701
0.791897 -0.597967 0.123831 4.73699 0.599598 0.799818 0.0278199 -4.5293 -0.115678 0.0522184 0.991913 -0.000509518
0.757922 -0.646458 0.0874413 5.5364 0.647626 0.761743 0.0181306 -3.83772 -0.0783284 0.0428877 0.996005 -0.330035
0.664238 -0.743948 0.0729972 6.22172 0.744271 0.667286 0.0281171 -3.10266 -0.0696276 0.0356532 0.996936 -0.533484
0.52445 -0.843814 0.113715 6.8384 0.84729 0.53039 0.0280501 -2.2856 -0.0839826 0.0816391 0.993117 -0.634837
0.432713 -0.892344 0.128379 7.28632 0.897444 0.439906 0.0328085 -1.41378 -0.085751 0.101016 0.991182 -0.788728
0.253059 -0.95501 0.154652 7.76224 0.965338 0.259818 0.024838 -0.48952 -0.0639019 0.143006 0.987657 -0.888341
0.181161 -0.97394 0.136463 8.09316 0.980984 0.188784 0.0450567 0.648639 -0.0696447 0.125706 0.98962 -0.977086
-0.0405772 -0.98864 0.144723 8.19678 0.99558 -0.0277274 0.0897266 1.55297 -0.0846945 0.147724 0.985396 -1.06329
-0.144367 -0.973301 0.178448 8.2315 0.986466 -0.127393 0.10323 2.49463 -0.0777405 0.190936 0.978519 -1.32149
-0.293281 -0.944607 0.147326 8.10303 0.950205 -0.271033 0.153788 3.56201 -0.105339 0.185093 0.977059 -1.43318
-0.383099 -0.895495 0.226546 7.79766 0.918821 -0.344242 0.193041 4.64456 -0.0948806 0.282109 0.954679 -1.50896
-0.494248 -0.857533 0.142676 7.30962 0.866057 -0.471506 0.166215 5.62938 -0.0752622 0.205716 0.975713 -1.78106
-0.613333 -0.780639 0.12011 6.7245 0.78632 -0.589198 0.185867 6.51831 -0.0743263 0.208443 0.975206 -2.00996
-0.673121 -0.73144 0.109101 6.15616 0.734194 -0.643257 0.21721 7.54252 -0.0886965 0.22631 0.970009 -2.16226
-0.746539 -0.642881 0.171416 5.28599 0.664312 -0.70589 0.245784 8.32912 -0.0370087 0.297361 0.954048 -2.19974
-0.765702 -0.613841 0.192091 4.25502 0.643066 -0.736602 0.209484 9.07147 0.0129047 0.283929 0.958758 -2.30462
-0.850944 -0.497913 0.16726 3.35605 0.521781 -0.837881 0.160315 9.82309 0.0603208 0.223692 0.972792 -2.2813
-0.901697 -0.36315 0.234659 2.32744 0.408442 -0.893473 0.186765 10.4311 0.141838 0.26425 0.953967 -2.17042
-0.946676 -0.202361 0.250709 1.22264 0.252481 -0.949339 0.187104 10.9657 0.200146 0.240426 0.949809 -1.90245
-0.974313 -0.145139 0.172186 0.139145 0.181391 -0.95892 0.218106 11.1215 0.133457 0.243736 0.960615 -1.55788
-0.977668 0.000944113 0.210153 -1.21305 0.0623287 -0.953694 0.294248 11.325 0.2007 0.300776 0.932338 -1.28243
-0.98622 0.104815 0.128003 -2.31473 -0.0733461 -0.970518 0.229596 11.4347 0.148294 0.217044 0.964832 -1.12092
-0.95273 0.299364 0.0518273 -3.4263 -0.279866 -0.931146 0.233758 11.3979 0.118237 0.208203 0.970913 -1.03392
-0.921014 0.38896 0.0210634 -4.66451 -0.379236 -0.907714 0.179543 11.0348 0.0889546 0.157374 0.983525 -0.87186
-0.824363 0.559959 -0.0829001 -5.74067 -0.56591 -0.81186 0.14363 10.6557 0.0131233 0.165317 0.986153 -0.806156
-0.804011 0.573194 -0.158163 -6.76923 -0.590105 -0.801866 0.0937394 9.96533 -0.0730951 0.168701 0.982953 -0.736387
-0.683325 0.704798 -0.190594 -7.71116 -0.725892 -0.683851 0.0736815 9.19727 -0.0784075 0.188699 0.9789 -0.83422
-0.623756 0.754251 -0.205022 -8.60327 -0.780189 -0.616674 0.10497 8.10317 -0.0472581 0.225431 0.973112 -1.07801
-0.52237 0.837952 -0.158006 -9.32857 -0.85264 -0.510759 0.110136 7.22151 0.0115861 0.192254 0.981277 -1.10587
-0.432175 0.871731 -0.23089 -9.98767 -0.899775 -0.399729 0.174991 6.06647 0.0602512 0.283376 0.957114 -1.06548
-0.30806 0.917963 -0.249885 -10.5973 -0.95135 -0.298782 0.0752423 4.90133 -0.00559147 0.260907 0.965348 -0.953932
-0.13552 0.942923 -0.304187 -10.8307 -0.990301 -0.119426 0.0709973 3.75692 0.0306172 0.310858 0.949963 -0.995992
-0.0464593 0.974594 -0.219109 -11.0202 -0.995831 -0.0279508 0.0868286 2.38846 0.0784983 0.22223 0.971829 -0.960713
0.0937857 0.95968 -0.264989 -10.9367 -0.995548 0.0929097 -0.0158672 1.26683 0.00939261 0.265297 0.964121 -0.77052
0.274161 0.944482 -0.181077 -10.8012 -0.961653 0.267749 -0.0594432 -0.131466 -0.00765982 0.19043 0.981671 -0.936133
0.398691 0.894594 -0.201857 -10.4919 -0.917082 0.388353 -0.090235 -1.30103 -0.00233213 0.221095 0.975249 -1.037
0.494607 0.84176 -0.216345 -9.94518 -0.867791 0.492054 -0.0694435 -2.58557 0.0479985 0.222089 0.973844 -0.992104
0.569564 0.800541 -0.186363 -9.34611 -0.813603 0.581324 0.0105972 -3.8265 0.116821 0.14559 0.982424 -0.939033
0.656321 0.717278 -0.233998 -8.59992 -0.739488 0.673081 -0.0109211 -4.92834 0.149666 0.180206 0.972176 -0.766008
0.754787 0.627174 -0.192222 -7.67213 -0.643808 0.76444 -0.0338226 -5.96125 0.12573 0.149283 0.980768 -0.482761
0.849427 0.510355 -0.134203 -6.65532 -0.513787 0.857856 0.0103332 -6.92573 0.120401 0.0601744 0.9909 -0.359062
0.887502 0.436605 -0.147365 -5.44748 -0.443788 0.895946 -0.0182448 -7.63955 0.124065 0.081591 0.988914 -0.207275
0.938194 0.33301 -0.0943163 -4.27321 -0.332583 0.942847 0.0206843 -8.35793 0.0958139 0.0119621 0.995327 -0.0412773
0.958005 0.26604 -0.107 -2.81488 -0.269737 0.962695 -0.0214396 -8.84874 0.0973043 0.049401 0.994028 0.101725
0.987212 0.0918082 -0.130324 -1.60521 -0.102493 0.991688 -0.0777827 -9.17625 0.1221 0.0901452 0.988416 0.219151
0.995379 0.00727219 -0.0957457 -0.197309 -0.0142655 0.997262 -0.0725599 -9.21118 0.0949559 0.0735905 0.992758 0.318897
0.991328 -0.130403 -0.0162486 1.28891 0.128656 0.988281 -0.082149 -9.03136 0.0267706 0.0793462 0.996488 0.426769
0.965578 -0.229786 0.121893 2.70298 0.234853 0.971605 -0.0287802 -8.80954 -0.111819 0.0564165 0.992126 0.416467
0.909775 -0.335195 0.244856 4.05649 0.348254 0.937338 -0.0107884 -8.22741 -0.225897 0.095087 0.969499 0.178844
0.840029 -0.484796 0.243563 5.29873 0.508693 0.859878 -0.0429121 -7.73989 -0.188631 0.159946 0.968935 -0.151079
0.776676 -0.591963 0.215302 6.47192 0.605646 0.795728 0.00302111 -6.96055 -0.17311 0.12805 0.976543 -0.331889
0.720047 -0.674187 0.16433 7.53343 0.686812 0.726215 -0.0300151 -5.9991 -0.0991034 0.134476 0.985949 -0.612081
0.611481 -0.77796 0.144462 8.47562 0.783861 0.62049 0.0235428 -5.08958 -0.107953 0.0988422 0.98923 -0.803125
0.429848 -0.88336 0.186831 9.40445 0.896755 0.441785 0.0256198 -4.0292 -0.105171 0.156529 0.982058 -1.04142
0.413122 -0.885436 0.212917 10.0157 0.904726 0.42573 0.0150036 -2.65204 -0.10393 0.186433 0.976955 -1.1816
0.290782 -0.933172 0.211273 10.5837 0.94673 0.312559 0.0775254 -1.25117 -0.13838 0.177475 0.974348 -1.43507
0.157571 -0.958601 0.237183 11.0729 0.979385 0.182443 0.0867125 0.0749354 -0.126395 0.21863 0.967587 -1.41651
-0.0111626 -0.968154 0.250108 11.2055 0.992666 0.0193815 0.119328 1.49706 -0.120376 0.249606 0.960836 -1.54814
-0.115614 -0.970963 0.209437 11.1271 0.981501 -0.0792775 0.174275 2.87174 -0.152611 0.225712 0.962166 -1.87337
-0.273368 -0.938189 0.212301 11.0092 0.942371 -0.216953 0.254691 4.333 -0.192889 0.26969 0.943431 -2.14371
-0.387787 -0.884056 0.260895 10.5181 0.905826 -0.313123 0.285364 5.68252 -0.170586 0.346986 0.922226 -2.30199
-0.522312 -0.830361 0.194142 9.94146 0.84732 -0.479693 0.227911 7.06427 -0.0961194 0.283541 0.954131 -2.57581
-0.604739 -0.765069 0.221269 9.19354 0.791722 -0.547358 0.271246 8.26987 -0.0864084 0.339217 0.936731 -2.82759
-0.67951 -0.701629 0.214436 8.29123 0.733389 -0.641556 0.224827 9.45771 -0.0201723 0.310037 0.95051 -3.04074
-0.816442 -0.539811 0.205002 7.19603 0.577188 -0.77316 0.262825 10.5221 0.016623 0.332906 0.942813 -3.2872
-0.806147 -0.561511 0.186634 6.04269 0.591702 -0.762915 0.260478 11.4989 -0.00387564 0.320415 0.947269 -3.19018
-0.863209 -0.443636 0.240953 4.74318 0.49833 -0.825199 0.265921 12.3553 0.0808621 0.34962 0.933396 -3.09817
-0.922808 -0.267478 0.277274 3.40339 0.344304 -0.895494 0.282038 13.1309 0.172859 0.355733 0.918463 -3.0715
-0.93754 -0.158409 0.309717 1.90327 0.258692 -0.912721 0.316258 13.7539 0.232587 0.376626 0.896692 -2.81335
-0.975806 -0.0350662 0.215808 0.492534 0.109175 -0.93334 0.341992 14.1645 0.18943 0.357278 0.914587 -2.45702
-0.988844 -0.00509925 0.148871 -1.16319 0.0573924 -0.935296 0.34918 14.2057 0.137458 0.353829 0.925154 -2.24168
-0.982474 0.111859 0.149107 -2.70534 -0.0501858 -0.929125 0.366344 14.3646 0.179518 0.35244 0.918455 -2.02196
-0.973041 0.230607 -0.0034945 -4.32872 -0.217387 -0.911986 0.347885 14.2586 0.0770378 0.339266 0.937531 -1.75976
-0.937088 0.342544 -0.0672984 -5.8113 -0.344876 -0.878535 0.33051 13.7812 0.0540902 0.332927 0.9414 -1.49885
-0.866002 0.46375 -0.187019 -7.38332 -0.497208 -0.83835 0.223501 13.2081 -0.0531387 0.28654 0.956593 -1.35689
-0.738577 0.601147 -0.305168 -8.50063 -0.665528 -0.722379 0.187726 12.3546 -0.107596 0.341748 0.933612 -1.41943
-0.683236 0.648363 -0.335877 -9.84279 -0.720224 -0.674145 0.163726 11.2141 -0.120276 0.35377 0.927567 -1.62867
-0.588354 0.758377 -0.280542 -10.9052 -0.803487 -0.587284 0.0974975 10.0505 -0.090818 0.282775 0.954877 -1.80797
-0.557747 0.784575 -0.270851 -11.9665 -0.82993 -0.522604 0.195195 8.63989 0.0115967 0.333657 0.942623 -1.89746
-0.433947 0.853801 -0.287599 -12.8321 -0.900492 -0.400992 0.168284 7.22153 0.028356 0.332007 0.942851 -2.00137
-0.270857 0.913545 -0.303435 -13.3675 -0.962569 -0.253799 0.0951168 5.80429 0.00988191 0.31784 0.948093 -1.86708
-0.0599419 0.93944 -0.337431 -13.7722 -0.998197 -0.0553077 0.0233397 4.14922 0.00326366 0.338222 0.941061 -1.84889
-0.0488088 0.939832 -0.338131 -13.9221 -0.997681 -0.0297976 0.061192 2.40443 0.0474348 0.340334 0.939107 -1.8328
0.110355 0.937176 -0.330944 -13.8094 -0.993183 0.116563 -0.00109503 0.922662 0.0375496 0.328808 0.94365 -1.78019
0.305978 0.90019 -0.309897 -13.7596 -0.951772 0.296933 -0.0772043 -0.824127 0.0225199 0.318574 0.94763 -1.6854
0.384834 0.877591 -0.285897 -13.1699 -0.921401 0.383422 -0.0633052 -2.3366 0.0540632 0.287788 0.956167 -1.75179
0.478585 0.836762 -0.266055 -12.5193 -0.873677 0.483993 -0.0493932 -4.02647 0.0874386 0.256085 0.962691 -1.72713
0.582373 0.76779 -0.267095 -11.6592 -0.798022 0.602578 -0.00783678 -5.58579 0.154929 0.217712 0.963638 -1.54706
0.621277 0.75525 -0.208835 -10.619 -0.775685 0.630528 -0.0273409 -6.96884 0.111027 0.178976 0.977569 -1.37
0.745149 0.640544 -0.185627 -9.5943 -0.658096 0.751329 -0.0491312 -8.27663 0.107996 0.15877 0.981391 -1.03831
0.792211 0.578032 -0.195654 -8.15311 -0.593926 0.803975 -0.0295974 -9.47578 0.140193 0.139651 0.980226 -0.673522
0.864139 0.473416 -0.170709 -6.7558 -0.492939 0.864569 -0.0976347 -10.362 0.101367 0.168519 0.980472 -0.551943
0.956918 0.27352 -0.097438 -5.23451 -0.280492 0.957533 -0.0667427 -11.2347 0.0750447 0.0911979 0.993001 -0.341575
0.950635 0.27902 -0.135799 -3.66122 -0.293128 0.951046 -0.097913 -11.8375 0.101831 0.132886 0.985886 -0.184599
0.993849 0.0619358 -0.0918101 -1.93212 -0.0726106 0.990367 -0.117904 -12.1183 0.0836232 0.123845 0.988772 -0.11123
0.998039 0.0367419 -0.0506739 -0.165132 -0.044372 0.986317 -0.158777 -12.2091 0.0441468 0.160714 0.986013 -0.0243355
0.991277 -0.127834 0.0320671 1.7481 0.131607 0.973096 -0.189112 -12.0011 -0.00702932 0.191683 0.981432 0.0372985
0.951341 -0.274526 0.139947 3.455 0.287501 0.954215 -0.0825666 -11.7732 -0.110873 0.118784 0.986711 0.0258251
0.892832 -0.386768 0.230786 5.17467 0.426199 0.891203 -0.155276 -11.0708 -0.145621 0.236996 0.960535 -0.188435
0.854744 -0.471998 0.215942 6.7792 0.501053 0.858914 -0.105888 -10.3217 -0.135497 0.198705 0.970648 -0.615895
0.790871 -0.541935 0.284305 8.39876 0.584923 0.805996 -0.090751 -9.34184 -0.179968 0.238069 0.954429 -0.751894
0.689419 -0.684009 0.238397 9.55895 0.71012 0.703155 -0.0360963 -8.29112 -0.14294 0.194176 0.970497 -1.05565
0.632916 -0.733268 0.248466 10.9032 0.767555 0.636297 -0.0773643 -6.93943 -0.101369 0.239676 0.965546 -1.25565
0.500306 -0.82268 0.269984 12.0996 0.855036 0.51855 -0.00436649 -5.40558 -0.136408 0.23303 0.962855 -1.46989
0.38079 -0.873054 0.304591 12.842 0.91581 0.401565 0.00609348 -3.90292 -0.127633 0.276628 0.952464 -1.8348
0.248019 -0.927967 0.278142 13.4288 0.965477 0.260374 0.00777261 -2.21759 -0.0796337 0.266612 0.960508 -2.02181
0.112052 -0.968007 0.224517 13.9181 0.987474 0.133728 0.0837395 -0.480102 -0.111084 0.212321 0.970866 -2.27229
-0.0541366 -0.963425 0.262453 14.1969 0.989658 -0.0168033 0.142456 1.26457 -0.132836 0.267451 0.954371 -2.49983
-0.190076 -0.945002 0.266162 14.1266 0.973262 -0.14576 0.177525 3.09928 -0.128965 0.292789 0.94744 -2.62433
-0.278153 -0.92137 0.271491 13.7129 0.941534 -0.20559 0.266919 5.0107 -0.190115 0.329863 0.924687 -2.98583
-0.340907 -0.881318 0.327202 13.2333 0.920432 -0.242092 0.306913 6.67163 -0.191275 0.405796 0.893724 -3.2729
-0.476102 -0.840202 0.25959 12.4599 0.871962 -0.412758 0.263273 8.38932 -0.114055 0.351698 0.929139 -3.6199
-0.590665 -0.769169 0.243914 11.5117 0.791771 -0.494174 0.359013 9.91132 -0.155606 0.405181 0.900897 -3.9166
-0.664504 -0.709131 0.235727 10.2939 0.741481 -0.586441 0.326027 11.3094 -0.092956 0.391433 0.915499 -4.20706
-0.757132 -0.62783 0.180504 8.85627 0.649941 -0.696129 0.304927 12.7871 -0.0657883 0.348187 0.935114 -4.34851
-0.844449 -0.459691 0.274938 7.67922 0.531198 -0.784658 0.319594 13.9233 0.0688177 0.415927 0.90679 -4.47264
-0.856678 -0.442316 0.265442 6.04812 0.510036 -0.803327 0.307457 14.9125 0.0772432 0.398777 0.913789 -4.31889
-0.891667 -0.382437 0.242222 4.18416 0.443351 -0.845874 0.29654 15.8865 0.0914818 0.371805 0.923792 -4.14592
-0.937822 -0.292279 0.187252 2.53429 0.338131 -0.891173 0.302454 16.5757 0.078473 0.346964 0.93459 -3.9101
-0.982181 -0.123108 0.142005 0.664222 0.165143 -0.926026 0.339416 17.0239 0.0897155 0.356819 0.929855 -3.62917
-0.989523 0.0291938 0.141393 -1.30748 0.033803 -0.905275 0.42348 17.127 0.140363 0.423823 0.894803 -3.33533
-0.974971 0.190862 0.114029 -3.10256 -0.118973 -0.881147 0.45763 17.1643 0.18782 0.43261 0.881801 -3.30484
-0.970385 0.232602 0.0651885 -5.02616 -0.170864 -0.851673 0.495438 16.9723 0.170759 0.469627 0.866194 -2.93113
-0.918004 0.372635 -0.13569 -6.93773 -0.388774 -0.778118 0.493343 16.5887 0.0782541 0.505644 0.859186 -2.57153
-0.841548 0.43609 -0.318783 -8.74801 -0.534368 -0.758423 0.373157 15.7261 -0.0790421 0.484377 0.871282 -2.39356
-0.755893 0.544991 -0.362781 -10.3248 -0.651243 -0.682742 0.331279 14.5694 -0.0671423 0.48667 0.871002 -2.58378
-0.668603 0.654033 -0.353852 -11.8136 -0.740742 -0.627597 0.23963 13.1534 -0.0653509 0.42233 0.904083 -2.75014
-0.579935 0.757582 -0.299575 -13.1333 -0.813584 -0.557501 0.165147 11.8278 -0.0419012 0.339504 0.939671 -2.94022
-0.521793 0.783762 -0.336821 -14.4905 -0.8528 -0.489212 0.182765 10.1183 -0.0215324 0.382607 0.92366 -3.02527
-0.387053 0.853758 -0.348263 -15.4472 -0.921876 -0.350818 0.164534 8.46619 0.0182948 0.384739 0.922844 -2.97372
-0.23654 0.905787 -0.351565 -16.0818 -0.971614 -0.219012 0.089449 6.63233 0.00402495 0.362744 0.93188 -2.99016
-0.100163 0.915968 -0.388547 -16.6 -0.994758 -0.0841053 0.0581663 4.46114 0.0205996 0.392337 0.919591 -2.99855
-0.0371462 0.928418 -0.369675 -16.7369 -0.99862 -0.0207447 0.0482454 2.43665 0.0371231 0.370957 0.927908 -2.88727
0.0994418 0.922996 -0.371739 -16.6095 -0.992141 0.120488 0.0337594 0.426913 0.0759499 0.36546 0.927723 -2.76102
0.230048 0.90922 -0.346983 -16.3805 -0.971674 0.234417 -0.0299587 -1.70955 0.0540995 0.344047 0.937393 -2.7313
0.350556 0.877565 -0.327094 -15.9421 -0.932949 0.357782 -0.0399706 -3.48709 0.0819516 0.319174 0.944146 -2.71798
0.455609 0.829742 -0.322412 -14.9738 -0.885321 0.460148 -0.0668603 -5.54089 0.0928804 0.3159 0.944235 -2.4872
0.525877 0.79381 -0.305481 -14.164 -0.83921 0.542719 -0.0343913 -7.25881 0.13849 0.274449 0.951577 -2.33163
0.667996 0.685101 -0.290547 -12.9805 -0.726675 0.684675 -0.0562543 -8.88515 0.16039 0.248711 0.955206 -2.1304
0.747598 0.588132 -0.308541 -11.5796 -0.629111 0.776003 -0.0451479 -10.3997 0.212876 0.227859 0.950139 -1.72044
0.819973 0.507245 -0.265231 -9.98416 -0.548933 0.828164 -0.113212 -11.8353 0.162228 0.238425 0.957515 -1.20874
0.870821 0.457777 -0.179194 -8.29586 -0.481653 0.867455 -0.124631 -13.0234 0.0983898 0.194841 0.975888 -1.13085
0.930561 0.340111 -0.135574 -6.29467 -0.358956 0.920439 -0.154738 -14.1252 0.0721593 0.192658 0.978609 -1.08421
0.958329 0.253263 -0.132148 -4.34145 -0.275975 0.940271 -0.199318 -14.667 0.0737754 0.227482 0.970984 -0.845931
0.986717 0.138224 -0.0853403 -2.24172 -0.159204 0.927269 -0.338861 -15.1896 0.0322947 0.347946 0.936958 -0.557658
0.999654 -0.0243759 0.00985281 -0.149655 0.0259781 0.973469 -0.227341 -15.3384 -0.00404976 0.227518 0.973765 -0.570743
0.977192 -0.202039 0.0653917 2.0542 0.212279 0.93777 -0.274817 -15.0521 -0.00579852 0.28243 0.95927 -0.546472
0.942598 -0.29202 0.161967 4.28576 0.322986 0.920439 -0.220163 -14.6273 -0.0847887 0.259839 0.961922 -0.66601
0.905561 -0.377099 0.194309 6.38665 0.411098 0.893115 -0.182605 -13.8426 -0.10468 0.24524 0.963794 -0.966619
0.859242 -0.476819 0.185328 8.30233 0.5006 0.858321 -0.112627 -12.8586 -0.105368 0.189549 0.976201 -1.2397
0.79364 -0.561159 0.235022 10.0302 0.59995 0.785992 -0.149253 -11.708 -0.100971 0.259455 0.960462 -1.61948
0.719565 -0.650999 0.241716 11.6388 0.676795 0.735376 -0.0342106 -10.4185 -0.155481 0.188209 0.969744 -1.75855
0.576591 -0.762636 0.293135 13.1838 0.811282 0.576909 -0.0948583 -9.01233 -0.0967702 0.29251 0.951354 -1.97943
0.496396 -0.79642 0.345408 14.491 0.859053 0.507949 -0.0633727 -6.99182 -0.124979 0.328182 0.93631 -2.29974
0.390616 -0.843582 0.368494 15.6145 0.912218 0.40846 -0.0319071 -5.0389 -0.123599 0.34861 0.929082 -2.70289
0.308826 -0.895435 0.32066 16.2691 0.946777 0.321595 -0.0137917 -2.98304 -0.0907731 0.307853 0.947094 -2.90346
0.17204 -0.906036 0.386653 16.8447 0.981694 0.190249 0.00900621 -0.849453 -0.0817204 0.378025 0.922182 -3.0492
0.00850354 -0.951949 0.306137 17.1374 0.990856 0.0492466 0.125612 1.22904 -0.134653 0.30227 0.943664 -3.31316
-0.12495 -0.941967 0.311587 17.0277 0.979991 -0.0681319 0.187015 3.46252 -0.154933 0.32872 0.931632 -3.57249
-0.247275 -0.930552 0.270051 16.5778 0.93831 -0.160441 0.306321 5.46621 -0.24172 0.329137 0.91282 -4.01239
-0.441157 -0.823029 0.357776 15.9828 0.8864 -0.3373 0.317053 7.45653 -0.140266 0.457003 0.878336 -4.49396
-0.499462 -0.807732 0.31322 14.9852 0.85849 -0.412914 0.304133 9.47017 -0.116325 0.420799 0.899665 -4.94897
-0.623766 -0.7144 0.317093 13.7618 0.77602 -0.517615 0.360371 11.2987 -0.093317 0.470858 0.87726 -5.30582
-0.708974 -0.616529 0.342414 12.485 0.705224 -0.617197 0.348893 13.0542 -0.00376567 0.488835 0.872368 -5.49235
-0.724743 -0.616622 0.307448 10.8782 0.686769 -0.610439 0.394605 14.7657 -0.0556442 0.497133 0.865888 -5.46325
-0.780378 -0.561781 0.274612 9.06979 0.624872 -0.684213 0.376016 16.175 -0.0233462 0.465032 0.884986 -5.64006
-0.878999 -0.416893 0.231432 7.35341 0.474781 -0.810107 0.343962 17.4261 0.0440896 0.412221 0.910016 -5.58296
-0.928801 -0.327219 0.173944 5.29479 0.367379 -0.874591 0.316421 18.4351 0.0485912 0.357796 0.932535 -5.29076
-0.971037 -0.208132 0.117338 3.25658 0.235284 -0.918425 0.318022 19.3213 0.0415758 0.336419 0.940794 -5.17398
-0.99001 -0.0888238 0.109498 1.06322 0.121351 -0.932203 0.340985 19.847 0.071787 0.350866 0.93367 -4.94789
-0.998153 0.0266644 0.0545773 -1.39376 -0.00240609 -0.915151 0.403103 19.9159 0.060695 0.402228 0.913526 -4.84421
-0.989445 0.140651 0.0348673 -3.5917 -0.10915 -0.881654 0.4591 19.79 0.0953137 0.450449 0.8877 -4.60401
-0.976833 0.211174 -0.034685 -6.01502 -0.202258 -0.858057 0.472048 19.5589 0.0699225 0.468128 0.88089 -4.45305
-0.916363 0.379385 -0.127856 -8.00634 -0.393491 -0.794637 0.462295 19.0064 0.0737888 0.47394 0.87746 -4.25669
-0.86071 0.473043 -0.18817 -10.0923 -0.506785 -0.760955 0.405113 17.894 0.0484471 0.444046 0.894693 -4.1102
-0.793143 0.53724 -0.286875 -12.1338 -0.60755 -0.730817 0.31111 16.6106 -0.0425122 0.421046 0.906043 -4.0348
-0.691259 0.628467 -0.356637 -13.8731 -0.714349 -0.668732 0.20616 15.1772 -0.10893 0.397273 0.911213 -4.1573
-0.613884 0.711017 -0.34293 -15.4658 -0.788217 -0.575837 0.217083 13.4608 -0.0431225 0.403567 0.913933 -4.17144
-0.498387 0.78164 -0.375033 -16.9041 -0.86695 -0.447909 0.218576 11.5178 0.00286661 0.43407 0.900875 -4.34719
-0.341742 0.805926 -0.483422 -18.1416 -0.939515 -0.305507 0.154845 9.48777 -0.0228953 0.507099 0.861584 -4.17291
-0.217151 0.835274 -0.505137 -18.7701 -0.97606 -0.179265 0.123169 7.21693 0.0123265 0.51979 0.854205 -4.24617
-0.132961 0.884145 -0.447895 -19.2148 -0.990151 -0.098501 0.0994936 4.8516 0.0438486 0.456712 0.888533 -4.3404
-0.0305672 0.885378 -0.463866 -19.4364 -0.993829 0.0225864 0.108601 2.45655 0.10663 0.464323 0.879224 -4.23698
0.0939682 0.898851 -0.428062 -19.4098 -0.991394 0.123849 0.0424286 0.0516611 0.0911519 0.420391 0.902753 -4.04685
0.229091 0.882802 -0.410094 -19.0773 -0.965766 0.258815 0.0176397 -2.35374 0.121711 0.392014 0.911873 -4.00216
0.362796 0.832005 -0.419697 -18.5088 -0.913091 0.407348 0.0182264 -4.58963 0.186127 0.376609 0.907481 -3.80215
0.402593 0.831791 -0.382155 -17.4667 -0.901927 0.431764 -0.0103933 -6.87315 0.156356 0.34886 0.92404 -3.5288
0.557989 0.742575 -0.370446 -16.5246 -0.808709 0.586703 -0.042056 -8.95848 0.186112 0.32305 0.927901 -3.25668
0.642605 0.69473 -0.323124 -15.0673 -0.754628 0.646877 -0.109937 -11.0156 0.132645 0.314485 0.939949 -2.78661
0.729144 0.605748 -0.318463 -13.4361 -0.663378 0.739946 -0.111399 -12.8045 0.168165 0.292487 0.941367 -2.51406
0.814023 0.51327 -0.271885 -11.5979 -0.562471 0.813362 -0.148557 -14.4773 0.144891 0.273856 0.950794 -2.06719
0.88461 0.414373 -0.213916 -9.5705 -0.451913 0.874929 -0.173993 -15.7107 0.115063 0.250587 0.961232 -1.94978
0.94226 0.278536 -0.185916 -7.32001 -0.316978 0.920912 -0.226817 -16.7497 0.108036 0.272652 0.956028 -1.69659
0.962896 0.238581 -0.126135 -4.96403 -0.263032 0.934236 -0.240867 -17.4568 0.0603741 0.265107 0.962327 -1.57883
0.996854 0.071244 -0.0347244 -2.53868 -0.0790345 0.926302 -0.3684 -18.1296 0.00591904 0.369985 0.929019 -1.46615
0.998513 -0.0509482 0.0193685 -0.138939 0.0545053 0.934546 -0.351643 -18.241 -0.000185165 0.352176 0.935934 -1.36518
0.98545 -0.150355 0.0792612 2.57857 0.167646 0.936638 -0.307579 -17.9736 -0.0279931 0.316392 0.948216 -1.5403
0.974017 -0.196579 0.112458 5.02036 0.221453 0.930677 -0.291202 -17.4087 -0.0474179 0.30854 0.950029 -1.58573
0.917962 -0.366833 0.15093 7.51578 0.392062 0.896881 -0.204676 -16.676 -0.0602844 0.247059 0.967124 -1.78599
0.838943 -0.494981 0.226203 9.70744 0.538854 0.813735 -0.217879 -15.5766 -0.0762235 0.304679 0.9494 -1.96556
0.771094 -0.588032 0.244196 11.6829 0.63276 0.750411 -0.191043 -14.1553 -0.070908 0.30183 0.950721 -2.34623
0.713796 -0.62832 0.30937 13.7078 0.693657 0.695198 -0.18852 -12.552 -0.0966223 0.349161 0.932068 -2.54049
0.587641 -0.719613 0.369912 15.5127 0.803402 0.573205 -0.161189 -10.7634 -0.0960411 0.391909 0.914977 -2.97649
0.515309 -0.761097 0.393939 16.9153 0.84424 0.529866 -0.0806329 -8.60007 -0.147366 0.37413 0.915593 -3.27722
0.423034 -0.78865 0.446177 18.0787 0.895323 0.439576 -0.0719021 -6.29614 -0.139423 0.42989 0.892052 -3.78111
0.306028 -0.845858 0.436887 19.0029 0.951408 0.288213 -0.108427 -3.86533 -0.0342028 0.44884 0.892957 -4.10787
0.186886 -0.87358 0.449368 19.6229 0.980022 0.197473 -0.0236881 -1.35288 -0.0680444 0.444817 0.893033 -4.17265
0.0126032 -0.88864 0.458433 20.1788 0.996391 0.0496486 0.0688476 1.10478 -0.0839413 0.455911 0.886058 -4.39107
-0.227946 -0.855424 0.465071 20.0096 0.953539 -0.0994869 0.284369 3.5642 -0.196987 0.508284 0.838358 -4.64002
-0.368338 -0.844355 0.38909 19.3596 0.891768 -0.202568 0.404618 5.96173 -0.262824 0.496014 0.827583 -5.20294
-0.362236 -0.807939 0.46478 18.2572 0.910234 -0.199284 0.362989 8.37914 -0.20065 0.554546 0.807601 -5.91076
-0.516708 -0.747932 0.416666 17.3271 0.842478 -0.357515 0.403005 10.7259 -0.152457 0.559268 0.814847 -6.34113
-0.577479 -0.711016 0.401216 15.9288 0.809778 -0.43636 0.392236 12.8331 -0.103811 0.551404 0.827754 -6.83293
-0.724071 -0.569435 0.389184 14.4308 0.68967 -0.604869 0.398106 14.8996 0.00870995 0.556666 0.830691 -7.04966
-0.738645 -0.560008 0.375227 12.6326 0.671579 -0.659393 0.337909 16.6815 0.0581906 0.501589 0.863147 -7.00507
-0.815203 -0.455157 0.358157 10.717 0.568903 -0.745233 0.347816 18.3978 0.1086 0.487298 0.866457 -7.03602
-0.865991 -0.382194 0.322469 8.51364 0.483227 -0.805499 0.343019 19.8158 0.128649 0.452878 0.882242 -6.76447
-0.913223 -0.336024 0.230458 6.21573 0.390752 -0.882539 0.261606 21.1461 0.115483 0.328957 0.937257 -6.47367
-0.967929 -0.236927 0.0835421 3.8814 0.251036 -0.925038 0.285107 22.0961 0.00973016 0.296935 0.954848 -6.2383
-0.996422 -0.0704176 0.0467431 1.26727 0.0827376 -0.925634 0.369265 22.6057 0.0172642 0.371812 0.928148 -6.08909
-0.999047 0.0435057 0.00347912 -1.46717 -0.0382937 -0.912019 0.408357 22.7066 0.0209389 0.407834 0.912816 -6.12781
-0.994303 0.106543 -0.00324085 -4.1911 -0.0963652 -0.885494 0.454547 22.4602 0.045559 0.45227 0.890717 -6.11119
-0.977371 0.194964 -0.0820648 -6.70258 -0.210185 -0.85138 0.480598 22.1323 0.0238308 0.486971 0.873093 -5.89663
-0.939814 0.311733 -0.139899 -9.28501 -0.339082 -0.800442 0.494283 21.3457 0.0421034 0.511971 0.85797 -5.77954
-0.887154 0.407282 -0.216977 -11.5568 -0.460739 -0.755212 0.466234 20.2277 0.0260244 0.513591 0.85764 -5.60128
-0.807088 0.503615 -0.308191 -13.8216 -0.59041 -0.683931 0.42855 18.8807 0.00504312 0.527836 0.849331 -5.47116
-0.685349 0.597394 -0.416434 -15.8529 -0.727135 -0.59253 0.346675 17.1635 -0.0396486 0.540397 0.840476 -5.39519
-0.567131 0.71402 -0.410534 -17.6621 -0.822783 -0.513727 0.243131 15.1204 -0.0373021 0.475667 0.878834 -5.63787
-0.445368 0.79403 -0.413719 -19.1688 -0.895323 -0.391529 0.212372 12.8424 0.00664708 0.464996 0.885288 -5.73633
-0.375614 0.795832 -0.474938 -20.3232 -0.92638 -0.337378 0.167319 10.3947 -0.0270757 0.50282 0.863967 -5.73232
-0.209362 0.830423 -0.5163 -21.221 -0.977811 -0.181721 0.104225 7.83211 -0.00727141 0.526665 0.850042 -5.82906
-0.156968 0.859431 -0.486559 -21.7526 -0.985804 -0.106616 0.129709 4.9734 0.0596014 0.500011 0.863965 -5.78932
-0.0323179 0.875344 -0.48242 -22.0864 -0.997957 -0.0016442 0.063871 2.3329 0.0551159 0.483498 0.873608 -5.657
0.0772968 0.878948 -0.470612 -22.0416 -0.99566 0.0925909 0.00939466 -0.295231 0.0518318 0.467843 0.88229 -5.47043
0.232098 0.8543 -0.465082 -21.7014 -0.966951 0.254518 -0.0150344 -3.13061 0.105528 0.453201 0.88514 -5.23017
0.263042 0.830289 -0.491354 -21.0073 -0.95355 0.301232 -0.00145301 -5.85449 0.146805 0.468913 0.870959 -4.96946
0.375485 0.797091 -0.472925 -20.1 -0.905705 0.423884 -0.00466213 -8.34507 0.196749 0.430081 0.881091 -4.6708
0.518067 0.711808 -0.474273 -18.8859 -0.829908 0.552519 -0.0772997 -10.7166 0.207022 0.43365 0.876978 -4.24694
0.658665 0.637626 -0.39949 -17.3422 -0.747374 0.615891 -0.249219 -12.9194 0.0871337 0.462721 0.882212 -3.68706
0.683204 0.634045 -0.362243 -15.2844 -0.722801 0.65775 -0.211952 -14.9964 0.103878 0.406636 0.907665 -3.56858
0.802385 0.495522 -0.33262 -13.2037 -0.581642 0.774122 -0.249854 -16.9066 0.133681 0.393945 0.909361 -3.06709
0.893465 0.398406 -0.207348 -10.8516 -0.444137 0.852405 -0.27595 -18.3628 0.066804 0.338643 0.938541 -2.77019
0.941194 0.299097 -0.157149 -8.31605 -0.336139 0.87592 -0.346084 -19.502 0.0341378 0.378556 0.924949 -2.71409
0.979824 0.179895 -0.0870754 -5.65728 -0.19896 0.919282 -0.33961 -20.3391 0.0189527 0.350083 0.936527 -2.61099
0.993772 0.111129 -0.00818659 -2.667 -0.106214 0.922476 -0.371157 -20.8125 -0.0336945 0.369715 0.928534 -2.46459
0.99756 -0.0616789 0.0327015 0.0859544 0.0695823 0.916391 -0.394191 -21.001 -0.00565413 0.395504 0.918447 -2.55451
0.9862 -0.155566 0.0566417 2.9693 0.165543 0.92225 -0.349357 -20.76 0.00211015 0.353912 0.935276 -2.61474
0.96625 -0.232473 0.11098 5.84814 0.254824 0.925705 -0.279526 -20.3005 -0.0377526 0.298372 0.953703 -2.5969
0.912932 -0.355631 0.200202 8.54643 0.399441 0.879213 -0.259674 -19.4621 -0.0836726 0.317034 0.944716 -2.6663
0.821808 -0.443583 0.357583 11.1379 0.540261 0.806015 -0.24178 -18.1848 -0.180967 0.391885 0.902041 -2.72837
0.769787 -0.52546 0.362381 13.4994 0.618678 0.753909 -0.221041 -16.4015 -0.157054 0.394351 0.90544 -3.45692
0.686481 -0.587435 0.42856 15.6739 0.720913 0.626844 -0.295553 -14.6709 -0.0950227 0.511846 0.853806 -3.78099
0.632934 -0.652448 0.416782 17.6073 0.767878 0.597723 -0.230414 -12.5614 -0.0987871 0.465874 0.879319 -4.19151
0.474925 -0.77388 0.418995 19.2746 0.874521 0.468202 -0.126493 -10.1209 -0.0982838 0.426495 0.899134 -4.6765
0.428697 -0.765089 0.480477 20.5483 0.89566 0.429596 -0.115067 -7.49213 -0.118374 0.479673 0.869426 -5.02618
0.282579 -0.836188 0.47004 21.5194 0.9547 0.2928 -0.0530639 -4.78818 -0.0932566 0.463742 0.881048 -5.39046
0.143606 -0.843536 0.517517 22.4195 0.985462 0.169862 0.00341237 -2.04294 -0.0907848 0.509503 0.855666 -5.62849
-0.00218479 -0.844949 0.534843 22.764 0.990422 0.0720118 0.117811 0.890505 -0.138059 0.529977 0.836698 -5.85076
-0.16097 -0.855624 0.491931 22.5601 0.956731 -0.0128636 0.290689 3.80528 -0.242393 0.517438 0.820673 -6.24531
-0.347801 -0.79114 0.503122 22.0189 0.916611 -0.174095 0.359882 6.36913 -0.197126 0.586335 0.785718 -6.98336
-0.408052 -0.743434 0.529905 20.9156 0.904034 -0.248075 0.34811 9.04878 -0.127341 0.621099 0.773317 -7.74101
-0.475246 -0.752889 0.455302 19.4927 0.867547 -0.314732 0.385106 11.6889 -0.146644 0.578016 0.802741 -8.15036
-0.576106 -0.67307 0.463766 18.0629 0.811953 -0.406007 0.419393 14.211 -0.0939891 0.618171 0.780404 -8.59197
-0.672145 -0.570714 0.471705 16.2114 0.740113 -0.49957 0.45018 16.6107 -0.021274 0.651702 0.758177 -8.67925
-0.723108 -0.528171 0.445142 14.258 0.687562 -0.61209 0.390647 18.7811 0.0661386 0.588542 0.805757 -8.79826
-0.794355 -0.46851 0.38665 12.2042 0.603397 -0.682014 0.413243 20.594 0.0700919 0.561565 0.824458 -8.43687
-0.837424 -0.378783 0.394009 9.7437 0.526544 -0.752398 0.395789 22.3291 0.146534 0.538907 0.829523 -8.19205
-0.880376 -0.303605 0.364366 7.1815 0.435007 -0.822996 0.365303 23.8315 0.188964 0.480105 0.856616 -7.60576
-0.97807 -0.178252 0.107729 4.505 0.205342 -0.911812 0.355575 24.8894 0.034846 0.369899 0.928418 -7.27832
-0.998892 -0.0418747 0.0214776 1.43566 0.0470414 -0.875104 0.481643 25.4291 -0.00137348 0.482119 0.876105 -7.27207
-0.999721 0.00967588 -0.0215471 -1.5776 -0.0184716 -0.888811 0.457901 25.4355 -0.0147207 0.458172 0.888742 -7.36396
-0.991376 0.121467 -0.0491966 -4.41474 -0.130319 -0.874111 0.467918 25.2401 0.0138332 0.470293 0.882402 -7.48449
-0.953158 0.278992 -0.116849 -7.38556 -0.299889 -0.821255 0.485393 24.7714 0.0394577 0.497698 0.866452 -7.48459
-0.901061 0.392685 -0.184085 -10.1644 -0.431068 -0.764311 0.479593 23.7934 0.0476307 0.511495 0.857965 -7.34364
-0.846834 0.475198 -0.238872 -12.8706 -0.530273 -0.719717 0.448126 22.6345 0.0410283 0.506156 0.861465 -7.24538
-0.764413 0.544639 -0.345023 -15.4241 -0.644345 -0.626962 0.437879 21.0084 0.0221694 0.557034 0.830194 -7.13798
-0.654116 0.601742 -0.458299 -17.7465 -0.755679 -0.546224 0.36137 18.9829 -0.0328828 0.582705 0.812018 -7.12206
-0.575214 0.661977 -0.480536 -19.7563 -0.817644 -0.482696 0.313789 16.6523 -0.0242315 0.573403 0.818915 -7.14859
-0.454336 0.726007 -0.516228 -21.4702 -0.890722 -0.379255 0.250558 14.0903 -0.0138751 0.573654 0.81898 -7.25779
-0.392292 0.771063 -0.501566 -22.7642 -0.919351 -0.310882 0.241134 11.3471 0.0300022 0.55571 0.830835 -7.33336
-0.216714 0.792097 -0.570629 -23.7576 -0.975631 -0.155172 0.155131 8.4605 0.0343331 0.590342 0.806423 -7.43695
-0.148088 0.845891 -0.512385 -24.2497 -0.988174 -0.105728 0.111055 5.34892 0.0397669 0.522771 0.851545 -7.34945
-0.0515078 0.846793 -0.529423 -24.633 -0.998348 -0.0301456 0.048913 2.27919 0.0254594 0.531068 0.846947 -7.27737
0.0728786 0.818532 -0.569819 -24.7521 -0.991095 0.12328 0.05033 -0.691768 0.111444 0.561077 0.820228 -7.19156
0.205775 0.804045 -0.557825 -24.3007 -0.967241 0.253705 0.00888465 -3.79297 0.148667 0.537723 0.829911 -6.80062
0.324726 0.783254 -0.530157 -23.591 -0.935118 0.349916 -0.0558024 -6.70906 0.141803 0.51388 0.846061 -6.51753
0.396463 0.749269 -0.530484 -22.4504 -0.896933 0.439356 -0.049775 -9.68784 0.195776 0.495542 0.846233 -6.13215
0.52105 0.682842 -0.512088 -20.9865 -0.833974 0.534986 -0.135194 -12.3918 0.181644 0.497511 0.848227 -5.67591
0.640009 0.629595 -0.440453 -19.2335 -0.760097 0.602655 -0.243023 -14.786 0.112435 0.490323 0.864258 -5.20087
0.698638 0.591327 -0.402787 -17.0233 -0.708457 0.650404 -0.273976 -17.0801 0.0999652 0.476767 0.873327 -4.79101
0.800139 0.453965 -0.392037 -14.6327 -0.584332 0.737488 -0.338625 -19.3271 0.135398 0.500027 0.85536 -4.41549
0.895041 0.366061 -0.254757 -12.0798 -0.442595 0.799342 -0.406401 -20.9574 0.0548704 0.4765 0.877461 -4.01252
0.947775 0.292292 -0.127625 -9.23983 -0.318865 0.8597 -0.399049 -22.1271 -0.00691961 0.418904 0.908004 -3.96416
0.98082 0.17017 -0.0950488 -6.12157 -0.193811 0.903294 -0.382749 -23.1374 0.0207245 0.393829 0.91895 -3.89982
0.995227 0.0580548 -0.078443 -3.00323 -0.0840009 0.91876 -0.385778 -23.6314 0.0496739 0.390526 0.919251 -3.7309
0.999502 0.0136453 -0.0284362 0.257829 -0.0239851 0.914303 -0.40432 -23.7658 0.0204822 0.404801 0.914176 -3.65341
0.985135 -0.167729 0.0371038 3.43921 0.166924 0.883648 -0.437381 -23.713 0.0405749 0.437073 0.89851 -3.69359
0.973557 -0.203163 0.104457 6.59937 0.227644 0.901014 -0.369258 -23.1443 -0.0190979 0.383272 0.923438 -3.74303
0.902593 -0.369706 0.220552 9.55653 0.42777 0.827784 -0.363025 -22.1819 -0.0483568 0.422009 0.905301 -3.89043
0.805996 -0.468091 0.3623 12.4513 0.578788 0.751456 -0.316729 -20.7617 -0.123994 0.464977 0.876597 -4.11374
0.786734 -0.505522 0.354256 15.0064 0.610091 0.724171 -0.321506 -18.8032 -0.094014 0.469068 0.878144 -4.65451
0.68872 -0.594176 0.415474 17.3932 0.718992 0.63351 -0.285861 -16.6935 -0.0933554 0.495601 0.863519 -5.19722
0.591379 -0.636638 0.494937 19.6077 0.787909 0.586846 -0.186579 -14.3076 -0.171669 0.500304 0.848661 -5.67968
0.460118 -0.718707 0.521299 21.5732 0.882202 0.436255 -0.177205 -11.6284 -0.100061 0.541426 0.834773 -6.21339
0.412574 -0.742958 0.527064 22.9074 0.895893 0.435625 -0.0872218 -8.70373 -0.1648 0.508178 0.845338 -6.48014
0.303525 -0.7664 0.56613 24.1513 0.947146 0.307448 -0.0915954 -5.73317 -0.103856 0.564009 0.819211 -6.93304
0.146387 -0.771662 0.618957 24.8517 0.985986 0.16443 -0.0281937 -2.71565 -0.0800193 0.61441 0.784918 -7.18089
0.0226005 -0.74019 0.672017 25.2875 0.994651 0.0844164 0.0595291 0.571457 -0.100792 0.667077 0.738139 -7.50134
-0.211866 -0.736152 0.642801 25.2117 0.941626 0.0223201 0.335919 3.87152 -0.261635 0.676448 0.688452 -8.00241
-0.34705 -0.740326 0.575737 24.3545 0.900579 -0.0917337 0.424904 6.84245 -0.261753 0.66596 0.698558 -8.82876
-0.417369 -0.724389 0.548693 23.1801 0.89112 -0.207936 0.403321 9.78602 -0.178069 0.657285 0.732303 -9.62326
-0.497089 -0.662572 0.560268 21.8205 0.8627 -0.308174 0.400971 12.5602 -0.0930119 0.682662 0.724791 -10.2079
-0.56843 -0.610694 0.551307 19.9988 0.822011 -0.393539 0.411612 15.3931 -0.0344083 0.687153 0.725697 -10.5139
-0.62258 -0.585159 0.519599 18.0578 0.782521 -0.459225 0.420444 18.0709 -0.00741401 0.668357 0.743804 -10.6399
-0.712684 -0.483282 0.508449 15.9395 0.696585 -0.573095 0.431662 20.5174 0.0827753 0.661816 0.745082 -10.674
-0.778058 -0.420958 0.466283 13.544 0.613064 -0.670744 0.417439 22.6169 0.137032 0.610653 0.779952 -10.2775
-0.81217 -0.339158 0.474713 10.9251 0.553146 -0.706341 0.441714 24.6203 0.185499 0.621332 0.761273 -9.92916
-0.855279 -0.269997 0.442267 8.17144 0.480908 -0.731415 0.483486 26.3605 0.192941 0.626205 0.755408 -9.19848
-0.987295 -0.129862 0.0915622 5.19002 0.157538 -0.724841 0.670661 27.7313 -0.0207252 0.676565 0.736091 -8.63776
-0.999862 -0.0135656 0.00955103 1.65638 0.016539 -0.769617 0.638291 28.172 -0.0013082 0.638361 0.769736 -8.84615
-0.996438 0.046622 -0.0702698 -1.7139 -0.0773084 -0.837896 0.540327 28.0335 -0.0336877 0.543835 0.838516 -8.87297
-0.987236 0.154426 -0.0389459 -4.96044 -0.150716 -0.826866 0.541828 27.7742 0.0514694 0.540782 0.839587 -8.96118
-0.958441 0.26423 -0.107577 -8.24412 -0.281679 -0.816653 0.503722 27.2411 0.0452457 0.51309 0.857142 -8.98679
-0.920088 0.350372 -0.175147 -11.3158 -0.388807 -0.762544 0.517066 26.1279 0.0476085 0.543844 0.837835 -8.98233
-0.863942 0.441919 -0.241476 -14.3051 -0.501745 -0.714349 0.487809 24.5808 0.0430741 0.542599 0.838887 -9.00054
-0.792854 0.496667 -0.353135 -17.1376 -0.609377 -0.652302 0.450735 22.9002 -0.00648531 0.572559 0.819838 -9.03711
-0.682337 0.579368 -0.445813 -19.6906 -0.73094 -0.530742 0.428998 20.7427 0.0119362 0.618584 0.785628 -9.08867
-0.617921 0.60801 -0.498495 -21.8661 -0.78529 -0.508429 0.353298 18.0606 -0.0386407 0.609773 0.791633 -9.12084
-0.479129 0.708683 -0.517885 -23.7809 -0.877625 -0.396539 0.269317 15.3005 -0.0145011 0.583546 0.811951 -9.21865
-0.375435 0.755208 -0.537317 -25.1089 -0.926363 -0.324523 0.191146 12.1302 -0.0300166 0.569513 0.821434 -9.22685
-0.24107 0.766922 -0.59474 -26.2174 -0.970073 -0.172069 0.171321 8.91587 0.0290539 0.618241 0.785451 -9.2562
-0.144225 0.812094 -0.565423 -26.8029 -0.987568 -0.0820228 0.134097 5.67089 0.0625217 0.577733 0.813828 -9.22587
-0.0573121 0.810508 -0.582917 -27.183 -0.997114 -0.0173489 0.0739132 2.13606 0.0497942 0.58547 0.809163 -8.88338
0.0577997 0.807466 -0.587076 -27.2007 -0.993895 0.101898 0.0422988 -1.1611 0.0939768 0.581047 0.808426 -8.81343
0.199817 0.805131 -0.558424 -26.7212 -0.972744 0.231434 -0.0143908 -4.59473 0.117652 0.546079 0.829431 -8.53937
0.319507 0.753616 -0.574438 -26.0389 -0.930242 0.3649 -0.0386894 -7.79985 0.180456 0.546728 0.817633 -8.3125
0.446665 0.712385 -0.541293 -24.6955 -0.874237 0.476169 -0.0947269 -11.0414 0.190265 0.515529 0.835481 -7.79998
0.550722 0.64599 -0.528585 -23.1594 -0.813584 0.556948 -0.167004 -14.0396 0.186512 0.522021 0.83229 -7.26008
0.659619 0.533877 -0.529035 -21.2204 -0.722265 0.644985 -0.249657 -16.6246 0.207934 0.546782 0.811044 -6.67768
0.696701 0.571924 -0.433025 -18.7332 -0.708679 0.642363 -0.291794 -19.1433 0.111275 0.510169 0.852846 -6.27643
0.805425 0.453075 -0.382118 -16.0784 -0.583876 0.717348 -0.380133 -21.6215 0.101882 0.529278 0.842309 -5.95661
0.900265 0.307188 -0.308478 -13.2842 -0.421091 0.794273 -0.437964 -23.4533 0.110479 0.524181 0.84441 -5.65197
0.949385 0.26302 -0.171725 -10.0705 -0.312785 0.841843 -0.439847 -24.8117 0.0288766 0.471297 0.881501 -5.24111
0.970593 0.182997 -0.156402 -6.67999 -0.235596 0.855533 -0.46104 -25.8806 0.0494382 0.48433 0.873488 -5.17449
0.99461 0.070681 -0.0758678 -3.33071 -0.097887 0.881382 -0.462151 -26.5196 0.0342033 0.467086 0.88355 -4.97906
0.999902 -0.00569064 0.0127775 0.182032 0.0106262 0.903074 -0.429354 -26.5962 -0.00909572 0.429447 0.903046 -4.92643
0.987063 -0.108247 0.118276 3.78536 0.150011 0.88391 -0.442944 -26.4317 -0.056598 0.454956 0.888713 -5.03609
0.964836 -0.223524 0.138304 7.17575 0.261249 0.873492 -0.410805 -25.8183 -0.028983 0.432492 0.901172 -5.07407
0.895538 -0.373686 0.241601 10.6548 0.44199 0.809882 -0.385664 -24.6609 -0.0515503 0.452162 0.890445 -5.24976
0.828535 -0.406683 0.384889 13.7991 0.544525 0.745368 -0.384602 -23.0325 -0.130473 0.528238 0.839012 -5.47211
0.729631 -0.501545 0.464856 16.5069 0.653029 0.712767 -0.255962 -20.9838 -0.202958 0.490322 0.84758 -6.02852
0.749525 -0.50026 0.433535 19.0961 0.64467 0.700385 -0.306368 -18.5099 -0.150378 0.509118 0.847458 -6.74255
0.611196 -0.601092 0.514905 21.586 0.778985 0.571984 -0.256937 -16.1395 -0.140075 0.558143 0.817836 -7.29378
0.462432 -0.679347 0.569775 23.5838 0.876725 0.446246 -0.179491 -12.9888 -0.132323 0.582539 0.801959 -7.98163
0.422842 -0.693463 0.583364 25.0352 0.894495 0.422542 -0.146071 -9.88075 -0.1452 0.583581 0.798968 -8.33988
0.286604 -0.729199 0.621391 26.527 0.951919 0.289999 -0.0987417 -6.69109 -0.1082 0.619814 0.777253 -8.75021
0.0947179 -0.746979 0.658066 27.283 0.993488 0.112976 -0.0147555 -3.17971 -0.0633238 0.655178 0.752816 -9.30376
0.0766708 -0.723133 0.68644 27.363 0.965827 0.224825 0.128967 0.244582 -0.247589 0.653094 0.715659 -9.47075
-0.167127 -0.705061 0.689171 27.3655 0.969353 0.0101544 0.245461 3.70762 -0.180063 0.709074 0.681756 -10.3364
-0.266786 -0.697596 0.66497 26.5572 0.949469 -0.0718813 0.305518 7.11018 -0.165329 0.712877 0.681523 -10.9877
-0.398503 -0.662832 0.633915 25.3332 0.910464 -0.202482 0.360634 10.336 -0.110684 0.720871 0.684174 -11.6606
-0.521988 -0.605026 0.601226 23.6992 0.851398 -0.327047 0.410075 13.5322 -0.0514768 0.725937 0.685833 -12.1559
-0.516674 -0.617921 0.592639 21.7256 0.853232 -0.314195 0.416264 16.4814 -0.071014 0.720732 0.689567 -12.5912
-0.578653 -0.581692 0.57166 19.7414 0.814908 -0.384062 0.434075 19.4428 -0.0329457 0.717029 0.696264 -12.7302
-0.768467 -0.381556 0.513686 17.5356 0.627919 -0.604201 0.490569 22.2427 0.12319 0.69954 0.703895 -12.806
-0.781715 -0.376719 0.496996 14.8192 0.607836 -0.638496 0.472079 24.4868 0.139489 0.671123 0.728105 -12.4004
-0.822639 -0.333355 0.460587 11.9861 0.551331 -0.66564 0.502949 26.7031 0.138924 0.667681 0.73137 -11.7878
-0.889013 -0.251897 0.382366 8.78455 0.440876 -0.696386 0.566282 28.5261 0.12363 0.672008 0.730152 -11.3156
-0.967119 -0.155927 0.200918 5.52529 0.250917 -0.7139 0.653749 29.8864 0.0414975 0.682667 0.72955 -10.85
-0.998827 -0.0366217 0.0316784 1.95482 0.0484173 -0.746403 0.66373 30.5981 -0.000662072 0.664486 0.747301 -10.8538
-0.998193 0.0594775 -0.00858795 -1.75826 -0.0518416 -0.779995 0.623635 30.5624 0.0303936 0.622953 0.781669 -10.8031
-0.983261 0.155193 -0.0954584 -5.43891 -0.181196 -0.777928 0.601661 30.2755 0.0191142 0.608887 0.793027 -10.7256
-0.955377 0.245343 -0.164506 -8.95194 -0.295019 -0.764599 0.573021 29.6913 0.0148056 0.595983 0.80286 -10.742
-0.920383 0.304615 -0.245164 -12.3996 -0.390662 -0.743143 0.543252 28.4612 -0.0167091 0.595776 0.802977 -10.6996
-0.862539 0.418705 -0.284101 -15.6406 -0.504659 -0.671149 0.543026 26.8134 0.0366932 0.611756 0.790195 -10.8038
-0.838289 0.420046 -0.347611 -18.6551 -0.545127 -0.657883 0.519641 24.6454 -0.0104141 0.625102 0.780474 -10.8524
-0.678148 0.580885 -0.450209 -21.5121 -0.733262 -0.493602 0.467636 22.4153 0.0494184 0.647248 0.760676 -10.9651
-0.597812 0.603454 -0.527697 -23.7871 -0.801382 -0.466444 0.374455 19.5923 -0.0201742 0.646741 0.762443 -10.9884
-0.404682 0.713885 -0.57149 -25.9949 -0.913675 -0.289801 0.284981 16.4479 0.0378253 0.637483 0.769536 -11.0569
-0.375254 0.720055 -0.583699 -27.2239 -0.926896 -0.286757 0.242147 12.9976 0.00697982 0.631895 0.775023 -10.9477
-0.277666 0.731559 -0.622674 -28.3826 -0.960421 -0.226379 0.16231 9.5098 -0.0222208 0.643097 0.765462 -11.0931
-0.166397 0.760094 -0.628147 -29.1397 -0.98485 -0.0965725 0.14403 5.98109 0.0488149 0.642597 0.764648 -11.0625
-0.109326 0.769354 -0.629398 -29.4552 -0.993223 -0.0594252 0.0998829 2.22075 0.0394433 0.636052 0.770637 -10.7638
0.082924 0.771692 -0.630567 -29.6356 -0.993683 0.11204 0.00643958 -1.43618 0.0756184 0.62605 0.776108 -10.6024
0.177104 0.765477 -0.618611 -29.0338 -0.979209 0.200217 -0.032589 -5.19919 0.0989105 0.611521 0.785022 -10.2617
0.290983 0.749414 -0.594733 -28.3272 -0.952528 0.285114 -0.106773 -8.85248 0.0895491 0.597569 0.796801 -9.91186
0.479919 0.651316 -0.587763 -26.9707 -0.85445 0.498957 -0.144766 -12.4841 0.19898 0.57169 0.795976 -9.62353
0.574535 0.581432 -0.576061 -25.0241 -0.78802 0.583169 -0.197326 -15.6287 0.221209 0.567319 0.793231 -8.94587
0.66071 0.549925 -0.510925 -22.7747 -0.735655 0.609706 -0.295076 -18.6186 0.149245 0.570824 0.807394 -8.36602
0.685435 0.548111 -0.479326 -20.2591 -0.720612 0.605019 -0.33863 -21.1671 0.104395 0.577517 0.809677 -7.9005
0.817721 0.386934 -0.426161 -17.5262 -0.554647 0.727663 -0.403577 -23.8332 0.153944 0.566382 0.809637 -7.6932
0.882694 0.32981 -0.334779 -14.2292 -0.459478 0.755213 -0.467476 -25.7211 0.0986515 0.566462 0.818162 -7.14516
0.916028 0.292442 -0.274537 -10.8244 -0.393075 0.79081 -0.46916 -27.3251 0.0799045 0.537677 0.839356 -6.74963
0.973625 0.135773 -0.18336 -7.28177 -0.211279 0.839879 -0.499965 -28.5055 0.0861182 0.525518 0.846413 -6.62456
0.995846 0.0489364 -0.0767842 -3.48509 -0.0808674 0.862907 -0.498851 -29.0823 0.0418457 0.502988 0.86328 -6.40013
0.999556 -0.0288635 -0.00733779 0.299568 0.0213512 0.866284 -0.499095 -29.2767 0.0207623 0.498717 0.866516 -6.28043
0.993197 -0.0571517 0.101457 4.11691 0.100715 0.858929 -0.502092 -29.0001 -0.0584486 0.508895 0.858842 -6.37847
0.950964 -0.238181 0.197324 7.90588 0.304673 0.831294 -0.464892 -28.5589 -0.0533064 0.502215 0.863098 -6.43504
0.904452 -0.348924 0.245393 11.5897 0.424723 0.790141 -0.441914 -27.2713 -0.0397012 0.503914 0.862841 -6.70876
0.843814 -0.369494 0.389167 15.072 0.517472 0.75232 -0.407722 -25.2623 -0.142127 0.545425 0.826021 -7.05236
0.745237 -0.490236 0.451985 18.1287 0.654908 0.665574 -0.357919 -23.1836 -0.125365 0.562744 0.81707 -7.66568
0.713337 -0.498999 0.492087 20.7568 0.683724 0.649671 -0.33234 -20.5829 -0.153857 0.573522 0.804612 -8.37263
