0.999934 -0.00164507 0.0113531 -0.000273175 0.00153116 0.999948 0.0100348 -0.000179336 -0.011369 -0.0100168 0.999885 -0.000787222
0.978496 -0.201936 0.0420307 0.347195 0.198621 0.977426 0.0720334 -0.0854836 -0.055628 -0.0621362 0.996516 0.0451687
0.871765 -0.485433 0.0661876 0.552008 0.47554 0.870908 0.12402 0.0183479 -0.117847 -0.0766412 0.99007 -0.0471961
0.823164 -0.56594 0.0459719 0.66645 0.553863 0.818148 0.154496 0.0050739 -0.125047 -0.101713 0.986923 -0.265937
0.725357 -0.688361 0.00413948 0.765275 0.678506 0.715961 0.164406 0.0831383 -0.116134 -0.116444 0.986384 -0.418376
0.68883 -0.724689 -0.018399 1.03092 0.720303 0.681359 0.130048 0.215645 -0.081708 -0.102834 0.991337 -0.514139
0.533644 -0.844985 -0.0349803 1.16098 0.842728 0.527838 0.10581 0.342434 -0.070944 -0.0859438 0.993771 -0.532995
0.412619 -0.908288 -0.0689812 1.43218 0.906528 0.402044 0.128712 0.442882 -0.0891742 -0.115643 0.98928 -0.634974
0.287427 -0.95756 0.0215465 1.6868 0.947973 0.28762 0.136463 0.69152 -0.136869 -0.0187976 0.990411 -0.477679
0.17234 -0.984511 0.0322051 1.87159 0.971411 0.175285 0.160114 0.910961 -0.163279 0.00369034 0.986573 -0.549044
0.0612816 -0.997733 0.0278123 2.01974 0.987026 0.0647201 0.146942 1.28414 -0.148409 0.0184466 0.988754 -0.711588
0.0584638 -0.998217 -0.0120405 2.03049 0.98701 0.055991 0.150587 1.68287 -0.149644 -0.020688 0.988523 -0.834315
-0.0132046 -0.999566 -0.0263223 2.02526 0.985229 -0.017501 0.170346 2.24373 -0.170733 -0.0236841 0.985033 -0.941858
-0.240269 -0.969617 0.0459734 2.00169 0.951677 -0.225963 0.207969 2.32574 -0.191262 0.0937203 0.977054 -0.892747
-0.413417 -0.907734 -0.0714501 1.95753 0.881884 -0.418702 0.216723 2.72649 -0.226643 0.0265863 0.973615 -0.952207
-0.533118 -0.845847 -0.0181178 1.72918 0.817634 -0.520602 0.245862 2.95826 -0.217394 0.11626 0.969136 -1.12843
-0.58803 -0.80857 -0.020867 1.67005 0.782519 -0.575234 0.238264 3.42315 -0.204656 0.123777 0.970976 -1.25168
-0.613325 -0.789564 0.0205506 1.40248 0.771751 -0.593546 0.228263 3.80944 -0.16803 0.155859 0.973383 -1.40142
-0.700519 -0.71313 0.0268074 0.96335 0.70596 -0.687003 0.172182 4.11543 -0.104372 0.139542 0.9847 -1.39459
-0.810098 -0.581423 0.0754256 0.707005 0.586178 -0.800634 0.124018 4.28914 -0.0117185 0.144679 0.989409 -1.42844
-0.871984 -0.458157 0.172439 0.429926 0.480533 -0.868326 0.12287 4.60358 0.0934397 0.190004 0.977327 -1.45484
-0.907675 -0.363191 0.210283 -0.080407 0.39829 -0.903391 0.158902 4.70543 0.132256 0.227985 0.96464 -1.22589
-0.938641 -0.269712 0.214961 -0.441233 0.296164 -0.949717 0.101607 4.97955 0.176747 0.159036 0.971323 -1.21967
-0.967197 -0.142591 0.210232 -0.788157 0.166363 -0.980979 0.100015 5.2021 0.191972 0.131709 0.972522 -1.04768
-0.974181 -0.079506 0.211306 -1.20473 0.109079 -0.985204 0.13219 5.28351 0.19767 0.151826 0.96844 -0.978483
-0.982386 0.0817866 0.168016 -1.67597 -0.0560201 -0.986677 0.152744 5.30903 0.17827 0.140642 0.973879 -0.831656
-0.970711 0.205805 0.123953 -2.05851 -0.179662 -0.964369 0.194202 5.33494 0.159504 0.166245 0.973099 -0.721263
-0.924999 0.369226 0.0897117 -2.60864 -0.349502 -0.91941 0.180369 5.3379 0.149079 0.135487 0.979499 -0.644717
-0.862493 0.497821 0.0909994 -2.97644 -0.492629 -0.867067 0.0742341 5.1264 0.115858 0.0191974 0.99308 -0.711352
-0.796067 0.603501 0.0454344 -3.24458 -0.600076 -0.796845 0.0703375 4.88378 0.0786529 0.0287293 0.996488 -0.581205
-0.657127 0.753671 -0.0128005 -3.62821 -0.750373 -0.65245 0.106065 4.638 0.0715865 0.0793033 0.994277 -0.629709
-0.575942 0.816919 -0.0305657 -3.97793 -0.814445 -0.570172 0.107623 4.33351 0.0704913 0.0868786 0.993722 -0.551736
-0.501472 0.865077 0.0129531 -4.24687 -0.860481 -0.500253 0.0965315 4.09381 0.089987 0.0372619 0.995246 -0.520819
-0.437859 0.89904 -0.00238489 -4.7085 -0.892992 -0.434603 0.116987 3.50327 0.104139 0.0533534 0.993131 -0.39755
-0.29834 0.954276 0.0187223 -4.77621 -0.940746 -0.29731 0.16311 3.00684 0.161218 0.0310492 0.98643 -0.324541
-0.151125 0.988135 0.0273748 -4.83988 -0.97862 -0.153464 0.136941 2.56566 0.139517 -0.00609429 0.990201 -0.449841
-0.0956029 0.994491 0.0429917 -4.95856 -0.991446 -0.0989877 0.0850689 1.97644 0.0888558 -0.0344911 0.995447 -0.515885
0.0231099 0.999658 0.012273 -4.9246 -0.995438 0.0218722 0.0928713 1.57631 0.092571 -0.0143632 0.995602 -0.417285
0.235414 0.971512 0.0272929 -5.01138 -0.97124 0.234131 0.0433125 1.11131 0.0356885 -0.0367043 0.998689 -0.46605
0.298714 0.953717 -0.0345467 -4.79586 -0.951966 0.300328 0.0596903 0.458248 0.067303 0.015057 0.997619 -0.334504
0.343123 0.934493 -0.0948115 -4.52966 -0.93237 0.351086 0.0861651 -0.179488 0.113808 0.0588342 0.991759 -0.328736
0.461383 0.882743 -0.0888316 -4.29416 -0.871945 0.469659 0.138317 -0.726424 0.163819 0.0136392 0.986396 -0.28739
0.61231 0.785799 -0.0871583 -3.83197 -0.767501 0.617247 0.173056 -1.28646 0.189785 -0.0390699 0.981048 -0.283684
0.666278 0.741398 -0.0800091 -3.36701 -0.716829 0.66635 0.205264 -1.59666 0.205496 -0.0794101 0.975431 -0.213898
0.805824 0.571998 -0.153188 -3.02941 -0.552956 0.819423 0.150946 -2.01182 0.211867 -0.0369299 0.976601 -0.209117
0.893658 0.433566 -0.115743 -2.77829 -0.414764 0.896493 0.155794 -2.38898 0.17131 -0.0912202 0.980985 -0.363029
0.931728 0.337601 -0.133825 -2.32026 -0.320231 0.937573 0.135682 -2.68816 0.171277 -0.0835638 0.981673 -0.21532
0.973387 0.189926 -0.128239 -1.79152 -0.16673 0.970834 0.172286 -2.98728 0.15722 -0.14632 0.976664 -0.161873
0.992146 -0.0199481 -0.123486 -1.18756 0.0442327 0.979369 0.197178 -3.10025 0.117005 -0.201092 0.972559 -0.0218284
0.989737 -0.118269 -0.0802105 -0.651303 0.127661 0.98399 0.124363 -3.11778 0.064218 -0.133326 0.988989 0.0685194
0.989434 -0.143449 -0.0210624 0.128787 0.144953 0.981863 0.122199 -3.01091 0.00315101 -0.123961 0.992282 -0.00844211
0.917126 -0.395041 0.0531184 0.826903 0.387972 0.915282 0.108341 -3.03821 -0.0914176 -0.0787544 0.992694 0.158757
0.901462 -0.42175 0.097428 1.78379 0.418157 0.906662 0.0557554 -2.71144 -0.111849 -0.00952118 0.99368 0.110709
0.851018 -0.519148 0.0790809 2.27476 0.507697 0.85186 0.128753 -2.48853 -0.134208 -0.0694217 0.988519 -0.0903615
0.783446 -0.618967 0.0556043 2.79544 0.608348 0.782123 0.134892 -2.13212 -0.126983 -0.0718539 0.989299 -0.149704
0.675898 -0.732926 0.0773392 3.31078 0.732232 0.679733 0.0424062 -1.81058 -0.0836506 0.027968 0.996103 -0.279293
0.586607 -0.809317 0.0299697 3.81746 0.808375 0.58737 0.039062 -1.28447 -0.0492169 0.00131269 0.998787 -0.442591
0.505889 -0.858393 0.0850746 4.30296 0.85993 0.509617 0.028472 -0.723787 -0.0677957 0.0587545 0.995968 -0.381953
0.39989 -0.91312 0.0793717 4.59966 0.906895 0.40673 0.110052 -0.182934 -0.132774 0.027973 0.990752 -0.47316
0.286042 -0.954058 0.0891789 4.82838 0.944287 0.296471 0.14292 0.481593 -0.162793 0.0433295 0.985708 -0.628516
0.139777 -0.983074 0.118436 5.12419 0.98084 0.153856 0.119504 1.15686 -0.135703 0.0994625 0.985744 -0.805179
0.0033813 -0.998714 0.050589 5.10697 0.991367 0.00997858 0.130733 1.63355 -0.131069 0.0497103 0.990126 -0.949023
-0.0723241 -0.99326 0.0905703 5.06977 0.985833 -0.0574129 0.157596 2.44002 -0.151334 0.100685 0.983342 -1.02527
-0.131544 -0.986112 0.101387 5.00138 0.972704 -0.108675 0.20503 3.13679 -0.191165 0.125589 0.97349 -1.22692
-0.303789 -0.949484 0.0786931 4.81464 0.9272 -0.27564 0.253618 3.77395 -0.219115 0.150011 0.964098 -1.28282
-0.331628 -0.939817 0.0822639 4.42225 0.918751 -0.301923 0.25444 4.53827 -0.21429 0.15996 0.963583 -1.49532
-0.479255 -0.873772 0.0826895 3.98124 0.855818 -0.444345 0.264827 5.07163 -0.194656 0.197687 0.960744 -1.67316
-0.652617 -0.74766 0.122863 3.74084 0.746414 -0.606528 0.273843 5.63103 -0.130222 0.270421 0.953895 -1.82259
-0.723127 -0.673113 0.154936 3.08891 0.687962 -0.681885 0.248477 6.20501 -0.0616046 0.286271 0.956166 -1.81344
-0.805887 -0.55441 0.207787 2.36557 0.590914 -0.775061 0.22383 6.66294 0.036954 0.303166 0.952221 -1.9745
-0.864157 -0.450414 0.22441 1.75898 0.49239 -0.848852 0.192361 7.05911 0.103849 0.276727 0.955321 -2.07498
-0.908704 -0.359054 0.212924 1.09151 0.394588 -0.90527 0.15744 7.45306 0.136225 0.227084 0.964301 -2.00566
-0.943761 -0.241265 0.226066 0.389995 0.281745 -0.944661 0.168035 7.8592 0.173014 0.222278 0.95951 -1.87026
-0.958866 -0.176164 0.222581 -0.5035 0.219958 -0.956762 0.190328 8.16544 0.179428 0.231458 0.956155 -1.55756
-0.960967 0.11867 0.249918 -1.09384 -0.0753413 -0.981444 0.176329 8.27516 0.266205 0.150618 0.952076 -1.47324
-0.973014 0.11271 0.201348 -1.97403 -0.0792946 -0.982773 0.166943 8.32472 0.216695 0.146472 0.965189 -1.39668
-0.963925 0.231277 0.131754 -2.76486 -0.206422 -0.962039 0.178526 8.3017 0.168042 0.144889 0.975074 -1.24314
-0.924121 0.369346 0.0978977 -3.66505 -0.354226 -0.924173 0.142927 8.08113 0.143264 0.0974036 0.98488 -0.917996
-0.882248 0.466475 0.0635624 -4.39602 -0.452806 -0.877741 0.156641 7.82022 0.12886 0.109415 0.985608 -0.795928
-0.82421 0.564987 0.0383203 -5.10929 -0.558398 -0.822122 0.110934 7.42638 0.0941801 0.0700347 0.993089 -0.843574
-0.726638 0.686903 -0.0127403 -5.82669 -0.68598 -0.724392 0.0684685 6.8113 0.0378022 0.0584914 0.997572 -0.881941
-0.635859 0.76946 -0.0601257 -6.44951 -0.770418 -0.628118 0.109194 6.12402 0.0462542 0.115754 0.9922 -0.866899
-0.486223 0.873256 -0.031798 -6.89441 -0.870409 -0.480778 0.106023 5.62674 0.0772975 0.0792282 0.993855 -0.772507
-0.33456 0.939947 -0.0675953 -7.26239 -0.939682 -0.327325 0.0992792 4.91226 0.0711915 0.0967328 0.992761 -0.613774
-0.246383 0.965976 -0.0786564 -7.60673 -0.965209 -0.237233 0.109961 3.96281 0.0875597 0.103012 0.990819 -0.578193
-0.185308 0.981143 -0.0549557 -7.88293 -0.979768 -0.180167 0.0871495 3.06837 0.0756048 0.0699934 0.994678 -0.462464
-0.0315517 0.994535 -0.0995241 -8.02679 -0.995113 -0.0219353 0.0962787 2.24616 0.0935694 0.102075 0.990366 -0.508915
0.104613 0.988463 -0.109528 -8.08217 -0.994429 0.105398 0.00138209 1.48692 0.0129102 0.108774 0.993983 -0.325788
0.254201 0.963365 -0.0854989 -7.84649 -0.967076 0.254292 -0.0100152 0.447909 0.0120934 0.0852298 0.996288 -0.487256
0.309385 0.940382 -0.141289 -7.58137 -0.950842 0.308018 -0.0319984 -0.43374 0.0134291 0.144244 0.989451 -0.396054
0.404771 0.908319 -0.105436 -7.26023 -0.912165 0.40917 0.0231327 -1.27813 0.064153 0.0868113 0.994157 -0.415831
0.571912 0.809896 -0.130327 -6.91196 -0.810303 0.582502 0.0640281 -2.17077 0.127772 0.0689859 0.989401 -0.454128
0.606565 0.767561 -0.207194 -6.26064 -0.770726 0.63165 0.0836644 -3.15097 0.195091 0.108942 0.974716 -0.44604
0.699451 0.69388 -0.171172 -5.52244 -0.680699 0.719779 0.136263 -3.78602 0.217756 0.0212068 0.975773 -0.230125
0.766279 0.630796 -0.122121 -4.81973 -0.613084 0.774717 0.15473 -4.47257 0.192213 -0.0436963 0.98038 -0.243432
0.868485 0.471617 -0.152677 -4.11217 -0.462235 0.881731 0.0942852 -5.08918 0.179086 -0.0113128 0.983768 -0.100055
0.928874 0.344783 -0.135345 -3.21055 -0.33475 0.937835 0.0916919 -5.52319 0.158545 -0.0398635 0.986547 -0.0142569
0.963145 0.23245 -0.135343 -2.15987 -0.220416 0.970452 0.0981851 -5.95785 0.154167 -0.0647347 0.985922 0.203234
0.990278 0.0672856 -0.121748 -1.20451 -0.0584194 0.995472 0.0749869 -6.08314 0.126243 -0.0671454 0.989724 0.244182
0.997156 -0.0342594 -0.067126 -0.230777 0.038269 0.997501 0.0593868 -6.14001 0.0649237 -0.0617868 0.995976 0.409716
0.983623 -0.174995 -0.043146 0.83925 0.178077 0.980525 0.082826 -5.975 0.0278116 -0.0891529 0.99563 0.420997
0.952939 -0.298489 0.0530146 1.98234 0.287532 0.94531 0.153995 -5.78866 -0.096081 -0.131504 0.986648 0.280035
0.894298 -0.41302 0.172178 2.92953 0.401679 0.910537 0.0978585 -5.51121 -0.197192 -0.0183544 0.980193 0.283575
0.864947 -0.470478 0.174691 3.85376 0.468331 0.881779 0.0559635 -5.12378 -0.180368 0.0334077 0.983032 -0.0632267
0.790533 -0.598495 0.129847 4.73904 0.598267 0.800025 0.0451394 -4.5218 -0.130897 0.0419991 0.990506 -0.0222659
0.756253 -0.648805 0.0844632 5.5364 0.647512 0.760687 0.045634 -3.83634 -0.0938577 0.0201801 0.995381 -0.372098
0.662522 -0.744292 0.0842263 6.21978 0.743379 0.667144 0.0480328 -3.10311 -0.0919415 0.0307893 0.995288 -0.589579
0.521361 -0.843468 0.1294 6.83551 0.84579 0.530896 0.0527962 -2.28646 -0.11323 0.0819195 0.990186 -0.712373
0.428878 -0.890375 0.152629 7.27956 0.895642 0.441142 0.0567445 -1.41492 -0.117855 0.112365 0.986653 -0.892948
0.249862 -0.951067 0.181769 7.75183 0.963637 0.262607 0.0494051 -0.489868 -0.0947214 0.162815 0.982099 -1.02463
0.178014 -0.970088 0.165043 8.07868 0.979236 0.19117 0.0674601 0.648168 -0.0969936 0.149608 0.983977 -1.14973
-0.0440432 -0.983813 0.173701 8.17965 0.993331 -0.0245804 0.112648 1.55355 -0.106555 0.177504 0.978335 -1.25651
-0.151887 -0.968332 0.19815 8.20561 0.981794 -0.124674 0.143304 2.49197 -0.114062 0.216308 0.96964 -1.53979
-0.304338 -0.938467 0.163273 8.06835 0.940759 -0.269217 0.206144 3.55697 -0.149504 0.216338 0.964804 -1.68674
-0.396463 -0.888307 0.231792 7.74881 0.906291 -0.338421 0.253196 4.63384 -0.146472 0.310454 0.939236 -1.81517
-0.510194 -0.848672 0.139494 7.24445 0.849243 -0.471465 0.237711 5.59674 -0.135972 0.239743 0.961267 -2.14172
-0.629468 -0.768515 0.114694 6.64227 0.764786 -0.586671 0.266307 6.4585 -0.137373 0.255348 0.95704 -2.43196
-0.689432 -0.717359 0.100402 6.05248 0.707982 -0.638048 0.302747 7.45651 -0.153117 0.279807 0.947768 -2.66707
-0.760641 -0.627505 0.166322 5.16426 0.642459 -0.690897 0.331523 8.21706 -0.0931214 0.359025 0.928671 -2.77506
-0.778961 -0.597648 0.189832 4.11717 0.625875 -0.722293 0.294233 8.9254 -0.0387337 0.348007 0.936691 -2.94315
-0.860443 -0.47967 0.171915 3.20294 0.508946 -0.825422 0.24424 9.65852 0.0247479 0.29765 0.954354 -2.98288
-0.904323 -0.343991 0.252725 2.16412 0.406633 -0.874314 0.264997 10.2548 0.129804 0.34241 0.930541 -2.9158
-0.940463 -0.184813 0.28526 1.06043 0.260383 -0.931179 0.25516 10.7968 0.218472 0.314246 0.923861 -2.66667
-0.964902 -0.132932 0.226482 -0.00656488 0.193207 -0.943452 0.269386 10.9726 0.177865 0.303689 0.936022 -2.29265
-0.963839 0.0179683 0.265878 -1.3381 0.0773213 -0.935946 0.343551 11.1955 0.255021 0.351686 0.900712 -1.94746
-0.976478 0.116245 0.1816 -2.42599 -0.0634929 -0.959905 0.273041 11.3161 0.206059 0.255088 0.944706 -1.72663
-0.944186 0.309685 0.112289 -3.53045 -0.269674 -0.922425 0.27642 11.2862 0.189182 0.230711 0.954454 -1.57188
-0.9147 0.396087 0.0802453 -4.75758 -0.372076 -0.902877 0.215342 10.9374 0.157746 0.167116 0.973236 -1.31466
-0.822781 0.567741 -0.0264896 -5.82952 -0.562956 -0.807665 0.17538 10.5669 0.0781756 0.159212 0.984144 -1.16897
-0.806341 0.582302 -0.10363 -6.85392 -0.591347 -0.797015 0.12278 9.8834 -0.0110997 0.160284 0.987009 -1.01718
-0.686868 0.713396 -0.13885 -7.79896 -0.72653 -0.67902 0.10529 9.11336 -0.0191679 0.173199 0.9847 -1.03932
-0.625236 0.765887 -0.149989 -8.70324 -0.780363 -0.610897 0.133559 8.01458 0.0106634 0.200552 0.979625 -1.20822
-0.518358 0.849176 -0.101022 -9.42742 -0.85324 -0.50565 0.127672 7.1325 0.0573341 0.152376 0.986658 -1.17166
-0.425961 0.886626 -0.180145 -10.0828 -0.898901 -0.392148 0.195442 5.97771 0.10264 0.245183 0.964028 -1.07138
-0.304184 0.930136 -0.205715 -10.682 -0.952242 -0.290863 0.0929209 4.81334 0.0265944 0.224155 0.974191 -0.899006
-0.127309 0.954668 -0.269076 -10.9134 -0.990971 -0.110923 0.0753136 3.66566 0.0420526 0.276235 0.96017 -0.904979
-0.0343331 0.981581 -0.187934 -11.0915 -0.996145 -0.0184223 0.0857635 2.29546 0.0807217 0.190154 0.97843 -0.852821
0.104633 0.966315 -0.235132 -10.9917 -0.994495 0.103014 -0.0191928 1.17461 0.00567568 0.235845 0.971774 -0.669114
0.284282 0.946573 -0.152262 -10.8469 -0.958588 0.277798 -0.0627413 -0.221766 -0.0170911 0.163793 0.986347 -0.84306
0.40906 0.897025 -0.167382 -10.5277 -0.912301 0.398124 -0.0959399 -1.38736 -0.0194217 0.191948 0.981213 -0.955659
0.506056 0.844028 -0.177552 -9.96497 -0.86216 0.500805 -0.0766391 -2.66463 0.0242333 0.191862 0.981123 -0.935056
0.577295 0.800378 -0.161631 -9.34961 -0.807711 0.58878 0.0306768 -3.89873 0.119718 0.112842 0.986374 -0.917581
0.662619 0.716506 -0.218073 -8.59557 -0.732586 0.680598 0.0102114 -4.99076 0.155737 0.152991 0.975879 -0.733952
0.757484 0.624865 -0.189107 -7.65971 -0.637172 0.770701 -0.00562735 -6.01147 0.142229 0.124757 0.98194 -0.436712
0.851461 0.505626 -0.13913 -6.64052 -0.506659 0.861605 0.0305488 -6.96834 0.135321 0.0444802 0.989803 -0.28442
0.884374 0.430247 -0.181025 -5.4321 -0.437249 0.89934 0.0013611 -7.67161 0.163389 0.0779493 0.983478 -0.11034
0.937042 0.331518 -0.109767 -4.26056 -0.326998 0.943279 0.0574198 -8.37942 0.122577 -0.0179111 0.992297 0.110871
0.958611 0.263766 -0.107198 -2.80209 -0.263773 0.964478 0.014376 -8.85944 0.107182 0.0144948 0.994134 0.290217
0.989317 0.0896086 -0.114986 -1.58911 -0.0944496 0.994829 -0.0373558 -9.17863 0.111044 0.0478171 0.992664 0.4162
0.997445 0.00438696 -0.0712999 -0.178437 -0.00668323 0.999466 -0.0319992 -9.20666 0.0711215 0.032394 0.996942 0.493863
0.991081 -0.133158 0.00528043 1.30952 0.133258 0.98996 -0.0471401 -9.01974 0.00104965 0.0474233 0.998874 0.555073
0.962841 -0.231981 0.138282 2.72023 0.234194 0.97219 0.000277759 -8.79474 -0.134501 0.0321174 0.990393 0.503936
0.906011 -0.335738 0.257728 4.06762 0.344681 0.938654 0.0110867 -8.21604 -0.24564 0.0787895 0.966154 0.230416
0.837967 -0.484254 0.251612 5.30489 0.505638 0.862407 -0.0241792 -7.73358 -0.205283 0.147486 0.967526 -0.123307
0.777577 -0.59036 0.216447 6.47684 0.602092 0.798297 0.0143643 -6.95463 -0.181269 0.119152 0.976189 -0.315769
0.715286 -0.673493 0.186475 7.53868 0.685514 0.72806 2.2217e-05 -5.9986 -0.13578 0.127816 0.98246 -0.602466
0.608867 -0.777632 0.156746 8.47438 0.782119 0.621488 0.0451866 -5.09206 -0.132554 0.0950811 0.986605 -0.843619
0.423611 -0.880862 0.211271 9.39692 0.893616 0.44456 0.0617735 -4.03507 -0.148337 0.162628 0.975473 -1.12001
0.408583 -0.883516 0.229042 9.99967 0.902175 0.428977 0.0453825 -2.65836 -0.13835 0.188094 0.972358 -1.32479
0.28541 -0.929113 0.235137 10.5575 0.942699 0.316387 0.105912 -1.26245 -0.172798 0.191435 0.966175 -1.63024
0.153683 -0.953038 0.26096 11.0446 0.976116 0.187467 0.10979 0.0662476 -0.153556 0.237854 0.959086 -1.6619
-0.0115858 -0.960563 0.277822 11.1732 0.990746 0.0265486 0.133107 1.48785 -0.135234 0.276793 0.951366 -1.82752
-0.122594 -0.964173 0.235249 11.0871 0.975274 -0.0731201 0.208555 2.86293 -0.183881 0.254999 0.949296 -2.17059
-0.283012 -0.934245 0.217005 10.955 0.931428 -0.213742 0.294544 4.31606 -0.228794 0.285484 0.930673 -2.48825
-0.401929 -0.880531 0.251235 10.4483 0.88869 -0.309002 0.338744 5.65905 -0.220642 0.359421 0.906716 -2.69482
-0.540455 -0.822365 0.177832 9.8488 0.82619 -0.478741 0.297013 7.01947 -0.159118 0.307445 0.938168 -3.04446
-0.623359 -0.754755 0.204375 9.07617 0.766854 -0.538999 0.348446 8.19105 -0.152833 0.373933 0.914777 -3.38844
-0.698876 -0.688207 0.19479 8.14644 0.709546 -0.6328 0.310013 9.33804 -0.0900901 0.354873 0.930564 -3.70424
-0.830358 -0.523445 0.19108 7.02592 0.556111 -0.756716 0.343687 10.348 -0.035308 0.391645 0.919439 -4.05107
-0.819424 -0.544717 0.178405 5.84958 0.570569 -0.745441 0.344627 11.3036 -0.0547337 0.384188 0.921631 -4.03821
-0.873023 -0.423785 0.241324 4.532 0.485664 -0.800447 0.351304 12.1376 0.0442898 0.423899 0.904626 -4.02016
-0.92079 -0.241866 0.306017 3.1793 0.348553 -0.86237 0.36719 12.8878 0.175089 0.444768 0.878365 -4.05122
-0.922036 -0.133497 0.363356 1.68216 0.279296 -0.879354 0.385655 13.5186 0.268035 0.457072 0.848082 -3.79394
-0.962332 -0.0130976 0.271563 0.298848 0.126288 -0.906078 0.403824 13.9638 0.240768 0.422908 0.873602 -3.37774
-0.976386 0.0162356 0.215421 -1.34093 0.0733685 -0.912982 0.401348 14.0231 0.203192 0.407676 0.890232 -3.06129
-0.968197 0.133689 0.211475 -2.86424 -0.0361025 -0.91107 0.410667 14.2033 0.24757 0.389972 0.886922 -2.73855
-0.965988 0.249988 0.0661233 -4.46935 -0.206707 -0.900154 0.383401 14.1157 0.155367 0.356692 0.921212 -2.36345
-0.93258 0.360939 -0.00413789 -5.93459 -0.337506 -0.867854 0.364582 13.6601 0.128001 0.341398 0.931162 -1.97332
-0.869376 0.477822 -0.125979 -7.50081 -0.493809 -0.830591 0.257432 13.1024 0.01837 0.286015 0.958049 -1.70755
-0.741333 0.619622 -0.257865 -8.62401 -0.668979 -0.713018 0.209932 12.2554 -0.0537836 0.328135 0.943098 -1.67017
-0.690317 0.669276 -0.274832 -9.9715 -0.721535 -0.664865 0.193243 11.1099 -0.0533936 0.3317 0.941873 -1.78489
-0.594003 0.774446 -0.217702 -11.0462 -0.803922 -0.581376 0.125344 9.94446 -0.0294947 0.24947 0.967933 -1.86362
-0.553024 0.805902 -0.21139 -12.1127 -0.831259 -0.516551 0.205386 8.5323 0.0563269 0.289303 0.955579 -1.84306
-0.426982 0.875144 -0.227614 -12.9756 -0.902119 -0.394947 0.173775 7.10845 0.0621824 0.279534 0.95812 -1.87756
-0.264233 0.931276 -0.250812 -13.4928 -0.963975 -0.246774 0.0992735 5.68894 0.0305573 0.268007 0.962932 -1.69988
-0.0507676 0.955762 -0.289726 -13.8858 -0.998702 -0.0474105 0.018599 4.03028 0.00404015 0.290294 0.956929 -1.64897
-0.0359064 0.952846 -0.301323 -14.0201 -0.998411 -0.0210973 0.0522591 2.28218 0.0434378 0.302721 0.952089 -1.62877
0.122912 0.945817 -0.300538 -13.8919 -0.992023 0.125633 -0.0103329 0.800601 0.0279845 0.299411 0.953714 -1.58907
0.316197 0.902844 -0.291363 -13.8216 -0.948602 0.305162 -0.0838511 -0.946195 0.0132086 0.302901 0.95293 -1.50414
0.39536 0.87614 -0.275806 -13.218 -0.917409 0.39146 -0.0715495 -2.44971 0.0452794 0.281315 0.958547 -1.58555
0.490193 0.835731 -0.247516 -12.5484 -0.868368 0.492748 -0.0560115 -4.13101 0.0751523 0.242391 0.967263 -1.58017
0.591597 0.765962 -0.251627 -11.6668 -0.791879 0.610671 -0.00287075 -5.68234 0.151462 0.200956 0.96782 -1.42523
0.627885 0.752334 -0.199385 -10.6125 -0.769801 0.638069 -0.0165802 -7.05347 0.114747 0.163897 0.979781 -1.25558
0.750135 0.636756 -0.178437 -9.57581 -0.651699 0.757617 -0.0361242 -8.34845 0.112185 0.143386 0.983288 -0.918445
0.796152 0.573901 -0.191783 -8.1239 -0.586657 0.809742 -0.0122868 -9.53235 0.148243 0.122293 0.98136 -0.553603
0.855724 0.473156 -0.209429 -6.72229 -0.48988 0.871147 -0.0334875 -10.4068 0.166599 0.131251 0.97725 -0.425829
0.955274 0.273113 -0.113408 -5.21448 -0.276661 0.960826 -0.0165173 -11.2684 0.104455 0.0471542 0.993411 -0.100922
0.950786 0.278789 -0.135214 -3.64218 -0.285883 0.957594 -0.0358482 -11.8585 0.119486 0.0727393 0.990168 0.114292
0.995336 0.0616825 -0.0741707 -1.91063 -0.0655136 0.996579 -0.0503775 -12.1318 0.0708096 0.0550018 0.995972 0.211251
0.999208 0.0352895 -0.0183876 -0.139447 -0.0369564 0.994301 -0.0999964 -12.2147 0.0147539 0.100597 0.994818 0.274472
0.98985 -0.128525 0.0606469 1.77417 0.136033 0.98039 -0.142587 -11.9995 -0.0411315 0.14939 0.987922 0.263535
0.946691 -0.276149 0.165886 3.47669 0.287352 0.956654 -0.0473505 -11.7683 -0.14562 0.0924941 0.985007 0.189732
0.890752 -0.381616 0.24684 5.18494 0.423285 0.894349 -0.144807 -11.0682 -0.165501 0.233471 0.958176 -0.0879953
0.855619 -0.46867 0.219691 6.77966 0.497133 0.862274 -0.0966571 -10.3239 -0.144134 0.191917 0.970769 -0.549935
0.7914 -0.542992 0.280794 8.39987 0.581213 0.810701 -0.0703987 -9.3464 -0.189414 0.218915 0.957183 -0.703505
0.684803 -0.685027 0.24856 9.56282 0.707499 0.706713 -0.00153008 -8.29984 -0.174613 0.176904 0.968615 -1.02283
0.627846 -0.733214 0.261163 10.9002 0.766509 0.640735 -0.0438557 -6.95067 -0.135181 0.227718 0.964298 -1.28336
0.493709 -0.821998 0.283849 12.0876 0.851888 0.522741 0.0320851 -5.41832 -0.174754 0.225967 0.958332 -1.56576
0.373293 -0.870145 0.321716 12.8162 0.912046 0.407679 0.0443847 -3.92312 -0.169778 0.276851 0.945795 -1.99094
0.244739 -0.920178 0.305574 13.3889 0.963003 0.26736 0.0338196 -2.24085 -0.112818 0.285992 0.951567 -2.25706
0.107093 -0.960338 0.257454 13.8674 0.983859 0.139698 0.111835 -0.508141 -0.143365 0.241321 0.959797 -2.57295
-0.054686 -0.951525 0.302671 14.1368 0.987628 -0.00692853 0.156661 1.23191 -0.14697 0.307493 0.940132 -2.85966
-0.186928 -0.930553 0.314846 14.0682 0.973142 -0.13157 0.1889 3.06922 -0.134357 0.341701 0.930155 -3.00775
-0.283467 -0.913372 0.29223 13.65 0.935287 -0.195992 0.294663 4.98294 -0.211862 0.356846 0.909822 -3.37381
-0.356703 -0.878599 0.317532 13.151 0.901956 -0.23533 0.362071 6.64119 -0.24339 0.415551 0.876401 -3.70261
-0.497466 -0.835022 0.235089 12.3464 0.84786 -0.410702 0.335347 8.32962 -0.18347 0.366146 0.912291 -4.15288
-0.610079 -0.761742 0.218064 11.3658 0.759683 -0.484147 0.434146 9.80561 -0.225132 0.430523 0.874051 -4.57897
-0.684823 -0.69678 0.213342 10.1159 0.710127 -0.572424 0.409939 11.1435 -0.163516 0.432235 0.886812 -4.99852
-0.776194 -0.609769 0.160325 8.63887 0.616206 -0.679842 0.397624 12.5614 -0.133463 0.407427 0.903433 -5.28108
-0.859159 -0.436161 0.267599 7.42905 0.511503 -0.746851 0.424945 13.6447 0.0145119 0.501973 0.864762 -5.52198
-0.868171 -0.415244 0.271757 5.76932 0.495139 -0.761667 0.417973 14.6002 0.0334271 0.497429 0.866861 -5.46798
-0.891271 -0.349161 0.28935 3.88434 0.444764 -0.79752 0.407611 15.5439 0.0884406 0.491984 0.866101 -5.38324
-0.929314 -0.257469 0.264737 2.24188 0.351076 -0.838323 0.417084 16.2493 0.114549 0.480545 0.869457 -5.14112
-0.971453 -0.0910055 0.219084 0.39825 0.181362 -0.880214 0.438556 16.741 0.15293 0.46577 0.871591 -4.75847
-0.973777 0.06225 0.218821 -1.54792 0.0569071 -0.864612 0.499207 16.8802 0.22027 0.498569 0.838397 -4.31078
-0.957677 0.219808 0.185847 -3.33961 -0.0981525 -0.856325 0.507024 16.9361 0.270594 0.467323 0.841658 -4.12537
-0.955675 0.264306 0.129723 -5.23446 -0.156558 -0.829335 0.53637 16.7846 0.24935 0.492286 0.833954 -3.58487
-0.912127 0.403808 -0.0704481 -7.12008 -0.378669 -0.764274 0.52201 16.4305 0.15695 0.502816 0.850025 -3.07067
-0.846331 0.46701 -0.256175 -8.91969 -0.532597 -0.749132 0.39388 15.5888 -0.00796258 0.469791 0.882742 -2.7397
-0.75863 0.574081 -0.308075 -10.5138 -0.651515 -0.670464 0.354973 14.4383 -0.00277015 0.470009 0.882657 -2.79524
-0.672788 0.676931 -0.298532 -12.0103 -0.739834 -0.614742 0.273385 13.0209 0.00154263 0.404794 0.914407 -2.83494
-0.584386 0.775965 -0.237426 -13.344 -0.810986 -0.548308 0.204106 11.6968 0.0281969 0.311826 0.949721 -2.89998
-0.518793 0.811278 -0.269596 -14.7095 -0.854495 -0.482382 0.192735 9.99278 0.0263135 0.330357 0.943489 -2.83127
-0.375751 0.884651 -0.276052 -15.6512 -0.925869 -0.345597 0.152737 8.33578 0.039716 0.312979 0.948929 -2.68921
-0.229899 0.928959 -0.29014 -16.2678 -0.973001 -0.213152 0.0885176 6.49485 0.0203851 0.302657 0.952882 -2.67392
-0.0846511 0.942232 -0.324087 -16.7703 -0.996378 -0.0773932 0.0352439 4.31818 0.00812588 0.325896 0.945371 -2.65056
-0.0232959 0.944379 -0.328033 -16.8741 -0.999375 -0.0132676 0.0327762 2.28725 0.0266009 0.328591 0.944098 -2.57038
0.117374 0.931538 -0.344179 -16.7169 -0.99159 0.128961 0.0108803 0.277304 0.0545209 0.340008 0.938841 -2.48233
0.245677 0.913227 -0.325052 -16.4548 -0.968719 0.243419 -0.0482853 -1.85563 0.0350282 0.326746 0.944463 -2.50345
0.360876 0.878096 -0.31419 -15.989 -0.929341 0.366786 -0.0423429 -3.62652 0.0780596 0.307271 0.948415 -2.52706
0.465725 0.828497 -0.310955 -14.9971 -0.880545 0.468799 -0.0697636 -5.67119 0.0879764 0.3063 0.947861 -2.30303
0.536889 0.789842 -0.296478 -14.1693 -0.833171 0.551625 -0.0392069 -7.38181 0.132577 0.268067 0.954234 -2.15687
0.675482 0.679755 -0.285758 -12.9656 -0.719647 0.692195 -0.0545397 -8.99414 0.160727 0.242486 0.956748 -1.96863
0.753378 0.582518 -0.305114 -11.55 -0.620871 0.782983 -0.0381792 -10.4935 0.216659 0.2182 0.95155 -1.55785
0.81886 0.501722 -0.278825 -9.94518 -0.542522 0.835152 -0.0905059 -11.9127 0.187452 0.22538 0.956068 -1.03682
0.86342 0.454036 -0.219902 -8.26059 -0.480493 0.872946 -0.084212 -13.0929 0.153728 0.178372 0.97188 -0.899604
0.924377 0.339352 -0.174265 -6.26845 -0.359633 0.927573 -0.101355 -14.1934 0.127248 0.156362 0.979469 -0.716349
0.956029 0.254044 -0.14653 -4.32364 -0.273963 0.951919 -0.13709 -14.7242 0.104658 0.171206 0.979661 -0.364581
0.988202 0.141203 -0.0593105 -2.21913 -0.152321 0.946471 -0.28459 -15.2242 0.0159507 0.290267 0.956813 -0.0190332
0.998046 -0.0240478 0.0576683 -0.117925 0.0337367 0.984269 -0.173427 -15.3654 -0.0525906 0.175034 0.983157 -0.0824461
0.974098 -0.197045 0.110936 2.08509 0.218283 0.94747 -0.233782 -15.0723 -0.0590429 0.251942 0.96594 -0.183975
0.937094 -0.287695 0.197704 4.30554 0.324933 0.925867 -0.192842 -14.6454 -0.127568 0.244951 0.961106 -0.42325
0.904492 -0.370636 0.211003 6.38568 0.408725 0.894601 -0.180648 -13.8583 -0.121809 0.249636 0.960648 -0.837675
0.863337 -0.472351 0.177577 8.29632 0.494837 0.86142 -0.114418 -12.8756 -0.0989228 0.186653 0.977433 -1.14672
0.794499 -0.560556 0.233557 10.0324 0.597036 0.791328 -0.131709 -11.7287 -0.11099 0.244085 0.963382 -1.51288
0.714866 -0.653643 0.24843 11.6445 0.673874 0.73883 0.00483525 -10.4394 -0.186708 0.163954 0.968638 -1.67208
0.570675 -0.7594 0.312477 13.1834 0.809856 0.583434 -0.0611401 -9.03813 -0.13588 0.287953 0.947956 -1.96228
0.490427 -0.789505 0.369004 14.4768 0.856147 0.515559 -0.0348013 -7.02368 -0.162767 0.332989 0.928776 -2.37286
0.377519 -0.83493 0.400464 15.5838 0.908819 0.416998 0.0126559 -5.07893 -0.17756 0.359172 0.916225 -2.86854
0.300609 -0.887806 0.348475 16.2082 0.94363 0.329936 0.0265595 -3.02737 -0.138554 0.320847 0.936942 -3.19364
0.165619 -0.889801 0.425234 16.7657 0.978188 0.203037 0.0438708 -0.899134 -0.125374 0.408693 0.904019 -3.44157
0.00796126 -0.934211 0.356632 17.043 0.988139 0.0620452 0.140471 1.16351 -0.153357 0.351284 0.923624 -3.79966
-0.113047 -0.921346 0.371944 16.9299 0.983379 -0.0502212 0.17448 3.38609 -0.142077 0.385486 0.91171 -4.09493
-0.246309 -0.914503 0.32096 16.4922 0.938728 -0.142731 0.313714 5.40401 -0.241082 0.378565 0.893626 -4.48504
-0.45286 -0.81079 0.370861 15.8834 0.873185 -0.319261 0.368267 7.40729 -0.180186 0.490603 0.85255 -4.94878
-0.520396 -0.801177 0.295473 14.8603 0.832194 -0.39826 0.385799 9.38946 -0.191418 0.446659 0.873988 -5.51058
-0.644354 -0.702211 0.302833 13.603 0.745678 -0.489103 0.452486 11.1535 -0.169624 0.517377 0.838778 -6.03923
-0.733623 -0.596404 0.325731 12.2808 0.674402 -0.580039 0.456878 12.8458 -0.0835469 0.55485 0.827745 -6.40672
-0.750239 -0.599824 0.278123 10.6095 0.645037 -0.57168 0.507059 14.49 -0.145149 0.559816 0.815805 -6.56379
-0.804142 -0.53498 0.259139 8.75284 0.585047 -0.635092 0.504359 15.7934 -0.105245 0.557184 0.823693 -6.93175
-0.894946 -0.384634 0.226115 6.98295 0.445865 -0.752128 0.485291 16.9729 -0.0165925 0.535126 0.844609 -7.03569
-0.932136 -0.283549 0.225217 4.88966 0.359512 -0.799028 0.481981 17.9477 0.0432896 0.53024 0.846742 -6.8795
-0.962065 -0.158524 0.222037 2.84294 0.251791 -0.829255 0.498936 18.8202 0.105032 0.535916 0.837712 -6.79963
-0.974702 -0.044324 0.21907 0.685149 0.151307 -0.852252 0.500772 19.408 0.164506 0.52125 0.837398 -6.42918
-0.985052 0.0638957 0.15997 -1.74833 0.0278781 -0.857286 0.514085 19.5273 0.169988 0.51086 0.84269 -6.04491
-0.97735 0.174437 0.119828 -3.91324 -0.0874392 -0.848471 0.521969 19.4809 0.192721 0.499668 0.844506 -5.53734
-0.969081 0.241191 0.0520438 -6.31996 -0.180988 -0.838201 0.514453 19.3011 0.167704 0.489127 0.855938 -5.14865
-0.911026 0.408706 -0.0546892 -8.29564 -0.381446 -0.784932 0.488243 18.7991 0.15662 0.465663 0.870992 -4.74904
-0.855937 0.500266 -0.130787 -10.3776 -0.505519 -0.756405 0.415091 17.7187 0.108728 0.421408 0.90033 -4.40448
-0.792569 0.560506 -0.24014 -12.4128 -0.609642 -0.719916 0.331749 16.4429 0.0130662 0.409333 0.912291 -4.18537
-0.698462 0.646763 -0.306345 -14.1528 -0.714686 -0.652554 0.251787 15.0075 -0.0370605 0.394804 0.918017 -4.19066
-0.625989 0.733089 -0.26593 -15.7506 -0.778105 -0.564482 0.275523 13.2991 0.0518698 0.379396 0.923779 -4.04023
-0.497355 0.815781 -0.295193 -17.2218 -0.86485 -0.439412 0.2428 11.3719 0.0683603 0.376056 0.924072 -3.99147
-0.328077 0.850952 -0.410179 -18.436 -0.944496 -0.303357 0.126105 9.33982 -0.0171212 0.428784 0.903245 -3.65859
-0.205943 0.883838 -0.420022 -19.0395 -0.978281 -0.17563 0.110095 7.06499 0.023538 0.433573 0.900811 -3.74953
-0.108461 0.918965 -0.379131 -19.4675 -0.994019 -0.0953675 0.0532076 4.69174 0.0127391 0.382635 0.923812 -3.80696
-0.00501348 0.910823 -0.412766 -19.6319 -0.997188 0.0263121 0.0701732 2.28806 0.0747761 0.411957 0.90813 -3.79537
0.11563 0.915072 -0.386359 -19.5508 -0.991371 0.130499 0.0123808 -0.122583 0.0617488 0.381594 0.922265 -3.69265
0.248528 0.890063 -0.382129 -19.1752 -0.963391 0.268091 -0.00212484 -2.52327 0.100554 0.368668 0.924107 -3.72602
0.377207 0.834892 -0.400837 -18.5613 -0.908599 0.417421 0.0143988 -4.75516 0.179339 0.358769 0.916036 -3.57655
0.415551 0.834859 -0.36101 -17.4824 -0.897292 0.441264 -0.0124044 -7.02854 0.148945 0.329086 0.93248 -3.31722
0.568624 0.737108 -0.365155 -16.519 -0.802138 0.595244 -0.0475306 -9.10688 0.182321 0.319932 0.929732 -3.06615
0.649039 0.688537 -0.323521 -15.033 -0.748373 0.65428 -0.108885 -11.1456 0.136702 0.312785 0.939935 -2.60509
0.731779 0.599092 -0.324945 -13.3852 -0.657534 0.746022 -0.105353 -12.9204 0.1793 0.290757 0.939847 -2.32264
0.80909 0.504797 -0.30092 -11.5405 -0.559829 0.81781 -0.133339 -14.581 0.178786 0.276347 0.944282 -1.85282
0.872449 0.399425 -0.281589 -9.52472 -0.452344 0.878106 -0.155934 -15.8145 0.184982 0.263419 0.94678 -1.66273
0.931017 0.269367 -0.246271 -7.29904 -0.318323 0.929382 -0.186866 -16.8448 0.178544 0.252369 0.951016 -1.2253
0.962952 0.234783 -0.132664 -4.95271 -0.257414 0.946896 -0.192681 -17.549 0.0803812 0.219692 0.972252 -0.921639
0.997113 0.0758774 -0.00277864 -2.5181 -0.0726571 0.942891 -0.32508 -18.1999 -0.0220462 0.324343 0.945683 -0.74753
0.996332 -0.0380738 0.0766341 -0.105919 0.0603656 0.94747 -0.314095 -18.2945 -0.0606497 0.317569 0.946293 -0.716734
0.97981 -0.137492 0.145152 2.59598 0.17462 0.942073 -0.286369 -18.0329 -0.09737 0.305933 0.947061 -1.07505
0.967745 -0.181611 0.174608 5.02578 0.227557 0.927536 -0.296472 -17.454 -0.108113 0.326642 0.938944 -1.3009
0.918104 -0.355199 0.175836 7.4955 0.389707 0.889858 -0.237237 -16.7079 -0.0722022 0.286333 0.955406 -1.66798
0.845791 -0.485274 0.221691 9.68557 0.530534 0.808877 -0.253478 -15.6096 -0.0563147 0.332004 0.941595 -1.86646
0.773554 -0.586374 0.240375 11.678 0.629574 0.754425 -0.185686 -14.1861 -0.0724634 0.294972 0.952754 -2.18813
0.706818 -0.631357 0.319055 13.7153 0.693637 0.707093 -0.137429 -12.5822 -0.138835 0.318446 0.937719 -2.38472
0.578491 -0.712689 0.396764 15.5068 0.803097 0.582779 -0.124115 -10.8158 -0.14277 0.39044 0.909491 -2.94416
0.506157 -0.753627 0.419346 16.8843 0.841231 0.53859 -0.0474511 -8.65752 -0.190095 0.376784 0.906586 -3.36684
0.411125 -0.781792 0.468804 18.0209 0.891436 0.452314 -0.0274667 -6.36453 -0.190573 0.429201 0.882875 -3.97861
0.288141 -0.841683 0.456667 18.9157 0.952751 0.299859 -0.0484807 -3.94781 -0.0961304 0.449059 0.888316 -4.44053
0.177964 -0.858239 0.481409 19.4889 0.975984 0.216404 0.0250026 -1.4364 -0.125637 0.465398 0.87614 -4.66495
0.0094638 -0.865219 0.501305 20.027 0.993776 0.0637835 0.0913252 0.99386 -0.110991 0.497321 0.860437 -5.04017
-0.21543 -0.824872 0.522663 19.8529 0.96122 -0.0847529 0.262436 3.42688 -0.172179 0.558931 0.811142 -5.34667
-0.373769 -0.816131 0.440712 19.2293 0.896972 -0.197107 0.395714 5.82834 -0.236087 0.543212 0.805719 -5.83158
-0.360514 -0.805755 0.469881 18.0828 0.900231 -0.168705 0.401401 8.26142 -0.24416 0.567712 0.786186 -6.43356
-0.52991 -0.739453 0.415217 17.167 0.813599 -0.305136 0.494923 10.5867 -0.239275 0.600085 0.763313 -6.9874
-0.600902 -0.703251 0.379941 15.742 0.775167 -0.39673 0.491652 12.6033 -0.195021 0.589952 0.783533 -7.70886
-0.755612 -0.548736 0.357685 14.1863 0.651196 -0.5704 0.500587 14.5832 -0.0706666 0.611173 0.788336 -8.16396
-0.771026 -0.539217 0.338767 12.3022 0.634572 -0.606095 0.479549 16.2725 -0.0532562 0.584716 0.809488 -8.3087
-0.845144 -0.409288 0.343823 10.321 0.534097 -0.672691 0.51208 17.8702 0.0216985 0.616417 0.787121 -8.63284
-0.890818 -0.345567 0.295004 8.03777 0.453461 -0.717013 0.5294 19.1835 0.0285788 0.605372 0.795429 -8.56895
-0.924908 -0.287839 0.248384 5.66563 0.376019 -0.789076 0.485766 20.4142 0.0561718 0.542686 0.838055 -8.57894
-0.95731 -0.178146 0.227642 3.31314 0.2754 -0.801343 0.531041 21.3215 0.0878162 0.571064 0.816195 -8.49453
-0.976005 -0.00564908 0.217675 0.756577 0.12915 -0.819864 0.557802 21.9325 0.175313 0.57253 0.800921 -8.08939
-0.982831 0.0863489 0.163055 -1.93613 0.019306 -0.830751 0.55631 22.1301 0.183495 0.549906 0.814821 -7.64885
-0.983795 0.143816 0.107073 -4.62625 -0.0574584 -0.818567 0.57153 22.0308 0.169842 0.556116 0.813565 -7.1664
-0.97453 0.224212 0.00442428 -7.10043 -0.182849 -0.805861 0.563164 21.8132 0.129833 0.548012 0.826333 -6.63532
-0.937654 0.338456 -0.0790738 -9.67229 -0.322826 -0.763758 0.558979 21.1086 0.128796 0.549656 0.825403 -6.22154
-0.882567 0.424767 -0.201618 -11.9342 -0.465178 -0.726383 0.505942 20.0324 0.0684554 0.540316 0.838673 -5.8213
-0.801405 0.524484 -0.287517 -14.1827 -0.596822 -0.669543 0.442172 18.6775 0.0394076 0.525955 0.849599 -5.58706
-0.693204 0.634615 -0.341661 -16.1958 -0.719479 -0.581263 0.380109 16.9525 0.0426276 0.509311 0.859526 -5.42319
-0.583167 0.753965 -0.302412 -18.0376 -0.809465 -0.50797 0.294506 14.9156 0.0684313 0.416538 0.906539 -5.43021
-0.440095 0.843519 -0.307883 -19.5971 -0.893795 -0.378555 0.24047 12.6773 0.0862907 0.381015 0.920533 -5.23326
-0.377574 0.848816 -0.370067 -20.7344 -0.925823 -0.353397 0.134024 10.2281 -0.0170191 0.39322 0.919287 -4.99552
-0.183688 0.884175 -0.429528 -21.6594 -0.982961 -0.168264 0.0739967 7.68309 -0.00684802 0.435801 0.900017 -5.08811
-0.129289 0.890824 -0.435565 -22.092 -0.991577 -0.112714 0.0638071 4.80329 0.00774691 0.440145 0.897893 -5.04141
-0.00859768 0.903754 -0.427965 -22.3603 -0.999918 -0.00370852 0.0122566 2.15292 0.0094898 0.428035 0.903712 -5.06165
0.100677 0.906508 -0.410008 -22.2441 -0.994867 0.095964 -0.0321164 -0.486518 0.0102323 0.411137 0.911516 -5.00173
0.253422 0.866884 -0.429289 -21.8305 -0.963808 0.264241 -0.0353686 -3.32805 0.0827753 0.422715 0.902475 -4.89109
0.283866 0.834411 -0.472417 -21.0749 -0.947312 0.320294 -0.00350022 -6.04896 0.148392 0.44852 0.881368 -4.69357
0.390089 0.808377 -0.44086 -20.1075 -0.904152 0.42686 -0.0173207 -8.52691 0.174184 0.405361 0.897409 -4.39296
0.533537 0.709901 -0.459759 -18.8725 -0.821052 0.565207 -0.0800879 -10.8971 0.203005 0.420216 0.884425 -4.049
0.666779 0.636306 -0.387971 -17.2868 -0.739722 0.628397 -0.240685 -13.0727 0.0906506 0.447474 0.889691 -3.50004
0.688102 0.631971 -0.356549 -15.2049 -0.717674 0.665236 -0.205925 -15.1285 0.107051 0.397584 0.9113 -3.3732
0.797867 0.497592 -0.34031 -13.106 -0.58332 0.779727 -0.227517 -17.0246 0.152138 0.380038 0.912374 -2.86527
0.880375 0.370422 -0.296189 -10.7781 -0.445282 0.860567 -0.247281 -18.4978 0.163293 0.349588 0.922564 -2.53581
0.931559 0.268287 -0.245398 -8.27051 -0.33866 0.885866 -0.317097 -19.6353 0.132317 0.378501 0.916094 -2.19495
0.980942 0.164684 -0.103113 -5.63891 -0.190125 0.922982 -0.334598 -20.4653 0.0400681 0.347826 0.936703 -1.81118
0.992919 0.114906 0.0301265 -2.65645 -0.0961751 0.926467 -0.36388 -20.9094 -0.0697232 0.358406 0.930959 -1.60837
0.993546 -0.027063 0.110157 0.0861577 0.0666337 0.92515 -0.373707 -21.0677 -0.0917977 0.378635 0.920982 -1.80048
0.979076 -0.135013 0.152254 2.94587 0.17946 0.925609 -0.333231 -20.8533 -0.0959375 0.353582 0.930471 -2.12298
0.958013 -0.214532 0.190229 5.80897 0.263709 0.919703 -0.290868 -20.3401 -0.112554 0.32882 0.937661 -2.39151
0.913982 -0.346404 0.211285 8.48889 0.39793 0.867012 -0.299904 -19.4859 -0.079299 0.358184 0.930278 -2.67767
0.832083 -0.443159 0.333538 11.0819 0.538553 0.789356 -0.294751 -18.2276 -0.132659 0.424885 0.895474 -2.72035
0.7803 -0.523955 0.341473 13.4743 0.610813 0.75573 -0.236179 -16.4324 -0.134314 0.392866 0.909734 -3.27714
0.684759 -0.565145 0.460127 15.6721 0.711174 0.656098 -0.252523 -14.7085 -0.159176 0.500147 0.851185 -3.53276
0.620962 -0.641835 0.44995 17.6006 0.769897 0.607212 -0.196348 -12.6625 -0.147192 0.468339 0.871202 -4.15686
0.464069 -0.774402 0.430048 19.2163 0.874788 0.476976 -0.085085 -10.2185 -0.139232 0.415686 0.898788 -4.77879
0.424307 -0.763372 0.487059 20.4609 0.8915 0.446441 -0.0769299 -7.5901 -0.158717 0.466855 0.869975 -5.23445
0.24548 -0.841358 0.481515 21.4242 0.953964 0.297956 0.0342867 -4.90089 -0.172318 0.450931 0.875767 -5.71242
0.141604 -0.844239 0.516922 22.2204 0.975475 0.207893 0.0723123 -2.17337 -0.168513 0.494005 0.852973 -6.17726
-0.0116839 -0.835412 0.549501 22.5505 0.98634 0.0806708 0.143617 0.737658 -0.164308 0.543672 0.823057 -6.62823
-0.140528 -0.824402 0.548282 22.326 0.96613 0.00687591 0.257964 3.61936 -0.216436 0.565963 0.795513 -7.11767
-0.394873 -0.752793 0.526667 21.8344 0.910958 -0.246375 0.330841 6.20114 -0.119297 0.610412 0.783049 -7.76992
-0.394743 -0.771426 0.499078 20.646 0.896485 -0.204419 0.393099 8.82229 -0.201226 0.60259 0.772265 -8.27059
-0.457659 -0.758275 0.464292 19.2952 0.853302 -0.227842 0.469003 11.3821 -0.249848 0.610825 0.751311 -8.90874
-0.5961 -0.674077 0.436218 17.8663 0.781137 -0.361213 0.509265 13.8643 -0.185716 0.644318 0.741865 -9.60147
-0.74486 -0.546105 0.383344 15.9368 0.659599 -0.516098 0.546417 16.2177 -0.100558 0.659857 0.744632 -9.95655
-0.7474 -0.550852 0.371424 13.8351 0.656259 -0.525005 0.541935 18.149 -0.103526 0.648792 0.753891 -10.3491
-0.850641 -0.404038 0.336398 11.6982 0.525208 -0.62407 0.578527 19.8853 -0.0238105 0.668797 0.743063 -10.4364
-0.874035 -0.377087 0.306379 9.12643 0.485485 -0.652971 0.58132 21.3818 -0.0191512 0.656837 0.75379 -10.4632
-0.905713 -0.290814 0.308402 6.45936 0.419196 -0.72248 0.549816 22.768 0.0629202 0.627256 0.776267 -10.3573
-0.946357 -0.121914 0.299241 3.74384 0.279215 -0.774638 0.567428 23.7224 0.162626 0.620542 0.767125 -10.3834
-0.969818 0.0758129 0.231743 0.736171 0.0792211 -0.800897 0.593539 24.4594 0.2306 0.593984 0.770718 -9.9037
-0.984902 0.0525665 0.164939 -2.17276 0.0588547 -0.794351 0.604601 24.5851 0.162801 0.60518 0.779264 -9.30046
-0.982632 0.163803 0.0871906 -4.96225 -0.0745309 -0.778695 0.62296 24.5853 0.169938 0.605642 0.777379 -8.87172
-0.952674 0.301845 -0.0360846 -7.88283 -0.261203 -0.752057 0.605131 24.2959 0.155518 0.585918 0.795308 -8.39602
-0.897956 0.416189 -0.143045 -10.6339 -0.416809 -0.699972 0.579922 23.4424 0.14123 0.580366 0.802016 -7.90599
-0.852069 0.473072 -0.224011 -13.3042 -0.513579 -0.672966 0.53231 22.3379 0.101069 0.568612 0.816373 -7.54895
-0.776189 0.548872 -0.310274 -15.8575 -0.626283 -0.61436 0.479928 20.7591 0.0727995 0.566834 0.820609 -7.24684
-0.661872 0.650265 -0.372935 -18.2213 -0.747288 -0.533185 0.396578 18.7655 0.0590374 0.541174 0.838836 -7.05838
-0.598797 0.717702 -0.355451 -20.2561 -0.795766 -0.482977 0.365363 16.4163 0.0905478 0.501634 0.860328 -6.76059
-0.416919 0.824991 -0.381534 -22.0876 -0.900775 -0.318864 0.294838 13.9077 0.121581 0.4666 0.876072 -6.52441
-0.439078 0.797905 -0.412988 -23.3006 -0.898445 -0.388522 0.204567 11.1891 0.00277014 0.460867 0.887465 -6.23503
-0.121168 0.869696 -0.478485 -24.4245 -0.991871 -0.08721 0.0926599 8.30515 0.0388572 0.485823 0.873193 -6.42813
-0.144705 0.857325 -0.494019 -24.6464 -0.989001 -0.140772 0.0453948 5.18631 -0.0306261 0.495154 0.868265 -6.39089
-0.0373108 0.87322 -0.485896 -25.015 -0.999176 -0.0403665 0.00418041 2.11988 -0.0159635 0.485652 0.874007 -6.53072
0.107479 0.870888 -0.479585 -25.0542 -0.992815 0.119539 -0.00542455 -0.885102 0.052605 0.476722 0.877479 -6.54957
0.234218 0.830802 -0.504886 -24.4884 -0.965211 0.26081 -0.0185946 -4.0198 0.116231 0.491677 0.862986 -6.37537
0.368911 0.774572 -0.513753 -23.6844 -0.915182 0.399237 -0.0552467 -6.96333 0.162316 0.490558 0.856158 -6.18514
0.38719 0.776858 -0.496564 -22.4562 -0.909865 0.409037 -0.069531 -9.87518 0.149097 0.478728 0.865211 -5.76512
0.546105 0.674872 -0.496303 -20.9954 -0.816494 0.561312 -0.135155 -12.6271 0.187369 0.479037 0.857564 -5.45138
0.654972 0.628819 -0.419045 -19.1755 -0.747607 0.619945 -0.238228 -14.975 0.109983 0.469314 0.876156 -4.9649
0.701926 0.593351 -0.393998 -16.9296 -0.704384 0.660274 -0.260538 -17.2258 0.105556 0.460405 0.881411 -4.5677
0.786728 0.506664 -0.352635 -14.5125 -0.606835 0.73952 -0.291309 -19.4549 0.113185 0.443172 0.889262 -4.16436
0.895653 0.314371 -0.314607 -11.9393 -0.411519 0.854083 -0.318109 -21.1761 0.168696 0.414382 0.894332 -3.82843
0.950241 0.236688 -0.202537 -9.10785 -0.298265 0.878884 -0.37229 -22.2993 0.0898901 0.414175 0.905748 -3.45561
0.981396 0.149301 -0.120708 -6.04646 -0.185429 0.900068 -0.394327 -23.2472 0.0497719 0.409374 0.911008 -3.08486
0.997182 0.0541084 -0.0519668 -3.00641 -0.0706406 0.910452 -0.407538 -23.7259 0.025262 0.410061 0.911708 -2.83203
0.993158 0.106726 0.0473924 0.18021 -0.0779992 0.908317 -0.410946 -23.812 -0.086906 0.404438 0.910427 -2.82992
0.975871 -0.153713 0.155075 3.35378 0.203944 0.895358 -0.395905 -23.8666 -0.0779922 0.417979 0.905103 -3.20403
0.968758 -0.166468 0.183838 6.49378 0.22565 0.899203 -0.374855 -23.1447 -0.102906 0.404627 0.908674 -3.63504
0.903117 -0.372854 0.212976 9.47692 0.428203 0.818933 -0.382086 -22.1793 -0.0319506 0.436266 0.89925 -4.041
0.807137 -0.503201 0.308737 12.3987 0.589289 0.718271 -0.3699 -20.7806 -0.0356225 0.480495 0.876274 -4.22392
0.786619 -0.521969 0.329816 14.9532 0.614825 0.711276 -0.340701 -18.8362 -0.0567546 0.470781 0.880423 -4.46649
0.718062 -0.518157 0.464651 17.3031 0.66836 0.699594 -0.252714 -16.7304 -0.194122 0.492018 0.848667 -4.87533
0.570616 -0.639172 0.515613 19.6054 0.799415 0.576045 -0.170607 -14.488 -0.187969 0.50954 0.839664 -5.68935
0.446516 -0.735634 0.509378 21.5131 0.885734 0.444117 -0.13504 -11.7672 -0.126884 0.511471 0.849881 -6.27546
0.40988 -0.736929 0.537525 22.7994 0.888174 0.456643 -0.0512189 -8.83613 -0.207712 0.49841 0.841691 -6.63749
0.322174 -0.776946 0.540888 24.0446 0.923437 0.383747 0.00118838 -5.86693 -0.208487 0.499093 0.841094 -7.22672
