0.999796 -0.0019538 -0.0201175 -1.25359e-05 0.00196334 0.999998 0.000454588 -0.000178877 0.0201166 -0.000493993 0.999798 -0.00126309
0.979642 -0.200738 -0.00234291 0.345949 0.200525 0.977913 0.0589527 -0.0807532 -0.00954292 -0.0582224 0.998258 0.0538458
0.875384 -0.483245 0.0133299 0.55701 0.479038 0.870811 0.110503 0.0305813 -0.0650081 -0.0903474 0.993786 -0.0227259
0.826013 -0.563651 -0.000866865 0.683065 0.557969 0.817465 0.142904 0.0247722 -0.0798391 -0.118524 0.989736 -0.230208
0.72824 -0.684735 -0.0283545 0.791226 0.678244 0.71417 0.17305 0.109921 -0.0982436 -0.145253 0.984505 -0.377424
0.691006 -0.722582 -0.0196611 1.06185 0.71452 0.678674 0.169891 0.249582 -0.109416 -0.131444 0.985267 -0.457416
0.533792 -0.845494 -0.0143659 1.19268 0.834049 0.523614 0.173755 0.382611 -0.139387 -0.104731 0.984684 -0.474839
0.411814 -0.910678 -0.0327994 1.46042 0.889924 0.394163 0.2295 0.48428 -0.196072 -0.1237 0.972756 -0.584617
0.282049 -0.95671 0.071793 1.72226 0.921222 0.290965 0.258242 0.755989 -0.267952 -0.00669936 0.963409 -0.457127
0.161619 -0.982912 0.088112 1.90557 0.933687 0.181212 0.308854 0.972238 -0.319543 0.0323524 0.947019 -0.561049
0.0476893 -0.995032 0.0873899 2.04642 0.941337 0.0740324 0.329249 1.32262 -0.334083 0.0665616 0.940191 -0.789671
0.0410638 -0.997765 0.0527192 2.05016 0.930173 0.0574408 0.3626 1.69971 -0.364818 0.0341483 0.930453 -0.982789
-0.03446 -0.998554 0.0412492 2.03836 0.917498 -0.0152447 0.397447 2.2303 -0.396244 0.0515421 0.916698 -1.21358
-0.263896 -0.957468 0.116683 2.02355 0.877695 -0.188201 0.440717 2.33233 -0.400012 0.218715 0.89003 -1.17552
-0.438116 -0.898916 0.00199207 1.97143 0.800471 -0.389125 0.455883 2.71587 -0.409025 0.201324 0.890038 -1.32361
-0.556913 -0.82911 0.0492346 1.72978 0.736007 -0.465168 0.491846 2.90211 -0.384892 0.310152 0.869289 -1.53877
-0.611645 -0.79009 0.0405829 1.65606 0.697422 -0.514269 0.499129 3.32339 -0.373486 0.333593 0.865577 -1.77528
-0.635786 -0.768336 0.0737266 1.3734 0.69015 -0.523105 0.500054 3.65522 -0.345643 0.36881 0.86285 -2.01069
-0.719797 -0.691146 0.0648813 0.926818 0.63696 -0.620411 0.457572 3.94931 -0.275996 0.370686 0.886802 -2.07294
-0.826537 -0.554898 0.0944681 0.663598 0.538251 -0.730054 0.42108 4.10118 -0.16469 0.398885 0.902091 -2.1533
-0.889672 -0.428368 0.158064 0.374281 0.453119 -0.785639 0.421254 4.38273 -0.0562707 0.446399 0.893063 -2.27936
-0.929329 -0.331577 0.162492 -0.146447 0.368688 -0.808928 0.457936 4.52492 -0.0203968 0.485482 0.874009 -2.10219
-0.960731 -0.233376 0.150107 -0.523852 0.27481 -0.875131 0.398278 4.76174 0.0384153 0.423889 0.904899 -2.20032
-0.986002 -0.104412 0.12999 -0.896456 0.147638 -0.909027 0.389709 4.99921 0.0774745 0.403445 0.911718 -2.12811
-0.992589 -0.0433777 0.113511 -1.32601 0.0864162 -0.908701 0.408406 5.06506 0.0854314 0.415189 0.905715 -2.12172
-0.989925 0.115666 0.0816747 -1.81409 -0.0704506 -0.90269 0.424485 5.09249 0.122825 0.414454 0.901744 -2.03007
-0.96989 0.235733 0.0611853 -2.20994 -0.179683 -0.862209 0.473613 5.12363 0.164401 0.448359 0.878605 -1.95845
-0.913931 0.399658 0.0707433 -2.76772 -0.318924 -0.814959 0.483869 5.1176 0.251035 0.419661 0.872276 -1.91489
-0.842759 0.523714 0.124425 -3.13107 -0.443873 -0.80688 0.389771 4.87684 0.304524 0.273254 0.912468 -1.92815
-0.772289 0.625733 0.109674 -3.38924 -0.539923 -0.73749 0.405699 4.67393 0.334743 0.254101 0.907403 -1.73027
-0.628871 0.773236 0.0814135 -3.77116 -0.673338 -0.593977 0.440236 4.41159 0.388764 0.222032 0.894184 -1.6869
-0.543989 0.833842 0.0937192 -4.1062 -0.727959 -0.524536 0.441518 4.14834 0.417315 0.171957 0.892344 -1.49532
-0.468065 0.872746 0.138675 -4.36776 -0.766698 -0.479096 0.427366 3.93007 0.43942 0.093713 0.89338 -1.3698
-0.402103 0.904242 0.143736 -4.80455 -0.798477 -0.423142 0.428235 3.41947 0.448049 0.0574247 0.892163 -1.02126
-0.254176 0.951838 0.171459 -4.85739 -0.842528 -0.304967 0.444006 2.97038 0.474911 -0.0316034 0.879466 -0.804295
-0.111508 0.97431 0.195666 -4.93847 -0.896591 -0.183551 0.403031 2.50828 0.428592 -0.130491 0.894025 -0.798043
-0.0655102 0.972162 0.224965 -5.06221 -0.93334 -0.139445 0.330804 1.92755 0.352966 -0.188298 0.916493 -0.69211
0.0475338 0.977328 0.206329 -5.0064 -0.952999 -0.0175052 0.302469 1.56437 0.299223 -0.211008 0.93056 -0.516716
0.243577 0.941462 0.233065 -5.0903 -0.953354 0.188236 0.235974 1.10964 0.17829 -0.279672 0.943396 -0.443927
0.307328 0.934348 0.180398 -4.84003 -0.941418 0.270863 0.200911 0.493591 0.138858 -0.231576 0.962856 -0.222571
0.359628 0.924081 0.129391 -4.56406 -0.919437 0.327301 0.217968 -0.145355 0.159071 -0.197354 0.967341 -0.172741
0.484645 0.865399 0.127292 -4.31534 -0.858508 0.442723 0.258767 -0.687061 0.167582 -0.234691 0.957516 -0.0998224
0.636845 0.760346 0.127681 -3.85701 -0.760116 0.591475 0.269035 -1.25385 0.12904 -0.268386 0.95463 -0.112253
0.692722 0.710369 0.124551 -3.38424 -0.710381 0.642265 0.287846 -1.56789 0.124482 -0.287876 0.949543 -0.0997183
0.828511 0.558856 0.0353487 -3.04908 -0.552268 0.805046 0.216566 -1.9904 0.0925721 -0.19895 0.975628 -0.111895
0.90726 0.417395 0.0515883 -2.82829 -0.418246 0.882548 0.214896 -2.38236 0.0441674 -0.216543 0.975274 -0.270953
0.943991 0.329903 -0.00675437 -2.34611 -0.322338 0.926336 0.194936 -2.67986 0.0705666 -0.18184 0.980793 -0.168494
0.982954 0.178885 -0.0424491 -1.81429 -0.165861 0.962416 0.215048 -2.98172 0.0793226 -0.204342 0.975681 -0.149163
0.996277 -0.026372 -0.0820763 -1.19574 0.0440658 0.974071 0.22191 -3.09275 0.0740959 -0.224701 0.971607 -0.0396984
0.989768 -0.118491 -0.0794921 -0.652851 0.128565 0.982242 0.136647 -3.11062 0.0618889 -0.145469 0.987425 0.039414
0.988629 -0.141473 -0.0509799 0.130702 0.146549 0.982417 0.115671 -3.00122 0.0337193 -0.121826 0.991979 -0.0319553
0.920153 -0.391553 0.00203165 0.826355 0.389447 0.915717 0.0989567 -3.02696 -0.0406072 -0.0902641 0.99509 0.149259
0.905829 -0.421812 0.0393395 1.78539 0.420091 0.906353 0.0452427 -2.69648 -0.0547394 -0.024456 0.998201 0.158185
0.855848 -0.516712 0.0230865 2.28898 0.510025 0.850512 0.128472 -2.46726 -0.0860183 -0.0981777 0.991444 -0.00760003
0.788325 -0.614985 0.0183711 2.8139 0.605955 0.78123 0.149994 -2.1015 -0.106596 -0.107112 0.988516 -0.0279533
0.677199 -0.733231 0.061428 3.33661 0.727774 0.679771 0.0908643 -1.77436 -0.108382 -0.0168276 0.993967 -0.142179
0.587212 -0.808245 0.0438341 3.84783 0.800658 0.587946 0.115175 -1.24659 -0.118862 -0.0325361 0.992378 -0.3263
0.503254 -0.856934 0.111358 4.33756 0.846463 0.514781 0.136022 -0.673068 -0.173887 0.0258066 0.984427 -0.319252
0.39193 -0.91259 0.116487 4.63087 0.880099 0.408799 0.241473 -0.134609 -0.267986 0.00787978 0.963391 -0.486089
0.27095 -0.952492 0.139087 4.85379 0.903056 0.301552 0.305871 0.51266 -0.333282 0.0427275 0.941859 -0.741385
0.121882 -0.977256 0.173541 5.13871 0.933705 0.172196 0.313917 1.15669 -0.33666 0.123775 0.933456 -1.0507
-0.0168481 -0.993439 0.113118 5.11292 0.935092 0.0244002 0.353565 1.60394 -0.354005 0.111733 0.928545 -1.29075
-0.0933665 -0.983712 0.153599 5.06659 0.920837 -0.0266541 0.389036 2.37768 -0.378605 0.177762 0.908327 -1.55607
-0.154967 -0.972987 0.171117 4.98467 0.894535 -0.0646863 0.442293 3.01226 -0.419277 0.221611 0.880395 -1.92116
-0.328357 -0.933086 0.146741 4.78922 0.841151 -0.218185 0.494834 3.6193 -0.429706 0.285914 0.856508 -2.12615
-0.356065 -0.922934 0.146326 4.37164 0.829838 -0.240304 0.503609 4.3082 -0.429635 0.300745 0.85145 -2.50487
-0.502864 -0.852674 0.141684 3.91235 0.769617 -0.367069 0.522446 4.77983 -0.393468 0.371762 0.840819 -2.79425
-0.670809 -0.721033 0.173573 3.65163 0.678755 -0.502579 0.535449 5.28026 -0.298842 0.476998 0.826539 -3.07977
-0.737305 -0.647232 0.193577 2.98642 0.638827 -0.574778 0.511401 5.83573 -0.219731 0.50072 0.837256 -3.19837
-0.818195 -0.528264 0.226923 2.24257 0.56514 -0.66639 0.486355 6.22785 -0.105705 0.526177 0.84378 -3.45182
-0.877456 -0.426834 0.218824 1.61916 0.478726 -0.7509 0.454941 6.57674 -0.0298692 0.503947 0.863218 -3.6327
-0.926033 -0.334127 0.17556 0.932121 0.377422 -0.824454 0.421696 6.96083 0.0038416 0.456765 0.889579 -3.66063
-0.962039 -0.214243 0.169058 0.207002 0.267609 -0.862071 0.43037 7.36438 0.053536 0.459275 0.88668 -3.64734
-0.977716 -0.147688 0.149198 -0.717697 0.200597 -0.866817 0.456497 7.70385 0.0619083 0.476253 0.877126 -3.45916
-0.97662 0.156199 0.147701 -1.3193 -0.0726153 -0.886376 0.457236 7.80526 0.202338 0.43582 0.876995 -3.42862
-0.982534 0.153328 0.105435 -2.20531 -0.0887168 -0.884054 0.458887 7.80936 0.163571 0.441519 0.882216 -3.43267
-0.961323 0.270095 0.0539105 -3.00767 -0.211298 -0.848792 0.48467 7.77328 0.176666 0.454534 0.873034 -3.34623
-0.910642 0.405884 0.0773958 -3.91651 -0.322326 -0.814994 0.48155 7.60312 0.25853 0.413573 0.872995 -3.02784
-0.863103 0.497232 0.0883901 -4.63483 -0.384445 -0.760381 0.523472 7.37482 0.327497 0.417829 0.847446 -2.81503
-0.800395 0.589908 0.106661 -5.33446 -0.473233 -0.730982 0.491645 6.97378 0.367993 0.343035 0.864239 -2.69184
-0.702454 0.706313 0.0876371 -6.03477 -0.60481 -0.657294 0.449633 6.39465 0.375185 0.262843 0.888904 -2.43534
-0.607345 0.79187 0.0638209 -6.63695 -0.679739 -0.55956 0.474181 5.77299 0.411202 0.24461 0.878111 -2.09339
-0.452331 0.884447 0.114669 -7.05612 -0.7647 -0.450788 0.460461 5.35531 0.458945 0.120593 0.880242 -1.7713
-0.303414 0.948058 0.095534 -7.38542 -0.844003 -0.313933 0.434862 4.76059 0.442266 0.0513123 0.895415 -1.30614
-0.212906 0.973088 0.0881501 -7.7072 -0.876275 -0.230073 0.423331 3.89908 0.432219 0.0128861 0.901677 -0.88334
-0.154521 0.98109 0.116558 -7.94468 -0.904709 -0.187916 0.382348 3.09873 0.397021 -0.0463707 0.916638 -0.434004
-0.00151997 0.997929 0.0643117 -8.07736 -0.93295 -0.0245676 0.359168 2.3038 0.360004 -0.0594537 0.931055 -0.188648
0.11851 0.989541 0.0822445 -8.08623 -0.966507 0.0959687 0.238023 1.61571 0.227641 -0.107698 0.967771 0.196246
0.261282 0.958408 0.114825 -7.86796 -0.954165 0.238458 0.180852 0.554259 0.145949 -0.156816 0.976784 0.24646
0.312963 0.946756 0.0755435 -7.57159 -0.945449 0.30298 0.119706 -0.309525 0.0904439 -0.108886 0.989931 0.446984
0.412888 0.903535 0.114668 -7.24859 -0.90713 0.396696 0.140527 -1.1639 0.0814828 -0.16204 0.983414 0.490642
0.587009 0.803852 0.0961351 -6.90628 -0.806283 0.569775 0.158948 -2.06952 0.0729955 -0.170816 0.982595 0.482397
0.633319 0.773573 0.0221886 -6.26589 -0.767053 0.623662 0.150584 -3.06573 0.102649 -0.112387 0.988348 0.436731
0.728864 0.682366 0.0559846 -5.50186 -0.679074 0.710074 0.186153 -3.70841 0.0872715 -0.173698 0.980924 0.515789
0.784712 0.614031 0.0848108 -4.82824 -0.617639 0.762973 0.190774 -4.41581 0.0524328 -0.202085 0.977963 0.363812
0.882226 0.470186 0.0245503 -4.11483 -0.469034 0.873126 0.132884 -5.04123 0.0410447 -0.128749 0.990827 0.376173
0.939715 0.341428 0.0190192 -3.21945 -0.340817 0.930592 0.133579 -5.48644 0.0279084 -0.132008 0.990856 0.312493
0.972961 0.230143 -0.0195025 -2.15598 -0.225294 0.96427 0.139377 -5.93113 0.0508822 -0.131214 0.990047 0.374852
0.995676 0.068895 -0.062319 -1.20761 -0.0611345 0.991028 0.118852 -6.07083 0.0699482 -0.114528 0.990954 0.303216
0.998029 -0.0303191 -0.0549501 -0.231091 0.0354035 0.994938 0.0940514 -6.12935 0.0518204 -0.0958115 0.99405 0.417309
0.98313 -0.169561 -0.0685922 0.834381 0.175466 0.980187 0.0918989 -5.9706 0.0516507 -0.102384 0.993403 0.404288
0.957542 -0.288104 -0.010452 1.97816 0.28644 0.946654 0.147641 -5.78485 -0.0326416 -0.144367 0.988986 0.296767
0.907875 -0.409907 0.0879692 2.92131 0.402448 0.910901 0.0910758 -5.49995 -0.117464 -0.0472824 0.991951 0.366439
0.873994 -0.476018 0.0976784 3.87056 0.469969 0.879127 0.0791435 -5.10029 -0.123546 -0.0232651 0.992066 0.107188
0.793158 -0.604275 0.0758457 4.74971 0.599464 0.79661 0.0778137 -4.4915 -0.10744 -0.0162517 0.994079 0.20749
0.754911 -0.653043 0.0603746 5.55989 0.64541 0.756108 0.108387 -3.80381 -0.116431 -0.0428559 0.992274 -0.118355
0.659412 -0.748095 0.0743641 6.24631 0.737015 0.662798 0.132319 -3.07914 -0.148275 -0.0324451 0.988414 -0.370983
0.515132 -0.845595 0.140027 6.86064 0.829172 0.533017 0.168425 -2.26969 -0.217056 0.0293451 0.975718 -0.552124
0.421057 -0.889576 0.177105 7.29271 0.868235 0.451785 0.205081 -1.417 -0.262448 0.0674183 0.962588 -0.838567
0.238705 -0.945611 0.220999 7.7579 0.930824 0.287658 0.225432 -0.518849 -0.276742 0.151899 0.948863 -1.12118
0.16324 -0.963083 0.214065 8.06982 0.935259 0.220134 0.277186 0.584126 -0.314076 0.154958 0.936667 -1.46235
-0.0611663 -0.970979 0.23121 8.16241 0.939405 0.0222798 0.342084 1.44715 -0.337308 0.238124 0.91078 -1.77255
-0.169276 -0.951362 0.257404 8.16377 0.921566 -0.0602071 0.383524 2.29116 -0.349372 0.302136 0.886934 -2.27928
-0.3217 -0.918951 0.22812 8.01527 0.872711 -0.194327 0.447897 3.278 -0.367265 0.343172 0.864494 -2.69807
-0.415288 -0.86222 0.290022 7.6735 0.83779 -0.23828 0.491254 4.28453 -0.354463 0.446989 0.821314 -3.07875
-0.528675 -0.825465 0.197765 7.13026 0.78295 -0.384235 0.489237 5.1306 -0.327859 0.413487 0.849433 -3.60984
-0.645362 -0.742354 0.180051 6.50283 0.703186 -0.485275 0.519652 5.88622 -0.298392 0.461973 0.835191 -4.08833
-0.704218 -0.691143 0.162475 5.88147 0.646826 -0.530194 0.548188 6.78631 -0.292733 0.491137 0.820422 -4.5447
-0.769555 -0.596325 0.228433 4.98004 0.603088 -0.561094 0.566973 7.50179 -0.209928 0.574082 0.791429 -4.79307
-0.784485 -0.569009 0.246602 3.91746 0.600967 -0.599397 0.528736 8.15587 -0.153043 0.562985 0.812174 -5.06946
-0.865338 -0.455462 0.209151 2.99215 0.495856 -0.71731 0.489482 8.86721 -0.0729145 0.527276 0.84656 -5.23196
-0.916947 -0.319394 0.239157 1.93537 0.398664 -0.75828 0.515828 9.45565 0.0165959 0.56833 0.822633 -5.26862
-0.959758 -0.160135 0.2307 0.799981 0.259743 -0.818498 0.51244 10.0126 0.106768 0.55174 0.827154 -5.1752
-0.985406 -0.106248 0.132989 -0.300182 0.161588 -0.82951 0.534605 10.2329 0.0535153 0.548292 0.834573 -4.9091
-0.988576 0.0353208 0.146528 -1.67396 0.0597379 -0.800723 0.596049 10.441 0.138381 0.597993 0.789465 -4.73943
-0.987862 0.145585 0.0541604 -2.79135 -0.0949549 -0.841923 0.531177 10.5237 0.12293 0.519587 0.845528 -4.66994
-0.940235 0.340454 0.00708208 -3.90403 -0.278472 -0.780696 0.559434 10.4397 0.19599 0.524027 0.828845 -4.64624
-0.901194 0.431298 0.0427968 -5.12315 -0.343215 -0.770453 0.537221 10.0921 0.264675 0.469451 0.842355 -4.40635
-0.80053 0.599061 0.0166661 -6.16964 -0.494131 -0.675536 0.547252 9.74448 0.339096 0.429857 0.836802 -4.16179
-0.790408 0.612581 0.000178907 -7.14885 -0.521707 -0.673307 0.523908 9.16825 0.321057 0.414008 0.851775 -3.68506
-0.66886 0.743386 -0.00199622 -8.06489 -0.642596 -0.57682 0.50433 8.48746 0.37376 0.338609 0.863509 -3.26948
-0.601923 0.798552 0.00199446 -8.95666 -0.676864 -0.51152 0.529341 7.45861 0.423727 0.317273 0.848407 -2.83116
-0.488514 0.87079 0.0554959 -9.64451 -0.731812 -0.443524 0.517434 6.70548 0.47519 0.212161 0.853922 -2.30908
-0.390931 0.919849 -0.0324315 -10.2547 -0.77692 -0.310883 0.547492 5.71813 0.493527 0.239228 0.836182 -1.63876
-0.282143 0.957688 -0.0568329 -10.8088 -0.871103 -0.230913 0.433427 4.72555 0.401964 0.171795 0.899395 -0.950714
-0.10282 0.987962 -0.115578 -11.02 -0.92168 -0.0509298 0.384594 3.65023 0.374078 0.14607 0.915822 -0.522056
-0.00712281 0.999638 -0.0259591 -11.1555 -0.93094 0.0028494 0.365162 2.36325 0.365104 0.0267673 0.930582 -0.0087952
0.117908 0.991111 -0.061611 -11.0055 -0.967259 0.128669 0.218755 1.32886 0.224737 0.033801 0.973833 0.485318
0.289202 0.957087 0.0186072 -10.8767 -0.951018 0.285042 0.119652 -0.0810992 0.109214 -0.0522995 0.992641 0.629891
0.405661 0.913952 0.0114739 -10.5586 -0.913792 0.405243 0.0276086 -1.26062 0.0205832 -0.0216844 0.999553 0.679819
0.505678 0.862635 0.0122623 -9.99621 -0.862718 0.505668 0.00409414 -2.54296 -0.00266893 -0.0126493 0.999916 0.744774
0.590198 0.806107 0.043096 -9.37936 -0.806418 0.586307 0.0770363 -3.78171 0.036832 -0.08022 0.996096 0.740057
0.675939 0.736898 -0.00940319 -8.59754 -0.73634 0.675839 0.0323182 -4.87666 0.0301702 -0.0149211 0.999433 0.812691
0.762375 0.645485 0.0461887 -7.63573 -0.645786 0.763452 -0.0100727 -5.91281 -0.0417646 -0.0221488 0.998882 0.915357
0.854446 0.512704 0.0840027 -6.63983 -0.517028 0.855006 0.0405691 -6.89054 -0.0510229 -0.0780959 0.995639 0.80013
0.894796 0.446298 0.0125949 -5.44093 -0.446475 0.894372 0.0275537 -7.60659 0.00103264 -0.0302782 0.999541 0.702782
0.940747 0.332892 0.0646375 -4.25866 -0.337827 0.936569 0.0933411 -8.31839 -0.029465 -0.109647 0.993534 0.718349
0.961993 0.272075 0.023333 -2.80165 -0.272972 0.960446 0.0550379 -8.81649 -0.00743569 -0.0593153 0.998212 0.655384
0.994207 0.100622 -0.0377976 -1.5985 -0.100466 0.994922 0.00600319 -9.16031 0.0382097 -0.00217104 0.999267 0.633301
0.999378 0.0148309 -0.0319838 -0.192569 -0.0139087 0.999487 0.0288656 -9.19316 0.0323955 -0.0284029 0.999071 0.596716
0.991067 -0.13282 -0.012072 1.29046 0.133071 0.990836 0.0231586 -9.02316 0.00888544 -0.0245582 0.999659 0.578637
0.971042 -0.234525 0.0455598 2.69626 0.232579 0.971573 0.0441899 -8.80291 -0.0546283 -0.0323139 0.997984 0.549757
0.926941 -0.355358 0.120422 4.05921 0.350895 0.934669 0.0571622 -8.20802 -0.132868 -0.0107306 0.991076 0.397193
0.848828 -0.507063 0.149591 5.33069 0.507911 0.860683 0.0353708 -7.69311 -0.146685 0.045955 0.988115 0.216093
0.776912 -0.613072 0.143351 6.5189 0.607444 0.789755 0.0854287 -6.93028 -0.165587 0.0207074 0.985978 0.0857136
0.713934 -0.687709 0.131736 7.57615 0.682774 0.725449 0.0868515 -5.96305 -0.155296 0.0279396 0.987473 -0.174494
0.601286 -0.791275 0.111079 8.51348 0.775474 0.6114 0.157575 -5.07263 -0.192599 -0.00860888 0.98124 -0.435479
0.409947 -0.890303 0.198253 9.4343 0.876095 0.444821 0.18599 -4.05131 -0.253775 0.097442 0.962343 -0.786494
0.399488 -0.886951 0.231792 9.99829 0.86722 0.447605 0.218126 -2.70448 -0.297218 0.113876 0.947995 -1.14842
0.267608 -0.930753 0.249168 10.5421 0.893549 0.336483 0.297235 -1.39103 -0.360494 0.143102 0.921719 -1.6963
0.139759 -0.941653 0.306196 11.0013 0.913663 0.241838 0.326702 -0.0939762 -0.38169 0.234101 0.894153 -1.9924
-0.0312337 -0.948319 0.315778 11.116 0.921103 0.0953521 0.37746 1.23641 -0.388063 0.302654 0.870522 -2.4944
-0.131353 -0.956221 0.261511 10.9853 0.892317 0.000877874 0.451408 2.4734 -0.431875 0.292644 0.853137 -3.17095
-0.308509 -0.91558 0.257943 10.8606 0.841402 -0.13618 0.52297 3.7794 -0.443695 0.378375 0.812384 -3.87374
-0.434737 -0.856447 0.278391 10.3045 0.793939 -0.218591 0.567343 5.02043 -0.425046 0.467671 0.774997 -4.37678
-0.556145 -0.800299 0.224107 9.64019 0.750708 -0.368056 0.54861 6.23709 -0.356568 0.473345 0.805483 -5.02967
-0.640768 -0.718806 0.269694 8.85967 0.702282 -0.406855 0.584182 7.26919 -0.310187 0.563726 0.765504 -5.66319
-0.707625 -0.655446 0.263926 7.88323 0.669834 -0.503365 0.545845 8.29204 -0.224921 0.56304 0.795234 -6.19349
-0.825073 -0.492254 0.277382 6.73458 0.553185 -0.603769 0.573976 9.18982 -0.115067 0.627016 0.770461 -6.71868
-0.819925 -0.514693 0.250628 5.56843 0.555421 -0.609164 0.566063 10.1502 -0.138675 0.603333 0.78534 -6.86543
-0.876035 -0.381989 0.294358 4.25531 0.481537 -0.659762 0.57692 10.9903 -0.026171 0.647146 0.761916 -6.95728
-0.928042 -0.211351 0.306706 2.87253 0.361341 -0.710681 0.603627 11.6983 0.0903925 0.671016 0.735912 -7.07342
-0.942616 -0.11583 0.313143 1.35271 0.298553 -0.712287 0.635227 12.3434 0.149469 0.692265 0.705995 -6.97776
-0.982511 0.00102199 0.186201 -0.0671921 0.122634 -0.74893 0.651202 12.8234 0.140117 0.662648 0.735707 -6.77503
-0.995714 0.025905 0.0887845 -1.72712 0.0365918 -0.771298 0.635421 12.8499 0.0849399 0.635946 0.767045 -6.58989
-0.989704 0.131767 0.0558947 -3.29484 -0.0684832 -0.778848 0.623463 12.9616 0.125685 0.613216 0.779852 -6.47478
-0.965074 0.258145 -0.0446469 -4.93723 -0.232979 -0.767762 0.596877 12.8153 0.119802 0.586432 0.80109 -6.3225
-0.918616 0.393961 -0.0306488 -6.4128 -0.323789 -0.705991 0.62987 12.3742 0.226507 0.588533 0.776095 -5.983
-0.845701 0.532876 -0.0288658 -7.95082 -0.442862 -0.670607 0.595113 11.8646 0.297764 0.516071 0.803123 -5.56902
-0.730013 0.679434 -0.0738276 -9.02167 -0.591489 -0.573989 0.566283 11.1002 0.342376 0.457063 0.820897 -5.06798
-0.677673 0.729257 -0.0945713 -10.35 -0.638117 -0.519256 0.568489 10.0872 0.365468 0.445597 0.817237 -4.46769
-0.571042 0.819321 -0.0512207 -11.4057 -0.710287 -0.461839 0.531223 9.06528 0.411586 0.339732 0.845683 -3.86914
-0.523559 0.849371 -0.0667472 -12.413 -0.70422 -0.387327 0.595022 7.84862 0.479542 0.358534 0.800933 -3.06544
-0.408289 0.907363 -0.0999645 -13.2486 -0.78551 -0.293431 0.54486 6.58693 0.465053 0.300984 0.832547 -2.37103
-0.249738 0.95988 -0.127522 -13.733 -0.875356 -0.167493 0.45354 5.37963 0.413985 0.224894 0.882065 -1.59011
-0.02493 0.988258 -0.150746 -14.0951 -0.938637 0.0287494 0.343705 3.87232 0.344003 0.150064 0.926899 -0.881275
-0.0113393 0.985834 -0.167341 -14.1699 -0.943237 0.045007 0.329058 2.23677 0.331928 0.161574 0.929364 -0.256207
0.132719 0.977562 -0.163581 -14.0123 -0.965823 0.164628 0.200209 0.827293 0.222647 0.131419 0.966001 0.192138
0.332946 0.932759 -0.138232 -13.9309 -0.937143 0.343561 0.0610678 -0.857521 0.104452 0.10921 0.988515 0.621448
0.400671 0.910992 -0.0977589 -13.2906 -0.914008 0.404834 0.0264377 -2.3502 0.0636607 0.0787596 0.994859 0.676019
0.505177 0.86136 -0.0534358 -12.6505 -0.862483 0.506072 0.00381642 -4.03401 0.0303297 0.0441595 0.998564 0.721953
0.615653 0.786807 -0.0436607 -11.745 -0.786819 0.616827 0.0209959 -5.56251 0.0434508 0.0214269 0.998826 0.795405
0.623683 0.781559 0.0136133 -10.6727 -0.781492 0.62382 -0.0109206 -6.91737 -0.0170274 -0.0038277 0.999848 0.772705
0.739875 0.671387 0.0427063 -9.62598 -0.669831 0.741087 -0.0460118 -8.22945 -0.0625408 0.00543697 0.998028 0.888475
0.80184 0.597528 0.00366646 -8.18154 -0.597112 0.801484 -0.0328733 -9.45521 -0.0225813 0.0241699 0.999453 0.900555
0.871974 0.487836 -0.040953 -6.80714 -0.48955 0.869142 -0.0702293 -10.3392 0.00133363 0.0812867 0.99669 0.727206
0.956762 0.287995 0.0408167 -5.25634 -0.286683 0.957381 -0.0351257 -11.1832 -0.0491932 0.0219055 0.998549 0.772461
0.948651 0.3158 -0.018207 -3.67374 -0.316166 0.948426 -0.0229587 -11.7956 0.0100177 0.0275362 0.999571 0.716726
0.997491 0.0675062 -0.0213178 -1.96231 -0.0680961 0.997278 -0.0282745 -12.141 0.0193511 0.0296553 0.999373 0.584093
0.997309 0.0717991 -0.0148252 -0.188797 -0.0722986 0.996716 -0.0364708 -12.2008 0.0121579 0.0374445 0.999225 0.556682
0.990692 -0.134487 0.0210375 1.75867 0.135172 0.990185 -0.035527 -12.0246 -0.0160531 0.03804 0.999147 0.513481
0.96106 -0.269968 0.0590065 3.47608 0.272138 0.961715 -0.0323441 -11.8151 -0.0480155 0.0471425 0.997733 0.446022
0.870426 -0.482323 0.0986061 5.23799 0.488264 0.87139 -0.047729 -11.0479 -0.0629035 0.0896903 0.993981 0.374717
0.876329 -0.460676 0.140806 6.85942 0.469003 0.882647 -0.0311551 -10.2212 -0.109929 0.0933405 0.989547 0.101342
0.755709 -0.628043 0.18565 8.53982 0.634474 0.772356 0.0301377 -9.32782 -0.162316 0.0950147 0.982154 0.0114332
0.701988 -0.68563 0.192676 9.63867 0.686689 0.723358 0.0721865 -8.24451 -0.188867 0.0816345 0.978604 -0.283024
0.626334 -0.752148 0.204886 10.9836 0.749059 0.653467 0.109048 -6.90351 -0.215907 0.0851714 0.972692 -0.563561
0.417285 -0.870941 0.25949 12.1847 0.866831 0.467202 0.174146 -5.45035 -0.272905 0.152265 0.949915 -1.02521
0.415893 -0.863104 0.286505 12.7982 0.843823 0.483723 0.232326 -4.02611 -0.339111 0.145136 0.929483 -1.59966
0.168748 -0.935853 0.30936 13.3884 0.934056 0.252056 0.252998 -2.44522 -0.314745 0.246267 0.916672 -2.16665
0.135898 -0.9346 0.328717 13.7621 0.914214 0.246153 0.321903 -0.860828 -0.381765 0.256772 0.887876 -2.8684
-0.0873688 -0.939539 0.331109 14.055 0.922474 0.0491639 0.382916 0.716548 -0.376043 0.338894 0.862405 -3.55787
-0.125488 -0.939266 0.319426 13.8907 0.897768 0.0295136 0.439478 2.44995 -0.422214 0.34192 0.839539 -4.11613
-0.353631 -0.882372 0.310428 13.5715 0.844086 -0.158021 0.512394 4.21092 -0.403068 0.443226 0.800679 -5.05628
-0.447871 -0.843737 0.295835 12.9391 0.776944 -0.203526 0.595764 5.74257 -0.442458 0.496673 0.746691 -5.72359
-0.43917 -0.852882 0.282352 12.0133 0.774734 -0.200398 0.59969 7.16236 -0.454882 0.482114 0.748765 -6.57241
-0.669593 -0.69597 0.259365 11.0876 0.655834 -0.390131 0.646282 8.48959 -0.348607 0.602846 0.71767 -7.44952
-0.703547 -0.66181 0.258899 9.71865 0.6425 -0.436689 0.62968 9.63911 -0.30367 0.609352 0.732444 -8.05727
-0.745223 -0.596577 0.29789 8.25123 0.626714 -0.474044 0.618476 10.9322 -0.227756 0.647594 0.727151 -8.64608
-0.84926 -0.416326 0.324701 7.04328 0.525625 -0.60872 0.594288 12.0023 -0.0497653 0.675376 0.735793 -9.02316
-0.892014 -0.325103 0.314037 5.37977 0.451998 -0.646136 0.614985 13.0002 0.0029772 0.690519 0.723308 -9.10072
-0.900602 -0.316099 0.298326 3.47055 0.434175 -0.62233 0.651304 13.8632 -0.0202192 0.716091 0.697714 -9.08159
-0.934398 -0.272188 0.229815 1.83996 0.354061 -0.638489 0.683354 14.5621 -0.039266 0.719893 0.692974 -9.02835
-0.985367 -0.0713285 0.154805 -0.00316811 0.160067 -0.699355 0.696621 15.1109 0.0585747 0.711206 0.700539 -8.90158
-0.988789 0.0902848 0.118935 -1.96283 0.0183751 -0.716879 0.696956 15.2608 0.148186 0.691327 0.707183 -8.57206
-0.987772 0.147223 0.05131 -3.74121 -0.0738782 -0.731799 0.677505 15.2036 0.137293 0.665429 0.733727 -8.51269
-0.977319 0.211645 0.00738489 -5.72254 -0.152399 -0.727095 0.669408 15.0386 0.147046 0.6531 0.742858 -8.21886
-0.897072 0.439219 -0.0484724 -7.72403 -0.358907 -0.66023 0.659759 14.6623 0.257776 0.609248 0.749912 -7.87705
-0.785923 0.61515 -0.0625671 -9.57109 -0.500832 -0.573974 0.647859 13.8616 0.362619 0.540503 0.759186 -7.29856
-0.731592 0.676079 -0.0876922 -11.0982 -0.568199 -0.5336 0.626435 12.8011 0.376728 0.508122 0.774525 -6.57467
-0.654737 0.746338 -0.119584 -12.5649 -0.648171 -0.472998 0.59678 11.5371 0.388836 0.468244 0.793444 -5.80872
-0.511928 0.852357 -0.106848 -13.8953 -0.718038 -0.356307 0.597885 10.3451 0.471541 0.382795 0.794429 -5.16279
-0.494738 0.858371 -0.135774 -15.1361 -0.743196 -0.33692 0.578052 8.8813 0.450438 0.386891 0.804625 -4.17565
-0.39335 0.905108 -0.161418 -16.0082 -0.804949 -0.254207 0.536131 7.5098 0.444222 0.34082 0.828558 -3.2577
-0.246394 0.94869 -0.198183 -16.6399 -0.877854 -0.131811 0.460432 5.88764 0.410684 0.287423 0.86529 -2.45969
0.00236082 0.977422 -0.211282 -17.1199 -0.92814 0.0807864 0.363359 3.88754 0.372224 0.195241 0.907375 -1.50423
0.00884938 0.974066 -0.226089 -17.1118 -0.957272 0.0736092 0.279664 2.03815 0.289054 0.213954 0.933098 -0.749867
0.0782901 0.970748 -0.226979 -16.9154 -0.972231 0.124712 0.198025 0.182821 0.220539 0.205173 0.953555 -0.167843
0.34969 0.914068 -0.205417 -16.7308 -0.924127 0.372576 0.0847162 -1.90463 0.15397 0.160207 0.975001 0.177501
0.318759 0.932556 -0.169504 -16.1091 -0.944417 0.327664 0.0266905 -3.56068 0.0804308 0.151575 0.985168 0.380515
0.514428 0.849788 -0.115 -15.2015 -0.856803 0.514883 -0.0280154 -5.6306 0.0354041 0.112944 0.99297 0.589342
0.590135 0.80286 -0.0845938 -14.3371 -0.807047 0.589347 -0.0366852 -7.28101 0.0204021 0.0899204 0.99574 0.644522
0.650347 0.757061 -0.0625089 -13.1268 -0.759521 0.649479 -0.036108 -8.79113 0.0132623 0.0709596 0.997391 0.583369
0.73697 0.67417 -0.0486833 -11.7264 -0.675922 0.735284 -0.0498747 -10.3123 0.00217203 0.0696623 0.997568 0.679862
0.829578 0.55763 -0.0291492 -10.1148 -0.557737 0.824951 -0.0915685 -11.8359 -0.0270147 0.0922208 0.995372 0.727184
0.90475 0.421657 -0.060269 -8.43695 -0.425801 0.898994 -0.102489 -13.0494 0.0109664 0.118389 0.992907 0.418157
0.927335 0.372908 -0.0314585 -6.40944 -0.374212 0.923126 -0.0883449 -14.0473 -0.00390434 0.0936974 0.995593 0.276121
0.920857 0.386857 -0.0486216 -4.47458 -0.389796 0.916311 -0.0918343 -14.599 0.0090258 0.103519 0.994587 0.347875
0.98605 0.16592 -0.0132387 -2.3502 -0.166419 0.981313 -0.0965849 -15.3194 -0.00303403 0.0974407 0.995237 0.484854
