0.999963 -0.00214265 0.00829742 -0.00035106 0.00210993 0.99999 0.00394924 -0.000173833 -0.0083058 -0.00393158 0.999958 0.00202921
0.97869 -0.200783 0.0430374 0.346648 0.197714 0.977997 0.0665687 -0.0843149 -0.0554563 -0.056641 0.996853 0.0459695
0.871764 -0.48468 0.0715115 0.551457 0.474208 0.871434 0.125416 0.019903 -0.123104 -0.0754217 0.989524 -0.0532439
0.822855 -0.564959 0.0610811 0.663828 0.551109 0.819611 0.156576 0.00572238 -0.138522 -0.0951767 0.985775 -0.271312
0.725627 -0.687633 0.0250454 0.75973 0.674949 0.718378 0.168453 0.0845528 -0.133826 -0.10533 0.985391 -0.423753
0.690839 -0.722977 0.00681043 1.02304 0.715678 0.685142 0.135594 0.217711 -0.102697 -0.0887995 0.990741 -0.523013
0.537214 -0.843363 -0.0118154 1.15222 0.839404 0.533217 0.105261 0.345271 -0.0824731 -0.0664656 0.994374 -0.546258
0.416943 -0.907519 -0.0506637 1.41901 0.904774 0.409065 0.11853 0.447956 -0.0868434 -0.0952595 0.991657 -0.654423
0.293831 -0.955167 0.0363298 1.67614 0.948991 0.296057 0.108472 0.698198 -0.114364 0.00260432 0.993435 -0.497633
0.180626 -0.982444 0.0466606 1.86063 0.975731 0.184959 0.117214 0.922215 -0.123787 0.0243562 0.99201 -0.557263
0.0720914 -0.996509 0.0421061 2.00988 0.99245 0.0758696 0.0963682 1.30553 -0.0992263 0.0348408 0.994455 -0.701129
0.0717228 -0.997398 0.00732857 2.02031 0.99387 0.072085 0.0838176 1.71441 -0.0841278 0.00127202 0.996454 -0.789368
0.00137162 -0.999987 -0.00500168 2.02126 0.996123 0.000926316 0.0879699 2.28716 -0.0879641 -0.00510295 0.996111 -0.854698
-0.224908 -0.971055 0.0804265 1.99674 0.969977 -0.215289 0.11312 2.37139 -0.0925304 0.103453 0.990321 -0.779039
-0.398255 -0.916961 -0.0239885 1.95759 0.909924 -0.398232 0.115967 2.78471 -0.11589 0.0243567 0.992963 -0.78184
-0.517938 -0.854554 0.0384283 1.72853 0.849447 -0.508505 0.140933 3.04554 -0.100894 0.105637 0.989273 -0.912464
-0.572408 -0.818769 0.044344 1.67635 0.815317 -0.562575 0.136991 3.52914 -0.0872172 0.114569 0.989579 -0.969152
-0.595465 -0.798455 0.0888387 1.41347 0.801598 -0.583134 0.131891 3.9412 -0.0535044 0.14975 0.987275 -1.05065
-0.681868 -0.726385 0.0861437 0.983988 0.731466 -0.676537 0.085174 4.26264 -0.00358963 0.121089 0.992635 -0.979256
-0.792991 -0.596964 0.121653 0.730797 0.605444 -0.794425 0.0482344 4.44944 0.06785 0.111903 0.9914 -0.976848
-0.860429 -0.472963 0.189651 0.460971 0.490847 -0.869234 0.0591779 4.77555 0.136862 0.144008 0.980067 -0.965948
-0.905653 -0.375187 0.197554 -0.0447364 0.401022 -0.909243 0.111617 4.87628 0.137748 0.18031 0.973917 -0.72121
-0.94281 -0.27895 0.182475 -0.403825 0.293439 -0.954255 0.0573667 5.1559 0.158126 0.107631 0.981535 -0.708595
-0.975937 -0.149501 0.15873 -0.757187 0.160248 -0.985421 0.0571418 5.37581 0.147874 0.0812031 0.985667 -0.5408
-0.986753 -0.0868499 0.137026 -1.17863 0.0990121 -0.991485 0.0845832 5.4578 0.128513 0.0970299 0.98695 -0.493847
-0.99371 0.0758211 0.0824154 -1.66046 -0.0668678 -0.992068 0.106442 5.47822 0.0898322 0.100262 0.990897 -0.379598
-0.979786 0.198252 0.0267302 -2.05178 -0.192358 -0.97037 0.14622 5.50016 0.0549267 0.138123 0.988891 -0.297452
-0.931125 0.364377 -0.0153142 -2.60729 -0.363099 -0.922294 0.132412 5.49723 0.0341237 0.128853 0.991076 -0.271653
-0.863577 0.503788 -0.0207699 -2.9637 -0.504188 -0.863234 0.0249253 5.28567 -0.00537224 0.0319969 0.999474 -0.383765
-0.790249 0.608108 -0.0755666 -3.24077 -0.61042 -0.792015 0.0099702 5.03144 -0.0537869 0.0540063 0.997091 -0.293396
-0.648761 0.747607 -0.142103 -3.6108 -0.758486 -0.650393 0.0410864 4.78051 -0.0617063 0.134438 0.988999 -0.398191
-0.569457 0.806836 -0.15727 -3.96205 -0.820859 -0.568318 0.0566179 4.46174 -0.0436978 0.161338 0.985931 -0.379547
-0.500479 0.857743 -0.11746 -4.23116 -0.865745 -0.496219 0.0652054 4.21464 -0.00235662 0.134325 0.990935 -0.389999
-0.441651 0.888773 -0.122585 -4.70131 -0.896754 -0.433054 0.0910832 3.61465 0.0278665 0.150155 0.98827 -0.348525
-0.311724 0.94536 -0.0955087 -4.77418 -0.944354 -0.29714 0.141077 3.11199 0.104989 0.134171 0.985381 -0.305951
-0.164173 0.983143 -0.080479 -4.82225 -0.979565 -0.152876 0.130697 2.66941 0.11619 0.100291 0.988151 -0.452499
-0.10394 0.992734 -0.0606236 -4.93277 -0.99166 -0.0987717 0.0827932 2.07694 0.0762037 0.0687235 0.994721 -0.543984
0.0152557 0.996392 -0.083488 -4.90715 -0.996543 0.0219715 0.0801227 1.67195 0.0816679 0.081977 0.993282 -0.454204
0.230832 0.971047 -0.0615128 -4.98436 -0.971941 0.233061 0.0318398 1.20492 0.0452542 0.0524372 0.997598 -0.520047
0.290663 0.949196 -0.120594 -4.77727 -0.953954 0.297237 0.0402766 0.545421 0.0740752 0.103334 0.991885 -0.375605
0.333097 0.928357 -0.164923 -4.50838 -0.935383 0.347382 0.0662214 -0.100063 0.118769 0.132208 0.984081 -0.369342
0.449537 0.880143 -0.152527 -4.27392 -0.876366 0.467611 0.115425 -0.654009 0.172914 0.0817821 0.981536 -0.331912
0.599864 0.786834 -0.145107 -3.81134 -0.772927 0.616745 0.149026 -1.22037 0.206753 0.022762 0.978128 -0.320114
0.653277 0.745217 -0.13372 -3.35069 -0.723171 0.666469 0.181225 -1.53864 0.224172 -0.0216874 0.974308 -0.23793
0.7956 0.574586 -0.19202 -3.01522 -0.561697 0.818368 0.121535 -1.96243 0.226975 0.0111634 0.973837 -0.232592
0.886679 0.437823 -0.1487 -2.75916 -0.424082 0.898187 0.115823 -2.339 0.18427 -0.0396372 0.982076 -0.390885
0.926082 0.34214 -0.159099 -2.30736 -0.330519 0.938969 0.0953602 -2.64911 0.182016 -0.0357261 0.982646 -0.245602
0.969174 0.196635 -0.148448 -1.7819 -0.177427 0.975075 0.13322 -2.95516 0.170944 -0.102775 0.979906 -0.196198
0.989525 -0.0126933 -0.143801 -1.18352 0.0357719 0.98662 0.159065 -3.0774 0.139858 -0.162543 0.976739 -0.0527406
0.989055 -0.111805 -0.0962785 -0.651247 0.12058 0.988549 0.09073 -3.10286 0.0850319 -0.101346 0.991211 0.0448207
0.990137 -0.136409 -0.031946 0.129537 0.138868 0.985751 0.0949206 -2.99858 0.0185428 -0.0984207 0.994972 -0.022847
0.918525 -0.391815 0.0528457 0.823159 0.38571 0.917413 0.0978813 -3.03538 -0.0868328 -0.0695233 0.993794 0.142937
0.901486 -0.419461 0.106654 1.77883 0.415814 0.907756 0.0554803 -2.71275 -0.120087 -0.00566669 0.992747 0.0959851
0.84942 -0.519339 0.0936642 2.2672 0.505729 0.851803 0.136637 -2.49328 -0.150744 -0.0686933 0.986183 -0.114562
0.781608 -0.619439 0.0733808 2.78593 0.605745 0.781828 0.14771 -2.13888 -0.148868 -0.0710009 0.986305 -0.188462
0.674267 -0.732415 0.0945161 3.2975 0.731124 0.680082 0.0542768 -1.82296 -0.104032 0.0325059 0.994043 -0.335093
0.58644 -0.808784 0.0442341 3.8007 0.807363 0.588061 0.0484802 -1.29998 -0.0652224 0.00728225 0.997844 -0.516177
0.507132 -0.856729 0.0939861 4.28743 0.859078 0.511244 0.0248033 -0.740304 -0.0692995 0.0681628 0.995264 -0.46657
0.403851 -0.911289 0.0803492 4.58301 0.907524 0.410154 0.0904117 -0.20079 -0.115347 0.0364059 0.992658 -0.559249
0.291731 -0.951964 0.0930436 4.81375 0.947023 0.301131 0.111663 0.465451 -0.134317 0.0555388 0.989381 -0.694057
0.1479 -0.980736 0.127605 5.11218 0.984293 0.158541 0.0776647 1.14435 -0.0963991 0.114114 0.98878 -0.844476
0.0144703 -0.997533 0.0686878 5.09473 0.997129 0.0195023 0.0731643 1.62764 -0.0743234 0.0674319 0.994952 -0.96124
-0.0566711 -0.991824 0.114339 5.06358 0.995342 -0.0471794 0.0840785 2.43879 -0.0779966 0.118571 0.989877 -0.986049
-0.114478 -0.984503 0.132851 5.00305 0.987857 -0.0986732 0.120011 3.15181 -0.105042 0.144976 0.983844 -1.13292
-0.287185 -0.950733 0.116752 4.82832 0.949882 -0.266952 0.162665 3.79632 -0.123484 0.157616 0.979749 -1.12925
-0.312988 -0.941234 0.126951 4.44777 0.942817 -0.291784 0.161115 4.58756 -0.114605 0.170118 0.978737 -1.25653
-0.458832 -0.87806 0.135954 4.01496 0.884138 -0.43601 0.167913 5.14878 -0.0881601 0.197246 0.976382 -1.36256
-0.631302 -0.754167 0.180801 3.78467 0.775093 -0.605671 0.179981 5.72968 -0.0262295 0.25376 0.966912 -1.44247
-0.700668 -0.682084 0.209346 3.15152 0.712654 -0.683229 0.159132 6.32243 0.0344895 0.26069 0.964806 -1.34246
-0.786468 -0.567082 0.244716 2.4316 0.607428 -0.781893 0.140265 6.81624 0.1118 0.258962 0.959395 -1.42612
-0.852231 -0.46751 0.234812 1.82873 0.502306 -0.856678 0.117436 7.23824 0.146255 0.21803 0.964921 -1.46558
-0.905827 -0.37597 0.195253 1.16368 0.398303 -0.912812 0.090158 7.64416 0.144333 0.159438 0.9766 -1.35669
-0.947188 -0.256704 0.192192 0.460257 0.280195 -0.953997 0.10668 8.0563 0.155965 0.154897 0.975542 -1.20472
-0.966376 -0.190618 0.172577 -0.445553 0.214362 -0.967891 0.131287 8.35842 0.14201 0.163866 0.976208 -0.903526
-0.978099 0.11201 0.175429 -1.04157 -0.0896574 -0.987379 0.130551 8.47027 0.187838 0.111964 0.975798 -0.838039
-0.987421 0.108392 0.115111 -1.9284 -0.094183 -0.987999 0.122424 8.51732 0.127 0.110043 0.98578 -0.822848
-0.973603 0.227 0.0238225 -2.73379 -0.222199 -0.966496 0.1285 8.48673 0.0521939 0.119815 0.991423 -0.740354
-0.928914 0.370088 -0.012429 -3.66344 -0.369505 -0.924213 0.0964144 8.24437 0.0241947 0.0941532 0.995264 -0.525049
-0.884154 0.464777 -0.0474759 -4.40092 -0.467016 -0.87642 0.117406 7.97235 0.0129591 0.125977 0.991948 -0.489517
-0.817817 0.56601 -0.103956 -5.09959 -0.573434 -0.816718 0.0643861 7.57057 -0.0484599 0.112268 0.992496 -0.629171
-0.707424 0.684462 -0.176246 -5.79162 -0.696937 -0.717018 0.0128127 6.94637 -0.117602 0.131896 0.984263 -0.794823
-0.62135 0.755027 -0.209427 -6.39354 -0.779095 -0.62376 0.0627191 6.24638 -0.0832775 0.202134 0.975811 -0.920919
-0.481716 0.859509 -0.170864 -6.83921 -0.876204 -0.475685 0.077403 5.74022 -0.014749 0.186998 0.98225 -0.927087
-0.336233 0.919823 -0.202173 -7.21938 -0.94166 -0.324943 0.0876821 5.01909 0.0149572 0.21986 0.975417 -0.838992
-0.252461 0.945957 -0.203541 -7.56012 -0.966412 -0.236056 0.101612 4.06897 0.0480731 0.222358 0.973779 -0.863186
-0.193921 0.966176 -0.169995 -7.84552 -0.979451 -0.180894 0.0891834 3.17139 0.0554158 0.183796 0.981401 -0.790749
-0.0444433 0.977623 -0.205616 -7.98365 -0.994688 -0.0241753 0.100055 2.34769 0.092845 0.20897 0.973505 -0.848921
0.0992528 0.971967 -0.213142 -8.05878 -0.994802 0.101823 0.00108764 1.58709 0.0227599 0.211926 0.977021 -0.668506
0.249688 0.95145 -0.179997 -7.80757 -0.96778 0.251442 -0.0133831 0.54628 0.0325254 0.177539 0.983576 -0.80163
0.305579 0.924505 -0.227841 -7.54799 -0.951519 0.305327 -0.0372508 -0.338779 0.0351274 0.228178 0.972986 -0.69023
0.397236 0.898668 -0.186009 -7.22445 -0.913919 0.405801 0.00880699 -1.18994 0.083397 0.166498 0.982509 -0.679478
0.560789 0.803749 -0.198755 -6.87411 -0.814446 0.578699 0.0422454 -2.08993 0.148974 0.138184 0.979138 -0.702815
0.591067 0.759039 -0.272947 -6.22631 -0.777907 0.625883 0.0559614 -3.07701 0.21331 0.179251 0.9604 -0.671929
0.684709 0.692932 -0.225875 -5.50579 -0.689052 0.716448 0.10913 -3.72404 0.237447 0.0809175 0.968024 -0.425909
0.755803 0.633602 -0.165259 -4.80529 -0.623349 0.773487 0.11469 -4.41649 0.200494 0.0163309 0.979559 -0.419586
0.860934 0.473832 -0.185135 -4.10544 -0.472847 0.879589 0.052329 -5.04391 0.187638 0.0424889 0.981319 -0.278939
0.922914 0.348304 -0.164056 -3.2092 -0.344945 0.937318 0.0494738 -5.48748 0.171004 0.0109302 0.98521 -0.185736
0.957916 0.237583 -0.161095 -2.16817 -0.230899 0.971169 0.0592906 -5.93766 0.170537 -0.0195986 0.985156 0.0390016
0.985633 0.0736282 -0.152008 -1.21635 -0.067552 0.996711 0.0447642 -6.07088 0.154804 -0.0338526 0.987365 0.0950187
0.99511 -0.0274009 -0.094897 -0.249235 0.0310409 0.998829 0.0370962 -6.13816 0.0937694 -0.0398605 0.994796 0.286873
0.983278 -0.167589 -0.0712573 0.819546 0.172465 0.982605 0.0688743 -5.97787 0.0584752 -0.080012 0.995077 0.334941
0.955817 -0.291504 0.0379332 1.96796 0.283013 0.947415 0.149363 -5.79036 -0.0794783 -0.132028 0.988055 0.234488
0.896405 -0.409788 0.168913 2.9181 0.3975 0.911841 0.102659 -5.51417 -0.19609 -0.0248817 0.98027 0.25728
0.863392 -0.469278 0.185289 3.84498 0.464696 0.882683 0.0702079 -5.13097 -0.196498 0.0254861 0.980173 -0.0885411
0.787483 -0.597463 0.151357 4.73133 0.596016 0.800739 0.0598544 -4.53027 -0.156958 0.0430771 0.986665 -0.0662752
0.75461 -0.646381 0.112938 5.5209 0.64553 0.762166 0.0489334 -3.85066 -0.117707 0.0359792 0.992396 -0.446731
0.661975 -0.74266 0.101214 6.20075 0.742331 0.668281 0.0484291 -3.12168 -0.103606 0.0430757 0.993685 -0.68637
0.522339 -0.8409 0.141593 6.81383 0.845291 0.532486 0.0440646 -2.30711 -0.11245 0.0966709 0.988944 -0.822813
0.430674 -0.8886 0.157831 7.25735 0.895806 0.442161 0.0450046 -1.43683 -0.109778 0.122004 0.98644 -1.00317
0.252257 -0.949455 0.18682 7.73106 0.964444 0.262416 0.03139 -0.514125 -0.078828 0.172259 0.981892 -1.12863
0.181567 -0.968037 0.173025 8.061 0.980656 0.191324 0.0413425 0.621819 -0.0731249 0.162172 0.984049 -1.2381
-0.0367861 -0.981903 0.18578 8.16271 0.997168 -0.023865 0.0713148 1.52631 -0.0655906 0.187877 0.98 -1.32489
-0.138189 -0.96582 0.219308 8.1892 0.989301 -0.124153 0.0766085 2.47334 -0.0467622 0.227548 0.972643 -1.56553
-0.288729 -0.937968 0.191968 8.06509 0.954641 -0.266806 0.132192 3.54657 -0.072774 0.221428 0.972458 -1.64226
-0.379628 -0.885724 0.267162 7.76482 0.922937 -0.342676 0.175386 4.63526 -0.0637932 0.313155 0.947557 -1.68294
-0.4911 -0.850794 0.187002 7.27437 0.869816 -0.467277 0.158342 5.63041 -0.0473346 0.240419 0.969514 -1.91878
-0.610128 -0.773789 0.170276 6.6846 0.791097 -0.583115 0.184774 6.52585 -0.0436857 0.247441 0.967918 -2.11482
-0.670366 -0.723734 0.163766 6.11501 0.73998 -0.635633 0.219999 7.55483 -0.0551257 0.268663 0.961655 -2.23761
-0.738384 -0.631649 0.236237 5.24973 0.674348 -0.694975 0.249527 8.34928 0.00656485 0.343553 0.93911 -2.23053
-0.756036 -0.606677 0.245669 4.21821 0.652643 -0.727224 0.212607 9.1025 0.0496726 0.321073 0.945751 -2.26615
-0.845192 -0.495178 0.201119 3.32288 0.528474 -0.830469 0.176172 9.86491 0.0797865 0.255185 0.963595 -2.18964
-0.899426 -0.359029 0.24926 2.29277 0.412916 -0.884961 0.21528 10.4826 0.143293 0.296551 0.944206 -2.05314
-0.945061 -0.200376 0.258282 1.18393 0.258309 -0.941977 0.214371 11.0313 0.200341 0.26931 0.941985 -1.7885
-0.975713 -0.147359 0.162078 0.0978485 0.183028 -0.95495 0.233606 11.2058 0.120353 0.257597 0.958728 -1.43879
-0.981847 -0.00244957 0.189659 -1.26442 0.0620949 -0.948967 0.309203 11.413 0.179222 0.315367 0.931892 -1.18338
-0.990373 0.102711 0.0927995 -2.37744 -0.0782431 -0.968401 0.236806 11.521 0.11419 0.227265 0.967115 -1.04866
-0.954972 0.296696 0.000195068 -3.49969 -0.288885 -0.929979 0.227341 11.4809 0.0676327 0.217048 0.973815 -0.996695
-0.91986 0.389607 -0.0454315 -4.74896 -0.391508 -0.904844 0.167269 11.11 0.0240607 0.171651 0.984864 -0.903722
-0.813468 0.557789 -0.164743 -5.82768 -0.578285 -0.805934 0.126715 10.7206 -0.0620914 0.198347 0.978163 -0.913692
-0.780748 0.571918 -0.251679 -6.84902 -0.603096 -0.795086 0.0641366 10.0125 -0.163425 0.201861 0.965683 -0.937326
-0.656684 0.695152 -0.292455 -7.76045 -0.735396 -0.676211 0.0439494 9.22418 -0.16721 0.243931 0.955269 -1.14501
-0.603059 0.739069 -0.300161 -8.60319 -0.788464 -0.609355 0.0837381 8.12177 -0.121016 0.287165 0.950206 -1.5138
-0.510947 0.821654 -0.252624 -9.30924 -0.858693 -0.501448 0.105809 7.23487 -0.0397397 0.270989 0.961762 -1.63338
-0.433919 0.844623 -0.313569 -9.9596 -0.90003 -0.390634 0.193263 6.07954 0.0407438 0.366082 0.92969 -1.6583
-0.309088 0.892786 -0.327716 -10.574 -0.951031 -0.290987 0.104246 4.9175 -0.0022913 0.343889 0.939007 -1.56645
-0.136868 0.915425 -0.378502 -10.8024 -0.989691 -0.110101 0.091593 3.77139 0.0421731 0.387136 0.921058 -1.58281
-0.049634 0.95291 -0.299164 -10.9929 -0.994497 -0.0194836 0.102936 2.40398 0.0922599 0.302627 0.948633 -1.52545
0.0969945 0.935332 -0.340214 -10.9219 -0.9948 0.101781 -0.00379422 1.28701 0.0310786 0.338813 0.94034 -1.31223
0.280926 0.924649 -0.257108 -10.7653 -0.959587 0.275237 -0.0586366 -0.112511 0.0165474 0.26319 0.964602 -1.44336
0.405163 0.87204 -0.27457 -10.4322 -0.913946 0.394007 -0.0972668 -1.27992 0.0233621 0.290351 0.956635 -1.51347
0.501104 0.819587 -0.277798 -9.87783 -0.863434 0.495064 -0.0969138 -2.56207 0.0580986 0.288424 0.955738 -1.43446
0.566056 0.783744 -0.25559 -9.26953 -0.811451 0.584397 -0.00512227 -3.79954 0.145352 0.210299 0.966772 -1.37877
0.644061 0.697091 -0.315039 -8.53519 -0.739741 0.67245 -0.0243786 -4.90134 0.194854 0.248749 0.948766 -1.16634
0.746164 0.612612 -0.260663 -7.63335 -0.644842 0.762398 -0.0541053 -5.93706 0.165584 0.208458 0.963912 -0.816312
0.84182 0.504703 -0.191347 -6.62708 -0.515838 0.856629 -0.00992569 -6.90326 0.158904 0.10706 0.981472 -0.644513
0.877973 0.430727 -0.208895 -5.43055 -0.447065 0.893774 -0.0360857 -7.61976 0.171162 0.125072 0.977272 -0.44204
0.931532 0.334701 -0.142208 -4.2698 -0.335888 0.941761 0.0162983 -8.34214 0.139381 0.0325834 0.989703 -0.215355
0.952561 0.266511 -0.146967 -2.82252 -0.272994 0.961678 -0.0254839 -8.83929 0.134543 0.0643961 0.988813 -0.00749912
0.982602 0.0920265 -0.161319 -1.61937 -0.104811 0.991838 -0.0726055 -9.17059 0.15332 0.0882504 0.984228 0.156924
0.992884 0.00793025 -0.118818 -0.215315 -0.0152304 0.998042 -0.0606579 -9.20938 0.118105 0.0620359 0.991061 0.30112
0.990862 -0.130186 -0.0352717 1.26936 0.127632 0.989561 -0.0669205 -9.0283 0.0436155 0.0618072 0.997135 0.441089
0.967031 -0.228963 0.11148 2.68671 0.231458 0.972795 -0.00980748 -8.80155 -0.106201 0.035287 0.993718 0.455393
0.90887 -0.334818 0.2487 4.04704 0.341961 0.93959 0.0152498 -8.22108 -0.238782 0.0711858 0.96846 0.223077
0.83429 -0.482907 0.266007 5.29352 0.502897 0.864308 -0.00820061 -7.74248 -0.225952 0.140616 0.963936 -0.123965
0.768522 -0.590789 0.245645 6.4627 0.60082 0.798364 0.0403891 -6.96871 -0.219975 0.116548 0.968518 -0.364074
0.712798 -0.669832 0.207954 7.51542 0.684203 0.729282 0.00383656 -6.01912 -0.154227 0.139548 0.978131 -0.715767
0.610083 -0.772317 0.176987 8.44816 0.780565 0.624195 0.0331495 -5.1161 -0.136077 0.117926 0.983655 -0.97959
0.427862 -0.875561 0.224336 9.36664 0.893641 0.446984 0.0401491 -4.06004 -0.135428 0.183297 0.973684 -1.27247
0.409429 -0.879583 0.242283 9.9727 0.902482 0.429399 0.0338007 -2.6829 -0.133767 0.204817 0.969617 -1.46091
0.284369 -0.927413 0.242979 10.5313 0.944463 0.314533 0.0951795 -1.28372 -0.164696 0.202419 0.965351 -1.76115
0.15248 -0.950233 0.271675 11.0258 0.978919 0.183011 0.090686 0.0394199 -0.135892 0.25212 0.958107 -1.78802
-0.0104064 -0.955788 0.293872 11.1532 0.994306 0.0212788 0.104417 1.45815 -0.106054 0.293285 0.950125 -1.9302
-0.111906 -0.960434 0.255036 11.0592 0.985483 -0.0742864 0.152662 2.839 -0.127676 0.268417 0.954804 -2.22704
-0.270819 -0.929395 0.250762 10.9443 0.948711 -0.213549 0.233119 4.30736 -0.16311 0.301034 0.93956 -2.46321
-0.389638 -0.875381 0.286165 10.4547 0.908005 -0.313188 0.278281 5.66736 -0.153979 0.368268 0.91688 -2.57053
-0.523009 -0.819487 0.234312 9.88106 0.848419 -0.474256 0.235089 7.05513 -0.0815283 0.321748 0.943309 -2.82453
-0.604832 -0.749649 0.268709 9.1278 0.793537 -0.538998 0.282453 8.26073 -0.0669069 0.384067 0.920878 -3.05582
-0.676507 -0.687126 0.264944 8.21808 0.736435 -0.631639 0.242272 9.44845 0.000877838 0.359013 0.933332 -3.23875
-0.804639 -0.521708 0.283507 7.12383 0.589723 -0.757791 0.279247 10.514 0.0691535 0.391884 0.917412 -3.45205
-0.800063 -0.543695 0.253564 5.9877 0.599011 -0.747191 0.287908 11.4992 0.0329265 0.382232 0.923479 -3.26319
-0.858554 -0.426188 0.285042 4.69478 0.503484 -0.805855 0.311612 12.3661 0.0968972 0.411049 0.906449 -3.09762
-0.916682 -0.25063 0.311254 3.35019 0.354396 -0.869765 0.343383 13.1458 0.184656 0.425081 0.88612 -3.0466
-0.927116 -0.145694 0.345295 1.85594 0.279163 -0.883185 0.376899 13.7916 0.250047 0.445823 0.859487 -2.77615
-0.975192 -0.031278 0.219141 0.459795 0.118519 -0.909895 0.397547 14.2412 0.186961 0.413657 0.891029 -2.39404
-0.990069 -0.00670667 0.14042 -1.2012 0.0615251 -0.918792 0.389917 14.2856 0.126401 0.394685 0.910081 -2.17821
-0.986256 0.10602 0.126722 -2.75297 -0.0478459 -0.917378 0.395131 14.445 0.158144 0.383638 0.909842 -1.97717
-0.973886 0.220128 -0.0555789 -4.39214 -0.225359 -0.907579 0.35428 14.3376 0.0275446 0.357553 0.933486 -1.74761
-0.932934 0.33002 -0.143947 -5.89252 -0.359496 -0.875924 0.321745 13.8536 -0.0199044 0.351915 0.93582 -1.56551
-0.848053 0.450701 -0.278702 -7.47018 -0.512635 -0.830973 0.216079 13.2646 -0.134207 0.326119 0.935754 -1.55644
-0.703318 0.571637 -0.42258 -8.56264 -0.681055 -0.712203 0.170091 12.3924 -0.203733 0.407429 0.890222 -1.71933
-0.649956 0.615507 -0.445767 -9.83877 -0.731069 -0.66661 0.145499 11.2191 -0.207597 0.420455 0.883245 -2.10336
-0.560994 0.729114 -0.392019 -10.8536 -0.81021 -0.580749 0.0793099 10.0411 -0.169839 0.36211 0.916532 -2.42778
-0.551034 0.746776 -0.372407 -11.8797 -0.833284 -0.516319 0.197615 8.62301 -0.0447067 0.419214 0.906786 -2.67263
-0.435364 0.817617 -0.376776 -12.7218 -0.900144 -0.388793 0.19642 7.20869 0.0141085 0.424667 0.90524 -2.86373
-0.27274 0.881537 -0.385364 -13.2633 -0.961832 -0.2406 0.13035 5.79844 0.0221901 0.406207 0.913511 -2.73211
-0.0586733 0.910924 -0.408381 -13.6609 -0.998065 -0.0450859 0.0428275 4.13511 0.0206004 0.410103 0.911806 -2.67026
-0.0481266 0.904988 -0.422706 -13.8175 -0.997019 -0.017977 0.0750266 2.38973 0.0602992 0.425057 0.903156 -2.63077
0.112963 0.896333 -0.428751 -13.7116 -0.991854 0.127289 0.00478265 0.913696 0.058862 0.424718 0.90341 -2.54407
0.313998 0.855826 -0.411055 -13.6563 -0.948194 0.304703 -0.0899108 -0.827371 0.0483017 0.417992 0.907166 -2.42157
0.389407 0.836986 -0.384468 -13.0336 -0.917916 0.38714 -0.0869053 -2.32725 0.0761043 0.386751 0.919039 -2.43116
0.482128 0.801451 -0.353878 -12.3705 -0.870007 0.485537 -0.0856828 -4.00807 0.10315 0.349186 0.931359 -2.37158
0.574863 0.735432 -0.358709 -11.5154 -0.798269 0.600349 -0.0484487 -5.56396 0.17972 0.314198 0.932191 -2.1727
0.609796 0.728168 -0.312922 -10.4891 -0.776924 0.627238 -0.054423 -6.9396 0.156647 0.276303 0.948218 -1.96105
0.733887 0.623919 -0.268579 -9.50151 -0.661244 0.746682 -0.0722677 -8.24462 0.155454 0.230633 0.960543 -1.55444
0.781657 0.567071 -0.259696 -8.10073 -0.597786 0.799932 -0.0525457 -9.44995 0.177942 0.196315 0.96426 -1.09866
0.850085 0.465109 -0.24704 -6.71687 -0.499387 0.860856 -0.0976744 -10.3338 0.167237 0.2064 0.96407 -0.907392
0.949191 0.27206 -0.158177 -5.2223 -0.286479 0.955029 -0.0764789 -11.2145 0.130257 0.117908 0.984444 -0.58122
0.941878 0.277762 -0.18898 -3.66626 -0.298777 0.949766 -0.0931487 -11.8281 0.153613 0.144198 0.977553 -0.340515
0.988907 0.0649858 -0.133568 -1.94554 -0.0780052 0.992448 -0.0946696 -12.116 0.126408 0.104038 0.986508 -0.171195
0.996162 0.034371 -0.0805037 -0.183998 -0.0449087 0.9901 -0.132982 -12.2175 0.075136 0.136087 0.987844 -0.00707892
0.991092 -0.132874 0.00898985 1.72796 0.132636 0.978729 -0.156517 -12.0084 0.0119984 0.156315 0.987634 0.106394
0.952896 -0.276719 0.124159 3.43709 0.284861 0.957095 -0.053132 -11.7717 -0.10413 0.0859974 0.990839 0.134694
0.891741 -0.388902 0.231416 5.16101 0.422287 0.898938 -0.116551 -11.0643 -0.162702 0.201657 0.965848 -0.0727929
0.849022 -0.470657 0.240089 6.76867 0.496472 0.86613 -0.0577487 -10.3344 -0.180768 0.168227 0.969032 -0.531296
0.780158 -0.535416 0.323548 8.38403 0.57768 0.815069 -0.044137 -9.35485 -0.240082 0.221341 0.945182 -0.757744
0.678842 -0.677535 0.283054 9.5317 0.704827 0.709339 0.00754579 -8.32718 -0.205894 0.194382 0.959074 -1.17052
0.627931 -0.72686 0.278168 10.8576 0.765226 0.641786 -0.0504017 -6.98522 -0.14189 0.24451 0.959209 -1.49502
0.498655 -0.81705 0.289436 12.0406 0.852138 0.52324 0.00895041 -5.4533 -0.158757 0.242176 0.957156 -1.7843
0.37621 -0.869228 0.320793 12.7737 0.91307 0.406623 0.0309921 -3.94695 -0.157381 0.281247 0.946642 -2.17886
0.243424 -0.922129 0.300703 13.3489 0.963275 0.266074 0.0361496 -2.24896 -0.113344 0.280859 0.953033 -2.41836
0.0983334 -0.960163 0.261568 13.8495 0.986155 0.129285 0.103845 -0.521479 -0.133525 0.247736 0.959582 -2.75045
-0.0678431 -0.944998 0.319964 14.1106 0.991338 -0.027703 0.128378 1.21596 -0.112453 0.325902 0.938692 -3.02463
-0.177612 -0.928508 0.326078 14.01 0.979526 -0.134887 0.149449 3.05214 -0.0947811 0.345946 0.933455 -3.10586
-0.274181 -0.900953 0.336317 13.6276 0.950313 -0.200226 0.238358 4.97516 -0.14741 0.384959 0.911085 -3.39601
-0.34108 -0.873729 0.346789 13.1279 0.918599 -0.231461 0.320314 6.65293 -0.199599 0.427813 0.881554 -3.60112
-0.483098 -0.823481 0.297481 12.3686 0.867954 -0.405707 0.286456 8.3684 -0.115201 0.396587 0.91074 -3.98746
-0.602828 -0.746087 0.28276 11.4034 0.784529 -0.489735 0.380361 9.87952 -0.145305 0.451126 0.880552 -4.28266
-0.661956 -0.698 0.273148 10.1555 0.743373 -0.564703 0.35848 11.2636 -0.0959713 0.440349 0.892683 -4.54146
-0.767952 -0.576839 0.2784 8.75178 0.640444 -0.685432 0.346431 12.7518 -0.00901044 0.444342 0.895812 -4.70739
-0.84096 -0.415486 0.346637 7.54909 0.530355 -0.759934 0.375798 13.8565 0.107283 0.499872 0.859429 -4.73166
-0.856058 -0.409063 0.315961 5.93208 0.510979 -0.76186 0.398083 14.841 0.0778772 0.502232 0.861219 -4.50074
-0.887911 -0.356101 0.291213 4.07523 0.451434 -0.796216 0.402798 15.8115 0.0884317 0.489113 0.867726 -4.31681
-0.929097 -0.276585 0.245517 2.44855 0.359007 -0.833952 0.419092 16.5267 0.0888341 0.47752 0.874119 -4.08137
-0.979028 -0.107031 0.173344 0.619008 0.174978 -0.877554 0.44641 17.0405 0.104339 0.467379 0.877878 -3.75572
-0.98791 0.0361017 0.150768 -1.33691 0.0465396 -0.858592 0.510543 17.1637 0.147879 0.511387 0.846531 -3.40046
-0.977134 0.185696 0.10357 -3.1246 -0.106536 -0.849128 0.517331 17.2028 0.184011 0.494468 0.849495 -3.34783
-0.977768 0.209183 0.0145812 -5.05154 -0.16692 -0.818539 0.549666 17.0272 0.126916 0.535011 0.835258 -2.96999
-0.917413 0.326705 -0.227194 -6.98423 -0.397936 -0.75397 0.522662 16.6516 -0.00054075 0.569905 0.82171 -2.70074
-0.811847 0.3929 -0.431895 -8.79121 -0.558085 -0.739582 0.376244 15.7819 -0.171596 0.546487 0.819699 -2.70515
-0.721093 0.483806 -0.49594 -10.2943 -0.673857 -0.656146 0.33969 14.5886 -0.161065 0.579141 0.799158 -3.07563
-0.645232 0.580909 -0.496205 -11.6943 -0.748709 -0.610039 0.259397 13.1256 -0.152019 0.538885 0.828549 -3.42093
-0.568845 0.693677 -0.441845 -12.9557 -0.813224 -0.554625 0.176234 11.7901 -0.122808 0.459569 0.87961 -3.78767
-0.518883 0.724833 -0.453187 -14.285 -0.851667 -0.484003 0.201009 10.0817 -0.0736461 0.490264 0.868457 -4.07488
-0.389193 0.811623 -0.435658 -15.2464 -0.920926 -0.332248 0.203733 8.42882 0.0206081 0.4805 0.876753 -4.12727
-0.231002 0.87444 -0.426607 -15.8809 -0.971956 -0.187549 0.141871 6.59734 0.044048 0.447416 0.893241 -4.12904
-0.102842 0.878431 -0.466672 -16.3617 -0.994514 -0.0817781 0.0652319 4.4056 0.0191382 0.47082 0.882022 -4.02093
-0.0296286 0.891297 -0.45245 -16.5306 -0.999121 -0.012986 0.0398456 2.38276 0.0296387 0.453233 0.890899 -3.93498
0.107354 0.869377 -0.482347 -16.4078 -0.990316 0.13646 0.0255434 0.386329 0.0880279 0.474934 0.875608 -3.82108
0.250901 0.850363 -0.462528 -16.1472 -0.965166 0.256375 -0.0522118 -1.73127 0.0741814 0.459516 0.885066 -3.76196
0.353077 0.82847 -0.434712 -15.6511 -0.930636 0.358766 -0.072138 -3.48123 0.0961955 0.430028 0.897676 -3.69271
0.455526 0.775398 -0.437326 -14.702 -0.884476 0.449935 -0.123532 -5.52239 0.100982 0.443077 0.890778 -3.4102
0.514348 0.745353 -0.42414 -13.905 -0.843752 0.52829 -0.0948262 -7.22872 0.15339 0.406642 0.900618 -3.25921
0.641122 0.638241 -0.426159 -12.7569 -0.730548 0.677656 -0.0841534 -8.84603 0.235079 0.365282 0.900726 -3.02149
0.718261 0.560502 -0.412236 -11.4153 -0.637939 0.767024 -0.0686196 -10.3457 0.277733 0.312268 0.908489 -2.44754
0.802801 0.480656 -0.352817 -9.8975 -0.554252 0.819728 -0.144401 -11.7992 0.219807 0.311475 0.924483 -1.8071
0.856974 0.442403 -0.264341 -8.22673 -0.489306 0.859489 -0.147845 -12.9803 0.161791 0.256043 0.95303 -1.61244
0.914707 0.341004 -0.216856 -6.24652 -0.377372 0.912745 -0.156485 -14.0872 0.144573 0.224973 0.96358 -1.41634
0.943605 0.248145 -0.219164 -4.33455 -0.290585 0.937978 -0.189095 -14.6661 0.158648 0.242117 0.957189 -1.02551
0.982007 0.1338 -0.133266 -2.26243 -0.169378 0.936105 -0.308252 -15.1952 0.0835069 0.325278 0.941924 -0.558499
0.999022 -0.0327232 -0.0297507 -0.163504 0.0264288 0.981106 -0.191658 -15.3689 0.0354602 0.190684 0.981011 -0.472915
0.975515 -0.216313 0.0397456 2.04694 0.219576 0.94757 -0.232158 -15.0835 0.0125571 0.235201 0.971866 -0.369248
0.939275 -0.310752 0.145589 4.27827 0.333362 0.92694 -0.172198 -14.6519 -0.0814419 0.210275 0.974244 -0.44796
0.905341 -0.372473 0.204014 6.37181 0.403546 0.904184 -0.140006 -13.8402 -0.132317 0.209082 0.968905 -0.739138
0.852818 -0.479186 0.207562 8.28702 0.499321 0.864642 -0.05543 -12.8958 -0.152906 0.150912 0.97665 -1.07682
0.789572 -0.550669 0.270814 9.98791 0.587446 0.805864 -0.0740998 -11.7394 -0.177435 0.217596 0.959776 -1.56838
0.711769 -0.647144 0.273111 11.5975 0.669151 0.742943 0.0165127 -10.4888 -0.213592 0.170999 0.961841 -1.88432
0.570217 -0.765328 0.298539 13.1292 0.81046 0.583459 -0.0522547 -9.08817 -0.134193 0.27175 0.952966 -2.23152
0.494831 -0.801978 0.334624 14.417 0.858204 0.511485 -0.0432317 -7.06578 -0.136484 0.308568 0.941359 -2.63881
0.373221 -0.857297 0.354609 15.5324 0.91513 0.403005 0.0111372 -5.10272 -0.152457 0.320357 0.934948 -3.06126
0.332394 -0.872382 0.358418 16.1315 0.929298 0.367814 0.033428 -3.01044 -0.160993 0.321966 0.932963 -3.33053
0.138517 -0.925887 0.351491 16.78 0.981938 0.174586 0.0729236 -0.877533 -0.128884 0.335041 0.933347 -3.63535
-0.0709279 -0.929772 0.361238 17.0315 0.993001 -0.0315283 0.113823 1.20524 -0.0944406 0.366782 0.925501 -4.03153
-0.0520018 -0.930434 0.362751 16.8134 0.987494 0.00622631 0.157531 3.38657 -0.148831 0.366407 0.918474 -4.2123
-0.275882 -0.880369 0.385797 16.4695 0.948789 -0.185154 0.255965 5.40389 -0.153912 0.436656 0.886365 -4.62549
-0.410866 -0.831657 0.373544 15.7847 0.893833 -0.286742 0.344735 7.40304 -0.179591 0.475526 0.861175 -4.87213
-0.509246 -0.779281 0.365226 14.8613 0.852701 -0.399432 0.336681 9.43205 -0.116486 0.482882 0.867903 -5.46714
-0.67289 -0.657805 0.338397 13.5926 0.736453 -0.552601 0.390217 11.2513 -0.0696882 0.511787 0.856281 -5.81161
-0.648185 -0.685008 0.332595 12.2538 0.754395 -0.518206 0.402928 12.9259 -0.103656 0.51208 0.85266 -5.97232
-0.799141 -0.495711 0.340066 10.6863 0.600059 -0.691755 0.401751 14.757 0.0360902 0.525115 0.850266 -6.13867
-0.796692 -0.513582 0.318615 8.80258 0.604002 -0.657782 0.450005 16.014 -0.0215347 0.550959 0.834254 -6.13853
-0.881667 -0.3814 0.277843 7.12453 0.470999 -0.747102 0.469041 17.2055 0.0286853 0.544401 0.838334 -6.08109
-0.92954 -0.283067 0.236279 5.09036 0.36569 -0.789727 0.492547 18.1884 0.0471728 0.544247 0.837598 -5.79048
-0.955059 -0.212517 0.206635 3.10474 0.290404 -0.810527 0.508636 19.0728 0.0593897 0.545786 0.835818 -5.72446
-0.98408 -0.0415688 0.172794 0.973798 0.128022 -0.840181 0.526979 19.722 0.123272 0.540711 0.832127 -5.44664
-0.99469 0.0428048 0.0935917 -1.44482 0.0161094 -0.833432 0.552387 19.7852 0.101647 0.550961 0.828317 -5.16922
-0.988346 0.150906 0.0199972 -3.58901 -0.1135 -0.818073 0.563803 19.7414 0.10144 0.554963 0.825667 -4.83775
-0.980728 0.171505 -0.0935825 -5.95444 -0.193985 -0.797718 0.570978 19.4883 0.0232731 0.578128 0.815614 -4.68545
-0.924529 0.294793 -0.241543 -7.90805 -0.380203 -0.757165 0.531175 18.9725 -0.026301 0.582922 0.812102 -4.56747
-0.839074 0.410708 -0.356753 -9.98363 -0.540799 -0.700939 0.464996 17.9065 -0.059085 0.583098 0.810251 -4.64358
-0.742887 0.471313 -0.475376 -11.9288 -0.655925 -0.654353 0.376278 16.563 -0.133719 0.591343 0.795256 -4.83867
-0.670788 0.515207 -0.533485 -13.5001 -0.714553 -0.641615 0.278825 15.0778 -0.198639 0.568235 0.79853 -5.18058
-0.635835 0.591529 -0.495791 -15.0564 -0.758475 -0.597836 0.259439 13.4075 -0.142936 0.541005 0.828784 -5.37783
-0.514369 0.70727 -0.484968 -16.5043 -0.856247 -0.454951 0.244663 11.4663 -0.0475943 0.5411 0.839611 -5.73217
-0.346167 0.789916 -0.506164 -17.8238 -0.938112 -0.285312 0.196323 9.39704 0.0106636 0.542799 0.839795 -5.63694
-0.133737 0.856789 -0.498023 -18.5171 -0.985896 -0.0640064 0.154634 7.1194 0.100612 0.51168 0.853265 -5.64817
-0.179579 0.838196 -0.514955 -18.7702 -0.983743 -0.152439 0.0949315 4.75343 0.00107201 0.523631 0.851945 -5.53012
-0.0227334 0.853289 -0.520942 -19.1099 -0.997659 0.0142493 0.0668769 2.3707 0.0644883 0.521243 0.850968 -5.53147
0.114284 0.833152 -0.541107 -19.0597 -0.988224 0.151127 0.023976 -0.0428068 0.101752 0.531994 0.840612 -5.46163
0.284049 0.795611 -0.535088 -18.6649 -0.942784 0.333371 -0.0047907 -2.43054 0.174571 0.505833 0.844782 -5.38591
0.351416 0.780148 -0.517568 -18.0051 -0.920193 0.389672 -0.0374229 -4.57025 0.172486 0.489414 0.854823 -5.07272
0.388585 0.766902 -0.510747 -16.9998 -0.910041 0.406252 -0.0823738 -6.81865 0.144319 0.49681 0.855776 -4.82788
0.511532 0.699947 -0.498406 -16.0942 -0.834141 0.543739 -0.0924981 -8.87827 0.206259 0.463057 0.861995 -4.58409
0.63324 0.616216 -0.468278 -14.7587 -0.735161 0.668064 -0.11502 -10.9794 0.241963 0.417095 0.876063 -4.05394
0.687728 0.583086 -0.432483 -13.1504 -0.687712 0.7141 -0.130819 -12.6933 0.232557 0.387392 0.892101 -3.49851
0.798483 0.470386 -0.375714 -11.4255 -0.56073 0.808246 -0.179778 -14.4202 0.219105 0.354224 0.909131 -2.90412
0.863536 0.385018 -0.325678 -9.4386 -0.45901 0.867562 -0.19143 -15.6367 0.208842 0.314796 0.925899 -2.60892
0.911793 0.299915 -0.280506 -7.2657 -0.366115 0.903084 -0.224498 -16.6785 0.185991 0.307393 0.933229 -2.12271
0.946721 0.213091 -0.241476 -4.95756 -0.27208 0.930381 -0.245688 -17.4757 0.172311 0.298299 0.93879 -1.80229
0.991887 0.0893549 -0.0904183 -2.55257 -0.113584 0.942355 -0.314747 -18.1389 0.057082 0.322463 0.944859 -1.38534
0.996535 -0.0777029 -0.0296851 -0.122647 0.0657454 0.954413 -0.29116 -18.3106 0.0509558 0.288199 0.956214 -1.15828
0.984209 -0.167314 0.0577839 2.62416 0.176832 0.944013 -0.278515 -18.0439 -0.00794945 0.284335 0.958692 -1.21566
0.958883 -0.260635 0.112305 5.07188 0.281339 0.924988 -0.255433 -17.4786 -0.0373057 0.276526 0.960282 -1.21908
0.939075 -0.300709 0.166472 7.48226 0.332402 0.917774 -0.217255 -16.6579 -0.0874532 0.259355 0.961814 -1.42891
0.81927 -0.519243 0.243277 9.70745 0.562125 0.811033 -0.16199 -15.6897 -0.113194 0.269465 0.956334 -1.67242
0.786142 -0.541093 0.298662 11.597 0.59363 0.795554 -0.121234 -14.1982 -0.172003 0.272602 0.946627 -2.15386
0.710283 -0.639863 0.293381 13.6683 0.69032 0.714701 -0.112522 -12.6828 -0.137681 0.282449 0.94935 -2.62919
0.573325 -0.746118 0.338536 15.4766 0.809971 0.5784 -0.0969531 -10.8783 -0.123471 0.32979 0.935945 -3.16901
0.523048 -0.77118 0.362909 16.8667 0.839748 0.539109 -0.0646943 -8.69884 -0.145757 0.33859 0.929576 -3.55671
0.384144 -0.832692 0.39882 18.0559 0.911135 0.411716 -0.0179901 -6.37394 -0.14922 0.37029 0.916853 -4.04576
