0.999792 -0.00258477 -0.0202121 0.000173753 0.00269554 0.999981 0.00545524 -0.000664774 0.0201976 -0.00550859 0.999781 -0.0131447
0.979742 -0.199823 0.0133022 0.345807 0.198414 0.977553 0.0708587 -0.0889116 -0.0271627 -0.0667839 0.997398 0.0393881
0.874686 -0.482854 0.0421405 0.552377 0.474693 0.870969 0.126805 0.0130577 -0.0979313 -0.0909108 0.991032 -0.0508634
0.826805 -0.562063 0.0218843 0.670752 0.551979 0.818228 0.160691 -0.00166976 -0.108225 -0.12078 0.986762 -0.270304
0.72943 -0.683763 -0.0200197 0.771802 0.676651 0.71693 0.167794 0.0757985 -0.100378 -0.13594 0.985619 -0.423253
0.69269 -0.720067 -0.0410541 1.03768 0.717778 0.682683 0.136888 0.210549 -0.0705413 -0.124288 0.989735 -0.512268
0.537743 -0.841023 -0.0592756 1.16745 0.840649 0.529481 0.113834 0.337617 -0.0643515 -0.111043 0.99173 -0.531001
0.416088 -0.904153 -0.0968359 1.43937 0.905827 0.402801 0.131258 0.437892 -0.0796718 -0.142331 0.986607 -0.630863
0.292832 -0.956121 -0.00905047 1.68838 0.948853 0.289412 0.126167 0.688069 -0.118011 -0.0455333 0.991968 -0.470075
0.17999 -0.983663 -0.0034017 1.87518 0.972864 0.1775 0.148424 0.909518 -0.145396 -0.0300242 0.988918 -0.533748
0.0689762 -0.997547 -0.0119165 2.03002 0.988666 0.0667556 0.134477 1.28519 -0.133352 -0.0210571 0.990845 -0.693041
0.0672248 -0.996435 -0.0509711 2.04574 0.989656 0.0601041 0.130262 1.68606 -0.126734 -0.0592007 0.990169 -0.807878
-0.00357436 -0.997842 -0.0655597 2.04705 0.990371 -0.0126055 0.137865 2.25177 -0.138394 -0.0644356 0.988279 -0.904803
-0.228421 -0.973494 0.0115298 2.02078 0.960381 -0.22337 0.166656 2.33479 -0.159663 0.0491408 0.985948 -0.846989
-0.399765 -0.911181 -0.0996866 1.97982 0.89597 -0.411395 0.167307 2.74122 -0.193457 -0.0224329 0.980852 -0.886551
-0.519896 -0.853318 -0.0394583 1.75886 0.834879 -0.517352 0.187944 2.98536 -0.180789 0.0647681 0.981387 -1.05608
-0.575577 -0.816896 -0.0373047 1.70853 0.80078 -0.572293 0.176725 3.46008 -0.165715 0.0718462 0.983553 -1.1497
-0.601415 -0.798901 0.00760481 1.45201 0.789476 -0.592805 0.159093 3.8598 -0.122591 0.101685 0.987234 -1.27736
-0.689516 -0.72411 0.015207 1.01782 0.721624 -0.685053 0.0998063 4.17157 -0.0618532 0.0797918 0.994891 -1.25374
-0.800874 -0.594436 0.0724334 0.766616 0.59816 -0.799832 0.0497235 4.35253 0.0283771 0.083149 0.996133 -1.27367
-0.863053 -0.473227 0.176624 0.498073 0.4875 -0.871909 0.0460174 4.67375 0.132224 0.12582 0.983202 -1.27164
-0.906121 -0.37577 0.19427 -0.00632755 0.39956 -0.911087 0.101355 4.76675 0.13891 0.169463 0.975698 -1.02486
-0.938658 -0.280817 0.200158 -0.360923 0.294908 -0.95452 0.0438246 5.04135 0.178748 0.100164 0.978783 -1.00248
-0.970695 -0.151596 0.186466 -0.706122 0.163358 -0.985333 0.0493339 5.25524 0.176252 0.078349 0.981222 -0.814321
-0.978992 -0.0890948 0.183403 -1.12278 0.105388 -0.99112 0.0810812 5.33415 0.174551 0.0987064 0.979688 -0.747334
-0.987645 0.0727041 0.138825 -1.59555 -0.0580511 -0.992581 0.106831 5.35327 0.145562 0.0974522 0.984538 -0.6025
-0.975756 0.196574 0.096219 -1.98101 -0.180166 -0.971059 0.156798 5.3765 0.124257 0.135661 0.982933 -0.4926
-0.928008 0.364588 0.0766538 -2.5336 -0.348795 -0.922532 0.165158 5.37838 0.13093 0.126531 0.983284 -0.424002
-0.86611 0.493801 0.0775509 -2.90321 -0.491348 -0.869562 0.0493846 5.1741 0.0918215 0.00466801 0.995765 -0.499151
-0.800051 0.599381 0.0257097 -3.17588 -0.598392 -0.800332 0.0373432 4.92956 0.0429591 0.0144919 0.998972 -0.379679
-0.662898 0.74805 -0.0314426 -3.55798 -0.747411 -0.658691 0.0866123 4.68468 0.0440794 0.0809157 0.995746 -0.44297
-0.583294 0.811258 -0.0403558 -3.91168 -0.810994 -0.578891 0.0846977 4.37922 0.04535 0.082132 0.995589 -0.381
-0.509026 0.860748 -0.00229528 -4.18209 -0.858144 -0.507275 0.0791273 4.1398 0.0669443 0.0422476 0.996862 -0.355499
-0.446856 0.894547 -0.0102463 -4.64958 -0.890772 -0.443853 0.0975674 3.54802 0.0827308 0.0527257 0.995176 -0.250848
-0.309081 0.95094 0.0134537 -4.72214 -0.940398 -0.307703 0.144813 3.04919 0.141848 0.032107 0.989368 -0.191606
-0.161577 0.986519 0.0259301 -4.78872 -0.976498 -0.163623 0.140279 2.60906 0.14263 -0.00265479 0.989772 -0.324095
-0.105513 0.993653 0.0390046 -4.91615 -0.990004 -0.108655 0.0899208 2.02026 0.0935881 -0.0291269 0.995185 -0.393615
0.0154008 0.999643 0.0218305 -4.88893 -0.996961 0.0136847 0.0766922 1.61894 0.0763661 -0.0229453 0.996816 -0.307802
0.228007 0.972561 0.0462494 -4.98246 -0.973453 0.226722 0.0314218 1.1587 0.0200738 -0.052186 0.998436 -0.365467
0.293946 0.955822 0.000913705 -4.77433 -0.955238 0.293733 0.0352359 0.502116 0.0334108 -0.0112302 0.999379 -0.249824
0.336291 0.940315 -0.0521217 -4.50726 -0.937022 0.339631 0.0814943 -0.137042 0.0943324 0.0214334 0.99531 -0.278784
0.460185 0.886003 -0.0568175 -4.27644 -0.87714 0.463614 0.12525 -0.685762 0.137313 -0.00780106 0.990497 -0.24688
0.613478 0.787816 -0.0546981 -3.81903 -0.774254 0.613662 0.154755 -1.24762 0.155484 -0.0525882 0.986438 -0.254233
0.666578 0.743473 -0.0540414 -3.35316 -0.723996 0.662966 0.19054 -1.5594 0.177489 -0.0878843 0.980191 -0.199494
0.806371 0.575607 -0.135799 -3.01844 -0.562309 0.817349 0.125498 -1.97955 0.183232 -0.0248368 0.982756 -0.203872
0.894157 0.437341 -0.0959977 -2.77228 -0.423461 0.895641 0.136042 -2.35517 0.145476 -0.0809915 0.986041 -0.376489
0.931583 0.342272 -0.122487 -2.3137 -0.328618 0.936955 0.11885 -2.66203 0.155444 -0.0704675 0.985328 -0.247389
0.972816 0.194301 -0.126001 -1.78661 -0.174241 0.97252 0.154419 -2.9655 0.152542 -0.128267 0.979938 -0.206
0.990521 -0.0142087 -0.136628 -1.18365 0.0381781 0.983924 0.174459 -3.08409 0.131953 -0.178022 0.975139 -0.066798
0.987794 -0.11149 -0.108784 -0.649336 0.122669 0.987177 0.102142 -3.10918 0.0960011 -0.114239 0.988804 0.0313155
0.988808 -0.1367 -0.0597705 0.132082 0.142015 0.985176 0.0962333 -3.00777 0.0457294 -0.103645 0.993563 -0.0265799
0.919417 -0.392758 0.0203257 0.821665 0.388787 0.915484 0.103601 -3.04333 -0.0592979 -0.08735 0.994411 0.163113
0.903588 -0.422109 0.0731682 1.77773 0.418286 0.906184 0.0621884 -2.71841 -0.0925542 -0.0255875 0.995379 0.144505
0.853608 -0.518098 0.0541182 2.27159 0.507702 0.850704 0.136168 -2.4987 -0.116587 -0.0887584 0.989206 -0.0446333
0.786343 -0.617242 0.02602 2.79046 0.608333 0.780959 0.141542 -2.1418 -0.107687 -0.0954721 0.98959 -0.0954854
0.676738 -0.73492 0.0437859 3.3059 0.73347 0.678153 0.0461552 -1.82226 -0.0636139 0.000880659 0.997974 -0.212623
0.586211 -0.81014 -0.00549352 3.81733 0.80892 0.584927 0.0592358 -1.29446 -0.0447759 -0.0391685 0.998229 -0.361471
0.507044 -0.86062 0.0473197 4.29951 0.860043 0.508798 0.0380932 -0.731926 -0.05686 0.021382 0.998153 -0.295314
0.406956 -0.912912 0.0312825 4.59744 0.907996 0.408026 0.0951743 -0.192041 -0.0996498 -0.0103274 0.994969 -0.386867
0.292386 -0.954903 0.0516798 4.83333 0.945725 0.296745 0.132461 0.475257 -0.141823 0.0101452 0.98984 -0.510115
0.146341 -0.985982 0.0801444 5.13707 0.982629 0.154232 0.10321 1.15043 -0.114124 0.0636484 0.991426 -0.665188
0.0101388 -0.999888 0.0110373 5.12591 0.993912 0.0112879 0.109593 1.62915 -0.109706 0.009859 0.993915 -0.799955
-0.0636165 -0.996624 0.051895 5.0923 0.990039 -0.0564807 0.128966 2.4376 -0.1256 0.0595825 0.99029 -0.859161
-0.120118 -0.990483 0.0671993 5.03546 0.9799 -0.107431 0.168092 3.14122 -0.159273 0.0860395 0.983478 -1.03859
-0.290617 -0.955418 0.0521335 4.85453 0.938815 -0.274193 0.208434 3.78047 -0.184847 0.109518 0.976646 -1.07527
-0.316903 -0.946668 0.0582381 4.47463 0.933035 -0.300134 0.198407 4.55666 -0.170347 0.117214 0.978388 -1.26569
-0.464274 -0.883364 0.0641728 4.04627 0.873995 -0.445202 0.194749 5.10484 -0.143464 0.146504 0.978752 -1.4218
-0.640208 -0.76127 0.102965 3.819 0.762893 -0.614318 0.201512 5.6758 -0.0901514 0.207561 0.974059 -1.53224
-0.712972 -0.688558 0.132511 3.17706 0.70063 -0.691999 0.173938 6.2557 -0.0280692 0.216854 0.9758 -1.49518
-0.798731 -0.571407 0.188475 2.4644 0.598117 -0.78811 0.14539 6.73396 0.0654623 0.228858 0.971256 -1.64055
-0.857757 -0.469046 0.210353 1.86807 0.497599 -0.860308 0.110746 7.1451 0.129024 0.199664 0.971333 -1.71789
-0.907204 -0.375737 0.189215 1.2053 0.395704 -0.914837 0.0805729 7.54187 0.142826 0.147969 0.978624 -1.62673
-0.945192 -0.256696 0.201792 0.506108 0.279644 -0.955448 0.0944403 7.94523 0.168559 0.145694 0.974865 -1.47833
-0.963942 -0.18977 0.186555 -0.390729 0.215129 -0.968352 0.126547 8.23895 0.156636 0.162117 0.97426 -1.16651
-0.971885 0.110888 0.207711 -0.980821 -0.0857513 -0.988271 0.126364 8.34554 0.219287 0.105 0.969994 -1.0876
-0.980888 0.107317 0.1623 -1.86121 -0.0864392 -0.987653 0.13065 8.39267 0.174318 0.114124 0.978054 -1.03805
-0.971284 0.225172 0.07685 -2.65822 -0.213029 -0.966882 0.140566 8.36525 0.105956 0.120158 0.987084 -0.921172
-0.926805 0.362197 0.0992234 -3.57717 -0.351785 -0.929806 0.108202 8.13289 0.131449 0.0653765 0.989165 -0.662883
-0.886021 0.460178 0.0566023 -4.31084 -0.450043 -0.882948 0.133658 7.8773 0.111483 0.0929504 0.98941 -0.536945
-0.828135 0.560525 0.00228991 -5.02516 -0.559012 -0.826186 0.0701609 7.48983 0.0412188 0.0568225 0.997533 -0.5933
-0.728611 0.684829 -0.0116119 -5.73908 -0.684834 -0.728126 0.0288826 6.88204 0.0113247 0.0289964 0.999515 -0.689163
-0.639609 0.76668 -0.0556953 -6.36508 -0.768585 -0.636573 0.0636604 6.19595 0.0133531 0.0835243 0.996416 -0.692175
-0.490683 0.870822 -0.0299692 -6.81357 -0.869808 -0.487494 0.0760532 5.69812 0.051619 0.0633855 0.996653 -0.615591
-0.340778 0.93685 -0.0786334 -7.18829 -0.938844 -0.334717 0.0808536 4.98259 0.0494278 0.101378 0.993619 -0.46516
-0.254188 0.96298 -0.0897667 -7.54165 -0.964794 -0.245991 0.0930676 4.03806 0.0675404 0.110263 0.991605 -0.445917
-0.200727 0.976855 -0.0739096 -7.82269 -0.976363 -0.193312 0.0966709 3.14373 0.0801459 0.0915671 0.992568 -0.345228
-0.0478473 0.994048 -0.0978716 -7.97412 -0.993473 -0.0372034 0.107826 2.3208 0.103543 0.102392 0.989341 -0.398296
0.0901094 0.98725 -0.131216 -8.04449 -0.995767 0.0917056 0.00616079 1.5619 0.0181155 0.130106 0.991335 -0.188372
0.239579 0.965707 -0.100058 -7.82177 -0.970652 0.240468 -0.00326032 0.517633 0.0209122 0.0979024 0.994976 -0.338514
0.300117 0.941082 -0.155868 -7.57006 -0.953902 0.296246 -0.0480545 -0.370646 0.000952053 0.163105 0.986608 -0.231683
0.398078 0.910856 -0.108973 -7.255 -0.915766 0.401558 0.0111489 -1.20502 0.0539139 0.0953555 0.993982 -0.26694
0.572957 0.817138 -0.0632947 -6.90623 -0.814914 0.576224 0.062297 -2.1092 0.0873771 0.0158862 0.996049 -0.355974
0.609782 0.775282 -0.164631 -6.2618 -0.780259 0.623685 0.0470359 -3.09418 0.139144 0.0997731 0.985233 -0.372489
0.701516 0.697933 -0.144103 -5.52196 -0.691769 0.715485 0.0976608 -3.73617 0.171264 0.0311756 0.984732 -0.195794
0.762991 0.636602 -0.112169 -4.82342 -0.623227 0.770523 0.133724 -4.42874 0.171558 -0.0321232 0.98465 -0.260114
0.869266 0.476951 -0.129982 -4.11782 -0.469958 0.878871 0.0820141 -5.05283 0.153354 -0.0102062 0.988119 -0.146295
0.929211 0.349463 -0.120175 -3.21807 -0.342796 0.936573 0.0729536 -5.49586 0.138047 -0.0265939 0.990069 -0.0871926
0.963377 0.236827 -0.125764 -2.16804 -0.228424 0.970456 0.0776995 -5.94328 0.14045 -0.0461264 0.989013 0.102963
0.988107 0.0727559 -0.135466 -1.21513 -0.0656164 0.996247 0.056448 -6.07524 0.139064 -0.0468879 0.989173 0.131199
0.994352 -0.0269386 -0.102653 -0.246219 0.0322397 0.998212 0.050337 -6.14094 0.101113 -0.0533622 0.993443 0.310833
0.980773 -0.166608 -0.10162 0.820418 0.174837 0.981482 0.0782584 -5.9846 0.0866997 -0.0945206 0.99174 0.365375
0.957275 -0.289112 0.00622346 1.97593 0.285073 0.947078 0.147566 -5.79441 -0.0485572 -0.139487 0.989033 0.305935
0.899514 -0.41374 0.140333 2.9207 0.40098 0.90936 0.110813 -5.51954 -0.173461 -0.043407 0.983884 0.361046
0.867993 -0.47354 0.149491 3.85322 0.469747 0.88062 0.0620206 -5.13508 -0.161014 0.0163897 0.986816 0.0424492
0.792394 -0.601681 0.100457 4.73258 0.600347 0.79839 0.046439 -4.53064 -0.108145 0.0235112 0.993857 0.104864
0.760964 -0.647738 0.0369969 5.53396 0.64636 0.761811 0.0431659 -3.841 -0.0561448 -0.00893442 0.998383 -0.225266
0.663948 -0.745028 0.0640888 6.22982 0.743097 0.666939 0.0547749 -3.10889 -0.0835521 0.0112565 0.99644 -0.393572
0.523052 -0.846087 0.102732 6.84548 0.84515 0.530463 0.0658101 -2.29138 -0.110177 0.0524018 0.99253 -0.513647
0.432763 -0.892863 0.124548 7.29237 0.896665 0.440611 0.0430458 -1.42198 -0.0933114 0.0930496 0.991279 -0.694851
0.254285 -0.955997 0.146317 7.76946 0.964199 0.262364 0.038533 -0.496931 -0.0752257 0.13128 0.988487 -0.800273
0.182171 -0.97503 0.127008 8.10277 0.980698 0.189504 0.0481607 0.641893 -0.0710266 0.115783 0.990732 -0.901495
-0.0378532 -0.99091 0.129092 8.2086 0.995177 -0.0256828 0.0946714 1.54846 -0.0904954 0.132053 0.987103 -0.985681
-0.148719 -0.978745 0.141214 8.24845 0.983375 -0.13133 0.125402 2.49197 -0.104191 0.157516 0.982005 -1.24519
-0.294978 -0.94611 0.133653 8.12007 0.945763 -0.269178 0.181868 3.55909 -0.13609 0.180051 0.974198 -1.36833
-0.385771 -0.897218 0.214898 7.80956 0.915304 -0.342969 0.211167 4.63868 -0.115759 0.278158 0.953534 -1.48116
-0.494735 -0.858967 0.131959 7.32233 0.864357 -0.470614 0.177225 5.61737 -0.0901285 0.20174 0.975284 -1.77651
-0.611927 -0.783408 0.108709 6.74008 0.786364 -0.58791 0.189723 6.50357 -0.0847189 0.201581 0.975801 -2.02088
-0.677641 -0.731882 0.0717809 6.17255 0.725903 -0.650071 0.224662 7.52828 -0.117763 0.204346 0.971789 -2.18157
-0.750828 -0.646973 0.132976 5.29806 0.657112 -0.711326 0.249439 8.30472 -0.0667905 0.274666 0.959217 -2.25198
-0.768343 -0.617033 0.170056 4.26789 0.640013 -0.738353 0.212646 9.03931 -0.00564886 0.272223 0.962218 -2.39034
-0.851322 -0.500631 0.156907 3.36649 0.521924 -0.838557 0.156261 9.78525 0.0533461 0.214922 0.975173 -2.38746
-0.903107 -0.367309 0.222445 2.33577 0.408059 -0.895403 0.178162 10.3909 0.133737 0.25167 0.958528 -2.29066
-0.947104 -0.206721 0.24548 1.22828 0.252379 -0.952251 0.171822 10.9247 0.198239 0.224687 0.954053 -2.03809
-0.973801 -0.152539 0.16865 0.148508 0.184853 -0.96294 0.196408 11.0833 0.13244 0.222437 0.96591 -1.70389
-0.979927 0.000180082 0.199355 -1.20085 0.0612205 -0.951408 0.301787 11.2881 0.189723 0.307934 0.932299 -1.41987
-0.984624 0.105266 0.139406 -2.30124 -0.0672128 -0.964898 0.253877 11.3958 0.161237 0.240604 0.957138 -1.26772
-0.950213 0.300583 0.0821348 -3.41092 -0.271145 -0.927486 0.257392 11.3592 0.153547 0.222307 0.96281 -1.17526
-0.920328 0.387775 0.0512518 -4.64817 -0.370502 -0.906242 0.203601 11.0125 0.125398 0.168391 0.977711 -0.962219
-0.826915 0.561308 -0.0338402 -5.7244 -0.558873 -0.813688 0.159916 10.6398 0.062227 0.15115 0.98655 -0.859886
-0.810569 0.573461 -0.118828 -6.75063 -0.584907 -0.802881 0.115175 9.96048 -0.0293562 0.162861 0.986212 -0.720386
-0.693247 0.705426 -0.147586 -7.7048 -0.719929 -0.687297 0.096564 9.19776 -0.0333165 0.173194 0.984324 -0.759236
-0.627978 0.755767 -0.185633 -8.62258 -0.777661 -0.61853 0.11253 8.11365 -0.0297736 0.215026 0.976154 -0.948743
-0.522915 0.840724 -0.140513 -9.35104 -0.852153 -0.511775 0.109183 7.23181 0.0198819 0.176832 0.98404 -0.966361
-0.436636 0.875676 -0.206254 -10.0053 -0.895256 -0.400335 0.19557 6.08086 0.0886852 0.270043 0.958755 -0.929392
-0.299986 0.923332 -0.239723 -10.6175 -0.953761 -0.295217 0.0564489 4.91787 -0.0186491 0.245572 0.969199 -0.785303
-0.137065 0.94849 -0.285623 -10.849 -0.98934 -0.116761 0.0870277 3.78092 0.0491953 0.294507 0.954382 -0.842233
-0.0460875 0.976166 -0.212077 -11.0443 -0.995303 -0.0267788 0.0930345 2.40966 0.0851379 0.215369 0.972814 -0.766349
0.0921435 0.96201 -0.256996 -10.9562 -0.995578 0.0937443 -0.00604328 1.28952 0.0182782 0.256417 0.966394 -0.581798
0.271802 0.946533 -0.173781 -10.8249 -0.962351 0.266903 -0.0514184 -0.111433 -0.00228654 0.181213 0.983441 -0.736523
0.396368 0.898371 -0.189268 -10.5195 -0.918086 0.387148 -0.0850531 -1.28138 -0.00313438 0.207477 0.978235 -0.837212
0.492715 0.84568 -0.205079 -9.98111 -0.869089 0.490084 -0.0670938 -2.5667 0.0437659 0.21129 0.976443 -0.791471
0.578597 0.800493 -0.156321 -9.38366 -0.812499 0.582436 -0.0247809 -3.82544 0.0712102 0.141349 0.987395 -0.723467
0.66494 0.719138 -0.201729 -8.61716 -0.739483 0.671832 -0.0424936 -4.92301 0.10497 0.177431 0.978519 -0.625324
0.758297 0.629286 -0.170248 -7.67529 -0.644447 0.763004 -0.0501278 -5.9542 0.0983553 0.147728 0.984125 -0.414734
0.848753 0.511611 -0.133687 -6.65736 -0.515222 0.857013 0.00868423 -6.91706 0.119015 0.0615079 0.990986 -0.328687
0.885768 0.436564 -0.157566 -5.45231 -0.44549 0.894945 -0.0247491 -7.63294 0.130209 0.0921163 0.987198 -0.170588
0.936049 0.334524 -0.109112 -4.28217 -0.334953 0.942117 0.0149233 -8.35334 0.107788 0.0225783 0.993917 0.000216553
0.95996 0.265186 -0.0902914 -2.82554 -0.266713 0.963763 -0.00506777 -8.84042 0.0856756 0.0289467 0.995902 0.133086
0.985701 0.0938564 -0.139947 -1.61675 -0.103854 0.992405 -0.0659224 -9.16782 0.132697 0.0795139 0.987962 0.240912
0.99242 0.0104121 -0.122449 -0.21169 -0.0187729 0.997554 -0.0673259 -9.20356 0.121449 0.0691143 0.990189 0.36201
0.990826 -0.129549 -0.0384743 1.27161 0.12634 0.989026 -0.076585 -9.03049 0.0479736 0.0710216 0.99632 0.512267
0.971282 -0.224845 0.0778242 2.69543 0.228105 0.972979 -0.0357757 -8.80715 -0.0676773 0.0525003 0.996325 0.54317
0.908706 -0.3398 0.242464 4.06494 0.34842 0.937306 0.00777741 -8.22646 -0.229906 0.0774119 0.970129 0.376272
0.836987 -0.489949 0.243726 5.31164 0.508022 0.861242 -0.0133054 -7.74093 -0.203388 0.134954 0.969753 0.0386994
0.786822 -0.583313 0.201636 6.48392 0.600535 0.798953 -0.032114 -6.96263 -0.142365 0.146357 0.978934 -0.134908
0.719591 -0.670304 0.181332 7.55676 0.68609 0.726587 -0.0367812 -6.01197 -0.107099 0.150877 0.982734 -0.370129
0.610223 -0.776301 0.158065 8.49826 0.784006 0.62042 0.0203364 -5.10355 -0.113854 0.111514 0.987219 -0.579863
0.417028 -0.878649 0.232517 9.42978 0.891596 0.445151 0.0830495 -4.03647 -0.176476 0.172677 0.96904 -0.827795
0.417432 -0.88277 0.215563 10.0216 0.903266 0.429012 0.00773593 -2.66281 -0.099308 0.191481 0.976459 -1.06761
0.293051 -0.929845 0.222506 10.5949 0.943787 0.31856 0.0882384 -1.25968 -0.15293 0.18414 0.97093 -1.31044
0.16171 -0.959732 0.229706 11.086 0.979636 0.184192 0.079917 0.0659341 -0.119009 0.212105 0.969973 -1.31121
0.0059432 -0.966473 0.2567 11.228 0.99648 0.0271901 0.0792998 1.48476 -0.0836208 0.255325 0.963232 -1.42239
-0.117622 -0.970343 0.211184 11.164 0.976329 -0.0741245 0.203193 2.89203 -0.181513 0.230085 0.956093 -1.71043
-0.281136 -0.940658 0.190068 11.0356 0.928951 -0.217039 0.299907 4.33918 -0.240857 0.260878 0.934842 -2.04197
-0.386964 -0.892044 0.233489 10.5323 0.901925 -0.313492 0.297074 5.67411 -0.191806 0.325547 0.925867 -2.2644
-0.519065 -0.838686 0.164856 9.95774 0.84839 -0.48208 0.218709 7.04515 -0.103955 0.253386 0.961764 -2.56715
-0.589373 -0.769173 0.247009 9.22423 0.805545 -0.536401 0.251735 8.25157 -0.0611321 0.347343 0.935743 -2.81667
-0.681421 -0.703208 0.202889 8.33239 0.730734 -0.638097 0.242611 9.46408 -0.0411427 0.313578 0.948671 -3.00006
-0.821667 -0.5406 0.180596 7.23149 0.569789 -0.771136 0.28406 10.5208 -0.0142985 0.336305 0.941645 -3.28219
-0.808092 -0.564283 0.169032 6.06834 0.588599 -0.762205 0.269436 11.4789 -0.0232012 0.317221 0.948068 -3.23768
-0.863479 -0.447701 0.23231 4.76673 0.49923 -0.824288 0.267058 12.3269 0.071928 0.346575 0.935261 -3.17489
-0.923343 -0.271545 0.27148 3.42584 0.346364 -0.8942 0.283618 13.1033 0.165742 0.355907 0.919706 -3.15633
-0.931681 -0.159925 0.326181 1.92343 0.268934 -0.907263 0.323338 13.7301 0.244223 0.388969 0.88829 -2.90844
-0.980829 -0.0273626 0.192938 0.524472 0.09988 -0.92074 0.377175 14.1395 0.167325 0.389215 0.905822 -2.55211
-0.99242 0.00172792 0.12288 -1.14137 0.0447853 -0.926054 0.374724 14.1614 0.114441 0.377387 0.918957 -2.38866
-0.982874 0.116706 0.142612 -2.69158 -0.0528478 -0.919901 0.388573 14.3026 0.176537 0.374381 0.910315 -2.2151
-0.9717 0.230447 0.0518874 -4.31726 -0.19602 -0.909228 0.367261 14.1935 0.131812 0.346697 0.928669 -1.95488
-0.937975 0.345838 -0.0244778 -5.79006 -0.330632 -0.871016 0.363337 13.7445 0.104335 0.348894 0.931336 -1.61132
-0.875397 0.460805 -0.146081 -7.37439 -0.48339 -0.836837 0.256978 13.1936 -0.00382931 0.295572 0.955313 -1.38264
-0.751596 0.604084 -0.264927 -8.50274 -0.656946 -0.72167 0.218208 12.3562 -0.059374 0.338047 0.939255 -1.37514
-0.688045 0.651586 -0.319422 -9.86817 -0.718214 -0.674387 0.17138 11.2268 -0.103745 0.34733 0.931986 -1.49846
-0.592939 0.763646 -0.255476 -10.928 -0.801461 -0.590393 0.0953767 10.0635 -0.0779971 0.261306 0.962099 -1.65354
-0.556977 0.787404 -0.264142 -12.0013 -0.830361 -0.52157 0.196128 8.65364 0.0166635 0.328572 0.944332 -1.71527
-0.436426 0.859241 -0.266904 -12.8637 -0.898736 -0.402308 0.174418 7.23569 0.0424893 0.315997 0.947808 -1.81108
-0.268044 0.918125 -0.291888 -13.4051 -0.963376 -0.253027 0.088789 5.81876 0.00766399 0.304997 0.952323 -1.65428
-0.0586485 0.94437 -0.323615 -13.8041 -0.998265 -0.0537737 0.023993 4.16562 0.00525628 0.32446 0.945885 -1.64321
-0.0480296 0.942665 -0.330266 -13.9514 -0.997509 -0.0281627 0.064681 2.42116 0.0516713 0.332549 0.941669 -1.61705
0.108384 0.940525 -0.321971 -13.8376 -0.993142 0.116723 0.00664698 0.94039 0.043833 0.319043 0.946726 -1.56131
0.303303 0.904642 -0.299382 -13.7922 -0.952534 0.296476 -0.0691478 -0.804048 0.0262056 0.306145 0.951624 -1.45543
0.383394 0.882365 -0.27284 -13.2097 -0.92214 0.382227 -0.0596672 -2.3172 0.0516387 0.274473 0.960207 -1.51436
0.479929 0.840141 -0.252649 -12.5661 -0.874005 0.482832 -0.0546761 -4.00734 0.0760511 0.247057 0.966012 -1.49423
0.591114 0.76872 -0.244243 -11.7032 -0.798068 0.601307 -0.0389454 -5.57692 0.116927 0.217944 0.968932 -1.33089
0.629026 0.754599 -0.186835 -10.6472 -0.774153 0.629942 -0.062129 -6.95652 0.0708127 0.183719 0.980425 -1.2244
0.748401 0.640083 -0.173751 -9.60605 -0.658187 0.749051 -0.0755847 -8.26277 0.0817676 0.170928 0.981885 -0.962434
0.793066 0.577849 -0.19271 -8.15894 -0.595745 0.801764 -0.0475684 -9.46389 0.127021 0.152531 0.980102 -0.646183
0.860549 0.473648 -0.187382 -6.76043 -0.496565 0.86205 -0.101452 -10.3503 0.11348 0.180352 0.977034 -0.545713
0.95299 0.276386 -0.124179 -5.24675 -0.28646 0.955384 -0.071984 -11.2267 0.0987434 0.104172 0.989645 -0.31339
0.952625 0.276072 -0.12763 -3.67389 -0.290485 0.950206 -0.112811 -11.8445 0.0901309 0.144542 0.985385 -0.109365
0.994222 0.0597863 -0.0891486 -1.94468 -0.0702211 0.990417 -0.118925 -12.1207 0.0811841 0.124498 0.988893 -0.0581032
0.996559 0.0363061 -0.0745087 -0.17892 -0.0486338 0.984076 -0.170967 -12.2051 0.0671151 0.174002 0.982456 0.0343629
0.991658 -0.128734 0.00644622 1.7294 0.127641 0.973827 -0.188068 -12.0046 0.0179332 0.187322 0.982135 0.142726
0.958451 -0.269794 0.0926457 3.43978 0.278635 0.955024 -0.101444 -11.7764 -0.06111 0.123043 0.990518 0.169495
0.891603 -0.39539 0.220705 5.18644 0.427871 0.895181 -0.124808 -11.0789 -0.148223 0.205713 0.967322 0.0639752
0.846734 -0.47634 0.236941 6.79878 0.504852 0.859905 -0.0754134 -10.333 -0.167824 0.183475 0.968593 -0.367118
0.792947 -0.542476 0.277407 8.39916 0.58359 0.807052 -0.0899416 -9.3513 -0.175091 0.233211 0.956533 -0.581107
0.689839 -0.682189 0.242363 9.56917 0.708939 0.704393 -0.0351734 -8.30382 -0.146724 0.196085 0.969548 -0.871144
0.634097 -0.734467 0.241823 10.9147 0.766172 0.639002 -0.0682369 -6.95039 -0.104408 0.228547 0.967918 -1.07845
0.485855 -0.815406 0.314734 12.1171 0.855712 0.517112 0.0187587 -5.41881 -0.178049 0.260207 0.948995 -1.30159
0.387787 -0.862764 0.324436 12.8325 0.914251 0.404823 -0.0162369 -3.92019 -0.11733 0.302912 0.945768 -1.73491
0.258479 -0.923174 0.284497 13.4281 0.963712 0.266757 -0.00996894 -2.2348 -0.0666886 0.27675 0.958625 -1.91782
0.116794 -0.964257 0.23784 13.926 0.987006 0.139304 0.0800892 -0.4912 -0.110359 0.225396 0.967997 -2.15203
-0.044617 -0.961622 0.270727 14.209 0.992129 -0.0109141 0.12474 1.25014 -0.116998 0.274162 0.95454 -2.38612
-0.186595 -0.944394 0.270745 14.1593 0.973261 -0.140118 0.182014 3.09691 -0.133957 0.297468 0.945287 -2.48064
-0.27763 -0.925067 0.259176 13.7498 0.939049 -0.204378 0.276435 5.01014 -0.202751 0.320125 0.925425 -2.85482
-0.34036 -0.889905 0.303684 13.2696 0.917545 -0.243713 0.314189 6.66811 -0.205587 0.385581 0.899478 -3.16608
-0.480631 -0.846344 0.229554 12.4993 0.865898 -0.41666 0.276793 8.38325 -0.138616 0.331806 0.933108 -3.54227
-0.584867 -0.778436 0.227964 11.5459 0.796353 -0.497668 0.343728 9.88377 -0.15412 0.382575 0.910979 -3.90212
-0.664104 -0.715173 0.217929 10.3421 0.740183 -0.587861 0.326418 11.2981 -0.105334 0.378083 0.91976 -4.1861
-0.759256 -0.63025 0.162219 8.90373 0.644934 -0.695307 0.317188 12.7753 -0.0871157 0.345447 0.934386 -4.35495
-0.846899 -0.461949 0.263373 7.72489 0.529135 -0.781195 0.331285 13.9012 0.0527085 0.419925 0.906027 -4.51191
-0.858236 -0.441705 0.261395 6.09026 0.509054 -0.797579 0.323622 14.8867 0.0655379 0.410809 0.909363 -4.38551
-0.897053 -0.378903 0.227438 4.21847 0.4368 -0.83835 0.326151 15.8622 0.0670935 0.39192 0.91755 -4.23171
-0.948468 -0.284121 0.140301 2.55231 0.315996 -0.881012 0.352086 16.5437 0.0235723 0.378277 0.925392 -4.03617
-0.983986 -0.115895 0.135427 0.666652 0.159183 -0.913221 0.375085 16.9568 0.0802041 0.390636 0.917045 -3.836
-0.992665 0.0371108 0.115056 -1.30791 0.0205189 -0.886191 0.462866 17.0579 0.119139 0.461832 0.87893 -3.55491
-0.972797 0.197512 0.121057 -3.10498 -0.114936 -0.865218 0.488045 17.0622 0.201135 0.460855 0.864383 -3.55787
-0.967139 0.239822 0.0844308 -5.02137 -0.161136 -0.835031 0.526078 16.8841 0.196667 0.495185 0.846235 -3.15167
-0.919977 0.38131 -0.0907988 -6.92776 -0.369736 -0.767273 0.524012 16.5273 0.130143 0.51565 0.846857 -2.73399
-0.853142 0.443926 -0.274003 -8.7361 -0.5211 -0.749922 0.40752 15.7001 -0.0245719 0.490456 0.87112 -2.44977
-0.767857 0.556219 -0.31783 -10.3376 -0.640387 -0.679869 0.357327 14.5653 -0.0173307 0.47791 0.878238 -2.53037
-0.673343 0.669732 -0.313157 -11.8508 -0.738168 -0.632735 0.233995 13.1668 -0.0414312 0.388722 0.920423 -2.59295
-0.575209 0.770634 -0.274332 -13.1848 -0.816575 -0.560783 0.136851 11.8462 -0.048379 0.30273 0.951848 -2.72823
-0.525603 0.797731 -0.295578 -14.5275 -0.850714 -0.4907 0.188414 10.1302 0.00526392 0.350483 0.936554 -2.82582
-0.384904 0.858523 -0.338803 -15.4985 -0.92261 -0.347839 0.16673 8.48597 0.0252926 0.376758 0.925966 -2.73137
-0.230979 0.898617 -0.37301 -16.1454 -0.972958 -0.213659 0.0877599 6.64582 -0.000834465 0.383194 0.923668 -2.73685
-0.102522 0.898041 -0.427799 -16.656 -0.994255 -0.079207 0.072 4.46878 0.0307743 0.432722 0.901002 -2.75747
-0.0391389 0.918926 -0.392484 -16.7816 -0.998406 -0.0199757 0.0527927 2.44852 0.0406724 0.393925 0.918242 -2.64396
0.0936798 0.923187 -0.372759 -16.6503 -0.991915 0.118737 0.0447845 0.442983 0.0856047 0.36555 0.926847 -2.50987
0.227623 0.915812 -0.330872 -16.4293 -0.972122 0.233361 -0.0228579 -1.6899 0.0562791 0.326851 0.943399 -2.46237
0.349765 0.888301 -0.297634 -15.9976 -0.9337 0.356512 -0.0332124 -3.4677 0.0766077 0.289518 0.954102 -2.44165
0.459655 0.838615 -0.292305 -15.0316 -0.885182 0.459269 -0.0743357 -5.5233 0.0719073 0.292912 0.953432 -2.22799
0.538091 0.796554 -0.275609 -14.2171 -0.837411 0.54242 -0.0672555 -7.24384 0.0959232 0.266988 0.958914 -2.10946
0.678598 0.682793 -0.270736 -13.014 -0.7249 0.681993 -0.096979 -8.86308 0.118424 0.262067 0.957756 -1.99836
0.751655 0.585364 -0.303916 -11.5914 -0.632032 0.770989 -0.0781821 -10.3725 0.188551 0.25085 0.949486 -1.67614
0.819631 0.506077 -0.268499 -9.98967 -0.552185 0.822735 -0.1349 -11.8147 0.152634 0.25883 0.953787 -1.21808
0.868547 0.456956 -0.191875 -8.30164 -0.485197 0.862925 -0.141226 -13.0017 0.10104 0.215758 0.971205 -1.15905
0.92684 0.338013 -0.163446 -6.30113 -0.365237 0.912572 -0.183886 -14.1093 0.0870001 0.23013 0.969263 -1.09937
0.95581 0.247652 -0.158414 -4.35026 -0.281733 0.925557 -0.252926 -14.6756 0.0839834 0.286379 0.954428 -0.817064
0.986377 0.140356 -0.0857977 -2.2509 -0.162929 0.905511 -0.391796 -15.1927 0.0226998 0.400437 0.916043 -0.50978
0.999581 -0.0238719 -0.0163522 -0.162675 0.018628 0.963338 -0.267643 -15.3277 0.0221419 0.267227 0.963379 -0.544895
0.978174 -0.202288 0.0474825 2.04229 0.207035 0.929442 -0.305409 -15.0645 0.0176482 0.308573 0.951037 -0.448903
0.95265 -0.292154 0.0842823 4.2691 0.304066 0.916438 -0.260163 -14.6472 -0.00123177 0.273472 0.961879 -0.524041
0.90286 -0.371625 0.216192 6.44541 0.412751 0.889962 -0.193919 -13.8934 -0.120338 0.264315 0.956899 -0.641839
0.850626 -0.471888 0.231857 8.35324 0.505653 0.855057 -0.114857 -12.8914 -0.144052 0.21494 0.965945 -0.961705
0.792237 -0.557998 0.246979 10.0442 0.600587 0.784626 -0.153809 -11.7285 -0.107961 0.270185 0.956736 -1.42604
0.721796 -0.647362 0.244812 11.6476 0.676154 0.735078 -0.0497653 -10.4414 -0.14774 0.201451 0.968293 -1.5789
0.563062 -0.760146 0.324254 13.2084 0.813358 0.579198 -0.0545756 -9.0284 -0.146322 0.294464 0.944395 -1.77632
0.485934 -0.798062 0.356321 14.4746 0.859949 0.509383 -0.0318799 -7.01088 -0.156061 0.321909 0.93382 -2.20612
0.397481 -0.846373 0.354486 15.5729 0.910656 0.411317 -0.0390442 -5.06434 -0.11276 0.338334 0.934246 -2.67173
0.313936 -0.894456 0.318423 16.2455 0.945504 0.325049 -0.0191124 -3.01165 -0.0864079 0.30707 0.947756 -2.83989
0.178598 -0.90063 0.396193 16.8357 0.980985 0.194079 -0.0010324 -0.878093 -0.0759627 0.388844 0.918167 -2.97221
0.0190169 -0.946393 0.322458 17.1418 0.992623 0.0564966 0.107274 1.19944 -0.119741 0.318039 0.940486 -3.22335
-0.11379 -0.941024 0.318631 17.0555 0.983482 -0.0612504 0.170329 3.44063 -0.140767 0.332749 0.93245 -3.44319
-0.239075 -0.933956 0.265649 16.625 0.941702 -0.156316 0.29793 5.46002 -0.236729 0.32139 0.916879 -3.85058
-0.441886 -0.833108 0.332668 16.0439 0.884061 -0.341498 0.319086 7.46103 -0.152228 0.435099 0.887421 -4.32276
-0.501678 -0.820807 0.273122 15.0487 0.854462 -0.420933 0.304483 9.4725 -0.134956 0.386124 0.912521 -4.81253
-0.622854 -0.731673 0.276961 13.8284 0.774833 -0.528013 0.347613 11.2914 -0.1081 0.431111 0.8958 -5.22083
-0.711961 -0.629027 0.312149 12.5531 0.701798 -0.621971 0.347321 13.0471 -0.0243261 0.466344 0.884269 -5.43504
-0.728636 -0.628284 0.272669 10.9388 0.680088 -0.616592 0.396603 14.754 -0.0810533 0.474418 0.87656 -5.45176
-0.785507 -0.561157 0.260923 9.127 0.616998 -0.677524 0.400342 16.1489 -0.0478734 0.475461 0.878433 -5.69225
-0.883781 -0.409347 0.226642 7.39621 0.467309 -0.796556 0.383563 17.3881 0.0235225 0.444897 0.895273 -5.68866
-0.935737 -0.317264 0.154079 5.31856 0.3523 -0.861562 0.365507 18.3906 0.0167864 0.3963 0.917967 -5.43905
-0.976654 -0.200727 0.0765225 3.25749 0.214771 -0.904868 0.367542 19.2415 -0.00453279 0.375396 0.926853 -5.3987
-0.991563 -0.0852273 0.0976693 1.04602 0.116345 -0.917368 0.380657 19.7341 0.0571563 0.388808 0.919544 -5.2611
-0.998357 0.0351066 0.0452902 -1.41127 -0.0115451 -0.89738 0.441107 19.7829 0.0561283 0.439859 0.896311 -5.18125
-0.98778 0.148582 0.0470477 -3.61338 -0.106921 -0.865674 0.489056 19.642 0.113393 0.47805 0.870982 -4.94463
-0.975767 0.218195 0.0164326 -6.03648 -0.180909 -0.846708 0.500357 19.417 0.123089 0.485259 0.865663 -4.75274
-0.918194 0.387746 -0.0810654 -8.02571 -0.374829 -0.784231 0.494454 18.9089 0.128149 0.484391 0.865415 -4.45266
-0.867105 0.480928 -0.129756 -10.1165 -0.484843 -0.755097 0.44131 17.8374 0.11426 0.445574 0.887924 -4.17888
-0.808175 0.546382 -0.219818 -12.1758 -0.588058 -0.728189 0.352037 16.6057 0.0322775 0.413773 0.909808 -3.9459
-0.698682 0.635501 -0.328607 -13.9635 -0.709826 -0.673148 0.207409 15.2086 -0.0893922 0.378167 0.921411 -3.89737
-0.608363 0.718266 -0.337623 -15.5715 -0.7926 -0.571806 0.211714 13.5027 -0.0409882 0.396398 0.917163 -3.86028
-0.479687 0.805841 -0.347161 -16.9896 -0.877187 -0.449912 0.167697 11.5292 -0.0210554 0.384967 0.92269 -4.03812
-0.332433 0.82721 -0.453003 -18.1941 -0.942008 -0.314623 0.116764 9.4809 -0.0459374 0.465549 0.883829 -3.90904
-0.204532 0.844435 -0.495072 -18.801 -0.978827 -0.180571 0.0963923 7.20445 -0.0079989 0.504306 0.863488 -4.05417
-0.134135 0.890504 -0.434754 -19.2194 -0.989707 -0.0983001 0.104007 4.84234 0.0498823 0.444229 0.894523 -4.19852
-0.0401294 0.896389 -0.441447 -19.4429 -0.98927 0.0264729 0.143684 2.47128 0.140483 0.442476 0.885708 -4.07052
0.0811756 0.913253 -0.399223 -19.4442 -0.989441 0.12209 0.0781038 0.0754455 0.12007 0.388668 0.913521 -3.79701
0.223363 0.903038 -0.36692 -19.1475 -0.965335 0.257091 0.0450867 -2.33009 0.135047 0.34413 0.929159 -3.68141
0.370051 0.856159 -0.36063 -18.5977 -0.912783 0.407315 0.0303629 -4.568 0.172886 0.317941 0.932214 -3.44284
0.416202 0.851508 -0.318921 -17.5509 -0.901374 0.432505 -0.0215481 -6.85436 0.119587 0.296436 0.947536 -3.20447
0.575875 0.750217 -0.324872 -16.5875 -0.8071 0.585003 -0.0797533 -8.93935 0.130219 0.308132 0.942389 -3.01941
0.658336 0.695173 -0.288667 -15.0927 -0.748139 0.646561 -0.149151 -10.9898 0.0829553 0.314154 0.945741 -2.6989
0.728364 0.605394 -0.320912 -13.4352 -0.668755 0.730069 -0.140593 -12.755 0.149173 0.317014 0.936616 -2.54466
0.812898 0.513251 -0.275264 -11.5993 -0.565905 0.807786 -0.165027 -14.4351 0.137654 0.289923 0.947099 -2.14178
0.886922 0.411946 -0.208974 -9.5716 -0.451047 0.869928 -0.199452 -15.6698 0.0996287 0.271155 0.957366 -2.0401
0.94086 0.278432 -0.193025 -7.31624 -0.322169 0.91157 -0.255437 -16.7028 0.104833 0.302517 0.947361 -1.82132
0.962546 0.236285 -0.132942 -4.96183 -0.264865 0.924238 -0.275011 -17.4173 0.057889 0.299923 0.952205 -1.70485
0.996789 0.0681696 -0.0420184 -2.5489 -0.0792741 0.914223 -0.397381 -18.0795 0.0113248 0.399436 0.916691 -1.58717
0.998399 -0.052538 -0.0209659 -0.152593 0.0403942 0.921639 -0.385941 -18.1968 0.0395996 0.384476 0.922285 -1.4643
0.987547 -0.151133 0.0437001 2.56802 0.157063 0.931125 -0.329148 -17.9618 0.00905468 0.331913 0.943267 -1.52661
0.978866 -0.195485 0.0600555 5.0133 0.204437 0.92801 -0.311454 -17.4195 0.00515255 0.31715 0.948362 -1.47606
0.916304 -0.363698 0.167665 7.54329 0.392362 0.899148 -0.193867 -16.7067 -0.0802462 0.243427 0.966594 -1.5329
0.834376 -0.493602 0.245305 9.73019 0.542629 0.813739 -0.208285 -15.6013 -0.0968046 0.306898 0.946807 -1.7615
0.769765 -0.583906 0.257907 11.69 0.633378 0.748894 -0.194909 -14.1749 -0.0793365 0.313386 0.946306 -2.18903
0.721606 -0.63398 0.278125 13.6995 0.688718 0.698227 -0.195313 -12.5681 -0.0703697 0.332488 0.940478 -2.40832
0.579442 -0.717817 0.385987 15.5278 0.805795 0.575595 -0.139225 -10.7841 -0.122235 0.3917 0.911938 -2.78561
0.510042 -0.762544 0.397975 16.9081 0.844609 0.531548 -0.0639659 -8.62166 -0.162766 0.368759 0.915163 -3.16025
0.424591 -0.793214 0.436503 18.0501 0.894389 0.442381 -0.0660873 -6.32966 -0.140679 0.418463 0.897273 -3.71234
0.305502 -0.850057 0.429036 18.9761 0.951312 0.291844 -0.0991611 -3.9019 -0.0409192 0.438441 0.897828 -4.04247
0.191827 -0.868536 0.456998 19.5941 0.979104 0.201391 -0.0282358 -1.39241 -0.0675113 0.452865 0.88902 -4.12934
0.0290451 -0.877332 0.479004 20.1657 0.997846 0.0536503 0.0377587 1.05219 -0.0588256 0.476876 0.877 -4.35034
-0.21225 -0.84996 0.482201 20.0304 0.962213 -0.0956446 0.254947 3.51813 -0.170575 0.518092 0.838144 -4.52738
-0.353334 -0.849498 0.391801 19.4164 0.903623 -0.201527 0.377958 5.94082 -0.242116 0.487585 0.838833 -5.02024
-0.354452 -0.830747 0.429213 18.3452 0.914201 -0.211433 0.345734 8.39663 -0.196468 0.514933 0.834412 -5.67224
-0.513371 -0.775749 0.366965 17.4322 0.842234 -0.373436 0.388828 10.7538 -0.164595 0.508684 0.845074 -6.10115
-0.579749 -0.744012 0.33217 16.0539 0.804848 -0.459414 0.375711 12.8622 -0.12693 0.485164 0.865162 -6.6331
-0.731557 -0.60071 0.322445 14.5428 0.68129 -0.626183 0.379129 14.9145 -0.025837 0.497034 0.867346 -6.91343
-0.75797 -0.578366 0.301619 12.723 0.652289 -0.672614 0.349441 16.6838 0.000768321 0.461609 0.887083 -6.94298
-0.830013 -0.457545 0.318953 10.7717 0.554216 -0.740811 0.379531 18.3545 0.0626314 0.491784 0.868462 -7.1279
-0.872531 -0.374636 0.313589 8.53426 0.477647 -0.789033 0.386368 19.7403 0.102685 0.486903 0.867399 -6.97131
-0.921393 -0.322724 0.216529 6.21128 0.380211 -0.863915 0.330289 21.0573 0.0804707 0.386653 0.918708 -6.7453
-0.972848 -0.221587 0.0668295 3.86267 0.231048 -0.912898 0.336502 21.9767 -0.0135559 0.342806 0.939308 -6.59117
-0.997724 -0.0597859 0.0311918 1.23108 0.0673465 -0.906916 0.415895 22.4518 0.00342372 0.417049 0.908878 -6.50645
-0.998662 0.0497455 0.0141518 -1.51369 -0.0384625 -0.897269 0.439806 22.5073 0.0345763 0.438673 0.897981 -6.58136
-0.993421 0.113904 0.0118386 -4.2409 -0.0933026 -0.86499 0.493039 22.2588 0.0663993 0.488691 0.869927 -6.52621
-0.97855 0.201957 -0.0406617 -6.74985 -0.193429 -0.832798 0.518684 21.9522 0.0708887 0.515423 0.853999 -6.25194
-0.94227 0.321845 -0.0924266 -9.33443 -0.320395 -0.786331 0.528234 21.2158 0.0973314 0.527352 0.844054 -6.00063
-0.894797 0.419448 -0.152978 -11.6117 -0.436197 -0.748194 0.499937 20.1472 0.0952406 0.514071 0.852444 -5.67343
-0.820663 0.524522 -0.22669 -13.8975 -0.5656 -0.689218 0.452852 18.8596 0.0812918 0.499855 0.862286 -5.35735
-0.689843 0.613473 -0.384405 -15.9714 -0.723723 -0.597942 0.344516 17.1964 -0.018501 0.515865 0.85647 -5.07731
-0.574606 0.733109 -0.363841 -17.7758 -0.818426 -0.516223 0.252375 15.1561 -0.00280481 0.442792 0.89662 -5.27838
-0.434975 0.794546 -0.423666 -19.3402 -0.90037 -0.389758 0.193449 12.877 -0.0114234 0.465602 0.884921 -5.29657
-0.346316 0.780138 -0.521009 -20.487 -0.934765 -0.33388 0.121402 10.4073 -0.0792441 0.529065 0.844873 -5.35623
-0.19755 0.828367 -0.524196 -21.2867 -0.980001 -0.179927 0.0849935 7.82616 -0.0239115 0.530504 0.847345 -5.5988
-0.16369 0.866482 -0.471608 -21.7826 -0.983302 -0.104771 0.148797 4.96707 0.079519 0.488089 0.869164 -5.60775
-0.0483096 0.890421 -0.452566 -22.1304 -0.994344 3.49637e-05 0.106211 2.34188 0.0945882 0.455137 0.885383 -5.42231
0.0563734 0.899469 -0.433334 -22.1203 -0.993759 0.0923931 0.0624995 -0.26798 0.0962534 0.427106 0.899064 -5.12887
0.220347 0.880664 -0.419379 -21.8318 -0.966564 0.254944 0.0275178 -3.10128 0.131152 0.399293 0.907394 -4.7639
0.269993 0.860664 -0.431695 -21.1701 -0.953068 0.302668 0.00735214 -5.83082 0.136988 0.40945 0.90199 -4.4298
0.404191 0.829048 -0.386404 -20.2428 -0.905009 0.423734 -0.0375274 -8.3282 0.132621 0.364868 0.921566 -4.17812
0.539591 0.727412 -0.423926 -18.968 -0.830417 0.5428 -0.125603 -10.6963 0.138742 0.41981 0.896945 -3.95698
0.674242 0.64221 -0.364642 -17.3679 -0.738309 0.597694 -0.312507 -12.8894 0.0172492 0.479924 0.87714 -3.59753
0.682153 0.627863 -0.374775 -15.2866 -0.724998 0.647428 -0.234976 -14.9092 0.0951068 0.432001 0.896844 -3.67843
0.802143 0.494904 -0.33412 -13.2004 -0.585052 0.763347 -0.27389 -16.8271 0.1195 0.415177 0.901858 -3.18803
0.896822 0.393821 -0.20153 -10.8491 -0.440162 0.84001 -0.317239 -18.2928 0.0443514 0.373213 0.926685 -2.92505
0.94135 0.294381 -0.164927 -8.30979 -0.336091 0.861524 -0.380552 -19.4191 0.030061 0.413663 0.909934 -2.93092
0.979184 0.17878 -0.0961011 -5.65276 -0.201467 0.91364 -0.35309 -20.2533 0.0246762 0.365102 0.930641 -2.83653
0.99406 0.107606 -0.0163206 -2.67009 -0.105651 0.918045 -0.38214 -20.736 -0.0261373 0.381594 0.92396 -2.67165
0.997586 -0.0653414 -0.023511 0.0827388 0.049939 0.910296 -0.410935 -20.9245 0.048253 0.408769 0.911362 -2.74332
0.986951 -0.160957 0.00452139 2.96271 0.152332 0.924229 -0.350136 -20.736 0.052178 0.346256 0.936688 -2.65
0.97005 -0.236674 0.0546601 5.84135 0.242618 0.933154 -0.265255 -20.3076 0.0117725 0.270572 0.962628 -2.48169
0.90718 -0.367606 0.20467 8.55469 0.408194 0.886889 -0.216347 -19.4998 -0.101989 0.279811 0.954623 -2.40524
0.814655 -0.450555 0.365154 11.1505 0.544515 0.810935 -0.214214 -18.1987 -0.199601 0.373343 0.905966 -2.52952
0.778051 -0.534932 0.329369 13.4841 0.613058 0.760989 -0.212263 -16.4097 -0.1371 0.367074 0.920033 -3.32548
0.681851 -0.606195 0.409398 15.6787 0.724456 0.637061 -0.263283 -14.6951 -0.10121 0.47611 0.873542 -3.58934
0.629496 -0.660656 0.408984 17.6012 0.768847 0.605683 -0.204992 -12.586 -0.112285 0.443488 0.889219 -4.00539
0.473829 -0.78446 0.400137 19.2567 0.873883 0.474946 -0.103703 -10.1543 -0.108692 0.39881 0.910569 -4.53814
0.427191 -0.779196 0.458651 20.5352 0.895994 0.432852 -0.0991701 -7.53611 -0.121255 0.453313 0.883065 -4.92452
0.271836 -0.853811 0.443973 21.4952 0.954792 0.296969 -0.0134962 -4.83114 -0.120323 0.427571 0.895938 -5.29375
0.144566 -0.851128 0.50466 22.3654 0.984068 0.177014 0.0166417 -2.0876 -0.103496 0.494214 0.863158 -5.609
0.0141034 -0.836764 0.547382 22.7221 0.994296 0.0696177 0.080804 0.821977 -0.105721 0.54312 0.832973 -5.88263
-0.133625 -0.851241 0.507477 22.5557 0.971092 -0.0102635 0.238485 3.74602 -0.1978 0.524675 0.828005 -6.16174
-0.32072 -0.798546 0.509375 22.0922 0.935007 -0.180998 0.304962 6.34686 -0.15133 0.574077 0.804696 -6.77635
-0.395214 -0.779168 0.486522 21.0675 0.911681 -0.267873 0.311579 9.10579 -0.112446 0.566694 0.816219 -7.38168
-0.459619 -0.798473 0.388834 19.6865 0.877469 -0.34068 0.337619 11.7723 -0.137111 0.496366 0.857217 -7.76263
-0.579094 -0.728154 0.366663 18.3072 0.807277 -0.449368 0.382585 14.3203 -0.113815 0.517552 0.848049 -8.19369
-0.687486 -0.63277 0.356321 16.4169 0.722557 -0.546963 0.42278 16.6921 -0.072628 0.548118 0.833242 -8.35541
-0.755083 -0.572564 0.319407 14.4143 0.655163 -0.640572 0.400536 18.8193 -0.0247298 0.511701 0.858807 -8.62257
-0.81561 -0.488921 0.309413 12.2638 0.578601 -0.689789 0.435215 20.5474 0.000643715 0.533992 0.845489 -8.53596
-0.852562 -0.370571 0.368531 9.74586 0.511846 -0.734527 0.445515 22.2078 0.105601 0.56846 0.815906 -8.51279
-0.886151 -0.295634 0.356843 7.1299 0.43344 -0.801173 0.412617 23.6724 0.163909 0.52031 0.8381 -8.04411
-0.981482 -0.168077 0.0918856 4.44084 0.191157 -0.890264 0.413388 24.715 0.0123215 0.423298 0.905907 -7.76644
-0.99921 -0.0330817 0.0219997 1.36779 0.0397239 -0.840634 0.540144 25.2112 0.000624816 0.540592 0.841285 -7.82807
-0.999582 0.014646 -0.0249372 -1.64821 -0.0254522 -0.854936 0.518109 25.1869 -0.0137315 0.518527 0.854951 -7.90896
-0.991786 0.125814 -0.0230595 -4.49159 -0.120904 -0.86326 0.490066 24.9773 0.041751 0.488828 0.87138 -8.01856
-0.956068 0.286222 -0.063326 -7.46182 -0.277452 -0.813793 0.510649 24.5392 0.0946248 0.505785 0.857454 -7.92993
-0.905928 0.407464 -0.115188 -10.2476 -0.407398 -0.7646 0.499414 23.6292 0.11542 0.499361 0.858672 -7.62472
-0.857726 0.494948 -0.139038 -12.9667 -0.496289 -0.726562 0.475189 22.5406 0.134174 0.476586 0.868829 -7.32334
-0.772872 0.573928 -0.270696 -15.5636 -0.629211 -0.637841 0.444132 21.0104 0.0822387 0.513581 0.854091 -6.93334
-0.657072 0.634814 -0.406531 -17.9128 -0.753803 -0.557732 0.347443 19.021 -0.00617375 0.534739 0.844995 -6.72424
-0.559402 0.704858 -0.436171 -19.9324 -0.82784 -0.501644 0.251067 16.6827 -0.0418357 0.501527 0.86413 -6.67625
-0.441004 0.762404 -0.473556 -21.6133 -0.896349 -0.400904 0.189298 14.0949 -0.0455282 0.507953 0.860181 -6.83008
-0.372893 0.794319 -0.479591 -22.8781 -0.927873 -0.318407 0.194085 11.3373 0.00146027 0.517373 0.855759 -7.0295
-0.212987 0.805858 -0.552475 -23.8227 -0.976476 -0.156098 0.148756 8.44699 0.0336355 0.571162 0.820148 -7.22748
-0.161123 0.857575 -0.488472 -24.3036 -0.984366 -0.103957 0.142184 5.33864 0.071153 0.503744 0.860918 -7.14141
-0.0726738 0.857815 -0.508795 -24.7291 -0.994147 -0.0214155 0.105893 2.28114 0.0799407 0.513512 0.85435 -6.96459
0.0516155 0.839467 -0.540954 -24.9026 -0.98565 0.129995 0.107684 -0.677467 0.160719 0.527633 0.83413 -6.7094
0.19257 0.819016 -0.54049 -24.5191 -0.964777 0.258623 0.0481586 -3.76897 0.179226 0.512178 0.839971 -6.16784
0.334198 0.80838 -0.484596 -23.8466 -0.934001 0.352959 -0.0553368 -6.68709 0.126309 0.471106 0.872986 -5.79267
0.442128 0.805399 -0.394786 -22.6824 -0.891505 0.443022 -0.0946072 -9.66475 0.0987023 0.393782 0.913889 -5.44632
0.555944 0.720821 -0.413936 -21.1161 -0.827297 0.528156 -0.191391 -12.3436 0.0806641 0.448851 0.889958 -5.32964
0.658178 0.633599 -0.406638 -19.2872 -0.751481 0.585603 -0.303884 -14.7026 0.0455875 0.50559 0.861568 -5.17938
0.699649 0.585447 -0.409565 -17.0297 -0.707863 0.645847 -0.286027 -16.9607 0.0970624 0.490035 0.866282 -4.98578
0.803028 0.465276 -0.372377 -14.6147 -0.585589 0.73203 -0.348164 -19.1946 0.110599 0.497645 0.860301 -4.5987
0.896791 0.364155 -0.251309 -12.0595 -0.441071 0.780645 -0.442774 -20.8374 0.0349447 0.507921 0.860694 -4.27677
0.945804 0.282664 -0.159864 -9.2201 -0.324631 0.835671 -0.443022 -21.997 0.00836765 0.470908 0.882143 -4.28637
0.979522 0.169129 -0.109234 -6.10871 -0.199344 0.890834 -0.40826 -23.0238 0.0282607 0.421675 0.906306 -4.16575
0.994846 0.055044 -0.0851591 -2.9961 -0.0850879 0.909977 -0.405836 -23.5403 0.055154 0.41099 0.90997 -3.97507
0.9951 0.00911329 -0.0984572 0.265971 -0.0480226 0.914963 -0.400671 -23.686 0.0864333 0.403435 0.910917 -3.87777
0.982407 -0.18399 -0.0320067 3.4436 0.152217 0.888178 -0.433554 -23.7106 0.108197 0.421054 0.900559 -3.7081
0.976565 -0.209362 0.0498805 6.61328 0.212848 0.905169 -0.36792 -23.1721 0.031878 0.369914 0.928519 -3.52995
0.894217 -0.372812 0.247763 9.60204 0.440842 0.829499 -0.342913 -22.2483 -0.0776774 0.415864 0.906104 -3.51459
0.80568 -0.465326 0.366539 12.4765 0.577373 0.755177 -0.310401 -20.787 -0.132364 0.461714 0.877097 -3.85601
0.797675 -0.502965 0.332776 15.0247 0.599286 0.722907 -0.343892 -18.8461 -0.0676006 0.473742 0.878065 -4.43276
0.678748 -0.603901 0.417857 17.4654 0.727113 0.632445 -0.267059 -16.7683 -0.102995 0.485095 0.868375 -4.89845
0.592059 -0.642761 0.486133 19.6275 0.785219 0.595858 -0.168475 -14.3563 -0.181377 0.481468 0.857491 -5.41401
0.466194 -0.724674 0.507455 21.5984 0.8772 0.453089 -0.15884 -11.6793 -0.114815 0.51919 0.846912 -5.98534
0.410443 -0.772618 0.484352 22.9493 0.899386 0.430635 -0.0752148 -8.77532 -0.150467 0.466491 0.871634 -6.30891
0.282637 -0.813877 0.507663 24.1678 0.948574 0.315802 -0.0218214 -5.77957 -0.142561 0.487723 0.861279 -6.70672
0.142085 -0.804513 0.576689 24.8034 0.981577 0.1897 0.0228006 -2.76052 -0.127741 0.562825 0.816646 -7.10687
0.017282 -0.780541 0.624865 25.2559 0.998123 0.0501897 0.0350885 0.492002 -0.0587498 0.623086 0.779944 -7.59438
-0.171244 -0.743754 0.646146 25.1745 0.963641 0.0100959 0.267009 3.81299 -0.205112 0.668377 0.714984 -7.93317
-0.305057 -0.756603 0.578352 24.4564 0.934805 -0.121916 0.333581 6.84161 -0.181878 0.642408 0.744468 -8.58893
-0.380827 -0.772139 0.508696 23.415 0.913674 -0.229738 0.335292 9.8945 -0.142026 0.59247 0.792974 -9.0911
-0.472285 -0.728224 0.496625 22.1683 0.877587 -0.335813 0.342157 12.7405 -0.082394 0.597427 0.797679 -9.57061
-0.580805 -0.701909 0.412298 20.4372 0.81305 -0.47518 0.336384 15.6364 -0.040195 0.530592 0.846674 -9.84776
-0.653185 -0.670354 0.352101 18.4477 0.754458 -0.536648 0.377892 18.2892 -0.0643673 0.512479 0.856284 -9.99033
-0.759156 -0.578558 0.298248 16.2223 0.648812 -0.635857 0.418005 20.6463 -0.052197 0.510838 0.858091 -10.2334
-0.819783 -0.475135 0.319691 13.6736 0.572241 -0.701341 0.425042 22.5962 0.0222603 0.531383 0.846839 -10.3083
-0.836979 -0.347886 0.422425 10.9266 0.530117 -0.707 0.46811 24.4605 0.135805 0.615732 0.776164 -10.3485
-0.865951 -0.266493 0.423215 8.09807 0.474441 -0.705431 0.526567 26.1269 0.158222 0.656771 0.737304 -9.76643
-0.98972 -0.124444 0.0704772 5.08601 0.137072 -0.68483 0.715695 27.4753 -0.0407993 0.717999 0.694848 -9.30287
-0.999945 -0.00535994 0.00904914 1.55712 0.0101092 -0.727193 0.686359 27.8372 0.00290163 0.686412 0.727207 -9.58522
-0.998271 0.049499 -0.0317099 -1.80141 -0.0586439 -0.801221 0.595488 27.6696 0.00406945 0.596318 0.802738 -9.59425
-0.986597 0.162904 -0.00938329 -5.04606 -0.138689 -0.80687 0.574218 27.4788 0.0859716 0.567824 0.818648 -9.55474
-0.96161 0.272319 -0.0338891 -8.34682 -0.250697 -0.821533 0.512088 26.9877 0.11161 0.500925 0.858264 -9.4586
-0.923645 0.374988 -0.0791472 -11.4513 -0.360743 -0.780933 0.50991 25.9663 0.129401 0.499527 0.856579 -9.23562
-0.875475 0.465762 -0.128882 -14.4866 -0.462677 -0.730811 0.501842 24.5097 0.13955 0.498981 0.855304 -8.98827
-0.795456 0.549931 -0.254611 -17.3781 -0.602142 -0.669826 0.434464 22.9617 0.06838 0.498908 0.863953 -8.70767
-0.68569 0.640123 -0.346512 -19.9468 -0.726137 -0.568502 0.386692 20.8232 0.0505379 0.516766 0.854634 -8.50756
-0.605628 0.649768 -0.459364 -22.1772 -0.794368 -0.527646 0.300947 18.1598 -0.0468361 0.547166 0.835713 -8.43675
-0.460881 0.745794 -0.481021 -24.0395 -0.884291 -0.431705 0.177933 15.3533 -0.0749576 0.507368 0.858463 -8.57002
-0.351204 0.799244 -0.487714 -25.3088 -0.933799 -0.337036 0.120112 12.1491 -0.0683783 0.49761 0.864701 -8.81861
-0.236323 0.807672 -0.540202 -26.3311 -0.971131 -0.177723 0.159122 8.90731 0.0325121 0.562211 0.826355 -8.99826
-0.153296 0.847703 -0.507839 -26.9033 -0.983121 -0.0788924 0.165075 5.65396 0.0998696 0.524573 0.845488 -8.96857
-0.0776507 0.832415 -0.548685 -27.3221 -0.990152 -8.86703e-05 0.139993 2.13548 0.116484 0.554153 0.824225 -8.50536
0.0415322 0.816873 -0.57532 -27.4059 -0.990498 0.10922 0.0835725 -1.17216 0.131104 0.566382 0.813648 -8.22102
0.17602 0.800833 -0.572436 -26.9921 -0.970351 0.239006 0.0359927 -4.59175 0.16564 0.549129 0.819159 -7.83569
0.302668 0.762316 -0.572072 -26.3896 -0.927809 0.373003 0.00616704 -7.78184 0.218086 0.528908 0.82018 -7.43753
0.499635 0.761516 -0.412865 -25.0986 -0.86489 0.465112 -0.188777 -11.0216 0.048272 0.451402 0.891014 -6.77549
0.59891 0.675966 -0.429392 -23.4019 -0.80037 0.523165 -0.292757 -13.9807 0.0267494 0.519007 0.854351 -6.74457
0.674459 0.546264 -0.496689 -21.2982 -0.724573 0.61891 -0.303222 -16.5188 0.141766 0.564398 0.813239 -6.71451
0.710075 0.561757 -0.424526 -18.7664 -0.692875 0.6648 -0.279223 -19.021 0.12537 0.492413 0.861285 -6.5431
0.815746 0.501755 -0.287751 -16.0615 -0.57705 0.74007 -0.345411 -21.4395 0.0396441 0.447814 0.893247 -6.09516
0.905238 0.311432 -0.289057 -13.2579 -0.417827 0.776083 -0.47235 -23.2704 0.0772272 0.548365 0.832665 -6.02223
0.945078 0.246192 -0.214982 -10.035 -0.321608 0.817742 -0.477354 -24.6135 0.0582793 0.520276 0.852007 -5.72369
0.966166 0.190053 -0.174363 -6.65095 -0.25091 0.849131 -0.46478 -25.7021 0.0597238 0.492804 0.868088 -5.52589
0.991895 0.0739083 -0.103351 -3.30883 -0.113788 0.878641 -0.463727 -26.3981 0.0565347 0.471729 0.879929 -5.2935
0.998367 -0.00749194 -0.0566328 0.208248 -0.0177614 0.90152 -0.432374 -26.5339 0.0542949 0.432674 0.899914 -5.15794
0.988175 -0.14234 0.056996 3.81998 0.153106 0.896052 -0.416713 -26.4749 0.00824366 0.420512 0.90725 -5.03446
0.965283 -0.249338 0.0778453 7.20657 0.260568 0.898326 -0.353715 -25.8366 0.0182641 0.361719 0.932108 -4.82375
0.888782 -0.373038 0.266288 10.711 0.448345 0.828239 -0.336166 -24.699 -0.0951479 0.418167 0.903373 -4.8376
0.82668 -0.39635 0.399382 13.8204 0.542238 0.750719 -0.377358 -23.0639 -0.150258 0.528514 0.835521 -5.2088
0.752392 -0.4859 0.444755 16.5286 0.63547 0.7132 -0.295845 -21.022 -0.173449 0.50522 0.845381 -5.82267
0.728757 -0.506114 0.461261 19.2135 0.668279 0.672599 -0.317826 -18.6248 -0.149388 0.539869 0.828387 -6.43165
0.619199 -0.580713 0.52855 21.6025 0.770466 0.579241 -0.266198 -16.1928 -0.151573 0.572059 0.806085 -6.96089
0.504578 -0.654042 0.563588 23.6322 0.851179 0.48614 -0.197894 -13.0816 -0.144552 0.579567 0.802002 -7.68371
0.404185 -0.714125 0.571542 25.233 0.910527 0.373586 -0.177125 -10 -0.0870312 0.591996 0.801228 -8.07485
0.252416 -0.782936 0.568592 26.6607 0.954713 0.297168 -0.0146356 -6.74333 -0.157509 0.546537 0.822489 -8.25477
0.148178 -0.768922 0.621935 27.3272 0.976134 0.214671 0.0328386 -3.27249 -0.158761 0.602226 0.78238 -9.03193
-0.000790396 -0.748279 0.663384 27.5751 0.984603 0.115378 0.131317 0.232135 -0.174802 0.653274 0.736667 -9.55563
-0.0976371 -0.721649 0.685339 27.3114 0.986466 0.0209703 0.162619 3.71853 -0.131725 0.691942 0.709835 -10.2014
-0.23129 -0.721717 0.652403 26.751 0.972346 -0.149163 0.179706 7.20223 -0.0323827 0.675926 0.736258 -10.6858
-0.345311 -0.693734 0.632055 25.6728 0.935812 -0.203701 0.287684 10.5027 -0.0708262 0.690825 0.719545 -10.9176
-0.441352 -0.676504 0.589535 24.2246 0.897187 -0.32079 0.30356 13.7878 -0.0162424 0.6629 0.748532 -11.2679
-0.547074 -0.724016 0.420132 22.4888 0.835937 -0.446261 0.319469 16.9834 -0.0438119 0.525977 0.84937 -11.5042
-0.61794 -0.662912 0.422726 20.4076 0.783365 -0.473306 0.40289 19.8895 -0.0670016 0.580111 0.811777 -11.612
-0.814452 -0.488065 0.313786 18.073 0.574758 -0.604509 0.551563 22.5468 -0.079512 0.629573 0.772862 -11.8496
-0.839741 -0.439918 0.318288 15.1733 0.541912 -0.642132 0.542215 24.5982 -0.034147 0.627805 0.777622 -12.1866
-0.868738 -0.308026 0.387834 12.0484 0.489135 -0.656499 0.574244 26.5815 0.0777302 0.688571 0.720991 -12.213
-0.90301 -0.249438 0.349791 8.704 0.421062 -0.67554 0.60527 28.1861 0.0853205 0.693849 0.715048 -11.9671
-0.972101 -0.163275 0.168407 5.39432 0.234453 -0.698352 0.676267 29.4763 0.0071898 0.696883 0.717149 -11.6204
-0.999214 -0.0250703 0.0306915 1.81711 0.0393053 -0.725795 0.686787 30.1334 0.00505773 0.687454 0.72621 -11.7545
-0.996674 0.0558695 0.0593226 -1.86743 -0.00545492 -0.772085 0.635495 30.0581 0.0813069 0.633058 0.769822 -11.694
-0.984452 0.174251 -0.0221701 -5.55564 -0.153501 -0.792049 0.590843 29.9299 0.0853953 0.585059 0.806482 -11.4135
-0.963671 0.261226 -0.0556712 -9.09362 -0.248764 -0.801947 0.543137 29.4418 0.0972363 0.537254 0.837797 -11.191
-0.925334 0.358015 -0.12483 -12.6164 -0.37287 -0.799574 0.470797 28.3573 0.0687412 0.48219 0.873366 -10.8179
-0.88039 0.449655 -0.150744 -15.9127 -0.451755 -0.698404 0.555111 26.7879 0.144328 0.556814 0.818002 -10.6647
-0.832604 0.505036 -0.227397 -19.0729 -0.544224 -0.66969 0.505307 24.7897 0.102913 0.544475 0.83244 -10.3184
-0.671487 0.63997 -0.373554 -21.9291 -0.739453 -0.545969 0.393862 22.5642 0.0481113 0.540699 0.839839 -10.0392
-0.577201 0.643755 -0.502413 -24.2118 -0.816506 -0.464423 0.342972 19.7588 -0.0125425 0.608186 0.793695 -10.1115
-0.422068 0.686388 -0.592226 -26.3239 -0.905425 -0.351907 0.23742 16.581 -0.0454461 0.636423 0.77 -10.1699
-0.344899 0.743377 -0.573093 -27.5852 -0.937778 -0.299061 0.176454 13.0762 -0.0402178 0.598292 0.800268 -10.3504
-0.265552 0.762112 -0.590481 -28.6497 -0.963985 -0.219207 0.150602 9.51808 -0.0146619 0.609208 0.792875 -10.6939
-0.164539 0.799412 -0.577813 -29.3732 -0.98396 -0.0920953 0.152778 5.94478 0.068919 0.593683 0.801742 -10.6548
-0.0943381 0.810527 -0.578053 -29.68 -0.991176 -0.0221636 0.130683 2.16581 0.0931101 0.585281 0.805467 -10.3041
0.0730492 0.807573 -0.585226 -29.8152 -0.993522 0.110141 0.0279736 -1.48131 0.0870481 0.579392 0.810388 -9.95034
0.142646 0.765993 -0.626823 -29.2962 -0.975622 0.215527 0.0413574 -5.22125 0.166777 0.605643 0.778063 -9.58905
0.263438 0.644802 -0.717517 -28.7186 -0.948449 0.308973 -0.0705637 -8.84111 0.176194 0.699118 0.692958 -8.9778
0.52567 0.590251 -0.612596 -27.487 -0.850686 0.366559 -0.376787 -12.3951 0.00215322 0.719193 0.694807 -8.37239
0.596021 0.562654 -0.572869 -25.3577 -0.802176 0.448926 -0.393674 -15.4625 0.0356733 0.69418 0.718917 -8.40675
0.640665 0.510103 -0.573885 -22.941 -0.759208 0.532486 -0.374249 -18.4771 0.11468 0.675466 0.728419 -8.49157
0.720662 0.38778 -0.574694 -20.3846 -0.661927 0.631351 -0.404041 -21.1832 0.206155 0.671583 0.711672 -8.13482
0.828703 0.41899 -0.371078 -17.5642 -0.559689 0.620308 -0.549514 -23.6228 -5.84007e-05 0.663072 0.748555 -7.54229
0.891719 0.320524 -0.319535 -14.2279 -0.450194 0.700726 -0.553451 -25.5189 0.0465124 0.637375 0.769148 -7.59025
0.906402 0.240303 -0.347404 -10.7708 -0.397662 0.762811 -0.509887 -27.0782 0.142476 0.600312 0.786973 -7.37714
0.966146 0.158366 -0.203672 -7.26241 -0.241193 0.834667 -0.495133 -28.2691 0.0915867 0.527495 0.844607 -6.98148
0.9926 0.0589899 -0.106138 -3.46629 -0.104075 0.863589 -0.493338 -28.9492 0.0625578 0.500733 0.863338 -6.72358
0.994228 -0.0206634 -0.105282 0.340961 -0.0372568 0.853723 -0.519392 -29.2285 0.100614 0.520317 0.848026 -6.52386
0.989314 -0.142162 0.0323703 4.24337 0.138759 0.849872 -0.508393 -29.1473 0.0447635 0.507452 0.860516 -6.27829
0.946333 -0.252716 0.201468 8.01108 0.321405 0.801374 -0.504478 -28.6055 -0.0339616 0.542157 0.839591 -5.94938
0.903825 -0.272248 0.330124 11.6344 0.411849 0.762813 -0.498494 -27.3043 -0.116109 0.586512 0.801575 -6.17617
0.837155 -0.357053 0.414349 15.0757 0.519185 0.757086 -0.396571 -25.3241 -0.172101 0.547115 0.819174 -6.79195
0.769478 -0.471372 0.430944 18.1024 0.626509 0.68816 -0.365953 -23.1983 -0.124058 0.551583 0.824843 -7.49028
0.68047 -0.542103 0.493037 20.8927 0.719684 0.621028 -0.310449 -20.6178 -0.137894 0.566082 0.812734 -8.19277
0.550657 -0.636969 0.539487 23.3297 0.825472 0.511534 -0.238598 -17.8476 -0.123987 0.576717 0.80748 -8.88724
0.528089 -0.611494 0.589234 25.4394 0.838176 0.48673 -0.24608 -14.5701 -0.136321 0.623834 0.769576 -9.46396
0.444991 -0.648286 0.617826 27.4097 0.895179 0.341461 -0.28646 -11.1669 -0.0252557 0.680536 0.732279 -9.87397
0.169842 -0.629508 0.758204 29.0608 0.961629 0.274085 0.0121522 -7.62923 -0.215462 0.727047 0.651904 -10.0689
0.0935479 -0.700157 0.707834 29.6336 0.978923 0.194321 0.0628382 -3.95023 -0.181543 0.687036 0.703579 -10.9969
-0.0513772 -0.720648 0.691395 29.8747 0.994989 0.0225239 0.097414 -0.100572 -0.0857741 0.692936 0.715879 -11.7715
-0.127057 -0.716939 0.68546 29.524 0.985403 -0.0122941 0.169796 3.7673 -0.113306 0.697027 0.708036 -12.3363
-0.23021 -0.712787 0.662524 28.8792 0.970378 -0.116873 0.211441 7.53914 -0.0732811 0.691575 0.718578 -12.8839
-0.350982 -0.665708 0.658517 27.7467 0.934787 -0.208063 0.287895 11.1202 -0.0546409 0.716619 0.695321 -13.2028
-0.377208 -0.60536 0.700894 26.38 0.923943 -0.297946 0.239913 14.7595 0.0635946 0.738083 0.671706 -13.4135
-0.575138 -0.576465 0.580435 24.809 0.815388 -0.346697 0.463621 18.2802 -0.0660263 0.739925 0.669441 -13.224
-0.647848 -0.553816 0.52305 22.3774 0.759491 -0.416515 0.499688 21.3578 -0.058877 0.720974 0.690456 -13.5751
-0.782961 -0.435192 0.4445 19.5807 0.620016 -0.48791 0.61443 24.2017 -0.0505194 0.756671 0.65184 -13.9295
-0.833513 -0.406157 0.374557 16.3815 0.551901 -0.580516 0.598671 26.51 -0.025718 0.705718 0.708026 -14.1749
-0.903732 -0.252518 0.345693 13.0865 0.421406 -0.666966 0.61447 28.5905 0.0754007 0.700993 0.709171 -14.2715
-0.917531 -0.231473 0.323351 9.48441 0.394949 -0.625281 0.673082 30.0636 0.046385 0.745281 0.665136 -13.9645
-0.977482 -0.117153 0.175512 5.83441 0.208307 -0.668637 0.713816 31.4844 0.0337287 0.734303 0.677984 -13.744
-0.996491 -0.0630266 0.0550676 1.9095 0.0835705 -0.713478 0.695676 32.2121 -0.00455651 0.697837 0.716242 -13.7912
-0.995235 0.042045 0.0879736 -2.04577 0.0247525 -0.763749 0.645039 32.3531 0.0943104 0.644143 0.759069 -13.6804
-0.993909 0.110143 -0.00368189 -6.03778 -0.0940791 -0.830604 0.548859 32.353 0.0573948 0.545862 0.835907 -13.2519
-0.96848 0.24677 -0.0339321 -9.92177 -0.228367 -0.825219 0.516588 31.831 0.0994771 0.508054 0.855562 -12.9365
-0.920569 0.369165 -0.127552 -13.6061 -0.377541 -0.757377 0.532769 30.7247 0.100075 0.538607 0.836593 -12.5558
-0.866346 0.43184 -0.250917 -17.2108 -0.498731 -0.72115 0.480843 28.989 0.0266981 0.541716 0.840138 -12.2149
-0.810294 0.497708 -0.30937 -20.5641 -0.584082 -0.642963 0.495427 26.9335 0.0476643 0.582139 0.811691 -12.0156
-0.678051 0.5687 -0.465648 -23.7124 -0.733431 -0.565064 0.377864 24.2646 -0.0482295 0.597732 0.800244 -11.8149
-0.529954 0.640617 -0.55566 -26.3331 -0.84629 -0.441427 0.298221 21.2481 -0.0542377 0.628293 0.776084 -11.9656
-0.430464 0.667528 -0.607542 -28.4089 -0.90043 -0.364308 0.237708 17.7089 -0.0626558 0.649373 0.757884 -12.1551
-0.318551 0.683062 -0.65723 -29.9161 -0.94311 -0.298043 0.147357 13.9096 -0.0952291 0.666781 0.739144 -12.3728
-0.253996 0.709474 -0.657368 -31.0293 -0.967137 -0.194392 0.163885 10.0445 -0.0115148 0.677391 0.735533 -12.6213
-0.144296 0.758435 -0.635574 -31.7742 -0.98495 -0.0483284 0.165945 6.13341 0.0951419 0.649954 0.753994 -12.5134
-0.0615871 0.753371 -0.654706 -32.1478 -0.990529 0.0345152 0.132894 2.13686 0.122716 0.65669 0.74411 -12.1951
0.104314 0.746073 -0.657642 -32.2513 -0.9895 0.144368 0.00682765 -1.70341 0.100037 0.650025 0.753299 -11.7651
0.187732 0.69689 -0.692171 -31.5378 -0.97376 0.224341 -0.0382349 -5.82184 0.128637 0.681187 0.72072 -11.6046
0.334106 0.592596 -0.732942 -30.711 -0.928333 0.341382 -0.14716 -9.72683 0.163006 0.729581 0.664184 -11.3159
0.532241 0.602562 -0.594676 -29.26 -0.846578 0.382959 -0.369659 -13.4804 0.00499396 0.700187 0.713942 -10.7215
0.613603 0.548672 -0.567848 -26.9609 -0.788904 0.456492 -0.411394 -16.8383 0.0334978 0.70041 0.712954 -10.6588
0.689559 0.498625 -0.525244 -24.4248 -0.72271 0.520715 -0.454473 -20.0401 0.0468906 0.692985 0.719425 -10.3607
0.716085 0.393007 -0.57686 -21.5904 -0.686424 0.546459 -0.479797 -22.9468 0.126666 0.739546 0.66108 -10.2524
0.859503 0.319393 -0.399051 -18.6246 -0.510241 0.582177 -0.633027 -25.6632 0.0301338 0.747701 0.663351 -9.70813
0.876351 0.320688 -0.359398 -15.0363 -0.479481 0.651899 -0.587474 -27.6572 0.0458952 0.687159 0.725056 -9.59892
0.919208 0.180766 -0.349828 -11.5514 -0.362576 0.735099 -0.57286 -29.4695 0.153604 0.653417 0.74125 -9.37412
0.966788 0.0968361 -0.236526 -7.78182 -0.209351 0.830903 -0.515532 -30.7378 0.146608 0.547926 0.823579 -8.73986
0.99283 0.0851787 -0.0838693 -3.64267 -0.116858 0.839344 -0.530891 -31.5308 0.0251746 0.536885 0.843279 -8.4213
0.997156 0.00367724 -0.0752818 0.518884 -0.0447616 0.832488 -0.552231 -31.7731 0.0606406 0.55403 0.830285 -8.13343
0.989685 -0.136187 0.0444518 4.59481 0.133796 0.767798 -0.626566 -31.8733 0.0511999 0.62605 0.7781 -7.821
0.948873 -0.147505 0.279074 8.75094 0.298772 0.704972 -0.643234 -31.114 -0.101859 0.693727 0.712999 -7.71183
0.874691 -0.273699 0.400006 12.5034 0.460427 0.727022 -0.509359 -29.6667 -0.151402 0.629705 0.761938 -8.08815
0.862816 -0.310459 0.398953 16.1655 0.481827 0.743825 -0.463214 -27.5701 -0.152942 0.591895 0.791372 -8.54366
0.759705 -0.462856 0.456741 19.5122 0.643112 0.638719 -0.422428 -25.396 -0.096206 0.614657 0.782906 -9.22804
0.678344 -0.5006 0.537818 22.5411 0.715838 0.615262 -0.330195 -22.4552 -0.165603 0.608976 0.775708 -9.93674
0.600626 -0.552584 0.57784 25.2897 0.783575 0.550493 -0.288041 -19.4817 -0.15893 0.625786 0.763631 -10.7258
0.504844 -0.603082 0.617596 27.4469 0.853145 0.457536 -0.250607 -16.049 -0.131436 0.653416 0.745501 -11.403
0.384309 -0.618603 0.685301 29.3131 0.912561 0.366935 -0.180531 -12.256 -0.139784 0.694759 0.705529 -11.9669
0.250295 -0.629209 0.735832 30.8369 0.956194 0.279825 -0.0859741 -8.4234 -0.151808 0.725116 0.671685 -12.467
0.139105 -0.641554 0.75436 31.6751 0.975085 0.221661 0.00870609 -4.45936 -0.172797 0.734354 0.656403 -13.1811
-0.0480091 -0.700976 0.711567 32.0897 0.988879 0.0670367 0.132758 -0.299627 -0.140761 0.710027 0.689962 -13.9568
-0.100963 -0.66322 0.741583 31.7137 0.987849 0.0216963 0.153895 3.80511 -0.118156 0.74811 0.652971 -14.4967
-0.222262 -0.676589 0.702016 31.03 0.971291 -0.0910164 0.219796 7.88 -0.0848166 0.730714 0.677394 -15.1852
-0.339733 -0.592855 0.73014 29.8521 0.940509 -0.209995 0.267106 11.7037 -0.00502933 0.777448 0.628927 -15.514
-0.385192 -0.566763 0.72829 28.2351 0.922374 -0.261435 0.284391 15.6614 0.0292181 0.781301 0.62347 -15.616
-0.581522 -0.47814 0.65819 26.4571 0.812297 -0.296728 0.502121 19.3705 -0.0447802 0.826641 0.560946 -15.5955
-0.639592 -0.482871 0.598129 23.7699 0.767468 -0.356818 0.532611 22.5075 -0.043759 0.799698 0.598806 -15.7896
-0.749346 -0.418621 0.513067 20.7672 0.662013 -0.45628 0.594598 25.6319 -0.0148089 0.785217 0.619044 -16.1328
-0.83049 -0.380133 0.407167 17.4656 0.555017 -0.502563 0.662863 28.3223 -0.0473489 0.776485 0.628354 -16.2804
-0.884327 -0.259538 0.388079 13.9065 0.463492 -0.58782 0.663055 30.4001 0.0560328 0.766229 0.640119 -16.4784
-0.926809 -0.159647 0.33991 10.0932 0.363465 -0.608967 0.705019 32.098 0.0944398 0.776963 0.622422 -16.3345
-0.964957 -0.105351 0.240333 6.12867 0.251392 -0.633734 0.731562 33.467 0.0752365 0.766344 0.63801 -16.0551
-0.988481 -0.0205917 0.149936 2.25506 0.122767 -0.688451 0.714817 34.2512 0.088504 0.72499 0.683049 -15.8914
-0.982588 0.0374851 0.181975 -1.98871 0.0947107 -0.741573 0.664153 34.6167 0.159844 0.669824 0.725111 -15.5958
-0.990203 0.139376 0.00844341 -6.37763 -0.0972305 -0.731651 0.674709 34.8626 0.100216 0.667278 0.738035 -15.0217
-0.974952 0.213523 -0.0622593 -10.4239 -0.198545 -0.709369 0.676295 34.2192 0.10024 0.671717 0.733995 -14.6053
-0.919363 0.36183 -0.154437 -14.6773 -0.369904 -0.661379 0.652494 33.0744 0.13395 0.657006 0.74189 -14.2883
-0.850837 0.384223 -0.358398 -18.6459 -0.525385 -0.613177 0.589902 31.2491 0.00689249 0.690207 0.723579 -13.8065
-0.79666 0.471888 -0.377696 -22.1001 -0.604092 -0.600781 0.52358 28.7406 0.0201585 0.645278 0.763681 -13.8824
-0.634828 0.507334 -0.582757 -25.5172 -0.770134 -0.476337 0.424261 26.0005 -0.0623467 0.718134 0.693107 -13.9646
-0.55443 0.567891 -0.608364 -28.1588 -0.831989 -0.395809 0.388754 22.3831 -0.020026 0.721689 0.691928 -14.1921
-0.461234 0.572483 -0.677884 -30.2869 -0.881094 -0.385566 0.273882 18.7191 -0.104576 0.723603 0.682248 -14.1879
-0.347286 0.646844 -0.678959 -31.9481 -0.937618 -0.252101 0.239413 14.7739 -0.0163033 0.719749 0.694043 -14.5905
-0.25965 0.661674 -0.703398 -33.1267 -0.963583 -0.129282 0.234081 10.6295 0.0639486 0.738561 0.671146 -14.7249
-0.171145 0.660604 -0.730967 -33.9653 -0.982462 -0.0586928 0.176985 6.39629 0.0740146 0.748437 0.659063 -14.5213
-0.0627182 0.659682 -0.748923 -34.4548 -0.996486 0.000349178 0.0837578 2.021 0.055515 0.751545 0.657342 -14.1928
0.180152 0.62176 -0.762207 -34.616 -0.983507 0.126551 -0.129225 -2.29109 0.0161109 0.772916 0.634304 -13.9208
0.270645 0.635482 -0.723128 -33.5958 -0.958228 0.249985 -0.13895 -6.4752 0.092471 0.730528 0.676593 -13.8761
0.377361 0.633234 -0.675732 -32.4107 -0.921343 0.330324 -0.204974 -10.6442 0.093414 0.69993 0.708077 -13.4783
0.466336 0.641128 -0.609496 -30.7369 -0.883187 0.376473 -0.27973 -14.5916 0.0501158 0.668747 0.741799 -13.0797
0.567595 0.571714 -0.592435 -28.5137 -0.821331 0.443041 -0.359347 -18.1378 0.0570293 0.690549 0.721034 -12.9208
0.599552 0.518132 -0.609981 -25.737 -0.798731 0.435604 -0.415064 -21.5355 0.0506525 0.736063 0.675015 -12.6513
0.73676 0.409081 -0.538366 -22.9141 -0.670703 0.543062 -0.505215 -24.64 0.0856923 0.733306 0.674477 -12.4858
0.829241 0.312006 -0.463693 -19.6097 -0.552008 0.587034 -0.592181 -27.4417 0.0874396 0.747023 0.659023 -12.097
0.868118 0.311057 -0.386801 -15.8536 -0.491606 0.6464 -0.583515 -29.6462 0.0685222 0.696714 0.714069 -11.8301
0.901271 0.241201 -0.359907 -12.0775 -0.420489 0.687144 -0.592471 -31.6876 0.104403 0.685314 0.720725 -11.5007
0.952386 0.0646828 -0.297954 -8.10733 -0.253335 0.711641 -0.655277 -33.2114 0.169651 0.699559 0.694144 -10.716
0.999633 0.00698301 -0.026192 -3.89043 -0.0239941 0.677514 -0.735119 -34.1465 0.0126121 0.735477 0.677432 -10.0227
0.997545 0.0188536 -0.0674409 0.534718 -0.0610346 0.706218 -0.705359 -34.2466 0.0343294 0.707743 0.705635 -9.99869
0.989341 -0.112669 0.0922542 4.97723 0.145026 0.705172 -0.694046 -34.0537 0.0131423 0.700027 0.713995 -9.90102
0.957201 -0.173078 0.231971 9.34255 0.284927 0.704267 -0.65025 -33.2494 -0.0508257 0.688514 0.72344 -9.91934
0.9077 -0.248451 0.33816 13.3385 0.409732 0.698684 -0.586482 -31.6703 -0.0905547 0.670905 0.735994 -10.1309
0.841079 -0.333972 0.425497 17.1546 0.529199 0.670871 -0.5195 -29.7282 -0.111955 0.662114 0.740994 -10.583
0.76737 -0.388781 0.509894 20.9266 0.631508 0.596014 -0.495949 -27.2754 -0.111088 0.702578 0.702882 -11.1879
0.679254 -0.427128 0.596805 24.0293 0.71294 0.577003 -0.398477 -24.3691 -0.174157 0.696153 0.696448 -11.7867
0.566128 -0.525399 0.635181 26.8868 0.811071 0.492621 -0.315418 -21.0438 -0.147183 0.693744 0.705022 -12.7155
0.53158 -0.526759 0.663285 29.0417 0.8248 0.50007 -0.263885 -17.321 -0.192685 0.687354 0.700298 -13.4601
0.41814 -0.562419 0.713333 31.1136 0.892408 0.400958 -0.206979 -13.4658 -0.169607 0.72313 0.669564 -14.204
0.262824 -0.585932 0.766555 32.7515 0.952029 0.286544 -0.107391 -9.32307 -0.156727 0.758008 0.633136 -14.9241
0.131356 -0.599737 0.789343 33.7284 0.977723 0.209875 -0.00324248 -5.03685 -0.163719 0.772184 0.613944 -15.6245
-0.042467 -0.625849 0.778787 34.0398 0.998113 0.00802052 0.0608722 -0.685686 -0.0443431 0.779903 0.624328 -16.3822
-0.0880703 -0.629267 0.772183 33.7381 0.9817 0.07657 0.174365 3.7294 -0.168848 0.773408 0.611008 -16.708
-0.210364 -0.610337 0.763699 33.0496 0.971777 -0.0452401 0.231525 8.13911 -0.106758 0.790849 0.602628 -17.4284
-0.386644 -0.541023 0.746861 31.7216 0.921846 -0.20338 0.329905 12.3278 -0.0265895 0.816046 0.577375 -17.8843
-0.417639 -0.527418 0.73987 29.8507 0.907994 -0.212199 0.361274 16.2745 -0.0335431 0.82268 0.567515 -18.0009
-0.604385 -0.432344 0.669176 27.9008 0.79669 -0.329652 0.506571 20.1976 0.00158268 0.83929 0.543681 -18.23
-0.629987 -0.503371 0.591382 25.0567 0.76642 -0.280054 0.578075 23.5943 -0.125367 0.817427 0.562224 -18.1463
-0.751159 -0.424479 0.505547 21.9026 0.655513 -0.38931 0.647101 26.9694 -0.0778661 0.817469 0.570685 -18.596
-0.801685 -0.415885 0.429349 18.3926 0.587103 -0.412899 0.696293 29.7891 -0.1123 0.81028 0.575182 -18.798
-0.883101 -0.255453 0.393543 14.6068 0.468683 -0.519014 0.714815 32.1028 0.0216526 0.815701 0.578068 -19.1446
-0.943121 -0.103796 0.315832 10.6128 0.31412 -0.589317 0.744335 33.9329 0.108866 0.801207 0.588401 -18.9332
-0.96385 -0.142682 0.225023 6.41606 0.265488 -0.585859 0.765693 35.1526 0.0225812 0.797754 0.60256 -18.4109
-0.980573 -0.0721062 0.18242 2.23219 0.186331 -0.633007 0.751387 36.2058 0.0612933 0.770781 0.634145 -18.1789
-0.991418 0.0500714 0.120763 -2.09919 0.0547935 -0.67954 0.731589 36.8786 0.118695 0.731928 0.670965 -17.6526
-0.994581 0.103699 0.00738434 -6.64095 -0.0666739 -0.690745 0.720018 37.0721 0.0797658 0.715624 0.693916 -17.092
-0.961546 0.245487 -0.123151 -11.2379 -0.25852 -0.657615 0.707608 36.4369 0.0927225 0.712235 0.69579 -16.7963
-0.913213 0.332198 -0.235982 -15.647 -0.400059 -0.620878 0.674139 35.0364 0.0774314 0.710039 0.699892 -16.5
-0.856236 0.36674 -0.363817 -19.7884 -0.516497 -0.594744 0.616044 33.1193 0.00954998 0.715389 0.698661 -16.0649
-0.787056 0.43683 -0.435571 -23.5843 -0.616788 -0.544984 0.567948 30.5215 0.010717 0.715662 0.698365 -15.9593
-0.634837 0.510488 -0.579986 -27.081 -0.7723 -0.441726 0.456543 27.4028 -0.0231353 0.737753 0.674674 -16.0439
-0.558933 0.511134 -0.652944 -29.8861 -0.826505 -0.40699 0.388907 23.7253 -0.0669581 0.757034 0.649935 -16.2425
-0.479532 0.517209 -0.708903 -32.0778 -0.866131 -0.408721 0.287689 19.8403 -0.140948 0.751959 0.643966 -16.5012
-0.272063 0.61717 -0.738298 -33.9375 -0.961598 -0.145498 0.232722 15.611 0.0362081 0.773261 0.633054 -17.0661
-0.288178 0.605892 -0.741518 -34.9268 -0.957439 -0.169166 0.233866 11.0306 0.0162582 0.777353 0.628855 -17.0047
-0.142098 0.618682 -0.772684 -35.9587 -0.986313 -0.0225447 0.163333 6.53949 0.0836315 0.785318 0.613418 -16.8596
-0.0399173 0.610334 -0.791138 -36.2441 -0.999135 -0.0151577 0.0387183 2.01504 0.0116393 0.791999 0.610411 -16.5049
0.116907 0.594088 -0.79586 -36.2467 -0.990373 0.129546 -0.0487766 -2.71196 0.0741232 0.7939 0.603513 -16.2724
0.209079 0.606441 -0.767147 -35.4071 -0.970929 0.22223 -0.0889419 -7.17734 0.116545 0.763442 0.635275 -16.0465
0.283983 0.618651 -0.732547 -34.3676 -0.957456 0.223839 -0.182137 -11.5172 0.0512934 0.753105 0.655897 -15.492
0.498806 0.568245 -0.654439 -32.8073 -0.865665 0.363761 -0.34395 -15.7111 0.0426117 0.738089 0.673356 -15.3349
0.607635 0.512491 -0.606739 -30.2507 -0.792732 0.438042 -0.423904 -19.4845 0.0485305 0.738561 0.672438 -15.1219
0.699842 0.435785 -0.565962 -27.3812 -0.711071 0.50026 -0.494083 -22.9925 0.067814 0.748219 0.659977 -14.8544
0.717703 0.416929 -0.557738 -24.1037 -0.694684 0.484045 -0.532085 -26.1545 0.0481288 0.769331 0.637035 -14.6473
0.796242 0.339327 -0.500854 -20.5735 -0.600584 0.542956 -0.586939 -29.0574 0.0727775 0.768151 0.636119 -14.323
0.8317 0.309121 -0.461216 -16.712 -0.549546 0.576823 -0.604379 -31.6611 0.0792133 0.756121 0.64962 -14.0777
0.894659 0.200316 -0.399323 -12.7954 -0.428757 0.636106 -0.641511 -33.743 0.125507 0.745146 0.654985 -13.7202
0.961164 0.0393897 -0.273154 -8.53425 -0.227201 0.674801 -0.702157 -35.3502 0.156667 0.736948 0.657543 -13.082
0.990193 0.0101104 -0.139343 -3.99098 -0.111018 0.662435 -0.740847 -36.1487 0.0848152 0.749051 0.657061 -12.3875
0.999612 -0.0189928 -0.0203619 0.612859 -0.0024727 0.667827 -0.744313 -36.495 0.0277348 0.744074 0.667521 -12.2285
0.993389 -0.0923664 0.0681735 5.24358 0.112506 0.665162 -0.738175 -36.2259 0.0228361 0.740964 0.671156 -12.0768
0.96909 -0.148612 0.196922 9.75812 0.244963 0.674366 -0.69658 -35.2501 -0.029277 0.723287 0.689926 -11.9704
0.919855 -0.23063 0.317296 14.0992 0.387124 0.664203 -0.639507 -33.7489 -0.0632597 0.711087 0.700252 -12.187
0.848379 -0.309817 0.429264 18.2455 0.521201 0.63089 -0.574741 -31.7404 -0.0927537 0.711331 0.69671 -12.6922
0.734308 -0.389042 0.556272 22.0398 0.667056 0.565432 -0.485101 -29.1193 -0.12581 0.727278 0.674714 -13.4282
0.655409 -0.436255 0.616538 25.2256 0.743566 0.515881 -0.425414 -25.9194 -0.132471 0.737257 0.662498 -13.9325
