0.999998 -0.000662018 0.00205981 2.89826e-05 0.000659684 0.999999 0.00113332 -8.97654e-05 -0.00206056 -0.00113196 0.999997 0.000296359
0.979277 -0.199985 0.0319922 0.34674 0.197639 0.978138 0.0646908 -0.0876491 -0.0442299 -0.0570273 0.997392 0.0468186
0.873831 -0.483034 0.0556442 0.552181 0.474712 0.872289 0.117301 0.0163094 -0.105198 -0.0760866 0.991536 -0.0454073
0.825731 -0.5631 0.0329673 0.668075 0.552992 0.819662 0.149513 0.00472717 -0.111213 -0.105227 0.98821 -0.26591
0.728442 -0.685042 -0.00945026 0.768261 0.677778 0.718569 0.155804 0.0841639 -0.0999416 -0.119899 0.987743 -0.419404
0.692419 -0.720807 -0.031524 1.03449 0.718379 0.684711 0.122891 0.21973 -0.0669955 -0.107738 0.991919 -0.510539
0.537531 -0.841583 -0.0529014 1.16443 0.841757 0.531804 0.0928923 0.347529 -0.0500434 -0.0944627 0.99427 -0.529987
0.416601 -0.904569 -0.0905428 1.43641 0.9069 0.406623 0.110405 0.450014 -0.0630524 -0.128108 0.989754 -0.629436
0.293357 -0.956002 -0.0014695 1.68728 0.95049 0.2915 0.107685 0.696768 -0.102518 -0.0329868 0.994184 -0.465242
0.180653 -0.983528 0.00610327 1.87413 0.974755 0.179863 0.132298 0.919743 -0.131216 -0.0179508 0.991191 -0.525825
0.0702875 -0.997524 -0.00251566 2.02858 0.989746 0.0694246 0.124835 1.29828 -0.124351 -0.0112642 0.992174 -0.678657
0.0685568 -0.996824 -0.0405102 2.04294 0.990387 0.063112 0.123086 1.70093 -0.120138 -0.0485592 0.991569 -0.789878
-0.00179449 -0.998558 -0.0536474 2.04501 0.991332 -0.0088241 0.131086 2.26836 -0.131371 -0.0529471 0.989918 -0.882902
-0.226707 -0.973672 0.0238249 2.02019 0.962369 -0.220178 0.159275 2.35181 -0.149835 0.0590371 0.986947 -0.823226
-0.398371 -0.912993 -0.0879988 1.98131 0.89857 -0.407719 0.162285 2.7594 -0.184044 -0.0144234 0.982812 -0.857811
-0.518418 -0.854672 -0.027907 1.76055 0.837495 -0.514051 0.18535 3.00668 -0.172759 0.0727168 0.982276 -1.02093
-0.573603 -0.818823 -0.0225251 1.71097 0.804348 -0.568238 0.173577 3.48208 -0.154929 0.0814465 0.984563 -1.10976
-0.599163 -0.80017 0.0270406 1.4552 0.793385 -0.588872 0.154176 3.8839 -0.107443 0.11383 0.987673 -1.22906
-0.687184 -0.725891 0.0293317 1.02329 0.724411 -0.681616 0.103098 4.20028 -0.0548453 0.0920958 0.994239 -1.19033
-0.798952 -0.596578 0.0759578 0.773017 0.600879 -0.797103 0.0597573 4.38113 0.0248963 0.0933847 0.995319 -1.20409
-0.864632 -0.473718 0.167339 0.507256 0.488956 -0.869989 0.0635672 4.70194 0.11547 0.136783 0.983848 -1.20097
-0.906037 -0.377302 0.191677 0.000259725 0.402155 -0.908655 0.112323 4.7985 0.131789 0.178853 0.975009 -0.962552
-0.941726 -0.280693 0.185374 -0.354876 0.296347 -0.95304 0.0623952 5.07471 0.159155 0.113694 0.980685 -0.9424
-0.973141 -0.151809 0.173061 -0.703889 0.164495 -0.984465 0.0613978 5.29109 0.161051 0.0882163 0.982996 -0.767728
-0.98267 -0.0890509 0.162571 -1.122 0.10478 -0.990334 0.0908781 5.3706 0.152907 0.106337 0.982503 -0.710111
-0.990556 0.0732669 0.11589 -1.5984 -0.0595617 -0.991274 0.117597 5.39131 0.123495 0.109584 0.986276 -0.576866
-0.977978 0.19632 0.0708271 -1.98668 -0.182765 -0.969458 0.163549 5.41462 0.100772 0.147002 0.98399 -0.481674
-0.931343 0.36216 0.0379613 -2.54011 -0.352806 -0.923239 0.152176 5.41635 0.0901593 0.128335 0.987624 -0.434451
-0.866972 0.49644 0.0436794 -2.90348 -0.494466 -0.867823 0.0488556 5.20529 0.0621599 0.0207584 0.99785 -0.52121
-0.79876 0.601643 -0.00274864 -3.17719 -0.601124 -0.797864 0.0454122 4.95679 0.0251289 0.0379257 0.998965 -0.408122
-0.660721 0.748136 -0.0611562 -3.55796 -0.750262 -0.655647 0.0850552 4.70904 0.023536 0.102081 0.994498 -0.478409
-0.580308 0.811232 -0.0717289 -3.91105 -0.813958 -0.57485 0.0837882 4.39871 0.0267383 0.107007 0.993899 -0.423437
-0.508356 0.860544 -0.0322274 -4.1828 -0.859159 -0.504286 0.0868352 4.15544 0.0584736 0.0718317 0.995701 -0.407848
-0.446301 0.894004 -0.0396603 -4.65296 -0.891708 -0.440551 0.103784 3.56205 0.0753113 0.0816844 0.993809 -0.316514
-0.310699 0.950296 -0.0200984 -4.7258 -0.941089 -0.304582 0.146904 3.06039 0.133481 0.0645574 0.988946 -0.259368
-0.162977 0.986623 -0.00378127 -4.78883 -0.97627 -0.160711 0.145148 2.61781 0.142598 0.0273474 0.989403 -0.392511
-0.106012 0.994273 0.0135552 -4.91245 -0.98964 -0.106825 0.095921 2.0265 0.0968197 -0.00324603 0.995297 -0.459701
0.0135721 0.999846 -0.0110876 -4.88677 -0.99572 0.0145282 0.0912739 1.6243 0.091421 0.00980133 0.995764 -0.369083
0.226969 0.973871 0.00779303 -4.9779 -0.973057 0.226432 0.0434613 1.1597 0.0405611 -0.0174474 0.999025 -0.423366
0.289621 0.955744 -0.0516972 -4.77247 -0.954769 0.292282 0.0546517 0.502982 0.0673432 0.0335306 0.997166 -0.285328
0.335316 0.936305 -0.104382 -4.51307 -0.935427 0.344058 0.0812387 -0.139712 0.111978 0.0704009 0.991214 -0.278491
0.456457 0.885544 -0.0863648 -4.2842 -0.876951 0.464171 0.124511 -0.68923 0.150348 0.0189039 0.988452 -0.243407
0.609007 0.788879 -0.0823434 -3.82706 -0.773748 0.613719 0.157046 -1.25175 0.174426 -0.0319291 0.984152 -0.24938
0.663575 0.744305 -0.0753522 -3.36311 -0.723445 0.664084 0.188733 -1.56359 0.190515 -0.0707253 0.979133 -0.187491
0.805199 0.575229 -0.144109 -3.02798 -0.561796 0.817753 0.125162 -1.98272 0.189843 -0.0198203 0.981614 -0.189303
0.892941 0.436537 -0.109963 -2.77978 -0.422642 0.897049 0.129141 -2.356 0.155017 -0.0688406 0.98551 -0.354331
0.931542 0.340545 -0.127509 -2.32231 -0.328245 0.938383 0.108131 -2.66194 0.156476 -0.0588743 0.985925 -0.222215
0.97322 0.192467 -0.125696 -1.79387 -0.174219 0.974281 0.142917 -2.96453 0.14997 -0.117191 0.981721 -0.183081
0.991455 -0.0170127 -0.129335 -1.18988 0.038413 0.985575 0.164824 -3.08434 0.124665 -0.168384 0.977806 -0.0476456
0.989438 -0.114004 -0.0895284 -0.654383 0.122566 0.987728 0.0968075 -3.11034 0.0773932 -0.106758 0.991268 0.0446823
0.989691 -0.139853 -0.0308524 0.126236 0.142278 0.984739 0.100229 -3.00921 0.0163642 -0.103585 0.994486 -0.0308699
0.918728 -0.392611 0.042375 0.821606 0.387521 0.917011 0.0944385 -3.0429 -0.0759358 -0.0703421 0.994628 0.144293
0.90312 -0.420331 0.0877301 1.77752 0.417797 0.907356 0.046387 -2.71781 -0.0991003 -0.00523964 0.995064 0.108284
0.852734 -0.517976 0.0674245 2.26908 0.508364 0.852631 0.120777 -2.49446 -0.120048 -0.0687143 0.990387 -0.0859964
0.785748 -0.617292 0.0393908 2.7893 0.608711 0.782995 0.128023 -2.13806 -0.10987 -0.0766161 0.990989 -0.139883
0.676684 -0.734013 0.057654 3.30545 0.733462 0.678867 0.0342613 -1.81816 -0.0642876 0.0191029 0.997749 -0.260557
0.587451 -0.80925 0.0039423 3.81414 0.808838 0.587295 0.029414 -1.28989 -0.0261185 -0.0140906 0.99956 -0.411628
0.507804 -0.859702 0.0552032 4.29737 0.860637 0.509091 0.0114331 -0.729866 -0.0379325 0.0417041 0.99841 -0.335701
0.407443 -0.912614 0.0335702 4.59604 0.909218 0.408821 0.0786635 -0.189109 -0.0855136 -0.00152827 0.996336 -0.42051
0.294195 -0.954351 0.0516099 4.83173 0.947359 0.298326 0.116244 0.477897 -0.126334 0.0146949 0.991879 -0.538446
0.147405 -0.985428 0.0848727 5.13519 0.983173 0.155346 0.0961129 1.15647 -0.107897 0.069277 0.991745 -0.680892
0.0115075 -0.999762 0.0185282 5.12223 0.994416 0.0133859 0.104676 1.63556 -0.104899 0.0172201 0.994334 -0.814287
-0.0609179 -0.996403 0.0589052 5.09051 0.991147 -0.0534106 0.121553 2.4435 -0.117969 0.0657885 0.990836 -0.872247
-0.117265 -0.990364 0.0736711 5.03547 0.981854 -0.104484 0.158258 3.14819 -0.149036 0.0908924 0.984646 -1.04564
-0.288224 -0.956021 0.0543217 4.85788 0.940881 -0.272203 0.201613 3.78824 -0.17796 0.10922 0.977958 -1.07453
-0.315046 -0.94714 0.0605953 4.48069 0.933994 -0.298069 0.197001 4.56667 -0.168526 0.11866 0.978529 -1.25527
-0.461431 -0.884162 0.0730642 4.05301 0.876216 -0.441277 0.193701 5.11506 -0.139021 0.1534 0.978336 -1.40973
-0.635823 -0.762177 0.121717 3.8251 0.767808 -0.608505 0.20048 5.68849 -0.0787358 0.220926 0.972107 -1.51782
-0.708705 -0.689266 0.150496 3.18732 0.705227 -0.686139 0.178515 6.27451 -0.0197831 0.232649 0.97236 -1.46617
-0.795905 -0.572101 0.198078 2.47839 0.601917 -0.782899 0.157369 6.75548 0.0650439 0.244478 0.967471 -1.59932
-0.857859 -0.468881 0.210305 1.88082 0.499872 -0.856306 0.129877 7.16766 0.119188 0.216542 0.96897 -1.67747
-0.907841 -0.375957 0.185691 1.21675 0.398177 -0.911766 0.100685 7.56592 0.131454 0.165344 0.977436 -1.59379
-0.946414 -0.257015 0.195559 0.515112 0.282431 -0.952345 0.115206 7.97066 0.15663 0.164264 0.973902 -1.45501
-0.964412 -0.189598 0.18429 -0.386351 0.217875 -0.964746 0.147633 8.26971 0.149802 0.182531 0.971721 -1.15031
-0.974837 0.112863 0.192238 -0.978985 -0.0838302 -0.984665 0.152996 8.37898 0.206558 0.13303 0.969349 -1.07807
-0.983605 0.108422 0.144107 -1.86216 -0.0868098 -0.985077 0.14862 8.42474 0.15807 0.133674 0.978338 -1.04826
-0.971892 0.225829 0.0665389 -2.66259 -0.213101 -0.963991 0.159086 8.39743 0.100069 0.140435 0.98502 -0.945285
-0.929988 0.365738 0.0368508 -3.5819 -0.358531 -0.924618 0.1286 8.16655 0.0811068 0.106384 0.991012 -0.685713
-0.887548 0.460523 0.013284 -4.31799 -0.45344 -0.878273 0.15175 7.90308 0.0815514 0.128662 0.98833 -0.604114
-0.827495 0.560865 -0.0261211 -5.02731 -0.560405 -0.822159 0.100002 7.50757 0.034612 0.0973897 0.994644 -0.694899
-0.727038 0.682639 -0.0736136 -5.739 -0.686484 -0.724672 0.0599179 6.89276 -0.0124434 0.0940971 0.995485 -0.785848
-0.636763 0.762013 -0.117765 -6.36135 -0.771059 -0.629473 0.0960798 6.20306 -0.000916117 0.151984 0.988383 -0.810508
-0.490672 0.867195 -0.0849315 -6.81036 -0.870089 -0.482401 0.101165 5.70347 0.0467591 0.123537 0.991238 -0.756427
-0.340807 0.932943 -0.116047 -7.18815 -0.938784 -0.331104 0.0951581 4.98751 0.0503536 0.141373 0.988675 -0.619669
-0.254496 0.959404 -0.121553 -7.53729 -0.964217 -0.242078 0.108091 4.0379 0.0742777 0.144713 0.986682 -0.609298
-0.197241 0.975972 -0.0925962 -7.8233 -0.976883 -0.187722 0.102272 3.14357 0.0824319 0.110628 0.990438 -0.507597
-0.0451433 0.989593 -0.13663 -7.97369 -0.993388 -0.030017 0.110812 2.32077 0.105558 0.140729 0.984405 -0.54174
0.0927848 0.987083 -0.13061 -8.0431 -0.995239 0.0958716 0.0175338 1.56286 0.0298291 0.128361 0.991279 -0.35852
0.244313 0.96451 -0.100157 -7.81705 -0.969342 0.245711 0.00167527 0.518083 0.0262255 0.0966774 0.99497 -0.500735
0.300436 0.942195 -0.148349 -7.56297 -0.953346 0.301446 -0.0161678 -0.366275 0.0294861 0.146286 0.988803 -0.400615
0.395296 0.911937 -0.11006 -7.25168 -0.915654 0.400723 0.0316164 -1.21821 0.0729356 0.0882788 0.993422 -0.401113
0.567712 0.815045 -0.11578 -6.91239 -0.815175 0.576194 0.0590807 -2.11572 0.114865 0.0608401 0.991516 -0.428426
0.604448 0.77225 -0.195635 -6.26749 -0.77738 0.625448 0.0670459 -3.10096 0.174136 0.111557 0.978382 -0.433237
0.698837 0.697466 -0.158643 -5.53008 -0.688767 0.716 0.113776 -3.74374 0.192943 0.0297569 0.980759 -0.234415
0.765271 0.634001 -0.111373 -4.82998 -0.621672 0.772809 0.127631 -4.43462 0.166988 -0.0284346 0.985549 -0.275433
0.868543 0.474287 -0.143821 -4.12287 -0.470332 0.88027 0.0625523 -5.05795 0.156269 0.0133141 0.987625 -0.156842
0.929486 0.347093 -0.124829 -3.22084 -0.342613 0.937781 0.0564249 -5.49782 0.136647 -0.0096782 0.990573 -0.0958128
0.96304 0.235536 -0.130675 -2.16978 -0.229154 0.971407 0.0621109 -5.94516 0.141568 -0.0298706 0.989478 0.0921386
0.988316 0.071689 -0.134509 -1.21578 -0.0665066 0.996874 0.0426399 -6.07638 0.137146 -0.0331959 0.989994 0.120773
0.995931 -0.0293872 -0.0851961 -0.245365 0.0318548 0.999107 0.0277502 -6.14321 0.0843046 -0.0303512 0.995978 0.301169
0.983318 -0.169284 -0.0665545 0.82382 0.173106 0.983277 0.0565672 -5.98383 0.0558656 -0.0671445 0.996178 0.340819
0.955489 -0.292726 0.036779 1.9713 0.285743 0.949229 0.131584 -5.79658 -0.0734298 -0.115218 0.990622 0.238503
0.898341 -0.409729 0.158447 2.91767 0.402197 0.912182 0.0785 -5.52138 -0.176696 -0.00679285 0.984242 0.266334
0.868155 -0.469157 0.161863 3.84661 0.469441 0.882106 0.0389135 -5.13005 -0.161037 0.0422023 0.986046 -0.0612713
0.793581 -0.597244 0.11631 4.73106 0.598475 0.800655 0.0279186 -4.5305 -0.109798 0.0474531 0.99282 0.0019672
0.758492 -0.647639 0.0724857 5.53305 0.647742 0.76144 0.0252695 -3.84075 -0.0715591 0.0277853 0.997049 -0.324825
0.665305 -0.744406 0.0568138 6.22066 0.744282 0.667297 0.0275576 -3.10642 -0.0584258 0.0239513 0.998004 -0.521309
0.526117 -0.845119 0.0947319 6.83813 0.847167 0.53057 0.0283465 -2.28956 -0.0742181 0.0653402 0.995099 -0.613028
0.434315 -0.893705 0.112522 7.28942 0.897376 0.440113 0.0318871 -1.41753 -0.0780202 0.0871256 0.993137 -0.755693
0.254032 -0.95684 0.141158 7.76672 0.965258 0.260042 0.0255859 -0.493781 -0.0611885 0.129754 0.989656 -0.8472
0.182177 -0.975823 0.120753 8.09851 0.980723 0.189156 0.0490098 0.643959 -0.0706661 0.109497 0.991472 -0.933746
-0.0385445 -0.990841 0.129417 8.20293 0.995555 -0.0269405 0.0902467 1.5492 -0.0859336 0.13232 0.987475 -1.02184
-0.142741 -0.976489 0.161539 8.24263 0.986439 -0.126996 0.103967 2.4909 -0.0810077 0.174189 0.981375 -1.27986
-0.292042 -0.947081 0.133225 8.11774 0.949289 -0.270081 0.160956 3.55904 -0.116457 0.173475 0.977929 -1.39079
-0.383099 -0.900092 0.207532 7.81397 0.916994 -0.343554 0.202712 4.64113 -0.111161 0.267965 0.956994 -1.47927
-0.496136 -0.86014 0.118353 7.33076 0.862266 -0.472152 0.183221 5.62224 -0.101715 0.192954 0.975921 -1.76921
-0.614302 -0.782799 0.0992882 6.74783 0.782552 -0.588245 0.203912 6.50327 -0.101216 0.202962 0.973941 -2.02944
-0.672099 -0.734191 0.0961581 6.18024 0.732692 -0.640651 0.229629 7.52228 -0.106988 0.224788 0.968516 -2.21032
-0.7467 -0.645636 0.159979 5.31163 0.662667 -0.701257 0.26289 8.30785 -0.0575446 0.302313 0.95147 -2.26767
-0.76695 -0.615471 0.181612 4.2823 0.641662 -0.732202 0.228362 9.04477 -0.0075735 0.291676 0.956487 -2.39775
-0.852212 -0.498783 0.157955 3.38151 0.52164 -0.8333 0.18304 9.7949 0.0403268 0.238384 0.970333 -2.39868
-0.904776 -0.364472 0.220318 2.35017 0.409132 -0.887515 0.211961 10.4019 0.118282 0.281916 0.95212 -2.31196
-0.949368 -0.203419 0.239417 1.24057 0.255344 -0.943588 0.21081 10.9388 0.183029 0.26127 0.947755 -2.07249
-0.975862 -0.146326 0.162117 0.15207 0.183087 -0.952827 0.242073 11.1011 0.119048 0.265912 0.956618 -1.74519
-0.980016 -0.00148364 0.198911 -1.20459 0.0659372 -0.945858 0.317812 11.307 0.18767 0.324576 0.927055 -1.49192
-0.987743 0.10364 0.116718 -2.3077 -0.071056 -0.964337 0.254962 11.4198 0.13898 0.243543 0.959881 -1.34453
-0.953611 0.29801 0.0426068 -3.41915 -0.277256 -0.924567 0.261353 11.3857 0.117279 0.237416 0.964302 -1.26581
-0.921731 0.387539 0.0150347 -4.65777 -0.37629 -0.903017 0.207284 11.0276 0.0939072 0.185402 0.978165 -1.10619
-0.825109 0.558142 -0.0875887 -5.73376 -0.564483 -0.807971 0.168945 10.6525 0.023526 0.18884 0.981726 -1.03602
-0.803594 0.57241 -0.163044 -6.76185 -0.591675 -0.79798 0.114666 9.96584 -0.0644703 0.188614 0.979933 -0.953757
-0.683442 0.703038 -0.196584 -7.70106 -0.727051 -0.679733 0.0967453 9.19542 -0.0656091 0.209046 0.975702 -1.03958
-0.62316 0.752885 -0.211744 -8.5917 -0.781335 -0.611233 0.126134 8.09698 -0.0344609 0.244045 0.969151 -1.26197
-0.522348 0.838668 -0.154234 -9.3178 -0.852203 -0.507043 0.129059 7.21503 0.0300346 0.198852 0.979569 -1.2759
-0.432107 0.873228 -0.225291 -9.9776 -0.898154 -0.394194 0.194757 6.06287 0.0812587 0.286502 0.954627 -1.21246
-0.310011 0.91964 -0.241155 -10.5878 -0.950526 -0.294512 0.0988065 4.90487 0.0198434 0.259855 0.965444 -1.06819
-0.140944 0.946039 -0.291795 -10.8241 -0.987687 -0.114153 0.106977 3.76023 0.0678957 0.30328 0.95048 -1.07996
-0.051036 0.975868 -0.212315 -11.0227 -0.992544 -0.0260005 0.11908 2.39556 0.110686 0.216809 0.969919 -0.991628
0.0883746 0.962727 -0.255629 -10.9428 -0.995366 0.0951145 0.0140992 1.27948 0.0378878 0.253199 0.966672 -0.765834
0.269979 0.948035 -0.168347 -10.8176 -0.962813 0.267646 -0.0368392 -0.124176 0.0101326 0.172033 0.985039 -0.892437
0.39647 0.899751 -0.182374 -10.5154 -0.918042 0.3893 -0.0751328 -1.29783 0.0033976 0.197215 0.980354 -0.968701
0.495232 0.847779 -0.189779 -9.96952 -0.867875 0.492643 -0.0640059 -2.58311 0.0392301 0.196402 0.979738 -0.920282
0.573328 0.803942 -0.158027 -9.3681 -0.812973 0.582173 0.0122329 -3.82363 0.101833 0.121458 0.987359 -0.880798
0.661026 0.721017 -0.207795 -8.61685 -0.739052 0.673501 -0.0140857 -4.92446 0.129794 0.162883 0.978071 -0.725524
0.758278 0.629476 -0.169629 -7.6809 -0.643503 0.764398 -0.0399981 -5.95723 0.104486 0.139487 0.984696 -0.464462
0.851518 0.50976 -0.122726 -6.66063 -0.513247 0.858233 0.00369252 -6.92037 0.10721 0.0598445 0.992434 -0.368812
0.886359 0.434977 -0.15863 -5.45131 -0.444465 0.895347 -0.0283702 -7.63348 0.129689 0.0956519 0.98693 -0.236109
0.938144 0.332778 -0.0956293 -4.27933 -0.333304 0.942757 0.0108921 -8.35288 0.0937798 0.0216553 0.995357 -0.0619125
0.958308 0.265778 -0.104916 -2.82134 -0.270568 0.962095 -0.0341584 -8.84511 0.0918604 0.0611211 0.993894 0.075174
0.986942 0.0917973 -0.132362 -1.61281 -0.104125 0.990536 -0.0894276 -9.17448 0.1229 0.102042 0.987159 0.185276
0.994768 0.00810667 -0.101837 -0.205808 -0.0166793 0.996359 -0.0836125 -9.21194 0.100789 0.0848736 0.991281 0.287979
0.991287 -0.129576 -0.023673 1.27986 0.126825 0.987446 -0.0941578 -9.03519 0.0355763 0.0903351 0.995276 0.405997
0.966464 -0.228581 0.117038 2.69494 0.234606 0.971251 -0.0404015 -8.81418 -0.104438 0.0665044 0.992305 0.406803
0.910266 -0.334727 0.243666 4.04981 0.349302 0.936838 -0.0179425 -8.23129 -0.22227 0.101446 0.969693 0.178526
0.840565 -0.484653 0.241995 5.29369 0.509533 0.859029 -0.0494437 -7.74232 -0.183918 0.164865 0.969017 -0.146559
0.779532 -0.591743 0.205355 6.46757 0.605573 0.795769 -0.00571374 -6.96264 -0.160034 0.128811 0.978671 -0.312875
0.71898 -0.673844 0.170299 7.53422 0.687225 0.725854 -0.0292912 -6.00172 -0.103875 0.138094 0.984957 -0.564493
0.615165 -0.777753 0.12912 8.47731 0.783527 0.621287 0.00936635 -5.09323 -0.0875051 0.095407 0.991585 -0.758121
0.431451 -0.8842 0.178998 9.41159 0.89633 0.442626 0.0259635 -4.03283 -0.102186 0.14924 0.983507 -0.970705
0.414175 -0.88686 0.204786 10.0247 0.904559 0.426061 0.0156778 -2.65621 -0.101155 0.178747 0.978681 -1.10477
0.293718 -0.935252 0.19757 10.5948 0.946929 0.312919 0.07353 -1.25601 -0.130593 0.165488 0.977527 -1.35435
0.160039 -0.961494 0.22342 11.0846 0.979328 0.183023 0.0861378 0.0694257 -0.123712 0.205016 0.970909 -1.32488
-0.00893461 -0.972843 0.231292 11.2189 0.992652 0.019284 0.119456 1.49183 -0.120672 0.23066 0.965523 -1.45647
-0.112963 -0.976011 0.186124 11.1472 0.981047 -0.0798802 0.176541 2.8666 -0.157438 0.202539 0.966536 -1.78356
-0.269217 -0.944366 0.188931 11.0342 0.942427 -0.217917 0.25366 4.32712 -0.198377 0.246344 0.948663 -2.06281
-0.386611 -0.892853 0.230966 10.5482 0.902735 -0.315136 0.292845 5.6772 -0.188681 0.321718 0.927845 -2.23005
-0.525213 -0.83566 0.160697 9.97479 0.841417 -0.481756 0.244802 7.05523 -0.127154 0.263786 0.956163 -2.52944
-0.606918 -0.770365 0.195417 9.2277 0.786271 -0.546147 0.288968 8.24997 -0.115885 0.32903 0.937182 -2.82626
-0.680937 -0.707473 0.189227 8.32522 0.730963 -0.640724 0.234874 9.42853 -0.0449254 0.298252 0.953429 -3.08481
-0.818534 -0.545162 0.181111 7.23337 0.574367 -0.771049 0.274929 10.485 -0.0102352 0.329063 0.944252 -3.37114
-0.808025 -0.565934 0.163749 6.07611 0.588333 -0.760499 0.274784 11.4583 -0.0309783 0.318371 0.94746 -3.31302
-0.866176 -0.447056 0.223339 4.77352 0.496542 -0.820379 0.283593 12.31 0.0564411 0.356539 0.932574 -3.26094
-0.92635 -0.270053 0.262577 3.43158 0.344808 -0.888564 0.302591 13.0803 0.1516 0.370843 0.916238 -3.26955
-0.941139 -0.160312 0.297585 1.92641 0.261394 -0.903355 0.340034 13.7037 0.214314 0.397806 0.892087 -3.0457
-0.978426 -0.0371798 0.203226 0.509807 0.110768 -0.924747 0.364106 14.1198 0.174395 0.378762 0.908915 -2.71605
-0.990656 -0.00736823 0.136187 -1.14838 0.0580665 -0.926305 0.372274 14.162 0.123407 0.376703 0.918077 -2.52251
-0.984274 0.109543 0.138581 -2.69241 -0.0470341 -0.918703 0.392137 14.3242 0.170271 0.379453 0.909408 -2.3267
-0.973647 0.227924 -0.0079174 -4.31747 -0.21424 -0.902189 0.374375 14.2233 0.0781861 0.366205 0.927244 -2.08184
-0.938118 0.339227 -0.0697084 -5.80046 -0.340639 -0.867562 0.362356 13.7561 0.0624447 0.363678 0.929429 -1.81459
-0.868471 0.458793 -0.187796 -7.37459 -0.494478 -0.828716 0.262147 13.193 -0.0353581 0.320528 0.946579 -1.65844
-0.737621 0.597093 -0.315268 -8.48979 -0.66869 -0.710731 0.21844 12.3415 -0.093642 0.371942 0.92352 -1.69495
-0.683423 0.646631 -0.338824 -9.82434 -0.723139 -0.663233 0.192851 11.1932 -0.100015 0.376816 0.920873 -1.89458
-0.590661 0.756544 -0.280645 -10.8905 -0.804257 -0.58019 0.128646 10.0269 -0.0655012 0.301696 0.951151 -2.04449
-0.559285 0.782156 -0.274648 -11.9583 -0.828283 -0.513724 0.223685 8.61755 0.0338637 0.35259 0.935165 -2.08625
-0.436882 0.852728 -0.286338 -12.8248 -0.897816 -0.393796 0.197106 7.20084 0.0553191 0.343191 0.937635 -2.15408
-0.274584 0.914426 -0.29737 -13.3642 -0.960745 -0.248149 0.12406 5.79173 0.0396516 0.319762 0.946668 -1.97916
-0.0652654 0.942302 -0.328341 -13.7736 -0.997244 -0.04996 0.0548459 4.14248 0.0352775 0.331016 0.942965 -1.91183
-0.0549996 0.943542 -0.326654 -13.9301 -0.995147 -0.0250641 0.0951576 2.40083 0.081598 0.330302 0.940342 -1.8386
0.103457 0.944133 -0.312905 -13.8263 -0.992294 0.119542 0.0326092 0.92191 0.0681926 0.30712 0.949224 -1.73713
0.30139 0.907511 -0.292554 -13.7882 -0.952577 0.300079 -0.0504914 -0.82015 0.0419679 0.293898 0.954915 -1.58415
0.38285 0.885664 -0.262727 -13.2092 -0.921801 0.384989 -0.0454499 -2.33746 0.0608936 0.259582 0.963799 -1.61694
0.481673 0.843754 -0.23679 -12.5638 -0.872931 0.485794 -0.0446663 -4.02788 0.0773439 0.228216 0.970534 -1.58121
0.588964 0.773161 -0.23525 -11.6977 -0.79693 0.603987 -0.0101342 -5.58633 0.134252 0.193446 0.971882 -1.41931
0.626528 0.757873 -0.18191 -10.6497 -0.774461 0.631595 -0.0360257 -6.96628 0.0875908 0.163454 0.982655 -1.2801
0.750148 0.642078 -0.158158 -9.6119 -0.656549 0.751705 -0.0623163 -8.27189 0.0788766 0.150585 0.985445 -0.990136
0.798069 0.578651 -0.168073 -8.15621 -0.592479 0.804389 -0.0438977 -9.469 0.109795 0.134613 0.984797 -0.685206
0.862343 0.476431 -0.171398 -6.75472 -0.494941 0.864566 -0.0869485 -10.3502 0.10676 0.159811 0.981358 -0.617686
0.956903 0.274321 -0.0953114 -5.23843 -0.281518 0.956812 -0.0725214 -11.2264 0.0713009 0.0962278 0.992802 -0.395206
0.951064 0.279333 -0.132104 -3.66716 -0.293825 0.949867 -0.106864 -11.8305 0.0956303 0.14045 0.985459 -0.246905
0.993584 0.062689 -0.0941341 -1.93984 -0.0745372 0.988951 -0.128143 -12.1114 0.0850608 0.134337 0.987278 -0.181518
0.997923 0.0370936 -0.0526625 -0.173959 -0.045831 0.983353 -0.17583 -12.2073 0.0452636 0.177879 0.983011 -0.0886224
0.991591 -0.126807 0.0258365 1.73833 0.129407 0.969835 -0.206578 -12.0022 0.00113841 0.208184 0.978089 -0.0172048
0.952709 -0.271994 0.135516 3.44513 0.286184 0.953036 -0.0991011 -11.776 -0.102197 0.133197 0.985806 -0.014716
0.893304 -0.387884 0.227054 5.16622 0.42716 0.889822 -0.160473 -11.0738 -0.139792 0.24034 0.96057 -0.208768
0.85701 -0.472134 0.206454 6.77107 0.500551 0.857915 -0.115892 -10.321 -0.122403 0.202662 0.971569 -0.624408
0.792161 -0.542301 0.279982 8.39432 0.586665 0.803075 -0.104381 -9.34449 -0.16824 0.246942 0.954314 -0.73354
0.691919 -0.683746 0.231817 9.55893 0.709835 0.702898 -0.0454879 -8.29331 -0.131842 0.196026 0.971695 -1.01774
0.635243 -0.736523 0.232381 10.9067 0.767287 0.636132 -0.081283 -6.94462 -0.087958 0.229937 0.969223 -1.19679
0.502293 -0.825859 0.256238 12.1079 0.855041 0.518537 -0.00485026 -5.4114 -0.128863 0.22153 0.966602 -1.38081
0.384681 -0.877181 0.287358 12.8555 0.915692 0.401881 0.000950939 -3.90863 -0.116318 0.262766 0.957823 -1.7327
0.249754 -0.932298 0.261616 13.4466 0.965507 0.260312 0.00592051 -2.22401 -0.0736212 0.251113 0.965154 -1.90181
0.115288 -0.97121 0.208471 13.9418 0.987893 0.134035 0.0781103 -0.48727 -0.103804 0.196942 0.974904 -2.1389
-0.0494865 -0.968115 0.245568 14.227 0.990696 -0.0163702 0.135107 1.25927 -0.126779 0.249969 0.959918 -2.35051
-0.186577 -0.952022 0.242577 14.163 0.973536 -0.145992 0.175826 3.09638 -0.131976 0.268963 0.954066 -2.46238
-0.272356 -0.932862 0.235777 13.758 0.942719 -0.209653 0.259474 5.00945 -0.192622 0.29294 0.936527 -2.83331
-0.339796 -0.896884 0.283085 13.2881 0.916858 -0.24883 0.312179 6.67374 -0.209549 0.365626 0.906867 -3.12352
-0.480882 -0.850923 0.21138 12.5154 0.864252 -0.419409 0.277786 8.38328 -0.14772 0.316268 0.937098 -3.51613
-0.590199 -0.782125 0.199865 11.5655 0.785823 -0.499965 0.364029 9.89026 -0.184791 0.371908 0.909691 -3.87783
-0.665564 -0.719261 0.199218 10.3529 0.736957 -0.591156 0.327764 11.2762 -0.11798 0.364963 0.923517 -4.22134
-0.759216 -0.634084 0.146727 8.91192 0.643642 -0.698059 0.313748 12.7439 -0.0965184 0.332642 0.938101 -4.41935
-0.850079 -0.466799 0.243852 7.73279 0.525544 -0.781929 0.335246 13.871 0.0341817 0.413141 0.910025 -4.59297
-0.860905 -0.44618 0.24447 6.09199 0.506451 -0.797348 0.328244 14.8494 0.0484717 0.406399 0.912409 -4.50398
-0.896049 -0.384688 0.221611 4.21871 0.439529 -0.838997 0.320777 15.8135 0.0625324 0.384836 0.920864 -4.39139
-0.938528 -0.294948 0.179361 2.5609 0.339288 -0.88393 0.321794 16.4967 0.0636302 0.362868 0.929666 -4.2059
-0.983748 -0.125501 0.12841 0.688149 0.164308 -0.917606 0.361943 16.9495 0.0724054 0.37716 0.923314 -3.95139
-0.991805 0.025978 0.125089 -1.28679 0.032941 -0.894005 0.446844 17.054 0.123439 0.447303 0.885823 -3.68872
-0.977092 0.187355 0.100943 -3.08085 -0.116518 -0.867862 0.482948 17.0857 0.178087 0.460123 0.869811 -3.68963
-0.972018 0.22773 0.0576162 -5.00624 -0.165083 -0.836727 0.522145 16.9025 0.167117 0.498023 0.850909 -3.33583
-0.919539 0.367422 -0.139463 -6.91691 -0.383627 -0.762151 0.521494 16.5318 0.085316 0.533036 0.84178 -2.98535
-0.840669 0.432543 -0.325858 -8.72566 -0.537098 -0.742924 0.399486 15.6794 -0.0692926 0.510853 0.856871 -2.79262
-0.75707 0.539552 -0.368415 -10.2996 -0.651421 -0.666507 0.362517 14.5187 -0.049954 0.514444 0.856068 -2.95596
-0.67123 0.649779 -0.356704 -11.7869 -0.739999 -0.615345 0.271572 13.0979 -0.0430343 0.446248 0.893874 -3.08318
-0.582857 0.755159 -0.300022 -13.1109 -0.812409 -0.54902 0.196389 11.7729 -0.0164136 0.358207 0.933498 -3.23302
-0.523746 0.781489 -0.339064 -14.4749 -0.851861 -0.478222 0.213627 10.0683 0.00479903 0.400722 0.916187 -3.2646
-0.392112 0.853386 -0.343484 -15.4371 -0.918464 -0.342198 0.198303 8.42452 0.0516894 0.393234 0.917984 -3.16194
-0.241956 0.906027 -0.347234 -16.0824 -0.969509 -0.21142 0.123912 6.5984 0.0388557 0.366628 0.929556 -3.1124
-0.106492 0.919821 -0.37761 -16.6099 -0.992662 -0.0764738 0.0936641 4.43394 0.057277 0.384814 0.921215 -3.04667
-0.0475999 0.935739 -0.349465 -16.7572 -0.995476 -0.0156394 0.093715 2.41821 0.0822273 0.352345 0.932251 -2.86134
0.0930585 0.936485 -0.338137 -16.647 -0.989742 0.123982 0.0709876 0.417678 0.108402 0.328062 0.938416 -2.64881
0.226784 0.927024 -0.298655 -16.4342 -0.971352 0.237646 5.75203e-05 -1.71658 0.0710276 0.290086 0.954361 -2.55209
0.349779 0.896472 -0.272016 -16.0083 -0.932533 0.36096 -0.00952026 -3.49643 0.0896522 0.256993 0.962246 -2.49965
0.460141 0.846052 -0.269196 -15.0406 -0.88431 0.463769 -0.0539914 -5.54878 0.0791651 0.262896 0.961571 -2.26012
0.537078 0.803092 -0.258051 -14.2249 -0.836572 0.546329 -0.0408912 -7.26489 0.108141 0.23784 0.965266 -2.12492
0.676636 0.689022 -0.259638 -13.0243 -0.724726 0.685529 -0.0694488 -8.88387 0.130137 0.235158 0.963206 -1.99025
0.757389 0.589794 -0.280186 -11.607 -0.627602 0.775975 -0.0630786 -10.3935 0.180214 0.223621 0.957871 -1.64318
0.825203 0.511296 -0.240037 -9.9919 -0.547676 0.828243 -0.118592 -11.8274 0.138173 0.229325 0.963493 -1.20068
0.872503 0.46106 -0.161744 -8.30201 -0.481315 0.868004 -0.122085 -13.0098 0.0841057 0.184369 0.979252 -1.1695
0.931038 0.342168 -0.126845 -6.30125 -0.359644 0.919266 -0.160021 -14.1097 0.0618502 0.194604 0.97893 -1.15252
0.958384 0.25423 -0.129877 -4.34857 -0.277556 0.93623 -0.21549 -14.6551 0.066811 0.24257 0.967831 -0.933972
0.987012 0.138655 -0.0811353 -2.25115 -0.158782 0.918764 -0.361471 -15.1806 0.0244242 0.369659 0.928846 -0.662544
0.999669 -0.0242467 0.00864512 -0.162224 0.0256536 0.966153 -0.25669 -15.3279 -0.00212865 0.256826 0.966455 -0.688486
0.97781 -0.201098 0.0587186 2.03975 0.209407 0.930104 -0.301754 -15.0444 0.00606751 0.307354 0.951576 -0.654109
0.944508 -0.2905 0.153343 4.27096 0.321133 0.91481 -0.244941 -14.6218 -0.069124 0.280592 0.957335 -0.747776
0.90652 -0.376545 0.19088 6.37714 0.411167 0.890027 -0.196961 -13.8384 -0.0957241 0.257033 0.96165 -1.00541
0.860016 -0.475927 0.184027 8.29479 0.500834 0.856336 -0.125916 -12.8533 -0.0976624 0.200457 0.974823 -1.26089
0.797081 -0.561003 0.223468 10.0237 0.598183 0.784195 -0.164968 -11.7006 -0.0826951 0.265168 0.96065 -1.62454
0.726503 -0.64908 0.225583 11.6388 0.674833 0.735837 -0.0560809 -10.417 -0.129591 0.192974 0.972608 -1.72518
0.580142 -0.762832 0.285523 13.1962 0.810378 0.575856 -0.108059 -9.01761 -0.0819894 0.294071 0.952261 -1.8909
0.498999 -0.798877 0.33585 14.5118 0.85899 0.507217 -0.0697672 -6.99883 -0.114613 0.323306 0.939328 -2.17656
0.393421 -0.846648 0.358339 15.6416 0.912179 0.408094 -0.0372794 -5.04623 -0.114673 0.341536 0.932847 -2.55695
0.311224 -0.898601 0.309284 16.3001 0.946739 0.32146 -0.0187008 -2.99019 -0.0826177 0.298631 0.950786 -2.74001
0.175537 -0.909113 0.377758 16.8783 0.981783 0.190001 0.00104171 -0.856837 -0.0727215 0.370694 0.925904 -2.86877
0.0165473 -0.954141 0.2989 17.1793 0.992623 0.051587 0.109722 1.22154 -0.12011 0.294879 0.947956 -3.1141
-0.113971 -0.950113 0.290337 17.0862 0.983686 -0.0669784 0.166961 3.46052 -0.139186 0.304629 0.942247 -3.33695
-0.236251 -0.942146 0.237796 16.6594 0.94245 -0.162588 0.292152 5.47783 -0.236586 0.293132 0.926337 -3.74649
-0.443561 -0.841424 0.308641 16.0844 0.880969 -0.346025 0.322738 7.48075 -0.164762 0.415058 0.894752 -4.21917
-0.503046 -0.827454 0.249528 15.0865 0.852013 -0.426367 0.303786 9.48095 -0.144978 0.365419 0.919484 -4.73973
-0.626223 -0.738159 0.250929 13.8653 0.769053 -0.531979 0.354337 11.2958 -0.128068 0.414872 0.900822 -5.16876
-0.715904 -0.637252 0.285291 12.5789 0.696794 -0.62619 0.349807 13.0369 -0.0442693 0.449217 0.892325 -5.42662
-0.727385 -0.636653 0.256092 10.9557 0.680486 -0.621007 0.388959 14.7307 -0.0885971 0.45719 0.884945 -5.4789
-0.787243 -0.571346 0.231977 9.14462 0.612883 -0.683481 0.39652 16.1191 -0.0679985 0.454332 0.888233 -5.75107
-0.883697 -0.420142 0.206303 7.41069 0.467911 -0.80409 0.366739 17.3434 0.0118039 0.420618 0.907161 -5.79403
-0.931675 -0.330434 0.150977 5.33804 0.362672 -0.870223 0.333437 18.339 0.0212048 0.36541 0.930605 -5.5757
-0.971958 -0.210867 0.104076 3.29257 0.233788 -0.914141 0.331195 19.2132 0.0253021 0.34624 0.937805 -5.51935
-0.991507 -0.0910838 0.0928316 1.09657 0.118567 -0.926379 0.357441 19.7384 0.05344 0.365412 0.92931 -5.32998
-0.999126 0.0231613 0.0347872 -1.3609 -0.00623688 -0.905696 0.423882 19.8006 0.0413243 0.423294 0.905049 -5.26835
-0.990481 0.135667 0.0232957 -3.55906 -0.107709 -0.869224 0.482544 19.6717 0.0857146 0.475442 0.875562 -5.0696
-0.977407 0.206552 -0.0448574 -5.97973 -0.201086 -0.843301 0.498405 19.4441 0.0651182 0.496165 0.865783 -4.94545
-0.917768 0.37453 -0.132022 -7.9678 -0.388619 -0.778631 0.492656 18.8978 0.0817179 0.50345 0.860151 -4.75708
-0.86075 0.468555 -0.198909 -10.052 -0.505998 -0.745031 0.43462 17.7953 0.0554501 0.474747 0.878374 -4.58754
-0.794571 0.532439 -0.291832 -12.0884 -0.606615 -0.71671 0.344012 16.5117 -0.0259936 0.450372 0.892463 -4.49024
-0.694361 0.624486 -0.357603 -13.8306 -0.714565 -0.657156 0.23988 15.0795 -0.0851991 0.422094 0.90254 -4.56568
-0.616897 0.709516 -0.340626 -15.433 -0.786817 -0.566372 0.245239 13.37 -0.0189195 0.419297 0.907652 -4.51916
-0.505034 0.77934 -0.370903 -16.8792 -0.862272 -0.436776 0.256347 11.4276 0.0377799 0.449284 0.89259 -4.63723
-0.345649 0.80729 -0.478341 -18.1317 -0.938306 -0.291662 0.185784 9.41928 0.0104678 0.513046 0.858297 -4.38494
-0.224927 0.842314 -0.489812 -18.7718 -0.972901 -0.166505 0.160433 7.15523 0.0535786 0.512625 0.85694 -4.37682
-0.143959 0.898012 -0.415751 -19.2391 -0.985274 -0.0909013 0.144819 4.79576 0.0922573 0.430477 0.897874 -4.37135
-0.0440244 0.904139 -0.424965 -19.4847 -0.985337 0.0308921 0.167801 2.4145 0.164844 0.426121 0.889521 -4.15196
0.0831552 0.922351 -0.377297 -19.4927 -0.986817 0.128964 0.0977775 0.0259425 0.138843 0.364192 0.920916 -3.82069
0.22685 0.911566 -0.34291 -19.1961 -0.962841 0.262887 0.0618765 -2.37804 0.146551 0.316131 0.937328 -3.66323
0.373872 0.863784 -0.337783 -18.6389 -0.909637 0.412591 0.0482599 -4.61252 0.181052 0.289217 0.939986 -3.40154
0.418807 0.857885 -0.297715 -17.587 -0.899138 0.43765 -0.0037324 -6.89413 0.127093 0.26925 0.954648 -3.14722
0.577291 0.757219 -0.30554 -16.6186 -0.805111 0.590242 -0.0583918 -8.974 0.136127 0.279703 0.950387 -2.94476
0.652891 0.70115 -0.286568 -15.1182 -0.751326 0.647492 -0.127528 -11.0191 0.0961339 0.298568 0.949534 -2.60726
0.733423 0.610273 -0.299431 -13.4703 -0.663612 0.738262 -0.120785 -12.7973 0.147347 0.287292 0.946442 -2.4257
0.817091 0.51845 -0.252134 -11.6209 -0.562569 0.812631 -0.152146 -14.467 0.126012 0.266159 0.955657 -2.02887
0.88869 0.417423 -0.189703 -9.59029 -0.449579 0.874557 -0.181736 -15.6978 0.0900454 0.246794 0.964875 -1.9587
0.9447 0.281848 -0.167643 -7.33238 -0.316397 0.917776 -0.239959 -16.7296 0.0862269 0.279731 0.956198 -1.76941
0.964569 0.240291 -0.108936 -4.97389 -0.26091 0.930055 -0.258696 -17.4333 0.0391542 0.277952 0.959797 -1.7053
0.997012 0.0734361 -0.023968 -2.54823 -0.0769386 0.916243 -0.393166 -18.098 -0.00691204 0.393835 0.919155 -1.64253
0.998625 -0.050053 0.0156 -0.152621 0.0522024 0.921739 -0.384282 -18.2093 0.00485539 0.384568 0.923084 -1.57022
0.986349 -0.150067 0.0677873 2.5608 0.164175 0.927997 -0.334466 -17.9415 -0.0127144 0.341029 0.939967 -1.72709
0.975704 -0.197342 0.0951672 5.00114 0.217387 0.926085 -0.308399 -17.3833 -0.0272727 0.321594 0.946485 -1.7283
0.918941 -0.368406 0.140801 7.50284 0.391393 0.895817 -0.210532 -16.6583 -0.0485702 0.248575 0.967394 -1.86724
0.839529 -0.498481 0.216121 9.69671 0.539378 0.812471 -0.221275 -15.5615 -0.0652907 0.302337 0.950962 -2.01937
0.77421 -0.59073 0.227236 11.6749 0.630788 0.74965 -0.200329 -14.143 -0.0520073 0.298434 0.953012 -2.37325
0.719804 -0.62959 0.2924 13.7054 0.690563 0.692359 -0.209194 -12.5476 -0.070739 0.352499 0.933135 -2.51978
0.592977 -0.723696 0.353046 15.5261 0.801566 0.572244 -0.17329 -10.7624 -0.0766188 0.385747 0.919418 -2.89125
0.518579 -0.766448 0.378989 16.9432 0.844463 0.528579 -0.0865256 -8.60543 -0.134008 0.364913 0.921347 -3.14192
0.425243 -0.797344 0.428264 18.1164 0.895863 0.438163 -0.0737703 -6.30413 -0.128829 0.415037 0.900637 -3.61572
0.305545 -0.858724 0.411382 19.0449 0.951766 0.288146 -0.105422 -3.87006 -0.0280096 0.42375 0.905346 -3.91553
0.19036 -0.87722 0.440736 19.6626 0.979995 0.196356 -0.0324556 -1.35934 -0.0580705 0.438097 0.89705 -3.97092
0.0279534 -0.887558 0.459848 20.2312 0.99826 0.0486761 0.0332677 1.08962 -0.0519106 0.458118 0.887374 -4.16624
-0.211418 -0.863909 0.457126 20.0918 0.962151 -0.101673 0.252841 3.55723 -0.171954 0.493279 0.852706 -4.33148
-0.353252 -0.862367 0.362679 19.481 0.900837 -0.208959 0.380565 5.98063 -0.252401 0.46115 0.850667 -4.83002
-0.355498 -0.844663 0.400207 18.4123 0.911753 -0.219134 0.3474 8.42628 -0.205737 0.488389 0.848026 -5.51673
-0.514131 -0.787035 0.340948 17.493 0.8394 -0.379991 0.388606 10.7754 -0.176289 0.485986 0.856002 -5.96854
-0.582131 -0.751633 0.310115 16.1151 0.800673 -0.463493 0.379601 12.8771 -0.141585 0.469279 0.871626 -6.53231
-0.734873 -0.609114 0.29823 14.5966 0.676929 -0.63181 0.377603 14.9167 -0.0415792 0.479371 0.876627 -6.84994
-0.758974 -0.586306 0.283203 12.7675 0.651068 -0.677825 0.34156 16.6736 -0.00829643 0.44362 0.896177 -6.91681
-0.832045 -0.46844 0.297093 10.8192 0.552366 -0.748844 0.36623 18.3402 0.0509198 0.468824 0.881823 -7.12442
-0.871091 -0.387541 0.301683 8.58172 0.480287 -0.800525 0.358447 19.7171 0.102592 0.457134 0.883461 -7.0035
-0.917471 -0.337289 0.210911 6.27091 0.387392 -0.87805 0.280991 21.033 0.0904152 0.339506 0.936248 -6.78197
-0.968901 -0.238634 0.0654539 3.92495 0.247255 -0.923214 0.29418 21.9705 -0.0097734 0.301215 0.953506 -6.6093
-0.997087 -0.0726258 0.0232941 1.30742 0.0760444 -0.923158 0.376825 22.4738 -0.00586313 0.377499 0.925991 -6.51262
-0.998968 0.0408326 -0.0198698 -1.42518 -0.0453985 -0.908044 0.416408 22.5568 -0.00103962 0.41688 0.908961 -6.6136
-0.99457 0.102539 -0.0177843 -4.1436 -0.0990853 -0.880748 0.463104 22.2997 0.0318229 0.462352 0.886125 -6.65532
-0.977457 0.190729 -0.0905518 -6.65414 -0.210362 -0.843142 0.494832 21.9714 0.0180309 0.502726 0.864258 -6.47549
-0.940118 0.308348 -0.145256 -9.23208 -0.337899 -0.787175 0.515925 21.1892 0.0447421 0.534113 0.844228 -6.37077
-0.887155 0.403933 -0.223147 -11.5002 -0.460229 -0.738986 0.492025 20.0796 0.0338425 0.539202 0.841497 -6.17656
-0.808942 0.501945 -0.306045 -13.7596 -0.587352 -0.667822 0.4572 18.7374 0.0251057 0.549604 0.835048 -6.01919
-0.69214 0.59597 -0.40714 -15.7925 -0.721733 -0.576638 0.38287 17.0269 -0.00659377 0.558846 0.829245 -5.87866
-0.569508 0.71336 -0.408385 -17.6211 -0.821871 -0.502486 0.268394 14.9897 -0.0137458 0.488493 0.87246 -6.02913
-0.453916 0.794518 -0.403362 -19.1367 -0.88997 -0.382029 0.249014 12.7105 0.0437505 0.472011 0.880506 -6.06385
-0.386159 0.794406 -0.468828 -20.3199 -0.922294 -0.323726 0.211128 10.2814 0.0159493 0.513926 0.857686 -5.96466
-0.224947 0.829191 -0.511705 -21.2472 -0.973168 -0.165101 0.16027 7.73154 0.0484117 0.534027 0.84408 -5.94609
-0.171876 0.865494 -0.47051 -21.8214 -0.977911 -0.0922281 0.187576 4.89138 0.118952 0.492356 0.862227 -5.74282
-0.0548082 0.889495 -0.453645 -22.1936 -0.990448 0.00913767 0.13758 2.26834 0.126522 0.456853 0.880498 -5.45149
0.0586888 0.900031 -0.431856 -22.2026 -0.991817 0.101702 0.0771708 -0.343389 0.113377 0.423793 0.898635 -5.07701
0.223561 0.88643 -0.405294 -21.9102 -0.964356 0.261552 0.0401072 -3.16807 0.141558 0.381881 0.913306 -4.66282
0.273952 0.868808 -0.412459 -21.2378 -0.9507 0.309442 0.0203641 -5.89305 0.145324 0.386546 0.910749 -4.30182
0.407742 0.836279 -0.366585 -20.3036 -0.902001 0.431299 -0.0193603 -8.38528 0.141917 0.338554 0.930183 -4.03345
0.550287 0.740016 -0.386731 -19.0219 -0.824156 0.555706 -0.109355 -10.746 0.133984 0.378903 0.915686 -3.79407
0.668261 0.657896 -0.347276 -17.4092 -0.742746 0.616338 -0.261641 -12.9285 0.0419065 0.432782 0.900524 -3.45164
0.68514 0.642715 -0.342782 -15.3408 -0.72299 0.65734 -0.212577 -14.985 0.0886982 0.393473 0.915047 -3.46843
0.806244 0.505835 -0.306759 -13.245 -0.580915 0.774981 -0.248883 -16.8888 0.111838 0.378862 0.918671 -3.00247
0.897451 0.403031 -0.179299 -10.8829 -0.439726 0.849606 -0.291221 -18.3425 0.0349622 0.340199 0.939703 -2.76807
0.943295 0.303606 -0.134235 -8.34147 -0.331891 0.870651 -0.363065 -19.4703 0.00664292 0.387028 0.922044 -2.80364
0.981157 0.182706 -0.0628364 -5.6757 -0.193028 0.912824 -0.35985 -20.2951 -0.0083882 0.365199 0.930892 -2.77374
0.993529 0.113397 0.00642255 -2.67957 -0.101166 0.909237 -0.403798 -20.7541 -0.0516291 0.400535 0.914826 -2.711
0.997953 -0.060751 0.0199723 0.0693671 0.0633356 0.895749 -0.440024 -20.9308 0.00884173 0.440389 0.897764 -2.85254
0.987066 -0.156802 0.0333802 2.9496 0.157433 0.908764 -0.386474 -20.7049 0.0302651 0.386731 0.921696 -2.87564
0.968556 -0.23336 0.0862703 5.83022 0.248642 0.920086 -0.302688 -20.2623 -0.00874095 0.31462 0.949177 -2.77043
0.914597 -0.359058 0.185982 8.53851 0.398397 0.878867 -0.262436 -19.435 -0.0692237 0.314118 0.946857 -2.75078
0.823493 -0.449116 0.346633 11.1365 0.540936 0.805763 -0.241109 -18.1629 -0.171018 0.386058 0.906484 -2.77403
0.770419 -0.528019 0.357282 13.5053 0.620254 0.750381 -0.228504 -16.3847 -0.147443 0.39765 0.905613 -3.47674
0.692791 -0.592527 0.411037 15.679 0.717893 0.620689 -0.315239 -14.6572 -0.0683388 0.513475 0.855379 -3.77049
0.640051 -0.662054 0.389896 17.6294 0.764672 0.598361 -0.239249 -12.5535 -0.0749032 0.451275 0.889236 -4.09068
0.478836 -0.785105 0.392845 19.323 0.873775 0.469556 -0.126627 -10.1205 -0.0850473 0.403891 0.910845 -4.50984
0.432425 -0.782213 0.448499 20.6133 0.89638 0.426738 -0.119993 -7.50003 -0.097531 0.453914 0.885692 -4.82089
0.273165 -0.858758 0.433492 21.5906 0.955925 0.292754 -0.0224226 -4.78789 -0.107651 0.420511 0.900878 -5.12351
0.145878 -0.858719 0.491246 22.4637 0.985036 0.172142 0.00840028 -2.04082 -0.0917774 0.482669 0.870981 -5.40288
0.0165097 -0.844906 0.53466 22.8243 0.995338 0.064706 0.0715179 0.873196 -0.0950216 0.530986 0.842036 -5.6446
-0.130356 -0.868044 0.479068 22.6633 0.972327 -0.0174417 0.23297 3.80324 -0.193873 0.49618 0.846297 -5.89074
-0.324223 -0.818052 0.475048 22.2047 0.931993 -0.190194 0.308569 6.41093 -0.162075 0.542787 0.824084 -6.49974
-0.401231 -0.797164 0.451158 21.1765 0.907089 -0.27735 0.316649 9.15539 -0.127293 0.53629 0.834379 -7.13745
-0.464634 -0.810579 0.356479 19.7838 0.872008 -0.348826 0.343398 11.8109 -0.154002 0.470407 0.868908 -7.56734
-0.580461 -0.734327 0.351893 18.3934 0.804831 -0.451714 0.384968 14.346 -0.123738 0.506673 0.853212 -8.0465
-0.689846 -0.638214 0.341753 16.497 0.718977 -0.54869 0.426628 16.711 -0.0847638 0.54002 0.837373 -8.23794
-0.753881 -0.577395 0.313494 14.4888 0.656421 -0.641717 0.396626 18.8269 -0.0278354 0.504792 0.862792 -8.53925
-0.813277 -0.498107 0.300782 12.3417 0.581875 -0.695301 0.421873 20.5562 -0.00100395 0.518118 0.855309 -8.46183
-0.847241 -0.386078 0.364866 9.8353 0.518729 -0.749312 0.411645 22.2221 0.114472 0.538029 0.835118 -8.44654
-0.884309 -0.308238 0.350695 7.24064 0.434778 -0.817426 0.377866 23.6965 0.170194 0.486625 0.856872 -7.94477
-0.979192 -0.181684 0.0904104 4.55376 0.202313 -0.908845 0.364789 24.7493 0.0158925 0.375489 0.92669 -7.65923
-0.998908 -0.046686 -0.00182694 1.48111 0.0398442 -0.871636 0.488531 25.2799 -0.0244 0.487925 0.872545 -7.71252
-0.99916 0.00362726 -0.0408203 -1.52838 -0.0218507 -0.889829 0.455771 25.2658 -0.0346699 0.45628 0.889161 -7.87373
-0.990914 0.11645 -0.0672981 -4.35917 -0.134439 -0.872246 0.470226 25.0661 -0.00394287 0.475001 0.879976 -8.05729
-0.952678 0.275213 -0.129086 -7.32602 -0.302619 -0.818462 0.488407 24.5857 0.0287633 0.504358 0.863015 -8.11398
-0.90092 0.391594 -0.187074 -10.1023 -0.431169 -0.758618 0.488459 23.6007 0.0493596 0.520723 0.852298 -8.00704
-0.847762 0.475827 -0.234284 -12.8034 -0.52743 -0.709835 0.466853 22.4404 0.0558381 0.519348 0.852737 -7.90878
-0.76504 0.549696 -0.335481 -15.3551 -0.642375 -0.61461 0.457831 20.8224 0.0454776 0.565763 0.823313 -7.75688
-0.660868 0.605243 -0.443772 -17.6734 -0.750501 -0.532168 0.391849 18.7929 0.00100284 0.592012 0.805929 -7.65821
-0.579292 0.663175 -0.47394 -19.7038 -0.815112 -0.468816 0.340299 16.4765 0.0034878 0.583447 0.812144 -7.5755
-0.463493 0.72821 -0.504861 -21.4321 -0.885974 -0.371206 0.277952 13.9121 0.0149999 0.576122 0.817226 -7.60105
-0.400973 0.773584 -0.490702 -22.7632 -0.913416 -0.296715 0.278625 11.1885 0.069941 0.559936 0.825578 -7.60548
-0.235395 0.802739 -0.547904 -23.7869 -0.966906 -0.136349 0.215643 8.31295 0.0983984 0.580533 0.808269 -7.58475
-0.16998 0.856306 -0.487695 -24.3373 -0.979108 -0.0907085 0.181988 5.22129 0.111599 0.50844 0.853835 -7.28889
-0.0807794 0.859075 -0.505435 -24.7893 -0.9908 -0.0139658 0.134614 2.17202 0.108584 0.511659 0.852299 -6.99046
0.0459227 0.835546 -0.547498 -24.9893 -0.980839 0.141591 0.133814 -0.782076 0.189328 0.530863 0.826038 -6.65219
0.192244 0.82884 -0.525421 -24.6184 -0.961261 0.266817 0.069186 -3.85957 0.197535 0.491766 0.848025 -6.01873
0.336101 0.812781 -0.475839 -23.9483 -0.932009 0.359783 -0.0437626 -6.77403 0.135629 0.458195 0.878443 -5.59461
0.439679 0.80663 -0.395008 -22.7736 -0.890578 0.448551 -0.0753236 -9.75021 0.116423 0.384903 0.915585 -5.22296
0.556696 0.72803 -0.400077 -21.2105 -0.825826 0.53719 -0.171575 -12.4372 0.0900054 0.425909 0.900278 -5.05218
0.655938 0.648782 -0.38578 -19.3781 -0.75279 0.599687 -0.271443 -14.8052 0.05524 0.468462 0.881755 -4.88184
0.702692 0.59586 -0.388812 -17.1258 -0.705756 0.653007 -0.274755 -17.0709 0.0901815 0.467474 0.879395 -4.66432
0.808353 0.475352 -0.347284 -14.7024 -0.579979 0.744201 -0.331344 -19.2983 0.100944 0.46926 0.877271 -4.30361
0.898561 0.37908 -0.221102 -12.1273 -0.438353 0.799252 -0.41115 -20.9221 0.0208573 0.466364 0.884347 -4.01448
0.949916 0.296119 -0.09986 -9.28329 -0.310018 0.852724 -0.420417 -22.0788 -0.0393405 0.430319 0.901819 -4.07733
0.982642 0.175841 -0.0591202 -6.15106 -0.18459 0.895013 -0.406053 -23.0616 -0.0184874 0.409917 0.911935 -4.10802
0.9966 0.0615708 -0.0547579 -3.01959 -0.0791998 0.89914 -0.430435 -23.5278 0.0227328 0.433308 0.900959 -4.07043
0.998797 0.0150796 -0.0466526 0.241312 -0.0345883 0.891106 -0.452476 -23.6456 0.0347493 0.453545 0.890556 -4.08398
0.984296 -0.176526 -0.00017618 3.4197 0.154173 0.860142 -0.486197 -23.6299 0.0859778 0.478534 0.873849 -4.06989
0.975635 -0.208254 0.0690416 6.58499 0.218198 0.888099 -0.40456 -23.0828 0.0229354 0.409768 0.911901 -3.95988
0.905083 -0.374528 0.201378 9.56102 0.424045 0.830334 -0.361568 -22.1358 -0.031794 0.412642 0.910338 -3.96291
0.806391 -0.470842 0.357829 12.4715 0.579075 0.751468 -0.316178 -20.7314 -0.120027 0.462173 0.878629 -4.14249
0.789672 -0.503067 0.351201 15.0281 0.608551 0.715017 -0.344117 -18.7773 -0.0780013 0.485463 0.870771 -4.68241
0.696294 -0.595687 0.400415 17.4199 0.71563 0.619076 -0.323448 -16.6851 -0.0552135 0.511764 0.85735 -5.18301
0.603218 -0.640101 0.475814 19.653 0.784106 0.585121 -0.206908 -14.2931 -0.145967 0.497899 0.854863 -5.52856
0.474186 -0.726534 0.497289 21.6579 0.876598 0.442204 -0.189818 -11.6236 -0.0819935 0.525932 0.846565 -5.97796
0.417467 -0.774236 0.475689 23.0398 0.900385 0.423065 -0.101598 -8.7216 -0.122586 0.470717 0.873727 -6.20346
0.285108 -0.822416 0.492286 24.2822 0.949958 0.310848 -0.0308666 -5.7214 -0.127641 0.476452 0.869886 -6.51333
0.143789 -0.812492 0.564961 24.926 0.982767 0.184251 0.0148544 -2.69724 -0.116164 0.553089 0.824984 -6.87055
0.031252 -0.776026 0.629926 25.3905 0.998943 0.0454956 0.00648772 0.552858 -0.0336935 0.629058 0.776628 -7.32524
-0.167348 -0.753421 0.635886 25.3373 0.965373 0.00569658 0.26081 3.88809 -0.200122 0.657513 0.72638 -7.5741
-0.306675 -0.771586 0.557321 24.6288 0.932434 -0.125986 0.338666 6.92991 -0.191095 0.623525 0.758089 -8.21843
-0.387121 -0.785144 0.483412 23.5812 0.908274 -0.234508 0.346474 9.9765 -0.158668 0.573198 0.803909 -8.75472
-0.482739 -0.73743 0.472398 22.3148 0.869079 -0.336863 0.36225 12.8079 -0.108001 0.585423 0.803502 -9.29064
-0.585381 -0.696095 0.415669 20.5484 0.80897 -0.467457 0.356442 15.6724 -0.0538102 0.544919 0.83676 -9.6656
-0.65618 -0.66451 0.357567 18.5443 0.750893 -0.528059 0.396628 18.3131 -0.074747 0.528754 0.845477 -9.84945
-0.754506 -0.568878 0.327259 16.3111 0.654681 -0.61747 0.436031 20.6576 -0.0459753 0.543238 0.838319 -10.125
-0.816089 -0.46918 0.337443 13.7816 0.577087 -0.693016 0.432088 22.6293 0.0311264 0.547357 0.83632 -10.1885
-0.82936 -0.347396 0.437582 11.0627 0.536867 -0.712384 0.451977 24.5192 0.154711 0.609775 0.777328 -10.1959
-0.861835 -0.27374 0.426974 8.25021 0.476846 -0.724129 0.498251 26.1986 0.172793 0.633011 0.754612 -9.55491
-0.986815 -0.137464 0.0854448 5.24403 0.158356 -0.710815 0.685322 27.5647 -0.0334716 0.689816 0.72321 -9.04465
-0.999805 -0.0196749 -0.00187243 1.71569 0.013728 -0.759498 0.650364 28.0057 -0.014218 0.650212 0.75962 -9.30173
-0.995205 0.034186 -0.0916384 -1.6502 -0.0778654 -0.843909 0.530806 27.8546 -0.0591883 0.535397 0.842524 -9.37226
-0.987366 0.149197 -0.0533815 -4.89312 -0.154702 -0.834692 0.528542 27.5952 0.0342995 0.530122 0.847227 -9.55616
-0.958037 0.264059 -0.111523 -8.17639 -0.284742 -0.831969 0.476182 27.0467 0.0329565 0.487955 0.872246 -9.64139
-0.91744 0.361751 -0.165653 -11.2526 -0.395009 -0.778252 0.48815 25.9203 0.0476692 0.513283 0.856895 -9.68273
-0.864687 0.451213 -0.220734 -14.242 -0.498829 -0.719686 0.48293 24.357 0.0590449 0.527692 0.847381 -9.70932
-0.788292 0.524869 -0.321105 -17.0842 -0.614847 -0.651888 0.443852 22.6882 0.0236401 0.547315 0.836592 -9.69561
-0.683706 0.606384 -0.406011 -19.6189 -0.728437 -0.533634 0.429669 20.5002 0.0438831 0.58952 0.806561 -9.64219
-0.62156 0.626847 -0.469816 -21.8074 -0.783341 -0.502178 0.366324 17.8308 -0.00630243 0.595718 0.803169 -9.56957
-0.495522 0.720104 -0.485703 -23.7362 -0.868595 -0.411374 0.276251 15.068 -0.000875977 0.558768 0.829324 -9.55073
-0.390539 0.764788 -0.512424 -25.1355 -0.92031 -0.310716 0.237666 11.9242 0.0225454 0.564407 0.825189 -9.52832
-0.255475 0.78418 -0.565504 -26.2934 -0.961864 -0.14703 0.230651 8.71962 0.0977264 0.602863 0.791837 -9.37912
-0.165003 0.828202 -0.53559 -26.9297 -0.976915 -0.0625297 0.204273 5.47992 0.135689 0.556931 0.8194 -9.12169
-0.0825757 0.822124 -0.563288 -27.3849 -0.987511 0.00859729 0.157313 1.98433 0.134173 0.569244 0.811147 -8.52156
0.0279251 0.814114 -0.580034 -27.4869 -0.984457 0.123051 0.125314 -1.29605 0.173393 0.567519 0.804896 -8.17178
0.179219 0.815006 -0.551041 -27.1181 -0.968138 0.245679 0.0484908 -4.70467 0.174899 0.524793 0.833068 -7.62084
0.309886 0.766928 -0.561953 -26.5124 -0.924549 0.380932 0.010041 -7.89527 0.221766 0.516442 0.827108 -7.20116
0.492523 0.760139 -0.423805 -25.1939 -0.866987 0.470989 -0.162795 -11.1276 0.0758605 0.447614 0.891003 -6.53164
0.592828 0.686362 -0.421263 -23.513 -0.803906 0.535448 -0.258904 -14.1016 0.0478624 0.492141 0.869199 -6.39646
0.680935 0.557188 -0.475256 -21.4413 -0.719141 0.631405 -0.290111 -16.6582 0.138433 0.539323 0.830643 -6.29702
0.70741 0.558651 -0.432989 -18.8985 -0.695421 0.659624 -0.285106 -19.1545 0.126335 0.502797 0.855123 -6.14581
0.813609 0.491396 -0.310759 -16.1834 -0.579606 0.727612 -0.366931 -21.5816 0.0458032 0.478656 0.876807 -5.72277
0.908881 0.323561 -0.263142 -13.3738 -0.4129 0.786949 -0.458502 -23.4161 0.0587261 0.525375 0.848842 -5.62212
0.954169 0.261569 -0.145407 -10.1334 -0.299263 0.830927 -0.469044 -24.7468 -0.00186536 0.491062 0.871122 -5.39568
0.975315 0.198443 -0.0968544 -6.72034 -0.220326 0.845306 -0.486738 -25.7605 -0.0147181 0.496063 0.868162 -5.42668
0.995728 0.080697 -0.0448835 -3.35426 -0.0923103 0.857738 -0.505731 -26.351 -0.00231268 0.507714 0.861523 -5.45286
0.999968 0.00429821 -0.00675796 0.16775 -0.00700732 0.878143 -0.478347 -26.4052 0.00387842 0.478379 0.878145 -5.51172
0.989211 -0.129925 0.0676848 3.77849 0.146328 0.854009 -0.499256 -26.3102 0.0070623 0.503773 0.863807 -5.57079
0.967951 -0.235935 0.0860502 7.17209 0.24864 0.85212 -0.46051 -25.7083 0.0353254 0.467147 0.883474 -5.36522
0.898091 -0.368013 0.240829 10.675 0.437215 0.806439 -0.398118 -24.5942 -0.0477009 0.462841 0.885157 -5.27909
0.824649 -0.391162 0.408592 13.8335 0.546562 0.737076 -0.397477 -22.988 -0.145685 0.5511 0.821623 -5.49426
0.737499 -0.475509 0.479569 16.5304 0.648483 0.696906 -0.306255 -20.9276 -0.188588 0.536855 0.822327 -6.104
0.746825 -0.489692 0.449949 19.1453 0.656774 0.64933 -0.383429 -18.498 -0.104403 0.581869 0.806553 -6.77639
0.631708 -0.56102 0.534978 21.6153 0.766691 0.554155 -0.324187 -16.0975 -0.114585 0.614954 0.780193 -7.13349
0.510632 -0.64865 0.564365 23.6888 0.852019 0.469849 -0.230879 -12.9812 -0.115407 0.598744 0.792582 -7.69591
0.417494 -0.727036 0.545085 25.3154 0.907332 0.366198 -0.206511 -9.90372 -0.0494683 0.580791 0.812549 -7.97418
0.253252 -0.792967 0.554136 26.8025 0.95603 0.292714 -0.018052 -6.66787 -0.147889 0.534342 0.832231 -8.02693
0.137696 -0.783639 0.605764 27.4679 0.977772 0.205179 0.0431697 -3.18543 -0.158119 0.586355 0.794472 -8.77121
0.0240027 -0.774554 0.632052 27.6609 0.989939 0.106601 0.0930419 0.289325 -0.139444 0.62346 0.76932 -9.2787
-0.0896279 -0.74191 0.664483 27.5006 0.988694 0.0142503 0.14927 3.80721 -0.120214 0.670349 0.732244 -9.80772
-0.233813 -0.734289 0.6373 26.9704 0.971463 -0.149538 0.184114 7.30558 -0.0398922 0.662162 0.748298 -10.2564
-0.357188 -0.704579 0.613177 25.8852 0.929412 -0.202892 0.308265 10.6006 -0.0927886 0.680003 0.727315 -10.5249
-0.461921 -0.685652 0.562593 24.3938 0.88504 -0.315051 0.342705 13.8604 -0.0577306 0.65622 0.752358 -10.9559
-0.553369 -0.707031 0.44033 22.5894 0.830962 -0.432231 0.350255 16.9994 -0.0573169 0.559717 0.826699 -11.3659
-0.627236 -0.660965 0.411947 20.4844 0.77377 -0.468664 0.426186 19.8862 -0.0886296 0.586071 0.805398 -11.5186
-0.807993 -0.485669 0.333576 18.1294 0.585169 -0.595421 0.550501 22.5124 -0.0687429 0.639999 0.765294 -11.8349
-0.827872 -0.437629 0.350868 15.2571 0.560898 -0.640792 0.524194 24.6008 -0.00456934 0.630767 0.775959 -12.1283
-0.855483 -0.314506 0.411382 12.1831 0.506171 -0.67552 0.536156 26.6525 0.109272 0.666902 0.73709 -12.0439
-0.895114 -0.25937 0.362628 8.87862 0.433579 -0.695844 0.572547 28.3227 0.103831 0.669722 0.735317 -11.6891
-0.966418 -0.170774 0.19202 5.59635 0.255398 -0.720923 0.644238 29.6591 0.0284125 0.671645 0.740328 -11.2849
-0.998574 -0.032748 0.0421645 2.03248 0.0523926 -0.7529 0.656046 30.3942 0.0102615 0.657319 0.753542 -11.3456
-0.999217 0.029881 -0.0259408 -1.66244 -0.039408 -0.810745 0.584071 30.3822 -0.00357875 0.584636 0.811288 -11.263
-0.983541 0.157876 -0.0878719 -5.35327 -0.18016 -0.819956 0.543337 30.1297 0.0137286 0.550225 0.834904 -11.3042
-0.956913 0.252625 -0.143172 -8.87964 -0.29036 -0.827495 0.480565 29.5522 0.00292883 0.50143 0.865193 -11.3292
-0.913139 0.350834 -0.207586 -12.3744 -0.407313 -0.805862 0.429747 28.3028 -0.0165154 0.476972 0.878764 -11.3132
-0.868132 0.432094 -0.244218 -15.6145 -0.493455 -0.698465 0.518313 26.6074 0.0533821 0.570475 0.819578 -11.4727
-0.82009 0.494419 -0.288102 -18.6948 -0.570749 -0.670467 0.474046 24.462 0.0412143 0.553194 0.832032 -11.4591
-0.67471 0.622259 -0.396938 -21.5026 -0.734888 -0.516386 0.439642 22.1599 0.0685981 0.588336 0.805702 -11.4091
-0.591505 0.629879 -0.503363 -23.7823 -0.805838 -0.440648 0.395544 19.3504 0.0273389 0.639595 0.768226 -11.3879
-0.446966 0.685603 -0.574604 -25.9513 -0.894508 -0.33626 0.294592 16.2226 0.00875654 0.645661 0.763574 -11.2857
-0.38163 0.737652 -0.556982 -27.3159 -0.922164 -0.262764 0.283846 12.7679 0.0630251 0.621953 0.780515 -11.2571
-0.283399 0.767663 -0.574786 -28.5223 -0.957352 -0.191322 0.216502 9.24676 0.0562313 0.611629 0.789144 -11.192
-0.183779 0.789635 -0.585407 -29.3115 -0.976155 -0.0766119 0.203108 5.71663 0.115532 0.608775 0.784886 -10.8958
-0.119328 0.779797 -0.614555 -29.7004 -0.985444 -0.0175352 0.169093 1.9786 0.121082 0.625787 0.770539 -10.3659
0.0510783 0.758829 -0.649283 -29.9291 -0.986778 0.13848 0.084216 -1.64037 0.153819 0.636397 0.75587 -9.91683
0.145722 0.743964 -0.652137 -29.4619 -0.976049 0.215737 0.0280148 -5.36156 0.161532 0.632436 0.757583 -9.28398
0.277963 0.66159 -0.696445 -28.8699 -0.94473 0.31949 -0.0735567 -8.9835 0.173843 0.678399 0.713831 -8.7064
0.513896 0.595575 -0.617415 -27.5858 -0.856735 0.39304 -0.333953 -12.5195 0.043775 0.700578 0.712231 -8.11675
0.595479 0.586855 -0.548641 -25.4949 -0.801423 0.481463 -0.354844 -15.6182 0.0559087 0.650995 0.75702 -7.98249
0.663231 0.557842 -0.498936 -23.0922 -0.743519 0.567245 -0.354137 -18.6421 0.0854671 0.605843 0.79098 -7.98938
0.720998 0.441288 -0.534254 -20.4783 -0.666331 0.653124 -0.359768 -21.2724 0.190173 0.615382 0.764944 -7.7712
0.817959 0.413986 -0.399449 -17.6735 -0.573667 0.638893 -0.512564 -23.7402 0.0430107 0.648407 0.760078 -7.27185
0.892641 0.342987 -0.292492 -14.3685 -0.449725 0.721744 -0.526148 -25.6812 0.0306421 0.601203 0.798509 -7.11837
0.927794 0.265666 -0.261952 -10.9066 -0.36749 0.77194 -0.51871 -27.2433 0.0644073 0.577521 0.813831 -6.96893
0.979686 0.166025 -0.112476 -7.35414 -0.200537 0.811527 -0.548824 -28.3262 0.000158542 0.560231 0.828336 -6.89501
0.997175 0.0615962 -0.0429851 -3.53975 -0.0751031 0.826477 -0.557939 -28.8416 0.00115932 0.559591 0.828768 -6.9924
0.999628 0.00637864 -0.0265048 0.271623 -0.019909 0.83498 -0.549921 -29.0013 0.0186232 0.550244 0.834796 -7.00899
0.991197 -0.122458 0.0503234 4.16656 0.129797 0.823886 -0.551693 -28.8564 0.0260984 0.553368 0.832528 -7.08085
0.954342 -0.260203 0.146716 7.93184 0.296236 0.761246 -0.576844 -28.3639 0.0384098 0.593969 0.80357 -6.82871
0.911987 -0.274861 0.304517 11.5839 0.404824 0.723026 -0.559778 -27.1418 -0.0663121 0.633786 0.770661 -6.7587
0.833584 -0.332117 0.441402 15.067 0.522009 0.734974 -0.432805 -25.1869 -0.180676 0.591195 0.786031 -7.14167
0.757954 -0.436041 0.485153 18.0775 0.635623 0.660839 -0.399092 -23.0485 -0.146588 0.610868 0.778044 -7.87856
0.696012 -0.508307 0.50714 20.7847 0.711659 0.582227 -0.393132 -20.4312 -0.0954391 0.634535 0.766979 -8.66236
0.574055 -0.600558 0.556588 23.2759 0.815992 0.475996 -0.328 -17.6666 -0.0679508 0.642462 0.763299 -9.18398
0.548825 -0.579655 0.602322 25.4755 0.831406 0.453424 -0.321202 -14.4185 -0.0869208 0.677057 0.730779 -9.53239
0.462415 -0.616214 0.637536 27.5333 0.886647 0.317029 -0.336674 -11.0402 0.00534593 0.720953 0.692963 -9.73359
0.174193 -0.620702 0.764451 29.2437 0.963859 0.266391 -0.00333291 -7.5491 -0.201574 0.737404 0.644673 -9.80764
0.0928544 -0.702438 0.705662 29.8357 0.981973 0.181798 0.0517548 -3.85495 -0.164643 0.688135 0.706656 -10.6939
-0.0381753 -0.730499 0.681846 30.0672 0.997361 0.0143182 0.0711802 -0.00130864 -0.0617599 0.682763 0.728025 -11.3978
-0.127125 -0.732566 0.66872 29.7749 0.985757 -0.0184717 0.167159 3.87704 -0.110103 0.680445 0.72448 -11.8696
-0.231207 -0.718735 0.655716 29.1324 0.968898 -0.109 0.222161 7.64496 -0.0882022 0.686687 0.721582 -12.4062
-0.370422 -0.675932 0.637106 28.0037 0.925518 -0.210426 0.31486 11.2112 -0.0787604 0.706284 0.703534 -12.7862
-0.41427 -0.627404 0.659351 26.5553 0.910101 -0.277742 0.307531 14.8116 -0.00981632 0.727477 0.686062 -13.083
-0.57507 -0.578081 0.578893 24.8675 0.816021 -0.354849 0.456281 18.2553 -0.0583474 0.734782 0.675789 -13.1994
-0.656974 -0.57083 0.492481 22.4364 0.749838 -0.426918 0.505454 21.3333 -0.0782793 0.701352 0.708504 -13.5012
-0.771883 -0.453477 0.445595 19.6199 0.634958 -0.514581 0.576224 24.1327 -0.0320093 0.727712 0.685135 -13.9491
-0.813139 -0.408061 0.415079 16.4599 0.581686 -0.595567 0.554022 26.513 0.0211327 0.691943 0.721643 -14.13
-0.891975 -0.264272 0.366798 13.2407 0.440093 -0.693216 0.570763 28.7117 0.103433 0.670531 0.734636 -14.0362
-0.908466 -0.251453 0.333859 9.68152 0.412469 -0.668417 0.618941 30.2522 0.0675219 0.699993 0.71095 -13.6207
-0.972016 -0.128805 0.196455 6.06445 0.228183 -0.716463 0.659252 31.7451 0.0558375 0.685631 0.725805 -13.3353
-0.9953 -0.0616496 0.0746811 2.16671 0.0953118 -0.76008 0.642801 32.564 0.0171352 0.646898 0.762384 -13.2996
-0.99996 -0.000491471 0.00888478 -1.76934 0.00560216 -0.810527 0.585675 32.7311 0.00691351 0.585701 0.810498 -13.0797
-0.993059 0.100306 -0.0614207 -5.78465 -0.117617 -0.847507 0.51759 32.6554 -0.000137286 0.521221 0.853422 -13.0404
-0.959736 0.240187 -0.145661 -9.65572 -0.280484 -0.847717 0.450227 32.0139 -0.0153411 0.472954 0.880953 -12.9592
-0.909441 0.364861 -0.199484 -13.3147 -0.415737 -0.78739 0.45517 30.707 0.00900208 0.496883 0.867771 -13.0322
-0.847839 0.425668 -0.316191 -16.8728 -0.527896 -0.733758 0.427698 28.8112 -0.0499503 0.529534 0.846817 -13.0668
-0.790012 0.497855 -0.357801 -20.1649 -0.611865 -0.677136 0.408788 26.6051 -0.0387624 0.541873 0.839566 -13.1687
-0.675543 0.577508 -0.458395 -23.2529 -0.73732 -0.528819 0.420369 23.8015 0.000358642 0.621961 0.783048 -13.3405
-0.549121 0.629401 -0.549837 -25.8603 -0.835742 -0.414545 0.360122 20.781 -0.00127133 0.657272 0.753652 -13.3452
-0.468636 0.645613 -0.602962 -28.0203 -0.882709 -0.369052 0.290904 17.2925 -0.0347129 0.668569 0.74284 -13.3087
-0.341778 0.706439 -0.619784 -29.671 -0.939009 -0.229988 0.25567 13.4976 0.0380726 0.669365 0.741957 -13.3687
-0.258597 0.72557 -0.637712 -30.9048 -0.964683 -0.159709 0.209473 9.6758 0.050139 0.669359 0.741245 -13.0955
-0.149235 0.741124 -0.654572 -31.6706 -0.981637 -0.031498 0.188139 5.85787 0.118817 0.670629 0.732216 -12.7858
-0.0951372 0.730734 -0.676 -32.0533 -0.988202 0.0125488 0.15264 1.91463 0.120022 0.682547 0.720919 -12.3685
0.0998333 0.708235 -0.698883 -32.2626 -0.975048 0.209603 0.0731252 -1.91379 0.198278 0.674144 0.711488 -11.9447
0.133121 0.699119 -0.702504 -31.5594 -0.981612 0.190849 0.00391832 -5.95332 0.136812 0.689065 0.711669 -11.3305
0.350528 0.62586 -0.696728 -30.9385 -0.924736 0.349089 -0.151659 -9.9077 0.148303 0.69745 0.70112 -10.9934
0.516093 0.583731 -0.626822 -29.3964 -0.853181 0.415019 -0.315977 -13.69 0.0756974 0.697866 0.712217 -10.4237
0.603413 0.543262 -0.583746 -27.1738 -0.793586 0.48088 -0.372794 -17.0964 0.0781866 0.688202 0.721294 -10.0858
0.715488 0.51791 -0.468878 -24.6955 -0.698625 0.531192 -0.479331 -20.3058 0.000813465 0.670525 0.741886 -9.62695
0.713213 0.483998 -0.507024 -21.8158 -0.698627 0.549643 -0.458053 -23.1118 0.0569858 0.68091 0.730147 -9.71342
0.861689 0.302133 -0.407685 -18.7964 -0.494317 0.681303 -0.539886 -25.9001 0.114639 0.66674 0.736421 -9.42332
0.875875 0.356488 -0.325208 -15.2311 -0.482298 0.668039 -0.566668 -27.8443 0.0152414 0.653177 0.757052 -8.98869
0.948727 0.219002 -0.227935 -11.7563 -0.313781 0.739602 -0.595424 -29.6582 0.038182 0.636417 0.7704 -8.87931
0.984948 0.103704 -0.138288 -7.90434 -0.167234 0.774037 -0.610655 -30.7271 0.0437128 0.62459 0.779728 -8.76205
0.996242 0.0702417 -0.0506709 -3.74658 -0.0865676 0.789075 -0.608166 -31.3089 -0.00273554 0.610267 0.792191 -8.88473
0.998399 0.0564383 0.00382076 0.377634 -0.0424757 0.792579 -0.608288 -31.4412 -0.037359 0.607152 0.793707 -8.69543
0.99277 -0.100418 0.0657555 4.45979 0.119482 0.774376 -0.621342 -31.5234 0.0114745 0.624706 0.780776 -8.77424
0.950136 -0.239231 0.200024 8.69568 0.311819 0.735338 -0.601704 -30.7976 -0.00313915 0.634072 0.773268 -8.77808
0.878995 -0.300684 0.370077 12.444 0.46763 0.69532 -0.545758 -29.3764 -0.0932215 0.652778 0.751792 -8.80429
0.859406 -0.25998 0.440264 16.0701 0.474052 0.727768 -0.495608 -27.3085 -0.191562 0.634637 0.748692 -9.0014
0.748143 -0.413624 0.518841 19.3809 0.650237 0.612789 -0.449089 -25.1595 -0.132186 0.673353 0.727408 -9.81368
0.684259 -0.466479 0.560523 22.3473 0.718922 0.560352 -0.411287 -22.1731 -0.122234 0.684399 0.718788 -10.6369
0.626276 -0.513413 0.586673 25.1135 0.773288 0.504675 -0.383835 -19.1833 -0.0990131 0.694053 0.713082 -11.2337
0.526797 -0.551398 0.646873 27.3766 0.846486 0.409369 -0.340409 -15.8003 -0.0771085 0.726896 0.682405 -11.6358
0.41923 -0.570433 0.706295 29.329 0.902717 0.344759 -0.257378 -12.0739 -0.0966847 0.745485 0.659473 -11.9373
0.269535 -0.599047 0.753985 30.9898 0.95249 0.28115 -0.117121 -8.3043 -0.141822 0.749731 0.646367 -12.2388
0.138379 -0.635954 0.759219 31.9003 0.980422 0.196395 -0.0141877 -4.33639 -0.140084 0.746319 0.65068 -12.8967
-0.0325488 -0.675836 0.736333 32.3108 0.992713 0.063664 0.102315 -0.17197 -0.116026 0.734298 0.668838 -13.55
-0.113855 -0.676492 0.727596 32.012 0.986203 0.0116277 0.165133 3.93262 -0.120171 0.736358 0.665834 -13.9748
-0.20454 -0.665635 0.7177 31.2853 0.973083 -0.0587387 0.222845 7.96312 -0.106176 0.743962 0.659732 -14.6817
-0.374156 -0.612079 0.696683 30.1705 0.927267 -0.235947 0.290698 11.7971 -0.0135505 0.754777 0.655841 -15.0776
-0.393977 -0.612826 0.685 28.4259 0.916747 -0.208482 0.340751 15.665 -0.0660109 0.76222 0.643944 -15.226
-0.593499 -0.512449 0.620608 26.5779 0.804823 -0.373846 0.460976 19.3843 -0.00421504 0.773069 0.634308 -15.5835
-0.635308 -0.531533 0.560229 23.8559 0.770156 -0.382583 0.510382 22.5 -0.0569511 0.755713 0.652422 -15.6486
-0.747112 -0.444727 0.494005 20.863 0.664588 -0.486248 0.56735 25.6566 -0.0121069 0.752184 0.658842 -16.0719
-0.809377 -0.384215 0.444172 17.5583 0.586962 -0.554463 0.589955 28.3753 0.0196073 0.738207 0.674289 -16.2022
-0.864907 -0.269844 0.423226 14.0815 0.49182 -0.624016 0.607221 30.5993 0.100245 0.733341 0.67243 -16.1565
-0.916808 -0.193353 0.349396 10.3437 0.384429 -0.664125 0.641212 32.4236 0.108062 0.722186 0.683206 -15.8403
-0.957592 -0.121467 0.261274 6.39457 0.26945 -0.698705 0.662727 33.8916 0.102054 0.705022 0.701804 -15.5086
-0.984597 0.0236696 0.173232 2.53317 0.0987084 -0.742542 0.662486 34.7651 0.144313 0.669381 0.728768 -15.2656
-0.995465 -0.0542017 0.0781787 -1.61011 0.091021 -0.781602 0.617101 35.0559 0.0276568 0.621418 0.782991 -14.771
-0.988538 0.149768 -0.0190412 -6.07803 -0.132998 -0.804192 0.579299 35.2664 0.0714479 0.575191 0.814893 -14.7685
-0.971221 0.202435 -0.125502 -10.1263 -0.238068 -0.808791 0.537755 34.4801 0.00735527 0.552156 0.833708 -14.4952
-0.90461 0.362893 -0.223585 -14.3549 -0.425815 -0.745941 0.512107 33.1604 0.0190591 0.558463 0.829311 -14.6275
-0.831304 0.436133 -0.34456 -18.2938 -0.554795 -0.688693 0.466803 31.1156 -0.0337077 0.579215 0.814478 -14.643
-0.809748 0.429624 -0.399664 -21.6661 -0.57934 -0.693464 0.428336 28.5256 -0.0931288 0.578386 0.81043 -14.9518
