0.999977 -0.00400555 -0.00543505 -0.000246827 0.00405464 0.999951 0.00905075 -0.000574791 0.00539853 -0.00907258 0.999944 -0.0014974
0.979658 -0.200676 -0.00017141 0.346213 0.200228 0.97741 0.0676678 -0.082421 -0.0134118 -0.0663256 0.997708 0.0523487
0.877373 -0.479784 0.00493691 0.556311 0.476228 0.872033 0.112983 0.0248328 -0.0585125 -0.0967771 0.993585 -0.0207516
0.829167 -0.558321 -0.0275521 0.682266 0.556163 0.818996 0.141167 0.0155722 -0.0562514 -0.132374 0.989602 -0.233769
0.732861 -0.677167 -0.0660218 0.792071 0.677667 0.717841 0.159598 0.0999335 -0.0606812 -0.161704 0.984972 -0.375367
0.695808 -0.714484 -0.0732316 1.06424 0.71633 0.682947 0.143022 0.238283 -0.0521738 -0.151974 0.987006 -0.443914
0.54103 -0.837413 -0.077625 1.1934 0.837645 0.52833 0.138628 0.369969 -0.0750774 -0.140024 0.987298 -0.454129
0.422001 -0.900734 -0.10292 1.4657 0.897627 0.399197 0.186836 0.472795 -0.127204 -0.171228 0.976985 -0.544861
0.298078 -0.954527 -0.00520093 1.71336 0.932341 0.289973 0.216001 0.737262 -0.20467 -0.0692342 0.976379 -0.392376
0.180775 -0.983373 0.0172853 1.89907 0.948241 0.178928 0.262343 0.957675 -0.261073 -0.0310343 0.96482 -0.466337
0.0682861 -0.997467 0.0199087 2.05262 0.957046 0.0711289 0.281076 1.32026 -0.28178 -0.000140086 0.959479 -0.660524
0.0639883 -0.997827 -0.0157282 2.06573 0.9487 0.0559329 0.31119 1.70624 -0.309634 -0.0348339 0.950218 -0.83303
-0.00959661 -0.999502 -0.0300515 2.06777 0.9354 -0.019596 0.353048 2.24708 -0.353461 -0.0247221 0.935123 -1.03822
-0.237975 -0.970319 0.0430023 2.04455 0.889895 -0.200083 0.409943 2.34546 -0.389172 0.135824 0.911097 -0.996841
-0.412698 -0.907444 -0.0788995 2.00123 0.802132 -0.403108 0.440554 2.7343 -0.431583 0.118528 0.894252 -1.13444
-0.533423 -0.844994 -0.0380057 1.77553 0.724492 -0.479619 0.495053 2.92555 -0.436545 0.236538 0.868031 -1.35814
-0.589227 -0.805953 -0.0570208 1.71608 0.672339 -0.528232 0.518585 3.347 -0.448076 0.267227 0.853122 -1.59861
-0.617575 -0.785786 -0.0337876 1.45108 0.651233 -0.534968 0.538242 3.6703 -0.441019 0.310401 0.842113 -1.86266
-0.707413 -0.704143 -0.0612284 1.00662 0.579101 -0.627091 0.520959 3.95298 -0.405226 0.333076 0.851383 -1.97262
-0.823221 -0.565009 -0.0554257 0.752498 0.463063 -0.724738 0.510223 4.09034 -0.32845 0.394361 0.858254 -2.08935
-0.898093 -0.438705 -0.0310994 0.472411 0.356894 -0.768285 0.53138 4.33897 -0.257012 0.46613 0.846562 -2.28276
-0.937087 -0.345849 -0.0475002 -0.0773409 0.256372 -0.774137 0.578779 4.45086 -0.236942 0.530189 0.8141 -2.21467
-0.971177 -0.229959 -0.062715 -0.445125 0.163076 -0.832929 0.528806 4.6313 -0.173841 0.503337 0.846422 -2.41222
-0.993133 -0.0960219 -0.0668352 -0.842068 0.0466776 -0.849057 0.526235 4.83238 -0.107277 0.519501 0.847709 -2.44259
-0.998308 -0.0379654 -0.0440372 -1.26632 0.00732297 -0.833459 0.552533 4.84702 -0.0576803 0.551276 0.832327 -2.51027
-0.991474 0.119468 -0.0520189 -1.76201 -0.128025 -0.818845 0.559555 4.83314 0.0242538 0.561444 0.827159 -2.49467
-0.971078 0.233915 -0.0478679 -2.16316 -0.213845 -0.762907 0.610117 4.83997 0.106196 0.602707 0.790864 -2.47751
-0.916349 0.400226 -0.0110973 -2.71998 -0.319168 -0.713464 0.62378 4.79811 0.241736 0.575142 0.781521 -2.48839
-0.842129 0.534813 0.0692325 -3.07186 -0.415374 -0.725152 0.549199 4.54068 0.343923 0.433739 0.832819 -2.48667
-0.768674 0.635264 0.0746936 -3.33422 -0.486676 -0.656628 0.576183 4.36357 0.415074 0.406545 0.813901 -2.27761
-0.62097 0.78098 0.0668293 -3.71146 -0.591614 -0.522912 0.613641 4.09851 0.514187 0.341516 0.786752 -2.20657
-0.534158 0.839508 0.0995016 -4.04423 -0.636234 -0.476715 0.606588 3.85669 0.556669 0.260707 0.788765 -1.98781
-0.456639 0.877012 0.149435 -4.30455 -0.675594 -0.451128 0.583143 3.66048 0.578838 0.165328 0.798507 -1.8351
-0.389187 0.9062 0.165333 -4.73827 -0.705604 -0.408656 0.578899 3.21209 0.592162 0.10864 0.798462 -1.41487
-0.239832 0.94959 0.20189 -4.78947 -0.749473 -0.313286 0.583217 2.80649 0.617066 -0.0114369 0.786828 -1.13607
-0.0965255 0.968168 0.230942 -4.87456 -0.813159 -0.21051 0.542641 2.36071 0.573983 -0.135414 0.807593 -1.0589
-0.0503658 0.963557 0.262717 -5.00066 -0.862189 -0.174715 0.475505 1.81337 0.504077 -0.202563 0.839568 -0.860329
0.0612866 0.968243 0.242383 -4.9438 -0.893903 -0.054792 0.4449 1.49317 0.444052 -0.243933 0.862157 -0.633138
0.253665 0.927258 0.275402 -5.02898 -0.916908 0.13981 0.373809 1.06309 0.308114 -0.34734 0.885675 -0.495314
0.316976 0.92007 0.230211 -4.76651 -0.908815 0.225229 0.351181 0.494537 0.271261 -0.320535 0.907565 -0.199443
0.369819 0.910406 0.185459 -4.49089 -0.891083 0.29103 0.348242 -0.119164 0.263068 -0.294046 0.918876 -0.0669543
0.494192 0.846307 0.198841 -4.24069 -0.838538 0.403684 0.365914 -0.638988 0.229406 -0.347568 0.909159 0.064668
0.643168 0.737347 0.206532 -3.78665 -0.747719 0.54662 0.376991 -1.2009 0.165079 -0.396897 0.902896 0.0827567
0.695255 0.68333 0.22289 -3.31618 -0.707407 0.595635 0.380519 -1.50838 0.127259 -0.422232 0.897511 0.0949962
0.826365 0.541152 0.155805 -2.98666 -0.561301 0.769211 0.305377 -1.92834 0.0454079 -0.339806 0.939399 0.0941557
0.899758 0.400049 0.174346 -2.79285 -0.435335 0.850596 0.294906 -2.33153 -0.0303215 -0.341243 0.939486 -0.0476965
0.940257 0.321178 0.112965 -2.3121 -0.340028 0.902652 0.263817 -2.62988 -0.0172361 -0.286467 0.957935 0.0268854
0.983143 0.172023 0.061949 -1.78901 -0.182579 0.941697 0.282617 -2.94183 -0.00972056 -0.289164 0.95723 0.0120872
0.999529 -0.0305592 0.00264603 -1.1727 0.0285322 0.957951 0.285509 -3.05979 -0.0112597 -0.285299 0.958372 0.0713674
0.993268 -0.114634 -0.0166907 -0.63375 0.115698 0.974475 0.192387 -3.08903 -0.00578956 -0.193023 0.981177 0.114959
0.990524 -0.134811 -0.0262523 0.1375 0.137239 0.97896 0.151004 -2.99897 0.00534299 -0.153176 0.988185 -0.00230321
0.922971 -0.384837 0.00497419 0.82506 0.382022 0.917636 0.109562 -3.02926 -0.0467281 -0.0992224 0.993968 0.174473
0.909237 -0.415482 0.0257208 1.77668 0.414191 0.90913 0.0439249 -2.70608 -0.0416336 -0.0292848 0.998704 0.181402
0.860232 -0.509855 -0.00695583 2.27667 0.50686 0.85353 0.120748 -2.48175 -0.0556271 -0.107397 0.992659 0.0251208
0.793649 -0.607835 -0.0256424 2.79733 0.605213 0.78453 0.13502 -2.12042 -0.0619524 -0.122677 0.990511 0.0242867
0.68232 -0.731045 0.00364226 3.31796 0.729381 0.681087 0.0642252 -1.79485 -0.0494322 -0.0411655 0.997929 -0.0580831
0.593113 -0.804842 -0.0211143 3.8347 0.803495 0.590049 0.0789773 -1.26453 -0.0511058 -0.0638077 0.996653 -0.193976
0.51356 -0.856837 0.0456847 4.31906 0.852702 0.51557 0.084187 -0.692449 -0.0956881 -0.00427967 0.995402 -0.122326
0.408033 -0.911409 0.0533113 4.61965 0.890656 0.410213 0.196106 -0.148564 -0.200602 -0.0325357 0.979132 -0.236861
0.293599 -0.953538 0.0675595 4.85456 0.918457 0.300979 0.256611 0.507878 -0.265022 -0.0132904 0.964151 -0.45337
0.144628 -0.98433 0.100884 5.15529 0.94996 0.166656 0.264202 1.1661 -0.276874 0.0576246 0.959177 -0.70946
0.00787111 -0.999179 0.0397299 5.14299 0.953377 0.0194848 0.301152 1.62675 -0.301679 0.0355071 0.952748 -0.924134
-0.0684275 -0.993882 0.0866907 5.1119 0.938356 -0.0346053 0.343933 2.4167 -0.338829 0.104881 0.934984 -1.14417
-0.127313 -0.986887 0.0992271 5.05147 0.909093 -0.0760954 0.409584 3.06835 -0.396662 0.142352 0.90686 -1.48384
-0.299967 -0.951603 0.066876 4.86266 0.846354 -0.233135 0.478888 3.68403 -0.44012 0.200251 0.875325 -1.68412
-0.32943 -0.942831 0.0504501 4.46656 0.822124 -0.260158 0.50639 4.37794 -0.464315 0.208296 0.860828 -2.09095
-0.47959 -0.876835 0.0339821 4.0234 0.74722 -0.387779 0.539713 4.84198 -0.460061 0.284233 0.841163 -2.43169
-0.655347 -0.754063 0.0437023 3.77433 0.63631 -0.519983 0.569848 5.32909 -0.406977 0.401257 0.820587 -2.76333
-0.732658 -0.679488 0.0388437 3.10164 0.577353 -0.590283 0.564118 5.85214 -0.360382 0.435732 0.82478 -2.99123
-0.828001 -0.55904 0.043461 2.37567 0.482957 -0.671636 0.561835 6.18302 -0.284898 0.486189 0.826107 -3.37868
-0.894154 -0.44775 0.00296795 1.76267 0.37421 -0.743623 0.554069 6.47066 -0.245877 0.496534 0.832465 -3.68873
-0.939498 -0.337556 -0.0583088 1.06044 0.25594 -0.804837 0.535473 6.77709 -0.227682 0.488152 0.842537 -3.89411
-0.97458 -0.214452 -0.0648434 0.31082 0.143535 -0.819884 0.554245 7.08942 -0.172023 0.530849 0.829824 -4.08571
-0.987337 -0.149612 -0.0527455 -0.661944 0.0895172 -0.799942 0.593363 7.32605 -0.130968 0.581128 0.803205 -4.14092
-0.98723 0.158957 -0.0104718 -1.26742 -0.133844 -0.792019 0.595643 7.34594 0.0863879 0.589439 0.803181 -4.23286
-0.987019 0.157755 -0.0301095 -2.14614 -0.143342 -0.780766 0.60816 7.2654 0.0724317 0.604581 0.793243 -4.34597
-0.961267 0.270542 -0.0526583 -2.95356 -0.24074 -0.731124 0.638359 7.17846 0.134203 0.62631 0.767936 -4.34312
-0.912764 0.408475 -0.00315788 -3.88088 -0.317065 -0.703586 0.635953 7.00169 0.257549 0.581476 0.771722 -4.06919
-0.865924 0.499254 0.0303564 -4.60853 -0.344448 -0.639229 0.687563 6.78143 0.362673 0.584921 0.72549 -3.86653
-0.798751 0.596723 0.0769338 -5.30753 -0.399508 -0.621634 0.673768 6.38565 0.449878 0.507437 0.734927 -3.70602
-0.694474 0.714399 0.0856709 -6.00332 -0.508251 -0.571351 0.64439 5.85892 0.5093 0.40397 0.759883 -3.34504
-0.595923 0.799388 0.0765178 -6.59416 -0.576375 -0.492119 0.652388 5.32123 0.559167 0.34467 0.754012 -2.86287
-0.438975 0.888043 0.136675 -7.0066 -0.656475 -0.420857 0.626036 4.97968 0.613467 0.18509 0.767723 -2.44716
-0.289045 0.949981 0.118271 -7.33103 -0.739527 -0.30003 0.602563 4.4933 0.607908 0.0867036 0.789259 -1.8661
-0.200067 0.972616 0.118284 -7.64034 -0.781594 -0.231231 0.579347 3.72639 0.590834 0.0234579 0.806452 -1.27682
-0.141673 0.977835 0.154167 -7.86256 -0.82109 -0.203068 0.533455 3.02295 0.552938 -0.0510088 0.83166 -0.682027
0.0130865 0.992592 0.120792 -7.99094 -0.862643 -0.0498809 0.503348 2.28322 0.505644 -0.110787 0.855599 -0.305134
0.129414 0.984907 0.114937 -7.99523 -0.917294 0.0748887 0.391105 1.66818 0.376595 -0.156046 0.913141 0.185898
0.271966 0.949774 0.154801 -7.77292 -0.916908 0.206933 0.34126 0.632879 0.292087 -0.234749 0.927134 0.398215
0.321643 0.938358 0.12661 -7.45691 -0.920551 0.278595 0.273807 -0.179444 0.221656 -0.204619 0.953415 0.727494
0.420738 0.890727 0.172002 -7.12563 -0.887815 0.365319 0.279869 -1.01488 0.186451 -0.270457 0.944505 0.889187
0.59268 0.790785 0.152937 -6.78445 -0.793596 0.5409 0.278628 -1.91299 0.137611 -0.286507 0.948144 0.992124
0.640545 0.762104 0.0943426 -6.14921 -0.753518 0.600087 0.268526 -2.90566 0.148031 -0.243092 0.958641 1.03644
0.731364 0.663553 0.157497 -5.38084 -0.676498 0.676624 0.29074 -3.53304 0.0863549 -0.319183 0.943751 1.14034
0.778877 0.589774 0.21335 -4.72636 -0.62712 0.727755 0.277658 -4.25394 0.00848876 -0.350057 0.93669 1.00204
0.871627 0.459423 0.170869 -4.02481 -0.487563 0.848509 0.205705 -4.88788 -0.0504787 -0.262608 0.963581 0.978002
0.928949 0.340781 0.144642 -3.16854 -0.364214 0.911286 0.192108 -5.37155 -0.0663436 -0.231139 0.970656 0.817239
0.968153 0.232211 0.0935841 -2.12037 -0.246768 0.948177 0.200162 -5.83584 -0.0422544 -0.216881 0.975283 0.776961
0.996545 0.0747288 0.0362536 -1.19813 -0.0800124 0.980844 0.177601 -6.00403 -0.0222872 -0.179888 0.983435 0.610196
0.999422 -0.0209728 0.0267644 -0.227842 0.0169667 0.989722 0.141994 -6.0873 -0.0294673 -0.141458 0.989506 0.635221
0.986856 -0.160668 -0.0173399 0.824301 0.161572 0.978968 0.124567 -5.95644 -0.00303862 -0.125731 0.99206 0.524925
0.960185 -0.279355 0.0022525 1.95423 0.275315 0.947605 0.162008 -5.78967 -0.0473922 -0.154937 0.986787 0.352339
0.913079 -0.4009 0.0746131 2.89296 0.394301 0.914645 0.0891659 -5.51474 -0.103991 -0.0519955 0.993218 0.406719
0.880404 -0.470163 0.061932 3.84332 0.466083 0.881974 0.0699205 -5.12244 -0.0874964 -0.0326928 0.995628 0.167823
0.799665 -0.599421 0.0350889 4.7154 0.59723 0.800062 0.0567133 -4.51905 -0.0620684 -0.0243955 0.997774 0.31175
0.762191 -0.647188 0.0146072 5.53672 0.644891 0.761065 0.0699615 -3.82914 -0.0563953 -0.043904 0.997443 0.040565
0.668456 -0.743373 0.0237115 6.23249 0.739275 0.667588 0.0883133 -3.09939 -0.0814792 -0.0415043 0.99581 -0.149181
0.528959 -0.844861 0.080081 6.85276 0.837314 0.534936 0.112912 -2.28615 -0.138233 0.00732697 0.990373 -0.264486
0.438074 -0.891982 0.111623 7.29933 0.880255 0.450834 0.147988 -1.42024 -0.182326 0.0334272 0.98267 -0.473338
0.256518 -0.954734 0.150603 7.7794 0.944375 0.280751 0.171272 -0.507657 -0.205801 0.0982912 0.973645 -0.668688
0.183269 -0.972789 0.141752 8.11012 0.951474 0.211786 0.223257 0.612654 -0.247203 0.0939572 0.964398 -0.924072
-0.0389336 -0.987036 0.155707 8.21837 0.955891 0.00861015 0.293595 1.49171 -0.291129 0.16027 0.943163 -1.17743
-0.144349 -0.973265 0.17866 8.24879 0.94085 -0.079061 0.329471 2.36057 -0.306537 0.215651 0.927108 -1.64313
-0.295892 -0.94386 0.146885 8.12927 0.887655 -0.214888 0.407298 3.37106 -0.352868 0.2509 0.901406 -2.01212
-0.391868 -0.897693 0.201461 7.80895 0.84452 -0.264105 0.46587 4.39521 -0.365002 0.352698 0.861614 -2.37324
-0.508925 -0.856134 0.0896086 7.30152 0.775976 -0.411214 0.478293 5.25644 -0.372635 0.312949 0.873617 -2.92414
-0.627475 -0.776579 0.0565642 6.70521 0.68128 -0.512395 0.522789 6.00831 -0.377004 0.366573 0.850583 -3.45952
-0.685427 -0.728049 0.0116236 6.10703 0.606231 -0.561753 0.562954 6.89055 -0.403328 0.39291 0.826407 -3.99224
-0.762322 -0.645521 0.0465637 5.20709 0.538076 -0.592167 0.599844 7.56 -0.359639 0.482329 0.798761 -4.38151
-0.787201 -0.616075 0.0276967 4.15281 0.512159 -0.628083 0.585837 8.12854 -0.343523 0.475356 0.809956 -4.86082
-0.871921 -0.48708 -0.0500609 3.20738 0.379492 -0.736835 0.559518 8.73659 -0.309417 0.468858 0.827305 -5.2537
-0.931917 -0.359744 -0.0459906 2.11909 0.26397 -0.759776 0.594189 9.18589 -0.248699 0.541594 0.80301 -5.59165
-0.980375 -0.189077 -0.0558061 0.928759 0.11919 -0.793964 0.596166 9.58298 -0.157029 0.577815 0.800919 -5.85122
-0.988909 -0.117309 -0.0910895 -0.223643 0.0331899 -0.772346 0.634334 9.66269 -0.144766 0.624276 0.767673 -5.9064
-0.99928 0.0143388 -0.0351282 -1.62931 -0.0347821 -0.716093 0.697138 9.70184 -0.0151589 0.697858 0.716076 -5.99886
-0.986448 0.138158 -0.0885034 -2.75809 -0.162583 -0.750496 0.640564 9.66406 0.0220777 0.646273 0.762787 -6.09372
-0.936312 0.339482 -0.0898481 -3.86408 -0.305098 -0.659709 0.686804 9.5031 0.173884 0.670475 0.721268 -6.19843
-0.904336 0.425542 -0.0330303 -5.08334 -0.338096 -0.666964 0.663965 9.10805 0.260515 0.611615 0.747033 -5.95707
-0.805914 0.591132 -0.0326471 -6.14667 -0.443634 -0.566469 0.69448 8.75756 0.392036 0.574174 0.718771 -5.72973
-0.786124 0.61805 -0.00478148 -7.15048 -0.443858 -0.559145 0.700248 8.26157 0.430115 0.552604 0.713884 -5.20307
-0.652556 0.757139 0.0302041 -8.0657 -0.528097 -0.483014 0.698435 7.68631 0.543401 0.439817 0.715036 -4.6385
-0.586328 0.80891 0.0434123 -8.92947 -0.547102 -0.434943 0.715195 6.7959 0.59741 0.395588 0.697575 -3.90452
-0.477697 0.871481 0.111026 -9.6024 -0.607288 -0.418886 0.675083 6.19403 0.634829 0.25506 0.72934 -3.17752
-0.371437 0.92822 0.0210377 -10.2187 -0.65554 -0.278232 0.702036 5.38116 0.657497 0.246971 0.711831 -2.30316
-0.262667 0.964887 -0.000118825 -10.7436 -0.77022 -0.209599 0.602353 4.55436 0.581177 0.15831 0.79823 -1.39672
-0.0907645 0.994353 -0.0549888 -10.9282 -0.837125 -0.0462708 0.545052 3.58126 0.539429 0.0955038 0.836597 -0.743083
-0.00117442 0.999031 0.0439894 -11.0478 -0.866294 -0.0229906 0.499004 2.40218 0.499532 -0.0375218 0.865482 0.0149888
0.133418 0.991059 0.00105971 -10.9151 -0.916659 0.122995 0.380273 1.43869 0.376743 -0.0517065 0.924874 0.630528
0.310109 0.947793 0.0743015 -10.775 -0.91245 0.274775 0.303204 0.0745437 0.266958 -0.161823 0.950025 1.00705
0.415122 0.905166 0.0913667 -10.4176 -0.898512 0.392166 0.197184 -1.06909 0.142653 -0.163949 0.9761 1.26229
0.508094 0.856072 0.0947713 -9.83882 -0.857311 0.49209 0.151212 -2.32767 0.0828127 -0.158079 0.983948 1.49923
0.595154 0.796058 0.109925 -9.22996 -0.796174 0.565537 0.215117 -3.56575 0.109079 -0.215547 0.970382 1.61749
0.682124 0.729867 0.0447362 -8.4478 -0.72643 0.669367 0.155715 -4.64129 0.0837066 -0.138715 0.986788 1.80259
0.760419 0.638066 0.120975 -7.47356 -0.648259 0.756954 0.0823479 -5.64959 -0.0390291 -0.141042 0.989234 1.99129
0.838948 0.505324 0.202027 -6.48516 -0.531308 0.840888 0.103051 -6.63106 -0.117808 -0.193793 0.973943 1.88985
0.86545 0.467922 0.179015 -5.3102 -0.486393 0.870396 0.0763693 -7.36628 -0.120079 -0.153165 0.980878 1.68722
0.922556 0.333414 0.19423 -4.20928 -0.3625 0.921385 0.140159 -8.15952 -0.13223 -0.199713 0.970891 1.52606
0.947759 0.280517 0.151867 -2.78189 -0.299701 0.946099 0.122783 -8.67343 -0.109239 -0.161884 0.980745 1.3072
0.988419 0.12909 0.0797784 -1.60257 -0.134725 0.98842 0.0698149 -9.04503 -0.0698422 -0.0797545 0.994365 1.15538
0.997003 0.0301067 0.0712579 -0.224185 -0.0365494 0.995188 0.0909096 -9.14807 -0.068178 -0.0932416 0.993306 0.95475
0.990897 -0.122062 0.0567875 1.24433 0.116902 0.989351 0.0867102 -9.01186 -0.0667668 -0.0792823 0.994614 0.774111
0.972197 -0.226586 0.0590971 2.6419 0.220336 0.970615 0.0967423 -8.81061 -0.079281 -0.0810313 0.993553 0.643132
0.932389 -0.349409 0.0925392 4.00524 0.342246 0.935765 0.0849207 -8.2324 -0.116267 -0.0475079 0.992081 0.454128
0.855929 -0.503492 0.117816 5.28275 0.502736 0.863593 0.0382424 -7.72477 -0.121 0.0264976 0.992299 0.306047
0.784658 -0.61013 0.109788 6.47603 0.606675 0.792169 0.0664379 -6.96522 -0.127506 0.0144744 0.991732 0.211842
0.722773 -0.685173 0.090211 7.54369 0.683886 0.727916 0.0493749 -5.99636 -0.0994964 0.0260072 0.994698 0.00146836
0.612565 -0.787681 0.0657479 8.49349 0.780102 0.61587 0.110208 -5.09923 -0.127301 -0.0162193 0.991732 -0.185298
0.426931 -0.893503 0.139216 9.43138 0.887974 0.443341 0.122275 -4.06595 -0.170973 0.0714175 0.982684 -0.439046
0.420055 -0.891446 0.169933 10.0189 0.883282 0.444584 0.148856 -2.70028 -0.208247 0.0875712 0.974148 -0.673779
0.291525 -0.938063 0.187221 10.5996 0.913432 0.331105 0.236666 -1.35349 -0.283997 0.102019 0.953382 -1.08568
0.165261 -0.95725 0.237405 11.0743 0.936108 0.228023 0.267782 -0.0409059 -0.310468 0.177983 0.933773 -1.26728
-0.00488475 -0.970335 0.241713 11.2206 0.943321 0.0757422 0.323123 1.3193 -0.331846 0.229592 0.914968 -1.67178
-0.0993078 -0.978705 0.179654 11.1374 0.917946 -0.0204187 0.39618 2.59453 -0.384075 0.204256 0.900425 -2.27786
-0.274656 -0.946633 0.168672 11.0638 0.864366 -0.166223 0.474596 3.94141 -0.421231 0.276145 0.863891 -2.90452
-0.402176 -0.898178 0.17757 10.5413 0.807872 -0.256873 0.530432 5.20602 -0.430809 0.356781 0.828921 -3.3836
-0.531906 -0.840852 0.100215 9.92442 0.748371 -0.411395 0.520283 6.44512 -0.396253 0.35174 0.848093 -4.04023
-0.621794 -0.773009 0.125811 9.19161 0.684266 -0.458061 0.567415 7.47855 -0.380988 0.438904 0.813764 -4.72794
-0.701238 -0.707171 0.0904191 8.25081 0.631761 -0.557612 0.538467 8.4815 -0.330369 0.434716 0.837782 -5.35615
-0.828537 -0.555371 0.0713382 7.14607 0.486703 -0.651315 0.582159 9.32916 -0.276851 0.517061 0.809939 -6.041
-0.818737 -0.57412 0.00746297 5.95022 0.467795 -0.659461 0.588455 10.1959 -0.332922 0.485281 0.808495 -6.41347
-0.889389 -0.456817 0.0174903 4.60184 0.370464 -0.697793 0.613059 10.8924 -0.267851 0.551727 0.789844 -6.81762
-0.952164 -0.305483 -0.00803245 3.2019 0.230642 -0.73564 0.636897 11.4175 -0.20047 0.604578 0.770907 -7.31483
-0.968432 -0.247238 -0.0318328 1.60555 0.169003 -0.745061 0.64523 11.824 -0.183243 0.619482 0.763325 -7.70653
-0.998693 0.0129985 -0.0494387 0.0887636 -0.0436035 -0.721397 0.691147 12.0967 -0.0266811 0.692399 0.721021 -8.03846
-0.993529 0.0316071 -0.109094 -1.60756 -0.0998912 -0.700302 0.706824 11.8534 -0.0540581 0.713147 0.698927 -8.13851
-0.993812 0.0390288 -0.103993 -3.20524 -0.100877 -0.709021 0.697935 11.7565 -0.0464938 0.704107 0.70857 -8.24802
-0.921259 0.36787 -0.126308 -4.89909 -0.346601 -0.629101 0.695773 11.5419 0.176493 0.684766 0.707069 -8.35859
-0.934847 0.343065 -0.0914689 -6.32361 -0.303831 -0.639688 0.706035 11.0042 0.183705 0.687826 0.702245 -7.93149
-0.882914 0.464737 -0.0669469 -7.90032 -0.36567 -0.591144 0.718912 10.5141 0.294529 0.659218 0.69187 -7.57667
-0.726812 0.685433 -0.0438897 -9.0564 -0.496892 -0.480622 0.722566 9.83768 0.474176 0.546978 0.689907 -6.99212
-0.603971 0.796977 -0.0068549 -10.4173 -0.541237 -0.40382 0.737559 8.98555 0.585049 0.449174 0.675248 -6.12079
-0.547893 0.836479 0.0107747 -11.393 -0.561399 -0.377203 0.736579 8.1361 0.620198 0.397518 0.676265 -5.18406
-0.558134 0.828573 0.0441895 -12.3568 -0.543247 -0.405153 0.735346 7.2171 0.627191 0.386416 0.67625 -4.00875
-0.3743 0.927116 -0.0188623 -13.2673 -0.669829 -0.256249 0.696898 6.16659 0.641271 0.273484 0.716923 -3.03644
-0.19417 0.979877 -0.0462509 -13.7081 -0.772008 -0.12355 0.623489 5.12894 0.605228 0.156769 0.780463 -1.98512
-0.0139097 0.997616 -0.0675924 -13.9989 -0.861725 0.0223285 0.506884 3.80223 0.507185 0.0652967 0.85936 -0.955762
-0.0895743 0.995555 -0.0291087 -14.0359 -0.878666 -0.0652285 0.472961 2.30947 0.468959 0.0679419 0.880603 -0.0289954
0.166237 0.984711 -0.0520596 -13.9746 -0.916645 0.173776 0.359951 0.921268 0.363494 -0.0121169 0.931518 0.623442
0.406584 0.91353 -0.012319 -13.8399 -0.877877 0.394379 0.271657 -0.701285 0.253025 -0.0996368 0.962315 1.34084
0.426213 0.904278 0.0249791 -13.1095 -0.888694 0.41339 0.198325 -2.12922 0.169014 -0.106727 0.979818 1.64884
0.485772 0.872942 0.0447052 -12.4642 -0.868775 0.476559 0.134619 -3.7839 0.0962095 -0.104233 0.989889 1.90424
0.620676 0.783146 0.037998 -11.5849 -0.778604 0.609916 0.147577 -5.31891 0.092399 -0.121183 0.98832 2.08464
0.639563 0.766347 0.0605943 -10.514 -0.768373 0.634838 0.081148 -6.6786 0.02372 -0.0984583 0.994858 2.13306
0.746108 0.655758 0.115344 -9.45171 -0.66213 0.748975 0.024921 -7.95676 -0.0700477 -0.0949666 0.993013 2.31919
0.820375 0.552865 0.146035 -8.02441 -0.563374 0.825195 0.0407862 -9.15716 -0.097958 -0.115732 0.988438 2.32914
0.754856 0.635731 0.161365 -6.69937 -0.64627 0.762906 0.0175918 -9.97864 -0.111923 -0.117565 0.986738 2.04505
0.963049 0.211858 0.166292 -5.28408 -0.224052 0.972841 0.058145 -11.0647 -0.149457 -0.0932545 0.984361 1.87462
0.942652 0.310984 0.121225 -3.69051 -0.320236 0.945051 0.0657876 -11.5891 -0.0941049 -0.100835 0.990443 1.67994
0.982065 0.163639 0.0936531 -2.0467 -0.167079 0.985484 0.0301017 -11.9731 -0.0873678 -0.0452093 0.99515 1.34103
0.993777 0.0816038 0.0758142 -0.28283 -0.0833333 0.996322 0.0199304 -12.1783 -0.0739089 -0.0261242 0.996923 1.11051
0.989186 -0.127197 0.0730233 1.66842 0.126226 0.991842 0.0177866 -12.0225 -0.07469 -0.00837688 0.997172 0.874852
0.961687 -0.261923 0.0809657 3.39214 0.261724 0.965052 0.0132459 -11.8289 -0.0816055 0.00845232 0.996629 0.698133
0.872507 -0.479094 0.0959192 5.16605 0.482806 0.875528 -0.0186701 -11.0772 -0.0750352 0.0626002 0.995214 0.547582
0.878257 -0.459564 0.132157 6.79809 0.465661 0.884784 -0.017826 -10.2621 -0.108738 0.077196 0.991069 0.248909
0.761337 -0.627314 0.163839 8.48577 0.63297 0.773872 0.0217144 -9.37079 -0.140412 0.0871728 0.986248 0.157808
0.710318 -0.686334 0.156185 9.59796 0.689956 0.722827 0.0384935 -8.28511 -0.139314 0.080418 0.986978 -0.105386
0.638498 -0.754192 0.153345 10.9589 0.757085 0.651321 0.051023 -6.93766 -0.138358 0.0835174 0.986855 -0.287082
0.435368 -0.876959 0.203465 12.187 0.880646 0.461778 0.10594 -5.46493 -0.186861 0.133058 0.973334 -0.598641
0.439108 -0.868721 0.229146 12.8387 0.864954 0.477741 0.153682 -4.00691 -0.242979 0.130718 0.961184 -1.03467
0.191797 -0.950744 0.243517 13.4697 0.954052 0.238817 0.180973 -2.38711 -0.230215 0.197618 0.952863 -1.43221
0.164274 -0.951979 0.25836 13.895 0.939832 0.23059 0.252079 -0.755726 -0.29955 0.201405 0.93258 -1.98114
-0.0591093 -0.964684 0.256692 14.2395 0.948732 0.0256956 0.315036 0.868077 -0.310506 0.262153 0.913708 -2.52149
-0.0925079 -0.966496 0.239433 14.1167 0.92751 0.00382058 0.373778 2.63913 -0.36217 0.256654 0.896082 -2.95466
-0.32167 -0.919658 0.225296 13.8733 0.87109 -0.19417 0.451109 4.46601 -0.37112 0.341361 0.863564 -3.78005
-0.411601 -0.888512 0.202811 13.2943 0.801499 -0.24698 0.544611 6.04085 -0.433803 0.386715 0.813798 -4.38501
-0.401522 -0.899478 0.172395 12.4433 0.792488 -0.246876 0.557687 7.5054 -0.459067 0.360545 0.811951 -5.22407
-0.64226 -0.754907 0.132734 11.5988 0.650988 -0.445824 0.614374 8.86188 -0.404619 0.480996 0.77777 -6.12329
-0.681619 -0.724764 0.100559 10.2863 0.617306 -0.495807 0.610827 9.99041 -0.392848 0.478427 0.785352 -6.85168
-0.733447 -0.672068 0.101879 8.86882 0.573903 -0.531931 0.622644 11.2198 -0.364267 0.515145 0.775845 -7.62636
-0.864422 -0.493592 0.0956064 7.68797 0.441027 -0.653135 0.615557 12.1939 -0.24139 0.574266 0.782272 -8.22124
-0.907897 -0.414758 0.0608229 6.00953 0.353932 -0.680692 0.641397 13.0156 -0.224623 0.603849 0.764795 -8.6712
-0.912923 -0.405347 0.047595 4.09935 0.330298 -0.66528 0.669556 13.6582 -0.239739 0.626974 0.741235 -9.13083
-0.967946 -0.251157 -0.00112333 2.47787 0.183638 -0.71077 0.679031 14.1599 -0.171342 0.657059 0.734109 -9.47495
