0.999988 -0.00187688 -0.00461125 -4.27159e-05 0.00187387 0.999998 -0.000655941 -5.50918e-05 0.00461247 0.000647292 0.999989 -0.00182134
0.979359 -0.200505 0.0255608 0.346405 0.198584 0.978042 0.0632343 -0.0875579 -0.0376782 -0.0568531 0.997671 0.0470956
0.873959 -0.48341 0.050093 0.552293 0.475619 0.871927 0.116323 0.0160634 -0.0999092 -0.0778366 0.991947 -0.0431807
0.825824 -0.563217 0.028302 0.669298 0.553665 0.819306 0.148974 0.00393361 -0.107092 -0.107356 0.988436 -0.262278
0.728422 -0.685008 -0.0129025 0.770098 0.678207 0.718264 0.155348 0.0828429 -0.097147 -0.121909 0.987776 -0.41409
0.692263 -0.720906 -0.0326496 1.03647 0.71855 0.684402 0.123612 0.217963 -0.066767 -0.109032 0.991793 -0.502012
0.537394 -0.841779 -0.0511439 1.16607 0.841485 0.531221 0.0985208 0.345126 -0.055764 -0.0959814 0.99382 -0.517263
0.415741 -0.905316 -0.0869636 1.4373 0.906674 0.405048 0.117805 0.446419 -0.0714259 -0.127824 0.989222 -0.615804
0.291876 -0.956452 0.00264305 1.68783 0.949612 0.290117 0.118618 0.694074 -0.114219 -0.0321119 0.992936 -0.451994
0.178454 -0.983875 0.0120076 1.87333 0.974201 0.178386 0.138242 0.91583 -0.138155 -0.012972 0.990326 -0.515256
0.0678976 -0.997681 0.00469825 2.02535 0.989708 0.0679481 0.125942 1.29339 -0.12597 -0.0039013 0.992026 -0.672106
0.0662703 -0.997195 -0.0347787 2.03807 0.990664 0.0615947 0.121616 1.69557 -0.119133 -0.0425136 0.991968 -0.781519
-0.00399717 -0.998772 -0.0493874 2.03817 0.991363 -0.010432 0.130732 2.26314 -0.131087 -0.0484382 0.990187 -0.871477
-0.229468 -0.972894 0.0286847 2.01188 0.961731 -0.222104 0.160444 2.34622 -0.149724 0.0644036 0.986628 -0.811067
-0.401159 -0.912375 -0.0815069 1.97041 0.897792 -0.409279 0.162666 2.75355 -0.181771 -0.00792132 0.983309 -0.845292
-0.520824 -0.853452 -0.0190332 1.7462 0.837473 -0.515141 0.182398 3.00031 -0.165472 0.0790574 0.983041 -1.00775
-0.575562 -0.817686 -0.010825 1.69304 0.805271 -0.569028 0.166572 3.47571 -0.142364 0.0871558 0.98597 -1.09622
-0.599757 -0.799401 0.0353621 1.43211 0.794056 -0.589125 0.149689 3.87954 -0.0988289 0.117857 0.988101 -1.21187
-0.687021 -0.725281 0.0443734 1.0006 0.725847 -0.682145 0.0884566 4.19444 -0.0338868 0.0929799 0.995091 -1.17259
-0.796086 -0.596751 0.100677 0.749676 0.602303 -0.797469 0.0357065 4.37711 0.0589789 0.0890634 0.994278 -1.18522
-0.861027 -0.47478 0.182251 0.481343 0.488777 -0.871549 0.0387184 4.70068 0.140458 0.122418 0.982489 -1.17756
-0.902379 -0.377788 0.207337 -0.0210931 0.402007 -0.911283 0.0891862 4.79534 0.155249 0.163831 0.974196 -0.929723
-0.937017 -0.282613 0.205256 -0.374128 0.295973 -0.954482 0.0369446 5.07267 0.185472 0.095368 0.978011 -0.899382
-0.969345 -0.153184 0.192108 -0.717572 0.164151 -0.985522 0.0424422 5.28689 0.182825 0.0726759 0.980456 -0.709006
-0.980739 -0.0901592 0.173271 -1.13378 0.103995 -0.991933 0.0724889 5.36697 0.165337 0.089112 0.982203 -0.643085
-0.988941 0.0705941 0.130428 -1.60976 -0.0585394 -0.993844 0.0940567 5.3868 0.136265 0.0853814 0.986986 -0.510263
-0.977111 0.195203 0.084558 -1.99383 -0.182523 -0.973457 0.138084 5.40899 0.109268 0.11949 0.986804 -0.408938
-0.931043 0.361394 0.0505352 -2.54537 -0.352733 -0.926779 0.129073 5.41094 0.0934811 0.102347 0.990347 -0.349925
-0.86744 0.494449 0.0553863 -2.90919 -0.493873 -0.869186 0.0245941 5.20315 0.0603015 -0.00601991 0.998162 -0.440502
-0.799398 0.600751 0.00784482 -3.18117 -0.600518 -0.799353 0.0203148 4.9534 0.0184749 0.0115286 0.999763 -0.328062
-0.661261 0.748285 -0.0529403 -3.56191 -0.750114 -0.658835 0.057145 4.7092 0.00788186 0.077499 0.996961 -0.397662
-0.580949 0.810739 -0.0721105 -3.91454 -0.813827 -0.577112 0.0680205 4.39943 0.013531 0.098202 0.995075 -0.33806
-0.506589 0.861585 -0.032232 -4.18374 -0.861429 -0.504221 0.0608397 4.15786 0.0361665 0.0585863 0.997627 -0.328744
-0.444905 0.8943 -0.0478195 -4.65299 -0.894231 -0.440675 0.0784657 3.56278 0.049099 0.0776714 0.995769 -0.246428
-0.309694 0.95057 -0.0225092 -4.72481 -0.944473 -0.304801 0.122746 3.06041 0.109818 0.059273 0.992183 -0.205157
-0.162915 0.986593 -0.00961729 -4.78631 -0.979492 -0.160556 0.121728 2.62264 0.118552 0.0292515 0.992517 -0.347593
-0.103579 0.994612 0.00420848 -4.90818 -0.99245 -0.103631 0.065598 2.03329 0.0656807 0.00261784 0.997837 -0.428968
0.0161336 0.999665 -0.0202447 -4.87989 -0.99708 0.0175969 0.0743149 1.62851 0.0746463 0.0189866 0.997029 -0.348482
0.229655 0.973271 -0.00169481 -4.96773 -0.97315 0.229654 0.0154518 1.16425 0.015428 -0.00189929 0.999879 -0.411679
0.290421 0.95492 -0.0615148 -4.75948 -0.955271 0.293076 0.0395561 0.504612 0.0558014 0.0472753 0.997322 -0.292887
0.336237 0.935217 -0.110971 -4.49995 -0.937017 0.344039 0.0602947 -0.137306 0.0945668 0.0837081 0.991993 -0.298724
0.455715 0.884859 -0.0966827 -4.26974 -0.878614 0.464572 0.110499 -0.688623 0.142692 0.0345908 0.989163 -0.275402
0.606532 0.789577 -0.0932033 -3.81062 -0.775126 0.613334 0.15166 -1.2516 0.176912 -0.0197423 0.984029 -0.289584
0.660623 0.745558 -0.087863 -3.34926 -0.72495 0.663965 0.183297 -1.56555 0.194996 -0.0573939 0.979123 -0.224639
0.802039 0.576676 -0.155497 -3.01512 -0.562609 0.81684 0.127447 -1.98454 0.200512 -0.0147332 0.979581 -0.230856
0.890479 0.438419 -0.121803 -2.7665 -0.423805 0.896559 0.128727 -2.3573 0.16564 -0.0630081 0.984171 -0.389801
0.929339 0.342201 -0.138664 -2.31192 -0.329177 0.937996 0.108654 -2.66302 0.167248 -0.0553318 0.984361 -0.255375
0.971298 0.194361 -0.137125 -1.7853 -0.174674 0.974121 0.143451 -2.96514 0.161457 -0.115381 0.980112 -0.210696
0.990035 -0.0148735 -0.140031 -1.18402 0.038238 0.985438 0.165678 -3.08445 0.135528 -0.169382 0.976188 -0.068132
0.988728 -0.113011 -0.0982101 -0.650573 0.122626 0.987592 0.0981041 -3.11002 0.0859047 -0.109041 0.990318 0.0305565
0.989532 -0.139142 -0.0382898 0.129858 0.142367 0.984635 0.101123 -3.00866 0.023631 -0.105515 0.994137 -0.0377522
0.919115 -0.392407 0.035273 0.823335 0.387815 0.916867 0.0946314 -3.04212 -0.0694746 -0.0732978 0.994887 0.143009
0.903469 -0.420941 0.0809467 1.77903 0.418398 0.907047 0.0469902 -2.71704 -0.0932026 -0.00858622 0.99561 0.113956
0.853079 -0.518233 0.0607588 2.27159 0.508928 0.85209 0.122207 -2.49408 -0.115104 -0.0733305 0.990643 -0.0769185
0.785715 -0.617763 0.0319634 2.79147 0.609411 0.781891 0.131398 -2.13829 -0.106165 -0.0837629 0.990814 -0.129549
0.67595 -0.73545 0.0469491 3.30748 0.734274 0.677552 0.0420252 -1.81911 -0.0627179 0.00606658 0.998013 -0.249881
0.586577 -0.809864 0.00693399 3.81679 0.809169 0.586393 0.0372545 -1.29003 -0.0342371 -0.0162418 0.999282 -0.393633
0.506687 -0.860162 0.0582229 4.30056 0.860753 0.508538 0.0222066 -0.729356 -0.0487099 0.0388637 0.998057 -0.324408
0.403955 -0.913424 0.0497746 4.59813 0.908602 0.406946 0.0940099 -0.187872 -0.106126 0.00724955 0.994326 -0.408159
0.290937 -0.954668 0.0629604 4.83101 0.946684 0.296772 0.125362 0.478335 -0.138364 0.0231311 0.990111 -0.542298
0.144703 -0.985249 0.0913527 5.13161 0.983141 0.153592 0.0992085 1.15548 -0.111776 0.0754568 0.990864 -0.697439
0.00928759 -0.999576 0.0276096 5.11809 0.994676 0.012069 0.102345 1.63489 -0.102635 0.026512 0.994366 -0.823912
-0.0635414 -0.995574 0.0692406 5.08418 0.991023 -0.0547687 0.12196 2.44342 -0.117628 0.0763685 0.990117 -0.873698
-0.121233 -0.989036 0.0843181 5.02537 0.980729 -0.106236 0.163963 3.1478 -0.153207 0.102571 0.982856 -1.04941
-0.2926 -0.953906 0.066695 4.8443 0.939227 -0.2736 0.207354 3.78715 -0.179549 0.123314 0.97599 -1.08118
-0.318643 -0.944898 0.0750701 4.46197 0.933453 -0.299046 0.198084 4.56329 -0.16472 0.133193 0.977306 -1.26286
-0.463946 -0.881539 0.0874201 4.03063 0.876271 -0.442199 0.191335 5.11118 -0.130012 0.165373 0.977624 -1.41087
-0.637589 -0.758307 0.135836 3.80114 0.767604 -0.610393 0.195461 5.68541 -0.0653061 0.228892 0.971259 -1.51349
-0.70759 -0.685609 0.171046 3.16308 0.706614 -0.687786 0.166275 6.27036 0.00364388 0.238518 0.971131 -1.45053
-0.791788 -0.567907 0.224841 2.4527 0.602989 -0.78545 0.139548 6.75558 0.0973508 0.246069 0.964351 -1.56422
-0.854184 -0.466256 0.230164 1.85581 0.499391 -0.858928 0.113364 7.17261 0.144837 0.211776 0.966526 -1.61702
-0.903905 -0.375713 0.204439 1.19519 0.398243 -0.91363 0.0817434 7.57217 0.156069 0.155305 0.97546 -1.51604
-0.943104 -0.25762 0.210204 0.497878 0.281596 -0.955019 0.0929646 7.97758 0.1768 0.146868 0.973227 -1.35902
-0.960987 -0.190895 0.200158 -0.397458 0.217597 -0.968505 0.121034 8.27191 0.170749 0.159866 0.972259 -1.03925
-0.971281 0.109725 0.211125 -0.987427 -0.0857027 -0.989095 0.119775 8.38127 0.221965 0.0982411 0.970093 -0.956935
-0.981339 0.106054 0.160396 -1.86848 -0.0875157 -0.989085 0.118543 8.4321 0.171217 0.102294 0.979908 -0.907484
-0.971167 0.224337 0.0806729 -2.66661 -0.212771 -0.96826 0.131156 8.40414 0.107535 0.110209 0.988074 -0.789496
-0.929694 0.364811 0.0508144 -3.58294 -0.358613 -0.92799 0.101153 8.16921 0.0840569 0.0758183 0.993572 -0.522856
-0.887422 0.460317 0.0243092 -4.31818 -0.454131 -0.882105 0.125123 7.90449 0.0790393 0.099997 0.991843 -0.441862
-0.827619 0.561085 -0.0152147 -5.02923 -0.560466 -0.824629 0.0765851 7.51278 0.0304242 0.0719106 0.996947 -0.532846
-0.726509 0.682893 -0.0764332 -5.74163 -0.686298 -0.726657 0.0310532 6.89897 -0.0343348 0.0750164 0.996591 -0.633079
-0.636834 0.762274 -0.115676 -6.36301 -0.77077 -0.63311 0.0713163 6.20968 -0.0188729 0.134576 0.990724 -0.685874
-0.490328 0.867503 -0.0837695 -6.81241 -0.871244 -0.485395 0.0729785 5.70878 0.0226477 0.108767 0.993809 -0.641813
-0.339818 0.933359 -0.115606 -7.18983 -0.940164 -0.333881 0.0679317 4.98948 0.0248062 0.131773 0.99097 -0.527385
-0.252203 0.959248 -0.127423 -7.53783 -0.966549 -0.243367 0.0809677 4.03952 0.0466577 0.143581 0.988538 -0.540656
-0.194524 0.975596 -0.101849 -7.82173 -0.97959 -0.187855 0.0715128 3.14211 0.0506348 0.113681 0.992226 -0.465904
-0.0421547 0.989361 -0.139242 -7.96743 -0.996379 -0.0313288 0.0790462 2.31983 0.073843 0.14207 0.987098 -0.532537
0.0957805 0.984669 -0.145782 -8.03624 -0.995399 0.0951407 -0.0113706 1.55581 0.00267351 0.146201 0.989251 -0.366409
0.246314 0.962091 -0.117087 -7.80382 -0.969169 0.245303 -0.0232016 0.517055 0.00639979 0.119192 0.992851 -0.533147
0.301583 0.938427 -0.16853 -7.54915 -0.953353 0.299199 -0.0399828 -0.368683 0.012903 0.172726 0.984885 -0.447431
0.39566 0.909202 -0.129632 -7.23535 -0.9163 0.400338 0.0111482 -1.21819 0.0620325 0.114371 0.9915 -0.463164
0.566131 0.814071 -0.129552 -6.89299 -0.816558 0.575345 0.0470306 -2.11541 0.112823 0.0791612 0.990457 -0.506973
0.601199 0.770681 -0.211214 -6.25175 -0.778647 0.624395 0.0619651 -3.10039 0.179636 0.127208 0.975474 -0.514014
0.695865 0.696999 -0.1731 -5.5185 -0.688637 0.715987 0.114635 -3.74494 0.203838 0.039433 0.97821 -0.311213
0.762496 0.635009 -0.123952 -4.8187 -0.622379 0.772241 0.127624 -4.43463 0.176763 -0.0201675 0.984047 -0.337201
0.866591 0.475201 -0.152329 -4.11472 -0.47094 0.879746 0.0652824 -5.05832 0.165034 0.0151649 0.986171 -0.209431
0.927866 0.347931 -0.134196 -3.21443 -0.343153 0.937488 0.0579838 -5.49848 0.145982 -0.00775127 0.989257 -0.139382
0.961101 0.23675 -0.142246 -2.16545 -0.229367 0.971068 0.0664718 -5.9456 0.153868 -0.0312597 0.987597 0.0607457
0.986605 0.0729212 -0.145921 -1.21213 -0.0664564 0.9966 0.0487045 -6.07654 0.148976 -0.0383547 0.988097 0.101663
0.995268 -0.0288542 -0.0927815 -0.243981 0.0320223 0.998947 0.03284 -6.14225 0.0917363 -0.0356557 0.995145 0.294141
0.983023 -0.16869 -0.0721716 0.82494 0.173191 0.982971 0.0614195 -5.98231 0.0605818 -0.0728762 0.995499 0.341575
0.95597 -0.292027 0.0290005 1.97344 0.285769 0.94883 0.134379 -5.79446 -0.0667587 -0.120175 0.990506 0.245771
0.899643 -0.410381 0.149099 2.92001 0.402254 0.911803 0.0825064 -5.51921 -0.169808 -0.0142506 0.985374 0.28075
0.869128 -0.469695 0.154931 3.85248 0.469495 0.882019 0.0402038 -5.12978 -0.155535 0.0377971 0.987107 -0.036976
0.79337 -0.597875 0.114494 4.73682 0.599118 0.800203 0.027072 -4.53016 -0.107804 0.0471171 0.993055 0.0347664
0.757853 -0.647549 0.0796259 5.53949 0.647874 0.761331 0.0251906 -3.83872 -0.0769337 0.0324968 0.996506 -0.287845
0.66386 -0.74409 0.074973 6.22598 0.744133 0.667218 0.0329497 -3.1035 -0.0745409 0.0339159 0.996641 -0.491614
0.523145 -0.843864 0.119216 6.84314 0.846919 0.530378 0.0377895 -2.28599 -0.0951189 0.0811971 0.992149 -0.599184
0.431601 -0.891707 0.136307 7.28934 0.89702 0.440217 0.0395448 -1.41491 -0.0952672 0.105203 0.989877 -0.766055
0.252697 -0.953586 0.163761 7.76425 0.964906 0.260865 0.0300937 -0.490816 -0.0714163 0.150409 0.986041 -0.87576
0.181706 -0.972157 0.147965 8.09435 0.980711 0.190176 0.0451487 0.647685 -0.072031 0.136907 0.987962 -0.972519
-0.0400905 -0.986427 0.15923 8.19824 0.995512 -0.0257609 0.0910587 1.55248 -0.0857209 0.162166 0.983033 -1.06004
-0.145323 -0.970843 0.190643 8.23301 0.985428 -0.124814 0.115559 2.49474 -0.0883951 0.204658 0.974834 -1.31607
-0.295337 -0.941326 0.163346 8.1041 0.947597 -0.266817 0.175695 3.56352 -0.121803 0.206675 0.970798 -1.43007
-0.386363 -0.892212 0.233838 7.79682 0.915445 -0.339988 0.215332 4.6439 -0.11262 0.297263 0.948131 -1.52945
-0.497659 -0.854841 0.146908 7.30353 0.862641 -0.470128 0.186627 5.62103 -0.0904709 0.219606 0.971385 -1.82115
-0.615075 -0.778069 0.127641 6.71427 0.784338 -0.587232 0.199933 6.503 -0.0806067 0.223088 0.97146 -2.06622
-0.674833 -0.729066 0.114298 6.1432 0.73215 -0.642017 0.227531 7.52424 -0.0925036 0.237229 0.96704 -2.23026
-0.745832 -0.640567 0.182777 5.27265 0.665364 -0.703193 0.25062 8.30904 -0.0320114 0.308534 0.950674 -2.2708
-0.762751 -0.611675 0.209914 4.24292 0.646188 -0.733697 0.210071 9.05251 0.0255179 0.295876 0.954885 -2.36631
-0.848299 -0.497304 0.18187 3.34799 0.524722 -0.835596 0.162623 9.80826 0.0710965 0.233384 0.969782 -2.32647
-0.898448 -0.362576 0.24765 2.32379 0.411561 -0.891941 0.18724 10.4192 0.153 0.270149 0.950584 -2.20262
-0.942924 -0.203118 0.263887 1.22354 0.255987 -0.948955 0.184269 10.958 0.212989 0.241304 0.946788 -1.92188
-0.972059 -0.146295 0.183571 0.14493 0.185024 -0.958778 0.215665 11.1178 0.144453 0.243605 0.959057 -1.5624
-0.97632 0.000856968 0.216331 -1.20402 0.0641688 -0.953841 0.293377 11.3263 0.206597 0.300311 0.931199 -1.27032
-0.986097 0.104056 0.129561 -2.30465 -0.0729346 -0.971577 0.225209 11.4383 0.149313 0.212629 0.965658 -1.10454
-0.952821 0.298641 0.0542733 -3.41696 -0.278504 -0.931263 0.234913 11.4026 0.120698 0.208715 0.9705 -1.01495
-0.921353 0.388005 0.0236765 -4.65648 -0.378102 -0.908649 0.177187 11.0424 0.0902631 0.1543 0.983892 -0.850732
-0.825115 0.559015 -0.0817719 -5.73336 -0.564847 -0.8133 0.139609 10.6659 0.0115382 0.161382 0.986825 -0.784488
-0.803221 0.573658 -0.160474 -6.7631 -0.590125 -0.80302 0.0831374 9.97684 -0.0811717 0.161478 0.983532 -0.717056
-0.683487 0.702668 -0.197746 -7.70275 -0.724728 -0.685595 0.0687581 9.2071 -0.08726 0.190308 0.977839 -0.825976
-0.623661 0.7527 -0.210924 -8.59481 -0.779745 -0.618078 0.0998901 8.11476 -0.0551802 0.226765 0.972385 -1.08268
-0.522579 0.83727 -0.160905 -9.32023 -0.852573 -0.511966 0.104926 7.23354 0.00547362 0.192016 0.981377 -1.11924
-0.431174 0.870369 -0.237795 -9.9797 -0.901099 -0.401974 0.162595 6.07791 0.0459303 0.284384 0.95761 -1.08714
-0.308447 0.916662 -0.254149 -10.5895 -0.951152 -0.300866 0.0692012 4.90985 -0.0130307 0.263079 0.964686 -0.991202
-0.137354 0.940814 -0.309844 -10.8228 -0.990097 -0.121238 0.0707835 3.76629 0.0290292 0.316498 0.948149 -1.04052
-0.04751 0.971758 -0.231149 -11.0151 -0.99625 -0.0293474 0.0813903 2.39808 0.0723081 0.23415 0.969508 -1.002
0.0931211 0.956325 -0.277075 -10.9327 -0.995636 0.0911374 -0.0200585 1.27514 0.00606949 0.277734 0.960639 -0.819983
0.27351 0.942591 -0.191611 -10.7959 -0.961819 0.265981 -0.0644812 -0.122584 -0.00981447 0.201931 0.979351 -0.991884
0.398875 0.893336 -0.207003 -10.4866 -0.916973 0.386664 -0.098246 -1.2923 -0.00772602 0.229004 0.973395 -1.09626
0.495107 0.841266 -0.217119 -9.93975 -0.867969 0.49006 -0.0804479 -2.57699 0.0387233 0.228283 0.972824 -1.06084
0.570002 0.800365 -0.185779 -9.34014 -0.81415 0.580643 0.00354437 -3.81791 0.110708 0.149232 0.982585 -1.01907
0.655726 0.716635 -0.237606 -8.59486 -0.740219 0.672189 -0.015432 -4.92047 0.148657 0.185999 0.971239 -0.853629
0.754716 0.626492 -0.19471 -7.66841 -0.644434 0.763554 -0.0411106 -5.95467 0.122916 0.156505 0.979999 -0.571029
0.84857 0.509823 -0.141458 -6.65156 -0.514467 0.857499 0.00432263 -6.91937 0.123504 0.0691076 0.989935 -0.452002
0.88475 0.435472 -0.166076 -5.44582 -0.445261 0.895048 -0.0251449 -7.63402 0.137696 0.0961939 0.985792 -0.295336
0.936203 0.333822 -0.10994 -4.2752 -0.334109 0.942393 0.0163444 -8.35363 0.109063 0.0214304 0.993804 -0.112239
0.95684 0.266107 -0.116806 -2.81936 -0.270743 0.962314 -0.0255043 -8.84526 0.105618 0.056028 0.992827 0.0488307
0.985535 0.0914467 -0.142684 -1.61198 -0.103811 0.991232 -0.081747 -9.17441 0.133958 0.0953766 0.986387 0.178366
0.993874 0.00728367 -0.110275 -0.205276 -0.0159755 0.996814 -0.0781424 -9.2108 0.109354 0.0794254 0.990825 0.296683
0.991128 -0.130598 -0.0246919 1.27891 0.128003 0.987928 -0.0872522 -9.03222 0.0357888 0.0833175 0.99588 0.424313
0.967518 -0.228557 0.108035 2.69636 0.23361 0.971644 -0.0365203 -8.80933 -0.0966242 0.060572 0.993476 0.427657
0.911271 -0.334994 0.239509 4.05487 0.348166 0.937333 -0.0136632 -8.22813 -0.219922 0.0958396 0.970798 0.212491
0.841324 -0.484886 0.23887 5.30081 0.508384 0.859957 -0.0449401 -7.74146 -0.183627 0.159247 0.970011 -0.108533
0.778596 -0.5921 0.20786 6.47516 0.605259 0.796028 0.000364558 -6.96181 -0.165678 0.125525 0.978158 -0.279532
0.717774 -0.674356 0.173335 7.54092 0.687215 0.726161 -0.0206167 -6.00015 -0.111966 0.133916 0.984647 -0.545614
0.611247 -0.778272 0.14377 8.48102 0.78371 0.620533 0.0271521 -5.09067 -0.110346 0.096077 0.989239 -0.755158
0.426809 -0.882263 0.198611 9.40804 0.895785 0.442589 0.0410373 -4.03026 -0.124109 0.160397 0.979219 -1.00572
0.411497 -0.885247 0.216815 10.0148 0.904124 0.426511 0.025473 -2.6544 -0.115024 0.185546 0.97588 -1.17384
0.289192 -0.931678 0.219875 10.5799 0.945597 0.31379 0.0859198 -1.25524 -0.149044 0.183065 0.971737 -1.44515
0.15649 -0.956967 0.244388 11.0685 0.978347 0.184127 0.0945273 0.0709013 -0.135458 0.224303 0.965059 -1.44346
-0.0115611 -0.965637 0.259638 11.2002 0.992037 0.0214896 0.124096 1.49192 -0.125412 0.259005 0.957699 -1.58596
-0.117698 -0.969049 0.217003 11.1191 0.979865 -0.0778379 0.183864 2.86511 -0.161282 0.234274 0.958699 -1.91705
-0.275469 -0.935757 0.220173 10.9976 0.940283 -0.21464 0.264193 4.32382 -0.199963 0.279802 0.939003 -2.20372
-0.392212 -0.881092 0.264284 10.5068 0.901057 -0.310175 0.303131 5.67234 -0.185112 0.357027 0.915568 -2.36899
-0.52506 -0.82736 0.199469 9.92522 0.844278 -0.476823 0.24461 7.04768 -0.107269 0.296842 0.948883 -2.66344
-0.603106 -0.759951 0.242361 9.17427 0.793258 -0.539538 0.282208 8.24672 -0.0837012 0.362455 0.928235 -2.9279
-0.680417 -0.696939 0.226516 8.27195 0.73244 -0.636736 0.241038 9.43385 -0.023758 0.329915 0.943711 -3.14017
-0.814885 -0.536486 0.219421 7.1734 0.579134 -0.769145 0.270222 10.4918 0.0237967 0.347274 0.937462 -3.3915
-0.803177 -0.559207 0.205412 6.02457 0.595675 -0.758952 0.262988 11.471 0.00883364 0.333585 0.942679 -3.28597
-0.858962 -0.441293 0.259701 4.73194 0.503063 -0.821855 0.26736 12.3335 0.095453 0.360298 0.927941 -3.17182
-0.917754 -0.266288 0.29465 3.3968 0.349486 -0.893909 0.280689 13.1148 0.188646 0.36058 0.913452 -3.12175
-0.931841 -0.157972 0.326675 1.90374 0.264129 -0.912587 0.312124 13.745 0.248813 0.377135 0.892111 -2.8385
-0.972899 -0.0353267 0.228517 0.50081 0.113346 -0.934245 0.33814 14.1614 0.201545 0.354878 0.91293 -2.46056
-0.987916 -0.0056322 0.154889 -1.15301 0.059357 -0.936899 0.344524 14.209 0.143175 0.349554 0.925912 -2.22559
-0.982505 0.11172 0.149004 -2.69401 -0.0513327 -0.931547 0.359978 14.3718 0.179021 0.346032 0.920985 -1.99606
-0.973311 0.229337 0.00841583 -4.31799 -0.212777 -0.915555 0.341298 14.2633 0.0859773 0.330398 0.939918 -1.74035
-0.937695 0.341732 -0.0628269 -5.80132 -0.342766 -0.880159 0.328377 13.7911 0.0569194 0.329453 0.942455 -1.46751
-0.8676 0.461659 -0.184774 -7.37475 -0.494626 -0.839425 0.225191 13.2235 -0.0511425 0.286769 0.956634 -1.3212
-0.734098 0.598914 -0.320004 -8.49379 -0.667362 -0.72337 0.1771 12.3725 -0.125413 0.343567 0.930717 -1.37915
-0.684005 0.648183 -0.334658 -9.82571 -0.719293 -0.675686 0.161453 11.229 -0.121473 0.351151 0.928406 -1.62692
-0.588592 0.757411 -0.282644 -10.8926 -0.802576 -0.589453 0.0917481 10.0668 -0.0971142 0.280845 0.954827 -1.81346
-0.557372 0.782621 -0.277203 -11.9557 -0.830258 -0.524238 0.189331 8.65684 0.00285392 0.335678 0.941972 -1.91269
-0.433186 0.851967 -0.294114 -12.8199 -0.901134 -0.40305 0.159712 7.23902 0.017527 0.334221 0.942332 -2.02955
-0.270102 0.911448 -0.310334 -13.3548 -0.962832 -0.255807 0.0867042 5.82018 -0.000359208 0.322218 0.946665 -1.9114
-0.0594363 0.936617 -0.345278 -13.7581 -0.998222 -0.0572946 0.0164146 4.16509 -0.00440833 0.345639 0.938357 -1.91101
-0.048731 0.935772 -0.349221 -13.9064 -0.99804 -0.0318756 0.0538545 2.41985 0.0392639 0.351161 0.935491 -1.90791
0.107704 0.932946 -0.343528 -13.7929 -0.993489 0.113912 -0.00212102 0.938051 0.0371532 0.341519 0.93914 -1.86601
0.304589 0.8968 -0.320899 -13.7486 -0.9522 0.294916 -0.0796164 -0.809013 0.0232383 0.32981 0.943761 -1.7737
0.383484 0.87322 -0.300711 -13.1605 -0.921987 0.380896 -0.0697073 -2.32207 0.0536699 0.303984 0.951164 -1.83581
0.478001 0.833966 -0.275708 -12.5114 -0.874201 0.482202 -0.0570481 -4.01136 0.0853707 0.268293 0.959547 -1.81509
0.582143 0.766334 -0.271739 -11.6524 -0.799145 0.600886 -0.0174346 -5.57389 0.149923 0.227308 0.962213 -1.63937
0.62126 0.754227 -0.212552 -10.6118 -0.776275 0.629388 -0.0356034 -6.95744 0.106925 0.187118 0.976501 -1.47285
0.745287 0.639879 -0.187356 -9.58771 -0.658649 0.750228 -0.0577899 -8.26644 0.103581 0.166472 0.980591 -1.14898
0.792779 0.577253 -0.195652 -8.1461 -0.594437 0.803202 -0.0388749 -9.46723 0.134707 0.147122 0.979903 -0.793453
0.86059 0.473139 -0.188479 -6.74924 -0.4951 0.863975 -0.0917796 -10.3516 0.119417 0.172301 0.977779 -0.680993
0.955138 0.273802 -0.112889 -5.2348 -0.282348 0.956896 -0.0680394 -11.2276 0.0893935 0.0968609 0.991275 -0.439216
0.949474 0.277961 -0.145732 -3.66531 -0.293741 0.950563 -0.100733 -11.8333 0.110527 0.138451 0.984182 -0.258976
0.992839 0.0616618 -0.102313 -1.93759 -0.0737591 0.990149 -0.119012 -12.1144 0.0939667 0.125707 0.987607 -0.169213
0.997528 0.0356633 -0.0605534 -0.171792 -0.045109 0.985662 -0.162593 -12.207 0.0538865 0.164923 0.984833 -0.0616994
0.991438 -0.128725 0.021902 1.74059 0.130518 0.972001 -0.195393 -12.0004 0.00386324 0.196578 0.980481 0.021474
0.953616 -0.273066 0.126692 3.4481 0.285503 0.953842 -0.0931268 -11.7719 -0.0954146 0.124978 0.987561 0.0259008
0.894249 -0.389406 0.220639 5.17267 0.425915 0.891876 -0.152161 -11.0724 -0.137531 0.230043 0.963414 -0.156532
0.856098 -0.474243 0.205402 6.78155 0.500641 0.859644 -0.101834 -10.3237 -0.128279 0.190013 0.973365 -0.569501
0.792713 -0.544541 0.27401 8.40266 0.584446 0.80668 -0.0876905 -9.34403 -0.173287 0.229657 0.957721 -0.692268
0.688211 -0.685762 0.236847 9.56788 0.709823 0.703961 -0.0243115 -8.29415 -0.150059 0.184851 0.971243 -0.986346
0.629627 -0.737096 0.245476 10.9102 0.768342 0.637555 -0.0563394 -6.94229 -0.114977 0.224082 0.967764 -1.199
0.497942 -0.824143 0.269892 12.1002 0.854306 0.519661 0.0106737 -5.40777 -0.149049 0.225256 0.962831 -1.4429
0.377581 -0.872366 0.310501 12.8398 0.914674 0.403609 0.0216795 -3.90865 -0.144234 0.275822 0.950326 -1.8285
0.247366 -0.924966 0.288528 13.4205 0.964817 0.262525 0.0144305 -2.2257 -0.0890936 0.274807 0.957363 -2.04571
0.110316 -0.965867 0.234374 13.9071 0.986298 0.135489 0.0941214 -0.490833 -0.122664 0.22078 0.967579 -2.31586
-0.0545053 -0.961322 0.269978 14.1816 0.988804 -0.0143511 0.148527 1.25211 -0.138908 0.275051 0.951342 -2.56417
-0.190737 -0.942777 0.273478 14.1116 0.972286 -0.143069 0.18491 3.08703 -0.135203 0.301168 0.943937 -2.6979
-0.279513 -0.919322 0.276983 13.6951 0.939924 -0.203106 0.274391 4.9957 -0.195997 0.337039 0.920864 -3.07231
-0.346844 -0.879666 0.325402 13.2146 0.914477 -0.24008 0.32572 6.65477 -0.208403 0.410547 0.887705 -3.37088
-0.48232 -0.836589 0.25978 12.4319 0.866146 -0.411099 0.284234 8.35982 -0.130991 0.362099 0.92289 -3.75198
-0.590711 -0.76577 0.254277 11.4744 0.792294 -0.490821 0.362443 9.86617 -0.152744 0.415561 0.896649 -4.08246
-0.66429 -0.70571 0.246356 10.2572 0.74201 -0.582809 0.331291 11.2657 -0.090217 0.402873 0.910799 -4.36477
-0.755619 -0.625376 0.194792 8.82267 0.652509 -0.692706 0.307231 12.7438 -0.057201 0.359253 0.931486 -4.49635
-0.840055 -0.45595 0.29397 7.64934 0.536065 -0.780879 0.320722 13.8827 0.083322 0.427011 0.9004 -4.60775
-0.851288 -0.438939 0.287472 6.02762 0.515979 -0.799782 0.306781 14.88 0.0952568 0.409489 0.907329 -4.42493
-0.886283 -0.381078 0.263213 4.17463 0.44979 -0.843702 0.293013 15.8654 0.110413 0.378083 0.919164 -4.21121
-0.933916 -0.292814 0.205086 2.53468 0.344345 -0.890965 0.295987 16.5649 0.0960548 0.347048 0.932916 -3.93956
-0.979891 -0.124566 0.155876 0.672139 0.170578 -0.928258 0.330514 17.0234 0.103523 0.350457 0.93084 -3.62457
-0.98861 0.0287451 0.147727 -1.29576 0.035346 -0.909786 0.413569 17.1358 0.146288 0.41408 0.898408 -3.3041
-0.975283 0.190954 0.111173 -3.09138 -0.121792 -0.884381 0.450595 17.1793 0.184362 0.425918 0.885779 -3.25948
-0.970292 0.232146 0.068135 -5.01469 -0.171361 -0.858232 0.483811 16.985 0.17079 0.457763 0.872516 -2.8873
-0.919205 0.371918 -0.129381 -6.92583 -0.385659 -0.783885 0.486612 16.6026 0.0795598 0.497193 0.863984 -2.52968
-0.841572 0.43666 -0.317938 -8.73478 -0.533702 -0.762868 0.364959 15.7458 -0.0831812 0.476823 0.875055 -2.35402
-0.754019 0.543351 -0.369087 -10.3112 -0.65225 -0.685756 0.322968 14.5922 -0.0776184 0.484262 0.871474 -2.55185
-0.669162 0.651691 -0.357101 -11.7955 -0.739769 -0.629748 0.236978 13.1729 -0.0704471 0.422749 0.903505 -2.74073
-0.579803 0.756228 -0.303229 -13.1168 -0.813213 -0.560037 0.158254 11.8506 -0.0501435 0.338346 0.939685 -2.94046
-0.521559 0.782016 -0.341215 -14.4733 -0.852732 -0.491225 0.177614 10.142 -0.0287162 0.383601 0.923053 -3.04658
-0.385533 0.851523 -0.35535 -15.43 -0.92267 -0.353009 0.155128 8.49007 0.00665342 0.387677 0.921771 -3.00867
-0.235136 0.903119 -0.359288 -16.0614 -0.971934 -0.22132 0.0797639 6.6555 -0.00748121 0.367959 0.929812 -3.04706
-0.0985426 0.912611 -0.396776 -16.5758 -0.995084 -0.0864337 0.0483344 4.484 0.00981573 0.399588 0.916642 -3.08336
-0.0368092 0.925116 -0.377897 -16.71 -0.998902 -0.0230903 0.0407718 2.45889 0.0289928 0.378983 0.92495 -2.9937
0.0947746 0.919367 -0.381814 -16.5808 -0.992376 0.117605 0.036851 0.449347 0.0787829 0.375411 0.923504 -2.88464
0.230292 0.904897 -0.357948 -16.3591 -0.971908 0.232247 -0.0381703 -1.68846 0.0485923 0.356683 0.932961 -2.85141
0.347986 0.874005 -0.339147 -15.9186 -0.93378 0.355324 -0.0424237 -3.46536 0.0834284 0.331451 0.939776 -2.85012
0.453266 0.825936 -0.335231 -14.9573 -0.886322 0.457598 -0.0709758 -5.52131 0.0947795 0.329294 0.939459 -2.61261
0.526199 0.791141 -0.311785 -14.1522 -0.839829 0.541019 -0.0445674 -7.24117 0.133423 0.285298 0.949107 -2.45282
0.667452 0.683822 -0.29478 -12.969 -0.727792 0.682812 -0.0639239 -8.86771 0.157567 0.257205 0.953425 -2.25811
0.748145 0.587389 -0.308631 -11.5705 -0.62992 0.774906 -0.0521683 -10.3849 0.208517 0.233443 0.94975 -1.8532
0.81965 0.506584 -0.267484 -9.97493 -0.549381 0.827421 -0.116428 -11.8233 0.162341 0.24238 0.956503 -1.35023
0.869154 0.45755 -0.187669 -8.28716 -0.482911 0.867046 -0.122592 -13.0101 0.106625 0.197179 0.974552 -1.27175
0.928619 0.33949 -0.149713 -6.28831 -0.361221 0.919384 -0.155729 -14.1145 0.084775 0.198692 0.976389 -1.20328
0.956611 0.251573 -0.14699 -4.3401 -0.27824 0.938467 -0.204603 -14.6613 0.086473 0.236625 0.967745 -0.936956
0.986353 0.135209 -0.0939464 -2.24582 -0.15968 0.924648 -0.34573 -15.1852 0.0401214 0.356013 0.933619 -0.62319
0.999649 -0.0263698 0.00235219 -0.154358 0.0261916 0.972104 -0.233085 -15.3336 0.00385981 0.233064 0.972454 -0.619828
0.977199 -0.204786 0.0560834 2.0482 0.212292 0.937518 -0.275666 -15.0474 0.00387332 0.281286 0.959616 -0.578024
0.945895 -0.294864 0.135421 4.27992 0.319071 0.921107 -0.22306 -14.6221 -0.0589647 0.2542 0.965353 -0.677581
0.907229 -0.379027 0.182412 6.39233 0.410151 0.893333 -0.183663 -13.8461 -0.0933418 0.241441 0.965916 -0.917425
0.860485 -0.478389 0.175242 8.31222 0.499999 0.858986 -0.1102 -12.8636 -0.0978124 0.182446 0.978338 -1.16751
0.795049 -0.564196 0.222664 10.0438 0.599217 0.787496 -0.144183 -11.7139 -0.0939998 0.248057 0.964174 -1.53395
0.720567 -0.654279 0.229571 11.6543 0.675825 0.736748 -0.0215142 -10.4244 -0.15506 0.170653 0.973054 -1.65998
0.570609 -0.767143 0.293081 13.2016 0.812552 0.579127 -0.0661115 -9.01814 -0.119014 0.275868 0.953799 -1.87635
0.490586 -0.800414 0.344476 14.495 0.858852 0.510967 -0.0358666 -6.99821 -0.147308 0.313449 0.93811 -2.25068
0.386177 -0.844627 0.370773 15.6087 0.911131 0.411983 -0.0104792 -5.05103 -0.143901 0.34187 0.928664 -2.70052
0.306049 -0.894611 0.325585 16.2529 0.946078 0.323937 0.000772733 -2.99883 -0.10616 0.307792 0.945513 -2.94609
0.171672 -0.902145 0.395807 16.8232 0.980935 0.193678 0.0159856 -0.866591 -0.0910805 0.385516 0.918195 -3.12112
0.0095961 -0.946494 0.32258 17.1144 0.990265 0.0537929 0.128377 1.2089 -0.138861 0.318208 0.937796 -3.40278
-0.125101 -0.939225 0.319698 17.0051 0.979134 -0.0648637 0.192584 3.44203 -0.160143 0.33712 0.927742 -3.67055
-0.247581 -0.928794 0.275763 16.5524 0.936951 -0.157069 0.312174 5.44485 -0.246631 0.335665 0.909122 -4.11857
-0.447761 -0.818864 0.359127 15.958 0.880357 -0.333451 0.337316 7.43514 -0.156464 0.467196 0.870199 -4.60964
-0.505588 -0.80495 0.310542 14.9463 0.852787 -0.411631 0.321425 9.43123 -0.130902 0.427335 0.894567 -5.10963
-0.623446 -0.710817 0.32566 13.7138 0.776356 -0.51343 0.365597 11.2439 -0.0926687 0.480758 0.871943 -5.50023
-0.706839 -0.611531 0.35554 12.4382 0.707372 -0.612531 0.352749 12.9975 0.00206205 0.500836 0.86554 -5.68727
-0.723846 -0.614385 0.313972 10.8365 0.688085 -0.609267 0.394123 14.712 -0.0508501 0.501324 0.863764 -5.64518
-0.777267 -0.557294 0.292027 9.0307 0.629102 -0.681493 0.373895 16.1235 -0.00935526 0.474331 0.880297 -5.80895
-0.873457 -0.413182 0.257593 7.32316 0.482252 -0.807068 0.340697 17.3827 0.0671249 0.421808 0.904197 -5.72126
-0.923624 -0.326771 0.200345 5.28159 0.376171 -0.873101 0.310146 18.4073 0.0735747 0.361823 0.929339 -5.37456
-0.967572 -0.210101 0.140223 3.25603 0.244246 -0.919742 0.307275 19.3115 0.06441 0.331559 0.941233 -5.20099
-0.987967 -0.0911765 0.124934 1.0733 0.127714 -0.936539 0.326472 19.8548 0.0872386 0.338499 0.936914 -4.92281
-0.997996 0.0248009 0.0582107 -1.38138 -0.000408197 -0.922486 0.386031 19.9403 0.0632725 0.385233 0.920648 -4.783
-0.989191 0.140009 0.0435751 -3.57925 -0.106517 -0.890334 0.442673 19.8161 0.100775 0.433246 0.895624 -4.53653
-0.976839 0.210665 -0.0374791 -6.00326 -0.20387 -0.863141 0.461979 19.5943 0.0649732 0.45892 0.886099 -4.37208
-0.917099 0.378871 -0.124041 -7.9933 -0.391873 -0.799575 0.4551 19.0399 0.0732442 0.46598 0.881759 -4.19019
-0.85967 0.47381 -0.190974 -10.0796 -0.509388 -0.766804 0.390558 17.9315 0.0386113 0.433031 0.900552 -4.05053
-0.790126 0.537196 -0.295164 -12.1169 -0.610238 -0.734626 0.296537 16.643 -0.0575373 0.414422 0.908264 -3.99877
-0.692533 0.628386 -0.354301 -13.8488 -0.712842 -0.671476 0.202427 15.2064 -0.110702 0.392748 0.912959 -4.15011
-0.613055 0.710432 -0.345617 -15.4451 -0.788262 -0.579375 0.207285 13.492 -0.0529803 0.399514 0.915195 -4.16946
-0.498138 0.780031 -0.378696 -16.88 -0.867078 -0.451041 0.211512 11.5494 -0.0058218 0.433721 0.901029 -4.3715
-0.339676 0.801677 -0.491868 -18.1164 -0.939884 -0.308892 0.145617 9.51844 -0.0351963 0.511761 0.858407 -4.21808
-0.215292 0.835046 -0.506307 -18.7399 -0.97655 -0.183787 0.11213 7.24827 0.000581263 0.518575 0.855032 -4.32011
-0.130949 0.885177 -0.446446 -19.1805 -0.990845 -0.101935 0.0885199 4.88367 0.0328472 0.45395 0.890422 -4.44357
-0.0299383 0.88436 -0.465845 -19.3976 -0.994864 0.018719 0.0994729 2.48777 0.09669 0.46643 0.879258 -4.36548
0.0921761 0.898849 -0.428455 -19.3677 -0.99179 0.12118 0.0408516 0.0824131 0.0886396 0.421172 0.902639 -4.19951
0.228412 0.881883 -0.412444 -19.0402 -0.966506 0.256323 0.0128133 -2.32236 0.117019 0.395703 0.910893 -4.16025
0.360122 0.831188 -0.423602 -18.473 -0.914175 0.404946 0.0174024 -4.56013 0.186001 0.380979 0.905681 -3.97033
0.398259 0.829467 -0.391631 -17.4369 -0.903111 0.42931 -0.00912382 -6.84565 0.160563 0.35732 0.920077 -3.69522
0.555471 0.739677 -0.379906 -16.5043 -0.810242 0.584186 -0.0472684 -8.9333 0.186973 0.334073 0.923816 -3.4123
0.640867 0.691591 -0.333153 -15.0522 -0.756023 0.643877 -0.117695 -10.9934 0.133112 0.327299 0.935498 -2.93956
0.728263 0.603473 -0.324736 -13.4241 -0.664303 0.738055 -0.118222 -12.7863 0.168329 0.301819 0.938387 -2.66559
0.813066 0.511542 -0.277935 -11.5871 -0.563264 0.811904 -0.153445 -14.4624 0.147163 0.281312 0.948265 -2.22019
0.884036 0.41237 -0.220069 -9.55986 -0.452056 0.874004 -0.178222 -15.6963 0.118848 0.257038 0.959065 -2.09683
0.940101 0.277215 -0.198399 -7.31075 -0.319696 0.91898 -0.230804 -16.7349 0.118343 0.280406 0.952558 -1.83332
0.96215 0.236905 -0.1347 -4.95765 -0.264058 0.932654 -0.245824 -17.4476 0.0673912 0.272088 0.95991 -1.68944
0.996666 0.0683541 -0.0445562 -2.5351 -0.0800403 0.925096 -0.371201 -18.1179 0.0158457 0.373529 0.927483 -1.55655
0.998505 -0.0542292 0.00684189 -0.137204 0.0531018 0.932759 -0.356567 -18.2323 0.0129545 0.356398 0.934245 -1.43102
0.985948 -0.153207 0.0665909 2.58248 0.166411 0.935672 -0.311167 -17.9678 -0.0146341 0.317876 0.948019 -1.56969
0.975632 -0.199014 0.092393 5.02597 0.217763 0.929834 -0.296628 -17.4058 -0.026877 0.309519 0.950513 -1.58162
0.919589 -0.368812 0.135404 7.52764 0.390256 0.897264 -0.206442 -16.6799 -0.0453544 0.242684 0.969045 -1.72754
0.840573 -0.499933 0.208575 9.72368 0.537848 0.816078 -0.21151 -15.5849 -0.0644725 0.289971 0.954861 -1.87167
0.771892 -0.597003 0.218566 11.707 0.632765 0.754734 -0.173163 -14.1676 -0.0615803 0.271963 0.960335 -2.22345
0.714051 -0.640032 0.283708 13.7349 0.693956 0.700613 -0.166032 -12.5639 -0.0925032 0.315436 0.944427 -2.3907
0.581531 -0.730837 0.35735 15.544 0.805148 0.579917 -0.124231 -10.776 -0.116441 0.359964 0.925671 -2.8201
0.507652 -0.770197 0.386116 16.932 0.844037 0.534518 -0.0434929 -8.61386 -0.172888 0.347975 0.921425 -3.1816
0.417614 -0.792155 0.445072 18.0787 0.894364 0.444812 -0.0474959 -6.32082 -0.160349 0.417891 0.894234 -3.7579
0.300765 -0.846453 0.439384 18.9844 0.952107 0.293101 -0.0870849 -3.8924 -0.0550707 0.444533 0.894068 -4.14535
0.184565 -0.869741 0.457696 19.5888 0.979332 0.20195 -0.011156 -1.38013 -0.0827291 0.450296 0.889039 -4.26833
0.0162257 -0.881159 0.472541 20.1408 0.996463 0.0532223 0.0650292 1.06817 -0.0824508 0.469815 0.878906 -4.52667
-0.227289 -0.852754 0.470267 19.9747 0.953402 -0.0964711 0.285863 3.53108 -0.198404 0.513327 0.834944 -4.76452
-0.36849 -0.845951 0.385462 19.3234 0.890425 -0.202032 0.407832 5.92783 -0.26713 0.493507 0.827703 -5.32948
-0.366453 -0.815973 0.447102 18.2153 0.905211 -0.201524 0.374141 8.34414 -0.215187 0.541827 0.812477 -6.05128
-0.521678 -0.750161 0.406339 17.2767 0.836678 -0.356733 0.415586 10.6801 -0.166802 0.556777 0.813742 -6.52351
-0.578628 -0.709319 0.402562 15.8724 0.808612 -0.434489 0.396694 12.7669 -0.106474 0.555054 0.824971 -7.06013
-0.71984 -0.570094 0.396009 14.3697 0.6939 -0.606002 0.388928 14.8279 0.018257 0.554756 0.831812 -7.28109
-0.738459 -0.562091 0.372468 12.5814 0.671563 -0.662781 0.331248 16.6213 0.0606733 0.494748 0.866916 -7.20412
-0.811998 -0.453776 0.367077 10.6671 0.571303 -0.746664 0.340742 18.3388 0.119463 0.486394 0.865534 -7.23206
-0.857317 -0.378587 0.348825 8.47489 0.491102 -0.804658 0.333683 19.7645 0.154356 0.457381 0.875772 -6.93111
-0.904222 -0.337288 0.261952 6.20008 0.400996 -0.881568 0.24908 21.1141 0.146917 0.330265 0.932384 -6.56807
-0.964226 -0.240412 0.111667 3.88661 0.262311 -0.926094 0.271188 22.0898 0.0382173 0.290778 0.956027 -6.25061
-0.995189 -0.0722133 0.0662119 1.2835 0.0910653 -0.931076 0.353276 22.6273 0.0361371 0.357606 0.933173 -6.0254
-0.999018 0.0425901 0.0121956 -1.45076 -0.0343463 -0.918468 0.394001 22.7516 0.0279818 0.393195 0.919029 -6.01398
-0.994437 0.105163 -0.00604205 -4.1773 -0.0971729 -0.89372 0.437974 22.515 0.0406586 0.436125 0.898967 -5.98546
-0.977498 0.193569 -0.083834 -6.68929 -0.210102 -0.857945 0.468814 22.1831 0.018823 0.475879 0.879309 -5.78679
-0.940763 0.310375 -0.136501 -9.27157 -0.336481 -0.804994 0.488636 21.3981 0.0417784 0.505621 0.861744 -5.6874
-0.884441 0.40641 -0.229336 -11.5459 -0.466526 -0.75863 0.454791 20.2874 0.010851 0.509227 0.860564 -5.50937
-0.80464 0.504869 -0.312509 -13.8033 -0.593723 -0.690236 0.413602 18.9284 -0.00688967 0.518345 0.855144 -5.41866
-0.686597 0.600001 -0.410588 -15.8257 -0.725776 -0.598898 0.338481 17.2029 -0.0428113 0.530395 0.846669 -5.37422
-0.565213 0.714369 -0.412567 -17.6386 -0.823507 -0.518119 0.231062 15.165 -0.0486952 0.47035 0.881135 -5.62593
-0.443817 0.793865 -0.415698 -19.1393 -0.896099 -0.396171 0.200138 12.8842 -0.00580516 0.461332 0.887209 -5.7574
-0.376557 0.796812 -0.472541 -20.2868 -0.925817 -0.341682 0.161608 10.4361 -0.0326876 0.49834 0.866365 -5.78806
-0.208518 0.828272 -0.520082 -21.189 -0.977873 -0.185738 0.0962593 7.87658 -0.01687 0.528646 0.848675 -5.8996
-0.154015 0.855946 -0.493594 -21.7192 -0.986997 -0.110019 0.117185 5.0171 0.0459991 0.505224 0.861761 -5.88712
-0.032205 0.872253 -0.487994 -22.0447 -0.998362 -0.00497347 0.0569969 2.37487 0.0472887 0.48903 0.870984 -5.79141
0.0768663 0.875423 -0.477206 -21.9996 -0.995969 0.0896117 0.0039643 -0.255067 0.0462337 0.474977 0.878783 -5.62475
0.231223 0.851261 -0.471053 -21.6613 -0.967602 0.251673 -0.020152 -3.09136 0.101397 0.460452 0.881875 -5.40005
0.262777 0.827526 -0.496133 -20.9693 -0.954383 0.298488 -0.00762579 -5.81719 0.141779 0.475505 0.868213 -5.15105
0.371913 0.794573 -0.479931 -20.0626 -0.906884 0.421347 -0.00518971 -8.30884 0.198094 0.437172 0.877291 -4.86464
0.516727 0.70739 -0.482279 -18.8566 -0.831084 0.549753 -0.0840868 -10.6828 0.205652 0.444264 0.871973 -4.4363
0.656268 0.633771 -0.409445 -17.3167 -0.748969 0.612923 -0.251735 -12.8898 0.091416 0.471868 0.876917 -3.88006
0.682502 0.630256 -0.370093 -15.2643 -0.723362 0.654939 -0.218638 -14.9721 0.104591 0.416932 0.9029 -3.74819
0.801497 0.492021 -0.339878 -13.1869 -0.582402 0.771214 -0.256975 -16.8855 0.135681 0.403911 0.90468 -3.24235
0.893275 0.394954 -0.214641 -10.8357 -0.444003 0.849761 -0.284197 -18.3436 0.0701483 0.349168 0.934431 -2.93745
0.940112 0.2954 -0.170082 -8.30033 -0.337929 0.873048 -0.351555 -19.4818 0.0446403 0.387977 0.920587 -2.87415
0.979631 0.176459 -0.0958404 -5.64465 -0.198939 0.917794 -0.343625 -20.324 0.0273259 0.355692 0.934204 -2.74018
0.994035 0.107594 -0.0178276 -2.65481 -0.106325 0.91968 -0.377999 -20.7974 -0.0242748 0.37764 0.925634 -2.56641
0.997664 -0.0652334 0.0202978 0.0991033 0.0678769 0.912738 -0.402868 -20.9857 0.00775391 0.403304 0.915033 -2.63073
0.986303 -0.159407 0.0423842 2.98316 0.164058 0.921439 -0.352187 -20.7505 0.0170864 0.354316 0.93497 -2.65001
0.967743 -0.235201 0.0902948 5.86249 0.251384 0.925206 -0.284252 -20.296 -0.0166851 0.297781 0.954488 -2.58816
0.916701 -0.357906 0.177659 8.56529 0.395073 0.878407 -0.268923 -19.4665 -0.059808 0.31671 0.946635 -2.59699
0.829809 -0.448292 0.332344 11.1643 0.535851 0.806382 -0.250222 -18.2019 -0.155824 0.385723 0.909361 -2.58999
0.774123 -0.534149 0.339734 13.5555 0.616781 0.757259 -0.214802 -16.431 -0.14253 0.375825 0.915664 -3.24312
0.683976 -0.605556 0.406792 15.7377 0.722883 0.63757 -0.266353 -14.7014 -0.0980666 0.476242 0.873829 -3.52496
0.626192 -0.672368 0.394721 17.6679 0.770427 0.61133 -0.180878 -12.589 -0.119688 0.417369 0.900821 -3.93794
0.463502 -0.787265 0.40667 19.3219 0.875502 0.477637 -0.0732052 -10.1546 -0.136609 0.389971 0.910638 -4.50122
0.419315 -0.773016 0.476048 20.566 0.896319 0.435787 -0.081861 -7.53448 -0.144176 0.461016 0.875601 -4.97215
0.271008 -0.838813 0.472173 21.5025 0.954559 0.297376 -0.0195902 -4.82965 -0.12398 0.456026 0.881288 -5.41317
0.141021 -0.846077 0.514069 22.3669 0.983827 0.177693 0.0225695 -2.08145 -0.110442 0.502572 0.857452 -5.74039
0.00264903 -0.840144 0.542357 22.7118 0.991852 0.0712852 0.10558 0.837779 -0.127365 0.537659 0.833487 -6.03417
-0.155521 -0.86274 0.481138 22.5123 0.959689 -0.0165223 0.280579 3.75996 -0.234117 0.505378 0.830531 -6.381
-0.348197 -0.804064 0.481913 21.9873 0.916354 -0.183576 0.355802 6.33246 -0.19762 0.565492 0.800728 -7.09609
-0.41599 -0.76875 0.485774 20.8836 0.897532 -0.261177 0.355278 9.0201 -0.146247 0.583789 0.798625 -7.84492
-0.48035 -0.770931 0.418244 19.4442 0.861065 -0.323809 0.392064 11.642 -0.166823 0.548464 0.819364 -8.32725
-0.5759 -0.680105 0.453648 18.0145 0.812616 -0.415535 0.408639 14.144 -0.0894105 0.603977 0.791971 -8.8393
-0.667598 -0.581391 0.465077 16.1559 0.744477 -0.514499 0.425493 16.5406 -0.00809641 0.630298 0.776311 -8.90514
-0.724523 -0.540809 0.427308 14.2084 0.686367 -0.622761 0.375593 18.7288 0.0629862 0.565416 0.822398 -8.97431
-0.792621 -0.472404 0.38547 12.1496 0.604952 -0.688187 0.400538 20.5399 0.0760603 0.550666 0.831253 -8.63036
-0.8284 -0.370657 0.419961 9.69834 0.532713 -0.753059 0.38616 22.2794 0.173123 0.543613 0.821287 -8.37535
-0.867165 -0.299468 0.397925 7.16641 0.44507 -0.824524 0.34939 23.7967 0.223467 0.480083 0.848282 -7.70235
-0.973706 -0.179538 0.140223 4.518 0.217668 -0.91483 0.340156 24.8881 0.0672095 0.361734 0.929856 -7.26951
-0.998445 -0.0398514 0.0389797 1.45729 0.0533943 -0.884601 0.463283 25.4664 0.016019 0.464644 0.885353 -7.16427
-0.999869 0.00930616 -0.0132352 -1.55863 -0.0140661 -0.904212 0.426853 25.4946 -0.0079951 0.426983 0.904224 -7.20213
-0.991139 0.12018 -0.0565722 -4.39755 -0.132773 -0.883881 0.448471 25.3174 0.00389437 0.452009 0.892005 -7.30834
-0.953134 0.277356 -0.120871 -7.36895 -0.301115 -0.830765 0.468145 24.8408 0.0294275 0.482601 0.875346 -7.33916
-0.901583 0.392255 -0.182439 -10.1478 -0.430377 -0.770522 0.470182 23.8624 0.0438576 0.502425 0.863508 -7.23413
-0.847016 0.474976 -0.238668 -12.8558 -0.530418 -0.725687 0.438218 22.7035 0.034945 0.497772 0.866604 -7.14417
-0.761893 0.549703 -0.342558 -15.411 -0.647588 -0.636509 0.418911 21.0798 0.0122353 0.541001 0.840933 -7.05791
-0.653335 0.605758 -0.454104 -17.7238 -0.755934 -0.554804 0.347501 19.0428 -0.0414371 0.570307 0.820386 -7.06909
-0.573882 0.662217 -0.481797 -19.7312 -0.818189 -0.48879 0.302739 16.7099 -0.0350188 0.567938 0.822326 -7.12051
-0.453232 0.725127 -0.518431 -21.4398 -0.891053 -0.384612 0.241036 14.1468 -0.0246132 0.571195 0.820445 -7.26579
-0.391027 0.769066 -0.505604 -22.7304 -0.920191 -0.315577 0.231644 11.4031 0.0185927 0.555832 0.831087 -7.3751
-0.214993 0.788717 -0.575938 -23.719 -0.976351 -0.159852 0.145556 8.51675 0.0227375 0.593611 0.804431 -7.5134
-0.145586 0.84211 -0.519285 -24.2056 -0.988963 -0.109275 0.100055 5.40353 0.027512 0.52812 0.848724 -7.4619
-0.0506444 0.842714 -0.535974 -24.5808 -0.998583 -0.0339452 0.0409844 2.33212 0.0163444 0.537291 0.843239 -7.42777
0.0717495 0.81327 -0.577446 -24.6964 -0.991803 0.119544 0.0451297 -0.640658 0.105733 0.569475 0.81518 -7.36805
0.203847 0.798336 -0.566662 -24.2488 -0.968255 0.249937 0.00380821 -3.74458 0.14467 0.547897 0.823942 -6.99218
0.323848 0.776761 -0.540153 -23.5434 -0.935979 0.346355 -0.0630937 -6.66311 0.138076 0.526004 0.839199 -6.71936
0.395841 0.74562 -0.53606 -22.4045 -0.897905 0.436653 -0.0556851 -9.64312 0.192552 0.503374 0.842341 -6.34649
0.519048 0.679738 -0.518213 -20.9417 -0.835348 0.531835 -0.139088 -12.3498 0.18106 0.505082 0.843866 -5.89733
0.637897 0.626058 -0.448486 -19.1949 -0.761526 0.599548 -0.246212 -14.7475 0.114746 0.498591 0.859209 -5.42119
0.697671 0.587156 -0.410491 -16.9917 -0.709239 0.646972 -0.280012 -17.0468 0.101165 0.486492 0.867808 -5.00136
0.799645 0.449423 -0.39823 -14.6044 -0.584689 0.733819 -0.345903 -19.2969 0.136772 0.50944 0.849567 -4.62026
0.894888 0.361797 -0.261302 -12.0515 -0.442491 0.795537 -0.413912 -20.9285 0.0581233 0.486029 0.872008 -4.21207
0.947025 0.287396 -0.14334 -9.21185 -0.321113 0.854904 -0.407463 -22.0981 0.00543829 0.431906 0.901902 -4.15117
0.98089 0.165673 -0.102019 -6.09718 -0.192786 0.898332 -0.394758 -23.1173 0.0262463 0.406882 0.913104 -4.04506
0.994767 0.053706 -0.0869148 -2.97771 -0.0840328 0.913946 -0.397041 -23.6081 0.0581119 0.402267 0.913676 -3.857
0.998895 0.00929237 -0.0460663 0.282174 -0.0275413 0.910027 -0.413633 -23.7417 0.038078 0.414444 0.909278 -3.75188
0.984697 -0.172766 0.022891 3.46564 0.16461 0.878895 -0.447712 -23.7001 0.0572304 0.444629 0.893885 -3.73299
0.974278 -0.207021 0.0890175 6.62691 0.225342 0.897927 -0.378084 -23.1379 -0.00165989 0.388418 0.921482 -3.73069
0.906989 -0.373397 0.194798 9.5869 0.420674 0.825313 -0.376686 -22.18 -0.0201159 0.423597 0.905628 -3.82396
0.816829 -0.473459 0.329585 12.4962 0.570144 0.749614 -0.336176 -20.78 -0.0878962 0.462509 0.882247 -3.96059
0.794563 -0.513994 0.323234 15.0911 0.604158 0.722328 -0.336504 -18.8462 -0.0605198 0.462658 0.884469 -4.38406
0.688972 -0.607035 0.396013 17.5112 0.719838 0.636842 -0.276161 -16.7608 -0.0845585 0.475333 0.875733 -4.81869
0.583513 -0.648028 0.489461 19.7238 0.786075 0.602065 -0.140013 -14.369 -0.203955 0.466453 0.860712 -5.27104
0.448668 -0.725841 0.521395 21.6636 0.880147 0.460085 -0.116888 -11.6926 -0.155044 0.511348 0.845272 -5.92166
0.392386 -0.765072 0.510586 22.9637 0.899066 0.436222 -0.0372908 -8.78046 -0.194199 0.473683 0.859018 -6.3859
0.289878 -0.783433 0.54973 24.133 0.948108 0.313463 -0.0532222 -5.78891 -0.130624 0.536632 0.833645 -6.9289
0.148447 -0.788732 0.596545 24.7881 0.982086 0.188373 0.00467346 -2.75924 -0.116059 0.585165 0.802566 -7.26573
0.0166449 -0.772551 0.634735 25.2561 0.997392 0.0574153 0.0437266 0.503111 -0.0702245 0.632352 0.771492 -7.72154
-0.193535 -0.738588 0.64578 25.1614 0.950178 0.0228283 0.31087 3.83491 -0.244347 0.67377 0.697372 -8.09629
-0.343593 -0.749389 0.566004 24.3697 0.906309 -0.106682 0.408928 6.83096 -0.246064 0.653479 0.715833 -8.8777
-0.420846 -0.753484 0.505124 23.2007 0.883052 -0.212834 0.418236 9.79848 -0.207627 0.622064 0.754936 -9.60135
-0.498263 -0.68781 0.527874 21.8298 0.857527 -0.301065 0.417143 12.5512 -0.127991 0.660513 0.739825 -10.2883
-0.570878 -0.616354 0.542408 20.0088 0.820845 -0.414265 0.393189 15.3674 -0.0176431 0.669696 0.742426 -10.7384
-0.622314 -0.591759 0.512394 18.0436 0.782671 -0.480687 0.39543 18.04 0.0123019 0.647117 0.762291 -10.7975
-0.717582 -0.505804 0.478789 15.913 0.69335 -0.583831 0.422383 20.4922 0.0658888 0.635062 0.769646 -10.7633
-0.783521 -0.430271 0.448288 13.4978 0.60857 -0.677043 0.41383 22.5893 0.125451 0.597059 0.792327 -10.4401
-0.803863 -0.322301 0.499926 10.8645 0.554248 -0.710936 0.432872 24.5838 0.215901 0.625053 0.75013 -10.136
-0.840319 -0.257606 0.476972 8.13936 0.491415 -0.733453 0.469636 26.3257 0.228855 0.629035 0.742926 -9.2951
-0.98473 -0.117201 0.128727 5.20062 0.173274 -0.731284 0.659697 27.7396 0.016819 0.671929 0.740425 -8.61018
-0.999207 -0.00283901 0.0397118 1.67247 0.027147 -0.778205 0.627423 28.2392 0.0291227 0.628004 0.777665 -8.68574
-0.996276 0.0440793 -0.0741039 -1.69725 -0.0760254 -0.85453 0.513809 28.1357 -0.0406757 0.517529 0.854698 -8.61138
-0.987002 0.153337 -0.0481082 -4.94147 -0.15555 -0.836294 0.525753 27.8815 0.0403846 0.526402 0.849276 -8.73074
-0.959196 0.257619 -0.116515 -8.22465 -0.281301 -0.827947 0.485153 27.3318 0.0285163 0.498132 0.866632 -8.79206
-0.919566 0.353327 -0.171928 -11.2992 -0.390317 -0.770914 0.503333 26.2258 0.0452993 0.529955 0.846815 -8.85097
-0.867998 0.439034 -0.232011 -14.2912 -0.494674 -0.723737 0.481147 24.6672 0.0433253 0.532405 0.845381 -8.87673
-0.786765 0.515656 -0.339264 -17.1435 -0.617117 -0.668659 0.414804 23.0147 -0.0129559 0.535718 0.844297 -8.91557
-0.678234 0.59084 -0.436929 -19.6759 -0.734846 -0.545587 0.40291 20.8282 -0.000327052 0.594343 0.804212 -8.99247
-0.615336 0.614741 -0.493411 -21.8406 -0.786583 -0.519719 0.333435 18.1377 -0.0514586 0.593283 0.803347 -9.07461
-0.477095 0.711285 -0.516191 -23.7471 -0.878438 -0.403974 0.25525 15.3748 -0.0269726 0.57522 0.817554 -9.21873
-0.373268 0.754345 -0.540032 -25.0673 -0.926751 -0.329844 0.179822 12.2024 -0.0424788 0.567597 0.82221 -9.27159
-0.238635 0.76319 -0.600495 -26.1684 -0.970974 -0.177194 0.16066 8.98622 0.0162097 0.621404 0.783322 -9.34344
-0.142006 0.80675 -0.573575 -26.7452 -0.988597 -0.0862611 0.123428 5.73929 0.0500986 0.584562 0.809801 -9.35439
-0.0560985 0.804597 -0.591166 -27.118 -0.997614 -0.0213067 0.0656691 2.19988 0.0402413 0.593439 0.803872 -9.05485
0.0575287 0.800776 -0.596194 -27.1302 -0.994551 0.0979759 0.0356285 -1.09865 0.0869431 0.590896 0.802049 -9.01539
0.198494 0.798658 -0.568107 -26.6509 -0.973547 0.227594 -0.0201956 -4.53419 0.113169 0.557088 0.822707 -8.76233
0.31623 0.747644 -0.583975 -25.9704 -0.931612 0.360981 -0.0423274 -7.74111 0.179158 0.557423 0.810668 -8.55067
0.445269 0.706954 -0.549501 -24.6378 -0.875329 0.472881 -0.100912 -10.9869 0.188509 0.525927 0.829376 -8.03945
0.549209 0.641061 -0.536106 -23.1053 -0.814713 0.553546 -0.172711 -13.9881 0.186041 0.531627 0.826294 -7.50569
0.65734 0.529145 -0.536571 -21.1712 -0.724025 0.640941 -0.254916 -16.5763 0.209023 0.556058 0.804431 -6.92332
0.695782 0.567193 -0.440658 -18.6887 -0.709482 0.638324 -0.298626 -19.0992 0.111905 0.520418 0.846548 -6.51623
0.805353 0.448031 -0.388168 -16.0359 -0.583881 0.712662 -0.38884 -21.58 0.10242 0.539797 0.835541 -6.19191
0.900134 0.302409 -0.31354 -13.2415 -0.42083 0.789599 -0.446581 -23.4115 0.112521 0.53393 0.838008 -5.88334
0.948635 0.257885 -0.183267 -10.0288 -0.314048 0.837672 -0.446855 -24.7689 0.0382801 0.481457 0.875633 -5.46552
0.970205 0.177786 -0.164602 -6.63986 -0.235715 0.849756 -0.471544 -25.8432 0.0560377 0.496294 0.866344 -5.3627
0.994151 0.0655814 -0.0858027 -3.2928 -0.0985482 0.875872 -0.472374 -26.4823 0.0441732 0.478067 0.877212 -5.14431
0.999953 -0.00940376 -0.00215847 0.219181 0.00750506 0.898703 -0.438494 -26.559 0.00606331 0.438457 0.898732 -5.05316
0.988277 -0.113291 0.102339 3.82423 0.14778 0.878172 -0.454945 -26.4051 -0.0383295 0.464736 0.884619 -5.10509
0.965757 -0.227113 0.125432 7.21741 0.259161 0.867215 -0.425175 -25.8021 -0.0122137 0.443122 0.896378 -5.07801
0.899668 -0.37765 0.219036 10.7014 0.435922 0.804484 -0.403457 -24.652 -0.0238454 0.458461 0.888395 -5.18895
0.840326 -0.408991 0.355779 13.8616 0.534324 0.735572 -0.416451 -23.0441 -0.0913761 0.540056 0.836654 -5.31458
0.746297 -0.495687 0.444225 16.6153 0.646342 0.699112 -0.305751 -21.027 -0.159006 0.515303 0.842128 -5.73694
0.74542 -0.492753 0.448937 19.2551 0.652427 0.677425 -0.339756 -18.6027 -0.136705 0.546159 0.826451 -6.29052
0.609063 -0.570405 0.551072 21.7164 0.772978 0.582508 -0.251376 -16.2323 -0.177618 0.57907 0.795695 -6.77775
0.477577 -0.657628 0.582619 23.6905 0.855503 0.499095 -0.137912 -13.1146 -0.200087 0.564296 0.800959 -7.58927
0.380189 -0.721215 0.579055 25.195 0.910559 0.401716 -0.0975051 -10.0137 -0.162294 0.564334 0.809437 -8.17111
0.266744 -0.751844 0.602974 26.5508 0.956231 0.284551 -0.068214 -6.76696 -0.120291 0.594779 0.794839 -8.65276
0.147553 -0.782926 0.604363 27.2466 0.979241 0.201506 0.0219648 -3.2677 -0.13898 0.588576 0.796406 -9.26058
0.00811614 -0.780687 0.62487 27.485 0.982019 0.124085 0.142272 0.21396 -0.188607 0.612479 0.767657 -9.67507
-0.122137 -0.725549 0.677246 27.283 0.977245 0.0313145 0.209788 3.68782 -0.173419 0.687458 0.705214 -10.3823
-0.273103 -0.700406 0.659429 26.6343 0.955449 -0.117721 0.270663 7.13689 -0.111945 0.70397 0.701352 -11.006
-0.40017 -0.659101 0.63675 25.4083 0.902022 -0.160507 0.400742 10.3569 -0.161927 0.734727 0.658753 -11.5093
-0.489585 -0.624894 0.608124 23.7527 0.863974 -0.253503 0.435069 13.5097 -0.117711 0.738406 0.664003 -12.1694
-0.542736 -0.598665 0.589099 21.8168 0.839553 -0.36643 0.401098 16.5379 -0.0242595 0.71227 0.701486 -12.8159
-0.585572 -0.574215 0.572173 19.7521 0.8106 -0.419717 0.408368 19.4676 0.00565977 0.702933 0.711233 -12.8192
-0.769637 -0.407528 0.491509 17.5447 0.633462 -0.583726 0.507928 22.2352 0.0799119 0.702272 0.70741 -12.7815
-0.790643 -0.392439 0.469973 14.807 0.602892 -0.632873 0.485791 24.4931 0.10679 0.667431 0.736975 -12.5255
-0.823679 -0.291836 0.486194 11.8937 0.537628 -0.674528 0.505933 26.7001 0.180302 0.678117 0.712494 -12.0248
-0.875348 -0.243398 0.417761 8.70171 0.456702 -0.69988 0.549174 28.4933 0.158715 0.67151 0.723798 -11.404
-0.960262 -0.144608 0.238714 5.48956 0.266903 -0.725871 0.633936 29.9153 0.081603 0.672458 0.735623 -10.8075
-0.997123 -0.0122639 0.0748012 1.94158 0.0586964 -0.749333 0.659586 30.6924 0.0479619 0.662079 0.747898 -10.6715
-0.998865 0.0421918 -0.0221077 -1.73776 -0.0468748 -0.788198 0.613634 30.7059 0.00846504 0.613973 0.789281 -10.4514
-0.981707 0.158004 -0.106232 -5.41343 -0.189966 -0.775367 0.602261 30.4231 0.0127909 0.611425 0.791199 -10.4543
-0.95968 0.219132 -0.176057 -8.91051 -0.280802 -0.775983 0.564802 29.8059 -0.0128509 0.591466 0.806228 -10.4944
-0.914047 0.333596 -0.23072 -12.3944 -0.405491 -0.765215 0.500023 28.6083 -0.00974431 0.5506 0.834713 -10.5367
-0.879725 0.396331 -0.26269 -15.6159 -0.473286 -0.676841 0.563813 26.9124 0.0456576 0.620328 0.783012 -10.6444
-0.819007 0.470236 -0.328794 -18.7282 -0.57363 -0.684289 0.450219 24.8333 -0.0132809 0.557339 0.830179 -10.6341
-0.673408 0.598081 -0.434535 -21.5231 -0.7386 -0.519261 0.429929 22.5311 0.0314957 0.610465 0.791417 -10.7887
-0.59226 0.613709 -0.522102 -23.7823 -0.804803 -0.481933 0.346457 19.7013 -0.0389947 0.625381 0.779344 -10.8898
-0.399665 0.71778 -0.570139 -25.9683 -0.916417 -0.298521 0.26658 16.5456 0.0211478 0.629029 0.777095 -11.0328
-0.371126 0.720369 -0.585947 -27.1792 -0.92855 -0.293185 0.227679 13.0865 -0.00777803 0.628578 0.777707 -10.9878
-0.273642 0.728946 -0.627501 -28.3223 -0.96113 -0.232153 0.149448 9.59574 -0.0367371 0.644005 0.764139 -11.1883
-0.163702 0.755376 -0.634515 -29.0652 -0.985854 -0.101816 0.133136 6.06352 0.0359642 0.647333 0.761358 -11.2097
-0.107224 0.763432 -0.636926 -29.3711 -0.993828 -0.0639694 0.0906318 2.2978 0.0284475 0.642713 0.765579 -10.9575
0.0829803 0.764835 -0.638859 -29.5443 -0.994175 0.107779 -9.97385e-05 -1.36129 0.0687794 0.635146 0.769324 -10.8341
0.175733 0.758548 -0.627474 -28.9428 -0.979893 0.195962 -0.0375359 -5.12651 0.094488 0.621454 0.777732 -10.5161
0.28856 0.742894 -0.604021 -28.2412 -0.953398 0.281006 -0.109854 -8.78238 0.0881234 0.607572 0.789361 -10.182
0.478078 0.645443 -0.595688 -26.8936 -0.855643 0.495362 -0.149971 -12.4177 0.198283 0.581394 0.789091 -9.89593
0.572643 0.576493 -0.582869 -24.9546 -0.78944 0.579481 -0.202448 -15.5655 0.221052 0.576071 0.786943 -9.21954
0.659294 0.544821 -0.518171 -22.7111 -0.736809 0.605465 -0.300873 -18.5576 0.149812 0.580157 0.800608 -8.63962
0.684903 0.542613 -0.486292 -20.1998 -0.721132 0.600323 -0.345806 -21.1099 0.104293 0.587524 0.802458 -8.17013
0.817098 0.381018 -0.432638 -17.4674 -0.555186 0.722237 -0.412484 -23.7762 0.155303 0.577234 0.801674 -7.96156
0.882746 0.324619 -0.339678 -14.172 -0.459144 0.74944 -0.476997 -25.6657 0.0997264 0.577029 0.810612 -7.40477
0.915093 0.286068 -0.284201 -10.7664 -0.393842 0.785348 -0.477617 -27.2685 0.0865656 0.548994 0.831331 -7.00418
0.972933 0.12984 -0.191159 -7.22612 -0.211462 0.833836 -0.509903 -28.4497 0.0931896 0.536524 0.838724 -6.85017
0.995197 0.0435354 -0.087681 -3.43131 -0.0823627 0.856474 -0.509576 -29.0258 0.052912 0.51435 0.855946 -6.59521
0.999225 -0.033764 -0.0202555 0.352762 0.0187518 0.860434 -0.509217 -29.2252 0.0346217 0.508443 0.860399 -6.43192
0.994096 -0.0629375 0.0883904 4.17067 0.0996307 0.852128 -0.513763 -28.9572 -0.042985 0.519535 0.853367 -6.47555
0.95239 -0.243285 0.183757 7.96056 0.302887 0.823856 -0.479083 -28.5231 -0.0348363 0.511931 0.85832 -6.47234
0.906637 -0.353291 0.23064 11.6511 0.421535 0.781575 -0.459834 -27.2428 -0.0178073 0.514126 0.85753 -6.67372
0.849904 -0.370193 0.374993 15.1459 0.513764 0.740294 -0.433603 -25.2429 -0.117088 0.561179 0.819371 -6.92701
0.751174 -0.488292 0.444194 18.225 0.652872 0.648906 -0.390742 -23.1716 -0.0974443 0.583517 0.806233 -7.44218
0.712782 -0.488749 0.503058 20.8843 0.685971 0.635318 -0.354703 -20.5745 -0.146241 0.597909 0.788111 -8.04186
0.550643 -0.606955 0.57306 23.4064 0.82486 0.500958 -0.262005 -17.9145 -0.128054 0.616966 0.776502 -8.73809
0.50776 -0.611674 0.606658 25.5026 0.843505 0.496158 -0.205734 -14.6521 -0.175156 0.616183 0.76788 -9.31404
0.413197 -0.653865 0.63382 27.375 0.892557 0.428818 -0.139492 -11.2225 -0.180585 0.623358 0.760798 -9.87467
0.184744 -0.724861 0.663661 28.919 0.977614 0.204734 -0.0485253 -7.65681 -0.1007 0.657769 0.746458 -10.65
0.100113 -0.742529 0.66229 29.6045 0.98757 0.155219 0.024742 -3.92774 -0.121172 0.651581 0.748839 -11.1749
-0.0442292 -0.729358 0.682701 29.8744 0.987836 0.0700462 0.138831 -0.116238 -0.149078 0.680536 0.717388 -11.7251
-0.180905 -0.693452 0.697422 29.5311 0.969551 -0.00673289 0.244799 3.69741 -0.16506 0.720471 0.673555 -12.5219
-0.278076 -0.675222 0.683191 28.6845 0.944364 -0.0621231 0.322981 7.36586 -0.175642 0.734994 0.65493 -13.2596
-0.434481 -0.625124 0.648418 27.3816 0.885938 -0.166895 0.432736 10.8148 -0.162296 0.762474 0.626333 -13.9374
-0.469685 -0.610848 0.637386 25.6786 0.869699 -0.196069 0.452968 14.2571 -0.151723 0.767086 0.623345 -14.5493
-0.557818 -0.52225 0.645054 23.7623 0.829808 -0.365956 0.421301 17.5864 0.016037 0.77028 0.637504 -15.1688
-0.592821 -0.510223 0.623086 21.3871 0.804419 -0.412039 0.427942 20.7637 0.0383894 0.754915 0.654698 -15.1517
-0.726909 -0.363722 0.582503 18.7878 0.670068 -0.561392 0.485641 23.839 0.150374 0.743334 0.651799 -15.111
-0.759081 -0.354258 0.546166 15.8446 0.635311 -0.58618 0.502765 26.3653 0.142043 0.728625 0.670022 -14.5957
-0.858378 -0.234179 0.456451 12.8748 0.484162 -0.663982 0.569838 28.7418 0.169631 0.710133 0.683328 -14.0404
-0.891074 -0.241278 0.38441 9.45324 0.441286 -0.658558 0.609564 30.4373 0.106082 0.712801 0.693297 -13.3413
-0.96813 -0.0835373 0.236104 5.88562 0.224102 -0.709841 0.66776 32.0405 0.111814 0.69939 0.70594 -12.8826
-0.996243 -0.0361046 0.0787155 2.01015 0.0803117 -0.725238 0.683798 32.8517 0.0323993 0.68755 0.725413 -12.636
-0.999705 0.0138293 -0.0199761 -1.88774 -0.0236148 -0.746399 0.66508 32.9863 -0.00571252 0.665355 0.746505 -12.3554
-0.987878 0.105783 -0.113606 -5.84324 -0.154283 -0.749789 0.643438 32.8054 -0.0171159 0.653166 0.757021 -12.3757
-0.969777 0.146588 -0.195049 -9.58886 -0.23781 -0.746685 0.621215 32.0606 -0.0545776 0.648825 0.758978 -12.3548
-0.906603 0.351428 -0.233601 -13.2736 -0.419224 -0.686861 0.593694 30.9107 0.0481891 0.636176 0.770037 -12.5094
-0.872203 0.359796 -0.331375 -16.758 -0.488693 -0.670072 0.558733 29.0316 -0.0210148 0.649269 0.760269 -12.3658
-0.814105 0.441579 -0.377148 -20.1108 -0.580133 -0.647542 0.4941 26.996 -0.0260354 0.621045 0.783342 -12.329
