0.999988 -0.000631625 0.00487495 0.000156662 0.00064213 0.999997 -0.00215363 1.00752e-05 -0.00487358 0.00215674 0.999986 0.00175692
0.979183 -0.199977 0.0347809 0.347016 0.197677 0.978411 0.0602891 -0.0873931 -0.0460864 -0.0521587 0.997575 0.047532
0.873696 -0.482947 0.0584665 0.552368 0.474929 0.872807 0.112473 0.0167312 -0.105349 -0.0705002 0.991933 -0.0436925
0.825607 -0.563102 0.0359004 0.667788 0.553263 0.82039 0.144432 0.00594556 -0.110782 -0.0993815 0.988863 -0.263014
0.728467 -0.685054 -0.00601842 0.767513 0.677961 0.719606 0.150119 0.0862438 -0.0985087 -0.113437 0.98865 -0.414529
0.692802 -0.720627 -0.0268641 1.03361 0.718103 0.686009 0.117127 0.222231 -0.0659757 -0.100437 0.992754 -0.503238
0.538126 -0.841585 -0.046419 1.16352 0.841307 0.53297 0.0902556 0.349972 -0.0512178 -0.0876215 0.994836 -0.518753
0.416625 -0.905288 -0.0829276 1.43493 0.906723 0.407251 0.109546 0.452183 -0.0653984 -0.120832 0.990516 -0.618371
0.292874 -0.95613 0.00636176 1.68692 0.950156 0.291775 0.109866 0.698548 -0.106902 -0.0261322 0.993926 -0.454602
0.179648 -0.983608 0.0155403 1.87292 0.975042 0.180134 0.129786 0.921077 -0.130457 -0.00816329 0.99142 -0.517559
0.0696084 -0.997542 0.00801445 2.02537 0.990632 0.0700679 0.117216 1.3 -0.117489 -0.000219834 0.993074 -0.672631
0.0680485 -0.997184 -0.0315209 2.03859 0.99172 0.0641593 0.111241 1.7037 -0.108906 -0.0388298 0.993293 -0.779065
-0.00198944 -0.998944 -0.0459084 2.04016 0.993061 -0.00737157 0.117367 2.27257 -0.117582 -0.0453564 0.992027 -0.863984
-0.227691 -0.973217 0.0317067 2.01494 0.964155 -0.220775 0.147188 2.35514 -0.136246 0.0640835 0.9886 -0.803352
-0.399556 -0.913251 -0.0795422 1.97545 0.900801 -0.407236 0.150716 2.76299 -0.170034 -0.011432 0.985372 -0.833457
-0.519473 -0.854293 -0.0181837 1.75268 0.840223 -0.514558 0.171042 3.01236 -0.155476 0.0735732 0.985096 -0.993581
-0.574418 -0.818438 -0.0142916 1.70161 0.806709 -0.568974 0.159651 3.48897 -0.138796 0.0801774 0.98707 -1.0767
-0.599172 -0.799869 0.0346712 1.44219 0.794923 -0.589193 0.144737 3.89364 -0.0953424 0.114283 0.988863 -1.18865
-0.686909 -0.725401 0.0441634 1.01169 0.726025 -0.68226 0.0860711 4.20847 -0.0323051 0.0911867 0.99531 -1.14448
-0.798783 -0.59545 0.0859384 0.76059 0.600125 -0.798689 0.0441161 4.39203 0.0423691 0.086813 0.995323 -1.15567
-0.863391 -0.472527 0.176846 0.494491 0.486916 -0.872199 0.0467142 4.71427 0.132171 0.126442 0.983129 -1.14932
-0.904678 -0.376165 0.200146 -0.00989465 0.399951 -0.911664 0.0943845 4.80795 0.146962 0.165436 0.975209 -0.904932
-0.939836 -0.280626 0.194829 -0.364003 0.293597 -0.955065 0.0406378 5.08394 0.17467 0.095394 0.979995 -0.879132
-0.972768 -0.150783 0.17603 -0.710433 0.161012 -0.985914 0.0452674 5.29701 0.166725 0.0723776 0.983343 -0.694443
-0.981663 -0.0881636 0.169009 -1.12717 0.102432 -0.991706 0.077636 5.37496 0.160762 0.0935243 0.982552 -0.631826
-0.989827 0.0728203 0.122229 -1.60372 -0.0609652 -0.99331 0.0980788 5.39185 0.128554 0.0896292 0.987644 -0.503872
-0.977424 0.197217 0.0758129 -1.98974 -0.184773 -0.971875 0.146006 5.41269 0.102476 0.128701 0.986375 -0.402716
-0.930807 0.363056 0.0422899 -2.54279 -0.354088 -0.924362 0.14204 5.41244 0.0906598 0.117238 0.988957 -0.345262
-0.866982 0.4965 0.0427703 -2.90664 -0.495404 -0.867997 0.0340028 5.20191 0.0540069 0.00829127 0.998506 -0.436194
-0.798921 0.601425 -0.00364436 -3.18064 -0.601166 -0.798366 0.0348099 4.95206 0.018026 0.0300012 0.999387 -0.324097
-0.660553 0.748206 -0.0621052 -3.56142 -0.750655 -0.656673 0.0727803 4.70566 0.0136719 0.0946948 0.995412 -0.396685
-0.580674 0.810757 -0.0741016 -3.91521 -0.813781 -0.575323 0.0822496 4.3957 0.0240521 0.108063 0.993853 -0.34138
-0.507588 0.860694 -0.0394965 -4.18558 -0.8601 -0.503469 0.0821401 4.1538 0.0508122 0.0756643 0.995838 -0.325585
-0.445517 0.893821 -0.0509718 -4.65644 -0.893278 -0.440004 0.0919262 3.55963 0.0597378 0.0864867 0.99446 -0.240406
-0.310386 0.950157 -0.0293644 -4.72968 -0.943582 -0.304195 0.130838 3.05734 0.115384 0.0683179 0.990969 -0.192929
-0.162935 0.986506 -0.0160594 -4.79016 -0.980052 -0.159948 0.117957 2.61775 0.113796 0.0349583 0.992889 -0.334053
-0.103274 0.994652 -0.00138177 -4.91026 -0.991867 -0.102881 0.0749375 2.02999 0.0743945 0.00910965 0.997187 -0.4095
0.0156262 0.999519 -0.0267821 -4.88405 -0.997646 0.0173746 0.066343 1.62477 0.0667764 0.0256824 0.997437 -0.325178
0.228487 0.973517 -0.00769923 -4.97125 -0.973215 0.228608 0.0242903 1.16128 0.0254071 0.001943 0.999675 -0.395816
0.291288 0.954426 -0.0649841 -4.76667 -0.955472 0.293611 0.0294148 0.502332 0.0471542 0.0535223 0.997453 -0.26952
0.335256 0.935286 -0.113328 -4.50472 -0.936577 0.343898 0.0675061 -0.140395 0.102111 0.0835084 0.991262 -0.281899
0.455505 0.8845 -0.100872 -4.27449 -0.87829 0.464998 0.111279 -0.690005 0.145332 0.0379065 0.988657 -0.254067
0.606221 0.789341 -0.09714 -3.81602 -0.774902 0.613736 0.151176 -1.25338 0.178948 -0.0163724 0.983722 -0.266027
0.6606 0.745487 -0.0886369 -3.35495 -0.724564 0.664013 0.184645 -1.56756 0.196506 -0.0577532 0.9788 -0.201698
0.803033 0.575572 -0.154449 -3.02064 -0.562785 0.817686 0.121088 -1.98534 0.195986 -0.0103159 0.980552 -0.201551
0.891651 0.437371 -0.116898 -2.77203 -0.423732 0.897167 0.12467 -2.35747 0.159404 -0.0616291 0.985288 -0.365494
0.930519 0.341276 -0.132906 -2.31655 -0.329404 0.938489 0.103591 -2.66355 0.160084 -0.0526133 0.9857 -0.232532
0.972367 0.192939 -0.131446 -1.78965 -0.174748 0.974862 0.138228 -2.96603 0.154811 -0.111438 0.981639 -0.19242
0.991161 -0.0168479 -0.131588 -1.18761 0.0383151 0.985987 0.16236 -3.0859 0.127009 -0.165967 0.977918 -0.0551019
0.989488 -0.114281 -0.0886171 -0.653367 0.122645 0.987844 0.0955123 -3.11137 0.0766247 -0.105377 0.991476 0.0372671
0.989731 -0.140269 -0.0275144 0.126312 0.142347 0.984725 0.100272 -3.00932 0.0130289 -0.103159 0.99458 -0.0401336
0.918683 -0.392422 0.04501 0.821582 0.387148 0.917169 0.0944333 -3.04254 -0.0783395 -0.0693288 0.994513 0.130112
0.902933 -0.42033 0.0896374 1.77735 0.418023 0.907368 0.0440441 -2.71848 -0.0998472 -0.0022984 0.995 0.0928
0.852532 -0.5181 0.0690091 2.26819 0.50869 0.852794 0.118226 -2.49504 -0.120104 -0.0656874 0.990586 -0.100948
0.785272 -0.61781 0.0407218 2.78808 0.609349 0.782824 0.126018 -2.13906 -0.109733 -0.0741449 0.991192 -0.155237
0.676319 -0.734451 0.0563485 3.30359 0.733991 0.678384 0.0324467 -1.81898 -0.0620564 0.0194149 0.997884 -0.276834
0.587827 -0.808883 0.0129276 3.81235 0.808467 0.587947 0.0264454 -1.2895 -0.028992 -0.00509379 0.999567 -0.420854
0.507616 -0.859125 0.0650446 4.29778 0.860563 0.509241 0.0102414 -0.729642 -0.041922 0.0507763 0.99783 -0.347402
0.405235 -0.912704 0.0524981 4.59611 0.908894 0.408397 0.0843957 -0.18815 -0.0984684 0.0135152 0.995048 -0.428889
0.292286 -0.954161 0.0643932 4.82991 0.947292 0.298102 0.117359 0.478395 -0.131175 0.026697 0.991 -0.558395
0.146235 -0.984877 0.0929113 5.13139 0.98369 0.154714 0.0917495 1.15611 -0.104737 0.0779789 0.991438 -0.708987
0.0112704 -0.999433 0.0317316 5.11808 0.995635 0.0141567 0.0922573 1.63648 -0.0926542 0.0305533 0.995229 -0.831384
-0.0602895 -0.995252 0.0764048 5.0862 0.993164 -0.0521461 0.104428 2.44548 -0.0999484 0.0821785 0.991593 -0.873262
-0.117948 -0.989066 0.0885298 5.02952 0.983399 -0.103959 0.148727 3.15272 -0.137898 0.104602 0.984907 -1.03925
-0.289616 -0.954691 0.0684697 4.85106 0.942476 -0.271973 0.194344 3.79346 -0.166916 0.120816 0.978541 -1.06187
-0.31539 -0.945655 0.0791551 4.47154 0.937147 -0.297256 0.182742 4.57339 -0.149282 0.131815 0.979969 -1.23201
-0.462915 -0.882426 0.0838652 4.04091 0.877189 -0.442442 0.186505 5.12589 -0.127471 0.159902 0.978868 -1.37291
-0.637134 -0.759802 0.129464 3.81318 0.768086 -0.611949 0.188579 5.69979 -0.0640575 0.219589 0.973487 -1.47758
-0.708379 -0.68708 0.161621 3.17458 0.705832 -0.689882 0.160822 6.28491 0.00100182 0.228 0.973661 -1.41589
-0.794276 -0.570359 0.209324 2.46082 0.601548 -0.786608 0.139239 6.7718 0.0852399 0.236513 0.967882 -1.53287
-0.856479 -0.467369 0.21911 1.86378 0.497774 -0.860181 0.110951 7.18765 0.136619 0.204095 0.969371 -1.59518
-0.906348 -0.374974 0.19475 1.20251 0.395913 -0.914671 0.0814266 7.5865 0.1476 0.150905 0.977467 -1.49571
-0.945747 -0.256041 0.200013 0.503874 0.279058 -0.955417 0.0964571 7.99043 0.166399 0.147039 0.975034 -1.33874
-0.963941 -0.189168 0.187173 -0.396258 0.214539 -0.968554 0.125998 8.28239 0.157452 0.161611 0.974213 -1.02977
-0.973942 0.113084 0.196595 -0.987425 -0.0885854 -0.987647 0.12925 8.39062 0.208782 0.108467 0.971928 -0.952912
-0.983037 0.109071 0.147449 -1.86884 -0.0907766 -0.987922 0.12558 8.43533 0.159365 0.110065 0.981065 -0.915571
-0.971516 0.226569 0.0694438 -2.66877 -0.21589 -0.96706 0.134859 8.40408 0.0977111 0.116025 0.988428 -0.812493
-0.929109 0.36672 0.0476778 -3.58731 -0.360457 -0.926868 0.104822 8.16627 0.0826312 0.0802048 0.993348 -0.558876
-0.886619 0.462401 0.00960366 -4.32213 -0.458077 -0.880816 0.119702 7.89977 0.0638091 0.10173 0.992763 -0.481302
-0.826554 0.562604 -0.0169101 -5.0309 -0.562043 -0.823369 0.0785513 7.50624 0.03027 0.0744311 0.996767 -0.583713
-0.725608 0.683973 -0.0753245 -5.74252 -0.687435 -0.725384 0.0353812 6.89136 -0.0304394 0.0774536 0.996531 -0.683028
-0.636755 0.762249 -0.116272 -6.36397 -0.771002 -0.631371 0.0832276 6.20121 -0.00997063 0.142642 0.989724 -0.728694
-0.490956 0.867536 -0.0796442 -6.81398 -0.870429 -0.484668 0.0863158 5.70018 0.0362811 0.111702 0.993079 -0.682631
-0.340365 0.933342 -0.114124 -7.19211 -0.939631 -0.333055 0.0785368 4.98401 0.035292 0.133966 0.990357 -0.552742
-0.252691 0.959386 -0.125405 -7.54127 -0.966051 -0.242967 0.0878206 4.0346 0.0537846 0.143339 0.988211 -0.554657
-0.194052 0.975841 -0.100387 -7.82586 -0.979542 -0.187186 0.0738891 3.13816 0.053313 0.112671 0.992201 -0.471543
-0.0424196 0.987982 -0.148635 -7.97235 -0.995911 -0.0299367 0.0852373 2.31633 0.0797633 0.151643 0.985212 -0.532247
0.0965654 0.98416 -0.148677 -8.04044 -0.99532 0.0960374 -0.0107437 1.55385 0.00370506 0.149019 0.988827 -0.363695
0.246376 0.961524 -0.121531 -7.80724 -0.96911 0.245859 -0.0194692 0.514713 0.0111594 0.122574 0.992397 -0.529905
0.301748 0.937127 -0.175333 -7.55298 -0.953246 0.299724 -0.038559 -0.370675 0.0164169 0.178771 0.983754 -0.4399
0.396731 0.90808 -0.13415 -7.23959 -0.915797 0.401526 0.00963819 -1.22051 0.0626169 0.11903 0.990914 -0.44809
0.565082 0.811833 -0.147003 -6.89639 -0.816489 0.575859 0.0416188 -2.11813 0.118441 0.0965083 0.98826 -0.494172
0.600712 0.769204 -0.217878 -6.25336 -0.777486 0.625548 0.0648449 -3.10206 0.186172 0.130444 0.97382 -0.499474
0.695366 0.697319 -0.173818 -5.52181 -0.689104 0.71562 0.114122 -3.74669 0.203967 0.0404223 0.978143 -0.287906
0.763553 0.634203 -0.121545 -4.8223 -0.621832 0.772883 0.126398 -4.43719 0.174102 -0.0209314 0.984505 -0.317341
0.867206 0.474156 -0.152087 -4.11753 -0.471041 0.880187 0.0582369 -5.05998 0.161478 0.0211355 0.98665 -0.189563
0.928838 0.347166 -0.129368 -3.21681 -0.343125 0.937791 0.0530422 -5.49986 0.139735 -0.00487822 0.990177 -0.124622
0.961604 0.236132 -0.139858 -2.16645 -0.229289 0.971291 0.0634032 -5.94764 0.150814 -0.0289007 0.98814 0.0666216
0.987891 0.071672 -0.137605 -1.21327 -0.0664366 0.996895 0.0422762 -6.07862 0.140207 -0.0326223 0.989585 0.105666
0.995794 -0.0296273 -0.0867034 -0.243752 0.0320922 0.999115 0.0271749 -6.14447 0.0858216 -0.0298431 0.995863 0.289417
0.9835 -0.170252 -0.0611704 0.82513 0.173675 0.983219 0.0558269 -5.98395 0.0506393 -0.0655296 0.996565 0.329994
0.95502 -0.29374 0.0406598 1.96913 0.286059 0.948695 0.134714 -5.79795 -0.0781447 -0.117024 0.99005 0.220827
0.898169 -0.409901 0.158977 2.91774 0.402346 0.912106 0.0786151 -5.52253 -0.177228 -0.00664591 0.984147 0.241788
0.867928 -0.46896 0.163637 3.84706 0.469432 0.882141 0.0382302 -5.13152 -0.16228 0.0436356 0.98578 -0.0849112
0.792172 -0.597719 0.12327 4.73246 0.599335 0.80002 0.027672 -4.53213 -0.115158 0.0519588 0.991987 -0.0210535
0.757916 -0.646475 0.0873672 5.53215 0.647605 0.76175 0.0185669 -3.84062 -0.078555 0.0425072 0.996003 -0.349133
0.664728 -0.743737 0.0706513 6.21762 0.744037 0.667583 0.0272345 -3.10543 -0.0674209 0.0344637 0.997129 -0.554264
0.52534 -0.843698 0.110414 6.83468 0.846936 0.530975 0.0276556 -2.2885 -0.0819602 0.0789853 0.993501 -0.655501
0.433639 -0.891792 0.129091 7.28431 0.897142 0.440678 0.0306576 -1.41677 -0.0842276 0.102518 0.991159 -0.806469
0.253907 -0.954509 0.156349 7.76137 0.965116 0.260698 0.0242342 -0.492886 -0.0638915 0.144741 0.987405 -0.903878
0.182098 -0.973586 0.137736 8.09309 0.980844 0.189711 0.0442178 0.645099 -0.0691799 0.127045 0.989482 -0.99288
-0.039014 -0.988622 0.145275 8.1976 0.996043 -0.0268589 0.084711 1.5494 -0.0798453 0.148005 0.985758 -1.08031
-0.14188 -0.973774 0.177858 8.23304 0.987603 -0.127059 0.0921775 2.49251 -0.0671617 0.188731 0.979729 -1.335
-0.29183 -0.943772 0.155338 8.10823 0.95072 -0.268443 0.155145 3.56218 -0.104722 0.192959 0.975602 -1.42665
-0.382844 -0.894793 0.229732 7.80377 0.918621 -0.342407 0.197211 4.64605 -0.0978009 0.286538 0.953064 -1.50372
-0.494857 -0.857381 0.141472 7.31483 0.865333 -0.47132 0.170461 5.63067 -0.0794715 0.206774 0.975156 -1.7799
-0.613789 -0.78018 0.120759 6.72901 0.78577 -0.58893 0.189018 6.51891 -0.0763493 0.210906 0.97452 -2.01251
-0.673593 -0.730775 0.110633 6.16012 0.733633 -0.642899 0.220145 7.54321 -0.0897502 0.229452 0.969173 -2.16714
-0.745477 -0.642077 0.178891 5.28994 0.665732 -0.704121 0.247012 8.32983 -0.0326399 0.303235 0.952357 -2.20528
-0.764825 -0.612761 0.198914 4.25897 0.643989 -0.735747 0.20965 9.07345 0.0178847 0.288444 0.95733 -2.3062
-0.850297 -0.497395 0.172027 3.36027 0.522553 -0.836817 0.16333 9.82754 0.0627154 0.228772 0.971458 -2.279
-0.901763 -0.362584 0.23528 2.33114 0.408539 -0.892738 0.190039 10.4358 0.141138 0.267491 0.953168 -2.16792
-0.946836 -0.202307 0.250148 1.22553 0.252465 -0.949174 0.187964 10.9714 0.199407 0.241124 0.949787 -1.90294
-0.975292 -0.145621 0.166131 0.141973 0.180164 -0.959482 0.216646 11.128 0.127852 0.241224 0.962011 -1.55928
-0.979353 0.000451139 0.202158 -1.21263 0.060591 -0.95337 0.29566 11.3288 0.192865 0.301804 0.933658 -1.29217
-0.987104 0.104874 0.120945 -2.31554 -0.0750275 -0.970487 0.229184 11.4374 0.141411 0.217155 0.96584 -1.13836
-0.952956 0.299283 0.0480089 -3.42738 -0.280324 -0.930444 0.235991 11.3991 0.115298 0.211431 0.970569 -1.05601
-0.921025 0.389027 0.0192565 -4.66619 -0.379561 -0.907516 0.179854 11.0362 0.0874435 0.158341 0.983505 -0.897956
-0.823834 0.560138 -0.0868453 -5.7423 -0.566787 -0.812151 0.138432 10.6574 0.00700947 0.163268 0.986557 -0.833305
-0.802255 0.574288 -0.163034 -6.76925 -0.591348 -0.801905 0.0851828 9.96618 -0.081818 0.164748 0.982936 -0.773266
-0.681742 0.70508 -0.195167 -7.7072 -0.72628 -0.684355 0.0646181 9.19557 -0.0880026 0.185799 0.978639 -0.885015
-0.625933 0.754588 -0.196987 -8.59591 -0.778753 -0.618319 0.105952 8.10121 -0.0418505 0.219724 0.974664 -1.14684
-0.522796 0.83948 -0.14818 -9.32332 -0.852312 -0.511536 0.109066 7.22083 0.0157594 0.183315 0.982928 -1.16795
-0.432145 0.872979 -0.226182 -9.98452 -0.899673 -0.400111 0.17464 6.06869 0.0619592 0.27896 0.958302 -1.11918
-0.307957 0.918621 -0.247583 -10.5947 -0.95138 -0.299039 0.0738341 4.90392 -0.00621143 0.258283 0.966049 -1.00409
-0.13527 0.943462 -0.302624 -10.8282 -0.990384 -0.119803 0.0691922 3.76004 0.0290249 0.309073 0.950595 -1.04736
-0.0455454 0.974861 -0.21811 -11.0182 -0.996085 -0.0277605 0.0839233 2.39227 0.0757587 0.221078 0.972309 -1.01654
0.0946921 0.959578 -0.265034 -10.9339 -0.995492 0.0927113 -0.020003 1.27014 0.00537719 0.265734 0.964031 -0.828712
0.274002 0.943893 -0.184359 -10.796 -0.961695 0.267304 -0.0607512 -0.126837 -0.00806264 0.193943 0.98098 -1.00084
0.398109 0.89503 -0.201074 -10.4857 -0.917337 0.388125 -0.0886084 -1.29604 -0.00126548 0.219728 0.97556 -1.10825
0.496762 0.843524 -0.204195 -9.93877 -0.867328 0.490946 -0.0819348 -2.58136 0.031135 0.217806 0.975495 -1.06668
0.567722 0.802225 -0.184734 -9.33541 -0.813847 0.580711 0.0206898 -3.82254 0.123875 0.138599 0.982571 -1.04175
0.654079 0.718233 -0.237322 -8.59483 -0.74009 0.672493 -0.00451134 -4.92409 0.156357 0.17859 0.971421 -0.851585
0.755085 0.627079 -0.19136 -7.67139 -0.644149 0.763938 -0.0383457 -5.95745 0.122141 0.152219 0.980771 -0.553751
0.849833 0.509275 -0.135731 -6.65376 -0.513931 0.857831 0.000858491 -6.92175 0.116872 0.0690269 0.990745 -0.434846
0.884869 0.434746 -0.167343 -5.44523 -0.445227 0.89494 -0.029257 -7.63526 0.137042 0.100394 0.985465 -0.290582
0.937188 0.333614 -0.101882 -4.27562 -0.33346 0.942572 0.0190445 -8.35539 0.102385 0.0161253 0.994614 -0.106746
0.957422 0.266029 -0.112122 -2.81886 -0.270752 0.962213 -0.0289642 -8.84737 0.10018 0.0580881 0.993272 0.0461321
0.9866 0.0915038 -0.135082 -1.61072 -0.103282 0.99119 -0.0829174 -9.17627 0.126305 0.0957579 0.987359 0.167187
0.994906 0.00749745 -0.100532 -0.203281 -0.0151854 0.996998 -0.0759271 -9.21244 0.0996607 0.0770669 0.992032 0.274434
0.991213 -0.130027 -0.0242653 1.28281 0.127448 0.987946 -0.0878648 -9.03366 0.0353976 0.0840002 0.995837 0.390434
0.964782 -0.230126 0.127429 2.69504 0.235731 0.971337 -0.0305988 -8.81382 -0.116735 0.05956 0.991376 0.394514
0.910805 -0.335142 0.24107 4.0493 0.347963 0.937439 -0.0114112 -8.23104 -0.222164 0.0942767 0.970441 0.150402
0.840434 -0.485574 0.2406 5.2926 0.508657 0.859984 -0.0411747 -7.74306 -0.186919 0.156988 0.969751 -0.174711
0.776735 -0.592644 0.213206 6.46627 0.60561 0.795742 0.00559777 -6.9638 -0.172974 0.124771 0.976991 -0.351451
0.720029 -0.674843 0.161694 7.5287 0.686854 0.726279 -0.0274037 -6.00196 -0.0989419 0.130792 0.98646 -0.629064
0.613185 -0.777897 0.137407 8.47103 0.783756 0.620832 0.017144 -5.09289 -0.0986427 0.097181 0.990366 -0.820936
0.429526 -0.883228 0.188191 9.40062 0.896424 0.442218 0.0294475 -4.03297 -0.109231 0.156051 0.981691 -1.05748
0.41429 -0.884615 0.214054 10.0116 0.904424 0.426467 0.0119841 -2.65709 -0.101888 0.188631 0.976748 -1.20346
0.291694 -0.932096 0.214738 10.5812 0.946542 0.313615 0.0755295 -1.25619 -0.137746 0.181227 0.973747 -1.45511
0.158959 -0.957373 0.241182 11.0721 0.97938 0.183761 0.0839468 0.0685759 -0.124688 0.222865 0.966842 -1.43608
-0.00910749 -0.967088 0.254278 11.2065 0.993195 0.0207773 0.114595 1.49134 -0.116106 0.253592 0.960318 -1.56405
-0.115094 -0.970089 0.213732 11.1294 0.981523 -0.0779497 0.174747 2.86809 -0.15286 0.229895 0.961136 -1.88359
-0.272151 -0.937202 0.218145 11.0103 0.943441 -0.215273 0.252145 4.32908 -0.18935 0.274428 0.942781 -2.15813
-0.38666 -0.883184 0.265481 10.5216 0.906752 -0.311575 0.284115 5.68101 -0.168208 0.350582 0.921303 -2.31008
-0.52307 -0.829493 0.195807 9.94643 0.846315 -0.478353 0.23437 7.06522 -0.100744 0.288306 0.952224 -2.57965
-0.605084 -0.764795 0.221273 9.19625 0.79112 -0.546336 0.275039 8.26917 -0.0894589 0.341476 0.935624 -2.8376
-0.680875 -0.701409 0.210796 8.29254 0.731879 -0.640755 0.231916 9.45694 -0.0275991 0.312183 0.949621 -3.05471
-0.815566 -0.540794 0.205899 7.19644 0.57836 -0.773327 0.25974 10.5183 0.0187617 0.330919 0.943473 -3.30884
-0.805579 -0.561563 0.188915 6.04477 0.592485 -0.762536 0.259809 11.4979 -0.00184473 0.321225 0.947001 -3.20622
-0.86258 -0.442902 0.244526 4.74596 0.499087 -0.824103 0.26789 12.3564 0.0828655 0.353117 0.931902 -3.11029
-0.921764 -0.266986 0.281193 3.40507 0.345885 -0.893924 0.285067 13.1334 0.175257 0.360025 0.916334 -3.0794
-0.935756 -0.157742 0.315401 1.90609 0.261294 -0.910771 0.319721 13.7592 0.236825 0.381593 0.893477 -2.81678
-0.977329 -0.0340718 0.208968 0.496994 0.107212 -0.930718 0.34967 14.1733 0.182577 0.364147 0.91327 -2.45511
-0.989988 -0.00474773 0.141073 -1.16082 0.0549185 -0.933642 0.353974 14.2099 0.130031 0.358177 0.924555 -2.25186
-0.983126 0.11247 0.144268 -2.70509 -0.0516429 -0.927224 0.370929 14.3666 0.175487 0.357219 0.917387 -2.04242
-0.973034 0.230656 -0.00144751 -4.3295 -0.216667 -0.911836 0.348727 14.2573 0.079116 0.339637 0.937223 -1.79056
-0.93742 0.341893 -0.0659808 -5.81257 -0.343561 -0.877335 0.335037 13.7806 0.0566596 0.336739 0.939892 -1.52559
-0.86663 0.462225 -0.187882 -7.3874 -0.496107 -0.838411 0.225709 13.2112 -0.0531935 0.288816 0.955906 -1.37917
-0.736177 0.599654 -0.313782 -8.50387 -0.666806 -0.721992 0.184654 12.3584 -0.11582 0.34517 0.931366 -1.44177
-0.682072 0.648527 -0.337921 -9.84009 -0.720706 -0.674447 0.160325 11.2161 -0.123934 0.352895 0.927419 -1.66961
-0.591587 0.759636 -0.270144 -10.8998 -0.801922 -0.589041 0.0997584 10.0526 -0.083346 0.27565 0.957638 -1.85898
-0.558872 0.786126 -0.263946 -11.9672 -0.829159 -0.524938 0.192186 8.64096 0.0125269 0.326261 0.945197 -1.93497
-0.433762 0.855069 -0.284091 -12.8339 -0.900618 -0.401945 0.165309 7.22499 0.0271616 0.327562 0.944439 -2.03986
-0.270659 0.914731 -0.300017 -13.3677 -0.962642 -0.254574 0.0922648 5.80793 0.00802105 0.313781 0.949461 -1.90915
-0.0592483 0.940434 -0.334774 -13.7717 -0.998243 -0.0559458 0.0195083 4.15342 -0.000382899 0.335341 0.942097 -1.89461
-0.0477861 0.94067 -0.335941 -13.9202 -0.997924 -0.0304229 0.0567631 2.40908 0.0431751 0.337956 0.940171 -1.8845
0.111645 0.937838 -0.328628 -13.8064 -0.993245 0.11583 -0.00688201 0.927685 0.0316106 0.327176 0.944434 -1.83891
0.305845 0.902904 -0.30203 -13.7544 -0.951842 0.297092 -0.0757224 -0.817914 0.0213607 0.310644 0.950286 -1.75569
0.383468 0.877625 -0.287622 -13.166 -0.921882 0.382469 -0.0620545 -2.3309 0.0555459 0.28895 0.955732 -1.82067
0.479297 0.837487 -0.262468 -12.5173 -0.873726 0.483573 -0.0525317 -4.01927 0.0829278 0.254504 0.96351 -1.79329
0.581629 0.769798 -0.262905 -11.655 -0.79864 0.601791 -0.00477006 -5.58118 0.154542 0.212741 0.96481 -1.62436
0.620882 0.756899 -0.203983 -10.6178 -0.77617 0.63004 -0.0246733 -6.9639 0.109842 0.173645 0.978663 -1.44797
0.747106 0.641495 -0.174114 -9.59397 -0.657667 0.751402 -0.0535614 -8.27108 0.0964702 0.154525 0.983268 -1.11951
0.795114 0.579018 -0.180369 -8.14782 -0.593562 0.804001 -0.0355829 -9.47003 0.124414 0.135353 0.982955 -0.779247
0.859475 0.475817 -0.18682 -6.74758 -0.495839 0.86487 -0.0783733 -10.3553 0.124284 0.159993 0.979263 -0.681719
0.95602 0.274434 -0.1035 -5.23631 -0.281771 0.957324 -0.0643119 -11.2313 0.0814333 0.0906467 0.992548 -0.425901
0.950282 0.278976 -0.138337 -3.66574 -0.292952 0.95155 -0.0934468 -11.8355 0.105565 0.129327 0.985967 -0.262036
0.993175 0.0620145 -0.0987772 -1.9382 -0.0731476 0.990853 -0.113398 -12.1165 0.0908414 0.119849 0.988627 -0.181292
0.997926 0.0363158 -0.0531441 -0.171352 -0.0444357 0.986017 -0.160612 -12.2097 0.0465682 0.16264 0.985586 -0.078462
0.991436 -0.12789 0.0264405 1.74171 0.13059 0.972539 -0.192648 -12.0019 -0.00107661 0.194451 0.980912 -0.00988339
0.951856 -0.273884 0.137686 3.44778 0.287232 0.953766 -0.0884815 -11.7766 -0.107087 0.12377 0.986516 -0.00778204
0.893901 -0.38642 0.227199 5.16872 0.425817 0.890367 -0.161017 -11.0733 -0.14007 0.240679 0.960445 -0.213294
0.855969 -0.471575 0.211975 6.77468 0.500238 0.859 -0.109 -10.3239 -0.130685 0.199338 0.971177 -0.630502
0.791983 -0.54374 0.277688 8.39549 0.584397 0.806795 -0.0869532 -9.34588 -0.176758 0.231146 0.956728 -0.760164
0.688335 -0.685566 0.237053 9.55752 0.71006 0.703627 -0.0268945 -8.29534 -0.148359 0.186834 0.971124 -1.06007
0.632615 -0.735117 0.243725 10.8998 0.76785 0.63639 -0.0735748 -6.94356 -0.101018 0.233689 0.967049 -1.26792
0.499147 -0.820872 0.277527 12.0953 0.854767 0.519008 -0.00221917 -5.40988 -0.142217 0.238329 0.960715 -1.48551
0.381495 -0.868606 0.316203 12.8348 0.915386 0.402574 0.00146484 -3.91001 -0.128568 0.288889 0.94869 -1.86398
0.250322 -0.92335 0.291142 13.4232 0.965102 0.261872 0.000733111 -2.22599 -0.0769189 0.280798 0.95668 -2.05157
0.113372 -0.96504 0.236316 13.9137 0.98743 0.135804 0.080865 -0.489973 -0.110131 0.224177 0.968306 -2.3031
-0.0527967 -0.961435 0.269917 14.1935 0.989974 -0.0149312 0.140458 1.25504 -0.131011 0.274627 0.952584 -2.52905
-0.189854 -0.943424 0.271857 14.1258 0.973079 -0.143958 0.17998 3.09128 -0.130661 0.298708 0.945358 -2.64758
-0.276711 -0.923062 0.267183 13.7104 0.942765 -0.20693 0.261484 5.00213 -0.186078 0.324247 0.927491 -3.01324
-0.339959 -0.883278 0.322874 13.2342 0.921731 -0.244802 0.300806 6.66503 -0.186655 0.399865 0.897367 -3.29302
-0.476345 -0.840635 0.257737 12.4629 0.871904 -0.413779 0.261858 8.38582 -0.113481 0.349457 0.930055 -3.63547
-0.591238 -0.769299 0.242111 11.5138 0.791006 -0.49458 0.360138 9.90731 -0.157311 0.404438 0.900934 -3.93356
-0.663281 -0.708571 0.240803 10.2945 0.74318 -0.585819 0.323263 11.3034 -0.0879876 0.393374 0.915159 -4.2284
-0.757225 -0.626796 0.183676 8.86045 0.64993 -0.695174 0.307122 12.7856 -0.0648164 0.351937 0.933777 -4.36198
-0.844424 -0.458458 0.277065 7.67934 0.531412 -0.782072 0.325522 13.9208 0.0674467 0.422114 0.90403 -4.49059
-0.85639 -0.441677 0.267427 6.04821 0.510474 -0.802041 0.310075 14.9101 0.0775343 0.40206 0.912325 -4.34103
-0.891224 -0.382282 0.24409 4.18444 0.444077 -0.844942 0.29811 15.8846 0.0922797 0.374078 0.922795 -4.16726
-0.937531 -0.292352 0.188589 2.5352 0.338796 -0.890422 0.303917 16.5752 0.0790729 0.348824 0.933846 -3.92961
-0.982634 -0.123071 0.138868 0.665693 0.164209 -0.925262 0.341944 17.0247 0.0864063 0.358809 0.929403 -3.64738
-0.990356 0.0289542 0.135485 -1.30712 0.0316543 -0.904762 0.424739 17.1263 0.13488 0.424932 0.89512 -3.36018
-0.975376 0.190604 0.110955 -3.10338 -0.119918 -0.880563 0.458507 17.1601 0.185096 0.433912 0.881737 -3.33817
-0.970534 0.232502 0.0633019 -5.0273 -0.17105 -0.849773 0.498626 16.9686 0.169724 0.473106 0.864503 -2.96664
-0.919405 0.371737 -0.128476 -6.93719 -0.384053 -0.778054 0.497127 16.5848 0.0848398 0.506403 0.858113 -2.61071
-0.839941 0.438125 -0.320227 -8.74781 -0.536415 -0.75968 0.367621 15.7305 -0.0822063 0.480555 0.873103 -2.42117
-0.756129 0.544433 -0.363129 -10.323 -0.650934 -0.682913 0.331534 14.5718 -0.0674879 0.487055 0.87076 -2.61799
-0.670395 0.653768 -0.350939 -11.811 -0.739416 -0.628083 0.242437 13.1552 -0.0619212 0.422019 0.90447 -2.78687
-0.582704 0.757675 -0.293911 -13.1346 -0.811957 -0.558079 0.171099 11.8325 -0.0343883 0.338343 0.940394 -2.96983
-0.520189 0.784222 -0.338231 -14.4983 -0.853621 -0.489984 0.176766 10.1268 -0.0271047 0.380673 0.924312 -3.04076
-0.386493 0.854936 -0.345989 -15.4528 -0.922159 -0.351828 0.160749 8.47215 0.0157015 0.381185 0.924365 -2.99894
-0.2369 0.906718 -0.348913 -16.0861 -0.971529 -0.219984 0.0879641 6.63857 0.00300341 0.359818 0.933018 -3.02037
-0.0982751 0.917885 -0.384485 -16.6036 -0.995051 -0.0849223 0.051601 4.46789 0.0147125 0.387653 0.921688 -3.03531
-0.0358696 0.929986 -0.36584 -16.7375 -0.998812 -0.0212765 0.0438446 2.44328 0.0329911 0.366978 0.929644 -2.93223
0.0971568 0.923279 -0.371641 -16.6081 -0.992227 0.119028 0.03631 0.433425 0.0777599 0.365224 0.927666 -2.81393
0.233147 0.908963 -0.345585 -16.384 -0.97138 0.234294 -0.0390925 -1.70382 0.0454349 0.344809 0.937573 -2.7806
0.349442 0.879055 -0.324272 -15.9386 -0.933182 0.357567 -0.0363006 -3.47937 0.084039 0.31529 0.945267 -2.78757
0.454363 0.829823 -0.323957 -14.9735 -0.885842 0.459267 -0.0660105 -5.53316 0.0940058 0.316968 0.943766 -2.55162
0.525665 0.794522 -0.303991 -14.1666 -0.839514 0.542244 -0.0344694 -7.25173 0.13745 0.273324 0.952051 -2.39315
0.668089 0.686658 -0.286632 -12.9848 -0.727329 0.683931 -0.0568421 -8.87804 0.157006 0.246451 0.956353 -2.1922
0.749986 0.588952 -0.301094 -11.5844 -0.629187 0.775642 -0.0500357 -10.3934 0.204072 0.22697 0.952281 -1.78908
0.821162 0.508205 -0.259656 -9.98418 -0.548747 0.828088 -0.114657 -11.8292 0.156749 0.236638 0.95887 -1.29712
0.869372 0.458879 -0.183365 -8.29437 -0.483125 0.867254 -0.120252 -13.0156 0.103843 0.193132 0.975662 -1.23235
0.929154 0.340422 -0.144174 -6.2958 -0.36106 0.919394 -0.156048 -14.1207 0.0794305 0.197048 0.977171 -1.16977
0.957242 0.25282 -0.140606 -4.34538 -0.278172 0.937866 -0.207431 -14.6684 0.0794274 0.237674 0.968092 -0.914244
0.986651 0.137433 -0.0873589 -2.2484 -0.159491 0.923866 -0.3479 -15.1904 0.0328949 0.357189 0.933453 -0.617087
0.999648 -0.0250509 0.00878573 -0.156701 0.0264168 0.971413 -0.23592 -15.3383 -0.00262457 0.236069 0.971733 -0.629464
0.977226 -0.202756 0.0625998 2.0467 0.212189 0.936666 -0.278626 -15.0519 -0.00214178 0.285564 0.958357 -0.6018
0.943088 -0.293187 0.156931 4.27752 0.322857 0.920322 -0.220839 -14.6275 -0.0796799 0.258937 0.962602 -0.713579
0.907027 -0.378434 0.184634 6.38013 0.410007 0.893622 -0.182578 -13.8432 -0.0958995 0.241304 0.965699 -1.00209
0.861521 -0.477807 0.1717 8.30023 0.499007 0.859234 -0.112733 -12.8622 -0.0936656 0.182802 0.978678 -1.25449
0.794096 -0.564061 0.226376 10.0347 0.599797 0.787479 -0.141847 -11.7152 -0.0982557 0.24842 0.963656 -1.60877
0.718267 -0.654728 0.235422 11.6419 0.676707 0.736041 -0.017625 -10.4247 -0.161741 0.171971 0.971733 -1.74334
0.571856 -0.77001 0.282959 13.184 0.812702 0.578758 -0.067496 -9.01675 -0.111792 0.268559 0.956754 -1.97283
0.490719 -0.802091 0.340361 14.4804 0.859545 0.509624 -0.0382812 -6.99702 -0.142751 0.311341 0.939515 -2.33221
0.392104 -0.846464 0.360212 15.5931 0.911752 0.409658 -0.0298176 -5.04958 -0.122324 0.340116 0.932394 -2.77359
0.309644 -0.895511 0.319656 16.2504 0.946352 0.322913 -0.0120733 -2.99626 -0.0924094 0.306246 0.947457 -2.97249
0.175615 -0.901995 0.394417 16.8285 0.981459 0.191667 0.0013281 -0.864483 -0.0767946 0.386871 0.918931 -3.11684
0.0105187 -0.947141 0.320645 17.1285 0.99135 0.0518301 0.120578 1.21335 -0.130823 0.316603 0.939493 -3.36688
-0.118686 -0.939659 0.320866 17.0224 0.982506 -0.0644329 0.174731 3.44823 -0.143513 0.335991 0.930868 -3.61139
-0.243659 -0.930303 0.274166 16.5819 0.940878 -0.158145 0.299565 5.46086 -0.235328 0.330948 0.913835 -4.02474
-0.442527 -0.826268 0.348499 15.9907 0.885398 -0.340926 0.315975 7.45833 -0.142268 0.448388 0.882445 -4.49602
-0.501544 -0.811283 0.300455 14.9904 0.856984 -0.418344 0.300943 9.47018 -0.118457 0.408421 0.905075 -4.95927
-0.625119 -0.718516 0.304895 13.7647 0.774389 -0.522025 0.357508 11.2955 -0.0977122 0.459592 0.882739 -5.32158
-0.709258 -0.620511 0.334543 12.4826 0.704933 -0.621104 0.34249 13.0482 -0.00473239 0.478744 0.877942 -5.51769
-0.726806 -0.62212 0.291067 10.8772 0.683975 -0.616886 0.389397 14.7607 -0.0626962 0.482099 0.873871 -5.48945
-0.779908 -0.564564 0.270206 9.06707 0.62551 -0.687919 0.368109 16.1666 -0.0219412 0.456108 0.889654 -5.67889
-0.878276 -0.418678 0.230957 7.35178 0.475937 -0.811931 0.338013 17.4199 0.0460029 0.40679 0.912363 -5.61642
-0.928418 -0.328184 0.174167 5.29477 0.368197 -0.875423 0.313153 18.4308 0.0496985 0.354865 0.933596 -5.31927
-0.970882 -0.20872 0.117577 3.25761 0.235874 -0.918639 0.316962 19.3186 0.0418543 0.335466 0.941122 -5.19907
-0.990174 -0.0892279 0.107676 1.06506 0.121165 -0.931848 0.34202 19.8454 0.0698196 0.351706 0.933503 -4.97199
-0.998451 0.0260049 0.0491959 -1.39177 -0.00390575 -0.914655 0.404217 19.9143 0.0555089 0.403398 0.913339 -4.87264
-0.989623 0.140095 0.0319339 -3.59083 -0.110016 -0.88172 0.458767 19.7849 0.0924276 0.450493 0.887983 -4.64233
-0.97693 0.21091 -0.0335259 -6.01362 -0.20152 -0.858466 0.471621 19.5524 0.070689 0.467497 0.881164 -4.49856
-0.918317 0.379781 -0.111628 -8.00391 -0.385888 -0.796026 0.466297 19.003 0.088232 0.471284 0.877557 -4.30048
-0.859 0.473612 -0.19445 -10.0948 -0.510392 -0.762323 0.397949 17.9038 0.0402394 0.441084 0.896563 -4.12683
-0.792368 0.537984 -0.287622 -12.1309 -0.608444 -0.731058 0.308788 16.6144 -0.0441458 0.419676 0.9066 -4.07105
-0.693106 0.62878 -0.352477 -13.8714 -0.713303 -0.668779 0.209601 15.181 -0.103936 0.396699 0.912046 -4.19121
-0.616285 0.71123 -0.33815 -15.4686 -0.786567 -0.577061 0.219803 13.467 -0.0388031 0.401439 0.915064 -4.19531
-0.498357 0.781616 -0.375123 -16.9132 -0.86697 -0.448358 0.217574 11.5276 0.00186933 0.433649 0.90108 -4.36013
-0.340675 0.807094 -0.482224 -18.1515 -0.939813 -0.306681 0.150658 9.49748 -0.0262939 0.504525 0.862996 -4.18706
-0.218745 0.840564 -0.495583 -18.777 -0.975683 -0.181165 0.123378 7.22704 0.013925 0.51052 0.859753 -4.27087
-0.13166 0.887166 -0.44227 -19.2265 -0.990516 -0.100049 0.0941756 4.86328 0.0393005 0.450475 0.891924 -4.36172
-0.0277421 0.887538 -0.459899 -19.4442 -0.994611 0.0214707 0.101432 2.4679 0.0998993 0.460235 0.882159 -4.27047
0.0935866 0.902757 -0.419848 -19.4094 -0.991463 0.12296 0.0433859 0.0623523 0.0907914 0.412203 0.906557 -4.097
0.230015 0.885958 -0.402704 -19.0803 -0.965999 0.258053 0.0159652 -2.34213 0.118063 0.385339 0.915191 -4.05352
0.365062 0.83554 -0.410613 -18.5106 -0.913196 0.40718 0.0166614 -4.57927 0.181115 0.368888 0.911657 -3.86059
0.400549 0.834342 -0.378726 -17.4656 -0.902115 0.43148 -0.0035345 -6.86276 0.160464 0.343071 0.925502 -3.5988
0.55647 0.744365 -0.369137 -16.5294 -0.809318 0.586134 -0.0380991 -8.94877 0.188004 0.31995 0.928594 -3.31592
0.642506 0.695646 -0.321345 -15.0757 -0.755397 0.645423 -0.113156 -11.0062 0.128687 0.315446 0.940177 -2.84121
0.730315 0.606491 -0.314339 -13.4441 -0.66339 0.739451 -0.114568 -12.7973 0.162954 0.2922 0.942372 -2.5801
0.815713 0.513653 -0.266032 -11.6019 -0.561822 0.812998 -0.152938 -14.471 0.137727 0.274216 0.951755 -2.14789
0.884722 0.414571 -0.213068 -9.57204 -0.452092 0.874497 -0.175693 -15.7022 0.11349 0.251766 0.961111 -2.04611
0.941079 0.279142 -0.190916 -7.32155 -0.319399 0.919167 -0.230472 -16.7407 0.111149 0.277871 0.954166 -1.7955
0.962763 0.238468 -0.127358 -4.96725 -0.263679 0.932273 -0.247671 -17.4524 0.0596713 0.27203 0.960437 -1.6698
0.996792 0.0707152 -0.0374742 -2.54332 -0.0796254 0.923383 -0.375531 -18.1215 0.00804731 0.37731 0.926052 -1.55606
0.998571 -0.0517156 0.0134674 -0.144322 0.0530831 0.930789 -0.361682 -18.2354 0.00616924 0.36188 0.932204 -1.449
0.985839 -0.151146 0.0726407 2.57402 0.166449 0.934659 -0.314178 -17.9699 -0.0204076 0.32182 0.946581 -1.60544
0.974613 -0.197628 0.105222 5.01639 0.220416 0.929426 -0.295945 -17.4083 -0.0393094 0.311625 0.949392 -1.63123
0.919564 -0.367572 0.1389 7.51405 0.390059 0.896619 -0.20959 -16.678 -0.0475011 0.246911 0.967873 -1.80972
0.841699 -0.497704 0.209363 9.7103 0.53649 0.814687 -0.220144 -15.5834 -0.0609991 0.297616 0.952735 -1.95865
0.771222 -0.594325 0.228022 11.6964 0.633276 0.752696 -0.180028 -14.1676 -0.0646356 0.283243 0.956868 -2.30187
0.714427 -0.637588 0.288229 13.723 0.693858 0.698718 -0.174225 -12.563 -0.0903069 0.324462 0.941578 -2.47762
0.580998 -0.728486 0.362973 15.534 0.805711 0.577908 -0.129816 -10.774 -0.115196 0.367874 0.922713 -2.89799
0.508137 -0.768403 0.389041 16.9215 0.84436 0.533525 -0.049066 -8.60723 -0.169861 0.353423 0.919913 -3.25613
0.42278 -0.789152 0.445529 18.0678 0.89439 0.442565 -0.0648196 -6.31169 -0.146023 0.425881 0.892918 -3.82476
0.302452 -0.844556 0.441868 18.9864 0.952035 0.29023 -0.0969296 -3.88461 -0.0463809 0.449991 0.891828 -4.17051
0.189277 -0.868007 0.459062 19.5952 0.97947 0.199933 -0.0258092 -1.37285 -0.0693791 0.454523 0.888029 -4.26797
0.0190964 -0.880653 0.473376 20.1582 0.997306 0.050317 0.0533758 1.07745 -0.0708244 0.471082 0.879242 -4.49274
-0.220845 -0.852253 0.474228 19.9983 0.95854 -0.099884 0.26688 3.53987 -0.180081 0.513505 0.838977 -4.70315
-0.362379 -0.845833 0.39147 19.3644 0.898223 -0.204838 0.388891 5.95161 -0.248749 0.492553 0.833975 -5.2213
-0.363272 -0.813139 0.454794 18.2742 0.909968 -0.204883 0.36053 8.39149 -0.199981 0.544818 0.814359 -5.88888
-0.516039 -0.748245 0.416933 17.3408 0.842844 -0.356788 0.402885 10.7374 -0.1527 0.559314 0.81477 -6.31999
-0.578435 -0.710996 0.399871 15.945 0.808807 -0.436169 0.394447 12.8435 -0.106039 0.55158 0.827354 -6.81672
-0.722689 -0.570697 0.389904 14.4426 0.6911 -0.604871 0.395615 14.9079 0.0100655 0.555369 0.831543 -7.04165
-0.741255 -0.559291 0.371126 12.6482 0.669204 -0.658644 0.344026 16.6945 0.0520289 0.503371 0.862503 -6.99168
-0.816347 -0.455876 0.354618 10.7248 0.567718 -0.746247 0.34758 18.4017 0.106179 0.485068 0.868006 -7.04376
-0.866447 -0.383293 0.31993 8.51804 0.482723 -0.806734 0.34082 19.8159 0.127464 0.449741 0.884017 -6.78064
-0.913438 -0.336749 0.228541 6.21902 0.390505 -0.883371 0.259155 21.145 0.114616 0.325969 0.938407 -6.49301
-0.968012 -0.237283 0.0815381 3.88436 0.250772 -0.925447 0.284008 22.0943 0.00806893 0.295371 0.955349 -6.26013
-0.996492 -0.0708909 0.044469 1.27017 0.0823577 -0.925007 0.370916 22.6031 0.0148396 0.373278 0.927601 -6.11563
-0.999073 0.0430362 0.00108502 -1.46392 -0.0387077 -0.909048 0.414889 22.7034 0.0188416 0.414463 0.909871 -6.16012
-0.994384 0.105723 -0.00481106 -4.1886 -0.0962176 -0.884181 0.457128 22.4551 0.044075 0.455024 0.889388 -6.14928
-0.977913 0.194178 -0.0773443 -6.70065 -0.207151 -0.851093 0.48242 22.1274 0.0278481 0.487787 0.872519 -5.93909
-0.94088 0.311521 -0.133037 -9.28475 -0.335243 -0.800071 0.497493 21.3485 0.0485404 0.512681 0.857206 -5.81066
-0.884834 0.406625 -0.227431 -11.5599 -0.465607 -0.754262 0.462925 20.2417 0.0166946 0.515505 0.856724 -5.61295
-0.806948 0.505376 -0.305663 -13.8199 -0.590599 -0.685813 0.425269 18.8858 0.00529296 0.523695 0.85189 -5.50413
-0.687938 0.599607 -0.408916 -15.8504 -0.72499 -0.593852 0.348899 17.1681 -0.0336332 0.53648 0.843242 -5.42783
-0.568638 0.713443 -0.409451 -17.6676 -0.821837 -0.513998 0.245743 15.1303 -0.0351337 0.476241 0.878613 -5.65539
-0.447338 0.793617 -0.412383 -19.1785 -0.894321 -0.392362 0.215039 12.8539 0.00885529 0.464998 0.885267 -5.74831
-0.377605 0.797686 -0.470225 -20.3391 -0.925626 -0.338945 0.168322 10.4085 -0.025112 0.498812 0.866346 -5.73798
-0.208916 0.831679 -0.514456 -21.2435 -0.977889 -0.182677 0.101793 7.84783 -0.0093198 0.524347 0.851454 -5.82976
-0.155218 0.860128 -0.485889 -21.7712 -0.986332 -0.107408 0.124951 4.98966 0.0552854 0.498642 0.865043 -5.79866
-0.0319705 0.876446 -0.480438 -22.1007 -0.998062 -0.00231996 0.0621834 2.34814 0.0533857 0.481495 0.874821 -5.67823
0.0775172 0.880048 -0.468516 -22.0546 -0.995732 0.0919473 0.00796484 -0.281069 0.0500882 0.465899 0.883419 -5.49663
0.231755 0.857096 -0.460082 -21.7136 -0.9671 0.254013 -0.0139478 -3.11644 0.104912 0.448178 0.887767 -5.26281
0.265238 0.834189 -0.483505 -21.0196 -0.953849 0.300241 -0.00525238 -5.84342 0.140787 0.462584 0.875326 -5.00454
0.37421 0.800892 -0.467482 -20.1083 -0.905836 0.423629 0.000659171 -8.33257 0.198567 0.423216 0.884002 -4.72272
0.51806 0.713726 -0.471391 -18.8973 -0.830225 0.552169 -0.0763888 -10.7049 0.205767 0.430935 0.87861 -4.29642
0.658802 0.639275 -0.396619 -17.3526 -0.747515 0.615705 -0.249256 -12.908 0.0848573 0.460689 0.883496 -3.74401
0.68456 0.635258 -0.357526 -15.295 -0.722325 0.657149 -0.215411 -14.9878 0.0981062 0.405712 0.908721 -3.6336
0.8037 0.496393 -0.328116 -13.2093 -0.581259 0.77291 -0.254455 -16.8973 0.127294 0.395226 0.909721 -3.14879
0.893863 0.398638 -0.205175 -10.8539 -0.443853 0.851398 -0.279491 -18.3525 0.0632695 0.340894 0.93797 -2.87092
0.940865 0.298578 -0.160075 -8.31852 -0.336944 0.873859 -0.350485 -19.4879 0.0352357 0.383695 0.922787 -2.82746
0.980134 0.178801 -0.0858309 -5.6609 -0.197598 0.917582 -0.344962 -20.3269 0.0170773 0.355069 0.934684 -2.7206
0.993878 0.110069 -0.00950918 -2.66922 -0.105363 0.918454 -0.381236 -20.796 -0.0332284 0.379904 0.924429 -2.57813
0.997774 -0.0626814 0.0227572 0.0836623 0.0665054 0.910344 -0.408473 -20.9821 0.00488679 0.409077 0.912487 -2.66622
0.986482 -0.156697 0.0479555 2.96809 0.163439 0.919556 -0.357357 -20.7495 0.0118991 0.360364 0.932736 -2.69634
0.966935 -0.23303 0.1036 5.84804 0.25349 0.922708 -0.290437 -20.2965 -0.0279116 0.307095 0.951269 -2.64957
0.915806 -0.356075 0.185771 8.54831 0.396232 0.876575 -0.273159 -19.462 -0.0655772 0.323769 0.943861 -2.6909
0.829072 -0.446102 0.337095 11.1464 0.536501 0.804497 -0.254854 -18.1959 -0.157501 0.392144 0.90632 -2.70057
0.773662 -0.531994 0.344136 13.5347 0.617341 0.755177 -0.220447 -16.422 -0.142607 0.383001 0.912674 -3.35732
0.685565 -0.600833 0.411097 15.7165 0.72193 0.63391 -0.277444 -14.6923 -0.0939014 0.486989 0.868346 -3.63998
0.626319 -0.668121 0.40167 17.6517 0.770575 0.60862 -0.189197 -12.5799 -0.118058 0.428015 0.896028 -4.04007
0.462634 -0.784157 0.413604 19.3032 0.876555 0.474444 -0.0809605 -10.1432 -0.132746 0.400002 0.90685 -4.59809
0.424351 -0.770303 0.475983 20.547 0.896161 0.432565 -0.0989125 -7.52094 -0.129701 0.468531 0.873874 -5.05988
0.273878 -0.83486 0.477493 21.4974 0.955065 0.294581 -0.03275 -4.81312 -0.113319 0.465006 0.878025 -5.45743
0.145471 -0.844056 0.516147 22.3697 0.984629 0.174486 0.00782835 -2.06443 -0.0966677 0.507074 0.856465 -5.75411
0.00428856 -0.841666 0.539981 22.7273 0.993123 0.0667609 0.0961726 0.856288 -0.116995 0.535855 0.836165 -6.00508
-0.14837 -0.858573 0.490752 22.5334 0.964965 -0.0171005 0.261822 3.78139 -0.216401 0.512405 0.83103 -6.32117
-0.341397 -0.798254 0.496225 22.0288 0.922628 -0.183807 0.339077 6.36957 -0.17946 0.57359 0.799242 -6.98936
-0.416975 -0.756591 0.503689 20.9434 0.898375 -0.258908 0.354808 9.07895 -0.138036 0.600447 0.78766 -7.68565
-0.475617 -0.76251 0.438596 19.5047 0.867193 -0.32282 0.379161 11.7008 -0.147527 0.560683 0.814782 -8.13422
-0.576351 -0.675255 0.460272 18.0783 0.811613 -0.407222 0.418872 14.2213 -0.0954127 0.61498 0.782749 -8.57821
-0.672351 -0.5763 0.464567 16.2261 0.73991 -0.50471 0.444748 16.6181 -0.0218369 0.642765 0.765752 -8.6688
-0.724501 -0.530104 0.440553 14.2709 0.686357 -0.61357 0.390442 18.7909 0.063335 0.585253 0.808374 -8.79144
-0.795118 -0.470631 0.382485 12.2131 0.602636 -0.683825 0.411355 20.6002 0.0679567 0.557575 0.827341 -8.43791
-0.837941 -0.380427 0.391318 9.75139 0.526003 -0.754128 0.393206 22.3331 0.145518 0.535318 0.832021 -8.19895
-0.88125 -0.304741 0.361292 7.18743 0.434041 -0.824363 0.363366 23.8334 0.187103 0.477032 0.858739 -7.61618
-0.978527 -0.178532 0.103012 4.50923 0.203803 -0.912748 0.354056 24.8889 0.0308138 0.367448 0.929533 -7.2952
-0.998997 -0.0423753 0.0144779 1.43977 0.0441347 -0.877014 0.478434 25.4238 -0.00757647 0.478593 0.878004 -7.30316
-0.999759 0.00902463 -0.0199996 -1.57236 -0.0171506 -0.889934 0.455766 25.4229 -0.0136852 0.456 0.889875 -7.41457
-0.991534 0.120373 -0.0486912 -4.40942 -0.129033 -0.871475 0.473161 25.2316 0.0145228 0.475438 0.879629 -7.53194
-0.953714 0.27839 -0.113704 -7.38122 -0.297681 -0.820416 0.488163 24.7662 0.0426149 0.499416 0.865314 -7.52883
-0.902235 0.392267 -0.179163 -10.1631 -0.428074 -0.764361 0.482187 23.7945 0.0522007 0.51174 0.857553 -7.3776
-0.847 0.475316 -0.238045 -12.8723 -0.529939 -0.719678 0.448586 22.6445 0.0419038 0.506102 0.861455 -7.26575
-0.76419 0.545071 -0.344835 -15.4281 -0.644644 -0.627909 0.436078 21.0193 0.021169 0.555542 0.831219 -7.15645
-0.654477 0.601652 -0.457903 -17.7498 -0.755405 -0.545963 0.362337 18.9925 -0.0319975 0.583043 0.811811 -7.14191
-0.577663 0.657189 -0.484157 -19.759 -0.816003 -0.480244 0.321722 16.6621 -0.0210812 0.58092 0.813687 -7.16815
-0.458543 0.72354 -0.515972 -21.4792 -0.888631 -0.378886 0.258418 14.1036 -0.00851864 0.577005 0.816696 -7.26925
-0.393878 0.769846 -0.502192 -22.7863 -0.918644 -0.311347 0.243223 11.3653 0.0308879 0.557136 0.829847 -7.32844
-0.214147 0.79239 -0.571191 -23.7859 -0.976368 -0.15622 0.149334 8.47977 0.0290997 0.589672 0.807119 -7.42791
-0.147169 0.847163 -0.510545 -24.2691 -0.988425 -0.106741 0.107803 5.36674 0.0368303 0.520501 0.853066 -7.35459
-0.0514502 0.848095 -0.52734 -24.6503 -0.998397 -0.0312062 0.0472218 2.29665 0.0235923 0.528924 0.848341 -7.29226
0.0716685 0.81874 -0.569674 -24.7682 -0.991149 0.122447 0.0512894 -0.675828 0.111748 0.560955 0.820269 -7.21161
0.204199 0.80439 -0.557907 -24.3206 -0.967523 0.252582 0.0100499 -3.77815 0.149001 0.537736 0.829843 -6.81864
0.325685 0.782269 -0.531022 -23.6157 -0.935339 0.348609 -0.0601098 -6.69651 0.138097 0.516262 0.845224 -6.53358
0.397707 0.750472 -0.527845 -22.4716 -0.897106 0.438724 -0.0521649 -9.67504 0.19243 0.49428 0.847737 -6.16227
0.52162 0.68429 -0.509569 -21.0039 -0.834362 0.533881 -0.137157 -12.379 0.178194 0.496708 0.849428 -5.71724
0.640388 0.630953 -0.437951 -19.2495 -0.760334 0.601423 -0.245323 -14.7745 0.108606 0.490091 0.864879 -5.25277
0.700274 0.592175 -0.398681 -17.0375 -0.707757 0.648872 -0.279365 -17.0695 0.0932599 0.477801 0.873504 -4.85519
0.801925 0.45416 -0.388143 -14.6413 -0.583391 0.735294 -0.344962 -19.314 0.128731 0.503072 0.854603 -4.50146
0.896296 0.365975 -0.250431 -12.0835 -0.440823 0.796755 -0.413349 -20.942 0.0482571 0.480879 0.875458 -4.11981
0.94776 0.290923 -0.130826 -9.24088 -0.318919 0.855892 -0.407111 -22.1066 -0.00646527 0.427566 0.903961 -4.09127
0.981609 0.168824 -0.0891238 -6.12289 -0.190408 0.899444 -0.393376 -23.1187 0.0137507 0.403111 0.915048 -4.02449
0.995453 0.0566535 -0.0765734 -3.00078 -0.0824539 0.915007 -0.394923 -23.6019 0.0476914 0.399441 0.915518 -3.87583
0.999071 0.0121149 -0.0413559 0.25926 -0.0280948 0.910796 -0.4119 -23.731 0.0326766 0.412679 0.91029 -3.80364
0.985034 -0.16963 0.0305456 3.44278 0.165069 0.877445 -0.45038 -23.6921 0.0495961 0.448682 0.892314 -3.80048
0.973916 -0.203991 0.0993776 6.60379 0.22665 0.895507 -0.383009 -23.1282 -0.010863 0.395543 0.918383 -3.82185
0.906659 -0.370646 0.201471 9.5624 0.421111 0.823675 -0.379769 -22.1677 -0.0251869 0.429162 0.902876 -3.93966
0.816315 -0.470085 0.335634 12.4706 0.570515 0.746978 -0.341374 -20.7664 -0.0902368 0.470153 0.87796 -4.09138
0.793834 -0.510047 0.331181 15.0621 0.604789 0.719176 -0.342076 -18.8313 -0.0637022 0.471846 0.879377 -4.52148
0.690222 -0.604607 0.397548 17.476 0.719074 0.634452 -0.283554 -16.7417 -0.0807866 0.481581 0.87267 -4.967
0.582749 -0.643165 0.496732 19.6934 0.787264 0.598394 -0.148794 -14.35 -0.201542 0.477768 0.855054 -5.40643
0.450583 -0.719893 0.527949 21.6299 0.880222 0.45692 -0.128193 -11.6678 -0.148945 0.522473 0.839546 -6.04856
0.394225 -0.761456 0.51456 22.9377 0.900248 0.432539 -0.0496351 -8.75673 -0.184773 0.482799 0.856017 -6.49264
0.294908 -0.780518 0.5512 24.115 0.948396 0.309435 -0.0692492 -5.76298 -0.11651 0.543178 0.831495 -7.00211
0.15529 -0.78865 0.594909 24.7861 0.982928 0.183509 -0.0133048 -2.73264 -0.0986782 0.586819 0.803683 -7.29361
0.0122146 -0.780824 0.624632 25.2761 0.997737 0.0508244 0.0440227 0.536726 -0.0661205 0.62268 0.779678 -7.68729
-0.18987 -0.743481 0.641237 25.1709 0.954042 0.0145161 0.299322 3.86363 -0.231848 0.6686 0.706556 -8.05598
-0.339804 -0.753096 0.563364 24.3921 0.910711 -0.113923 0.397022 6.8703 -0.234816 0.647972 0.724565 -8.79981
-0.419655 -0.744925 0.518629 23.2332 0.886696 -0.214283 0.409699 9.84793 -0.194061 0.631799 0.750447 -9.49583
-0.506493 -0.673927 0.537855 21.8745 0.855727 -0.316335 0.409466 12.6044 -0.105808 0.667649 0.736919 -10.1411
-0.564991 -0.619854 0.54458 20.0208 0.824552 -0.400183 0.399958 15.4103 -0.0299839 0.675007 0.737202 -10.4909
-0.625835 -0.587292 0.513243 18.0884 0.779858 -0.460746 0.423716 18.0946 -0.0123706 0.665433 0.746355 -10.6043
-0.71383 -0.485487 0.504727 15.959 0.695641 -0.574712 0.431033 20.5322 0.0808117 0.658793 0.747972 -10.6557
-0.779075 -0.422936 0.462782 13.5596 0.612215 -0.672236 0.416283 22.6295 0.135038 0.607638 0.78265 -10.2661
-0.813031 -0.340806 0.472051 10.938 0.552367 -0.7078 0.440351 24.6299 0.184043 0.618765 0.763714 -9.92487
-0.856485 -0.27152 0.438989 8.18126 0.479633 -0.73293 0.482459 26.3671 0.190751 0.623772 0.757973 -9.19953
-0.987433 -0.131502 0.0876509 5.19497 0.156178 -0.727169 0.668456 27.7358 -0.0241665 0.673745 0.738569 -8.64705
-0.999885 -0.0147497 0.00354405 1.66194 0.0136446 -0.772389 0.635003 28.1722 -0.00662871 0.634978 0.772501 -8.86784
-0.99606 0.0465615 -0.0754742 -1.70699 -0.0798484 -0.841159 0.534861 28.025 -0.0385818 0.53878 0.841562 -8.91623
-0.98748 0.153912 -0.0345608 -4.95317 -0.147887 -0.82705 0.542327 27.7567 0.0548869 0.540648 0.839456 -9.02266
-0.959045 0.264143 -0.102283 -8.2383 -0.27886 -0.8171 0.504564 27.2331 0.0497019 0.512422 0.857294 -9.0364
-0.921052 0.350502 -0.169741 -11.3132 -0.385961 -0.76342 0.517903 26.1287 0.051942 0.542529 0.838429 -9.01735
-0.864401 0.44268 -0.238423 -14.3076 -0.500768 -0.715337 0.487365 24.5909 0.0451935 0.540674 0.840018 -9.02134
-0.791488 0.499797 -0.35178 -17.1426 -0.611133 -0.654647 0.444919 22.9143 -0.00792244 0.567133 0.823588 -9.05089
-0.677985 0.584286 -0.446034 -19.6921 -0.735061 -0.535109 0.416345 20.7531 0.00458738 0.610138 0.792282 -9.10836
-0.621461 0.612494 -0.488505 -21.8546 -0.782743 -0.511814 0.354062 18.063 -0.0331633 0.60241 0.797498 -9.16227
-0.484177 0.709973 -0.511382 -23.782 -0.874933 -0.398258 0.275469 15.3121 -0.00808675 0.5808 0.814006 -9.24165
-0.37899 0.753927 -0.536619 -25.127 -0.925041 -0.324813 0.196966 12.149 -0.0258033 0.571043 0.820515 -9.22765
-0.239791 0.765006 -0.597717 -26.2471 -0.970469 -0.172221 0.168909 8.93897 0.0262771 0.620569 0.783712 -9.24489
-0.143081 0.810952 -0.567349 -26.8277 -0.987941 -0.0827618 0.130853 5.69233 0.0591609 0.57923 0.813014 -9.22373
-0.0563341 0.810312 -0.583285 -27.2036 -0.997302 -0.0181246 0.0711411 2.15586 0.0470747 0.585718 0.809146 -8.89294
0.0566726 0.807358 -0.587334 -27.2178 -0.993963 0.100982 0.042903 -1.14205 0.0939483 0.581356 0.808207 -8.83237
0.19899 0.804805 -0.559188 -26.7422 -0.973013 0.230272 -0.0148365 -4.57645 0.116825 0.54705 0.828908 -8.55808
0.318803 0.753744 -0.57466 -26.0618 -0.930757 0.363488 -0.0395908 -7.78272 0.179041 0.547491 0.817434 -8.33481
0.447618 0.712703 -0.540086 -24.7214 -0.87443 0.475234 -0.0975942 -11.0259 0.187112 0.515953 0.835932 -7.82702
0.551609 0.646672 -0.526824 -23.1817 -0.813896 0.555479 -0.170341 -14.0249 0.182484 0.522742 0.832731 -7.29788
0.660786 0.535189 -0.526245 -21.2393 -0.722928 0.642347 -0.254489 -16.6094 0.201833 0.5486 0.811358 -6.7269
0.698425 0.573029 -0.428767 -18.7493 -0.708088 0.64033 -0.29764 -19.127 0.103996 0.511484 0.852977 -6.34474
0.807539 0.453686 -0.376895 -16.0885 -0.582409 0.714298 -0.388044 -21.6023 0.0931648 0.532868 0.841054 -6.05104
0.90211 0.307362 -0.302861 -13.2877 -0.419196 0.79069 -0.446188 -23.4289 0.102328 0.529469 0.842135 -5.77462
0.949598 0.26204 -0.172041 -10.0682 -0.312276 0.838623 -0.446313 -24.7803 0.0273253 0.477542 0.878184 -5.3932
0.971277 0.182029 -0.153255 -6.67621 -0.23373 0.850626 -0.470963 -25.8483 0.0446334 0.493256 0.868738 -5.32982
0.99472 0.0693706 -0.0756326 -3.32549 -0.0969805 0.876472 -0.471583 -26.4801 0.0335759 0.476428 0.878572 -5.15174
0.999956 -0.00652915 0.00669222 0.187423 0.00880458 0.898411 -0.439068 -26.5511 -0.00314562 0.439107 0.898429 -5.09857
0.987596 -0.109935 0.112106 3.79168 0.149451 0.877097 -0.456471 -26.3924 -0.0481455 0.467563 0.882648 -5.18381
0.965803 -0.224222 0.130189 7.18371 0.258719 0.866362 -0.427178 -25.7835 -0.017008 0.446252 0.894746 -5.19046
0.899141 -0.373606 0.227955 10.6682 0.436623 0.801546 -0.408515 -24.6346 -0.0300925 0.466843 0.883828 -5.32013
0.83918 -0.403198 0.364977 13.8264 0.535283 0.731011 -0.423196 -23.0237 -0.096171 0.550504 0.829275 -5.4667
0.745598 -0.489974 0.451673 16.5757 0.646844 0.6951 -0.313733 -21.001 -0.160237 0.526081 0.835202 -5.90225
0.744378 -0.487285 0.456568 19.213 0.653372 0.672657 -0.347329 -18.5755 -0.137866 0.556853 0.81909 -6.45867
0.607982 -0.564372 0.558429 21.6699 0.774169 0.577438 -0.259282 -16.2014 -0.176126 0.589957 0.787991 -6.94815
0.478651 -0.65366 0.586193 23.6377 0.856176 0.495439 -0.146642 -13.0753 -0.194569 0.572074 0.79679 -7.74814
0.385162 -0.715728 0.582566 25.1513 0.910577 0.397353 -0.113847 -9.97381 -0.150001 0.57432 0.804771 -8.30627
0.275379 -0.745431 0.607041 26.5249 0.955764 0.280184 -0.0895164 -6.72742 -0.103354 0.604838 0.789613 -8.74536
0.160459 -0.775166 0.61104 27.2521 0.980185 0.197987 -0.00622901 -3.22527 -0.11615 0.599932 0.791575 -9.28987
0.00291645 -0.775703 0.631091 27.5384 0.982435 0.119973 0.142924 0.272574 -0.186581 0.619589 0.762428 -9.62647
-0.12271 -0.73187 0.670305 27.3129 0.978591 0.02322 0.204499 3.74747 -0.165231 0.681048 0.713353 -10.3266
-0.280714 -0.715396 0.639851 26.6634 0.953008 -0.128636 0.274278 7.20391 -0.11391 0.686776 0.717888 -10.9225
-0.390305 -0.68534 0.614794 25.4159 0.908837 -0.180011 0.376313 10.4182 -0.147233 0.705624 0.693121 -11.4366
-0.534452 -0.612311 0.582612 23.7972 0.84294 -0.335787 0.420356 13.6029 -0.0617552 0.715767 0.695603 -12.0584
-0.52066 -0.62531 0.581292 21.7779 0.850488 -0.320284 0.417239 16.5196 -0.0747257 0.711622 0.698578 -12.5329
-0.581497 -0.586673 0.563627 19.7786 0.81272 -0.387649 0.434989 19.4706 -0.036707 0.711015 0.702218 -12.687
-0.770001 -0.385529 0.508396 17.5624 0.626488 -0.607793 0.487955 22.2624 0.120879 0.69423 0.70953 -12.7776
-0.782883 -0.379681 0.492886 14.8419 0.606835 -0.640779 0.470269 24.5042 0.137279 0.667267 0.732059 -12.3805
-0.823482 -0.335504 0.457509 12.0037 0.550484 -0.667624 0.501243 26.7168 0.137275 0.664617 0.734466 -11.7759
-0.889208 -0.254173 0.3804 8.79887 0.440869 -0.698215 0.56403 28.537 0.12224 0.669247 0.732916 -11.3108
-0.9675 -0.157579 0.197771 5.5361 0.249829 -0.716614 0.651191 29.8982 0.039111 0.679436 0.732692 -10.8509
-0.998931 -0.0380101 0.0263071 1.96384 0.0459132 -0.749751 0.660125 30.6073 -0.00536765 0.660628 0.750695 -10.8638
-0.998161 0.0578417 -0.0181573 -1.75029 -0.0566299 -0.782667 0.619859 30.5643 0.0216425 0.619747 0.784503 -10.832
-0.983715 0.155266 -0.0905393 -5.43125 -0.178267 -0.778571 0.601704 30.2588 0.022933 0.608046 0.793571 -10.7871
-0.956155 0.245883 -0.159088 -8.94707 -0.292222 -0.765168 0.573693 29.6849 0.0193327 0.595029 0.803472 -10.79
-0.921668 0.30529 -0.239428 -12.3984 -0.387794 -0.743944 0.544208 28.4649 -0.0119798 0.594428 0.804059 -10.7312
-0.863877 0.420068 -0.277957 -15.6462 -0.501995 -0.672578 0.543727 26.8264 0.0414547 0.609246 0.791897 -10.819
-0.83843 0.42261 -0.344146 -18.6694 -0.544928 -0.660939 0.515958 24.6658 -0.00941053 0.620129 0.784443 -10.8505
-0.675494 0.585327 -0.448442 -21.5278 -0.735923 -0.497135 0.459646 22.4367 0.0461071 0.640507 0.766567 -10.9613
-0.598455 0.607001 -0.522879 -23.7904 -0.800918 -0.469212 0.371982 19.6072 -0.0195477 0.641397 0.76696 -11.0033
-0.407053 0.715753 -0.567455 -26.0004 -0.912497 -0.290965 0.287558 16.4645 0.0407111 0.634852 0.77156 -11.0704
-0.377364 0.72004 -0.582356 -27.2387 -0.926022 -0.287298 0.244834 13.0181 0.00898026 0.631666 0.775189 -10.9514
-0.277218 0.730897 -0.623651 -28.4059 -0.96051 -0.226967 0.160957 9.5333 -0.023905 0.643643 0.764953 -11.0891
-0.166002 0.759561 -0.628897 -29.1612 -0.985032 -0.0976955 0.142013 6.00477 0.0464274 0.643058 0.764409 -11.0643
-0.108489 0.769033 -0.629935 -29.475 -0.993416 -0.060402 0.0973482 2.24312 0.0368147 0.636349 0.770522 -10.7743
0.0822343 0.771422 -0.630988 -29.6525 -0.993782 0.111163 0.00638741 -1.41417 0.0750696 0.626539 0.775767 -10.6223
0.176214 0.765371 -0.618996 -29.0534 -0.979451 0.199005 -0.0327635 -5.17749 0.0981072 0.612049 0.784711 -10.2834
0.290012 0.749768 -0.594762 -28.3503 -0.952923 0.2837 -0.107018 -8.83151 0.0884955 0.597798 0.796747 -9.93633
0.480895 0.65199 -0.586216 -26.9977 -0.854574 0.498064 -0.147092 -12.4648 0.19607 0.571701 0.79669 -9.65185
0.575903 0.583077 -0.573024 -25.0493 -0.788094 0.582325 -0.199513 -15.6084 0.217355 0.566497 0.794883 -8.98583
0.661067 0.551549 -0.508709 -22.7972 -0.736344 0.607161 -0.298586 -18.5954 0.144183 0.57197 0.807504 -8.42162
0.687717 0.549213 -0.474775 -20.2792 -0.719588 0.602273 -0.345631 -21.1437 0.0961187 0.579338 0.8094 -7.97376
0.820194 0.387259 -0.421085 -17.5386 -0.553337 0.723906 -0.412041 -23.8041 0.145259 0.570956 0.808028 -7.79836
0.884672 0.330247 -0.329078 -14.2324 -0.457497 0.750807 -0.47643 -25.6863 0.0897346 0.572037 0.815305 -7.28266
0.91677 0.291103 -0.273481 -10.8193 -0.392096 0.786403 -0.477316 -27.2828 0.0761177 0.54482 0.835091 -6.92069
0.974468 0.134487 -0.17979 -7.27504 -0.209245 0.834322 -0.510023 -28.4574 0.0814111 0.534621 0.841161 -6.80745
0.995921 0.0479245 -0.0764557 -3.47536 -0.0803424 0.856674 -0.509564 -29.0249 0.041077 0.513628 0.857029 -6.59853
0.999488 -0.0302639 -0.0104005 0.311016 0.0207324 0.859953 -0.509953 -29.2166 0.0243771 0.509476 0.86014 -6.48046
0.993513 -0.0591191 0.0971465 4.12831 0.101037 0.850942 -0.51545 -28.9408 -0.0521932 0.521921 0.851395 -6.56265
0.951599 -0.239093 0.193116 7.91772 0.304228 0.82201 -0.4814 -28.5016 -0.0436434 0.516851 0.854962 -6.59469
0.905691 -0.348955 0.240737 11.6051 0.423168 0.778369 -0.463757 -27.2154 -0.0255518 0.521893 0.852628 -6.82977
0.848451 -0.365207 0.383085 15.0933 0.515138 0.73597 -0.439295 -25.2086 -0.121505 0.570062 0.812567 -7.11165
0.750919 -0.482031 0.451406 18.1665 0.65295 0.644271 -0.39821 -23.132 -0.0988784 0.593769 0.798537 -7.64147
0.711536 -0.482164 0.511111 20.824 0.687051 0.629843 -0.362298 -20.532 -0.147233 0.608947 0.779427 -8.24333
0.551114 -0.600506 0.579366 23.3409 0.825353 0.494434 -0.27263 -17.8657 -0.122742 0.628432 0.76812 -8.94055
0.508292 -0.605262 0.612615 25.4382 0.843776 0.49233 -0.213667 -14.599 -0.172284 0.625515 0.760953 -9.49448
0.416774 -0.647556 0.637942 27.3149 0.892864 0.423312 -0.153625 -11.1696 -0.170568 0.633623 0.754605 -10.0412
0.191104 -0.718948 0.668276 28.8729 0.977837 0.19876 -0.0657969 -7.60127 -0.0855216 0.666039 0.740998 -10.7755
0.113473 -0.737553 0.665687 29.5829 0.988752 0.149536 -0.0028631 -3.86968 -0.0974322 0.658525 0.746225 -11.2433
-0.039811 -0.728162 0.684248 29.9065 0.990028 0.0638648 0.125565 -0.0465012 -0.135131 0.682423 0.718358 -11.7003
-0.174092 -0.700788 0.691801 29.5796 0.97316 -0.0150667 0.229634 3.78197 -0.150501 0.713211 0.684602 -12.4444
-0.267534 -0.691367 0.671146 28.7605 0.949345 -0.069979 0.306343 7.46969 -0.16483 0.719107 0.675068 -13.1286
-0.406939 -0.653263 0.638473 27.4913 0.901385 -0.173927 0.396553 10.9457 -0.148006 0.736883 0.65962 -13.7742
