0.999999 0.000614683 0.00124998 -0.00205243 -0.000626898 0.999952 0.00979525 0.00190236 -0.0012439 -0.00979602 0.999951 -0.0107671
0.97933 -0.1992 0.0351103 0.344763 0.196177 0.977693 0.0750401 -0.0851113 -0.0492751 -0.0666011 0.996562 0.0351146
0.873414 -0.482765 0.0639126 0.549958 0.472283 0.87173 0.130519 0.0190571 -0.118725 -0.0838125 0.989384 -0.0597351
0.825157 -0.563092 0.045195 0.664485 0.549764 0.818867 0.164976 0.00679187 -0.129905 -0.111284 0.985262 -0.281341
0.728204 -0.685351 0.00367724 0.762635 0.674744 0.717853 0.171485 0.0864113 -0.120167 -0.122395 0.98518 -0.437429
0.692759 -0.720881 -0.0203724 1.02793 0.716244 0.684458 0.136056 0.222892 -0.0841363 -0.108846 0.990492 -0.535773
0.538306 -0.841687 -0.0423075 1.16034 0.840297 0.532235 0.103089 0.351685 -0.0642515 -0.0910445 0.993772 -0.561454
0.416889 -0.905054 -0.0841505 1.43521 0.906264 0.406747 0.115079 0.453362 -0.0699251 -0.124238 0.989786 -0.669112
0.293799 -0.955867 -0.00113067 1.69194 0.950221 0.291935 0.108879 0.700591 -0.103744 -0.0330629 0.994054 -0.509404
0.181641 -0.98336 0.00306707 1.88296 0.974171 0.180367 0.135865 0.922879 -0.134158 -0.0216908 0.990723 -0.571337
0.0713618 -0.997434 -0.00580932 2.04048 0.989552 0.070064 0.126007 1.29893 -0.125276 -0.0147407 0.992012 -0.727246
0.0696568 -0.996523 -0.0457136 2.0591 0.990458 0.0636247 0.122253 1.70074 -0.118919 -0.0537931 0.991446 -0.838026
-0.00131779 -0.998179 -0.0603055 2.06327 0.991614 -0.00909747 0.128913 2.26593 -0.129227 -0.0596299 0.989821 -0.930706
-0.226588 -0.973881 0.0146379 2.04035 0.961693 -0.221322 0.161752 2.3475 -0.154288 0.0507284 0.986723 -0.872101
-0.398225 -0.911781 -0.100358 2.00258 0.896045 -0.410077 0.17012 2.75246 -0.196267 -0.0221795 0.9803 -0.911203
-0.518565 -0.853978 -0.0425662 1.78353 0.833981 -0.516147 0.195108 2.99411 -0.188589 0.0656769 0.979858 -1.083
-0.574693 -0.817259 -0.0426248 1.73513 0.799088 -0.57163 0.186274 3.46585 -0.1766 0.0729894 0.981573 -1.18163
-0.601098 -0.799174 0.00127189 1.48 0.787827 -0.592295 0.168867 3.86193 -0.134201 0.102508 0.985638 -1.31629
-0.689478 -0.724226 0.0108079 1.04513 0.720864 -0.684672 0.107605 4.17154 -0.0705304 0.0819823 0.994135 -1.30013
-0.80039 -0.59502 0.0729875 0.793513 0.598873 -0.799109 0.0526901 4.35045 0.0269733 0.0858829 0.99594 -1.32456
-0.861222 -0.474441 0.182214 0.525057 0.488975 -0.871259 0.0425605 4.67101 0.138563 0.125752 0.982337 -1.32664
-0.904015 -0.378 0.199682 0.023545 0.401458 -0.91118 0.092637 4.7643 0.14693 0.163909 0.975472 -1.08155
-0.937232 -0.28497 0.200966 -0.328951 0.296482 -0.954596 0.0290665 5.04083 0.183559 0.086825 0.979167 -1.06206
-0.971602 -0.157534 0.176558 -0.672336 0.164802 -0.985952 0.0271944 5.25216 0.169794 0.0555193 0.983914 -0.8794
-0.987359 -0.0897492 0.130642 -1.08969 0.0963191 -0.994339 0.0448583 5.32668 0.125877 0.0568745 0.990414 -0.825832
-0.992878 0.070146 0.0962914 -1.56869 -0.0622126 -0.994601 0.0830573 5.33845 0.101598 0.0764753 0.991882 -0.697162
-0.979173 0.192821 0.0635622 -1.95898 -0.182377 -0.972929 0.141945 5.35636 0.0892115 0.127397 0.987832 -0.602792
-0.931397 0.360448 0.0507629 -2.51403 -0.350028 -0.925155 0.146865 5.3535 0.0999008 0.119021 0.987853 -0.553891
-0.866877 0.493489 0.0706564 -2.88161 -0.490853 -0.86969 0.0519855 5.1449 0.0871034 0.0103832 0.996145 -0.635579
-0.800879 0.597466 0.0403425 -3.15695 -0.59501 -0.801561 0.0588443 4.89693 0.0674945 0.0231229 0.997452 -0.511446
-0.665647 0.746201 -0.00989535 -3.54256 -0.742639 -0.661047 0.107251 4.65145 0.0734898 0.0787402 0.994183 -0.55896
-0.584274 0.810997 -0.0301162 -3.89488 -0.808137 -0.578008 0.113234 4.3451 0.074425 0.0904976 0.993112 -0.472396
-0.509596 0.860404 -0.00423392 -4.16641 -0.855896 -0.50641 0.104839 4.10445 0.0880594 0.0570491 0.99448 -0.435384
-0.448088 0.893798 -0.0185072 -4.63559 -0.887462 -0.442223 0.129807 3.51292 0.107837 0.0745893 0.991367 -0.314705
-0.314415 0.949275 0.00450995 -4.70751 -0.929666 -0.308875 0.20079 3.01052 0.191998 0.0589389 0.979624 -0.238144
-0.1676 0.985702 0.0173801 -4.77763 -0.9632 -0.167481 0.21023 2.55977 0.210135 0.0184941 0.977497 -0.347689
-0.110558 0.993381 0.031147 -4.91047 -0.981026 -0.114098 0.156747 1.96429 0.159263 -0.0132264 0.987148 -0.381132
0.00995185 0.999853 0.0139952 -4.89203 -0.990717 0.00796142 0.135705 1.56764 0.135574 -0.0152158 0.99065 -0.270124
0.223898 0.973713 0.0418583 -4.99446 -0.972176 0.220097 0.0801886 1.10639 0.0688678 -0.0586477 0.9959 -0.302515
0.290056 0.956999 -0.00443114 -4.79214 -0.954292 0.289578 0.0739745 0.45549 0.0720768 -0.0172282 0.99725 -0.154002
0.335857 0.939992 -0.0601242 -4.53327 -0.934512 0.340525 0.10359 -0.182364 0.117847 0.0213954 0.992801 -0.149565
0.460109 0.886325 -0.0522349 -4.30526 -0.874687 0.462594 0.144669 -0.728234 0.152387 -0.0208743 0.9881 -0.104642
0.617043 0.785908 -0.0400781 -3.85103 -0.772411 0.614611 0.160106 -1.28781 0.150461 -0.0678357 0.986286 -0.102908
0.671904 0.739907 -0.0329006 -3.38296 -0.721884 0.664177 0.194302 -1.59477 0.165617 -0.106802 0.98039 -0.0596576
0.814047 0.571541 -0.103286 -3.04856 -0.55886 0.819228 0.128613 -2.01189 0.158122 -0.0469743 0.986302 -0.0758457
0.900794 0.430675 -0.0555862 -2.80756 -0.420158 0.896739 0.139023 -2.38202 0.10972 -0.101876 0.988728 -0.255621
0.938701 0.334852 -0.0819368 -2.34251 -0.324473 0.938497 0.118072 -2.68502 0.116434 -0.084248 0.989619 -0.147723
0.978557 0.184772 -0.0910195 -1.81154 -0.169434 0.973375 0.154377 -2.98211 0.117121 -0.135645 0.983811 -0.130976
0.993847 -0.0238728 -0.108162 -1.20159 0.0427631 0.983486 0.175861 -3.09495 0.102177 -0.179404 0.978455 -0.0155528
0.989732 -0.117642 -0.0811869 -0.662216 0.125957 0.986324 0.106303 -3.11464 0.0675709 -0.115437 0.991014 0.0657772
0.989247 -0.141494 -0.0370201 0.120041 0.144493 0.98468 0.0976023 -3.00787 0.0226428 -0.101902 0.994537 -0.0145269
0.917477 -0.395485 0.0427493 0.816923 0.389194 0.914674 0.109088 -3.04108 -0.0822442 -0.0834478 0.993112 0.161104
0.901164 -0.422506 0.0969135 1.77381 0.417754 0.906162 0.0659732 -2.71429 -0.115693 -0.0189667 0.993104 0.120292
0.850336 -0.519605 0.0833024 2.26399 0.506039 0.850823 0.141508 -2.49321 -0.144404 -0.0781748 0.986426 -0.080919
0.783282 -0.618957 0.0579682 2.78307 0.606895 0.781546 0.144447 -2.1348 -0.134711 -0.0779618 0.987813 -0.148341
0.675938 -0.733157 0.0747571 3.2967 0.732616 0.679485 0.0396781 -1.81373 -0.0798866 0.0279482 0.996412 -0.283052
0.587953 -0.808833 0.00996724 3.8071 0.807762 0.587737 0.0456683 -1.2867 -0.0427962 -0.0187997 0.998907 -0.455214
0.51101 -0.858403 0.0448539 4.2961 0.858796 0.512072 0.0158439 -0.726002 -0.0365689 0.030424 0.998868 -0.390359
0.410043 -0.911642 0.0278171 4.60071 0.908599 0.410951 0.0746214 -0.186135 -0.0794595 -0.00532341 0.996824 -0.465183
0.29532 -0.954009 0.0515079 4.8405 0.946356 0.2995 0.121282 0.479297 -0.131131 0.0129276 0.991281 -0.572594
0.148764 -0.985202 0.0851255 5.14834 0.98271 0.156884 0.0983276 1.15493 -0.110227 0.0690261 0.991507 -0.718632
0.013491 -0.999756 0.0175153 5.13873 0.99457 0.0152247 0.102955 1.63405 -0.103196 0.0160313 0.994532 -0.845816
-0.0587606 -0.996177 0.0646348 5.10874 0.992048 -0.0510528 0.115041 2.44246 -0.111302 0.0708807 0.991256 -0.897681
-0.116685 -0.990281 0.075686 5.05669 0.981648 -0.103423 0.160222 3.1478 -0.150837 0.0929925 0.984175 -1.06773
-0.288303 -0.956042 0.0535275 4.87982 0.938956 -0.271306 0.211555 3.78692 -0.187733 0.111252 0.975899 -1.09999
-0.315815 -0.947082 0.0574236 4.50129 0.931943 -0.298264 0.206204 4.56219 -0.178164 0.118638 0.976823 -1.2948
-0.464282 -0.883532 0.0617533 4.07427 0.872405 -0.444176 0.204004 5.10848 -0.152815 0.148589 0.97702 -1.4569
-0.641956 -0.760753 0.095641 3.84792 0.759751 -0.61433 0.213018 5.67753 -0.103299 0.209412 0.972356 -1.57406
-0.714848 -0.687287 0.12895 3.20489 0.69821 -0.691322 0.185949 6.25435 -0.0386546 0.222959 0.974061 -1.54794
-0.797658 -0.570385 0.195967 2.49258 0.599465 -0.785487 0.153794 6.72852 0.0662077 0.24015 0.968475 -1.69863
-0.853067 -0.468707 0.229328 1.8973 0.50179 -0.857423 0.11416 7.13914 0.143123 0.212461 0.966631 -1.77125
-0.902015 -0.376405 0.211396 1.24134 0.400177 -0.91273 0.0823545 7.54068 0.161948 0.158881 0.973925 -1.66496
-0.941126 -0.256631 0.220051 0.55195 0.282676 -0.95441 0.0958979 7.94952 0.185408 0.152455 0.970763 -1.49536
-0.957246 -0.18197 0.224872 -0.333322 0.215136 -0.967501 0.132883 8.24723 0.193383 0.17558 0.965285 -1.16249
-0.979639 0.119613 0.161248 -0.936798 -0.0923874 -0.981638 0.166888 8.36067 0.17825 0.148593 0.972701 -1.06629
-0.98677 0.114375 0.114904 -1.81915 -0.0936151 -0.980612 0.172154 8.3908 0.132366 0.15912 0.978346 -1.06207
-0.972408 0.228682 0.0461298 -2.62098 -0.219073 -0.963095 0.156382 8.35165 0.0801893 0.141962 0.986619 -1.00466
-0.928205 0.36877 0.0494363 -3.54852 -0.361478 -0.925265 0.114976 8.10895 0.0881412 0.0888511 0.992137 -0.781517
-0.88763 0.459305 0.0339267 -4.28721 -0.44916 -0.8796 0.156712 7.84371 0.10182 0.123863 0.987062 -0.684124
-0.82741 0.561375 0.015823 -5.00012 -0.555509 -0.822251 0.123745 7.45349 0.0824779 0.0935982 0.992188 -0.755886
-0.739314 0.672751 -0.0286421 -5.71752 -0.671411 -0.733272 0.107329 6.84645 0.0512034 0.0985805 0.993811 -0.811615
-0.639763 0.762816 -0.0938881 -6.34549 -0.767229 -0.626642 0.136674 6.15671 0.0454227 0.159472 0.986157 -0.80234
-0.49075 0.870304 -0.0416525 -6.79688 -0.869053 -0.485493 0.0950946 5.65793 0.0625392 0.0828659 0.994596 -0.74079
-0.332974 0.938267 -0.0937178 -7.17422 -0.941116 -0.324512 0.0948313 4.94353 0.0585645 0.119776 0.991072 -0.596921
-0.266208 0.955849 -0.124445 -7.51503 -0.955734 -0.244954 0.163001 3.99159 0.125321 0.162329 0.978746 -0.572355
-0.213211 0.971671 -0.101961 -7.80756 -0.962806 -0.191237 0.190873 3.10442 0.165967 0.138865 0.976305 -0.433443
-0.0577377 0.995311 -0.0775992 -7.96342 -0.982763 -0.0429916 0.179802 2.27519 0.175623 0.086643 0.980637 -0.436369
0.0756362 0.985903 -0.149248 -8.04972 -0.993621 0.0870769 0.0716636 1.53271 0.0836495 0.142876 0.986199 -0.173613
0.236934 0.967615 -0.0870879 -7.84038 -0.969301 0.241503 0.0461763 0.476998 0.0657128 0.0734736 0.99513 -0.258474
0.299853 0.946403 -0.120041 -7.589 -0.953303 0.302016 -0.000177996 -0.404499 0.0360859 0.114489 0.992769 -0.124195
0.393286 0.916784 -0.0695168 -7.27511 -0.916879 0.396691 0.0443675 -1.25157 0.0682521 0.0462894 0.996594 -0.13161
0.567817 0.821843 -0.0464534 -6.9309 -0.816122 0.569429 0.0984654 -2.14517 0.107375 -0.0179987 0.994056 -0.175792
0.604261 0.783253 -0.146229 -6.29017 -0.784919 0.616708 0.0597824 -3.13715 0.137005 0.0786534 0.987443 -0.171461
0.704398 0.698153 -0.128083 -5.54636 -0.688644 0.715913 0.115062 -3.77454 0.172027 0.00715455 0.985066 -0.00122495
0.770965 0.631925 -0.0792724 -4.84756 -0.618883 0.772734 0.140946 -4.4629 0.150324 -0.0596043 0.986838 -0.0628828
0.877291 0.471616 -0.0891023 -4.13371 -0.466017 0.88142 0.0769856 -5.08253 0.114844 -0.0260156 0.993043 0.0399621
0.936314 0.342194 -0.0788587 -3.22945 -0.33737 0.938882 0.0684212 -5.52063 0.0974524 -0.0374592 0.994535 0.0499485
0.968754 0.229964 -0.0929063 -2.16909 -0.222788 0.971454 0.0815029 -5.95862 0.108997 -0.0582578 0.992333 0.192351
0.991296 0.0677964 -0.112856 -1.21562 -0.0603551 0.995851 0.0680994 -6.0844 0.117005 -0.0606952 0.991275 0.187895
0.997041 -0.033293 -0.0692821 -0.243076 0.0376735 0.997308 0.0629121 -6.1444 0.0670011 -0.065336 0.995611 0.347811
0.981826 -0.168502 -0.087326 0.826311 0.175281 0.981517 0.0768228 -5.98121 0.0727672 -0.0907332 0.993213 0.368961
0.955977 -0.291568 0.033102 1.97703 0.283353 0.946545 0.154153 -5.79302 -0.0762787 -0.137988 0.987492 0.293306
0.895529 -0.411765 0.168754 2.92226 0.399144 0.910912 0.104511 -5.51568 -0.196754 -0.0262355 0.980102 0.321801
0.860707 -0.47222 0.190242 3.84524 0.468133 0.880975 0.0688019 -5.13034 -0.200088 0.0298403 0.979323 -0.0252418
0.786903 -0.59753 0.154081 4.72786 0.598324 0.79991 0.0463865 -4.5244 -0.150968 0.0556886 0.986969 -0.00169865
0.760859 -0.641959 0.0947743 5.51922 0.644145 0.764845 0.00944658 -3.83521 -0.0785519 0.0538609 0.995454 -0.374383
0.669814 -0.737976 0.082095 6.20928 0.740165 0.672404 0.00542092 -3.10211 -0.0592015 0.0571328 0.99661 -0.558585
0.530524 -0.837942 0.128054 6.83636 0.844244 0.535884 0.00896287 -2.28921 -0.0761323 0.103354 0.991727 -0.64009
0.442637 -0.887739 0.126455 7.29041 0.894074 0.447716 0.013476 -1.41959 -0.0685789 0.107095 0.991881 -0.78917
0.257101 -0.955357 0.145573 7.7769 0.963972 0.264171 0.0311844 -0.498806 -0.0682484 0.132311 0.988856 -0.871425
0.182456 -0.974432 0.131121 8.11355 0.979906 0.191148 0.0569758 0.637767 -0.0805825 0.118091 0.989728 -0.968173
-0.036019 -0.988094 0.149578 8.22045 0.994962 -0.0214448 0.0979293 1.54241 -0.0935556 0.152352 0.983888 -1.05041
-0.135277 -0.971009 0.197082 8.25867 0.988666 -0.119216 0.0912482 2.4837 -0.0651074 0.207192 0.976131 -1.31869
-0.288456 -0.943616 0.162425 8.14206 0.950782 -0.262235 0.165064 3.55475 -0.113163 0.202044 0.972817 -1.41743
-0.381675 -0.897425 0.221253 7.8394 0.916485 -0.33639 0.216558 4.63728 -0.119917 0.28543 0.950868 -1.51023
-0.493081 -0.860047 0.131113 7.34986 0.864492 -0.467465 0.184745 5.61572 -0.0975985 0.20444 0.974001 -1.81179
-0.608734 -0.785191 0.113658 6.7684 0.788471 -0.582829 0.196532 6.50311 -0.0880719 0.209252 0.973888 -2.06302
-0.683753 -0.727893 0.0515144 6.20045 0.716352 -0.656109 0.237405 7.53055 -0.139006 0.199229 0.970044 -2.22911
-0.757761 -0.643695 0.107028 5.32169 0.646256 -0.717613 0.259586 8.29981 -0.0902897 0.265872 0.959771 -2.32422
-0.769056 -0.614996 0.174164 4.29138 0.639092 -0.735269 0.225702 9.02407 -0.0107483 0.284884 0.958502 -2.48324
-0.844162 -0.501738 0.188812 3.39089 0.531223 -0.830244 0.16881 9.7673 0.0720617 0.242805 0.967395 -2.48024
-0.895828 -0.366172 0.251813 2.36887 0.417215 -0.888123 0.192792 10.383 0.153046 0.277769 0.948378 -2.36219
-0.947865 -0.205869 0.243248 1.27317 0.259532 -0.94164 0.214377 10.9311 0.184918 0.266331 0.945977 -2.07095
-0.983756 -0.138111 0.114674 0.180705 0.164335 -0.949952 0.265677 11.0971 0.0722421 0.280207 0.957218 -1.72967
-0.985975 0.0069669 0.166747 -1.17644 0.0524235 -0.935628 0.349072 11.2852 0.158445 0.352918 0.922141 -1.54049
-0.985717 0.109591 0.127875 -2.28081 -0.0716221 -0.96001 0.270651 11.3718 0.152422 0.257626 0.954147 -1.44533
-0.952696 0.302487 0.0295305 -3.38802 -0.280087 -0.91154 0.301075 11.3371 0.117989 0.278562 0.953143 -1.32577
-0.921174 0.388966 0.0120084 -4.62681 -0.376152 -0.897886 0.228716 10.9667 0.0997451 0.20617 0.973419 -1.16291
-0.826825 0.557267 -0.0762453 -5.70512 -0.561123 -0.807912 0.180053 10.5886 0.0387383 0.191656 0.980697 -1.09949
-0.807864 0.573771 -0.134695 -6.73847 -0.588196 -0.79933 0.122869 9.90752 -0.0371672 0.178489 0.98324 -1.00957
-0.688479 0.708342 -0.155718 -7.6914 -0.722496 -0.688578 0.0621271 9.15744 -0.0632169 0.155279 0.985846 -1.06851
-0.633101 0.763638 -0.126648 -8.57767 -0.773898 -0.620992 0.124304 8.0459 0.0162761 0.17671 0.984128 -1.27175
-0.524277 0.836355 -0.160138 -9.34129 -0.850837 -0.506808 0.138644 7.17768 0.0347969 0.208939 0.977309 -1.16783
-0.415182 0.880447 -0.228991 -9.99155 -0.909606 -0.397458 0.121016 6.0014 0.0155338 0.258535 0.965877 -1.11948
-0.319816 0.926762 -0.197052 -10.5629 -0.946659 -0.303897 0.107163 4.82898 0.0394312 0.220814 0.974519 -1.076
-0.14885 0.964114 -0.219836 -10.8047 -0.973865 -0.104357 0.201732 3.69719 0.171551 0.244119 0.954451 -1.06644
-0.0611601 0.982862 -0.173903 -11.0323 -0.986695 -0.0332395 0.159149 2.34834 0.150641 0.181323 0.971818 -0.797361
0.0778598 0.976391 -0.201493 -10.9454 -0.989473 0.100409 0.104214 1.26654 0.121986 0.191258 0.97393 -0.591853
0.256662 0.95124 -0.171074 -10.8601 -0.964837 0.262556 0.0123752 -0.168149 0.0566885 0.161883 0.98518 -0.584619
0.388478 0.900582 -0.195032 -10.5723 -0.921458 0.379714 -0.0820509 -1.36317 0.000162743 0.211589 0.977359 -0.57844
0.496158 0.845434 -0.197656 -10.0422 -0.866948 0.494793 -0.0598432 -2.60622 0.0472051 0.201049 0.978443 -0.516236
0.583082 0.800607 -0.137999 -9.43578 -0.80947 0.586973 -0.0148803 -3.87403 0.0690886 0.120383 0.990321 -0.447022
0.670319 0.721619 -0.173027 -8.6691 -0.736152 0.676038 -0.0324517 -4.95431 0.093555 0.149127 0.984382 -0.368836
0.759617 0.630978 -0.157634 -7.69043 -0.641306 0.767021 -0.0201325 -5.9782 0.108206 0.116385 0.987292 -0.166657
0.850834 0.515789 -0.100216 -6.66922 -0.514766 0.856496 0.0378222 -6.94333 0.105343 0.0194075 0.994247 -0.0651776
0.893671 0.441828 -0.0783574 -5.44963 -0.442966 0.896533 0.00316342 -7.66142 0.0716477 0.0318826 0.99692 0.0678836
0.943419 0.329141 -0.0403335 -4.27359 -0.326737 0.943434 0.0563549 -8.37975 0.0566007 -0.0399878 0.997596 0.163696
0.963222 0.262492 -0.0574572 -2.80481 -0.262063 0.964934 0.0149976 -8.85456 0.0593791 0.00061142 0.998235 0.253913
0.988924 0.0918004 -0.116627 -1.60237 -0.0988785 0.993499 -0.0564175 -9.17941 0.110689 0.0673245 0.991572 0.341632
0.996141 0.00774135 -0.0874206 -0.194289 -0.0123823 0.998535 -0.0526705 -9.21291 0.0868848 0.0535497 0.994778 0.43233
0.990964 -0.127907 -0.040366 1.28888 0.125015 0.989856 -0.0675048 -9.03492 0.0485909 0.0618485 0.996902 0.513318
0.964847 -0.231348 0.124695 2.7 0.234289 0.972123 -0.00925166 -8.8129 -0.119078 0.0381411 0.992152 0.534418
0.901846 -0.343795 0.261684 4.06344 0.348235 0.936903 0.0307582 -8.22686 -0.255747 0.0633882 0.964663 0.291845
0.820324 -0.496343 0.284099 5.30091 0.506018 0.861408 0.0438408 -7.73867 -0.266485 0.107796 0.957792 -0.0776671
0.759889 -0.589928 0.273046 6.45395 0.605399 0.795225 0.0332891 -6.95876 -0.236771 0.140006 0.961425 -0.33726
0.721466 -0.674182 0.158007 7.50272 0.684009 0.72939 -0.0110606 -6.00476 -0.107792 0.116058 0.987376 -0.702422
0.616664 -0.778102 0.119507 8.44497 0.782193 0.622759 0.0185683 -5.10382 -0.0888724 0.0820275 0.99266 -0.899443
0.4397 -0.885849 0.148106 9.38604 0.894571 0.44665 0.0156764 -4.05348 -0.0800387 0.125599 0.988847 -1.1085
0.426668 -0.88758 0.173657 10.0071 0.902699 0.429736 -0.0214633 -2.68005 -0.0555762 0.165917 0.984572 -1.20543
0.298041 -0.930751 0.211834 10.6025 0.943478 0.320944 0.0827268 -1.2657 -0.144985 0.175205 0.973798 -1.38475
0.158151 -0.960771 0.227831 11.0948 0.976129 0.186911 0.110621 0.0522287 -0.148866 0.204897 0.967397 -1.38356
-0.0137711 -0.968506 0.248611 11.2265 0.988055 0.024984 0.15206 1.46634 -0.153482 0.247735 0.956593 -1.55167
-0.106064 -0.972818 0.205855 11.1492 0.985573 -0.0753888 0.151535 2.83285 -0.131897 0.218957 0.966779 -1.91883
-0.266138 -0.940732 0.210225 11.0453 0.945725 -0.212634 0.245745 4.30708 -0.186479 0.264217 0.946264 -2.1683
-0.38885 -0.889301 0.240706 10.5645 0.902051 -0.314371 0.295762 5.65969 -0.187351 0.332136 0.924438 -2.31345
-0.518642 -0.841155 0.153194 9.98392 0.847446 -0.481992 0.22253 7.03154 -0.113344 0.245237 0.962815 -2.60732
-0.569218 -0.774973 0.274604 9.26287 0.820921 -0.517183 0.242094 8.23818 -0.0455957 0.363233 0.930582 -2.87776
-0.68381 -0.702288 0.197978 8.37313 0.727373 -0.634631 0.261098 9.47479 -0.0577227 0.322546 0.944792 -3.03726
-0.827969 -0.538532 0.156367 7.26396 0.558565 -0.767273 0.315115 10.5363 -0.0497234 0.348246 0.936084 -3.34899
-0.809111 -0.566979 0.154514 6.08277 0.586039 -0.759002 0.283679 11.4581 -0.0435635 0.320079 0.946389 -3.36685
-0.858045 -0.452992 0.241986 4.78544 0.507803 -0.818763 0.267887 12.2912 0.0767788 0.35274 0.932566 -3.34147
-0.907499 -0.278501 0.314458 3.46014 0.367793 -0.888451 0.274561 13.0718 0.202915 0.364819 0.908698 -3.322
-0.950937 -0.166335 0.260867 1.97178 0.247772 -0.914386 0.320167 13.6953 0.185278 0.369094 0.910737 -3.04669
-0.987016 -0.0308554 0.15763 0.528996 0.0897125 -0.919935 0.381669 14.1008 0.133233 0.390855 0.910759 -2.76676
-0.992939 -0.00200108 0.118611 -1.13635 0.0469927 -0.924696 0.377794 14.1059 0.108923 0.380701 0.918261 -2.64682
-0.986143 0.11133 0.122997 -2.68545 -0.0549974 -0.918854 0.390747 14.2475 0.156518 0.378567 0.912244 -2.47023
-0.972438 0.231054 0.0312671 -4.30503 -0.203046 -0.905109 0.373563 14.1283 0.114614 0.356918 0.927078 -2.26622
-0.937454 0.34543 -0.0431169 -5.77424 -0.336523 -0.867581 0.366134 13.6736 0.0890663 0.357744 0.929563 -1.93794
-0.874373 0.461006 -0.151477 -7.34727 -0.485244 -0.832702 0.26673 13.1177 -0.00317125 0.306725 0.951793 -1.73383
-0.755757 0.607702 -0.243988 -8.47001 -0.654509 -0.713039 0.251383 12.2788 -0.0212076 0.349677 0.93663 -1.71817
-0.689442 0.653981 -0.311415 -9.83501 -0.719015 -0.669937 0.184937 11.1601 -0.0876828 0.351415 0.932105 -1.76686
-0.588314 0.76766 -0.254133 -10.9051 -0.805825 -0.582732 0.105212 10.0025 -0.0673242 0.266685 0.961429 -1.89398
-0.557218 0.800605 -0.220316 -11.9684 -0.829378 -0.523667 0.194693 8.5802 0.0404994 0.291212 0.955801 -1.964
-0.427133 0.873568 -0.233318 -12.8438 -0.903528 -0.402499 0.14708 7.16739 0.0345738 0.273632 0.961213 -1.99344
-0.276741 0.930445 -0.240182 -13.3754 -0.958562 -0.249704 0.137136 5.74291 0.0676232 0.268181 0.960992 -1.85329
-0.0820706 0.945509 -0.315082 -13.802 -0.993421 -0.0522744 0.101893 4.08926 0.0798703 0.321371 0.943579 -1.71322
-0.0674572 0.936966 -0.342848 -13.9755 -0.990359 -0.0212103 0.136893 2.35849 0.120992 0.348777 0.929363 -1.54498
0.110916 0.938677 -0.326471 -13.9036 -0.991456 0.127203 0.0288978 0.895025 0.0686537 0.320476 0.944765 -1.39659
0.301762 0.899801 -0.315116 -13.8533 -0.951726 0.303788 -0.04394 -0.857847 0.0561913 0.313163 0.948035 -1.24664
0.383606 0.889487 -0.248313 -13.268 -0.919973 0.391536 -0.0186929 -2.37926 0.0805964 0.235612 0.968499 -1.27121
0.480727 0.843931 -0.238079 -12.6213 -0.87202 0.488627 -0.0287132 -4.05948 0.0920997 0.221413 0.970821 -1.18833
0.595198 0.772888 -0.219961 -11.7498 -0.795138 0.606023 -0.0221694 -5.62822 0.116167 0.188095 0.975257 -0.993358
0.632926 0.756824 -0.163162 -10.7059 -0.770957 0.635414 -0.0432807 -7.01339 0.0709198 0.153185 0.985649 -0.887142
0.750158 0.636293 -0.179983 -9.66592 -0.653555 0.754852 -0.0553541 -8.32151 0.100639 0.159153 0.982111 -0.61858
0.795206 0.570995 -0.203992 -8.21992 -0.588971 0.807348 -0.0360908 -9.51519 0.144085 0.148845 0.978307 -0.25728
0.873982 0.467532 -0.132548 -6.78053 -0.484672 0.858445 -0.167823 -10.4207 0.0353226 0.210917 0.976866 -0.132578
0.959471 0.270493 -0.0790519 -5.23439 -0.278156 0.954025 -0.111645 -11.2727 0.0452185 0.129109 0.990599 -0.0129825
0.955001 0.278051 -0.103248 -3.66751 -0.290582 0.94688 -0.13777 -11.8866 0.0594561 0.161573 0.985068 0.0947818
0.994838 0.0591878 -0.0824229 -1.92299 -0.070904 0.986536 -0.147376 -12.1337 0.0725903 0.152459 0.98564 0.0816052
0.998536 0.0384263 -0.0380765 -0.15821 -0.0444619 0.983911 -0.17304 -12.2245 0.0308146 0.174479 0.984179 0.14778
0.991558 -0.129085 0.0122136 1.74657 0.129169 0.975208 -0.17968 -12.013 0.0112831 0.179741 0.983649 0.18438
0.953257 -0.277538 0.11947 3.44731 0.283764 0.958126 -0.0383687 -11.7827 -0.103819 0.0704766 0.992096 0.197381
0.88906 -0.393512 0.233923 5.17659 0.42855 0.895107 -0.122994 -11.0954 -0.160986 0.209597 0.964444 0.0232976
0.837647 -0.468999 0.279977 6.78321 0.496477 0.86745 -0.0322848 -10.3423 -0.227725 0.166045 0.959464 -0.428824
0.797535 -0.55634 0.233288 8.34195 0.578515 0.814952 -0.0342729 -9.35665 -0.171051 0.162294 0.971803 -0.793192
0.690625 -0.69258 0.208254 9.52991 0.707197 0.706992 0.00595824 -8.30774 -0.151361 0.143162 0.978057 -1.09439
0.643405 -0.742685 0.185605 10.8771 0.763796 0.639086 -0.0904643 -6.96661 -0.0514314 0.19997 0.978451 -1.30653
0.502326 -0.83387 0.228755 12.0887 0.855555 0.517646 0.00822625 -5.44997 -0.125274 0.191581 0.973449 -1.43609
0.386892 -0.889088 0.244618 12.8474 0.915543 0.402006 0.0130891 -3.94678 -0.109975 0.218894 0.969531 -1.79316
0.250285 -0.929314 0.271537 13.4441 0.964796 0.262804 0.0101416 -2.26015 -0.0807856 0.259439 0.962375 -1.94676
0.112084 -0.961799 0.249758 13.9433 0.983857 0.142697 0.107991 -0.524736 -0.139506 0.233622 0.962267 -2.20953
-0.0504769 -0.959824 0.276026 14.2177 0.988357 -0.00828614 0.151928 1.21057 -0.143537 0.280481 0.949067 -2.49299
-0.180636 -0.951443 0.249251 14.1535 0.975259 -0.140431 0.170731 3.04524 -0.127439 0.273925 0.95327 -2.64367
-0.264023 -0.929851 0.256258 13.7618 0.948253 -0.201657 0.245257 4.97442 -0.176377 0.307751 0.934976 -2.98987
-0.328417 -0.879847 0.343528 13.3093 0.924889 -0.225774 0.30595 6.65696 -0.19163 0.418205 0.887909 -3.23678
-0.481707 -0.850382 0.211679 12.5421 0.858235 -0.408954 0.310143 8.3774 -0.177174 0.331069 0.926824 -3.58254
-0.578488 -0.785762 0.218928 11.5731 0.803329 -0.502266 0.319988 9.82914 -0.141474 0.360981 0.92178 -4.0055
-0.663117 -0.723217 0.192958 10.3698 0.739037 -0.591697 0.322054 11.295 -0.118742 0.356163 0.926848 -4.25435
-0.762313 -0.63339 0.133031 8.94135 0.636692 -0.697008 0.329854 12.7586 -0.116203 0.336151 0.934612 -4.45482
-0.850923 -0.464818 0.244692 7.75306 0.524246 -0.780816 0.339842 13.8618 0.0330942 0.417459 0.908093 -4.65282
-0.854779 -0.441121 0.273433 6.11395 0.513791 -0.793646 0.325797 14.8362 0.0732928 0.418972 0.905036 -4.56792
-0.89148 -0.379089 0.248102 4.24812 0.445185 -0.834617 0.324384 15.8296 0.0840998 0.399633 0.912809 -4.39903
-0.950872 -0.283662 0.124007 2.56932 0.309574 -0.874372 0.373682 16.5398 0.00242867 0.393713 0.91923 -4.15431
-0.988518 -0.116133 0.0966676 0.678584 0.144947 -0.909537 0.38953 16.9293 0.0426854 0.399069 0.915927 -4.02611
-0.993678 0.0319185 0.107638 -1.29418 0.0223706 -0.88322 0.468425 17.0023 0.110019 0.467872 0.876922 -3.81897
-0.976206 0.195921 0.0929374 -3.0943 -0.124994 -0.858623 0.497136 17.0054 0.177198 0.47369 0.862681 -3.84321
-0.967416 0.240761 0.0783602 -5.01367 -0.160531 -0.822587 0.545509 16.8064 0.195795 0.515155 0.834434 -3.49099
-0.916765 0.383224 -0.112606 -6.90501 -0.381365 -0.755993 0.532011 16.449 0.11875 0.530673 0.839217 -3.08196
-0.850717 0.44681 -0.276841 -8.70573 -0.525242 -0.742711 0.415332 15.5966 -0.0200386 0.498739 0.866521 -2.83025
-0.777762 0.553935 -0.297057 -10.3056 -0.628352 -0.673062 0.390079 14.4526 0.0161411 0.490045 0.871548 -2.89861
-0.677208 0.669906 -0.304327 -11.8413 -0.735499 -0.627981 0.254324 13.0793 -0.0207384 0.396063 0.917989 -2.88226
-0.582734 0.771554 -0.255195 -13.1762 -0.812625 -0.550223 0.19208 11.7605 0.00778591 0.31931 0.947618 -2.98678
-0.5347 0.799529 -0.273587 -14.5457 -0.842612 -0.479913 0.244311 10.0585 0.0640353 0.361161 0.930302 -2.96694
-0.365196 0.858049 -0.361088 -15.541 -0.930846 -0.341816 0.129181 8.39095 -0.0125818 0.383294 0.923541 -2.77305
-0.230778 0.90606 -0.354678 -16.1455 -0.972756 -0.20657 0.105239 6.55205 0.0220869 0.369301 0.929047 -2.84168
-0.113072 0.906062 -0.407757 -16.6447 -0.990732 -0.0717286 0.115346 4.37966 0.0752625 0.41702 0.905776 -2.81143
-0.0509187 0.92619 -0.373603 -16.7868 -0.994218 -0.0115992 0.106748 2.36882 0.0945351 0.376878 0.921426 -2.60385
0.0950133 0.931601 -0.350844 -16.6764 -0.989592 0.126654 0.0683123 0.374431 0.108076 0.340702 0.933939 -2.3609
0.211972 0.923173 -0.320655 -16.4585 -0.96957 0.239781 0.0493911 -1.7423 0.122484 0.300427 0.945908 -2.25647
0.341972 0.881667 -0.325143 -16.0682 -0.935294 0.352848 -0.0269107 -3.54014 0.0909995 0.313307 0.945282 -2.09419
0.461262 0.837514 -0.29293 -15.1111 -0.882418 0.467479 -0.0529308 -5.59407 0.0926086 0.282902 0.954668 -1.84109
0.543603 0.794091 -0.271872 -14.2948 -0.832889 0.55043 -0.0576364 -7.31573 0.103878 0.257771 0.960606 -1.68061
0.68819 0.685497 -0.237673 -13.0624 -0.720734 0.683525 -0.115483 -8.95317 0.0832921 0.250773 0.964456 -1.56745
0.7515 0.5839 -0.307096 -11.6362 -0.630799 0.772291 -0.0752368 -10.452 0.193236 0.250256 0.9487 -1.30668
0.825823 0.500201 -0.260415 -10.0285 -0.547394 0.822026 -0.156951 -11.8806 0.135561 0.272163 0.952655 -0.831918
0.87737 0.451173 -0.163293 -8.31922 -0.475873 0.86175 -0.175873 -13.0607 0.0613684 0.232013 0.970775 -0.821519
0.933643 0.336134 -0.123789 -6.30245 -0.354777 0.915427 -0.19007 -14.1381 0.0494305 0.221375 0.973935 -0.861096
0.963973 0.247531 -0.0973835 -4.3414 -0.263228 0.940406 -0.215287 -14.674 0.0382899 0.233165 0.971683 -0.662375
0.986931 0.137037 -0.084781 -2.24574 -0.157632 0.930233 -0.33139 -15.1742 0.0334536 0.340423 0.939677 -0.447141
0.999603 -0.0263505 -0.0100044 -0.156475 0.0230458 0.968449 -0.248144 -15.3492 0.0162275 0.247815 0.968671 -0.442963
0.978429 -0.202891 0.0388746 2.05734 0.205105 0.931613 -0.300048 -15.0771 0.024661 0.301549 0.953132 -0.366247
0.949287 -0.277875 0.147106 4.336 0.307664 0.917384 -0.252489 -14.6562 -0.064792 0.284943 0.956352 -0.407803
0.900924 -0.380554 0.208601 6.42591 0.417749 0.890694 -0.179305 -13.9004 -0.117565 0.248683 0.961424 -0.671422
0.844917 -0.476605 0.242822 8.34566 0.503902 0.861502 -0.0624309 -12.897 -0.179436 0.175107 0.96806 -0.969807
0.789201 -0.567599 0.234506 10.0348 0.601634 0.791204 -0.109692 -11.7332 -0.123281 0.227656 0.965906 -1.46829
0.720767 -0.651162 0.237663 11.6356 0.674624 0.737751 -0.0246237 -10.4421 -0.159302 0.178081 0.971036 -1.65193
0.589776 -0.765357 0.257668 13.1807 0.804758 0.583593 -0.108549 -9.04255 -0.0672947 0.27138 0.960117 -1.88953
0.508093 -0.801909 0.314298 14.5255 0.855682 0.511587 -0.0780136 -7.04078 -0.0982309 0.308577 0.946114 -2.13926
0.379792 -0.856004 0.350735 15.6743 0.911945 0.410094 0.0133777 -5.09475 -0.155286 0.314771 0.936379 -2.49441
0.290075 -0.916457 0.275614 16.2949 0.944637 0.320345 0.0709936 -3.04387 -0.153354 0.239762 0.958643 -2.78647
0.174538 -0.919519 0.352167 16.8418 0.980616 0.194667 0.0222756 -0.926276 -0.0890381 0.341453 0.935672 -3.0668
0.0265615 -0.95876 0.282972 17.1431 0.993492 0.0566827 0.0987959 1.14697 -0.110761 0.278507 0.954026 -3.35156
-0.10963 -0.950251 0.291554 17.0719 0.983047 -0.0602854 0.173158 3.39417 -0.146967 0.305594 0.940751 -3.54177
-0.242329 -0.93813 0.247362 16.6571 0.933177 -0.155625 0.323977 5.41135 -0.265437 0.309342 0.913154 -3.95675
-0.432756 -0.832796 0.345213 16.0661 0.892179 -0.340678 0.296571 7.40963 -0.129377 0.436335 0.890434 -4.45892
-0.492562 -0.817346 0.29888 15.088 0.861556 -0.409469 0.300093 9.43558 -0.122898 0.405316 0.905878 -4.87144
-0.612777 -0.725443 0.313428 13.8828 0.785882 -0.517736 0.338141 11.2754 -0.083029 0.453522 0.887369 -5.25989
-0.718563 -0.634278 0.285235 12.6154 0.692976 -0.61836 0.370695 13.0713 -0.0587459 0.464029 0.88387 -5.43748
-0.731606 -0.636201 0.244953 10.9939 0.674129 -0.621636 0.398897 14.7324 -0.101507 0.456965 0.883674 -5.51894
-0.787412 -0.564503 0.247627 9.16748 0.613219 -0.676396 0.407985 16.1161 -0.0628152 0.473102 0.878766 -5.82075
-0.880043 -0.408488 0.2422 7.38202 0.473945 -0.787687 0.393606 17.3482 0.0299942 0.46118 0.886799 -5.88409
-0.933606 -0.318926 0.163295 5.33094 0.357953 -0.850268 0.385893 18.343 0.015773 0.418725 0.907976 -5.61338
-0.977639 -0.195964 0.0762836 3.2788 0.210022 -0.891657 0.401046 19.2098 -0.0105718 0.4081 0.912876 -5.57831
-0.994448 -0.0776945 0.0709717 1.06086 0.0999333 -0.908555 0.405637 19.6904 0.032966 0.410477 0.911275 -5.47481
-0.999285 0.0338893 0.016792 -1.39372 -0.0220723 -0.88308 0.468703 19.7125 0.0307127 0.467997 0.883196 -5.45683
-0.989262 0.144845 0.0195026 -3.59761 -0.113001 -0.842658 0.526458 19.5541 0.0926889 0.518601 0.849977 -5.27828
-0.976103 0.217058 -0.0104419 -6.0193 -0.189953 -0.828902 0.526154 19.3081 0.105551 0.515564 0.850325 -5.13601
-0.91821 0.380662 -0.109488 -8.00602 -0.378176 -0.760318 0.528108 18.7913 0.117785 0.52632 0.842089 -4.84641
-0.864797 0.474618 -0.163901 -10.0876 -0.487937 -0.717298 0.497395 17.7151 0.118507 0.510119 0.851901 -4.58946
-0.815859 0.540624 -0.205182 -12.1394 -0.572398 -0.704696 0.419241 16.4741 0.0820604 0.459488 0.884385 -4.34429
-0.691399 0.618099 -0.374059 -13.9576 -0.715763 -0.656421 0.238317 15.076 -0.0982364 0.432509 0.896262 -4.18677
-0.623167 0.724611 -0.294283 -15.5769 -0.781997 -0.571524 0.248678 13.3622 0.0120046 0.385096 0.922798 -4.15453
-0.501823 0.806225 -0.313328 -17.024 -0.864507 -0.45564 0.212178 11.4162 0.0282988 0.37735 0.925638 -4.22069
-0.311039 0.832081 -0.459233 -18.2625 -0.949161 -0.296604 0.105453 9.38117 -0.0484648 0.468686 0.882034 -3.9825
-0.198195 0.848297 -0.49103 -18.829 -0.980075 -0.16482 0.110847 7.10135 0.0130998 0.503216 0.864062 -4.12397
-0.145633 0.888078 -0.436015 -19.2263 -0.984824 -0.0880742 0.149551 4.72283 0.0944109 0.451177 0.887426 -4.21297
-0.0542371 0.904843 -0.422277 -19.4732 -0.979316 0.034355 0.199398 2.35093 0.194931 0.424357 0.884264 -3.9774
0.0844191 0.92194 -0.378022 -19.5174 -0.985866 0.132378 0.102689 -0.0186247 0.144715 0.36401 0.920084 -3.57623
0.227168 0.910081 -0.346623 -19.2173 -0.961467 0.266184 0.0687613 -2.41858 0.154844 0.317646 0.935481 -3.41117
0.359071 0.863401 -0.35441 -18.6578 -0.906523 0.412966 0.0876104 -4.64899 0.222002 0.289823 0.930977 -3.14429
0.416831 0.851021 -0.319399 -17.6267 -0.898729 0.438481 -0.00457808 -6.95476 0.136154 0.288961 0.947609 -2.7857
0.578039 0.74624 -0.330146 -16.655 -0.805289 0.587037 -0.0830488 -9.04279 0.131834 0.313869 0.940269 -2.56374
0.662219 0.689949 -0.292295 -15.15 -0.7468 0.639616 -0.182154 -11.078 0.0612796 0.338912 0.93882 -2.24148
0.741315 0.596354 -0.307919 -13.4799 -0.658825 0.734133 -0.16431 -12.8347 0.128067 0.32467 0.937117 -2.14636
0.82028 0.508671 -0.261523 -11.6094 -0.559854 0.807652 -0.185097 -14.4933 0.117066 0.298246 0.947283 -1.80277
0.889153 0.409621 -0.204003 -9.57597 -0.448348 0.869036 -0.20919 -15.7123 0.0915975 0.277466 0.956359 -1.75073
0.940551 0.277184 -0.196299 -7.31663 -0.321151 0.913898 -0.248301 -16.7404 0.110572 0.296581 0.948585 -1.55056
0.966152 0.23385 -0.10892 -4.95871 -0.254194 0.934982 -0.247373 -17.4613 0.04399 0.266687 0.962779 -1.42395
0.99728 0.0718829 -0.0162765 -2.52709 -0.0723547 0.912826 -0.401888 -18.1438 -0.0140312 0.401973 0.915544 -1.34148
0.998645 -0.0520196 0.00163171 -0.132864 0.0487257 0.923472 -0.38056 -18.2414 0.0182898 0.380124 0.924755 -1.29208
0.987382 -0.14857 0.0548058 2.58375 0.15833 0.932491 -0.324641 -17.9788 -0.00287397 0.329222 0.944248 -1.41587
0.977275 -0.191179 0.0915665 5.03763 0.210822 0.921608 -0.325873 -17.4337 -0.0220883 0.337772 0.940969 -1.3856
0.920668 -0.355984 0.160141 7.54937 0.387082 0.88554 -0.256877 -16.7077 -0.0503672 0.298486 0.953084 -1.50652
0.841312 -0.473532 0.260694 9.74757 0.532447 0.809148 -0.248555 -15.6184 -0.0932415 0.347918 0.932877 -1.65729
0.759801 -0.579031 0.295677 11.7178 0.640582 0.744474 -0.188184 -14.1976 -0.11116 0.332388 0.936569 -2.08854
0.718386 -0.614095 0.326816 13.712 0.689387 0.691338 -0.216326 -12.588 -0.0930956 0.380708 0.919997 -2.40225
0.604478 -0.715996 0.349222 15.5208 0.793557 0.579627 -0.185202 -10.8055 -0.0698147 0.389078 0.918555 -2.82497
0.53679 -0.754066 0.378471 16.9673 0.835761 0.536683 -0.116083 -8.66099 -0.115584 0.378623 0.918305 -3.06087
0.427331 -0.794329 0.431775 18.1934 0.892709 0.446276 -0.0625153 -6.36838 -0.143033 0.412164 0.899812 -3.47323
0.270087 -0.855272 0.442225 19.1162 0.956776 0.289853 -0.0237663 -3.97199 -0.107853 0.429529 0.896589 -3.80697
0.180998 -0.878178 0.442768 19.6492 0.979286 0.202478 0.00127002 -1.44405 -0.0907659 0.433366 0.896635 -4.07221
0.0249768 -0.888326 0.458533 20.1915 0.997125 0.0549589 0.0521586 1.00353 -0.0715344 0.455912 0.887145 -4.34878
-0.213425 -0.853553 0.475287 20.0546 0.959489 -0.0915386 0.266462 3.46766 -0.183932 0.512902 0.838511 -4.55502
-0.359328 -0.844336 0.397467 19.4355 0.895661 -0.192422 0.400956 5.88442 -0.26206 0.500071 0.825381 -5.07922
-0.346302 -0.82163 0.452767 18.3484 0.918015 -0.197409 0.343916 8.31906 -0.193192 0.534746 0.822632 -5.79231
-0.504218 -0.773283 0.384445 17.4558 0.849358 -0.363615 0.38259 10.6857 -0.156061 0.51944 0.840135 -6.21287
-0.565419 -0.741315 0.361597 16.0942 0.8183 -0.449232 0.358575 12.8094 -0.103376 0.49864 0.860623 -6.72546
-0.72686 -0.600459 0.333352 14.6193 0.686253 -0.615883 0.38697 14.9016 -0.0270536 0.510037 0.859727 -6.93715
-0.763047 -0.580235 0.284758 12.8193 0.645729 -0.66515 0.37498 16.6909 -0.0281699 0.470004 0.882215 -6.99039
-0.838396 -0.463965 0.286057 10.8472 0.544256 -0.741123 0.393092 18.3293 0.0296224 0.485255 0.873871 -7.25995
-0.870555 -0.369469 0.325002 8.60655 0.478012 -0.791729 0.380356 19.663 0.116784 0.486476 0.865854 -7.21111
-0.923211 -0.321271 0.210868 6.23434 0.379006 -0.8519 0.361416 20.9979 0.0635263 0.413583 0.908247 -6.97451
-0.971604 -0.228513 0.0613736 3.87067 0.234149 -0.89127 0.388344 21.8964 -0.034041 0.391687 0.919468 -6.86134
-0.997887 -0.0641297 0.0104788 1.25382 0.062221 -0.896515 0.438622 22.3582 -0.0187342 0.438347 0.898611 -6.80556
-0.997732 0.0501158 -0.0449403 -1.49177 -0.0650766 -0.888832 0.453589 22.3921 -0.0172124 0.455485 0.890077 -6.93049
-0.99377 0.108773 0.0242958 -4.20305 -0.0829785 -0.867613 0.490268 22.0886 0.0744074 0.485198 0.871233 -7.00251
-0.975299 0.204596 -0.0832573 -6.71747 -0.217539 -0.824283 0.522718 21.7909 0.0383187 0.527918 0.84843 -6.70864
-0.938932 0.315144 -0.138171 -9.29513 -0.339684 -0.784721 0.518486 20.9991 0.0549726 0.533757 0.843849 -6.53086
-0.904521 0.415861 -0.0943453 -11.5424 -0.401552 -0.756186 0.51666 19.8722 0.143516 0.505215 0.850976 -6.3126
-0.821931 0.520988 -0.230221 -13.8401 -0.560524 -0.668022 0.489449 18.6547 0.101204 0.531337 0.841094 -5.88718
-0.708081 0.597599 -0.376161 -15.922 -0.704997 -0.568106 0.424541 16.9975 0.0400057 0.565802 0.82357 -5.53755
-0.592225 0.705136 -0.389938 -17.8088 -0.804597 -0.49138 0.33342 14.9949 0.043499 0.511203 0.858359 -5.55799
-0.431626 0.791535 -0.432633 -19.379 -0.901982 -0.372721 0.217961 12.7367 0.0112726 0.484305 0.874826 -5.44631
-0.335748 0.762503 -0.553048 -20.5113 -0.938535 -0.320763 0.127528 10.2727 -0.0801569 0.561872 0.823331 -5.4297
-0.187854 0.806605 -0.560446 -21.3251 -0.982185 -0.151506 0.111165 7.67851 0.00475509 0.571344 0.820697 -5.67145
-0.171766 0.87523 -0.452183 -21.8254 -0.975849 -0.0882785 0.199816 4.81276 0.134967 0.475584 0.869255 -5.60991
-0.0629836 0.885647 -0.460069 -22.1886 -0.987694 0.0108099 0.156025 2.19727 0.143156 0.464234 0.874067 -5.2679
0.0590979 0.893497 -0.445163 -22.2234 -0.991277 0.105151 0.079453 -0.398128 0.1178 0.436585 0.891918 -4.84166
0.224241 0.877589 -0.423737 -21.9303 -0.964005 0.263495 0.0355682 -3.22104 0.142867 0.400509 0.905087 -4.4131
0.270225 0.867803 -0.417009 -21.2517 -0.949663 0.311538 0.0329268 -5.94821 0.158488 0.38712 0.908306 -4.04229
0.411853 0.840452 -0.352161 -20.3201 -0.901 0.433383 -0.0194278 -8.44451 0.136292 0.325298 0.935738 -3.73524
0.552513 0.733925 -0.395073 -19.0353 -0.824458 0.550867 -0.129668 -10.7995 0.122466 0.397365 0.909452 -3.51728
0.679232 0.646245 -0.347867 -17.4124 -0.733719 0.609107 -0.301071 -12.9772 0.0173225 0.459734 0.887888 -3.21329
0.691501 0.635965 -0.342599 -15.3144 -0.718747 0.6532 -0.238185 -14.9959 0.0723083 0.410947 0.908787 -3.29367
0.808873 0.498121 -0.31241 -13.2059 -0.578686 0.768532 -0.272914 -16.8883 0.104152 0.40154 0.9099 -2.86742
0.894919 0.396601 -0.20452 -10.838 -0.44338 0.842019 -0.307276 -18.3353 0.0503437 0.365667 0.929383 -2.65174
0.935641 0.296983 -0.19073 -8.30419 -0.348625 0.861986 -0.368024 -19.4702 0.0551096 0.410831 0.910044 -2.64086
0.981791 0.181383 -0.0564587 -5.65008 -0.189495 0.914162 -0.35833 -20.3434 -0.0133825 0.362504 0.931886 -2.47237
0.994151 0.107664 0.00848219 -2.6535 -0.0965658 0.921343 -0.376565 -20.7959 -0.0483574 0.373544 0.926351 -2.42681
0.997812 -0.0657482 0.00692491 0.0890539 0.0634063 0.922055 -0.381831 -20.9669 0.0187196 0.381435 0.924206 -2.55942
0.986447 -0.160119 0.0358466 2.96707 0.162918 0.929807 -0.330026 -20.748 0.019513 0.331393 0.943291 -2.54101
0.966158 -0.236727 0.102462 5.84416 0.255482 0.932999 -0.253459 -20.2894 -0.0355965 0.271059 0.961904 -2.46387
0.916603 -0.350519 0.192291 8.53742 0.394012 0.873527 -0.28584 -19.4534 -0.0677793 0.337767 0.938786 -2.5322
0.820304 -0.431572 0.375295 11.1407 0.539403 0.801926 -0.256826 -18.1934 -0.19012 0.41311 0.890615 -2.55007
0.752908 -0.507893 0.418539 13.5005 0.624503 0.752025 -0.210841 -16.4144 -0.207667 0.420123 0.883386 -3.30039
0.697365 -0.597292 0.396137 15.6202 0.71459 0.621984 -0.320151 -14.6901 -0.055167 0.506338 0.860569 -3.74546
0.645326 -0.650038 0.401254 17.6028 0.759946 0.599704 -0.250671 -12.6138 -0.0776882 0.466696 0.880999 -4.03599
0.508693 -0.760946 0.402732 19.3105 0.8596 0.475066 -0.18815 -10.1987 -0.0481524 0.441899 0.895772 -4.47322
0.433579 -0.745255 0.506561 20.6863 0.893221 0.42969 -0.13237 -7.60587 -0.119015 0.509864 0.851983 -4.68043
0.25123 -0.837789 0.484761 21.6616 0.95442 0.297795 0.0200325 -4.88986 -0.161143 0.457633 0.874417 -5.03975
0.134199 -0.857776 0.496196 22.4604 0.983114 0.178106 0.042003 -2.142 -0.124405 0.482181 0.867194 -5.48116
0.00334019 -0.860451 0.509522 22.7851 0.991506 0.069096 0.110185 0.768373 -0.130015 0.504826 0.853374 -5.8186
-0.142631 -0.859192 0.491372 22.5936 0.963625 -0.00717705 0.267162 3.67852 -0.226017 0.511604 0.828962 -6.18035
-0.331205 -0.803808 0.494161 22.0993 0.92651 -0.177945 0.331534 6.24962 -0.178557 0.567651 0.803673 -6.87126
-0.387089 -0.786309 0.48154 21.0457 0.915863 -0.267531 0.29937 8.98287 -0.10657 0.556907 0.823709 -7.55716
-0.452691 -0.804921 0.383631 19.6947 0.88171 -0.339972 0.327118 11.6713 -0.132881 0.486335 0.86361 -7.90822
-0.563078 -0.727793 0.391485 18.3374 0.821148 -0.439393 0.364212 14.235 -0.0930552 0.526547 0.845038 -8.32408
-0.682237 -0.638909 0.355453 16.4943 0.727731 -0.546583 0.414311 16.6487 -0.0704227 0.541333 0.837854 -8.41477
-0.756472 -0.587086 0.288238 14.4965 0.652537 -0.647774 0.393172 18.7857 -0.0441125 0.485509 0.873118 -8.67906
-0.822367 -0.51001 0.252196 12.3526 0.567708 -0.706188 0.423091 20.5217 -0.0376831 0.49111 0.870282 -8.63996
-0.868072 -0.3949 0.300839 9.79314 0.492886 -0.757941 0.427304 22.0985 0.0592761 0.519211 0.852588 -8.71819
-0.899426 -0.294603 0.322864 7.16601 0.418769 -0.792389 0.443567 23.5491 0.125158 0.534161 0.836066 -8.3802
-0.973432 -0.163945 0.159848 4.45884 0.224962 -0.814878 0.534197 24.5475 0.0426775 0.555965 0.83011 -8.20276
-0.99938 -0.0350684 0.00319432 1.38994 0.0302568 -0.808757 0.587364 25.1181 -0.0180145 0.587096 0.809317 -8.19107
-0.999333 0.0146349 -0.0334575 -1.6221 -0.0301011 -0.848846 0.527783 25.0658 -0.0206762 0.528438 0.84872 -8.32918
-0.991266 0.123712 -0.0456754 -4.4477 -0.12949 -0.847529 0.514711 24.8152 0.0249645 0.51613 0.856146 -8.4655
-0.954379 0.283748 -0.0929928 -7.4265 -0.288721 -0.797482 0.529776 24.3381 0.0761628 0.532456 0.843024 -8.43246
-0.906057 0.406323 -0.118158 -10.1926 -0.404552 -0.749886 0.523459 23.391 0.124088 0.522085 0.843819 -8.19131
-0.854673 0.489472 -0.173061 -12.9099 -0.507206 -0.716088 0.479541 22.2952 0.110795 0.497629 0.860285 -7.89606
-0.769542 0.564484 -0.2986 -15.4956 -0.633126 -0.613342 0.472189 20.7316 0.0833996 0.552421 0.829383 -7.56828
-0.669273 0.618724 -0.411405 -17.8231 -0.741552 -0.521478 0.422091 18.7406 0.0466195 0.587573 0.807827 -7.34359
-0.596332 0.665268 -0.449229 -19.8744 -0.801617 -0.463963 0.377025 16.4424 0.0423969 0.584942 0.809967 -7.14475
-0.424398 0.731227 -0.534035 -21.6636 -0.904835 -0.364662 0.219761 13.9205 -0.034047 0.576479 0.816402 -7.04766
-0.350556 0.810893 -0.468575 -22.8923 -0.93653 -0.306057 0.171 11.1399 -0.00474777 0.49878 0.866716 -7.22854
-0.241094 0.849441 -0.469386 -23.773 -0.962811 -0.14858 0.225651 8.22479 0.121936 0.506333 0.853673 -7.45347
-0.159125 0.881964 -0.443642 -24.3547 -0.981654 -0.0935353 0.166149 5.15971 0.105042 0.461942 0.880668 -7.11019
-0.0856714 0.865697 -0.493182 -24.7739 -0.988803 -0.0131724 0.148644 2.10215 0.122185 0.500394 0.857133 -6.83091
0.0456453 0.831996 -0.552901 -24.9731 -0.980854 0.142221 0.133037 -0.848579 0.189321 0.536242 0.822558 -6.45399
0.183797 0.826589 -0.531949 -24.6068 -0.959196 0.269106 0.086742 -3.92099 0.214851 0.494301 0.842322 -5.82254
0.322626 0.809931 -0.489821 -23.9629 -0.933217 0.358661 -0.0216174 -6.83365 0.158171 0.464084 0.871555 -5.33507
0.456208 0.811902 -0.364266 -22.8074 -0.886204 0.451654 -0.103205 -9.81853 0.0807301 0.369897 0.925559 -4.89057
0.563404 0.728641 -0.389434 -21.2028 -0.823355 0.534143 -0.191774 -12.4756 0.0682792 0.428689 0.900868 -4.8276
0.663035 0.639146 -0.389714 -19.3501 -0.747373 0.59483 -0.29599 -14.8247 0.0426326 0.487513 0.872074 -4.72589
0.710666 0.592412 -0.379476 -17.0794 -0.699715 0.65127 -0.293677 -17.0688 0.0731632 0.474232 0.877355 -4.54257
0.810646 0.470517 -0.348521 -14.6331 -0.577866 0.738902 -0.346547 -19.2701 0.0944659 0.482325 0.870884 -4.23726
0.895499 0.372111 -0.244162 -12.0569 -0.443723 0.789001 -0.424955 -20.887 0.0345133 0.488887 0.871664 -3.97166
0.94142 0.288343 -0.174889 -9.22629 -0.336425 0.838923 -0.427815 -22.0558 0.0233613 0.461591 0.886785 -3.98854
0.981251 0.17275 -0.0854666 -6.13524 -0.192735 0.878656 -0.436826 -23.131 -0.000366083 0.445109 0.895476 -3.80952
0.994563 0.0557906 -0.0879342 -3.00163 -0.0893301 0.891058 -0.445011 -23.6238 0.0535271 0.450447 0.891197 -3.70749
0.998334 0.00666498 -0.0573177 0.277087 -0.0328769 0.882015 -0.470072 -23.7853 0.047422 0.471174 0.880765 -3.6258
0.983209 -0.18199 0.0133992 3.4487 0.169258 0.882051 -0.439701 -23.7328 0.0682023 0.434586 0.898044 -3.55835
0.96398 -0.221887 0.146661 6.61825 0.25726 0.917835 -0.302319 -23.1401 -0.0675299 0.32916 0.941856 -3.50875
0.908732 -0.381066 0.170279 9.50825 0.415982 0.860251 -0.294834 -22.1046 -0.0341319 0.338758 0.940254 -3.82149
0.808309 -0.462235 0.364659 12.4066 0.572375 0.762043 -0.302783 -20.7337 -0.137929 0.453463 0.880538 -4.00784
0.7927 -0.491917 0.360063 14.9776 0.601855 0.725441 -0.333924 -18.8003 -0.0969416 0.481407 0.87112 -4.58627
0.697907 -0.60102 0.389488 17.3795 0.712987 0.634421 -0.298595 -16.7249 -0.0676379 0.486091 0.871287 -5.13695
0.595537 -0.634259 0.493002 19.6017 0.784719 0.590634 -0.188061 -14.3579 -0.171905 0.498866 0.84946 -5.50937
0.494765 -0.72506 0.479057 21.5793 0.866457 0.453944 -0.207816 -11.7167 -0.0667865 0.517903 0.852829 -6.05517
0.415805 -0.770775 0.482714 23.0366 0.898811 0.429241 -0.0888341 -8.85809 -0.13873 0.470806 0.871261 -6.22281
0.289646 -0.821903 0.490491 24.2719 0.947441 0.318951 -0.0250269 -5.84948 -0.135873 0.47196 0.871087 -6.55784
0.15026 -0.827429 0.541095 24.923 0.980756 0.193763 0.0239455 -2.82299 -0.124657 0.527084 0.840621 -6.93854
0.0035178 -0.829754 0.558118 25.4004 0.994997 0.0586307 0.0808949 0.441577 -0.0998457 0.555041 0.825809 -7.40938
-0.191045 -0.761273 0.619649 25.2531 0.953087 0.00713309 0.302611 3.72764 -0.23479 0.648392 0.724197 -7.9107
-0.306908 -0.761579 0.570793 24.4756 0.932007 -0.119005 0.342345 6.72887 -0.192795 0.637052 0.746321 -8.66181
-0.373094 -0.752467 0.542766 23.4183 0.917447 -0.21209 0.336615 9.77295 -0.138176 0.623548 0.769478 -9.21929
-0.47141 -0.711394 0.52124 22.1943 0.877474 -0.319112 0.358061 12.6343 -0.0883888 0.626168 0.774662 -9.6896
-0.55804 -0.692561 0.457112 20.4632 0.829733 -0.457993 0.319038 15.525 -0.0115985 0.557317 0.830219 -9.98705
-0.644468 -0.654833 0.394783 18.553 0.762778 -0.514666 0.391521 18.2454 -0.0531996 0.553455 0.831178 -10.0273
-0.745208 -0.567555 0.350067 16.3588 0.665508 -0.599936 0.444045 20.6636 -0.0420023 0.563879 0.824789 -10.2444
-0.828046 -0.475613 0.29687 13.8424 0.560634 -0.697319 0.446583 22.6328 -0.00538786 0.536227 0.844057 -10.2875
-0.874314 -0.362802 0.322414 11.0941 0.482592 -0.720675 0.497728 24.4756 0.0517791 0.590765 0.805181 -10.436
-0.922957 -0.288486 0.254806 8.09961 0.38365 -0.742882 0.548578 25.9547 0.0310338 0.604071 0.796326 -10.1235
-0.972165 -0.145702 0.183481 5.04992 0.227708 -0.771961 0.593486 26.9524 0.0551675 0.618747 0.783651 -10.1524
-0.999676 -0.0099017 0.0234498 1.57873 0.0232777 -0.728373 0.684786 27.6579 0.0102996 0.68511 0.728367 -10.1012
-0.997355 0.0468114 -0.0556077 -1.78023 -0.0707706 -0.799907 0.595937 27.5212 -0.0165843 0.598296 0.801103 -10.049
-0.98582 0.164588 -0.0327173 -5.00699 -0.152079 -0.793856 0.588782 27.2859 0.0709335 0.585408 0.807629 -10.0892
-0.961036 0.270989 -0.0545438 -8.29765 -0.25779 -0.807416 0.530683 26.7409 0.0997694 0.524066 0.845814 -10.036
-0.923191 0.372071 -0.096336 -11.3939 -0.364776 -0.769276 0.52455 25.6916 0.121061 0.519401 0.845912 -9.85069
-0.865172 0.464771 -0.188324 -14.4189 -0.49081 -0.707751 0.508128 24.2199 0.102877 0.532049 0.840441 -9.6242
-0.788774 0.550295 -0.273881 -17.2758 -0.61172 -0.65904 0.437568 22.5836 0.0602929 0.512681 0.85646 -9.46175
-0.682672 0.635751 -0.360249 -19.809 -0.72887 -0.55733 0.397658 20.409 0.0520336 0.534044 0.843854 -9.29148
-0.638221 0.65167 -0.409878 -22.0037 -0.769185 -0.517598 0.374762 17.7602 0.0320691 0.554453 0.831597 -9.1652
-0.495428 0.733846 -0.464781 -23.9747 -0.868639 -0.415907 0.269236 15.0608 0.00427194 0.537114 0.843499 -9.01515
-0.370265 0.789198 -0.489969 -25.3566 -0.928782 -0.32381 0.180307 11.916 -0.016359 0.521836 0.852889 -8.97557
-0.24485 0.816833 -0.522333 -26.4397 -0.965952 -0.159077 0.204035 8.68688 0.0835715 0.554507 0.827972 -9.00507
-0.146641 0.861197 -0.486658 -27.0455 -0.983124 -0.0724859 0.167965 5.44109 0.109375 0.503075 0.857293 -8.81152
-0.0585055 0.850486 -0.522734 -27.4062 -0.991355 0.0121032 0.130647 1.92946 0.11744 0.525859 0.842425 -8.3103
0.0178364 0.827145 -0.561706 -27.4411 -0.982969 0.117278 0.141485 -1.3719 0.182904 0.549616 0.815149 -7.9918
0.173681 0.824831 -0.538042 -27.1084 -0.96509 0.251322 0.0737501 -4.77499 0.196053 0.50645 0.839686 -7.43475
0.300304 0.779759 -0.549357 -26.5227 -0.921823 0.385231 0.0428864 -7.95818 0.245071 0.493531 0.834486 -6.94066
0.506862 0.761706 -0.403603 -25.2408 -0.860744 0.472742 -0.188769 -11.1884 0.0470135 0.443078 0.895249 -6.16883
0.610761 0.674484 -0.41478 -23.5198 -0.791773 0.525638 -0.311126 -14.1563 0.00817444 0.518435 0.855078 -6.17647
0.679272 0.545451 -0.490991 -21.3895 -0.721076 0.620505 -0.308257 -16.6652 0.136523 0.563433 0.814804 -6.19602
0.725187 0.56421 -0.394678 -18.8496 -0.680626 0.674111 -0.286919 -19.1507 0.104174 0.476698 0.872872 -6.04404
0.816464 0.505803 -0.278477 -16.0787 -0.576431 0.741908 -0.342491 -21.5213 0.0333709 0.440154 0.897302 -5.69646
0.906354 0.324754 -0.270292 -13.2788 -0.417138 0.789534 -0.450146 -23.3469 0.0672177 0.520741 0.851064 -5.65325
0.945111 0.260126 -0.197737 -10.054 -0.322838 0.836763 -0.442272 -24.6765 0.0504124 0.481832 0.874812 -5.39923
0.971967 0.195879 -0.130042 -6.67658 -0.234368 0.851258 -0.469501 -25.7588 0.0187342 0.486818 0.873303 -5.24148
0.993471 0.0788185 -0.0824779 -3.31671 -0.109878 0.855553 -0.505921 -26.4011 0.0306884 0.51168 0.858628 -5.15025
0.997367 -0.00802637 -0.0720788 0.198472 -0.0277679 0.875862 -0.481762 -26.5193 0.0669979 0.482495 0.873333 -5.09824
0.988522 -0.142052 0.0514304 3.81265 0.149391 0.868425 -0.472779 -26.5047 0.0224955 0.475036 0.879679 -4.92572
0.95692 -0.24065 0.162455 7.21238 0.285206 0.883929 -0.370577 -25.8864 -0.0544191 0.400946 0.914484 -4.65778
0.882969 -0.384657 0.269082 10.6544 0.457735 0.832648 -0.311731 -24.6605 -0.104141 0.398417 0.911273 -4.91444
0.826125 -0.401617 0.395249 13.7492 0.541086 0.76121 -0.35747 -23.0139 -0.157302 0.509178 0.846164 -5.34345
0.755185 -0.503559 0.419672 16.446 0.630488 0.733186 -0.254801 -20.9774 -0.17939 0.45702 0.871178 -6.00301
0.741519 -0.526711 0.415602 19.1201 0.659091 0.687713 -0.304385 -18.587 -0.125493 0.499627 0.857102 -6.6465
0.630661 -0.597503 0.495234 21.5535 0.76457 0.587765 -0.264508 -16.1981 -0.133037 0.545456 0.827514 -7.098
0.527493 -0.674158 0.516973 23.6228 0.842574 0.493019 -0.216798 -13.1128 -0.108721 0.549948 0.828093 -7.75687
0.425839 -0.740657 0.5197 25.2946 0.903564 0.378106 -0.201512 -10.0792 -0.0472501 0.555394 0.830244 -8.01668
0.27439 -0.805942 0.524564 26.7897 0.952803 0.301555 -0.035083 -6.82729 -0.12991 0.509433 0.850648 -8.05218
0.174873 -0.784731 0.594656 27.5458 0.975555 0.219733 0.00308167 -3.36136 -0.133084 0.579581 0.803974 -8.739
-0.0579745 -0.726064 0.685178 27.9273 0.967497 0.128362 0.217884 0.200125 -0.246148 0.67554 0.695023 -9.20942
-0.127918 -0.696965 0.705604 27.4443 0.975578 0.0396643 0.21604 3.62659 -0.17856 0.716007 0.67487 -10.129
-0.25752 -0.714666 0.650335 26.7865 0.963277 -0.136914 0.230982 7.07945 -0.0760352 0.685935 0.72368 -10.7541
-0.33495 -0.691879 0.639619 25.6126 0.939533 -0.193869 0.282298 10.3324 -0.0713136 0.695499 0.71498 -11.1209
-0.427569 -0.666043 0.611204 24.2046 0.903792 -0.301083 0.304153 13.6336 -0.0185558 0.682448 0.730699 -11.4669
-0.526406 -0.693361 0.492085 22.4727 0.849855 -0.411834 0.328844 16.8444 -0.0253504 0.591306 0.806049 -11.7247
-0.612197 -0.668452 0.422359 20.4788 0.788593 -0.477146 0.387882 19.7875 -0.0577536 0.57053 0.819244 -11.7805
-0.792759 -0.505045 0.341265 18.1635 0.607537 -0.609411 0.509428 22.465 -0.0493136 0.611185 0.78995 -11.9883
-0.833504 -0.459602 0.306653 15.3326 0.551503 -0.658526 0.512043 24.6194 -0.0333973 0.59591 0.802356 -12.2022
-0.889917 -0.341492 0.302377 12.2338 0.455689 -0.694564 0.556712 26.6278 0.0199082 0.633217 0.773718 -12.2164
-0.9256 -0.272221 0.262985 8.81828 0.378328 -0.686555 0.620895 28.122 0.0115333 0.674195 0.738464 -12.2173
-0.96776 -0.17718 0.179019 5.43727 0.251575 -0.714576 0.652757 29.2547 0.0122666 0.676749 0.736112 -12.1551
-0.998403 -0.0313793 0.0469811 1.88275 0.0551125 -0.723892 0.687708 29.9554 0.0124295 0.689199 0.724466 -12.2765
-0.998476 0.054464 0.0089201 -1.79928 -0.0374371 -0.787152 0.615621 29.9463 0.0405507 0.614349 0.787992 -12.1688
-0.984122 0.172647 -0.0411912 -5.50953 -0.164416 -0.799307 0.577993 29.6531 0.0668641 0.575588 0.815002 -11.9967
-0.964242 0.254807 -0.0728775 -9.03207 -0.250112 -0.783968 0.568189 29.1406 0.0876447 0.566099 0.819665 -11.8338
-0.922756 0.348589 -0.16434 -12.5519 -0.383108 -0.783427 0.489357 28.0356 0.0418362 0.514517 0.856459 -11.4858
-0.883749 0.428437 -0.188226 -15.8335 -0.449464 -0.665162 0.596273 26.4013 0.130265 0.611557 0.780403 -11.4108
-0.825117 0.498158 -0.266497 -18.9754 -0.558821 -0.650282 0.514638 24.3919 0.0830729 0.57356 0.81494 -11.1027
-0.681406 0.628447 -0.375153 -21.7829 -0.72757 -0.525913 0.440519 22.1298 0.0795451 0.573123 0.8156 -10.8983
-0.593808 0.64565 -0.480133 -24.059 -0.803507 -0.444656 0.3958 19.3487 0.0420541 0.620819 0.782825 -10.8468
-0.443726 0.71779 -0.536549 -26.2302 -0.895812 -0.338527 0.287959 16.2388 0.0250579 0.608422 0.793218 -10.6812
-0.369722 0.783717 -0.499093 -27.593 -0.928806 -0.29729 0.221219 12.7753 0.0249975 0.54535 0.837836 -10.5753
-0.278915 0.798717 -0.533158 -28.7864 -0.959292 -0.206106 0.193077 9.25441 0.0443266 0.565306 0.823689 -10.6817
-0.154834 0.825498 -0.542752 -29.5558 -0.984319 -0.0819051 0.156228 5.72159 0.0845119 0.55843 0.825235 -10.4391
-0.0749186 0.830603 -0.551802 -29.8314 -0.991821 -0.00472408 0.127549 1.93791 0.103336 0.556844 0.824164 -10.0435
0.0388045 0.83008 -0.556292 -29.9165 -0.986528 0.120365 0.110789 -1.73794 0.158922 0.544499 0.823568 -9.67073
0.141103 0.827449 -0.543524 -29.5005 -0.971175 0.222236 0.0862025 -5.45503 0.192119 0.515693 0.834956 -9.06876
0.279628 0.684228 -0.673528 -28.9253 -0.943515 0.325695 -0.0608483 -9.04797 0.177731 0.652499 0.736653 -8.37498
0.542279 0.61215 -0.575504 -27.643 -0.840046 0.381966 -0.38526 -12.6231 -0.0160139 0.692368 0.721366 -7.74781
0.611463 0.58886 -0.528542 -25.4571 -0.791182 0.46512 -0.397107 -15.6447 0.0119948 0.660989 0.7503 -7.85075
0.648525 0.527239 -0.54903 -23.0307 -0.752176 0.554567 -0.35593 -18.6197 0.116813 0.643797 0.756228 -7.98845
0.734142 0.400639 -0.548201 -20.4738 -0.65166 0.642519 -0.403123 -21.3165 0.190723 0.653191 0.73278 -7.65174
0.822922 0.438394 -0.3614 -17.5949 -0.568047 0.647219 -0.50836 -23.6881 0.0110428 0.623633 0.781639 -7.13065
0.892599 0.347115 -0.287713 -14.2758 -0.449163 0.739826 -0.500909 -25.6194 0.0389849 0.576341 0.816279 -7.14053
0.917408 0.263076 -0.298586 -10.8222 -0.383449 0.785073 -0.486443 -27.194 0.10644 0.560759 0.821109 -6.94583
0.977908 0.162505 -0.131484 -7.30236 -0.207748 0.825248 -0.525173 -28.3551 0.0231643 0.540887 0.840776 -6.69097
0.994978 0.0594915 -0.0804982 -3.47169 -0.0942242 0.828062 -0.552662 -28.9083 0.0337788 0.557472 0.829508 -6.70676
0.99293 -0.0152309 -0.117722 0.340538 -0.0543577 0.823297 -0.565002 -29.1556 0.105525 0.567407 0.816648 -6.61895
0.989579 -0.142762 0.0187984 4.24824 0.127743 0.810138 -0.572152 -29.1061 0.0664521 0.56859 0.819932 -6.34941
0.943161 -0.237486 0.232482 7.99645 0.32767 0.781333 -0.531179 -28.6125 -0.0554982 0.577164 0.81474 -5.92785
0.899623 -0.273442 0.340451 11.6081 0.417907 0.765216 -0.489692 -27.2894 -0.126616 0.582815 0.80268 -6.21139
0.844471 -0.358881 0.397584 15.0201 0.511331 0.761121 -0.399043 -25.3097 -0.1594 0.540278 0.826251 -6.86949
0.76236 -0.474778 0.439764 18.0984 0.632835 0.689073 -0.353125 -23.2009 -0.135374 0.547507 0.825778 -7.53283
0.689371 -0.582008 0.431317 20.8568 0.714913 0.642685 -0.275418 -20.6232 -0.116905 0.49822 0.859134 -8.28069
0.562513 -0.657502 0.501269 23.3371 0.819107 0.525635 -0.229722 -17.8784 -0.112442 0.539814 0.834241 -8.9231
0.555011 -0.632989 0.539711 25.4966 0.82622 0.494789 -0.269339 -14.633 -0.096555 0.595406 0.797602 -9.45759
0.452647 -0.697818 0.555122 27.5692 0.891467 0.340225 -0.299222 -11.2843 0.0199358 0.630315 0.776084 -9.70958
0.183678 -0.662294 0.726381 29.2628 0.960914 0.276693 0.0092974 -7.73136 -0.207142 0.696281 0.68723 -9.74536
0.0891639 -0.732972 0.67439 29.9025 0.97677 0.196813 0.0847669 -4.04397 -0.194861 0.651166 0.733494 -10.6352
-0.103465 -0.699349 0.707252 30.1437 0.981571 0.0430672 0.186182 -0.182978 -0.160665 0.713482 0.682005 -11.4834
-0.134916 -0.674039 0.72627 29.5807 0.98052 0.0147783 0.195862 3.62172 -0.142752 0.738548 0.658915 -12.3621
-0.254892 -0.673098 0.69424 28.8834 0.960739 -0.094913 0.260715 7.36415 -0.109594 0.733438 0.670864 -12.9817
-0.348477 -0.646797 0.678393 27.6736 0.935184 -0.191123 0.298164 10.9228 -0.063195 0.738326 0.671476 -13.408
-0.395924 -0.622643 0.674952 26.3142 0.917499 -0.298609 0.262734 14.5491 0.0379577 0.72329 0.6895 -13.6781
-0.523573 -0.630707 0.572783 24.679 0.851979 -0.386008 0.353738 18.009 -0.00200622 0.673206 0.739452 -13.6284
-0.643202 -0.588316 0.490077 22.4718 0.765007 -0.46659 0.443912 21.2632 -0.0324953 0.660437 0.750178 -13.7497
-0.757626 -0.488572 0.432782 19.7092 0.652676 -0.562926 0.507079 24.1173 -0.0041201 0.666643 0.745366 -14.0188
-0.821095 -0.453825 0.346188 16.6119 0.570789 -0.654652 0.49561 26.5718 0.00171219 0.604543 0.79657 -14.0926
-0.929749 -0.30112 0.21188 13.3431 0.367684 -0.729054 0.577311 28.7563 -0.0193676 0.61466 0.788555 -14.0884
-0.931738 -0.283363 0.227088 9.65154 0.362781 -0.698957 0.616318 30.0117 -0.0159167 0.656631 0.754044 -14.1599
-0.979997 -0.131929 0.148997 5.92916 0.19833 -0.709302 0.676429 31.3272 0.0164435 0.692449 0.721279 -14.2213
-0.993486 -0.0707847 0.0893038 2.00791 0.112576 -0.731204 0.672805 32.014 0.017675 0.678476 0.73441 -14.3347
-0.997767 0.0451126 0.049249 -1.94957 -0.0034833 -0.771541 0.63617 32.2792 0.0666969 0.634578 0.769976 -14.1188
-0.99115 0.11674 -0.0631897 -5.96447 -0.132141 -0.822321 0.553469 32.1316 0.0126499 0.556921 0.830469 -13.795
-0.969991 0.236497 -0.0564456 -9.81918 -0.22713 -0.798518 0.557477 31.4425 0.0867689 0.553568 0.828272 -13.6461
-0.912079 0.359215 -0.197678 -13.5103 -0.405682 -0.720727 0.562116 30.3501 0.0594486 0.592888 0.803087 -13.3159
-0.872567 0.404425 -0.273983 -17.0711 -0.487056 -0.677264 0.551443 28.4977 0.0374583 0.614616 0.787936 -13.1261
-0.79771 0.463056 -0.386313 -20.4606 -0.602323 -0.58054 0.547887 26.4956 0.0294322 0.669741 0.742012 -12.8838
-0.691359 0.509721 -0.512062 -23.5336 -0.72248 -0.49437 0.483344 23.7959 -0.00677761 0.704118 0.71005 -12.7678
-0.561294 0.623052 -0.544753 -26.199 -0.827108 -0.399226 0.395615 20.8059 0.0290092 0.672626 0.739414 -12.7531
-0.47209 0.673774 -0.568471 -28.4126 -0.880835 -0.33455 0.334973 17.3376 0.0355143 0.658866 0.751421 -12.5911
-0.343883 0.720063 -0.602706 -30.063 -0.938042 -0.292595 0.185646 13.5878 -0.0426725 0.629204 0.776068 -12.3994
-0.270252 0.725328 -0.633137 -31.2787 -0.961966 -0.176232 0.208718 9.73876 0.0398099 0.665463 0.745368 -12.4607
-0.124116 0.782818 -0.609747 -32.0473 -0.987272 -0.0358412 0.154947 5.88827 0.0994416 0.621218 0.777303 -12.1875
-0.0567366 0.766152 -0.64015 -32.3481 -0.987132 0.052965 0.15088 1.88983 0.149503 0.640473 0.753288 -11.8609
0.0435596 0.755208 -0.654036 -32.4222 -0.9845 0.143774 0.100445 -1.95848 0.16989 0.639523 0.749765 -11.3194
0.198613 0.713598 -0.671812 -31.949 -0.971446 0.23411 -0.0385243 -6.13893 0.129787 0.66028 0.73972 -10.8618
0.358498 0.623065 -0.695176 -31.0727 -0.920302 0.3608 -0.151219 -10.0275 0.1566 0.693983 0.702754 -10.5753
0.542674 0.64115 -0.542615 -29.501 -0.839908 0.408336 -0.357513 -13.7614 -0.00764999 0.64976 0.760101 -10.0027
0.615681 0.598112 -0.51303 -27.1521 -0.787658 0.486177 -0.378453 -17.0732 0.0230667 0.637098 0.770437 -10.0047
0.702147 0.514434 -0.492288 -24.5758 -0.711461 0.534574 -0.45613 -20.2495 0.0285161 0.670514 0.741349 -9.76246
0.720666 0.419358 -0.552068 -21.7147 -0.680999 0.577434 -0.450345 -23.1156 0.129928 0.700506 0.701719 -9.7329
0.848199 0.350712 -0.396939 -18.7285 -0.527556 0.626373 -0.573882 -25.8159 0.0473644 0.696174 0.716309 -9.17308
0.880917 0.34762 -0.321162 -15.1951 -0.47196 0.695718 -0.541507 -27.8782 0.0351994 0.628599 0.776933 -8.98478
0.941 0.2172 -0.259506 -11.6901 -0.327683 0.776348 -0.538431 -29.6594 0.0845197 0.591699 0.801716 -8.8031
0.985789 0.110423 -0.126596 -7.83522 -0.16059 0.840621 -0.517268 -30.7641 0.0493004 0.530247 0.846408 -8.47392
0.992748 0.0943754 -0.0744667 -3.64124 -0.120141 0.800857 -0.58668 -31.342 0.00426902 0.591372 0.806388 -8.57796
0.997974 0.00228162 -0.063577 0.508944 -0.0376949 0.826245 -0.562048 -31.6188 0.0512478 0.563306 0.824658 -8.36723
0.991072 -0.133197 0.00590395 4.57327 0.106438 0.763751 -0.636675 -31.7044 0.080294 0.631619 0.77111 -8.07351
0.953583 -0.158839 0.255829 8.68513 0.290788 0.706449 -0.645269 -31.0702 -0.0782364 0.68971 0.719847 -7.81786
0.867974 -0.287432 0.404973 12.4704 0.466859 0.75029 -0.468089 -29.6498 -0.169304 0.595355 0.785423 -8.09149
0.868292 -0.340412 0.360817 16.1236 0.47662 0.774112 -0.416633 -27.5424 -0.137486 0.533732 0.834403 -8.61498
0.778122 -0.492879 0.389354 19.4868 0.62552 0.664339 -0.409118 -25.4018 -0.0570169 0.561892 0.825243 -9.25317
0.675016 -0.523275 0.520131 22.6248 0.717359 0.630286 -0.296878 -22.5353 -0.172482 0.573518 0.800829 -9.82158
0.614861 -0.581746 0.532463 25.3499 0.774513 0.572639 -0.268728 -19.5447 -0.148577 0.57763 0.802663 -10.6463
0.540101 -0.638036 0.548817 27.5817 0.837264 0.473461 -0.273538 -16.1419 -0.0853166 0.607243 0.789922 -11.31
0.38251 -0.670824 0.635359 29.6218 0.918013 0.353771 -0.17916 -12.4081 -0.104587 0.651798 0.751146 -11.6955
0.261546 -0.685085 0.679891 31.1367 0.955423 0.283724 -0.0816481 -8.53192 -0.136966 0.670939 0.728753 -12.0357
0.100482 -0.692132 0.714743 32.0384 0.969764 0.22871 0.0851413 -4.56133 -0.222398 0.684577 0.694186 -12.7035
-0.105421 -0.691908 0.714247 32.2905 0.965373 0.101144 0.240467 -0.431668 -0.238623 0.714865 0.657287 -13.7072
-0.112503 -0.606886 0.786786 31.6592 0.983355 0.0456936 0.175856 3.58209 -0.142676 0.793474 0.591644 -14.676
-0.223987 -0.627073 0.746062 30.897 0.969863 -0.0681009 0.233938 7.62001 -0.095889 0.775978 0.623429 -15.4219
-0.309631 -0.570381 0.760785 29.7062 0.950844 -0.189802 0.244684 11.4456 0.00483527 0.79915 0.601112 -15.7794
-0.368135 -0.548128 0.751021 28.2142 0.929025 -0.249231 0.273489 15.4616 0.0372709 0.798398 0.600976 -15.8357
-0.518962 -0.50326 0.690947 26.5007 0.854781 -0.3005 0.423143 19.2131 -0.00532107 0.810203 0.586125 -15.7736
-0.628696 -0.530175 0.568908 24.0098 0.777576 -0.43876 0.450406 22.5719 0.0108205 0.725537 0.688098 -15.8181
-0.717628 -0.489132 0.495742 21.0457 0.695211 -0.545189 0.468456 25.7688 0.0411359 0.680822 0.731293 -15.9468
-0.828493 -0.439184 0.347443 17.8805 0.55972 -0.629838 0.538533 28.6156 -0.0176823 0.640641 0.767637 -15.8856
-0.906022 -0.341932 0.249411 14.3148 0.422401 -0.693696 0.583406 30.761 -0.0264699 0.633931 0.772937 -15.9923
-0.949765 -0.231545 0.210554 10.3967 0.312963 -0.701575 0.640193 32.2836 -0.000513858 0.673928 0.738797 -16.2529
-0.975712 -0.121497 0.182276 6.30636 0.214416 -0.700073 0.68112 33.464 0.0448524 0.70366 0.70912 -16.4131
-0.986039 -0.026138 0.164451 2.38638 0.132483 -0.721428 0.679698 34.1214 0.100874 0.691996 0.714819 -16.3899
-0.990058 0.047799 0.132288 -1.87361 0.0558524 -0.729571 0.68162 34.5581 0.129094 0.682232 0.719648 -16.0516
-0.988875 0.140765 -0.048084 -6.31138 -0.13746 -0.741216 0.657041 34.5888 0.0568476 0.656341 0.752319 -15.6008
-0.977422 0.19059 -0.0912191 -10.3098 -0.200273 -0.698046 0.687476 33.772 0.0673506 0.690223 0.720456 -15.3972
-0.912622 0.338729 -0.228874 -14.5329 -0.400216 -0.62615 0.669151 32.6011 0.0833514 0.702281 0.707003 -15.2321
-0.842009 0.377051 -0.385814 -18.4453 -0.539413 -0.578699 0.611671 30.64 0.00736081 0.723146 0.690656 -14.9692
-0.75695 0.465166 -0.458963 -21.8806 -0.653163 -0.560185 0.509482 28.0634 -0.0201104 0.68543 0.727861 -15.0225
-0.68445 0.530716 -0.499869 -25.0414 -0.728938 -0.485641 0.482496 25.2088 0.0133114 0.694618 0.719256 -15.197
-0.598775 0.585145 -0.546876 -27.9684 -0.796437 -0.36289 0.483735 21.7859 0.0845996 0.725201 0.68332 -15.1103
-0.514478 0.604328 -0.608359 -30.2967 -0.857214 -0.344029 0.383182 18.2691 0.0222749 0.718632 0.695033 -14.6552
-0.36121 0.707419 -0.607524 -32.2088 -0.932383 -0.264414 0.246467 14.4041 0.0137178 0.655472 0.755095 -14.4856
-0.260236 0.715187 -0.64868 -33.4529 -0.958852 -0.112455 0.260686 10.2787 0.113492 0.689828 0.715023 -14.535
-0.143981 0.706113 -0.693306 -34.3055 -0.987215 -0.0540791 0.14994 6.09725 0.0683815 0.706031 0.704872 -14.1145
-0.0503623 0.714181 -0.698147 -34.6973 -0.99353 0.0354189 0.107903 1.7125 0.10179 0.699064 0.707777 -13.837
0.117481 0.700346 -0.70407 -34.7995 -0.990338 0.135227 -0.0307357 -2.58336 0.0736835 0.700878 0.709466 -13.3552
0.267293 0.672175 -0.69046 -34.0507 -0.958602 0.25848 -0.119462 -6.82117 0.0981709 0.693808 0.713438 -13.0846
0.387044 0.654582 -0.649399 -32.8747 -0.915845 0.354557 -0.18846 -10.9947 0.106887 0.667691 0.736725 -12.6588
0.471301 0.684342 -0.556374 -31.112 -0.88075 0.39839 -0.256057 -14.9316 0.046423 0.610706 0.790495 -12.2028
0.61111 0.606714 -0.508373 -28.8726 -0.791293 0.484484 -0.373001 -18.4893 0.0199936 0.630216 0.776162 -12.0968
0.591426 0.580751 -0.559413 -25.9163 -0.804236 0.475139 -0.356997 -21.7783 0.0584727 0.661038 0.748071 -11.9948
0.72851 0.462653 -0.505197 -23.1204 -0.677845 0.593419 -0.434028 -24.9153 0.0989892 0.658639 0.745919 -11.8482
0.824418 0.35571 -0.440232 -19.852 -0.554059 0.666026 -0.499427 -27.7653 0.115555 0.655652 0.746169 -11.4215
0.873882 0.35568 -0.331395 -16.1121 -0.482564 0.717189 -0.502764 -29.9874 0.0588501 0.599276 0.798377 -11.0403
0.926353 0.299681 -0.22817 -12.3274 -0.376268 0.763774 -0.524472 -31.9759 0.0170955 0.571699 0.820285 -10.7234
0.985979 0.116276 -0.119689 -8.25774 -0.165352 0.777317 -0.60699 -33.252 0.0224585 0.61827 0.785645 -10.3805
0.998482 0.0229144 -0.0500825 -3.90236 -0.049611 0.769108 -0.63719 -33.8768 0.023918 0.638707 0.769078 -10.3678
0.997474 0.0132339 -0.06979 0.505151 -0.0561313 0.748958 -0.660235 -34.0889 0.0435323 0.662485 0.747809 -10.2786
0.992341 -0.116371 0.0414281 4.94508 0.11461 0.742284 -0.660211 -33.8626 0.0460782 0.659903 0.749937 -10.1512
0.964803 -0.195725 0.175632 9.32316 0.262947 0.727421 -0.633812 -33.2072 -0.00370561 0.657686 0.753283 -10.0316
0.910758 -0.271094 0.311494 13.3767 0.405018 0.733492 -0.545848 -31.7253 -0.0805017 0.623296 0.777831 -10.0425
0.844816 -0.366516 0.389809 17.2067 0.524609 0.710669 -0.468758 -29.8024 -0.105218 0.600512 0.792663 -10.4711
0.783917 -0.447265 0.430613 21.0004 0.614744 0.656313 -0.437429 -27.3579 -0.0869704 0.607625 0.789448 -11.0427
0.670654 -0.498024 0.549723 24.1918 0.719262 0.61779 -0.3178 -24.534 -0.181341 0.608529 0.772533 -11.5642
0.586078 -0.569831 0.576026 27.0197 0.797902 0.529553 -0.287968 -21.142 -0.140944 0.628384 0.765028 -12.487
0.579425 -0.513281 0.633095 29.3105 0.800068 0.506344 -0.321725 -17.4601 -0.155428 0.692934 0.704048 -13.2738
0.405897 -0.602968 0.686787 31.6259 0.908103 0.350733 -0.228769 -13.6164 -0.102938 0.71653 0.689919 -13.8465
0.272434 -0.596972 0.754589 33.2218 0.94981 0.292182 -0.111764 -9.4313 -0.153757 0.747164 0.64661 -14.2956
0.0458742 -0.629772 0.775424 34.2478 0.969008 0.216671 0.118646 -5.15914 -0.242731 0.74595 0.620194 -14.9809
-0.107974 -0.62059 0.776666 34.1909 0.974793 0.087338 0.205305 -0.933064 -0.195243 0.779256 0.595517 -16.1147
-0.114421 -0.623835 0.773135 33.5433 0.978714 0.0626802 0.195422 3.4252 -0.170372 0.779038 0.603385 -17.076
-0.201095 -0.585838 0.785083 32.7616 0.97521 -0.0441844 0.216824 7.80672 -0.0923354 0.809223 0.5802 -17.8145
-0.342186 -0.518786 0.783435 31.4654 0.939324 -0.167509 0.299351 11.9928 -0.0240669 0.838333 0.544627 -18.1979
-0.386723 -0.543341 0.745135 29.7669 0.922189 -0.231072 0.310119 16.0269 0.00367942 0.807085 0.590424 -18.2827
-0.502232 -0.53205 0.681678 27.9442 0.863853 -0.344247 0.367767 20.082 0.0389953 0.773574 0.632505 -18.2797
-0.61972 -0.517623 0.589927 25.4879 0.784446 -0.385232 0.486046 23.9333 -0.0243299 0.763978 0.644783 -18.0617
-0.694859 -0.517661 0.499197 22.3805 0.718919 -0.482602 0.50025 27.3933 -0.0180458 0.706486 0.707497 -18.0899
-0.810894 -0.445672 0.379246 19.0306 0.582559 -0.553348 0.595341 30.5159 -0.0554717 0.703691 0.708337 -18.0419
-0.897625 -0.368494 0.241827 15.2653 0.431317 -0.621419 0.654067 32.7827 -0.0907438 0.691412 0.716739 -18.2147
-0.967761 -0.214195 0.132509 11.1598 0.246169 -0.69309 0.677515 34.4236 -0.0532802 0.688293 0.723474 -18.522
-0.976791 -0.173286 0.125905 6.71128 0.214173 -0.781333 0.586215 35.379 -0.00320918 0.599575 0.800312 -18.6555
-0.984892 -0.10512 0.137613 2.38239 0.169773 -0.742742 0.647697 36.1798 0.0341256 0.661274 0.749368 -18.5824
-0.991248 0.0781749 0.106379 -2.01332 0.0138635 -0.739714 0.672779 36.7802 0.131284 0.668365 0.732156 -18.1981
-0.991245 0.112436 -0.0692253 -6.58257 -0.129165 -0.716968 0.685036 36.7995 0.0273901 0.687979 0.725213 -17.6034
-0.962398 0.202742 -0.18079 -11.0703 -0.269643 -0.632412 0.726187 35.9304 0.0328951 0.74763 0.6633 -17.6144
-0.903714 0.300514 -0.304946 -15.4428 -0.42686 -0.577481 0.695921 34.4647 0.0330339 0.759083 0.650155 -17.5869
-0.846333 0.342296 -0.40811 -19.5549 -0.532622 -0.53546 0.655436 32.4148 0.00582624 0.772086 0.635492 -17.3435
-0.785234 0.41088 -0.463234 -23.3099 -0.617498 -0.464209 0.634985 29.7341 0.0458653 0.784658 0.61823 -17.2213
-0.679192 0.449296 -0.580372 -26.7113 -0.733958 -0.417911 0.535403 26.6128 -0.00198928 0.78961 0.613606 -17.1516
-0.606415 0.545983 -0.578068 -29.7524 -0.793402 -0.367321 0.485375 23.0559 0.0526701 0.752979 0.655933 -17.2056
-0.541451 0.553925 -0.632454 -32.1985 -0.839662 -0.318334 0.440036 19.2752 0.0424156 0.769305 0.637472 -16.9465
-0.305942 0.563435 -0.767424 -34.3478 -0.951915 -0.167441 0.256558 15.2338 0.0160554 0.809014 0.58757 -16.7174
-0.268772 0.641107 -0.718849 -35.4684 -0.960484 -0.122345 0.250004 10.6542 0.0723316 0.757637 0.648656 -16.7127
-0.148423 0.641413 -0.752702 -36.4027 -0.986574 -0.043596 0.157389 6.18725 0.0681367 0.765956 0.639272 -16.3228
-0.0285877 0.661402 -0.749486 -36.6885 -0.995344 0.0502119 0.0822762 1.61451 0.0920508 0.748349 0.656887 -16.0363
0.0766331 0.635639 -0.768173 -36.6414 -0.992984 0.118247 -0.00121495 -3.04514 0.0900616 0.762876 0.640241 -15.4735
0.206112 0.678059 -0.705517 -35.97 -0.972089 0.224464 -0.0682617 -7.54742 0.112078 0.699894 0.705398 -15.1582
0.301144 0.667469 -0.681027 -34.9231 -0.948185 0.285452 -0.13951 -11.9271 0.101282 0.687752 0.718846 -14.6112
0.488878 0.656848 -0.574064 -33.2821 -0.871789 0.391506 -0.29446 -16.1236 0.0313346 0.644418 0.764031 -14.2455
0.639248 0.577868 -0.507376 -30.746 -0.768271 0.50865 -0.388632 -19.957 0.0334987 0.638235 0.769113 -14.1202
0.697594 0.511589 -0.501637 -27.7308 -0.714827 0.544655 -0.438603 -23.3599 0.0488349 0.664551 0.745646 -13.9462
0.694571 0.512392 -0.505001 -24.4509 -0.714524 0.57311 -0.401247 -26.5914 0.0838255 0.63953 0.764182 -13.805
0.795468 0.377213 -0.474279 -20.9516 -0.592912 0.646215 -0.48048 -29.6275 0.125243 0.663413 0.737698 -13.408
0.830891 0.348341 -0.433912 -17.1223 -0.547211 0.652941 -0.523669 -32.1963 0.100903 0.672553 0.733138 -12.9791
0.929222 0.256941 -0.26557 -13.1999 -0.368548 0.696557 -0.615615 -34.2466 0.0268082 0.669918 0.741951 -12.5738
0.980325 0.129774 -0.148734 -8.79455 -0.19637 0.717689 -0.668103 -35.5748 0.0200426 0.684165 0.729052 -12.4514
0.994594 0.0246253 -0.100878 -4.10424 -0.0824272 0.77807 -0.622746 -36.2167 0.0631549 0.627695 0.775894 -12.4528
0.998343 -0.0467573 -0.0335541 0.583033 0.0159026 0.784458 -0.619979 -36.474 0.0553102 0.618417 0.783901 -12.3914
0.995704 -0.0905709 0.0192338 5.22635 0.081099 0.752869 -0.653155 -36.1208 0.0446764 0.651909 0.75698 -12.1771
0.972252 -0.201907 0.118147 9.80102 0.230139 0.734928 -0.637901 -35.2952 0.0419674 0.647391 0.761002 -12.024
0.926945 -0.249891 0.279871 14.1896 0.372168 0.706993 -0.601375 -33.879 -0.0475884 0.661601 0.748345 -11.9408
0.864539 -0.338063 0.371868 18.3863 0.498911 0.666392 -0.554084 -31.9477 -0.0604951 0.664556 0.744785 -12.3931
0.763488 -0.439839 0.472893 22.3043 0.633811 0.650869 -0.417916 -29.4118 -0.123976 0.618799 0.775705 -12.9702
0.679811 -0.383658 0.62503 25.6318 0.710898 0.554161 -0.433048 -26.3618 -0.180225 0.738724 0.649466 -13.521
0.539567 -0.456458 0.70747 28.7474 0.81999 0.475529 -0.318572 -22.6834 -0.191008 0.75201 0.63087 -14.4761
0.526423 -0.491799 0.69355 30.9491 0.843798 0.402293 -0.355197 -18.7988 -0.104325 0.7722 0.626756 -15.3959
0.418992 -0.494834 0.761305 33.3038 0.898619 0.346136 -0.269582 -14.6995 -0.130117 0.797076 0.589695 -16.0144
0.238672 -0.482963 0.842486 35.0189 0.962758 0.23115 -0.140236 -10.4606 -0.127012 0.84458 0.520146 -16.7668
0.0307163 -0.447215 0.893899 36.0584 0.970897 0.225869 0.0796396 -5.88931 -0.23752 0.865437 0.441137 -17.3187
-0.0736596 -0.544354 0.835615 35.9724 0.970409 0.154081 0.185917 -1.20962 -0.229957 0.824583 0.516897 -18.4533
-0.183736 -0.550809 0.814156 35.4409 0.974882 0.00395597 0.222685 3.34961 -0.125878 0.834622 0.536247 -19.5391
-0.243101 -0.532535 0.810746 34.2984 0.965142 -0.0492447 0.257051 7.8985 -0.0969635 0.844974 0.525944 -20.3122
-0.347575 -0.512184 0.785404 33.0644 0.937613 -0.182207 0.296111 12.3471 -0.00855683 0.839326 0.543561 -20.6723
-0.336516 -0.536968 0.773578 31.2856 0.941677 -0.192662 0.275908 16.7714 0.000885092 0.821308 0.570484 -20.8028
-0.463318 -0.466276 0.753607 29.4834 0.884953 -0.288396 0.365632 21.0846 0.0468516 0.83631 0.546251 -20.7806
-0.612163 -0.449414 0.650602 27.0503 0.789643 -0.390598 0.473177 25.1488 0.0414721 0.803405 0.593986 -20.4258
-0.64473 -0.469834 0.602975 23.8009 0.763348 -0.437287 0.475479 28.7645 0.0402765 0.766835 0.640579 -20.3448
-0.838068 -0.353929 0.415182 20.3423 0.544273 -0.490055 0.680891 32.1982 -0.0375254 0.796606 0.603333 -20.347
-0.893764 -0.283482 0.347598 16.3193 0.44755 -0.512209 0.733036 34.6945 -0.0297596 0.810728 0.584666 -20.5268
-0.95637 -0.155794 0.247155 11.9758 0.289478 -0.619658 0.729538 36.419 0.0394936 0.769254 0.637721 -20.7296
-0.97615 -0.134047 0.170772 7.29898 0.216902 -0.635673 0.74086 37.7158 0.00924503 0.760231 0.649588 -20.6143
-0.981638 -0.0445203 0.185484 2.59998 0.166057 -0.677955 0.716102 38.4609 0.0938684 0.733754 0.672899 -20.5942
-0.991914 0.00130935 0.126903 -2.16311 0.0933843 -0.669596 0.736831 38.8991 0.0859384 0.742724 0.66406 -20.2165
-0.987324 0.0811383 -0.136413 -7.10992 -0.157974 -0.585572 0.795078 38.9613 -0.0153682 0.806549 0.590967 -19.8332
-0.953931 0.210855 -0.21344 -11.6839 -0.298783 -0.602923 0.739738 37.9017 0.0272896 0.769431 0.638147 -19.8561
-0.914984 0.257044 -0.311017 -16.2816 -0.403274 -0.557446 0.725688 36.1865 0.0131586 0.789419 0.613714 -19.8996
-0.851919 0.320825 -0.41389 -20.6704 -0.52318 -0.487123 0.699281 33.8916 0.0227318 0.812269 0.582839 -19.7773
-0.744025 0.407042 -0.529852 -24.5222 -0.667708 -0.424091 0.61181 31.1402 0.0243266 0.808989 0.58732 -19.7435
-0.713851 0.41397 -0.564841 -28.0722 -0.700108 -0.44062 0.561874 27.6895 -0.0162809 0.796544 0.604361 -19.628
-0.576183 0.51421 -0.635296 -31.2994 -0.815475 -0.309482 0.489102 24.0821 0.0548883 0.799881 0.597644 -19.6901
-0.46599 0.537618 -0.702723 -33.844 -0.883438 -0.238829 0.40311 20.0427 0.0488886 0.808657 0.586245 -19.4599
-0.330658 0.566707 -0.754658 -36.0436 -0.940532 -0.131891 0.313057 15.6948 0.0778787 0.813295 0.576617 -19.2411
-0.220031 0.62661 -0.747627 -37.3813 -0.974258 -0.10261 0.200729 10.9546 0.0490653 0.772549 0.633057 -18.9486
-0.106202 0.617082 -0.779699 -38.2941 -0.989675 0.0103062 0.142959 6.24035 0.0962534 0.786831 0.609616 -18.6712
-0.0924202 0.642772 -0.760462 -38.572 -0.993187 -0.00507144 0.116417 1.349 0.070973 0.76604 0.638862 -18.2829
0.0404768 0.638877 -0.768243 -38.624 -0.994038 0.103653 0.033825 -3.46128 0.10124 0.762294 0.639264 -17.9121
0.189398 0.656118 -0.730505 -38.1264 -0.974612 0.216095 -0.0585972 -8.19157 0.119412 0.723057 0.680389 -17.3968
0.305965 0.60596 -0.734301 -36.8601 -0.948787 0.257808 -0.182588 -12.9158 0.0786676 0.752561 0.653807 -16.8543
0.516275 0.558971 -0.648854 -35.1915 -0.85356 0.397737 -0.336513 -17.3477 0.0699722 0.727569 0.682457 -16.331
0.602239 0.537854 -0.589933 -32.4919 -0.797146 0.445137 -0.407935 -21.3881 0.0431914 0.715937 0.696828 -16.1102
0.69545 0.477832 -0.536681 -29.4003 -0.716476 0.518137 -0.467114 -25.0535 0.0548719 0.709374 0.702693 -15.974
0.713332 0.499443 -0.491645 -25.8035 -0.699333 0.55305 -0.452846 -28.3626 0.0457335 0.666853 0.743785 -15.7224
0.792608 0.415291 -0.446437 -22.0654 -0.60639 0.613442 -0.505945 -31.5158 0.0637484 0.671731 0.738047 -15.4916
0.861041 0.258524 -0.43792 -18.1722 -0.495253 0.621827 -0.606676 -34.3034 0.11547 0.739253 0.663454 -15.1323
0.942287 0.204497 -0.265096 -13.891 -0.332119 0.671037 -0.662877 -36.3373 0.0423333 0.712664 0.700227 -14.6822
0.981637 0.0931824 -0.166453 -9.28562 -0.184116 0.691097 -0.698917 -37.6538 0.0499082 0.71673 0.695563 -14.6332
0.991881 0.113146 -0.0580527 -4.33785 -0.125191 0.788552 -0.602091 -38.4773 -0.0223465 0.60447 0.796314 -14.4653
0.999565 -0.0239598 -0.0171881 0.49618 0.00773118 0.775453 -0.631358 -38.7364 0.0284558 0.630951 0.775301 -14.3565
0.987602 -0.134259 0.081343 5.43081 0.154681 0.743998 -0.650031 -38.5204 0.0267531 0.654554 0.755542 -14.241
0.963528 -0.198116 0.179898 10.3792 0.267506 0.731454 -0.627229 -37.444 -0.00732294 0.652477 0.757773 -14.0588
0.931564 -0.223868 0.286481 14.9525 0.36029 0.674116 -0.644793 -35.91 -0.0487731 0.703882 0.70864 -14.2745
0.872856 -0.278655 0.400591 19.4867 0.481047 0.629222 -0.61047 -34.0031 -0.0819504 0.725556 0.683266 -14.4232
0.738815 -0.294989 0.605916 23.5494 0.643284 0.576664 -0.503631 -31.4015 -0.200844 0.761866 0.61581 -14.9709
0.657187 -0.426704 0.621312 26.8609 0.736629 0.538194 -0.409542 -27.9857 -0.159633 0.726822 0.668017 -15.9318
0.548136 -0.417621 0.724665 30.0047 0.809477 0.482905 -0.333992 -24.0654 -0.210462 0.769673 0.602752 -16.7858
0.515428 -0.497185 0.697955 32.4425 0.843947 0.435773 -0.31282 -19.9584 -0.14862 0.750273 0.644207 -17.7808
0.373953 -0.468704 0.800297 34.7701 0.908851 0.35713 -0.215519 -15.7466 -0.184796 0.807945 0.559532 -18.6527
0.235375 -0.474423 0.848246 36.4419 0.960888 0.24463 -0.12981 -11.1753 -0.145921 0.845623 0.513447 -19.3299
0.0681235 -0.433678 0.898489 37.3764 0.9803 0.196448 0.0204939 -6.41454 -0.185394 0.879393 0.438517 -20.1582
-0.0395818 -0.496623 0.867063 37.4597 0.977362 0.161249 0.136975 -1.52604 -0.207838 0.852857 0.478998 -21.0855
-0.193507 -0.475305 0.858278 37.0144 0.969351 0.042347 0.242002 3.31051 -0.15137 0.878802 0.452543 -22.0265
-0.256059 -0.48033 0.838879 36.0095 0.961761 -0.0393244 0.271051 8.0198 -0.0972053 0.876206 0.472032 -22.8468
-0.254182 -0.474504 0.842756 34.4821 0.966273 -0.0873555 0.242251 12.8264 -0.0413297 0.875908 0.480705 -23.2502
-0.37225 -0.447257 0.813259 32.8785 0.927729 -0.205125 0.311837 17.4856 0.027348 0.870566 0.491291 -23.4252
-0.443432 -0.381779 0.810933 30.7818 0.895367 -0.230136 0.381256 21.9362 0.041069 0.895144 0.443882 -23.2615
-0.594954 -0.356181 0.720531 28.3754 0.802227 -0.318484 0.504976 26.2923 0.0496147 0.878467 0.475221 -23.098
-0.641043 -0.346837 0.684666 25.0671 0.767504 -0.290426 0.57148 30.0764 0.000634021 0.891828 0.452375 -22.7557
-0.825309 -0.276146 0.492553 21.4747 0.564383 -0.375051 0.735397 33.7516 -0.0183444 0.884918 0.465386 -22.8343
-0.903432 -0.227745 0.36324 17.0635 0.428629 -0.461265 0.77686 36.3778 -0.00937613 0.857535 0.514339 -23.0663
-0.949862 -0.137934 0.280601 12.4176 0.31078 -0.515018 0.798857 38.2915 0.034325 0.846008 0.532063 -23.1239
-0.968187 -0.104261 0.227472 7.62431 0.247892 -0.523561 0.815128 39.6885 0.0341097 0.845585 0.532751 -23.0099
-0.987792 -0.00487284 0.155703 2.71931 0.131 -0.566856 0.813335 40.4914 0.0842978 0.823802 0.560574 -22.9115
-0.99666 0.0441752 0.0686866 -2.23347 0.0342545 -0.537373 0.842649 40.7998 0.0741345 0.842187 0.534065 -22.6589
-0.99114 0.0730554 -0.110925 -7.31954 -0.132281 -0.467697 0.873934 40.5196 0.0119664 0.880865 0.473217 -22.2334
-0.94985 0.145344 -0.276875 -12.3549 -0.312341 -0.483659 0.817629 39.4832 -0.0150756 0.863104 0.5048 -22.1936
-0.919398 0.2189 -0.326786 -17.0823 -0.393317 -0.505565 0.767923 37.743 0.00288661 0.834558 0.550913 -22.378
-0.834593 0.297863 -0.463393 -21.4398 -0.550379 -0.48628 0.678686 35.4543 -0.0231832 0.821468 0.569783 -22.2946
-0.79087 0.346204 -0.504646 -25.6823 -0.611104 -0.402567 0.681536 32.4225 0.0327963 0.847398 0.529945 -22.3649
-0.689323 0.400688 -0.603558 -29.4409 -0.724452 -0.3792 0.575654 28.9145 0.00178832 0.83406 0.55167 -22.2843
-0.594122 0.444134 -0.670644 -32.7931 -0.802295 -0.267288 0.533741 25.0317 0.0577967 0.855162 0.515128 -22.2644
-0.485144 0.511468 -0.70925 -35.5307 -0.86856 -0.188006 0.458538 20.8044 0.101184 0.838483 0.535451 -22.1204
-0.342172 0.511751 -0.788054 -37.7417 -0.935212 -0.104179 0.338416 16.1889 0.091086 0.852794 0.514243 -21.6776
-0.227533 0.582483 -0.780348 -39.1529 -0.970727 -0.0723696 0.229023 11.306 0.0769289 0.809615 0.581898 -21.4127
-0.135377 0.626261 -0.767769 -40.1481 -0.989817 -0.0510832 0.132861 6.29082 0.0439857 0.777938 0.6268 -21.0309
-0.0573717 0.600939 -0.797233 -40.5623 -0.996428 0.0150954 0.0830851 1.34528 0.0619636 0.799152 0.597927 -20.5918
0.0419343 0.606775 -0.793766 -40.4728 -0.993083 0.112519 0.0335482 -3.77511 0.10967 0.786869 0.607297 -20.2633
0.183592 0.578818 -0.794521 -39.9924 -0.97407 0.215833 -0.0678439 -8.82598 0.132215 0.786375 0.603435 -19.7439
0.3357 0.557706 -0.759124 -38.6729 -0.929901 0.324798 -0.172601 -13.6702 0.150302 0.763852 0.627646 -19.2094
0.487112 0.515446 -0.705008 -36.8126 -0.865986 0.389606 -0.313488 -18.3426 0.113089 0.763232 0.636151 -18.701
0.628547 0.50783 -0.589099 -34.166 -0.777603 0.426089 -0.462365 -22.6551 0.0162065 0.748703 0.662707 -18.1455
0.695917 0.451485 -0.558445 -30.8625 -0.713176 0.525629 -0.463783 -26.5741 0.0841443 0.721024 0.687782 -18.1266
0.734902 0.458882 -0.499346 -27.1931 -0.674864 0.567494 -0.471709 -30.0482 0.0669172 0.68365 0.726736 -17.7542
0.816955 0.344448 -0.462536 -23.271 -0.570167 0.602811 -0.558147 -33.2862 0.0865693 0.719704 0.688863 -17.6408
0.885008 0.270581 -0.378875 -18.9689 -0.461813 0.613434 -0.640646 -36.1998 0.0590685 0.741946 0.667852 -17.4118
0.937323 0.174598 -0.301565 -14.3738 -0.338968 0.657495 -0.672905 -38.1645 0.0807895 0.73295 0.675468 -17.0558
0.946311 0.097591 -0.308175 -9.57471 -0.290482 0.675004 -0.678226 -39.7668 0.141831 0.731332 0.667112 -16.8477
0.993978 0.0628658 -0.0897487 -4.58142 -0.107136 0.729443 -0.6756 -40.9996 0.0229945 0.681147 0.731786 -16.2738
0.999328 -0.0267802 0.0250422 0.650233 0.0366642 0.727073 -0.68558 -41.2768 0.000152483 0.686038 0.727566 -16.4271
0.984585 -0.120123 0.127131 5.81372 0.174727 0.708334 -0.68391 -40.6874 -0.00789745 0.695581 0.718404 -16.3161
0.95651 -0.193413 0.218358 10.9415 0.291256 0.674531 -0.678364 -39.612 -0.0160853 0.71246 0.701528 -16.2682
0.907481 -0.255949 0.333119 15.6831 0.418548 0.618819 -0.664741 -37.9826 -0.0360011 0.742666 0.668693 -16.3928
0.840353 -0.29681 0.453554 20.3185 0.536985 0.569874 -0.622006 -35.7678 -0.073851 0.766256 0.638277 -16.9163
0.719167 -0.336367 0.607994 24.4146 0.681582 0.511603 -0.523171 -32.9675 -0.135074 0.790645 0.59719 -17.4049
0.695703 -0.33192 0.637046 27.875 0.693051 0.543349 -0.473764 -29.4227 -0.188886 0.771104 0.608046 -18.1219
0.553527 -0.407072 0.726567 31.3842 0.821271 0.411648 -0.395043 -25.5575 -0.138279 0.815376 0.562175 -19.3402
0.479911 -0.435075 0.761837 33.9618 0.866765 0.369412 -0.335043 -21.2548 -0.135663 0.821124 0.554392 -20.2111
0.37043 -0.436777 0.819761 36.1132 0.91567 0.319914 -0.243316 -16.6761 -0.155978 0.840762 0.518449 -21.0947
0.246963 -0.416019 0.875179 37.7353 0.94951 0.284232 -0.132828 -11.848 -0.193495 0.863794 0.465209 -21.871
0.066256 -0.41526 0.907287 38.7241 0.981695 0.189853 0.015205 -7.05318 -0.178565 0.889671 0.420238 -22.9398
-0.0284434 -0.436555 0.899228 38.9943 0.987181 0.129071 0.0938864 -1.8174 -0.157051 0.890371 0.427287 -23.8849
-0.0991523 -0.442981 0.891031 38.3194 0.984611 0.0858278 0.152235 3.1655 -0.143913 0.892413 0.427653 -24.7763
-0.209662 -0.429863 0.878214 37.4162 0.972831 -0.00150727 0.231513 8.05757 -0.0981952 0.902893 0.4185 -25.4849
-0.307178 -0.402386 0.862396 36.0333 0.951646 -0.126767 0.27982 13.177 -0.00327236 0.906651 0.42187 -25.8979
-0.368478 -0.386606 0.845435 34.1929 0.929553 -0.165445 0.329484 17.8971 0.0124918 0.907284 0.420334 -26.0401
-0.457945 -0.349801 0.817267 31.9634 0.88887 -0.194643 0.414758 22.6725 0.0139925 0.916381 0.400063 -26.0607
-0.581986 -0.32194 0.746758 29.3301 0.81276 -0.260435 0.521147 27.0871 0.0267037 0.910235 0.413229 -25.7982
-0.690906 -0.299391 0.658038 26.0165 0.72293 -0.280332 0.631496 31.0817 -0.00459492 0.912019 0.410121 -25.6259
-0.829131 -0.246733 0.501662 22.0991 0.558753 -0.336225 0.758122 34.9117 -0.0183825 0.908887 0.416637 -25.6209
-0.902305 -0.172498 0.395082 17.7242 0.430241 -0.418084 0.800062 37.7739 0.0271685 0.89188 0.451455 -25.7672
-0.940687 -0.149305 0.304656 12.952 0.339028 -0.447931 0.827296 39.6848 0.0129456 0.881513 0.471981 -25.7737
-0.977783 -0.129548 0.164796 7.89157 0.206818 -0.468094 0.859136 41.0762 -0.0341593 0.874131 0.484488 -25.6623
-0.99536 -0.0151951 0.0950118 2.74614 0.0901985 -0.491165 0.866384 42.0393 0.0335018 0.870934 0.490257 -25.6215
-0.997809 0.0656439 -0.00824833 -2.35783 -0.0390752 -0.484119 0.874129 42.36 0.0533881 0.872536 0.485623 -25.3267
-0.994459 0.0516952 -0.0915366 -7.58238 -0.105033 -0.452009 0.885808 41.8995 0.00441673 0.890514 0.454934 -24.9506
-0.968994 0.136756 -0.205789 -12.785 -0.245379 -0.434895 0.866404 40.8657 0.0289893 0.890036 0.454967 -24.9472
-0.898587 0.240406 -0.367078 -17.7741 -0.437822 -0.435542 0.786521 39.2328 0.0292062 0.867472 0.496627 -24.8873
-0.842847 0.27707 -0.461347 -22.3956 -0.538152 -0.436196 0.721198 36.7831 -0.00141503 0.856134 0.516752 -24.753
-0.744738 0.324919 -0.582918 -26.8391 -0.667218 -0.380336 0.64044 33.5934 -0.0136132 0.865894 0.500043 -24.9326
-0.707135 0.314242 -0.633413 -30.5376 -0.705938 -0.364621 0.60721 29.8449 -0.0401446 0.876529 0.479672 -24.904
-0.57606 0.395974 -0.715094 -34.1708 -0.817058 -0.25335 0.51791 25.9379 0.0239096 0.88262 0.469478 -24.9911
-0.496576 0.431717 -0.753016 -37.0365 -0.86547 -0.180159 0.467445 21.4474 0.0661412 0.883834 0.4631 -24.8834
-0.328617 0.492921 -0.80563 -39.3378 -0.934459 -0.0458666 0.353104 16.5907 0.137101 0.868864 0.475687 -24.4501
-0.268779 0.512081 -0.815801 -40.872 -0.961626 -0.0942344 0.257673 11.5599 0.0550727 0.853752 0.517759 -23.7723
-0.184067 0.554626 -0.811486 -41.9285 -0.977889 -0.0199597 0.20817 6.49588 0.0992594 0.83186 0.546037 -23.3785
-0.0229234 0.54242 -0.839794 -42.5005 -0.998439 0.0303729 0.0468716 1.35636 0.0509311 0.839558 0.540877 -22.9287
0.0692061 0.546574 -0.834546 -42.2553 -0.994036 0.108455 -0.0114011 -4.06351 0.0842792 0.830358 0.55082 -22.5808
0.205685 0.539242 -0.816646 -41.6223 -0.974796 0.186582 -0.122315 -9.39074 0.0864138 0.821222 0.564028 -22.1666
0.305593 0.535143 -0.78755 -40.2634 -0.948529 0.243286 -0.202744 -14.5743 0.0831031 0.808971 0.581945 -21.6837
0.480088 0.485243 -0.730791 -38.3994 -0.868952 0.377172 -0.320411 -19.4644 0.120157 0.788848 0.602728 -21.3011
0.57988 0.478126 -0.659647 -35.6442 -0.810144 0.423942 -0.404896 -23.9352 0.0860609 0.7692 0.633187 -20.641
0.690602 0.441805 -0.572606 -32.2545 -0.721197 0.480083 -0.499395 -28.1531 0.0542638 0.757845 0.650174 -20.2755
0.712973 0.426719 -0.556399 -28.3583 -0.698794 0.497961 -0.513538 -31.7669 0.0579285 0.754947 0.653222 -20.072
0.808074 0.329713 -0.488166 -24.1845 -0.585184 0.544462 -0.600934 -35.2161 0.0676525 0.771266 0.632908 -19.9206
0.886246 0.233691 -0.399946 -19.6969 -0.456245 0.589603 -0.66649 -37.9541 0.0800571 0.773147 0.629153 -19.7891
0.924991 0.166039 -0.341792 -14.9292 -0.369142 0.606014 -0.704614 -40.1467 0.0901371 0.777932 0.621849 -19.4472
0.953174 0.129691 -0.273203 -9.81724 -0.293109 0.618637 -0.728955 -41.7798 0.0744742 0.774899 0.627683 -19.1941
