0.999997 0.00259059 0.000332495 -0.000119657 -0.00259173 0.999991 0.0034515 -2.72948e-05 -0.000323551 -0.00345235 0.999994 -0.00109935
0.979645 -0.19789 0.0336821 0.346546 0.195518 0.97866 0.063222 -0.0877773 -0.0454744 -0.0553497 0.997431 0.0471114
0.874012 -0.482262 0.059383 0.552484 0.473811 0.872967 0.115894 0.0161475 -0.107731 -0.0731568 0.991485 -0.0428026
0.82526 -0.563205 0.041792 0.668918 0.552311 0.820313 0.148457 0.00280994 -0.117894 -0.0994334 0.988035 -0.259511
0.727473 -0.68613 0.00294089 0.769046 0.676891 0.718365 0.160533 0.0808521 -0.11226 -0.114793 0.987026 -0.408481
0.690782 -0.722892 -0.0157384 1.03547 0.718338 0.683621 0.129044 0.212206 -0.0825259 -0.100447 0.991514 -0.499259
0.535387 -0.84414 -0.0280896 1.16592 0.841022 0.529758 0.10972 0.338275 -0.0777384 -0.0823667 0.993566 -0.512521
0.413461 -0.908732 -0.0570598 1.43543 0.90472 0.402957 0.138231 0.437869 -0.102622 -0.108776 0.988755 -0.610067
0.28688 -0.957051 0.0418631 1.6932 0.944702 0.289884 0.153312 0.687268 -0.158863 -0.00443401 0.987291 -0.449439
0.169447 -0.984075 0.0537051 1.87682 0.966353 0.176602 0.187014 0.903556 -0.19352 0.020209 0.980888 -0.524195
0.0568828 -0.997065 0.0512501 2.02112 0.980754 0.0654083 0.183967 1.27071 -0.186779 0.0397992 0.981595 -0.695968
0.052733 -0.998507 0.0142341 2.02847 0.978805 0.0545066 0.197409 1.66446 -0.19789 0.0035224 0.980218 -0.827207
-0.0204506 -0.999789 -0.00190934 2.01988 0.975664 -0.0203741 0.218321 2.21833 -0.218314 0.00260193 0.975875 -0.963049
-0.249429 -0.965749 0.0715118 1.99665 0.938798 -0.223029 0.26252 2.30248 -0.237579 0.132615 0.962273 -0.908684
-0.423801 -0.904655 -0.0446312 1.94778 0.864352 -0.418664 0.278596 2.7001 -0.270719 0.0794923 0.959371 -0.98162
-0.542907 -0.839765 0.00685833 1.71501 0.799225 -0.514156 0.31126 2.9188 -0.257859 0.174466 0.9503 -1.16913
-0.597978 -0.80151 0.00175667 1.64949 0.762855 -0.568463 0.308062 3.37263 -0.245917 0.185555 0.951365 -1.32318
-0.622646 -0.781503 0.0395624 1.37545 0.753517 -0.585181 0.299625 3.74249 -0.211006 0.216371 0.953237 -1.49786
-0.707696 -0.705186 0.0433497 0.931847 0.692115 -0.679638 0.243039 4.04232 -0.141925 0.202 0.969047 -1.51288
-0.814514 -0.572957 0.0910377 0.671274 0.578811 -0.79194 0.194447 4.21089 -0.0393133 0.211073 0.976679 -1.56024
-0.872737 -0.449192 0.191195 0.390431 0.481711 -0.855957 0.187862 4.52003 0.0792688 0.256055 0.963407 -1.60865
-0.907514 -0.353862 0.226276 -0.117393 0.401811 -0.888327 0.222313 4.63377 0.122339 0.292672 0.948355 -1.37976
-0.93383 -0.263202 0.242254 -0.480166 0.305462 -0.939152 0.157122 4.90461 0.186158 0.220724 0.957406 -1.38752
-0.960415 -0.139126 0.241346 -0.82349 0.178622 -0.972374 0.150275 5.13651 0.213771 0.187436 0.958733 -1.22055
-0.966417 -0.0769694 0.245182 -1.23942 0.122763 -0.976461 0.17735 5.2218 0.22576 0.201493 0.953117 -1.14855
-0.974446 0.081809 0.209194 -1.70598 -0.0410593 -0.9805 0.192184 5.25622 0.220837 0.178683 0.958803 -0.988307
-0.963888 0.20709 0.167434 -2.08503 -0.164424 -0.957359 0.237548 5.29039 0.209488 0.20144 0.956837 -0.86547
-0.918626 0.369834 0.139098 -2.63183 -0.333829 -0.914765 0.227516 5.30106 0.211385 0.162567 0.963788 -0.769092
-0.858519 0.491594 0.145878 -3.00427 -0.478873 -0.870353 0.114746 5.08819 0.183374 0.028655 0.982626 -0.813932
-0.794966 0.598369 0.0999153 -3.26736 -0.589347 -0.8008 0.106721 4.85371 0.143871 0.0259544 0.989256 -0.667613
-0.657898 0.751855 0.0434022 -3.65477 -0.741294 -0.65667 0.13881 4.60925 0.132866 0.059149 0.989368 -0.6935
-0.57643 0.816529 0.0317586 -4.001 -0.806606 -0.574786 0.137871 4.31014 0.13083 0.0538563 0.989941 -0.590631
-0.501048 0.862591 0.0699138 -4.26869 -0.853314 -0.505889 0.12622 4.07447 0.144245 0.00358397 0.989535 -0.539533
-0.436897 0.897598 0.0586423 -4.72632 -0.887467 -0.440763 0.134648 3.49228 0.146707 0.00678437 0.989157 -0.37935
-0.294134 0.952416 0.0799304 -4.79201 -0.937731 -0.303742 0.168527 2.99854 0.184786 -0.0253838 0.982451 -0.297917
-0.146562 0.985004 0.0910298 -4.86547 -0.976487 -0.158771 0.145824 2.55926 0.15809 -0.0675172 0.985114 -0.411768
-0.0932795 0.990127 0.104633 -4.99139 -0.991057 -0.102408 0.0855534 1.97308 0.095424 -0.095717 0.990824 -0.460593
0.0254959 0.996861 0.0749567 -4.95246 -0.997101 0.0199816 0.0734166 1.57581 0.0716884 -0.0766112 0.994481 -0.361096
0.234905 0.968131 0.0868411 -5.04389 -0.972004 0.233472 0.026457 1.11589 0.00533889 -0.0906247 0.995871 -0.404429
0.300675 0.953607 0.0150727 -4.82277 -0.953004 0.299795 0.0436527 0.462439 0.0371088 -0.0274896 0.998933 -0.277116
0.348175 0.936237 -0.0472615 -4.55573 -0.933607 0.350863 0.0726249 -0.174854 0.0845764 0.0188375 0.996239 -0.287759
0.467677 0.882861 -0.0428296 -4.32042 -0.87418 0.469157 0.125304 -0.721828 0.13072 -0.021161 0.991193 -0.261216
0.619824 0.783487 -0.0443531 -3.85922 -0.770059 0.618137 0.157848 -1.28033 0.151088 -0.0636833 0.986467 -0.279703
0.671404 0.739181 -0.0531772 -3.38961 -0.717959 0.666559 0.200585 -1.58967 0.183715 -0.0964948 0.978232 -0.22809
0.810594 0.571272 -0.128781 -3.05209 -0.555811 0.81977 0.138025 -2.00684 0.184421 -0.0403049 0.982021 -0.230415
0.89622 0.432475 -0.0987657 -2.80324 -0.417019 0.897277 0.144881 -2.38167 0.151277 -0.0886577 0.984507 -0.393059
0.932593 0.337463 -0.128019 -2.34093 -0.322191 0.938235 0.126125 -2.68277 0.162674 -0.0763767 0.983719 -0.255042
0.972709 0.190282 -0.132779 -1.81002 -0.168195 0.972446 0.161427 -2.98292 0.159837 -0.134689 0.977912 -0.20585
0.990482 -0.0179271 -0.136471 -1.20474 0.0430776 0.982048 0.183646 -3.09762 0.130728 -0.187777 0.973473 -0.0623209
0.988453 -0.11563 -0.0979279 -0.667391 0.126694 0.985191 0.11553 -3.11758 0.0831191 -0.126603 0.988465 0.0358957
0.989415 -0.140616 -0.0358383 0.116045 0.143784 0.983323 0.111366 -3.01049 0.0195807 -0.11534 0.993133 -0.0260739
0.91877 -0.392422 0.0432028 0.814753 0.385954 0.915832 0.11087 -3.03988 -0.0830743 -0.0851896 0.992895 0.135641
0.903566 -0.419878 0.0852668 1.77413 0.416423 0.907458 0.0557737 -2.71742 -0.100794 -0.0148882 0.994796 0.0998886
0.853305 -0.516704 0.0699067 2.26978 0.505789 0.852838 0.129787 -2.49645 -0.126681 -0.0753898 0.989075 -0.0928334
0.785815 -0.616475 0.0495402 2.79242 0.605965 0.783483 0.137699 -2.14119 -0.123702 -0.0781866 0.989234 -0.146401
0.677686 -0.731744 0.0727402 3.31015 0.730364 0.68129 0.0491151 -1.82132 -0.0854969 0.0198422 0.996141 -0.273096
0.589139 -0.807282 0.0347843 3.81976 0.805945 0.590165 0.0464547 -1.29612 -0.0580305 0.000665982 0.998315 -0.434358
0.506546 -0.857505 0.0899862 4.30849 0.858131 0.511538 0.0440512 -0.735566 -0.0838055 0.054906 0.994968 -0.382341
0.397447 -0.913014 0.0918738 4.60533 0.9036 0.406844 0.13411 -0.194655 -0.159823 0.0297154 0.986698 -0.4818
0.280594 -0.953878 0.10669 4.83232 0.938262 0.29602 0.178987 0.46785 -0.202314 0.0498805 0.97805 -0.655191
0.132721 -0.981362 0.138976 5.12415 0.973973 0.155126 0.165266 1.13932 -0.183744 0.113425 0.976408 -0.860617
-0.00379842 -0.996882 0.0788111 5.10131 0.98358 0.0104957 0.180165 1.61121 -0.18043 0.0782014 0.980474 -1.02191
-0.0791905 -0.989219 0.123189 5.06012 0.977091 -0.0525365 0.206238 2.41457 -0.197542 0.136699 0.970717 -1.13427
-0.141028 -0.98103 0.133009 4.98446 0.959341 -0.102241 0.263082 3.10147 -0.244492 0.164703 0.955561 -1.36885
-0.315701 -0.942924 0.105959 4.79404 0.908438 -0.268116 0.320709 3.73358 -0.273994 0.197505 0.941233 -1.45956
-0.343672 -0.933072 0.106141 4.38993 0.899449 -0.294563 0.322837 4.4788 -0.269965 0.206418 0.940484 -1.7165
-0.489909 -0.865264 0.106338 3.94028 0.837956 -0.433743 0.331205 4.996 -0.240456 0.251367 0.937547 -1.921
-0.661259 -0.736651 0.141714 3.69142 0.731052 -0.590449 0.341955 5.54245 -0.168226 0.329721 0.928969 -2.10321
-0.730259 -0.661791 0.169573 3.03516 0.676377 -0.665452 0.315734 6.11059 -0.0961069 0.345262 0.933572 -2.1223
-0.809993 -0.542558 0.22258 2.30268 0.586315 -0.757049 0.288292 6.55 0.0120884 0.364017 0.931314 -2.30373
-0.862027 -0.439729 0.252086 1.69189 0.496935 -0.831156 0.249469 6.93511 0.0998247 0.340319 0.934996 -2.41728
-0.905497 -0.349349 0.240896 1.02477 0.400598 -0.890991 0.213676 7.33019 0.139988 0.289985 0.946738 -2.35442
-0.935594 -0.23352 0.264825 0.326514 0.29395 -0.930667 0.217835 7.74226 0.195595 0.281651 0.93937 -2.22405
-0.950802 -0.169812 0.259113 -0.551755 0.23264 -0.943695 0.2352 8.06871 0.204584 0.283909 0.936772 -1.89328
-0.949534 0.121938 0.28899 -1.13644 -0.0567635 -0.972931 0.224015 8.18654 0.308484 0.196306 0.930753 -1.78889
-0.961792 0.116017 0.247985 -2.01144 -0.0614425 -0.974138 0.21744 8.24586 0.266799 0.193895 0.944046 -1.67491
-0.95699 0.23246 0.173587 -2.79611 -0.191373 -0.955495 0.224512 8.23573 0.218052 0.181636 0.958886 -1.49098
-0.916084 0.367967 0.159346 -3.68334 -0.336641 -0.921652 0.192951 8.03657 0.217861 0.123117 0.968183 -1.12097
-0.875849 0.46591 0.125765 -4.40692 -0.436285 -0.875842 0.20629 7.79089 0.206263 0.12581 0.970375 -0.935926
-0.821395 0.562733 0.0929589 -5.12457 -0.545308 -0.82259 0.161198 7.40226 0.167178 0.081716 0.982534 -0.921048
-0.727972 0.684568 0.0377293 -5.84693 -0.677213 -0.726555 0.11619 6.79334 0.106952 0.059032 0.99251 -0.890841
-0.637133 0.770752 -0.00193386 -6.47363 -0.762638 -0.630059 0.146318 6.11074 0.111557 0.0946991 0.989236 -0.815707
-0.485617 0.873517 0.0338133 -6.91698 -0.863115 -0.485249 0.139881 5.62152 0.138596 0.0387437 0.989591 -0.682136
-0.334501 0.94239 -0.00316277 -7.27917 -0.935282 -0.331563 0.123752 4.91604 0.115574 0.0443532 0.992308 -0.468711
-0.245191 0.969328 -0.0168994 -7.62624 -0.962003 -0.241104 0.12814 3.97013 0.120135 0.0476758 0.991612 -0.384429
-0.185259 0.982673 0.00572267 -7.89888 -0.977432 -0.184866 0.102232 3.07813 0.101519 0.0133459 0.994744 -0.234987
-0.0292063 0.99894 -0.0355763 -8.05122 -0.995044 -0.0256709 0.0960696 2.25559 0.0950545 0.0382058 0.994739 -0.261265
0.102721 0.993722 -0.0443394 -8.09814 -0.9947 0.102419 -0.009025 1.49415 -0.00442713 0.0450315 0.998976 -0.0775017
0.253249 0.967257 -0.0166705 -7.87649 -0.967216 0.252826 -0.0239274 0.456694 -0.0189293 0.0221836 0.999575 -0.267437
0.309165 0.948435 -0.0699099 -7.60741 -0.950824 0.306821 -0.0423594 -0.425773 -0.0187253 0.079568 0.996654 -0.211723
0.405288 0.913348 -0.0392011 -7.28769 -0.913722 0.406079 0.0145654 -1.27271 0.029222 0.0299157 0.999125 -0.261095
0.577847 0.814095 -0.0578138 -6.94504 -0.812142 0.580576 0.0579404 -2.16393 0.0807343 0.0134723 0.996645 -0.327796
0.614355 0.773514 -0.155708 -6.29446 -0.77506 0.62858 0.0645652 -3.14345 0.147817 0.081017 0.985691 -0.36514
0.707822 0.693971 -0.131879 -5.54775 -0.683584 0.719983 0.119741 -3.7808 0.178048 0.00539515 0.984007 -0.197446
0.770846 0.629542 -0.0973308 -4.84574 -0.616324 0.775675 0.13592 -4.46593 0.161064 -0.044786 0.985927 -0.249777
0.871428 0.471142 -0.136521 -4.13409 -0.4648 0.882049 0.0771342 -5.08376 0.15676 -0.00376174 0.98763 -0.136537
0.930003 0.344547 -0.127988 -3.23099 -0.337058 0.938341 0.0768626 -5.51902 0.146579 -0.0283433 0.988793 -0.0756567
0.962037 0.234044 -0.140382 -2.17893 -0.223245 0.970735 0.0885124 -5.95757 0.15699 -0.0538127 0.986133 0.124664
0.987502 0.070673 -0.140873 -1.2239 -0.0604883 0.995323 0.0753171 -6.08435 0.145537 -0.0658547 0.987159 0.166083
0.995667 -0.0302245 -0.087947 -0.25324 0.0359798 0.997262 0.0646085 -6.14277 0.0857534 -0.0674928 0.994028 0.35268
0.983288 -0.170586 -0.0635971 0.817066 0.175938 0.980177 0.0911022 -5.97969 0.0467956 -0.100769 0.993809 0.385338
0.954994 -0.294175 0.0380577 1.96434 0.284575 0.944821 0.162263 -5.79544 -0.0836916 -0.14413 0.986013 0.271196
0.898605 -0.409823 0.156694 2.91276 0.397992 0.911692 0.10208 -5.51919 -0.184691 -0.0293667 0.982358 0.287246
0.868312 -0.46882 0.161992 3.84429 0.464807 0.883078 0.0642428 -5.13621 -0.17317 0.0195123 0.984699 -0.046993
0.792999 -0.596885 0.121992 4.73033 0.595269 0.801754 0.0533431 -4.5359 -0.129647 0.0303168 0.991097 0.000513316
0.757452 -0.647725 0.0819693 5.53133 0.644946 0.761841 0.0603605 -3.85312 -0.101545 0.0071455 0.994805 -0.352827
0.663808 -0.743737 0.0788279 6.21719 0.741651 0.668192 0.058926 -3.12272 -0.0964976 0.0193472 0.995145 -0.581367
0.52147 -0.843096 0.131372 6.83577 0.843129 0.532795 0.0725462 -2.30532 -0.131158 0.0729332 0.988675 -0.70641
0.426502 -0.890178 0.160248 7.28073 0.89204 0.443269 0.0881885 -1.43619 -0.149536 0.105335 0.983129 -0.904946
0.243762 -0.949585 0.197151 7.75193 0.959458 0.265777 0.0938255 -0.513378 -0.141493 0.166287 0.975873 -1.06859
0.169896 -0.967702 0.186247 8.07196 0.973195 0.194485 0.122751 0.62254 -0.155009 0.1604 0.974805 -1.24997
-0.0537381 -0.97871 0.198087 8.1658 0.984502 -0.0187652 0.174366 1.52188 -0.166937 0.204387 0.964551 -1.41369
-0.157583 -0.960264 0.23035 8.17849 0.974957 -0.114221 0.190818 2.44207 -0.156925 0.254651 0.954216 -1.75618
-0.313034 -0.928675 0.198928 8.03413 0.928998 -0.255867 0.267384 3.49759 -0.197414 0.268504 0.942833 -1.95444
-0.405987 -0.874967 0.263833 7.70718 0.893321 -0.319066 0.316504 4.5648 -0.19275 0.364185 0.911162 -2.14065
-0.519068 -0.837731 0.169631 7.18664 0.836239 -0.456674 0.303569 5.50282 -0.176843 0.299425 0.937588 -2.51377
-0.637824 -0.756801 0.142944 6.57088 0.751429 -0.570774 0.331015 6.34042 -0.168924 0.318541 0.932736 -2.84459
-0.69795 -0.705478 0.123153 5.96906 0.692856 -0.621691 0.365311 7.3189 -0.181155 0.340296 0.922703 -3.12665
-0.767927 -0.613797 0.183143 5.07358 0.629307 -0.669662 0.394367 8.06637 -0.119417 0.418098 0.900519 -3.26017
-0.78446 -0.583817 0.209235 4.01724 0.617148 -0.701546 0.356316 8.75418 -0.0612349 0.408645 0.910637 -3.45332
-0.86185 -0.467155 0.197435 3.09755 0.506849 -0.807073 0.302882 9.47731 0.017852 0.361109 0.932353 -3.52018
-0.899534 -0.330184 0.286036 2.06048 0.414552 -0.851709 0.320528 10.0744 0.137786 0.406903 0.90302 -3.45684
-0.927735 -0.172819 0.330819 0.969199 0.278799 -0.910164 0.306386 10.631 0.248151 0.376477 0.892573 -3.20005
-0.95748 -0.118985 0.26282 -0.0753421 0.204294 -0.92287 0.326458 10.8351 0.203705 0.366269 0.907938 -2.7824
-0.951796 0.0316934 0.305089 -1.39127 0.0957231 -0.914281 0.393608 11.0801 0.291412 0.403839 0.867175 -2.40257
-0.965421 0.124232 0.229191 -2.46729 -0.0447505 -0.945076 0.323772 11.2179 0.256826 0.302319 0.917956 -2.14296
-0.935197 0.315697 0.160441 -3.56173 -0.251616 -0.911177 0.326259 11.2047 0.24919 0.264747 0.931565 -1.93281
-0.907264 0.398137 0.135495 -4.77602 -0.353452 -0.896429 0.267369 10.8796 0.227911 0.194683 0.95402 -1.59785
-0.820753 0.570684 0.0261639 -5.84019 -0.550595 -0.802413 0.230171 10.5282 0.152349 0.174507 0.972798 -1.36952
-0.810062 0.584514 -0.0462921 -6.85976 -0.582613 -0.793501 0.175835 9.86243 0.0660455 0.169408 0.983331 -1.12765
-0.692613 0.717107 -0.0777447 -7.8107 -0.718706 -0.676945 0.158767 9.10262 0.0612244 0.16584 0.98425 -1.05598
-0.630469 0.771116 -0.0888135 -8.73241 -0.770732 -0.608331 0.189489 8.00637 0.0920905 0.187919 0.977858 -1.10085
-0.521216 0.852354 -0.0427481 -9.46259 -0.843287 -0.506679 0.179287 7.13563 0.131156 0.129496 0.982868 -0.965755
-0.423854 0.897269 -0.123518 -10.1182 -0.892855 -0.391013 0.223424 5.99127 0.152175 0.204983 0.966863 -0.769174
-0.306861 0.940879 -0.143467 -10.7137 -0.94954 -0.292372 0.113549 4.83264 0.0648905 0.171071 0.983119 -0.530811
-0.128579 0.97128 -0.200205 -10.9521 -0.989226 -0.11137 0.095015 3.68579 0.0699895 0.210265 0.975136 -0.502775
-0.0315654 0.992592 -0.117327 -11.1329 -0.995816 -0.02116 0.0888976 2.31523 0.0857564 0.119642 0.989106 -0.411382
0.102827 0.980528 -0.167306 -11.0235 -0.994681 0.100351 -0.0232128 1.1918 -0.00597145 0.168803 0.985632 -0.233596
0.280579 0.956075 -0.0848311 -10.8945 -0.958807 0.275101 -0.0707755 -0.206283 -0.0443295 0.101195 0.993879 -0.423745
0.405522 0.908656 -0.0994783 -10.588 -0.912116 0.395104 -0.109259 -1.37306 -0.0599749 0.135043 0.989023 -0.567675
0.506162 0.854347 -0.117864 -10.0281 -0.862158 0.497765 -0.094416 -2.65171 -0.0219956 0.149407 0.988531 -0.603679
0.586507 0.803788 -0.0996698 -9.41272 -0.808498 0.58836 -0.0127737 -3.88433 0.0483744 0.0880747 0.994939 -0.643074
0.670664 0.72183 -0.170796 -8.64315 -0.735393 0.677147 -0.0258653 -4.97782 0.0969837 0.142949 0.984967 -0.563587
0.764531 0.629093 -0.140481 -7.69211 -0.639261 0.767947 -0.0400387 -6.00449 0.0826937 0.120415 0.989273 -0.353134
0.855346 0.506828 -0.10728 -6.66649 -0.508247 0.861068 0.0157177 -6.96131 0.100342 0.0410806 0.994105 -0.288787
0.888149 0.432503 -0.155346 -5.45322 -0.439898 0.897921 -0.0150767 -7.66546 0.132967 0.0817266 0.987745 -0.166768
0.937611 0.331746 -0.104066 -4.28119 -0.329221 0.943359 0.0410795 -8.3766 0.1118 -0.00425588 0.993722 0.0139904
0.956066 0.265141 -0.125054 -2.82564 -0.267066 0.963677 0.00142263 -8.85956 0.120889 0.0320376 0.992149 0.179842
0.985162 0.0914048 -0.145259 -1.61818 -0.0983184 0.994304 -0.0411363 -9.17976 0.140671 0.0548076 0.988538 0.329166
0.994902 0.00682795 -0.100619 -0.210958 -0.00953911 0.999604 -0.0264883 -9.20936 0.100399 0.0273131 0.994572 0.452744
0.991116 -0.132258 -0.0140075 1.27592 0.131753 0.990755 -0.0323502 -9.02386 0.0181565 0.0302173 0.999378 0.55632
0.964872 -0.232189 0.122924 2.69127 0.231601 0.97262 0.0192498 -8.8005 -0.124028 0.00989566 0.992229 0.531683
0.911862 -0.336268 0.235438 4.04498 0.339979 0.940076 0.0259239 -8.22793 -0.230047 0.056405 0.971544 0.267105
0.841962 -0.484587 0.237224 5.29153 0.501509 0.865056 -0.0128829 -7.75144 -0.198969 0.129817 0.97137 -0.0641676
0.778841 -0.591539 0.208538 6.46617 0.599189 0.799991 0.0314176 -6.97709 -0.185413 0.100484 0.97751 -0.258226
0.715633 -0.673635 0.184623 7.53335 0.682858 0.730332 0.0178823 -6.02384 -0.146882 0.113274 0.982647 -0.549658
0.611409 -0.777995 0.144575 8.47007 0.779651 0.623511 0.0581199 -5.12031 -0.135361 0.0771832 0.987785 -0.803391
0.424017 -0.882306 0.20432 9.39704 0.889806 0.447878 0.0874723 -4.06372 -0.168688 0.144715 0.974988 -1.08311
0.403483 -0.886658 0.225918 9.99814 0.897663 0.431407 0.0899386 -2.69059 -0.177207 0.166509 0.969986 -1.31876
0.276548 -0.930942 0.238471 10.5511 0.933774 0.318957 0.162274 -1.30207 -0.22713 0.177802 0.957496 -1.68372
0.141564 -0.951573 0.272888 11.0303 0.965205 0.193905 0.175445 0.0278781 -0.219863 0.238557 0.945913 -1.79409
-0.0276803 -0.956743 0.289616 11.1444 0.977354 0.0349024 0.208711 1.4364 -0.209791 0.288834 0.93411 -2.05872
-0.133828 -0.958552 0.251531 11.0375 0.961874 -0.0645524 0.265766 2.77783 -0.238514 0.277508 0.930645 -2.50344
-0.295379 -0.925083 0.23869 10.8873 0.913323 -0.20011 0.354678 4.20893 -0.280342 0.322766 0.904008 -2.90904
-0.412848 -0.867602 0.27717 10.3677 0.871749 -0.288253 0.396187 5.53416 -0.263837 0.405188 0.875336 -3.18454
-0.549308 -0.809656 0.206684 9.75273 0.812654 -0.460023 0.357732 6.86859 -0.19456 0.364468 0.910664 -3.5983
-0.630008 -0.739445 0.237298 8.96515 0.756151 -0.51445 0.404446 8.01336 -0.176988 0.434238 0.88324 -3.99131
-0.70474 -0.67225 0.226763 8.02394 0.700155 -0.607398 0.3753 9.13963 -0.11456 0.423258 0.898737 -4.34229
-0.835783 -0.504569 0.21651 6.88918 0.546601 -0.72735 0.414956 10.121 -0.0518956 0.465158 0.883705 -4.71861
-0.824913 -0.526653 0.205318 5.70618 0.560994 -0.718229 0.411623 11.066 -0.0693171 0.454735 0.887925 -4.74339
-0.8737 -0.405814 0.26826 4.38415 0.484828 -0.771603 0.41179 11.8906 0.0398799 0.489841 0.870899 -4.74429
-0.914645 -0.223964 0.336547 3.02805 0.358914 -0.832978 0.421104 12.6313 0.186024 0.505952 0.842263 -4.78307
-0.908642 -0.113399 0.401884 1.54429 0.298704 -0.84904 0.435784 13.2778 0.291798 0.516016 0.805345 -4.5106
-0.949444 0.00415835 0.313909 0.18361 0.145787 -0.879716 0.452599 13.7519 0.278032 0.475482 0.834635 -4.06332
-0.965399 0.0326474 0.258724 -1.43745 0.0908994 -0.887778 0.451206 13.8391 0.24442 0.459112 0.854093 -3.67544
-0.954137 0.148726 0.259815 -2.94143 -0.0134559 -0.888296 0.459073 14.047 0.299069 0.434523 0.849557 -3.29277
-0.957783 0.263395 0.115216 -4.52325 -0.189933 -0.880576 0.434178 13.9948 0.215817 0.393965 0.893428 -2.83089
-0.926419 0.373372 0.0483862 -5.9673 -0.321197 -0.850847 0.415802 13.5734 0.196418 0.369665 0.908167 -2.34071
-0.870252 0.487637 -0.0697908 -7.51892 -0.483587 -0.818713 0.3096 13.0437 0.0938339 0.30318 0.948302 -1.96014
-0.749181 0.631414 -0.200109 -8.64515 -0.661705 -0.699984 0.268642 12.2129 0.0295511 0.333674 0.942225 -1.80722
-0.698443 0.681473 -0.218568 -10.0067 -0.715107 -0.652477 0.25079 11.0804 0.0282963 0.331462 0.943044 -1.77396
-0.602571 0.783204 -0.153295 -11.0912 -0.795997 -0.575997 0.186056 9.92535 0.0574223 0.234134 0.970507 -1.72322
-0.557261 0.817251 -0.146837 -12.1685 -0.818519 -0.510942 0.262613 8.52858 0.139595 0.266533 0.953663 -1.54901
-0.430444 0.8875 -0.164507 -13.0471 -0.893656 -0.393415 0.215878 7.117 0.126873 0.239936 0.962462 -1.44381
-0.268889 0.945625 -0.183005 -13.5658 -0.959943 -0.247563 0.131234 5.7109 0.0787929 0.210962 0.974313 -1.17433
-0.0562273 0.974854 -0.215635 -13.9686 -0.998019 -0.0487708 0.0397501 4.0564 0.0282339 0.217443 0.975665 -1.0441
-0.0344995 0.97495 -0.219732 -14.1101 -0.998209 -0.0228611 0.0552914 2.3095 0.048883 0.221246 0.973992 -0.978594
0.123168 0.968406 -0.216841 -13.9808 -0.9923 0.123061 -0.0140526 0.826581 0.0130761 0.216902 0.976106 -0.95188
0.315447 0.927453 -0.200811 -13.907 -0.948689 0.303319 -0.0893718 -0.92151 -0.0219785 0.218699 0.975545 -0.885606
0.39943 0.899581 -0.176664 -13.316 -0.916704 0.389722 -0.0881464 -2.42856 -0.0104448 0.197157 0.980316 -1.0271
0.498188 0.851041 -0.165948 -12.6465 -0.867052 0.490173 -0.0891701 -4.10897 0.00545604 0.188309 0.982095 -1.11786
0.605566 0.774366 -0.183431 -11.7508 -0.792451 0.607892 -0.049887 -5.6597 0.0728757 0.17557 0.981766 -1.08621
0.635363 0.755785 -0.158439 -10.6806 -0.770227 0.634955 -0.0598563 -7.02771 0.0553634 0.160065 0.985553 -1.05723
0.75555 0.638255 -0.147564 -9.62329 -0.652217 0.75398 -0.0782802 -8.32848 0.0612973 0.155388 0.98595 -0.817853
0.802185 0.572964 -0.167963 -8.15579 -0.588351 0.806457 -0.0589133 -9.52008 0.1017 0.146081 0.984031 -0.547455
0.862386 0.469173 -0.190176 -6.74981 -0.49131 0.866228 -0.0909063 -10.3923 0.122085 0.171832 0.977532 -0.496651
0.954676 0.270289 -0.12465 -5.23676 -0.279394 0.958161 -0.0621777 -11.2617 0.102629 0.094186 0.990251 -0.248159
0.945598 0.27702 -0.170601 -3.67025 -0.292262 0.953671 -0.0713728 -11.8573 0.142926 0.11735 0.982752 -0.047863
0.990657 0.0639351 -0.12046 -1.94457 -0.0724846 0.99505 -0.0679798 -12.1318 0.115517 0.0760761 0.990388 0.102555
0.997659 0.0352714 -0.0585865 -0.176992 -0.0411932 0.993812 -0.103157 -12.2184 0.0545855 0.105329 0.992938 0.249497
0.990897 -0.130259 0.0339836 1.74043 0.133639 0.982231 -0.131766 -12.0057 -0.016216 0.135108 0.990698 0.315916
0.949043 -0.278655 0.147201 3.45123 0.284785 0.958341 -0.0219251 -11.7758 -0.134959 0.0627286 0.988864 0.287198
0.892664 -0.38754 0.23014 5.16736 0.420385 0.900029 -0.114994 -11.082 -0.162568 0.199398 0.96634 0.0193132
0.8562 -0.472319 0.209371 6.77156 0.495322 0.865659 -0.0727299 -10.3505 -0.146892 0.165977 0.975128 -0.436511
0.792978 -0.543983 0.274351 8.39289 0.577601 0.814498 -0.0544982 -9.37359 -0.193812 0.201681 0.960084 -0.593075
0.688137 -0.684534 0.240586 9.55892 0.704275 0.709906 0.00547353 -8.33534 -0.17454 0.165672 0.970612 -0.924253
0.630322 -0.735159 0.24947 10.8998 0.763789 0.644781 -0.0297288 -6.98866 -0.138998 0.209281 0.967926 -1.18542
0.495207 -0.82457 0.273596 12.0904 0.847777 0.52747 0.0552309 -5.45594 -0.189855 0.204597 0.960258 -1.46992
0.366196 -0.876098 0.313612 12.8234 0.905214 0.41348 0.0980915 -3.96414 -0.21561 0.247965 0.944471 -1.92084
0.231776 -0.92287 0.307558 13.386 0.956263 0.274152 0.101992 -2.28906 -0.178443 0.270467 0.946047 -2.26725
0.0931703 -0.959138 0.267158 13.8492 0.972636 0.145037 0.181502 -0.577372 -0.212833 0.242937 0.946406 -2.70342
-0.0714543 -0.947169 0.312675 14.0978 0.972107 0.00407658 0.2345 1.14015 -0.223386 0.32071 0.920458 -3.1152
-0.201809 -0.925381 0.320847 14.0019 0.958647 -0.11951 0.258287 2.95556 -0.20067 0.359703 0.911233 -3.40927
-0.297381 -0.903947 0.307319 13.5545 0.91593 -0.179241 0.35909 4.83318 -0.269514 0.388269 0.881254 -3.90467
-0.368008 -0.864996 0.341104 13.033 0.883864 -0.211522 0.417184 6.45861 -0.288711 0.455017 0.842381 -4.33485
-0.508374 -0.820797 0.260478 12.2074 0.831235 -0.388716 0.397428 8.11217 -0.224956 0.41856 0.879888 -4.86865
-0.621158 -0.744696 0.244111 11.2057 0.74049 -0.455734 0.493944 9.55153 -0.256589 0.48758 0.834523 -5.36325
-0.69313 -0.678636 0.242948 9.93777 0.695556 -0.54127 0.472471 10.8526 -0.189135 0.496468 0.8472 -5.83246
-0.784072 -0.592193 0.185846 8.44588 0.60189 -0.65236 0.460603 12.2434 -0.151528 0.473004 0.867932 -6.16475
-0.860137 -0.415269 0.296168 7.2229 0.509941 -0.712794 0.481545 13.3017 0.0111356 0.565223 0.824863 -6.44211
-0.868681 -0.394164 0.300047 5.56315 0.494467 -0.726537 0.477123 14.2562 0.0299305 0.562831 0.82603 -6.39112
-0.888373 -0.324998 0.324298 3.6785 0.449378 -0.760253 0.469121 15.2004 0.0940847 0.562487 0.821436 -6.3039
-0.922537 -0.235299 0.305876 2.04593 0.361791 -0.80315 0.473347 15.9178 0.134286 0.547344 0.826064 -6.0468
-0.962224 -0.070148 0.263066 0.226567 0.196735 -0.847069 0.49373 16.4415 0.188201 0.526833 0.828871 -5.61031
-0.961269 0.0842186 0.26243 -1.69406 0.0775129 -0.831129 0.550651 16.6207 0.264488 0.549665 0.79241 -5.0784
-0.942041 0.240331 0.234093 -3.4731 -0.0724908 -0.827076 0.557396 16.7002 0.327572 0.508121 0.796561 -4.80868
-0.941832 0.285642 0.177093 -5.33622 -0.133194 -0.801016 0.583637 16.5981 0.308566 0.5261 0.792468 -4.16089
-0.90379 0.427309 -0.0239034 -7.19208 -0.362631 -0.734936 0.573033 16.2915 0.227295 0.526569 0.819184 -3.52705
-0.84993 0.487259 -0.200492 -8.97549 -0.522066 -0.727386 0.445373 15.4813 0.0711766 0.483206 0.872609 -3.05074
-0.763115 0.596041 -0.249781 -10.5781 -0.641236 -0.650223 0.407464 14.3478 0.080452 0.471111 0.878398 -2.94825
-0.679274 0.69627 -0.231936 -12.0873 -0.72862 -0.60205 0.326571 12.9507 0.0877447 0.390825 0.916273 -2.81629
-0.590759 0.790785 -0.160197 -13.4322 -0.798649 -0.544882 0.255466 11.6435 0.114731 0.27886 0.953454 -2.71709
-0.527189 0.828186 -0.190208 -14.8073 -0.841535 -0.4778 0.252042 9.96834 0.117856 0.29294 0.948839 -2.45183
-0.384113 0.901745 -0.198274 -15.7576 -0.916008 -0.345283 0.204228 8.34081 0.115701 0.260067 0.958634 -2.13675
-0.237945 0.949824 -0.203018 -16.3963 -0.968119 -0.215088 0.128383 6.51412 0.0782744 0.227094 0.970722 -1.98004
-0.0927161 0.966931 -0.23759 -16.9191 -0.994734 -0.0794825 0.0647071 4.3464 0.0436831 0.242338 0.969208 -1.8265
-0.0215109 0.973776 -0.226492 -17.033 -0.999356 -0.0144369 0.0328431 2.31963 0.028712 0.227052 0.973459 -1.68167
0.118352 0.965633 -0.2314 -16.8718 -0.991764 0.126446 0.0204076 0.309732 0.0489658 0.227079 0.972645 -1.60284
0.247202 0.947065 -0.204841 -16.6234 -0.968961 0.242097 -0.0500294 -1.82568 0.00221022 0.21085 0.977516 -1.63472
0.372997 0.909133 -0.185337 -16.1655 -0.927832 0.365734 -0.0732588 -3.59907 0.00118221 0.199287 0.97994 -1.71069
0.479991 0.85421 -0.199835 -15.1407 -0.87723 0.465094 -0.118972 -5.64269 -0.00868479 0.232407 0.97258 -1.68365
0.554941 0.804885 -0.210239 -14.2875 -0.83132 0.545913 -0.104339 -7.34909 0.0307912 0.232678 0.972066 -1.72056
0.687576 0.683936 -0.243865 -13.056 -0.720274 0.684934 -0.109865 -8.95208 0.0918909 0.25119 0.963566 -1.75221
0.766723 0.584217 -0.266131 -11.6062 -0.623571 0.776289 -0.0923788 -10.4513 0.152625 0.23678 0.9595 -1.48433
0.8279 0.503416 -0.247292 -9.9689 -0.544932 0.82634 -0.142164 -11.8811 0.13278 0.252455 0.958455 -1.10507
0.867907 0.453764 -0.202078 -8.27325 -0.483689 0.864626 -0.135893 -13.0577 0.113059 0.215685 0.969896 -1.08978
0.923017 0.333479 -0.191915 -6.27817 -0.363692 0.918981 -0.152322 -14.1629 0.12557 0.210394 0.969519 -1.00908
0.947974 0.244077 -0.204384 -4.34331 -0.280895 0.943425 -0.176202 -14.7088 0.149814 0.224445 0.962902 -0.653993
0.984238 0.126168 -0.123925 -2.26199 -0.158951 0.938296 -0.307142 -15.2194 0.0775269 0.321999 0.943561 -0.201183
0.999608 -0.0279983 0.000904583 -0.158196 0.0277038 0.983279 -0.179986 -15.3651 0.00414984 0.179941 0.983669 -0.118248
0.97653 -0.202341 0.073801 2.05528 0.214142 0.948823 -0.232118 -15.0777 -0.0230571 0.242474 0.969884 -0.0866339
0.939524 -0.288002 0.185333 4.2931 0.321815 0.927534 -0.190042 -14.6594 -0.11717 0.238192 0.964124 -0.241362
0.905424 -0.368201 0.211268 6.38451 0.406039 0.896363 -0.17795 -13.8873 -0.123851 0.246903 0.961093 -0.634099
0.861986 -0.470384 0.188997 8.29859 0.494313 0.862597 -0.107614 -12.9161 -0.112408 0.186185 0.976063 -0.957627
0.795304 -0.558052 0.23679 10.03 0.593945 0.795487 -0.120125 -11.769 -0.121328 0.236176 0.964106 -1.35332
0.719644 -0.65069 0.242312 11.6444 0.671277 0.741199 -0.00325622 -10.4929 -0.177483 0.165002 0.970193 -1.54237
0.574266 -0.763049 0.296605 13.1875 0.807831 0.586922 -0.0541452 -9.09274 -0.132769 0.2707 0.953464 -1.80723
0.493659 -0.79172 0.359834 14.4897 0.853495 0.520464 -0.0257717 -7.08247 -0.166877 0.319839 0.93266 -2.20666
0.368838 -0.830863 0.416683 15.5966 0.900841 0.429985 0.0599823 -5.13571 -0.229005 0.353242 0.907071 -2.70969
0.286346 -0.880086 0.378754 16.2034 0.933573 0.345201 0.09632 -3.09621 -0.215516 0.326014 0.920472 -3.15014
0.153775 -0.876646 0.4559 16.7436 0.967854 0.226568 0.109208 -0.991737 -0.199029 0.424451 0.883306 -3.57642
-0.00703292 -0.919546 0.392919 16.9961 0.973251 0.0839382 0.21386 1.04141 -0.229635 0.383913 0.894359 -4.08666
-0.13249 -0.908148 0.397132 16.8528 0.965987 -0.0285372 0.257011 3.23419 -0.222071 0.417676 0.88104 -4.55098
-0.264879 -0.902369 0.339954 16.3713 0.913666 -0.122143 0.38768 5.20334 -0.308307 0.413293 0.856817 -5.09907
-0.463822 -0.796833 0.387203 15.7224 0.856287 -0.291108 0.426648 7.15448 -0.227249 0.529445 0.81734 -5.70541
-0.532434 -0.785845 0.314582 14.6706 0.813414 -0.372151 0.447058 9.08822 -0.234246 0.493914 0.837364 -6.37214
-0.655349 -0.684074 0.320251 13.3848 0.727312 -0.457114 0.511921 10.8021 -0.203801 0.568409 0.797105 -6.98642
-0.737728 -0.575667 0.352653 12.0416 0.667448 -0.543529 0.509009 12.4536 -0.101343 0.610888 0.785204 -7.43411
-0.758238 -0.576189 0.305092 10.3621 0.630919 -0.530481 0.566155 14.0843 -0.164367 0.621769 0.765759 -7.64201
-0.809896 -0.511763 0.28665 8.48768 0.575053 -0.596343 0.56008 15.3551 -0.115686 0.618445 0.777266 -8.03528
-0.899566 -0.359479 0.248106 6.70947 0.436228 -0.710711 0.551901 16.5198 -0.0220648 0.604702 0.796146 -8.15787
-0.929555 -0.259572 0.261821 4.61336 0.363871 -0.760281 0.538118 17.4873 0.0593773 0.595479 0.801173 -8.01031
-0.955262 -0.133702 0.263814 2.57302 0.26358 -0.789474 0.554306 18.3671 0.134163 0.599044 0.789396 -7.90026
-0.964484 -0.0198182 0.263397 0.437299 0.168765 -0.81334 0.556773 18.9901 0.203197 0.581451 0.787798 -7.46621
-0.974633 0.0879539 0.205803 -1.97311 0.0467579 -0.819234 0.57155 19.1514 0.218871 0.566674 0.79434 -6.96736
-0.965456 0.19767 0.169771 -4.10907 -0.0641357 -0.81177 0.580445 19.156 0.252551 0.549505 0.796406 -6.3445
-0.960487 0.263266 0.0903078 -6.49176 -0.166332 -0.803104 0.572151 19.0253 0.223154 0.534523 0.815161 -5.81173
-0.903427 0.42874 0.00117273 -8.44765 -0.358353 -0.756606 0.546928 18.5605 0.235377 0.493689 0.837179 -5.28424
-0.852071 0.517825 -0.0763646 -10.5149 -0.487578 -0.73216 0.475614 17.5325 0.190374 0.442491 0.876333 -4.74585
-0.797024 0.577623 -0.176364 -12.5417 -0.594712 -0.699754 0.395807 16.2957 0.105215 0.420353 0.90124 -4.33138
-0.709195 0.665126 -0.233771 -14.2946 -0.702529 -0.638914 0.313435 14.8914 0.0591146 0.386518 0.920385 -4.12745
-0.629358 0.75302 -0.192012 -15.8989 -0.764256 -0.55499 0.328479 13.2267 0.140786 0.353477 0.924788 -3.75129
-0.502718 0.83719 -0.215376 -17.3839 -0.849554 -0.432421 0.30211 11.3295 0.15979 0.33485 0.928624 -3.48718
-0.345409 0.879507 -0.327352 -18.5947 -0.935913 -0.297195 0.189055 9.34488 0.0689877 0.371674 0.925796 -2.93616
-0.21581 0.917694 -0.333561 -19.243 -0.972761 -0.172455 0.154905 7.08296 0.0846316 0.357905 0.929915 -2.83502
-0.120917 0.95464 -0.272107 -19.7062 -0.99029 -0.0970661 0.0995171 4.7186 0.0685907 0.281498 0.957107 -2.74786
-0.00363153 0.957295 -0.289089 -19.9045 -0.995159 0.0249331 0.0950652 2.32357 0.0982133 0.288035 0.95257 -2.60911
0.11745 0.962012 -0.246452 -19.8295 -0.991162 0.128968 0.0310683 -0.0835831 0.0616724 0.240625 0.968657 -2.46289
0.260525 0.937065 -0.232457 -19.4771 -0.96368 0.267034 -0.00358991 -2.48709 0.05871 0.22495 0.9726 -2.50561
0.411653 0.878331 -0.243056 -18.8483 -0.908419 0.416809 -0.0323276 -4.72114 0.0729134 0.234104 0.969474 -2.45104
0.447646 0.868157 -0.214281 -17.7125 -0.89405 0.439077 -0.0888077 -6.98453 0.0169868 0.231332 0.972727 -2.47811
0.594089 0.7641 -0.251415 -16.6857 -0.803006 0.581738 -0.12947 -9.05129 0.0473295 0.278804 0.959181 -2.5362
0.668806 0.691223 -0.273694 -15.1468 -0.740374 0.652655 -0.160898 -11.096 0.0674111 0.310245 0.948263 -2.42713
0.744291 0.607814 -0.276753 -13.4424 -0.658393 0.73729 -0.1514 -12.8424 0.112024 0.294898 0.948939 -2.30445
0.819985 0.5131 -0.25368 -11.5653 -0.560745 0.809032 -0.17616 -14.5102 0.114848 0.286698 0.951112 -2.00726
0.877611 0.411784 -0.245423 -9.52934 -0.461182 0.864963 -0.197864 -15.7362 0.130805 0.286832 0.949009 -1.97178
0.927564 0.270528 -0.257759 -7.2918 -0.328126 0.919724 -0.2155 -16.7969 0.178769 0.284468 0.94187 -1.67897
0.953535 0.21698 -0.209022 -4.95098 -0.262247 0.939284 -0.221299 -17.5249 0.148314 0.265832 0.952542 -1.3736
0.994664 0.0510699 -0.0896348 -2.53336 -0.0787937 0.93692 -0.340547 -18.1783 0.0665889 0.345793 0.935945 -1.02057
0.998302 -0.0566719 0.0134657 -0.133283 0.0579994 0.945678 -0.319888 -18.2862 0.00539442 0.320126 0.94736 -0.769344
0.983006 -0.144529 0.113183 2.58351 0.171587 0.942533 -0.286687 -18.0304 -0.0652441 0.301236 0.951315 -0.94852
0.970086 -0.177348 0.165773 5.017 0.22007 0.930715 -0.292128 -17.4591 -0.102479 0.319871 0.941903 -1.0958
0.920601 -0.347922 0.177326 7.49098 0.382514 0.894823 -0.230163 -16.741 -0.078597 0.279718 0.95686 -1.45636
0.843864 -0.487731 0.223633 9.6845 0.533048 0.809644 -0.245635 -15.6674 -0.0612597 0.326489 0.943214 -1.67544
0.778439 -0.579492 0.24129 11.6677 0.621563 0.76529 -0.167306 -14.2269 -0.0877043 0.280215 0.955922 -2.0056
0.710269 -0.641092 0.290722 13.7213 0.694987 0.704271 -0.144899 -12.6638 -0.111854 0.304965 0.945772 -2.25912
0.580978 -0.725466 0.369005 15.5207 0.80188 0.58787 -0.10676 -10.8838 -0.139476 0.357923 0.923276 -2.73578
0.498008 -0.756146 0.424536 16.9041 0.842441 0.537948 -0.0300901 -8.74206 -0.205626 0.372631 0.904911 -3.15582
0.395726 -0.774923 0.492844 18.0048 0.883658 0.46744 0.0254506 -6.45433 -0.250097 0.425434 0.869745 -3.79793
0.290163 -0.811556 0.507131 18.8542 0.940213 0.340517 0.00696767 -4.06392 -0.178341 0.474789 0.861841 -4.4153
0.167912 -0.835019 0.523974 19.4413 0.964415 0.249259 0.0881725 -1.59989 -0.204231 0.490523 0.847158 -4.85814
-0.000942024 -0.843222 0.537565 19.942 0.983402 0.0967524 0.153489 0.792336 -0.181436 0.528788 0.829135 -5.42995
-0.233391 -0.804385 0.546346 19.7397 0.942017 -0.0477233 0.332153 3.20155 -0.241106 0.592189 0.768882 -5.89481
-0.389146 -0.800031 0.456635 19.0668 0.873867 -0.163795 0.457743 5.5505 -0.291414 0.577167 0.762861 -6.54961
-0.374028 -0.789791 0.486142 17.8803 0.879083 -0.134905 0.457181 7.92274 -0.295494 0.598357 0.74475 -7.29786
-0.543811 -0.719531 0.431908 16.9303 0.790403 -0.266194 0.551728 10.1987 -0.282014 0.641417 0.713479 -7.98613
-0.613453 -0.682895 0.396649 15.4662 0.754432 -0.358269 0.549978 12.1474 -0.23347 0.63663 0.734979 -8.8097
-0.762325 -0.526298 0.376658 13.8792 0.640472 -0.529814 0.555962 14.0769 -0.0930428 0.665062 0.740969 -9.36295
-0.774779 -0.516772 0.364232 11.9797 0.628457 -0.566642 0.532877 15.7399 -0.0689863 0.641766 0.763791 -9.5691
-0.848832 -0.38454 0.362785 9.9829 0.528577 -0.629649 0.56934 17.3093 0.00949341 0.675034 0.737725 -9.93147
-0.893032 -0.321369 0.314985 7.6901 0.449253 -0.676844 0.583141 18.6089 0.025792 0.662272 0.74882 -9.89151
-0.922026 -0.26439 0.282784 5.31264 0.380664 -0.752115 0.537976 19.8257 0.0704504 0.603673 0.794113 -9.90911
-0.951671 -0.152654 0.266492 2.96492 0.285304 -0.76062 0.583146 20.7417 0.11368 0.630995 0.767413 -9.78409
-0.965725 0.021243 0.258698 0.430831 0.146569 -0.777924 0.611025 21.3911 0.214227 0.627999 0.748147 -9.30142
-0.971938 0.112477 0.206603 -2.23644 0.0386195 -0.790068 0.611802 21.6344 0.232044 0.602612 0.763554 -8.74125
-0.973108 0.170154 0.155268 -4.89852 -0.0361451 -0.778501 0.626602 21.5868 0.227495 0.60414 0.763715 -8.11437
-0.966716 0.249833 0.0551718 -7.34052 -0.163095 -0.767891 0.61947 21.4305 0.19713 0.589853 0.783079 -7.43293
-0.930861 0.36436 -0.0272038 -9.88912 -0.303604 -0.72992 0.612406 20.7831 0.20328 0.578324 0.790075 -6.82823
-0.88096 0.450794 -0.143857 -12.1315 -0.447665 -0.695483 0.56205 19.7618 0.153319 0.559543 0.814497 -6.22787
-0.806291 0.552112 -0.212288 -14.3733 -0.573858 -0.643068 0.507099 18.4573 0.14346 0.530693 0.835335 -5.7661
-0.699087 0.662393 -0.269283 -16.3959 -0.70058 -0.559179 0.44329 16.7941 0.143054 0.498552 0.854974 -5.32605
-0.587475 0.776818 -0.226775 -18.2642 -0.792611 -0.495824 0.354861 14.8017 0.163222 0.388216 0.906999 -5.0566
-0.44603 0.867563 -0.219981 -19.8345 -0.87674 -0.374101 0.302283 12.6089 0.179954 0.327693 0.927488 -4.60776
-0.396656 0.879094 -0.264307 -20.9872 -0.914106 -0.351879 0.201472 10.2063 0.0841087 0.321519 0.94316 -4.1212
-0.202203 0.928716 -0.310807 -21.9681 -0.97683 -0.168537 0.1319 7.6888 0.0701152 0.330277 0.941276 -3.95201
-0.148572 0.943735 -0.295451 -22.4499 -0.985037 -0.114843 0.128506 4.82905 0.0873449 0.310123 0.946676 -3.6861
-0.0213773 0.957859 -0.286442 -22.7754 -0.998467 -0.00582601 0.0550341 2.1915 0.0510461 0.28718 0.956516 -3.49928
0.093305 0.961773 -0.257461 -22.6894 -0.995493 0.0945184 -0.00768729 -0.444264 0.0169413 0.257018 0.966258 -3.35133
0.265369 0.927397 -0.263656 -22.285 -0.963685 0.263599 -0.0427489 -3.28801 0.0298544 0.265426 0.963669 -3.23951
0.325472 0.89976 -0.29069 -21.5009 -0.945104 0.319026 -0.0707225 -6.01026 0.0291044 0.297751 0.9542 -3.19797
0.442378 0.860821 -0.251574 -20.4429 -0.896762 0.428007 -0.112372 -8.46943 0.0109427 0.275313 0.961292 -3.25295
0.540381 0.78962 -0.290668 -19.0993 -0.840935 0.518556 -0.154688 -10.8005 0.0285831 0.328023 0.944237 -3.38123
0.716759 0.642919 -0.270021 -17.4533 -0.696465 0.679207 -0.231546 -13.0505 0.034535 0.354023 0.934599 -3.30607
0.686097 0.665558 -0.293774 -15.2738 -0.726432 0.648711 -0.226871 -14.9926 0.0395786 0.369062 0.928562 -3.36209
0.813691 0.514102 -0.271304 -13.1644 -0.574982 0.780423 -0.245632 -16.9175 0.0854521 0.355864 0.930623 -3.04722
0.873908 0.418345 -0.247533 -10.803 -0.477421 0.834449 -0.275253 -18.3616 0.0914024 0.358723 0.928958 -2.91296
0.930321 0.294102 -0.219105 -8.26444 -0.349875 0.890843 -0.289804 -19.5725 0.109956 0.34627 0.931669 -2.75288
0.976293 0.122294 -0.178596 -5.57903 -0.17281 0.937226 -0.302893 -20.4465 0.130343 0.326576 0.936141 -2.4155
0.995329 0.0758512 -0.0597204 -2.60924 -0.0925827 0.925269 -0.36784 -20.8675 0.0273563 0.371651 0.927969 -1.93814
0.997068 -0.0594669 0.0481639 0.121883 0.0730317 0.927434 -0.366786 -21.0437 -0.0228572 0.369228 0.929058 -1.85261
0.982336 -0.143118 0.12055 2.95716 0.176043 0.92523 -0.336092 -20.8399 -0.0634359 0.351378 0.934082 -1.98079
0.962735 -0.187127 0.195257 5.78942 0.242554 0.916766 -0.317344 -20.3359 -0.119621 0.352878 0.927991 -2.15432
0.923516 -0.320184 0.211187 8.46663 0.37232 0.880646 -0.292985 -19.5348 -0.0921719 0.349205 0.932502 -2.44727
0.813828 -0.493446 0.306912 11.0973 0.568007 0.78699 -0.240861 -18.3228 -0.122685 0.370348 0.920756 -2.50948
0.816803 -0.475798 0.326264 13.4299 0.554238 0.804162 -0.21481 -16.4632 -0.160163 0.356285 0.920548 -3.04353
0.652118 -0.660907 0.371407 15.7564 0.749823 0.634549 -0.187382 -14.8401 -0.111834 0.400685 0.909365 -3.35722
0.621531 -0.668256 0.408819 17.6357 0.765208 0.62966 -0.13411 -12.7223 -0.167797 0.396185 0.902708 -3.84962
0.432833 -0.771714 0.465954 19.2533 0.889376 0.449953 -0.0809437 -10.3243 -0.147192 0.449444 0.881099 -4.56908
0.391254 -0.756805 0.523609 20.4023 0.88956 0.456796 -0.00446621 -7.71285 -0.235802 0.467529 0.851947 -5.04168
0.290604 -0.774196 0.56229 21.2421 0.920763 0.386117 0.0557601 -5.10819 -0.260279 0.501531 0.825058 -5.75251
0.121903 -0.810518 0.572887 22.1288 0.964537 0.232881 0.124237 -2.45956 -0.234111 0.537426 0.810164 -6.4617
-0.0201905 -0.807693 0.589258 22.3989 0.974526 0.115775 0.192083 0.42573 -0.223365 0.578125 0.78478 -7.10469
-0.153919 -0.803289 0.575357 22.1495 0.94756 0.0450504 0.316387 3.27518 -0.28007 0.593883 0.75423 -7.75925
-0.406084 -0.732736 0.546071 21.6183 0.897043 -0.205593 0.391211 5.80258 -0.174386 0.648714 0.740783 -8.57721
-0.409896 -0.752747 0.515129 20.3919 0.875843 -0.167098 0.452745 8.37268 -0.254725 0.63675 0.72778 -9.23475
-0.472188 -0.739159 0.480294 18.9958 0.829803 -0.188878 0.525121 10.8669 -0.297431 0.646505 0.702543 -10.0192
-0.608028 -0.652737 0.451925 17.525 0.761594 -0.318785 0.564226 13.2835 -0.224224 0.687249 0.690951 -10.8477
-0.752602 -0.522523 0.400699 15.5643 0.646666 -0.471778 0.599373 15.5926 -0.124145 0.710208 0.69296 -11.3154
-0.754113 -0.526783 0.39219 13.4359 0.64493 -0.481241 0.593694 17.4795 -0.12401 0.700648 0.702648 -11.7797
-0.854336 -0.378325 0.356343 11.2866 0.518702 -0.577772 0.63018 19.1991 -0.0325282 0.723221 0.68985 -11.9157
-0.877435 -0.351805 0.326099 8.70324 0.479054 -0.607505 0.633597 20.6803 -0.0247961 0.71216 0.70158 -11.9619
-0.903581 -0.262819 0.338331 6.03012 0.42235 -0.6789 0.600596 22.0593 0.0718448 0.685581 0.724443 -11.867
-0.938357 -0.0937927 0.332699 3.31039 0.29193 -0.730431 0.617452 23.0096 0.185101 0.676516 0.712786 -11.8462
-0.957149 0.103764 0.270368 0.325303 0.0998876 -0.75802 0.644537 23.7853 0.271824 0.643924 0.715173 -11.2847
-0.974801 0.0817101 0.207572 -2.55127 0.0771405 -0.749623 0.657354 23.9673 0.209314 0.656802 0.72443 -10.5492
-0.971805 0.193251 0.135087 -5.31522 -0.0524445 -0.735737 0.675234 24.0177 0.229878 0.649111 0.725128 -9.97622
-0.943979 0.329562 0.0171172 -8.20618 -0.237093 -0.713368 0.659464 23.7924 0.229545 0.618462 0.751541 -9.31685
-0.891477 0.444308 -0.088654 -10.9308 -0.394514 -0.665048 0.63409 23.0125 0.222772 0.600252 0.768161 -8.60553
-0.849822 0.501585 -0.161909 -13.5862 -0.490765 -0.640994 0.590149 21.9689 0.192227 0.580981 0.790892 -8.01483
-0.778807 0.58049 -0.237677 -16.1353 -0.601925 -0.585013 0.543549 20.4574 0.176481 0.566383 0.805024 -7.43651
-0.66805 0.681962 -0.29772 -18.5118 -0.72613 -0.510015 0.461107 18.5362 0.162616 0.524226 0.835909 -6.92501
-0.602856 0.749063 -0.274718 -20.558 -0.774046 -0.465625 0.429006 16.2591 0.193436 0.471273 0.860514 -6.30426
-0.423636 0.859314 -0.286551 -22.4083 -0.876809 -0.309569 0.367931 13.8135 0.227461 0.40712 0.884599 -5.74636
-0.459434 0.835271 -0.302065 -23.6517 -0.879423 -0.380052 0.286662 11.1593 0.12464 0.397345 0.909166 -5.13709
-0.142046 0.923052 -0.357488 -24.8672 -0.981383 -0.0841627 0.172636 8.31187 0.129265 0.375355 0.917823 -4.96642
-0.170979 0.916514 -0.361619 -25.1675 -0.983732 -0.13827 0.114682 5.21353 0.055107 0.375345 0.925246 -4.66386
-0.0562347 0.936118 -0.34716 -25.6247 -0.997628 -0.0388578 0.0568204 2.15817 0.0397007 0.349532 0.936083 -4.54936
0.104942 0.937555 -0.331629 -25.7176 -0.99234 0.12058 0.0268715 -0.842587 0.0651811 0.326269 0.943027 -4.41213
0.253369 0.903668 -0.345236 -25.1626 -0.965114 0.260489 -0.0264592 -3.97616 0.0660199 0.339896 0.938143 -4.23422
0.413931 0.848166 -0.330569 -24.3337 -0.90997 0.395437 -0.124839 -6.9142 0.0248353 0.352482 0.935489 -4.21174
0.448109 0.845441 -0.290563 -22.98 -0.893694 0.415441 -0.16947 -9.80144 -0.0225649 0.335616 0.941729 -4.24358
