0.999998 -0.00116276 0.00141455 -0.000288078 0.00115866 0.999995 0.00289353 -0.000208033 -0.00141791 -0.00289188 0.999995 -0.00262872
0.97926 -0.200325 0.0303393 0.346477 0.198043 0.97801 0.0653851 -0.0874633 -0.0427703 -0.0580205 0.997399 0.04448
0.873768 -0.483396 0.0534665 0.552093 0.475185 0.871959 0.11784 0.0155905 -0.103584 -0.0775584 0.991592 -0.0466698
0.825687 -0.563298 0.0306034 0.668557 0.553405 0.819326 0.149826 0.00307061 -0.109471 -0.106773 0.988239 -0.265786
0.72836 -0.685097 -0.0115368 0.769018 0.67813 0.718336 0.155348 0.081862 -0.0981413 -0.120973 0.987792 -0.417417
0.692279 -0.720905 -0.0323387 1.03523 0.718604 0.684584 0.122284 0.216969 -0.0660167 -0.107894 0.991968 -0.505331
0.537387 -0.841748 -0.0517318 1.16499 0.841685 0.531489 0.0953195 0.344079 -0.0527401 -0.0947654 0.994102 -0.520689
0.415774 -0.905154 -0.0884818 1.4365 0.906956 0.405433 0.114255 0.445489 -0.0675451 -0.127753 0.989503 -0.619079
0.292043 -0.956404 0.00107391 1.68693 0.94994 0.2902 0.11575 0.692332 -0.111015 -0.0327837 0.993278 -0.454802
0.178705 -0.983848 0.0104253 1.87251 0.974415 0.17844 0.136656 0.914121 -0.136309 -0.0142625 0.990564 -0.517733
0.0682242 -0.997664 0.00333583 2.02446 0.989868 0.0681076 0.124588 1.29181 -0.124524 -0.00519788 0.992203 -0.673868
0.0666876 -0.99714 -0.0355579 2.0369 0.990984 0.0620413 0.118748 1.69425 -0.116202 -0.0431564 0.992288 -0.782489
-0.0032501 -0.998821 -0.0484436 2.03647 0.992043 -0.00931737 0.125551 2.26233 -0.125854 -0.0476501 0.990904 -0.870018
-0.228673 -0.972917 0.0337713 2.01011 0.963865 -0.221403 0.14814 2.34545 -0.136651 0.0664266 0.98839 -0.80797
-0.399951 -0.913767 -0.0712047 1.96872 0.901944 -0.406201 0.146618 2.75348 -0.162898 -0.00558286 0.986627 -0.835887
-0.519731 -0.854236 -0.0126562 1.74489 0.841018 -0.514182 0.168241 3.00426 -0.150226 0.0767962 0.985665 -0.993523
-0.57459 -0.818396 -0.00857216 1.69371 0.807554 -0.568619 0.156615 3.48178 -0.133048 0.0830673 0.987622 -1.07514
-0.598905 -0.800074 0.0345556 1.43421 0.79509 -0.588913 0.144957 3.8874 -0.0956257 0.11429 0.988834 -1.18614
-0.686704 -0.725905 0.0387255 1.00377 0.725964 -0.682056 0.0881735 4.20267 -0.0375926 0.0886624 0.995352 -1.14424
-0.797701 -0.596115 0.0912151 0.754706 0.601093 -0.798146 0.0406239 4.38541 0.0485864 0.0872344 0.995002 -1.15527
-0.863941 -0.47369 0.170951 0.485786 0.487413 -0.871888 0.0473344 4.70806 0.126628 0.124218 0.984142 -1.1488
-0.90722 -0.376899 0.186811 -0.0197604 0.399379 -0.911187 0.101166 4.80259 0.13209 0.166388 0.977173 -0.906326
-0.940677 -0.281547 0.189361 -0.374404 0.293997 -0.954942 0.0406361 5.07571 0.169388 0.0938971 0.981066 -0.891161
-0.971164 -0.152635 0.183145 -0.722649 0.1624 -0.985935 0.0394705 5.28875 0.174544 0.0680751 0.982293 -0.714968
-0.97902 -0.0889932 0.183303 -1.1386 0.104287 -0.991674 0.0755403 5.36737 0.175054 0.0930715 0.98015 -0.647101
-0.988078 0.0724662 0.135835 -1.61263 -0.0596678 -0.993588 0.0960367 5.38646 0.141923 0.0867868 0.986066 -0.509761
-0.976474 0.196703 0.0883569 -1.99823 -0.182991 -0.972654 0.143031 5.40854 0.114075 0.123497 0.985766 -0.405577
-0.930428 0.362403 0.0544787 -2.55049 -0.352835 -0.926024 0.134117 5.41017 0.0990531 0.105565 0.989467 -0.346513
-0.866878 0.494869 0.0602256 -2.91534 -0.49412 -0.868949 0.0277981 5.20164 0.0660894 -0.00566109 0.997798 -0.436218
-0.799285 0.600788 0.0140178 -3.18719 -0.600379 -0.799324 0.0250118 4.95188 0.0262315 0.0115756 0.999589 -0.324067
-0.660761 0.749251 -0.0449118 -3.56844 -0.75048 -0.658426 0.0570475 4.7067 0.0131718 0.0714003 0.997361 -0.394053
-0.580184 0.812369 -0.0586788 -3.91988 -0.814266 -0.576848 0.0649425 4.39552 0.0189086 0.0854587 0.996162 -0.338655
-0.506484 0.861996 -0.0208933 -4.1895 -0.861267 -0.504601 0.0599718 4.15352 0.0411527 0.0483694 0.997981 -0.324882
-0.44577 0.894535 -0.033125 -4.65871 -0.892755 -0.441569 0.0894769 3.55756 0.0654132 0.0694586 0.995438 -0.232609
-0.308724 0.951062 -0.0130407 -4.73007 -0.94384 -0.304626 0.127941 3.05714 0.117707 0.0518068 0.991696 -0.183412
-0.161361 0.986895 -0.00065386 -4.79251 -0.98021 -0.160191 0.116303 2.61829 0.114674 0.0194077 0.993214 -0.323816
-0.10268 0.994619 0.0137641 -4.91339 -0.991808 -0.103427 0.0749697 2.03105 0.0759899 -0.00595349 0.997091 -0.398126
0.0165192 0.999792 -0.0119486 -4.88602 -0.997559 0.0172909 0.0676583 1.62572 0.0678508 0.0108017 0.997637 -0.31362
0.228663 0.973478 0.00731545 -4.97404 -0.973207 0.228401 0.0264842 1.16238 0.024111 -0.0131754 0.999622 -0.382321
0.291692 0.955164 -0.050769 -4.76713 -0.955366 0.293529 0.0334038 0.503672 0.0468083 0.0387593 0.998152 -0.257932
0.335568 0.936468 -0.102087 -4.50484 -0.936095 0.343626 0.0751449 -0.139099 0.105451 0.0703471 0.991933 -0.271932
0.455859 0.885597 -0.0889399 -4.27501 -0.877422 0.463915 0.122123 -0.689178 0.149412 0.022367 0.988522 -0.242016
0.607905 0.789572 -0.0838286 -3.81726 -0.7739 0.612808 0.159827 -1.25334 0.177566 -0.0322847 0.983579 -0.252518
0.66272 0.745123 -0.074798 -3.35579 -0.723252 0.66275 0.194084 -1.56767 0.194189 -0.0745258 0.978129 -0.191407
0.805104 0.575952 -0.141728 -3.02157 -0.561189 0.817036 0.132359 -1.98583 0.19203 -0.0270266 0.981017 -0.193734
0.893021 0.437111 -0.106998 -2.775 -0.422804 0.896386 0.13315 -2.35964 0.154113 -0.0736666 0.985303 -0.355063
0.931441 0.341139 -0.126658 -2.31799 -0.328369 0.937951 0.111451 -2.66482 0.156819 -0.0622196 0.985666 -0.22252
0.972865 0.19264 -0.128152 -1.7905 -0.17364 0.973947 0.145866 -2.96697 0.152913 -0.119655 0.980969 -0.182086
0.991292 -0.017094 -0.130569 -1.18755 0.0392988 0.984757 0.169437 -3.08591 0.125682 -0.173093 0.976854 -0.0449284
0.98936 -0.114448 -0.08982 -0.652714 0.12344 0.987104 0.101921 -3.11079 0.076997 -0.111924 0.990729 0.0477797
0.989606 -0.140519 -0.0305639 0.127416 0.142997 0.984061 0.105712 -3.00932 0.0152222 -0.108984 0.993927 -0.0287465
0.918818 -0.392653 0.0399748 0.822407 0.387407 0.9166 0.0987935 -3.04156 -0.0754324 -0.0752868 0.994305 0.144251
0.903123 -0.421085 0.0839994 1.77864 0.418319 0.906975 0.0490427 -2.71768 -0.0968365 -0.00915309 0.995258 0.11044
0.852689 -0.518614 0.0629321 2.27073 0.508993 0.851861 0.123528 -2.49538 -0.117673 -0.0732992 0.990344 -0.0819179
0.785364 -0.618085 0.0342573 2.79049 0.609539 0.781788 0.131415 -2.13961 -0.108008 -0.0823278 0.990735 -0.135491
0.675854 -0.735318 0.0502892 3.30626 0.734409 0.677632 0.0382028 -1.82042 -0.0621687 0.0111133 0.998004 -0.256128
0.586952 -0.809593 0.00679981 3.81543 0.809068 0.586841 0.032027 -1.29137 -0.0299193 -0.0132968 0.999464 -0.400701
0.50665 -0.860155 0.0586458 4.29944 0.861056 0.508263 0.0158634 -0.731159 -0.0434524 0.0424601 0.998153 -0.326953
0.40426 -0.913479 0.0461562 4.59726 0.908979 0.406852 0.0907126 -0.189846 -0.101643 0.00528347 0.994807 -0.409101
0.290819 -0.955004 0.0582314 4.83039 0.946976 0.295995 0.12499 0.476435 -0.136602 0.0187943 0.990448 -0.54101
0.144539 -0.985762 0.0859206 5.13095 0.983166 0.15288 0.100061 1.15337 -0.111771 0.0700116 0.991265 -0.695433
0.00906824 -0.999702 0.0226466 5.11714 0.994793 0.0113181 0.101284 1.63239 -0.10151 0.0216102 0.9946 -0.822819
-0.0634769 -0.995689 0.0676378 5.08362 0.991743 -0.0553674 0.115676 2.43985 -0.111432 0.074422 0.990981 -0.874578
-0.119154 -0.989024 0.0873677 5.02412 0.983153 -0.105245 0.149445 3.1432 -0.13861 0.103703 0.984903 -1.05085
-0.289627 -0.954492 0.0711474 4.84388 0.944284 -0.272804 0.184135 3.78104 -0.156346 0.120514 0.980323 -1.08069
-0.315838 -0.945547 0.0786612 4.46326 0.937408 -0.298151 0.179923 4.56398 -0.146673 0.130564 0.98053 -1.24286
-0.461975 -0.882551 0.0876574 4.03338 0.878816 -0.442217 0.179239 5.11674 -0.119424 0.159839 0.979893 -1.37879
-0.636819 -0.759569 0.13235 3.80603 0.768427 -0.611216 0.189564 5.693 -0.0630925 0.222419 0.972908 -1.47481
-0.708207 -0.687035 0.162561 3.16774 0.706004 -0.688855 0.164429 6.27826 -0.000987497 0.231219 0.972901 -1.41026
-0.793922 -0.569954 0.211755 2.45534 0.601835 -0.786194 0.140332 6.76343 0.0864976 0.238854 0.967195 -1.53014
-0.857302 -0.466704 0.217303 1.85877 0.497309 -0.859895 0.115171 7.17988 0.133107 0.206803 0.969286 -1.59062
-0.90764 -0.374698 0.189186 1.1967 0.395346 -0.914557 0.0853649 7.57818 0.141035 0.152275 0.978224 -1.49663
-0.947294 -0.255998 0.192611 0.497099 0.278446 -0.955249 0.0998297 7.9818 0.158435 0.1482 0.976184 -1.34489
-0.963313 -0.190021 0.189528 -0.40526 0.215779 -0.968287 0.125933 8.27349 0.159588 0.162209 0.973766 -1.0397
-0.970382 0.111204 0.214459 -0.996689 -0.0855581 -0.988411 0.12539 8.38196 0.225917 0.103327 0.968651 -0.965606
-0.980535 0.107679 0.164184 -1.87796 -0.0876046 -0.988285 0.124969 8.43079 0.175717 0.108153 0.978482 -0.91386
-0.970617 0.225558 0.0838213 -2.6761 -0.213008 -0.967433 0.136749 8.40256 0.111936 0.114876 0.987053 -0.796891
-0.929091 0.365577 0.056064 -3.5911 -0.358491 -0.927428 0.106585 8.1672 0.0909604 0.0789289 0.992722 -0.527878
-0.886814 0.461271 0.0281115 -4.32579 -0.454152 -0.881149 0.131611 7.90273 0.0854787 0.103948 0.990903 -0.43848
-0.827372 0.561636 -0.00450676 -5.03749 -0.55987 -0.824078 0.0862619 7.51038 0.0447339 0.0738939 0.996262 -0.526567
-0.726667 0.683126 -0.0727596 -5.75251 -0.686509 -0.726036 0.0397204 6.89638 -0.0256921 0.0788136 0.996558 -0.608106
-0.637142 0.762952 -0.10934 -6.37392 -0.77064 -0.632966 0.0739401 6.20598 -0.012796 0.131372 0.991251 -0.653114
-0.489465 0.868663 -0.076474 -6.82196 -0.871555 -0.484444 0.0755354 5.70591 0.0285675 0.103623 0.994206 -0.606833
-0.339947 0.93445 -0.106016 -7.19762 -0.939853 -0.33357 0.0735329 4.98595 0.033349 0.124637 0.991642 -0.489721
-0.252214 0.960701 -0.115933 -7.54632 -0.966205 -0.243424 0.0848146 4.03654 0.0532605 0.133407 0.989629 -0.495105
-0.193615 0.976978 -0.0895906 -7.82964 -0.979615 -0.187535 0.0720017 3.13979 0.0535428 0.101705 0.993373 -0.412842
-0.0417166 0.990064 -0.134285 -7.97694 -0.995876 -0.0303666 0.0854878 2.3182 0.0805606 0.137297 0.987248 -0.474264
0.0961888 0.985961 -0.136486 -8.04299 -0.995354 0.0958511 -0.00905928 1.55571 0.00415023 0.136723 0.990601 -0.304788
0.246557 0.963125 -0.107699 -7.81235 -0.969086 0.246057 -0.0181198 0.516353 0.00904854 0.108838 0.994018 -0.472172
0.302099 0.93984 -0.159491 -7.55587 -0.953175 0.300251 -0.0361466 -0.368765 0.0139155 0.162943 0.986537 -0.385153
0.395604 0.910491 -0.120432 -7.24168 -0.916031 0.400622 0.0197355 -1.21842 0.0662166 0.102512 0.992525 -0.399513
0.566203 0.814714 -0.125126 -6.90117 -0.815704 0.575651 0.0570353 -2.11534 0.118496 0.0697719 0.9905 -0.436886
0.602114 0.771474 -0.205639 -6.25905 -0.777538 0.625097 0.0684676 -3.10129 0.181366 0.118667 0.97623 -0.43647
0.695684 0.697852 -0.170374 -5.52533 -0.689485 0.715234 0.11424 -3.74556 0.20158 0.0379955 0.978735 -0.226079
0.764746 0.634052 -0.114637 -4.82596 -0.622163 0.772921 0.124528 -4.4369 0.167563 -0.0239089 0.985571 -0.257839
0.868796 0.475066 -0.139666 -4.11957 -0.470861 0.879891 0.0638976 -5.05991 0.153247 0.0102495 0.988135 -0.142718
0.929667 0.347472 -0.122401 -3.21841 -0.342744 0.937608 0.0584561 -5.49968 0.135076 -0.0123927 0.990758 -0.0863151
0.962021 0.236453 -0.136403 -2.16656 -0.228879 0.971007 0.0689929 -5.94616 0.148761 -0.0351529 0.988248 0.101192
0.988164 0.0714221 -0.135757 -1.21278 -0.0654874 0.996713 0.0476954 -6.07732 0.138717 -0.0382405 0.989593 0.137777
0.995805 -0.0297787 -0.0865231 -0.242532 0.0326508 0.998955 0.0319712 -6.14205 0.0854806 -0.0346621 0.995737 0.320308
0.983376 -0.170329 -0.0629218 0.826897 0.174037 0.982966 0.0590601 -5.98123 0.0517904 -0.069029 0.996269 0.360191
0.9554 -0.293222 0.035096 1.97186 0.286288 0.94879 0.133552 -5.7945 -0.0724593 -0.117548 0.99042 0.253318
0.898967 -0.410518 0.152749 2.92096 0.402523 0.911776 0.0814822 -5.52014 -0.172723 -0.0117649 0.9849 0.279904
0.868412 -0.470321 0.157033 3.8523 0.469907 0.88171 0.0421144 -5.13054 -0.158265 0.0372185 0.986695 -0.0421963
0.792816 -0.598597 0.114562 4.73618 0.599329 0.799871 0.0317969 -4.53028 -0.110668 0.0434511 0.992907 0.0241524
0.757608 -0.64856 0.0734877 5.53773 0.648234 0.760792 0.0314545 -3.83967 -0.0763089 0.023807 0.9968 -0.305323
0.664189 -0.744849 0.0636621 6.224 0.744609 0.666725 0.0321722 -3.10538 -0.0664085 0.026035 0.997453 -0.509885
0.524626 -0.84518 0.102173 6.84068 0.847279 0.530052 0.0341098 -2.28777 -0.0829857 0.0686738 0.994182 -0.610333
0.432389 -0.893407 0.121915 7.29026 0.897575 0.439363 0.0363248 -1.4158 -0.086018 0.0937217 0.991876 -0.762618
0.252071 -0.95624 0.14854 7.76624 0.965389 0.259109 0.0297802 -0.491049 -0.0669652 0.135893 0.988458 -0.861464
0.18006 -0.974813 0.1316 8.09598 0.980796 0.188117 0.0514975 0.647624 -0.0749567 0.1198 0.989964 -0.953623
-0.0421299 -0.989244 0.140075 8.1994 0.995023 -0.0288723 0.095367 1.55216 -0.0902969 0.143395 0.985538 -1.04426
-0.146143 -0.974501 0.170266 8.23164 0.985719 -0.12889 0.108373 2.49179 -0.0836639 0.183673 0.979421 -1.31276
-0.295112 -0.945105 0.140305 8.10194 0.948927 -0.272771 0.158533 3.55628 -0.11156 0.179924 0.977334 -1.43579
-0.383694 -0.895917 0.223857 7.79383 0.918612 -0.34549 0.191802 4.63804 -0.0944986 0.279231 0.955563 -1.51917
-0.494703 -0.857356 0.142161 7.30657 0.865751 -0.471914 0.166653 5.62269 -0.0757933 0.20552 0.975714 -1.78954
-0.613761 -0.780026 0.121889 6.721 0.785855 -0.588807 0.189045 6.51111 -0.0756906 0.211815 0.974374 -2.01681
-0.673843 -0.730535 0.110696 6.15172 0.733268 -0.642761 0.221758 7.53494 -0.0908509 0.2306 0.968798 -2.17154
-0.745445 -0.641339 0.181645 5.28235 0.665751 -0.702879 0.250472 8.32124 -0.0329636 0.307644 0.95093 -2.20968
-0.764697 -0.612125 0.20135 4.25166 0.644127 -0.735041 0.211695 9.0636 0.0184172 0.291578 0.95637 -2.31085
-0.850913 -0.496854 0.170539 3.354 0.52193 -0.8364 0.167402 9.81903 0.0594648 0.231455 0.971027 -2.28291
-0.902556 -0.362149 0.232894 2.32495 0.408161 -0.891849 0.194961 10.4268 0.137101 0.271021 0.952759 -2.17355
-0.946989 -0.201845 0.249942 1.21877 0.252923 -0.948119 0.192613 10.9618 0.198097 0.245618 0.948909 -1.91254
-0.974122 -0.144981 0.173395 0.134883 0.182092 -0.957876 0.222073 11.1188 0.133895 0.2479 0.959488 -1.56988
-0.977063 0.00109995 0.212949 -1.21692 0.0637383 -0.952633 0.297367 11.3236 0.20319 0.30412 0.930712 -1.29349
-0.985709 0.104667 0.131995 -2.31812 -0.0717853 -0.969833 0.232962 11.4344 0.152397 0.220157 0.963486 -1.12902
-0.952474 0.299266 0.0568568 -3.42943 -0.278209 -0.930628 0.237764 11.3989 0.124067 0.210646 0.969657 -1.03735
-0.920992 0.388622 0.0273254 -4.66748 -0.377443 -0.907471 0.184479 11.0378 0.0964896 0.15959 0.982456 -0.86766
-0.824984 0.560017 -0.0760456 -5.74407 -0.564757 -0.811845 0.14818 10.661 0.0212459 0.165193 0.986032 -0.794013
-0.80425 0.574543 -0.151928 -6.77327 -0.59036 -0.801738 0.0932318 9.97322 -0.0682407 0.164674 0.983985 -0.715787
-0.683994 0.705042 -0.187264 -7.71462 -0.725726 -0.6837 0.0766599 9.2036 -0.0739841 0.188337 0.979314 -0.809831
-0.623755 0.754576 -0.203824 -8.60906 -0.780284 -0.616384 0.105964 8.10971 -0.0456755 0.225136 0.973256 -1.04432
-0.522497 0.838679 -0.15367 -9.33448 -0.852538 -0.511073 0.109467 7.22743 0.013271 0.188205 0.98204 -1.07123
-0.432084 0.872874 -0.226703 -9.99427 -0.899718 -0.40002 0.174618 6.0729 0.0617341 0.279418 0.958183 -1.02723
-0.308058 0.918901 -0.246417 -10.6039 -0.951352 -0.299028 0.0742432 4.9077 -0.00546354 0.257301 0.966316 -0.912335
-0.134936 0.944162 -0.300585 -10.8376 -0.990453 -0.119887 0.0680497 3.76307 0.0282136 0.306897 0.951324 -0.954572
-0.0463601 0.975807 -0.213663 -11.0259 -0.995891 -0.0284922 0.0859615 2.39432 0.0777941 0.21677 0.973118 -0.922902
0.0933811 0.960723 -0.261328 -10.9421 -0.995592 0.0924101 -0.0160299 1.27226 0.00874898 0.261673 0.965117 -0.73314
0.274167 0.944875 -0.179008 -10.8082 -0.96163 0.267418 -0.061285 -0.126052 -0.0100367 0.188942 0.981937 -0.899494
0.3989 0.894752 -0.200741 -10.4993 -0.916974 0.387744 -0.0938834 -1.29559 -0.00616608 0.221525 0.975135 -1.00215
0.494959 0.84276 -0.21159 -9.952 -0.86794 0.491059 -0.0744378 -2.58011 0.0411698 0.220491 0.97452 -0.963336
0.570422 0.801428 -0.179808 -9.35168 -0.81375 0.58115 0.00872392 -3.82173 0.111487 0.141343 0.983663 -0.919727
0.657026 0.718341 -0.228698 -8.60475 -0.739758 0.672764 -0.0120956 -4.92404 0.145171 0.177128 0.973422 -0.753191
0.755662 0.627917 -0.186267 -7.67585 -0.644028 0.764113 -0.036871 -5.95774 0.119177 0.147823 0.981807 -0.477243
0.85002 0.510086 -0.131446 -6.65834 -0.513817 0.857876 0.00635815 -6.92241 0.116008 0.0621347 0.991303 -0.362342
0.886639 0.43596 -0.154307 -5.45062 -0.444456 0.895484 -0.0238246 -7.63639 0.127793 0.0897064 0.987736 -0.216089
0.937814 0.33343 -0.096593 -4.27733 -0.333204 0.942664 0.0189364 -8.35499 0.0973687 0.0144264 0.995144 -0.0456512
0.957819 0.266447 -0.10765 -2.81936 -0.270345 0.962486 -0.0231321 -8.84641 0.0974486 0.0512591 0.99392 0.0994944
0.986938 0.0918414 -0.13236 -1.60936 -0.103019 0.991439 -0.0802216 -9.17406 0.123859 0.0928093 0.98795 0.217004
0.995169 0.00757093 -0.0978797 -0.201551 -0.0147905 0.997204 -0.0732456 -9.21005 0.0970515 0.0743395 0.992499 0.32031
0.99129 -0.130101 -0.0204233 1.28472 0.127969 0.988219 -0.0839444 -9.0311 0.031104 0.0805997 0.996261 0.431607
0.966661 -0.229131 0.114301 2.69922 0.234148 0.971661 -0.0324068 -8.81018 -0.103636 0.0580897 0.992917 0.427818
0.912222 -0.334897 0.235999 4.0558 0.34782 0.937454 -0.0141475 -8.22873 -0.2165 0.0949909 0.97165 0.203949
0.841916 -0.48464 0.23728 5.30251 0.508319 0.859865 -0.0473583 -7.74164 -0.181077 0.160486 0.970286 -0.110906
0.77929 -0.591799 0.206111 6.47697 0.605356 0.795947 -0.00343237 -6.96223 -0.162022 0.127445 0.978523 -0.277406
0.716634 -0.674619 0.176989 7.54382 0.687816 0.725633 -0.0191335 -6.00054 -0.115521 0.135447 0.984027 -0.537171
0.613393 -0.778403 0.133557 8.48243 0.783888 0.620665 0.0171895 -5.0914 -0.0962742 0.0941494 0.990892 -0.75074
0.428975 -0.883424 0.18853 9.41375 0.896354 0.442157 0.032348 -4.02968 -0.111937 0.155113 0.981535 -0.980005
0.413661 -0.886647 0.206741 10.0225 0.904595 0.425943 0.016761 -2.65273 -0.102921 0.180083 0.978252 -1.13353
0.290217 -0.933844 0.209069 10.5921 0.946337 0.312526 0.0823068 -1.25127 -0.142201 0.173963 0.974431 -1.38677
0.155951 -0.959295 0.235442 11.0796 0.978622 0.182409 0.0950004 0.0756802 -0.13408 0.215594 0.967234 -1.37355
-0.0100384 -0.967758 0.251681 11.21 0.992761 0.0204805 0.118348 1.49845 -0.119687 0.251047 0.960547 -1.5149
-0.117804 -0.970528 0.210234 11.1317 0.979494 -0.0787183 0.185459 2.8747 -0.163444 0.22777 0.959899 -1.84219
-0.275351 -0.938068 0.210263 11.0106 0.939932 -0.216796 0.263679 4.33153 -0.201765 0.270238 0.941415 -2.12997
-0.388716 -0.884249 0.25885 10.5165 0.904457 -0.312653 0.290183 5.67833 -0.175663 0.346918 0.921298 -2.30322
-0.522685 -0.830691 0.191712 9.93734 0.846807 -0.479878 0.229423 7.05754 -0.0985816 0.282259 0.95426 -2.58717
-0.605646 -0.76485 0.219538 9.18926 0.790762 -0.547709 0.273331 8.26225 -0.0888144 0.339144 0.936532 -2.84432
-0.68261 -0.700603 0.207844 8.28416 0.730029 -0.640833 0.237465 9.44914 -0.0331756 0.313829 0.9489 -3.06183
-0.815486 -0.539799 0.208805 7.18541 0.578461 -0.77207 0.26323 10.5056 0.0191206 0.335446 0.941866 -3.32491
-0.80523 -0.560887 0.192382 6.03507 0.592961 -0.761031 0.263113 11.4859 -0.00116804 0.325941 0.945389 -3.22125
-0.86269 -0.442372 0.245099 4.73748 0.499122 -0.822848 0.271657 12.3452 0.0815061 0.35669 0.93066 -3.12364
-0.922578 -0.266316 0.279151 3.39796 0.34511 -0.893117 0.288516 13.1215 0.172478 0.362516 0.915879 -3.09573
-0.93717 -0.157515 0.311289 1.89806 0.25985 -0.910533 0.321571 13.7458 0.232787 0.382255 0.894254 -2.83873
-0.975321 -0.0344068 0.218095 0.4876 0.110313 -0.931596 0.346352 14.1582 0.19126 0.361863 0.912401 -2.48214
-0.988395 -0.00450085 0.15184 -1.16762 0.058493 -0.933764 0.353077 14.2008 0.140194 0.357862 0.923191 -2.26296
-0.981904 0.11244 0.152387 -2.70904 -0.0487923 -0.927703 0.370118 14.3614 0.182985 0.355985 0.916401 -2.03917
-0.972949 0.231019 0.000254576 -4.3316 -0.216103 -0.910517 0.352503 14.2572 0.0816666 0.342912 0.935811 -1.77086
-0.937493 0.342598 -0.0611071 -5.81399 -0.342378 -0.876558 0.338266 13.7815 0.0623252 0.338044 0.939064 -1.50162
-0.868364 0.462479 -0.179042 -7.38728 -0.494242 -0.836781 0.235631 13.2125 -0.0408447 0.293103 0.955208 -1.34477
-0.737027 0.60046 -0.310225 -8.50829 -0.666811 -0.720903 0.188844 12.3623 -0.110249 0.346044 0.931718 -1.3878
-0.684178 0.649621 -0.331501 -9.8483 -0.720074 -0.673823 0.165698 11.2191 -0.115732 0.352072 0.92879 -1.60154
-0.589547 0.759653 -0.274521 -10.9127 -0.80313 -0.58753 0.098949 10.0561 -0.0861227 0.278811 0.956476 -1.77301
-0.558185 0.785692 -0.266678 -11.9757 -0.829576 -0.522558 0.196817 8.6471 0.0152832 0.33109 0.943475 -1.8526
-0.433946 0.855079 -0.283781 -12.8425 -0.900457 -0.401333 0.167657 7.22925 0.0294688 0.328287 0.944118 -1.95022
-0.271067 0.914457 -0.300483 -13.3773 -0.962504 -0.25412 0.0949196 5.8115 0.0104414 0.314946 0.949052 -1.81425
-0.0601146 0.940186 -0.335316 -13.7825 -0.998189 -0.0559279 0.0221376 4.15645 0.00205987 0.33604 0.941846 -1.79498
-0.0481165 0.939191 -0.340007 -13.9335 -0.997851 -0.0300368 0.0582421 2.41143 0.0444878 0.342079 0.938617 -1.77865
0.110982 0.936991 -0.331256 -13.8192 -0.99324 0.115983 -0.00469908 0.929598 0.0340171 0.329538 0.943529 -1.7316
0.306662 0.89994 -0.309947 -13.7682 -0.951643 0.29614 -0.0817076 -0.817642 0.0182558 0.320015 0.947236 -1.64373
0.383768 0.875878 -0.292507 -13.1773 -0.921833 0.381993 -0.0656082 -2.32938 0.0542709 0.294821 0.95401 -1.71715
0.478207 0.836756 -0.266754 -12.5278 -0.874001 0.483242 -0.050973 -4.01799 0.0862551 0.257519 0.962416 -1.69488
0.582532 0.768336 -0.265173 -11.6684 -0.798575 0.601803 -0.0105935 -5.57984 0.151442 0.217931 0.964143 -1.51675
0.62205 0.756247 -0.202838 -10.6275 -0.775986 0.629991 -0.0309277 -6.96344 0.104397 0.176638 0.978724 -1.34703
0.746351 0.64142 -0.177595 -9.60046 -0.658245 0.750825 -0.0545471 -8.27191 0.0983549 0.157612 0.982591 -1.02777
0.794275 0.578238 -0.186461 -8.1551 -0.593801 0.803767 -0.0368596 -9.47189 0.128558 0.139998 0.981771 -0.682959
0.861951 0.474338 -0.179009 -6.7569 -0.494433 0.86456 -0.0898483 -10.3558 0.112145 0.165953 0.979736 -0.581203
0.956553 0.273671 -0.10055 -5.23961 -0.281062 0.957246 -0.0684333 -11.2308 0.077523 0.0937209 0.992576 -0.352993
0.951118 0.278414 -0.13364 -3.66729 -0.292448 0.951032 -0.100057 -11.8346 0.0992384 0.134249 0.985966 -0.192613
0.993338 0.0624037 -0.096874 -1.93786 -0.0737361 0.990249 -0.118191 -12.114 0.0885538 0.124547 0.988254 -0.122558
0.998082 0.0365051 -0.0499993 -0.16999 -0.0442158 0.985633 -0.163009 -12.2081 0.0433303 0.164907 0.985357 -0.0242874
0.991304 -0.128187 0.0297295 1.74362 0.131515 0.972731 -0.191046 -12.0003 -0.00442918 0.193294 0.981131 0.0385731
0.952556 -0.274163 0.132178 3.45077 0.286488 0.954285 -0.0852392 -11.7731 -0.102766 0.119062 0.987554 0.033071
0.894302 -0.388493 0.222029 5.17381 0.425768 0.891429 -0.155165 -11.0725 -0.137643 0.233297 0.962615 -0.162498
0.856156 -0.473492 0.206887 6.78227 0.50081 0.858965 -0.106622 -10.3239 -0.127224 0.194896 0.972538 -0.575803
0.793912 -0.544184 0.271235 8.40301 0.584469 0.80599 -0.0936814 -9.34415 -0.167633 0.232903 0.957943 -0.697129
0.688653 -0.685561 0.236142 9.57188 0.710091 0.703541 -0.0283122 -8.29452 -0.146726 0.18718 0.971306 -0.981587
0.631734 -0.737598 0.238458 10.9145 0.768363 0.636534 -0.0666579 -6.94291 -0.10262 0.225333 0.968862 -1.18659
0.500051 -0.824236 0.265676 12.109 0.854917 0.518765 0.000310427 -5.40687 -0.138079 0.226976 0.964062 -1.4035
0.380871 -0.87333 0.303696 12.8528 0.915516 0.402193 0.00840971 -3.90411 -0.129489 0.274836 0.952732 -1.76942
0.247788 -0.926468 0.283297 13.4398 0.965289 0.261019 0.00931397 -2.21828 -0.082575 0.271156 0.958987 -1.96062
0.109296 -0.967616 0.227538 13.9274 0.986445 0.13377 0.0950338 -0.480599 -0.122394 0.214067 0.969121 -2.22075
-0.0549533 -0.962601 0.265291 14.1997 0.989054 -0.0160381 0.146682 1.26363 -0.136941 0.270448 0.952945 -2.46926
-0.190276 -0.943608 0.270921 14.129 0.972666 -0.143785 0.182335 3.09952 -0.133098 0.29821 0.945175 -2.60031
-0.280385 -0.919412 0.275801 13.7149 0.938879 -0.202899 0.278098 5.00968 -0.199727 0.336919 0.920106 -2.97016
-0.342013 -0.880018 0.32954 13.2326 0.918969 -0.23998 0.312899 6.66731 -0.196274 0.409852 0.890785 -3.27379
-0.475905 -0.839006 0.263787 12.4576 0.87175 -0.410275 0.267819 8.38325 -0.116477 0.357412 0.926655 -3.62945
-0.593209 -0.767411 0.243277 11.5082 0.788393 -0.492624 0.368453 9.90345 -0.162911 0.410368 0.89725 -3.93272
-0.666396 -0.708387 0.232603 10.2853 0.738964 -0.585981 0.332504 11.2942 -0.0992406 0.393465 0.913968 -4.23888
-0.757218 -0.625917 0.186679 8.84538 0.649905 -0.693501 0.310935 12.768 -0.0651576 0.356769 0.931918 -4.3911
-0.843845 -0.457389 0.280571 7.66809 0.532126 -0.7806 0.327881 13.9038 0.0690445 0.42598 0.902094 -4.51966
-0.856088 -0.440554 0.270233 6.03798 0.51095 -0.800086 0.314312 14.8945 0.0777383 0.407154 0.910045 -4.36609
-0.891165 -0.381222 0.245958 4.17513 0.444238 -0.84328 0.302541 15.8702 0.0920758 0.378878 0.920855 -4.19114
-0.937451 -0.291401 0.190451 2.52625 0.338882 -0.889086 0.30771 16.5615 0.0796603 0.353004 0.932225 -3.95327
-0.981816 -0.122291 0.145194 0.657046 0.166004 -0.924104 0.344201 17.0121 0.0920816 0.362045 0.927601 -3.66858
-0.989045 0.0302579 0.144482 -1.3138 0.0348644 -0.903195 0.427812 17.1177 0.14344 0.428163 0.892245 -3.36872
-0.974445 0.192035 0.116531 -3.10847 -0.118103 -0.879289 0.461414 17.1562 0.191071 0.43586 0.879499 -3.3326
-0.969949 0.234171 0.0660572 -5.03043 -0.171343 -0.850157 0.49787 16.9661 0.172746 0.47159 0.864732 -2.95309
-0.918604 0.373664 -0.128617 -6.93966 -0.385504 -0.775738 0.499617 16.581 0.0869157 0.508533 0.856645 -2.59124
-0.844181 0.438726 -0.308023 -8.74967 -0.531616 -0.758995 0.375914 15.7241 -0.0688645 0.481089 0.873963 -2.39762
-0.757777 0.547151 -0.355527 -10.3318 -0.649864 -0.681886 0.33572 14.5733 -0.0587394 0.485445 0.872292 -2.56705
-0.670353 0.656334 -0.346199 -11.8231 -0.739752 -0.627727 0.242336 13.1576 -0.0582649 0.418552 0.906322 -2.71718
-0.580233 0.76079 -0.290736 -13.1463 -0.813499 -0.558622 0.161744 11.8342 -0.0393582 0.330362 0.943033 -2.89369
-0.523107 0.786671 -0.327885 -14.5036 -0.852118 -0.489952 0.183962 10.1252 -0.0159302 0.375628 0.926634 -2.97294
-0.38611 0.856333 -0.342946 -15.4614 -0.92227 -0.350975 0.161968 8.4747 0.0183329 0.378827 0.925286 -2.91138
-0.237469 0.90539 -0.351962 -16.0946 -0.97138 -0.219285 0.0912982 6.64041 0.00548049 0.363569 0.931551 -2.92852
-0.0995988 0.915557 -0.389661 -16.6131 -0.994862 -0.0844932 0.0557633 4.46982 0.0181307 0.393213 0.919268 -2.93915
-0.0362168 0.928293 -0.370082 -16.7482 -0.998788 -0.0212688 0.0443936 2.44505 0.0333391 0.371241 0.927938 -2.83539
0.0995358 0.923429 -0.370638 -16.6184 -0.992361 0.119409 0.0310023 0.435537 0.072886 0.36472 0.92826 -2.71568
0.233241 0.90971 -0.34355 -16.3888 -0.971388 0.234234 -0.0392438 -1.70031 0.0447705 0.342873 0.938314 -2.69406
0.348742 0.878607 -0.326234 -15.9441 -0.933418 0.356923 -0.0365622 -3.47594 0.0843166 0.317264 0.944582 -2.70049
0.45367 0.829932 -0.324649 -14.9809 -0.886055 0.459044 -0.0646901 -5.53086 0.09534 0.317005 0.94362 -2.4624
0.525026 0.794197 -0.305939 -14.1752 -0.839638 0.542103 -0.0336519 -7.2499 0.139124 0.274546 0.951456 -2.30142
0.669203 0.685799 -0.286089 -12.9935 -0.727148 0.683672 -0.0620371 -8.87713 0.153046 0.249544 0.956193 -2.09942
0.750746 0.589126 -0.298851 -11.5899 -0.629145 0.775574 -0.0515872 -10.3932 0.20139 0.22675 0.952904 -1.70519
0.821527 0.508585 -0.25775 -9.988 -0.548731 0.828035 -0.115114 -11.8302 0.154881 0.236005 0.95933 -1.21768
0.870586 0.458953 -0.177319 -8.29887 -0.482212 0.867487 -0.122221 -13.0167 0.097728 0.191909 0.976535 -1.15331
0.929933 0.340602 -0.138615 -6.29872 -0.360181 0.919636 -0.156652 -14.1197 0.0741198 0.195602 0.977878 -1.10504
0.957707 0.253133 -0.136825 -4.34682 -0.277524 0.938192 -0.206827 -14.6645 0.0760131 0.236051 0.968763 -0.860453
0.986784 0.13719 -0.086238 -2.24845 -0.15893 0.923208 -0.349898 -15.1862 0.0316129 0.35898 0.93281 -0.571437
0.999658 -0.0247294 0.00851435 -0.155959 0.026057 0.969719 -0.242828 -15.3343 -0.00225154 0.242967 0.970032 -0.583666
0.977394 -0.20178 0.0631311 2.05024 0.211423 0.934293 -0.287047 -15.0489 -0.00106248 0.293906 0.955834 -0.551841
0.944413 -0.29086 0.15325 4.28301 0.320563 0.918152 -0.232889 -14.6262 -0.0729685 0.269069 0.960353 -0.659465
0.907069 -0.376059 0.189223 6.39059 0.410023 0.891072 -0.194605 -13.8448 -0.0954284 0.254106 0.962457 -0.932115
0.860457 -0.47598 0.181816 8.31091 0.499786 0.857878 -0.119412 -12.8624 -0.0991382 0.193618 0.976055 -1.18711
0.796078 -0.562568 0.22311 10.0429 0.598731 0.785838 -0.154854 -11.7109 -0.0882124 0.256858 0.962415 -1.55109
0.722246 -0.652726 0.228714 11.6567 0.675767 0.736405 -0.0323534 -10.422 -0.147308 0.177925 0.972956 -1.66179
0.572116 -0.766879 0.290826 13.2083 0.812667 0.577906 -0.0748099 -9.01653 -0.1107 0.279145 0.953847 -1.8644
0.49382 -0.800975 0.338497 14.5054 0.859517 0.508617 -0.0503906 -6.99456 -0.131804 0.315828 0.939617 -2.21638
0.389274 -0.846361 0.36351 15.6245 0.912049 0.40941 -0.0234607 -5.04202 -0.128968 0.340672 0.931295 -2.63486
0.307581 -0.896087 0.320035 16.2759 0.946637 0.32221 -0.00762238 -2.98593 -0.0962883 0.305302 0.947375 -2.85168
0.169932 -0.904793 0.390477 16.8507 0.981126 0.192439 0.0189326 -0.851059 -0.092273 0.37989 0.920418 -3.00506
0.00780261 -0.951612 0.307204 17.1369 0.989956 0.0507177 0.131962 1.22613 -0.141157 0.303089 0.94245 -3.29069
-0.125899 -0.940967 0.314213 17.0248 0.978793 -0.0662274 0.193852 3.45749 -0.161599 0.331955 0.92935 -3.56501
-0.2469 -0.929703 0.273301 16.5721 0.937195 -0.157383 0.311282 5.45767 -0.246387 0.332992 0.91017 -4.0164
-0.442376 -0.819967 0.36326 15.9788 0.884999 -0.333553 0.324836 7.44708 -0.145189 0.465184 0.873226 -4.50534
-0.499911 -0.807227 0.313806 14.9779 0.857809 -0.411549 0.307881 9.45569 -0.119383 0.423099 0.898184 -4.97415
-0.624558 -0.713786 0.316917 13.7544 0.774791 -0.515321 0.366257 11.2824 -0.098115 0.474293 0.874883 -5.33642
-0.711756 -0.616191 0.337213 12.4759 0.7023 -0.615146 0.358287 13.0353 -0.0133383 0.491837 0.870585 -5.53404
-0.726923 -0.618703 0.297976 10.8621 0.6837 -0.611405 0.39842 14.7391 -0.0643201 0.493347 0.867451 -5.52975
-0.780297 -0.560761 0.27692 9.05238 0.625 -0.683168 0.377698 16.1442 -0.0226154 0.467791 0.88355 -5.71888
-0.877991 -0.4168 0.235391 7.33761 0.476405 -0.808715 0.344989 17.3974 0.046573 0.415039 0.908611 -5.65689
-0.928191 -0.326747 0.178038 5.28205 0.3686 -0.872881 0.319706 18.4109 0.0509427 0.362373 0.93064 -5.35757
-0.970717 -0.207489 0.121063 3.24514 0.236156 -0.916593 0.322628 19.2997 0.0440235 0.34177 0.938752 -5.23528
-0.989682 -0.0880122 0.113062 1.05273 0.122306 -0.929983 0.346659 19.8283 0.0746351 0.35691 0.931152 -5.00328
-0.99793 0.0276781 0.058041 -1.40416 -0.00143358 -0.911974 0.410246 19.8993 0.0642867 0.409314 0.910126 -4.89079
-0.98917 0.14183 0.0377759 -3.60148 -0.108092 -0.878042 0.466217 19.7767 0.0992925 0.457085 0.883864 -4.64136
-0.976317 0.212291 -0.0416754 -6.02458 -0.206161 -0.854535 0.476727 19.5485 0.0655919 0.474029 0.878063 -4.47967
-0.917787 0.381307 -0.11078 -8.01349 -0.38666 -0.794758 0.467818 18.9907 0.0903387 0.472192 0.876855 -4.28754
-0.861062 0.475388 -0.180496 -10.1041 -0.505418 -0.76109 0.406563 17.8922 0.0559018 0.441302 0.895616 -4.10422
-0.795091 0.538984 -0.278079 -12.1458 -0.605617 -0.730176 0.316339 16.6103 -0.0325447 0.419928 0.906974 -4.01282
-0.695227 0.630769 -0.344659 -13.8903 -0.712124 -0.669586 0.211031 15.1809 -0.0976665 0.392154 0.9147 -4.11285
-0.612994 0.715446 -0.335223 -15.4914 -0.788967 -0.576885 0.211508 13.4716 -0.0420626 0.394133 0.918091 -4.09875
-0.497477 0.788327 -0.362018 -16.9275 -0.867467 -0.450056 0.212017 11.5275 0.00421027 0.419512 0.90774 -4.27333
-0.337838 0.814202 -0.472166 -18.1625 -0.940745 -0.307783 0.142369 9.49616 -0.0294074 0.492285 0.869937 -4.09251
-0.214161 0.848721 -0.483536 -18.7807 -0.976765 -0.18199 0.113179 7.22542 0.0080586 0.49654 0.867977 -4.18668
-0.132368 0.897181 -0.421361 -19.2258 -0.990266 -0.101244 0.0955142 4.86183 0.0430332 0.429903 0.901849 -4.28867
-0.029442 0.893351 -0.448393 -19.4474 -0.993928 0.0214163 0.107931 2.46881 0.106023 0.448848 0.887296 -4.1867
0.0950077 0.904588 -0.415566 -19.4202 -0.991536 0.1231 0.0412729 0.0642632 0.0884913 0.408127 0.908626 -3.99831
0.232207 0.888593 -0.395579 -19.0882 -0.965871 0.258644 0.0140246 -2.33992 0.114776 0.378822 0.918325 -3.96126
0.363347 0.838336 -0.406412 -18.5136 -0.913186 0.406897 0.022916 -4.57601 0.184579 0.362804 0.913402 -3.77818
0.400096 0.835564 -0.376504 -17.4733 -0.902306 0.43109 -0.00213987 -6.85993 0.160519 0.340578 0.926412 -3.50879
0.557577 0.745185 -0.365797 -16.5382 -0.809443 0.585804 -0.0404456 -8.94558 0.184146 0.318643 0.929815 -3.22593
0.642373 0.695164 -0.322652 -15.0807 -0.755492 0.645137 -0.114151 -11.0046 0.128802 0.317088 0.939609 -2.75928
0.730182 0.606593 -0.314452 -13.4498 -0.663771 0.738891 -0.115972 -12.7969 0.161998 0.293405 0.942163 -2.49677
0.814708 0.514192 -0.26806 -11.6076 -0.562742 0.812619 -0.151563 -14.4717 0.139898 0.274329 0.951405 -2.06745
0.885805 0.414399 -0.20886 -9.57834 -0.451153 0.87442 -0.17847 -15.705 0.108673 0.252317 0.961523 -1.96343
0.942268 0.279212 -0.184855 -7.32535 -0.317916 0.919304 -0.231969 -16.7416 0.105169 0.277346 0.954997 -1.72565
0.963588 0.238751 -0.120399 -4.96955 -0.262079 0.932596 -0.248151 -17.4498 0.0530373 0.270669 0.96121 -1.61356
0.996936 0.0715325 -0.0316562 -2.54368 -0.0781949 0.922366 -0.378322 -18.1149 0.00213625 0.379638 0.925133 -1.51642
0.99858 -0.0512001 0.0147097 -0.144918 0.0530305 0.929195 -0.365765 -18.225 0.00505904 0.366025 0.930591 -1.42362
0.985922 -0.150154 0.0735597 2.57307 0.165868 0.933819 -0.316969 -17.9587 -0.0210975 0.324708 0.945579 -1.58157
0.975069 -0.196473 0.103142 5.01741 0.21879 0.928785 -0.299147 -17.3967 -0.037023 0.314255 0.948616 -1.60784
0.919836 -0.364681 0.144605 7.51756 0.389297 0.894067 -0.221569 -16.6713 -0.0484843 0.260102 0.964363 -1.78147
0.842802 -0.491909 0.218426 9.71417 0.535007 0.809977 -0.240219 -15.5795 -0.0587537 0.319317 0.945825 -1.93082
0.774416 -0.590181 0.227961 11.6996 0.630545 0.749521 -0.201573 -14.1604 -0.0518973 0.299841 0.952577 -2.26913
0.716761 -0.634731 0.288739 13.7326 0.692375 0.697023 -0.186484 -12.5579 -0.0828908 0.33358 0.939071 -2.41254
0.583379 -0.723477 0.36912 15.55 0.805106 0.57505 -0.145336 -10.7711 -0.107115 0.381966 0.917948 -2.81971
0.511288 -0.765088 0.391438 16.9439 0.844647 0.531414 -0.0645805 -8.60421 -0.158606 0.363646 0.917935 -3.15407
0.4196 -0.791708 0.443998 18.0966 0.895217 0.441811 -0.0582154 -6.30221 -0.150074 0.421902 0.894134 -3.68978
0.303692 -0.848486 0.433409 19.0121 0.95182 0.290493 -0.0982463 -3.87205 -0.0425415 0.442364 0.895826 -4.04723
0.185088 -0.875875 0.445629 19.6252 0.979804 0.199394 -0.0150475 -1.36005 -0.0756758 0.439414 0.895091 -4.13506
0.0101384 -0.890022 0.455804 20.1772 0.99568 0.0510592 0.0775534 1.09602 -0.0922973 0.453049 0.886695 -4.37112
-0.228387 -0.855654 0.46443 20.0027 0.952372 -0.0973496 0.288983 3.55154 -0.202057 0.50831 0.837135 -4.64135
-0.368293 -0.845057 0.387606 19.3515 0.890678 -0.201172 0.407704 5.94319 -0.266558 0.495387 0.826764 -5.218
-0.362145 -0.809466 0.462185 18.2457 0.909534 -0.198374 0.365235 8.35975 -0.203959 0.552641 0.808077 -5.93589
-0.516314 -0.745321 0.421802 17.3172 0.842137 -0.352347 0.408237 10.7054 -0.155647 0.565993 0.809584 -6.37397
-0.577567 -0.708852 0.404902 15.9197 0.809247 -0.431898 0.398226 12.8095 -0.107407 0.557667 0.823086 -6.87373
-0.724462 -0.568454 0.38989 14.4217 0.689297 -0.601434 0.403915 14.8746 0.00488594 0.561371 0.82755 -7.09942
-0.741363 -0.559434 0.370696 12.6224 0.669254 -0.65729 0.34651 16.6562 0.0498051 0.504979 0.861693 -7.0646
-0.813852 -0.454763 0.361711 10.7002 0.570373 -0.744121 0.347791 18.3624 0.110994 0.489361 0.864989 -7.12083
-0.865448 -0.381083 0.325233 8.49864 0.4841 -0.803277 0.346976 19.7845 0.129026 0.457735 0.879677 -6.84536
-0.912693 -0.335297 0.233598 6.20156 0.391704 -0.880715 0.266288 21.1167 0.116447 0.33454 0.935159 -6.55416
-0.967879 -0.236159 0.0862548 3.86781 0.251179 -0.923209 0.290851 22.0688 0.0109442 0.303174 0.952872 -6.31554
-0.996406 -0.0693879 0.0485774 1.25392 0.0826155 -0.92266 0.376661 22.58 0.0186847 0.379321 0.925076 -6.162
-0.999002 0.0443584 0.0053121 -1.48095 -0.0380078 -0.906368 0.420776 22.6803 0.0234797 0.420154 0.907149 -6.19537
-0.994192 0.107618 0.00064246 -4.20514 -0.0951292 -0.881581 0.462348 22.4347 0.0503232 0.459601 0.886698 -6.1687
-0.977834 0.19608 -0.07344 -6.71629 -0.206698 -0.847984 0.488056 22.1103 0.0334223 0.492418 0.869717 -5.94166
-0.940636 0.313769 -0.12943 -9.29943 -0.335206 -0.7989 0.499396 21.3321 0.0532935 0.513135 0.856652 -5.79925
-0.886334 0.409342 -0.21645 -11.575 -0.462181 -0.753505 0.467568 20.225 0.0282995 0.51446 0.857047 -5.5871
-0.808917 0.508062 -0.295848 -13.8393 -0.587698 -0.684856 0.430794 18.8772 0.0162567 0.522346 0.852579 -5.4474
-0.691872 0.600984 -0.400166 -15.8772 -0.721674 -0.592791 0.357471 17.1695 -0.0223802 0.536113 0.843849 -5.33691
-0.568925 0.714357 -0.407453 -17.7044 -0.821772 -0.513017 0.248001 15.1367 -0.0318687 0.475928 0.878907 -5.53558
-0.446333 0.796795 -0.407314 -19.2152 -0.894812 -0.392344 0.213021 12.8594 0.00992705 0.459548 0.888098 -5.6207
-0.376221 0.80078 -0.466057 -20.3724 -0.92618 -0.338856 0.16543 10.4117 -0.0254534 0.493891 0.869151 -5.60974
-0.208898 0.836709 -0.506241 -21.2729 -0.977901 -0.183205 0.100727 7.85018 -0.00846658 0.516095 0.85649 -5.70213
-0.151855 0.864612 -0.478943 -21.8034 -0.987068 -0.107485 0.118925 4.99051 0.051345 0.490809 0.869753 -5.66595
-0.0305877 0.881244 -0.47167 -22.1225 -0.998206 -0.00263193 0.0598161 2.34823 0.0514712 0.472654 0.879744 -5.5585
0.077627 0.883669 -0.461631 -22.0721 -0.995733 0.0918913 0.00846052 -0.28039 0.0498961 0.459004 0.887032 -5.38391
0.234051 0.858687 -0.455935 -21.7304 -0.967067 0.253863 -0.0183219 -3.11615 0.100012 0.445208 0.889824 -5.15012
0.265517 0.835674 -0.480781 -21.0323 -0.953663 0.300852 -0.0037435 -5.83972 0.141515 0.459497 0.876833 -4.90493
0.374212 0.802166 -0.46529 -20.1198 -0.905889 0.423512 0.00157405 -8.32881 0.198318 0.420912 0.885157 -4.62446
0.52223 0.713857 -0.466566 -18.9084 -0.829493 0.552236 -0.0835228 -10.7001 0.198031 0.430632 0.880534 -4.20052
0.657422 0.640771 -0.396496 -17.3548 -0.748651 0.615175 -0.247148 -12.9049 0.0855495 0.459317 0.884143 -3.66654
0.683771 0.635528 -0.358554 -15.3012 -0.723011 0.656436 -0.215282 -14.9858 0.0985498 0.406443 0.908346 -3.55403
0.803445 0.49671 -0.32826 -13.2169 -0.581746 0.772257 -0.255326 -16.8969 0.126678 0.396104 0.909425 -3.06793
0.89462 0.398678 -0.201768 -10.8615 -0.442946 0.850667 -0.283132 -18.3533 0.0587591 0.342668 0.937617 -2.79024
0.94141 0.299227 -0.155598 -8.32451 -0.335898 0.873337 -0.352781 -19.4882 0.030328 0.384376 0.922678 -2.75716
0.980702 0.179688 -0.077046 -5.66623 -0.195313 0.918111 -0.344854 -20.3252 0.00877061 0.353247 0.935489 -2.66126
0.993894 0.110321 -0.00193383 -2.67241 -0.102764 0.919154 -0.380258 -20.7883 -0.0401728 0.378135 0.924878 -2.54428
0.997804 -0.0617987 0.0238352 0.0790476 0.0661471 0.911087 -0.406872 -20.967 0.00342825 0.407555 0.913174 -2.65204
0.986517 -0.156352 0.0483639 2.96346 0.163384 0.923656 -0.346648 -20.7359 0.00952748 0.349876 0.936748 -2.68051
0.966418 -0.231985 0.110537 5.84528 0.254366 0.924713 -0.283203 -20.282 -0.0365158 0.30181 0.952669 -2.63506
0.915114 -0.352746 0.195286 8.54521 0.3961 0.876987 -0.272028 -19.4446 -0.0753067 0.32629 0.942265 -2.70137
0.829495 -0.443276 0.339771 11.1381 0.537443 0.79903 -0.269641 -18.1872 -0.151961 0.406274 0.901027 -2.74362
0.77825 -0.529895 0.336953 13.5241 0.615812 0.749034 -0.244384 -16.406 -0.122892 0.397692 0.909252 -3.37647
0.688233 -0.596195 0.413385 15.7153 0.719781 0.632471 -0.286175 -14.6737 -0.0908374 0.494502 0.864417 -3.6008
0.630144 -0.654845 0.417249 17.6588 0.768936 0.600984 -0.21807 -12.574 -0.107958 0.458253 0.882241 -4.0055
0.469944 -0.775315 0.421948 19.318 0.875545 0.470157 -0.11124 -10.1348 -0.112136 0.421711 0.89977 -4.52253
0.425235 -0.765726 0.482534 20.5762 0.895792 0.432261 -0.103471 -7.503 -0.12935 0.476249 0.869744 -4.91288
0.280048 -0.835639 0.472525 21.537 0.95445 0.295155 -0.0436978 -4.80128 -0.102953 0.463239 0.880233 -5.30832
0.141259 -0.844304 0.516911 22.4285 0.984996 0.172156 0.0120167 -2.05728 -0.0991348 0.507458 0.855955 -5.57375
-0.0047747 -0.84514 0.534524 22.766 0.989024 0.0749487 0.127337 0.875797 -0.147679 0.529265 0.835506 -5.82221
-0.160287 -0.855491 0.492385 22.5534 0.956187 -0.0107695 0.292557 3.78531 -0.244977 0.517706 0.819736 -6.24675
-0.34826 -0.789465 0.505431 22.0171 0.915712 -0.171208 0.363537 6.34619 -0.200466 0.589435 0.782547 -6.99328
-0.41266 -0.738518 0.533201 20.9124 0.900303 -0.241719 0.361975 9.02791 -0.138441 0.629415 0.764637 -7.76098
-0.47474 -0.750451 0.459832 19.4755 0.867311 -0.310066 0.389397 11.6534 -0.149645 0.58368 0.798075 -8.20237
-0.575168 -0.669286 0.470358 18.0479 0.812446 -0.400271 0.423927 14.1736 -0.0954581 0.625971 0.773982 -8.65245
-0.67211 -0.570398 0.472138 16.2004 0.740059 -0.496742 0.453386 16.5769 -0.0240798 0.654136 0.755994 -8.74213
-0.725425 -0.52849 0.440973 14.2462 0.685747 -0.610068 0.396948 18.7465 0.0592409 0.590352 0.804969 -8.87006
-0.79465 -0.470048 0.38417 12.1863 0.60335 -0.681458 0.414227 20.5547 0.0670887 0.560954 0.825124 -8.52731
-0.83689 -0.379107 0.394833 9.72526 0.527496 -0.751192 0.396811 22.2909 0.146161 0.54036 0.828642 -8.28933
-0.880037 -0.302795 0.365856 7.16515 0.435842 -0.82092 0.368961 23.7963 0.188619 0.484155 0.85441 -7.70327
-0.978058 -0.176912 0.110023 4.48824 0.2053 -0.908251 0.364598 24.8553 0.0354266 0.379186 0.924642 -7.37345
-0.999042 -0.0403465 0.0169302 1.41894 0.0434842 -0.872572 0.486546 25.394 -0.00485764 0.486816 0.873491 -7.36783
-0.999863 0.010477 -0.0128389 -1.59357 -0.0152263 -0.886601 0.462285 25.3911 -0.00653964 0.462417 0.886638 -7.46861
-0.99151 0.122191 -0.0444724 -4.43175 -0.128487 -0.868068 0.479529 25.2042 0.0199891 0.481172 0.876398 -7.56505
-0.953867 0.280855 -0.106106 -7.40344 -0.295797 -0.818629 0.492291 24.7396 0.051401 0.500966 0.863939 -7.5448
-0.902265 0.395136 -0.172584 -10.1856 -0.426972 -0.762972 0.485354 23.7743 0.0601045 0.511607 0.857115 -7.36825
-0.848126 0.478175 -0.228104 -12.8949 -0.527174 -0.718929 0.453021 22.6253 0.0526323 0.50447 0.861824 -7.23503
-0.765552 0.54816 -0.336824 -15.4557 -0.642639 -0.626503 0.441032 21.008 0.030735 0.554089 0.83189 -7.09512
-0.657594 0.606511 -0.446894 -17.7805 -0.75302 -0.547284 0.365295 18.9886 -0.0230226 0.576737 0.816606 -7.05158
-0.578128 0.666173 -0.471148 -19.8006 -0.815805 -0.482671 0.318577 16.6662 -0.0151824 0.568543 0.822513 -7.04657
-0.457293 0.731144 -0.506273 -21.5251 -0.889291 -0.380186 0.254203 14.1089 -0.00661867 0.566469 0.824056 -7.12798
-0.392979 0.776385 -0.492741 -22.8289 -0.918946 -0.312202 0.240973 11.3687 0.0332532 0.5475 0.836145 -7.18337
-0.215426 0.797986 -0.562858 -23.8276 -0.975976 -0.1567 0.151381 8.48255 0.0325998 0.581948 0.812573 -7.27861
-0.144412 0.851105 -0.504743 -24.3163 -0.988936 -0.106651 0.103107 5.36946 0.0339232 0.514048 0.85709 -7.19907
-0.0489817 0.85237 -0.520641 -24.6888 -0.998601 -0.0313841 0.0425675 2.29796 0.0199434 0.521997 0.852714 -7.14678
0.0736407 0.822039 -0.56465 -24.7994 -0.991324 0.122147 0.04854 -0.67475 0.108872 0.556177 0.823902 -7.07762
0.206874 0.807502 -0.552398 -24.3452 -0.967553 0.252575 0.00686579 -3.77656 0.145066 0.533054 0.833552 -6.69574
0.326611 0.785504 -0.525651 -23.6335 -0.93525 0.348913 -0.0597168 -6.69343 0.136499 0.51112 0.848602 -6.42352
0.399596 0.753654 -0.521851 -22.4871 -0.896874 0.439155 -0.052536 -9.6712 0.18958 0.489028 0.851417 -6.05759
0.523345 0.687237 -0.503801 -21.0151 -0.83409 0.534128 -0.137842 -12.3752 0.174364 0.492354 0.852751 -5.62184
0.640284 0.633384 -0.434581 -19.2563 -0.760611 0.601793 -0.243547 -14.7692 0.107269 0.486487 0.867078 -5.16961
0.699422 0.593902 -0.397604 -17.0448 -0.708581 0.648911 -0.27718 -17.0648 0.0933917 0.4756 0.87469 -4.7769
0.80172 0.456469 -0.385851 -14.6503 -0.583966 0.735804 -0.342894 -19.3116 0.12739 0.500229 0.856471 -4.42293
0.896186 0.367628 -0.248396 -12.0911 -0.441286 0.796639 -0.413078 -20.941 0.0460224 0.479808 0.876165 -4.04501
0.947292 0.292266 -0.131222 -9.24842 -0.320302 0.855364 -0.407136 -22.1057 -0.00675003 0.427707 0.903892 -4.02531
0.981986 0.169188 -0.0841348 -6.13342 -0.188789 0.897082 -0.399503 -23.1194 0.00788459 0.40819 0.912863 -3.96127
0.995773 0.0567497 -0.0722175 -3.00968 -0.081165 0.911729 -0.402694 -23.5969 0.0429901 0.406853 0.912481 -3.83482
0.998666 0.0121364 -0.0501851 0.250567 -0.031935 0.908949 -0.415682 -23.721 0.0405709 0.41673 0.908124 -3.77921
0.984957 -0.169611 0.0330477 3.43553 0.165986 0.875472 -0.45387 -23.6922 0.0480489 0.452528 0.890455 -3.75161
0.972296 -0.202796 0.116252 6.59665 0.232146 0.89596 -0.378635 -23.121 -0.027371 0.395132 0.918216 -3.7857
0.906903 -0.359191 0.220249 9.54968 0.418699 0.826728 -0.375783 -22.1396 -0.0471079 0.433016 0.900154 -3.95542
0.81507 -0.473155 0.334344 12.4582 0.573447 0.741116 -0.34915 -20.7567 -0.0825857 0.47631 0.87539 -4.18612
0.790937 -0.518184 0.32543 15.0421 0.610276 0.70672 -0.357924 -18.8108 -0.0445171 0.481698 0.875206 -4.5871
0.690495 -0.601318 0.402036 17.4472 0.716054 0.646909 -0.26225 -16.6883 -0.102385 0.468961 0.877264 -4.95005
0.588229 -0.635793 0.499753 19.67 0.787854 0.589934 -0.176813 -14.3319 -0.182405 0.497739 0.847929 -5.47635
0.454875 -0.716891 0.528352 21.6209 0.883199 0.439247 -0.164383 -11.6521 -0.114233 0.541413 0.83296 -6.04552
0.408629 -0.742307 0.531039 22.9372 0.895633 0.438121 -0.0767572 -8.72389 -0.175682 0.506981 0.843864 -6.35778
0.302203 -0.765174 0.568491 24.167 0.946736 0.310492 -0.0853599 -5.75493 -0.111196 0.564007 0.818249 -6.84718
0.143696 -0.769748 0.621965 24.8633 0.985669 0.167443 -0.0204965 -2.73676 -0.0883666 0.615996 0.782777 -7.11874
0.0191503 -0.737218 0.675383 25.2892 0.993545 0.0895761 0.0696057 0.548016 -0.111813 0.66969 0.734175 -7.46836
-0.21173 -0.735034 0.644124 25.2024 0.939982 0.0272967 0.340131 3.84471 -0.26759 0.677481 0.685139 -8.00483
-0.349058 -0.738515 0.576848 24.3452 0.897799 -0.0871492 0.431696 6.80947 -0.268542 0.668581 0.693458 -8.84914
-0.419756 -0.722694 0.549107 23.1633 0.888421 -0.203319 0.411546 9.74379 -0.185778 0.660587 0.7274 -9.66664
-0.498173 -0.660864 0.561322 21.7967 0.861509 -0.304007 0.406672 12.5085 -0.0981089 0.686177 0.720788 -10.276
-0.563122 -0.609005 0.558576 19.9716 0.82581 -0.389747 0.407598 15.3388 -0.0305257 0.690805 0.722397 -10.5968
-0.622536 -0.581164 0.524115 18.0467 0.782531 -0.45397 0.426095 18.0289 -0.00969941 0.675396 0.737392 -10.7108
-0.713257 -0.481874 0.508981 15.9271 0.696403 -0.569378 0.436843 20.4763 0.0792996 0.666037 0.741691 -10.751
-0.778908 -0.421174 0.464666 13.5294 0.612857 -0.668411 0.421467 22.577 0.133077 0.613057 0.77875 -10.3651
-0.812481 -0.339715 0.47378 10.9083 0.553527 -0.704594 0.444022 24.5787 0.182982 0.623009 0.760511 -10.0305
-0.856882 -0.270706 0.438715 8.15481 0.479715 -0.730314 0.486327 26.32 0.188749 0.627183 0.755655 -9.30849
-0.987257 -0.128088 0.0944347 5.16623 0.158093 -0.721568 0.674052 27.6923 -0.0181967 0.680392 0.732623 -8.76255
-0.999911 -0.010896 0.00764864 1.63421 0.0132664 -0.767746 0.640617 28.1323 -0.00110793 0.640661 0.767823 -8.9604
-0.996262 0.0500113 -0.0704369 -1.73383 -0.0801541 -0.839231 0.537836 27.9841 -0.032215 0.541471 0.840102 -8.98863
-0.987311 0.156603 -0.026326 -4.98221 -0.145734 -0.827687 0.541937 27.717 0.0630791 0.538897 0.840007 -9.07092
-0.95916 0.266964 -0.0934981 -8.26819 -0.276721 -0.81708 0.505772 27.2012 0.0586275 0.510989 0.857586 -9.05649
-0.921133 0.353628 -0.162667 -11.3451 -0.384554 -0.76205 0.520958 26.104 0.0602648 0.542427 0.837939 -9.00772
-0.865385 0.444855 -0.230678 -14.342 -0.498171 -0.713976 0.492 24.5701 0.05417 0.540686 0.839479 -8.98391
-0.794757 0.500292 -0.343611 -17.1811 -0.606915 -0.651552 0.45512 22.9005 0.00381282 0.570253 0.82146 -8.98454
-0.68525 0.58361 -0.435696 -19.7408 -0.727956 -0.530246 0.434649 20.7506 0.0226397 0.615011 0.788194 -9.00196
-0.62155 0.612748 -0.488073 -21.9281 -0.782856 -0.508515 0.358537 18.0749 -0.0284997 0.60494 0.795761 -9.00169
-0.481993 0.714356 -0.507324 -23.8548 -0.876144 -0.397833 0.272215 15.3221 -0.00737167 0.575695 0.817631 -9.06623
-0.377149 0.760713 -0.528274 -25.1921 -0.925772 -0.326004 0.191489 12.1556 -0.0265508 0.561282 0.827199 -9.05237
-0.239873 0.772377 -0.588128 -26.3059 -0.970416 -0.17364 0.167754 8.94216 0.0274468 0.610968 0.791179 -9.07211
-0.140701 0.816491 -0.559952 -26.888 -0.988422 -0.0834016 0.126752 5.69585 0.0567912 0.571303 0.818772 -9.04908
-0.0528412 0.815521 -0.57631 -27.2542 -0.9977 -0.0185719 0.0651973 2.1574 0.0424666 0.57843 0.814626 -8.72803
0.0585575 0.811953 -0.580778 -27.2579 -0.994097 0.100659 0.0404949 -1.14003 0.0913405 0.574979 0.813054 -8.68392
0.201012 0.808449 -0.553176 -26.7766 -0.972978 0.230271 -0.0170257 -4.57458 0.113616 0.54165 0.83289 -8.42107
0.319978 0.757098 -0.569576 -26.091 -0.930685 0.363694 -0.0394105 -7.78029 0.177314 0.542706 0.820993 -8.2083
0.44943 0.71531 -0.535111 -24.7474 -0.874211 0.4754 -0.0987428 -11.0231 0.18376 0.512178 0.838991 -7.70747
0.553544 0.648981 -0.521931 -23.2025 -0.813379 0.555904 -0.171422 -14.0208 0.178894 0.519418 0.835585 -7.19003
0.661473 0.537097 -0.523431 -21.2547 -0.72264 0.643149 -0.253279 -16.6045 0.200609 0.545789 0.813554 -6.63364
0.697892 0.574225 -0.428034 -18.763 -0.708619 0.640364 -0.296299 -19.123 0.103956 0.510098 0.853811 -6.25893
0.80779 0.454762 -0.375056 -16.1034 -0.582406 0.713933 -0.38872 -21.6011 0.0909896 0.532439 0.841564 -5.96517
0.902524 0.308553 -0.300408 -13.3014 -0.419074 0.789872 -0.447748 -23.4276 0.0991302 0.529997 0.842185 -5.69603
0.950226 0.262878 -0.167231 -10.0803 -0.310821 0.836842 -0.450651 -24.7785 0.0214798 0.480199 0.876897 -5.3255
0.972362 0.183344 -0.14456 -6.68748 -0.230774 0.848706 -0.475859 -25.8412 0.0354433 0.496068 0.86756 -5.28327
0.994734 0.0699355 -0.0749255 -3.33373 -0.0972126 0.875397 -0.473529 -26.464 0.0324731 0.478319 0.877586 -5.13587
0.999978 -0.00645993 0.00146085 0.178101 0.00644663 0.898799 -0.438313 -26.5374 0.00151846 0.438313 0.898821 -5.08714
0.987454 -0.1123 0.111013 3.7814 0.150755 0.879643 -0.451112 -26.3883 -0.0469919 0.462188 0.885536 -5.15298
0.962198 -0.232211 0.142315 7.16855 0.270604 0.874221 -0.403127 -25.7791 -0.0308048 0.426399 0.904011 -5.14986
0.909418 -0.335422 0.245869 10.6215 0.41105 0.814822 -0.408782 -24.5886 -0.0632251 0.472818 0.878889 -5.33965
0.830156 -0.440374 0.341923 13.8405 0.551027 0.741464 -0.382884 -23.0314 -0.0849112 0.506263 0.858189 -5.58885
0.728773 -0.534356 0.428198 16.5765 0.675727 0.662417 -0.323414 -20.9668 -0.110827 0.52504 0.843831 -6.00727
0.761475 -0.460031 0.456648 19.141 0.616655 0.731209 -0.291668 -18.4915 -0.199729 0.503692 0.840478 -6.38343
0.603168 -0.599014 0.52666 21.6593 0.783435 0.568879 -0.250211 -16.1914 -0.149726 0.563523 0.812419 -7.093
0.45733 -0.676219 0.577561 23.6256 0.877453 0.448765 -0.169372 -13.0247 -0.144657 0.584242 0.798584 -7.81385
0.418896 -0.691591 0.588412 25.0609 0.894485 0.425812 -0.136314 -9.91277 -0.156279 0.583427 0.796988 -8.21451
0.284135 -0.728049 0.623869 26.5394 0.951699 0.293121 -0.0913731 -6.72181 -0.116345 0.619698 0.776169 -8.66423
0.0913715 -0.746511 0.659069 27.2863 0.993111 0.117066 -0.00508413 -3.21197 -0.0733594 0.654993 0.752065 -9.2462
0.0752597 -0.721933 0.687858 27.3552 0.963781 0.229657 0.135585 0.206319 -0.255854 0.652741 0.71307 -9.44583
-0.167633 -0.70381 0.690326 27.3531 0.968026 0.0150372 0.250398 3.66387 -0.186613 0.710229 0.678786 -10.3409
-0.269177 -0.69632 0.665343 26.5429 0.947432 -0.0673822 0.312782 7.06289 -0.172964 0.714561 0.677854 -11.0149
-0.400837 -0.661342 0.634 25.3109 0.908486 -0.197611 0.368244 10.2795 -0.11825 0.723586 0.68003 -11.7136
-0.52167 -0.603726 0.602806 23.6681 0.851389 -0.323057 0.413245 13.467 -0.0547458 0.7288 0.682534 -12.2358
-0.51425 -0.615703 0.59704 21.6933 0.854698 -0.310304 0.416175 16.4158 -0.0709769 0.724307 0.685814 -12.6832
-0.576821 -0.579608 0.575615 19.7179 0.816198 -0.380353 0.434917 19.3834 -0.0331447 0.720685 0.69247 -12.8212
-0.767919 -0.381744 0.514366 17.5184 0.628788 -0.602411 0.491658 22.1889 0.122172 0.70098 0.702638 -12.8961
-0.782092 -0.377497 0.49581 14.8056 0.608074 -0.636326 0.474695 24.4387 0.136301 0.672744 0.727212 -12.4949
-0.823049 -0.334133 0.459288 11.9705 0.551445 -0.663751 0.505314 26.6564 0.136011 0.669171 0.730556 -11.8938
-0.890252 -0.2538 0.378203 8.76681 0.439942 -0.694124 0.569775 28.4804 0.117911 0.67363 0.729602 -11.4314
-0.9669 -0.153578 0.203763 5.49778 0.25121 -0.712896 0.654731 29.8391 0.0447094 0.684246 0.72788 -10.9856
-0.998862 -0.0340449 0.0333964 1.92465 0.047635 -0.745969 0.664275 30.5525 0.00229755 0.66511 0.746742 -10.9761
-0.998011 0.0626324 -0.00718122 -1.78914 -0.0534451 -0.780152 0.623303 30.5162 0.0334365 0.622447 0.781947 -10.9144
-0.983782 0.158435 -0.0840951 -5.46989 -0.176826 -0.777956 0.602924 30.222 0.0301022 0.608016 0.793354 -10.8282
-0.956379 0.249091 -0.152618 -8.98691 -0.290918 -0.76461 0.575099 29.6526 0.0265583 0.594412 0.803722 -10.8063
-0.921964 0.309341 -0.233003 -12.439 -0.387254 -0.742666 0.546334 28.4368 -0.00403987 0.593932 0.804505 -10.7214
-0.863701 0.423106 -0.273864 -15.6878 -0.501768 -0.67072 0.546227 26.8006 0.0474256 0.609193 0.791603 -10.7816
-0.84008 0.424497 -0.33774 -18.7108 -0.542463 -0.656784 0.523803 24.6433 0.000530969 0.623247 0.782025 -10.792
-0.680679 0.585421 -0.440406 -21.5755 -0.730161 -0.493319 0.472759 22.4224 0.0595024 0.643365 0.763244 -10.8658
-0.601782 0.608816 -0.516916 -23.8636 -0.798606 -0.466241 0.380587 19.6076 -0.00929962 0.641843 0.76678 -10.8535
-0.406836 0.719915 -0.562323 -26.0867 -0.91243 -0.290441 0.288298 16.4737 0.0442282 0.63037 0.775034 -10.8803
-0.376016 0.726095 -0.575671 -27.3242 -0.926564 -0.288243 0.241651 13.0273 0.00952807 0.624261 0.781158 -10.7502
-0.276613 0.7376 -0.61598 -28.4872 -0.960683 -0.228225 0.158121 9.54079 -0.0239518 0.6355 0.771729 -10.8884
-0.163463 0.765811 -0.621943 -29.2392 -0.98557 -0.0986758 0.137531 6.01096 0.0439524 0.635449 0.77089 -10.8665
-0.105102 0.77479 -0.623421 -29.5423 -0.993924 -0.0612417 0.0914528 2.24716 0.0326773 0.629246 0.776519 -10.589
0.0843551 0.776227 -0.624785 -29.707 -0.993856 0.110632 0.00326355 -1.41168 0.0716548 0.620671 0.78079 -10.4543
0.178051 0.769487 -0.613342 -29.0995 -0.979404 0.198887 -0.0347983 -5.17537 0.095209 0.606905 0.789051 -10.1307
0.291119 0.753252 -0.589797 -28.3895 -0.952786 0.283894 -0.107715 -8.8295 0.0863029 0.593309 0.800335 -9.79503
0.482746 0.6547 -0.581657 -27.033 -0.854362 0.497997 -0.148543 -12.4624 0.192413 0.568654 0.799756 -9.52032
0.577671 0.58515 -0.569119 -25.0777 -0.787926 0.581865 -0.201511 -15.6054 0.213236 0.56483 0.797181 -8.86872
0.662742 0.553168 -0.504756 -22.8193 -0.73545 0.607737 -0.299617 -18.5923 0.14102 0.569791 0.8096 -8.31967
0.687582 0.550648 -0.473305 -20.2967 -0.71981 0.602567 -0.344654 -21.1397 0.0954155 0.577668 0.810676 -7.88426
0.820686 0.388523 -0.418956 -17.5571 -0.55323 0.723653 -0.412628 -23.8012 0.142863 0.570417 0.808835 -7.71139
0.885552 0.33163 -0.325298 -14.2498 -0.456665 0.749858 -0.478716 -25.6825 0.0851704 0.57248 0.815483 -7.20535
0.917757 0.292601 -0.268527 -10.8342 -0.390933 0.784694 -0.481068 -27.2754 0.0699508 0.54648 0.834546 -6.86083
0.975412 0.135994 -0.173425 -7.28798 -0.207496 0.831875 -0.514713 -28.4449 0.0742702 0.538042 0.83964 -6.76966
0.995754 0.0489548 -0.0779613 -3.48446 -0.0820824 0.855563 -0.51115 -29.0056 0.0416775 0.515379 0.855948 -6.58837
0.999334 -0.0305056 -0.0200463 0.303705 0.0161458 0.861933 -0.506765 -29.2038 0.0327377 0.506103 0.861851 -6.46703
0.994583 -0.0600238 0.0848617 4.12489 0.0949473 0.856873 -0.506709 -28.9437 -0.0423011 0.512022 0.85793 -6.51603
0.958317 -0.228626 0.171345 7.91969 0.283161 0.839912 -0.462999 -28.529 -0.0380615 0.492218 0.86964 -6.50393
