0.999864 -0.000562211 -0.0164804 -0.00386491 0.000733037 0.999946 0.0103612 8.94161e-05 0.0164737 -0.0103719 0.999811 -0.0296103
0.979886 -0.199036 0.0144268 0.342332 0.197409 0.977379 0.0758885 -0.0867182 -0.0292049 -0.0715141 0.997012 0.0217277
0.874927 -0.482413 0.0421941 0.548974 0.473714 0.870709 0.132141 0.0166254 -0.100485 -0.0956256 0.990333 -0.0692721
0.827006 -0.561723 0.0230109 0.668092 0.550837 0.817806 0.166649 0.00358381 -0.112429 -0.125145 0.985748 -0.288443
0.729629 -0.683577 -0.019081 0.769719 0.675837 0.716548 0.172634 0.0824518 -0.104336 -0.138854 0.984801 -0.442241
0.693034 -0.719594 -0.0434609 1.03648 0.717608 0.682851 0.136946 0.218567 -0.0688683 -0.126096 0.989625 -0.533853
0.538058 -0.840355 -0.0655491 1.16875 0.841302 0.530609 0.103275 0.347053 -0.0520064 -0.110714 0.992491 -0.555537
0.416708 -0.902653 -0.107576 1.44493 0.907127 0.405236 0.113593 0.448837 -0.0589416 -0.14492 0.987686 -0.655418
0.294493 -0.955341 -0.0244309 1.69655 0.950956 0.290417 0.106495 0.695894 -0.094644 -0.0545948 0.994013 -0.488152
0.182992 -0.982911 -0.0199945 1.88793 0.975011 0.17884 0.131797 0.918332 -0.125969 -0.0436126 0.991075 -0.544002
0.0721739 -0.996988 -0.0284009 2.04766 0.990459 0.0682916 0.119694 1.29556 -0.117394 -0.0367687 0.992405 -0.693289
0.070421 -0.995201 -0.0679461 2.06723 0.991597 0.0624303 0.113305 1.69761 -0.108519 -0.0753542 0.991234 -0.799916
-0.000608091 -0.996631 -0.0820106 2.07247 0.99299 -0.0102954 0.117751 2.26407 -0.118199 -0.0813641 0.989651 -0.886256
-0.225292 -0.97427 -0.00637992 2.04746 0.963278 -0.223722 0.148475 2.3446 -0.146083 0.0273046 0.988896 -0.82647
-0.39594 -0.910328 -0.120559 2.00956 0.898319 -0.411205 0.154707 2.74971 -0.190409 -0.047046 0.980577 -0.860421
-0.516656 -0.853926 -0.062268 1.79316 0.836165 -0.518872 0.177762 2.99394 -0.184104 0.0397752 0.982102 -1.03272
-0.573136 -0.817025 -0.0631277 1.74525 0.800912 -0.574796 0.167777 3.467 -0.173364 0.0455995 0.983802 -1.12432
-0.600398 -0.799421 -0.0211416 1.49191 0.788566 -0.596228 0.150587 3.86452 -0.132988 0.0737405 0.988371 -1.25764
-0.689913 -0.723748 -0.0144509 1.05647 0.719994 -0.68813 0.0899149 4.17204 -0.0750198 0.0516289 0.995845 -1.24656
-0.803315 -0.593942 0.0437947 0.80526 0.595404 -0.802589 0.0366703 4.35038 0.0133691 0.0555333 0.998367 -1.27554
-0.867569 -0.474128 0.150091 0.5361 0.483212 -0.875024 0.0289582 4.66981 0.117603 0.0976489 0.988248 -1.28164
-0.910267 -0.378265 0.168314 0.0255408 0.395151 -0.915082 0.0804983 4.75713 0.123572 0.139784 0.982441 -1.05245
-0.942506 -0.282893 0.177917 -0.328559 0.290429 -0.95674 0.0172859 5.03188 0.16533 0.0679643 0.983894 -1.04206
-0.974525 -0.155778 0.16135 -0.677179 0.16001 -0.987023 0.013497 5.24057 0.157154 0.0389709 0.986805 -0.866892
-0.988043 -0.0900058 0.125183 -1.09527 0.0943678 -0.995105 0.0293507 5.31423 0.121928 0.040813 0.991699 -0.820872
-0.992423 0.0685225 0.101987 -1.57499 -0.0618196 -0.995803 0.067496 5.32425 0.106184 0.0606798 0.992493 -0.696682
-0.978125 0.190533 0.0834789 -1.96461 -0.179068 -0.975445 0.128225 5.34379 0.10586 0.110472 0.988225 -0.602788
-0.930135 0.357604 0.0834823 -2.51798 -0.345202 -0.929007 0.133349 5.34587 0.125242 0.095214 0.987547 -0.547587
-0.866397 0.486514 0.112519 -2.88747 -0.48569 -0.873369 0.0364973 5.14226 0.116027 -0.0230284 0.992979 -0.62625
-0.801831 0.591419 0.0853857 -3.15683 -0.590607 -0.806101 0.0371969 4.89411 0.0908285 -0.0206038 0.995653 -0.501622
-0.665983 0.745071 0.0365556 -3.54203 -0.741517 -0.666559 0.0764949 4.65051 0.0813606 0.0238377 0.9964 -0.545022
-0.583897 0.811635 0.0177109 -3.89157 -0.808851 -0.583484 0.0728411 4.34463 0.0694544 0.0282062 0.997186 -0.460518
-0.508052 0.859793 0.051374 -4.16412 -0.857044 -0.510566 0.0692649 4.10691 0.0857833 -0.00883958 0.996275 -0.422915
-0.444298 0.894846 0.0430096 -4.63064 -0.889292 -0.446334 0.0997313 3.51796 0.108441 0.00606235 0.994084 -0.299365
-0.30457 0.950029 0.0684265 -4.70153 -0.935201 -0.311894 0.167693 3.01966 0.180655 -0.0129183 0.983462 -0.235074
-0.157627 0.983904 0.0841813 -4.77891 -0.971455 -0.169806 0.165656 2.57793 0.177284 -0.0556666 0.982584 -0.35477
-0.10482 0.989471 0.0998024 -4.90868 -0.984636 -0.11735 0.129308 1.98762 0.139658 -0.0847151 0.986569 -0.401027
0.0160501 0.99701 0.0755838 -4.87909 -0.99117 0.00591364 0.132468 1.59018 0.131625 -0.0770425 0.988301 -0.29775
0.223445 0.970019 0.0955791 -4.97476 -0.972068 0.21454 0.095164 1.12945 0.0718053 -0.114173 0.990862 -0.315144
0.290414 0.955901 0.0437465 -4.76023 -0.952816 0.284652 0.105428 0.478924 0.0883266 -0.0723002 0.993464 -0.159405
0.335225 0.941896 -0.0213539 -4.49892 -0.930015 0.33445 0.152366 -0.162366 0.150655 -0.0312173 0.988093 -0.145629
0.461419 0.887087 -0.0130357 -4.273 -0.869122 0.454927 0.194082 -0.71308 0.178098 -0.0782237 0.980899 -0.0843358
0.620128 0.784472 0.00664202 -3.82835 -0.768991 0.606171 0.203001 -1.28189 0.155223 -0.130995 0.979156 -0.0716246
0.676638 0.736003 0.0214636 -3.3693 -0.720375 0.655675 0.226165 -1.59631 0.152385 -0.168493 0.973853 -0.0358387
0.818774 0.572363 -0.0448381 -3.03801 -0.560473 0.8138 0.153622 -2.0122 0.124417 -0.100651 0.987112 -0.0507778
0.903304 0.429 -0.000347784 -2.8117 -0.423462 0.891772 0.159444 -2.38589 0.0687117 -0.143879 0.987207 -0.229094
0.941786 0.334108 -0.0375536 -2.34449 -0.3266 0.935653 0.133738 -2.68826 0.0798202 -0.113688 0.990305 -0.136142
0.981268 0.182611 -0.0613684 -1.81488 -0.170343 0.971245 0.166331 -2.98409 0.0899776 -0.152762 0.984158 -0.134106
0.995157 -0.0245527 -0.0951876 -1.20194 0.0418803 0.981927 0.184567 -3.09466 0.0889356 -0.18766 0.9782 -0.0317412
0.989484 -0.116357 -0.0859244 -0.66143 0.125566 0.985862 0.11095 -3.11428 0.0717998 -0.120572 0.990105 0.0453799
0.988613 -0.14042 -0.054103 0.121697 0.145284 0.984322 0.100012 -3.00863 0.0392111 -0.106733 0.993514 -0.0294171
0.918715 -0.394432 0.0196647 0.815645 0.390062 0.914072 0.11101 -3.04168 -0.0617608 -0.0943162 0.993625 0.159625
0.902923 -0.423542 0.0730963 1.77289 0.418999 0.905295 0.0698594 -2.71432 -0.0957622 -0.0324504 0.994875 0.141193
0.85233 -0.519631 0.0593127 2.26762 0.507666 0.849259 0.145034 -2.49311 -0.125736 -0.0935056 0.987647 -0.0488114
0.784763 -0.618891 0.0334769 2.78716 0.608621 0.779699 0.147136 -2.13414 -0.117163 -0.0950924 0.98855 -0.104854
0.676019 -0.73516 0.050388 3.30309 0.733958 0.677846 0.0427803 -1.81395 -0.0656056 0.00806236 0.997813 -0.227206
0.586823 -0.809591 -0.0141868 3.81555 0.80915 0.585668 0.0476387 -1.28626 -0.0302591 -0.0394347 0.998764 -0.387557
0.510224 -0.859782 0.0211367 4.29998 0.859676 0.51057 0.0166098 -0.726239 -0.0250725 0.00969598 0.999639 -0.311181
0.410214 -0.911979 0.00441808 4.60419 0.909368 0.409397 0.0737803 -0.186791 -0.0690948 -0.026248 0.997265 -0.378344
0.296241 -0.954682 0.028684 4.84585 0.947296 0.297518 0.1188 0.48087 -0.12195 -0.00802116 0.992504 -0.478792
0.149169 -0.986789 0.063215 5.15484 0.983534 0.154665 0.0934803 1.15697 -0.102023 0.0482298 0.993612 -0.615486
0.0136464 -0.9999 -0.00358227 5.14664 0.995387 0.0132443 0.0950254 1.63673 -0.0949685 -0.0048625 0.995468 -0.739796
-0.0582775 -0.997302 0.0446411 5.11588 0.993073 -0.0533439 0.104697 2.44595 -0.102033 0.0504333 0.993502 -0.784981
-0.11548 -0.991685 0.0567871 5.06551 0.98331 -0.106039 0.147839 3.15348 -0.140588 0.0729118 0.98738 -0.947766
-0.286457 -0.957409 0.0362116 4.88836 0.941223 -0.27415 0.197337 3.79359 -0.179005 0.0906117 0.979667 -0.974429
-0.313415 -0.94866 0.0426099 4.51277 0.934819 -0.30033 0.189513 4.56946 -0.166986 0.0992286 0.980953 -1.16285
-0.462418 -0.885457 0.0462249 4.0867 0.87495 -0.447243 0.185569 5.11892 -0.14364 0.126255 0.981543 -1.32058
-0.641185 -0.763484 0.0772907 3.86008 0.760715 -0.619127 0.19492 5.68925 -0.100965 0.183776 0.977769 -1.42871
-0.715797 -0.690031 0.107205 3.21442 0.69707 -0.696918 0.168517 6.26525 -0.0415686 0.195354 0.979852 -1.40309
-0.802005 -0.57341 0.167302 2.50376 0.594895 -0.791982 0.137347 6.7404 0.0537439 0.20968 0.976292 -1.56132
-0.860957 -0.470415 0.193551 1.9098 0.49424 -0.863608 0.0995356 7.15055 0.120329 0.181356 0.976028 -1.64582
-0.910669 -0.374962 0.173449 1.24795 0.391156 -0.917666 0.0698981 7.54667 0.132959 0.1315 0.982359 -1.56046
-0.946812 -0.253371 0.19837 0.549976 0.274473 -0.957664 0.0868546 7.94918 0.167965 0.136682 0.976271 -1.41701
-0.96063 -0.18236 0.209606 -0.340014 0.210323 -0.970268 0.119771 8.24093 0.181532 0.159141 0.970423 -1.10167
-0.980613 0.118849 0.155798 -0.941685 -0.0951045 -0.983811 0.151893 8.3559 0.171328 0.134131 0.976041 -1.01321
-0.986462 0.112349 0.119462 -1.82103 -0.0926176 -0.98284 0.159525 8.38231 0.135334 0.146301 0.979939 -1.0113
-0.97138 0.226745 0.0707609 -2.62326 -0.214302 -0.965082 0.150634 8.34688 0.102446 0.131158 0.986054 -0.950175
-0.927488 0.36285 0.0900357 -3.54093 -0.352633 -0.929076 0.111658 8.11251 0.124165 0.0718121 0.98966 -0.704474
-0.887146 0.453922 0.0832243 -4.27289 -0.438771 -0.885531 0.152694 7.85602 0.143009 0.0989453 0.984763 -0.574981
-0.82916 0.554778 0.0686697 -4.99004 -0.545877 -0.830017 0.114407 7.4722 0.120468 0.0573768 0.991058 -0.607814
-0.739844 0.672351 0.02397 -5.71461 -0.668698 -0.738808 0.0836991 6.86298 0.0739844 0.0458956 0.996203 -0.62783
-0.643541 0.765351 -0.00960097 -6.34452 -0.764667 -0.642312 0.0521559 6.17086 0.0337508 0.040906 0.998593 -0.607147
-0.493715 0.869382 0.020485 -6.79598 -0.867611 -0.494037 0.056374 5.67274 0.0591309 0.0100597 0.9982 -0.525911
-0.336618 0.941262 -0.0267226 -7.17698 -0.939696 -0.333964 0.0737554 4.9608 0.0604988 0.0499385 0.996918 -0.381617
-0.257757 0.965087 -0.0465726 -7.52597 -0.958049 -0.249031 0.141868 4.01918 0.125317 0.0811864 0.988789 -0.356005
-0.190237 0.981697 0.00895787 -7.81081 -0.975999 -0.190102 0.10624 3.13143 0.105998 0.0114678 0.9943 -0.214936
-0.0420664 0.999096 -0.00621241 -7.94822 -0.989218 -0.0407759 0.140658 2.31093 0.140278 0.0120624 0.990039 -0.238055
0.0863756 0.99537 -0.0421632 -8.02435 -0.994119 0.0888876 0.0618654 1.5637 0.0653268 0.0365716 0.997194 -0.0103593
0.237782 0.970373 -0.0428567 -7.81792 -0.969452 0.239828 0.0514264 0.514023 0.060181 0.0293193 0.997757 -0.108576
0.29402 0.949826 -0.106688 -7.55667 -0.954792 0.296998 0.0128292 -0.367908 0.0438716 0.0980928 0.99421 0.0362176
0.384477 0.921392 -0.0566858 -7.24351 -0.915617 0.388447 0.1037 -1.20853 0.117568 0.0120323 0.992992 0.0322579
0.565631 0.824631 0.00672842 -6.89122 -0.814679 0.557502 0.159653 -2.10727 0.127904 -0.0957863 0.98715 0.0123802
0.608666 0.788126 -0.0915582 -6.27025 -0.780069 0.615507 0.112444 -3.11526 0.144975 0.00298057 0.989431 0.0526866
0.718079 0.694391 -0.0467259 -5.54114 -0.681192 0.715013 0.157271 -3.76565 0.142618 -0.081104 0.986449 0.210385
0.770889 0.636721 -0.0178189 -4.84518 -0.626911 0.76337 0.155719 -4.44428 0.112752 -0.108871 0.987641 0.129636
0.880892 0.472792 -0.0222919 -4.12948 -0.46928 0.878547 0.0890533 -5.07066 0.0616882 -0.0679851 0.995777 0.19436
0.939609 0.341155 -0.0273581 -3.23391 -0.338349 0.93796 0.0758329 -5.5185 0.0515316 -0.0619967 0.996745 0.146016
0.972037 0.228062 -0.0559541 -2.1698 -0.222717 0.970888 0.0881725 -5.95508 0.074434 -0.073245 0.994532 0.235699
0.993106 0.0682758 -0.0952879 -1.21887 -0.0613875 0.995408 0.0734409 -6.08116 0.0998646 -0.0670851 0.992737 0.198438
0.996728 -0.031696 -0.0743592 -0.245862 0.03625 0.997497 0.0607159 -6.14227 0.0722486 -0.0632127 0.995381 0.343885
0.980439 -0.165269 -0.106887 0.822894 0.173533 0.982102 0.073224 -5.97903 0.0928719 -0.09034 0.991571 0.37397
0.957885 -0.287091 0.00583358 1.97625 0.282885 0.946951 0.152512 -5.79157 -0.0493089 -0.144439 0.988284 0.324248
0.899108 -0.413911 0.142414 2.9211 0.400705 0.909236 0.112805 -5.51323 -0.176179 -0.0443576 0.983358 0.380726
0.863765 -0.47634 0.164346 3.85314 0.470248 0.879192 0.076731 -5.1261 -0.181041 0.0110057 0.983414 0.0534151
0.788886 -0.601693 0.124996 4.73347 0.600219 0.79805 0.053412 -4.51806 -0.131891 0.0328893 0.990718 0.0944828
0.760572 -0.645703 0.0678097 5.53267 0.646136 0.763003 0.0182941 -3.83137 -0.0635516 0.0299003 0.997531 -0.258766
0.66904 -0.740997 0.0575249 6.22434 0.741713 0.670611 0.0118993 -3.09851 -0.0473942 0.0347059 0.998273 -0.429514
0.530072 -0.841496 0.104446 6.85296 0.845361 0.534051 0.0124379 -2.28468 -0.0662461 0.0817019 0.994453 -0.500243
0.441978 -0.891063 0.103255 7.30326 0.89504 0.445724 0.0153061 -1.41446 -0.059662 0.0856526 0.994537 -0.640781
0.256071 -0.958739 0.123481 7.79056 0.964617 0.261733 0.0317659 -0.489787 -0.0627742 0.110977 0.991838 -0.713223
0.181184 -0.977298 0.109825 8.12413 0.980652 0.187955 0.054719 0.649278 -0.074119 0.097786 0.992444 -0.802828
-0.0369325 -0.990856 0.129768 8.23073 0.995399 -0.0249876 0.0924992 1.55727 -0.0884108 0.132588 0.98722 -0.880739
-0.135518 -0.97446 0.179057 8.27622 0.989022 -0.122307 0.0829194 2.49369 -0.0589017 0.188329 0.980338 -1.14258
-0.287606 -0.946691 0.145117 8.15907 0.951588 -0.2653 0.155228 3.56684 -0.108453 0.182736 0.977162 -1.2338
-0.380571 -0.90167 0.205321 7.85635 0.917326 -0.340013 0.207132 4.65163 -0.116953 0.267175 0.956525 -1.32034
-0.489606 -0.862774 0.126119 7.37102 0.867431 -0.467254 0.170989 5.63182 -0.0885956 0.193117 0.977168 -1.61849
-0.605242 -0.788608 0.108531 6.79427 0.792145 -0.583183 0.18001 6.52388 -0.0786639 0.194922 0.977659 -1.85762
-0.682887 -0.729299 0.0422944 6.22083 0.717919 -0.659268 0.223512 7.55778 -0.135124 0.182998 0.973783 -2.00472
-0.757117 -0.646057 0.0968707 5.33814 0.647131 -0.721404 0.246571 8.32724 -0.0894163 0.249371 0.964271 -2.09461
-0.769603 -0.619824 0.153396 4.31399 0.638262 -0.739891 0.212564 9.05758 -0.0182561 0.261497 0.965032 -2.25204
-0.849762 -0.504224 0.153824 3.41267 0.524823 -0.836649 0.156777 9.79948 0.0496465 0.213954 0.975581 -2.25637
-0.908983 -0.366332 0.198873 2.37624 0.401531 -0.897615 0.181825 10.4067 0.111903 0.24513 0.96301 -2.17259
-0.953604 -0.204537 0.220916 1.2577 0.245841 -0.952597 0.179226 10.9357 0.173785 0.22522 0.958684 -1.9492
-0.984609 -0.143814 0.0993086 0.169906 0.164354 -0.955159 0.246291 11.1035 0.0594354 0.258822 0.964095 -1.62212
-0.988187 0.00753535 0.153064 -1.17697 0.0443989 -0.941878 0.333009 11.2928 0.146677 0.335871 0.930417 -1.4424
-0.987642 0.10289 0.118226 -2.27504 -0.0708234 -0.965918 0.24897 11.3591 0.139813 0.23752 0.961268 -1.35666
-0.954856 0.292007 0.0546158 -3.37935 -0.263911 -0.91822 0.295335 11.3404 0.136389 0.267588 0.953831 -1.23727
-0.92176 0.383233 0.0590923 -4.61406 -0.35993 -0.9023 0.237286 10.9875 0.144255 0.197451 0.969641 -1.03758
-0.830639 0.556344 -0.0227987 -5.68408 -0.549334 -0.81211 0.196746 10.6239 0.0909437 0.175949 0.980189 -0.913193
-0.812383 0.576558 -0.0872557 -6.71211 -0.582951 -0.799363 0.145558 9.95058 0.0141738 0.169115 0.985494 -0.74515
-0.701152 0.705165 -0.105489 -7.67076 -0.711698 -0.683182 0.16355 9.22331 0.0432617 0.189749 0.980879 -0.724903
-0.630105 0.754837 -0.182177 -8.65769 -0.776509 -0.612714 0.147018 8.12221 -0.000647952 0.234099 0.972213 -0.753334
-0.520321 0.838049 -0.164135 -9.40535 -0.853566 -0.504457 0.130185 7.24667 0.0263026 0.207838 0.977809 -0.717744
-0.42816 0.879586 -0.207384 -10.0385 -0.902708 -0.40551 0.143805 6.04309 0.042393 0.248779 0.967632 -0.684023
-0.328656 0.929239 -0.168823 -10.6228 -0.936929 -0.298273 0.182201 4.90948 0.118953 0.218056 0.96866 -0.591123
-0.152685 0.945407 -0.287911 -10.8765 -0.984661 -0.120639 0.126048 3.75741 0.0844338 0.30274 0.949326 -0.477686
-0.052984 0.971679 -0.230287 -11.1034 -0.991295 -0.0233456 0.12957 2.39708 0.120525 0.235148 0.964458 -0.344507
0.0930614 0.967077 -0.236859 -10.9738 -0.994987 0.0990791 0.0136039 1.29611 0.0366239 0.234406 0.971449 -0.146836
0.264898 0.951153 -0.158547 -10.8394 -0.963958 0.26543 -0.0182068 -0.113139 0.0247658 0.157656 0.987183 -0.296757
0.381513 0.910858 -0.157435 -10.5543 -0.922996 0.384644 -0.0113006 -1.28016 0.0502632 0.149623 0.987465 -0.352558
0.475726 0.859018 -0.189136 -10.0664 -0.872635 0.487916 0.0211099 -2.56463 0.110416 0.155004 0.981724 -0.216731
0.573584 0.807775 -0.136022 -9.47007 -0.812873 0.581801 0.0272995 -3.87939 0.101189 0.0949099 0.99033 -0.0338508
0.65624 0.729995 -0.190936 -8.70119 -0.74218 0.670108 0.0111418 -4.95191 0.136081 0.134397 0.981539 0.0992819
0.774368 0.629069 -0.0680142 -7.73834 -0.632732 0.770192 -0.0803325 -6.01925 0.00184935 0.105242 0.994445 0.336604
0.851998 0.522509 -0.0329208 -6.70093 -0.521287 0.852478 0.039251 -6.89259 0.0485732 -0.0162806 0.998687 0.282546
0.895466 0.444872 0.0151129 -5.43343 -0.445075 0.895372 0.0147727 -7.63435 -0.00695971 -0.0199548 0.999777 0.33696
0.94653 0.322082 0.0185479 -4.27669 -0.322609 0.944561 0.0610545 -8.38056 0.00214496 -0.0637736 0.997962 0.334836
0.966184 0.257853 -0.000578295 -2.79867 -0.257684 0.965625 0.0341729 -8.8448 0.00937 -0.0328682 0.999416 0.336399
0.991491 0.0993574 -0.0841077 -1.60595 -0.103385 0.993625 -0.0449518 -9.17198 0.0791052 0.0532648 0.995442 0.373781
0.995749 0.00883447 -0.0916879 -0.20158 -0.0147617 0.99783 -0.06417 -9.21249 0.090922 0.0652507 0.993718 0.421161
0.990045 -0.125553 -0.0636114 1.27905 0.119986 0.989142 -0.0848578 -9.0335 0.0735749 0.0763806 0.99436 0.516387
0.970212 -0.225383 0.0888277 2.69073 0.229108 0.972803 -0.0341101 -8.81369 -0.078724 0.0534451 0.995463 0.581769
0.904537 -0.352553 0.239832 4.07647 0.355361 0.934149 0.0329362 -8.22064 -0.23565 0.0554349 0.970256 0.404827
0.823825 -0.507212 0.253076 5.31808 0.509499 0.858265 0.0615811 -7.7221 -0.248441 0.0782098 0.965485 0.0558948
0.766251 -0.601883 0.224937 6.47894 0.605476 0.79354 0.0607788 -6.94329 -0.215078 0.0896222 0.972476 -0.178555
0.721101 -0.680429 0.130496 7.52915 0.685415 0.728098 0.00893774 -5.99522 -0.101096 0.082999 0.991409 -0.51368
0.616273 -0.781441 0.0977616 8.47144 0.783048 0.621253 0.0296785 -5.09389 -0.0839267 0.0582619 0.994767 -0.701923
0.439048 -0.889529 0.126392 9.41009 0.895351 0.444875 0.0207857 -4.04369 -0.0747182 0.104039 0.991763 -0.901172
0.425383 -0.892394 0.150607 10.0291 0.90368 0.427863 -0.0171869 -2.67252 -0.0491017 0.143412 0.988444 -0.990911
0.297536 -0.935448 0.190812 10.6313 0.944132 0.317972 0.0866476 -1.25028 -0.141727 0.154371 0.977795 -1.16339
0.157918 -0.965593 0.20662 11.1149 0.976611 0.183648 0.111821 0.0707332 -0.145919 0.184129 0.97201 -1.15585
-0.0138931 -0.973251 0.229326 11.2455 0.988498 0.021173 0.149743 1.49203 -0.150593 0.228768 0.961762 -1.32283
-0.104862 -0.976386 0.188878 11.1698 0.986521 -0.0781391 0.14377 2.84649 -0.125616 0.201409 0.971419 -1.68602
-0.265062 -0.944897 0.192127 11.073 0.946668 -0.217159 0.238035 4.33191 -0.183197 0.244974 0.952064 -1.92601
-0.391516 -0.895282 0.212569 10.5909 0.898562 -0.322211 0.297937 5.68819 -0.198246 0.307653 0.930617 -2.06813
-0.509756 -0.845787 0.157462 10.0081 0.853801 -0.474859 0.213385 7.04357 -0.105706 0.243215 0.964195 -2.37927
-0.560326 -0.777931 0.284355 9.3163 0.827522 -0.511181 0.232167 8.26501 -0.035253 0.365399 0.930183 -2.63085
-0.678286 -0.706658 0.201404 8.4171 0.732888 -0.630861 0.254735 9.51549 -0.0529526 0.32039 0.945805 -2.76588
-0.824745 -0.541314 0.163633 7.30332 0.56403 -0.766518 0.307116 10.5829 -0.0408188 0.345586 0.937499 -3.06473
-0.807719 -0.568531 0.156087 6.13258 0.587959 -0.757226 0.284452 11.5137 -0.0435266 0.32153 0.945899 -3.06477
-0.862801 -0.453113 0.224194 4.83436 0.502388 -0.817968 0.280242 12.3559 0.0564017 0.354425 0.933382 -3.03356
-0.929024 -0.276331 0.246079 3.48291 0.346109 -0.884151 0.313824 13.1449 0.130851 0.376721 0.917038 -3.03043
-0.943776 -0.167809 0.284829 1.97438 0.269252 -0.890088 0.367759 13.7791 0.19181 0.423773 0.885226 -2.84522
-0.98968 -0.0182457 0.142126 0.553729 0.07793 -0.900885 0.427004 14.1623 0.120248 0.433674 0.89301 -2.58539
-0.996549 0.00673436 0.0827283 -1.13278 0.029711 -0.901717 0.431304 14.1524 0.0775021 0.432273 0.898406 -2.48853
-0.981903 0.122048 0.144811 -2.6731 -0.0422161 -0.886464 0.460868 14.2882 0.184617 0.446414 0.875574 -2.35828
-0.968289 0.247458 0.0343764 -4.26434 -0.210895 -0.883365 0.418557 14.169 0.133942 0.398034 0.90754 -2.13871
-0.935848 0.352289 -0.00905212 -5.74588 -0.325574 -0.854478 0.404807 13.7124 0.134874 0.381784 0.914358 -1.78472
-0.877385 0.465938 -0.114446 -7.33084 -0.478224 -0.830042 0.286937 13.1712 0.0387 0.306485 0.951088 -1.50147
-0.742764 0.62162 -0.248778 -8.46594 -0.66768 -0.715436 0.205804 12.326 -0.0500524 0.318968 0.946443 -1.41661
-0.714308 0.66835 -0.207539 -9.80628 -0.699824 -0.680801 0.216232 11.1827 0.00322629 0.299697 0.954029 -1.52848
-0.596231 0.773105 -0.216375 -10.9545 -0.801818 -0.586868 0.112575 10.0427 -0.0399513 0.240614 0.969798 -1.51953
-0.558321 0.796882 -0.230777 -12.0306 -0.827497 -0.514996 0.223671 8.63366 0.0593902 0.315847 0.94695 -1.52523
-0.428674 0.865682 -0.258523 -12.9031 -0.902156 -0.394792 0.173935 7.22169 0.0485095 0.307789 0.950217 -1.53552
-0.273758 0.923929 -0.26723 -13.4219 -0.960673 -0.249232 0.122438 5.80891 0.046522 0.290239 0.955823 -1.37816
-0.0675575 0.946955 -0.314185 -13.8264 -0.996715 -0.0499583 0.0637437 4.16062 0.0446662 0.317459 0.947219 -1.303
-0.061161 0.942643 -0.328152 -13.9809 -0.993136 -0.0246309 0.114347 2.40934 0.0997054 0.332893 0.937679 -1.2134
0.0983533 0.943297 -0.317045 -13.8987 -0.993622 0.110744 0.0212527 0.921676 0.0551584 0.312933 0.948172 -1.07288
0.288286 0.924424 -0.249661 -13.8409 -0.951723 0.305328 0.0315801 -0.763617 0.105422 0.228504 0.967818 -0.953674
0.372751 0.896754 -0.238514 -13.287 -0.922632 0.385601 0.00786744 -2.32143 0.0990262 0.217128 0.971107 -0.863162
0.469287 0.845451 -0.254918 -12.6983 -0.874542 0.484947 -0.00161635 -4.0236 0.122255 0.223695 0.966961 -0.753024
0.584548 0.773569 -0.244732 -11.8445 -0.798946 0.601356 -0.00748874 -5.62539 0.141378 0.199906 0.969562 -0.504816
0.626692 0.759028 -0.176448 -10.7838 -0.77569 0.629283 -0.048036 -7.0144 0.074575 0.166973 0.983137 -0.356786
0.754249 0.634042 -0.170585 -9.77276 -0.653684 0.749537 -0.104362 -8.33644 0.0616898 0.190224 0.979801 -0.086709
0.81367 0.546067 -0.199381 -8.38655 -0.5699 0.816961 -0.0882487 -9.52588 0.114697 0.185433 0.97594 0.194699
0.883624 0.462676 -0.0716934 -6.84597 -0.464397 0.846642 -0.25987 -10.5157 -0.0595369 0.262921 0.962979 0.287312
0.958806 0.276158 -0.0665455 -5.25384 -0.283577 0.944218 -0.167438 -11.3393 0.0165943 0.179411 0.983634 0.238811
0.957249 0.281911 -0.064821 -3.69661 -0.289215 0.936966 -0.196087 -11.9462 0.0054561 0.206451 0.978442 0.282777
0.998369 0.0559238 -0.0114665 -1.93375 -0.0570714 0.982481 -0.177411 -12.1701 0.0013441 0.177776 0.98407 0.164475
0.998322 0.0380242 -0.0436814 -0.17118 -0.0454764 0.981731 -0.184759 -12.2223 0.0358581 0.186435 0.981813 0.0986608
0.99208 -0.125403 -0.0071883 1.73021 0.120794 0.968183 -0.21916 -12.0098 0.0344429 0.216556 0.975662 0.146282
0.963012 -0.262107 0.0625053 3.42588 0.268721 0.951318 -0.15094 -11.7959 -0.0199 0.162154 0.986565 0.204746
0.897176 -0.393476 0.200629 5.20411 0.424952 0.892818 -0.149302 -11.0999 -0.120378 0.219208 0.968224 0.176978
0.846591 -0.47646 0.237213 6.83299 0.500928 0.86389 -0.0525764 -10.3391 -0.179875 0.163337 0.970034 -0.20154
0.789296 -0.553147 0.266533 8.43407 0.582623 0.811721 -0.0407493 -9.34138 -0.19381 0.187451 0.962964 -0.463163
0.686714 -0.693933 0.216521 9.59098 0.709279 0.704864 0.00949906 -8.29955 -0.159209 0.14705 0.976232 -0.802618
0.640881 -0.745981 0.181062 10.9205 0.766018 0.636807 -0.0877083 -6.96234 -0.049873 0.194907 0.979553 -1.03421
0.502912 -0.837309 0.21446 12.1271 0.856352 0.516334 0.00774583 -5.43158 -0.117219 0.179758 0.976702 -1.16263
0.385613 -0.895914 0.220545 12.88 0.916441 0.399618 0.021002 -3.92928 -0.10695 0.194018 0.975151 -1.5059
0.247252 -0.936752 0.247715 13.4857 0.965788 0.258897 0.0150535 -2.23591 -0.078234 0.235518 0.968716 -1.66216
0.109345 -0.968313 0.224528 13.9919 0.983949 0.137489 0.113758 -0.492254 -0.141023 0.208485 0.967805 -1.92165
-0.0516989 -0.965685 0.254517 14.2568 0.988053 -0.0124088 0.153617 1.24559 -0.145187 0.259418 0.954789 -2.20587
-0.178367 -0.955691 0.234179 14.1854 0.97652 -0.142713 0.161373 3.07318 -0.120803 0.257464 0.958707 -2.35782
-0.258948 -0.934681 0.243553 13.8015 0.951521 -0.203519 0.230624 5.01138 -0.165992 0.291466 0.942069 -2.69153
-0.342808 -0.898444 0.274373 13.3495 0.90777 -0.24166 0.342862 6.72202 -0.241737 0.366604 0.898424 -2.91465
-0.482522 -0.846222 0.22601 12.5885 0.861411 -0.411764 0.297357 8.38448 -0.158567 0.338168 0.927631 -3.34984
-0.570837 -0.781321 0.252355 11.6291 0.810649 -0.487518 0.324307 9.85472 -0.130361 0.389697 0.91167 -3.7459
-0.66 -0.720633 0.212341 10.4321 0.741712 -0.580104 0.336664 11.3206 -0.119431 0.379694 0.91737 -3.97155
-0.75909 -0.631429 0.158366 9.00232 0.642193 -0.686492 0.341052 12.8129 -0.106633 0.36059 0.926609 -4.17055
-0.848321 -0.463561 0.255857 7.8239 0.528554 -0.770015 0.357363 13.9275 0.0313542 0.438393 0.898237 -4.35904
-0.862612 -0.441791 0.246416 6.18167 0.504606 -0.785833 0.357547 14.9179 0.0356805 0.432767 0.900799 -4.2717
-0.907439 -0.372958 0.193538 4.27581 0.419845 -0.823313 0.381951 15.9094 0.0168908 0.427853 0.903691 -4.17638
-0.958761 -0.270928 0.0858755 2.56728 0.280962 -0.85793 0.430136 16.598 -0.0428608 0.436526 0.89867 -4.07064
-0.992164 -0.106078 0.0660113 0.654155 0.124253 -0.893057 0.432446 16.9458 0.013079 0.43726 0.89924 -3.99844
-0.995709 0.0390695 0.0838883 -1.32143 0.00965884 -0.857679 0.514094 16.9783 0.0920346 0.512699 0.853622 -3.83851
-0.973012 0.200982 0.113375 -3.11838 -0.109036 -0.83346 0.541716 16.9474 0.203369 0.514734 0.83288 -3.90091
-0.9617 0.253694 0.10379 -5.02742 -0.144074 -0.789974 0.595972 16.7749 0.233187 0.558193 0.796269 -3.49091
-0.920239 0.38741 -0.0554468 -6.90477 -0.342899 -0.729872 0.59136 16.4496 0.18863 0.563205 0.804499 -3.00664
-0.865409 0.445538 -0.229267 -8.71739 -0.498658 -0.720996 0.48115 15.6765 0.0490703 0.530717 0.846127 -2.59622
-0.769811 0.568639 -0.289898 -10.374 -0.637467 -0.662161 0.393928 14.5463 0.0320441 0.488051 0.872227 -2.51742
-0.678073 0.678242 -0.283205 -11.8887 -0.734945 -0.621195 0.271979 13.1324 0.00854175 0.392561 0.919686 -2.47879
-0.571279 0.780393 -0.254217 -13.256 -0.820156 -0.554624 0.140484 11.8128 -0.0313618 0.288753 0.95689 -2.52835
-0.523463 0.810067 -0.264156 -14.5872 -0.851694 -0.488525 0.189633 10.0993 0.0245686 0.324245 0.945654 -2.577
-0.380389 0.876649 -0.294602 -15.5532 -0.923701 -0.344422 0.167781 8.45173 0.0456176 0.335946 0.940776 -2.4397
-0.2329 0.923532 -0.304706 -16.1774 -0.972215 -0.21352 0.095949 6.6136 0.0235512 0.318586 0.947601 -2.41923
-0.102297 0.940519 -0.323974 -16.6782 -0.993803 -0.0823899 0.0746168 4.447 0.0434863 0.3296 0.943119 -2.39509
-0.0487486 0.944738 -0.324182 -16.8201 -0.994916 -0.017292 0.099217 2.42916 0.0881283 0.32737 0.940777 -2.2313
0.0695401 0.931735 -0.356419 -16.7198 -0.983822 0.123185 0.130074 0.439201 0.1651 0.341607 0.925228 -1.99917
0.19724 0.912514 -0.358351 -16.5616 -0.968787 0.237413 0.0713243 -1.69346 0.150162 0.333098 0.930858 -1.77361
0.342639 0.873875 -0.344877 -16.1782 -0.936813 0.345389 -0.0555617 -3.54428 0.0705628 0.342123 0.937002 -1.60625
0.448808 0.825794 -0.341519 -15.2163 -0.886188 0.4605 -0.0510957 -5.56728 0.115075 0.325582 0.938485 -1.41243
0.529579 0.786585 -0.317538 -14.4121 -0.838774 0.54141 -0.0577329 -7.30067 0.126507 0.296917 0.946486 -1.23502
0.688196 0.679184 -0.255138 -13.1684 -0.723093 0.670852 -0.164603 -8.98856 0.0593642 0.297767 0.952791 -1.07686
0.761092 0.56889 -0.311613 -11.7507 -0.631649 0.759271 -0.15661 -10.5018 0.147505 0.316025 0.937214 -0.865109
0.830281 0.494946 -0.256246 -10.1145 -0.548497 0.807216 -0.218067 -11.942 0.098915 0.321607 0.941693 -0.494049
0.88542 0.446193 -0.130165 -8.37838 -0.464792 0.850139 -0.247451 -13.1245 0.000247319 0.279598 0.960117 -0.561565
0.935746 0.337154 -0.103474 -6.34669 -0.352396 0.905528 -0.236299 -14.1476 0.01403 0.257579 0.966155 -0.7433
0.96377 0.252762 -0.0851949 -4.37335 -0.266403 0.928047 -0.260303 -14.6842 0.0132702 0.273569 0.961761 -0.605575
0.987977 0.149215 -0.0404471 -2.25893 -0.153535 0.916348 -0.369775 -15.1946 -0.0181125 0.371539 0.92824 -0.432995
0.999625 -0.0215208 0.0169171 -0.162025 0.0248523 0.972571 -0.231276 -15.3172 -0.0114759 0.23161 0.972741 -0.540307
0.97848 -0.201448 0.0446649 2.02989 0.20578 0.936749 -0.283119 -15.0389 0.0151941 0.286218 0.958044 -0.526268
0.950747 -0.309725 0.012303 4.22703 0.30145 0.914647 -0.26935 -14.6382 0.0721715 0.259792 0.962964 -0.603078
0.912638 -0.368614 0.176682 6.44998 0.40381 0.880123 -0.24964 -13.9277 -0.0634812 0.299177 0.952084 -0.554841
0.844633 -0.462809 0.269077 8.45694 0.515684 0.838338 -0.176803 -12.9627 -0.143751 0.288092 0.946752 -0.747917
0.788719 -0.551202 0.272211 10.1196 0.603943 0.777424 -0.175684 -11.7431 -0.114786 0.302965 0.946064 -1.20063
0.718319 -0.650338 0.24714 11.708 0.678095 0.733903 -0.039669 -10.4425 -0.155579 0.19608 0.968167 -1.37292
0.588481 -0.767036 0.255629 13.238 0.806376 0.57978 -0.116673 -9.0339 -0.0587164 0.274793 0.959709 -1.60362
0.514292 -0.803393 0.300104 14.5764 0.854216 0.51099 -0.0959365 -7.02374 -0.0762756 0.305693 0.94907 -1.83108
0.37458 -0.862852 0.339376 15.7395 0.913194 0.40669 0.0260737 -5.06044 -0.160519 0.30015 0.940289 -2.12776
0.287424 -0.929475 0.23122 16.3474 0.947066 0.311843 0.0762907 -2.9933 -0.143015 0.197053 0.969906 -2.43307
0.168995 -0.930715 0.32436 16.8979 0.981163 0.190112 0.0343072 -0.883556 -0.0935949 0.312452 0.945311 -2.69874
0.0228868 -0.966657 0.25505 17.1897 0.992912 0.0517404 0.107001 1.19458 -0.11663 0.250793 0.960989 -2.99832
-0.108357 -0.955898 0.27298 17.1183 0.984149 -0.0643677 0.16525 3.42307 -0.140391 0.286559 0.947721 -3.20602
-0.233504 -0.937673 0.257381 16.7052 0.950495 -0.164301 0.263751 5.44914 -0.205024 0.306226 0.929619 -3.61695
-0.448064 -0.799374 0.4003 16.2168 0.87235 -0.292986 0.391363 7.51704 -0.195562 0.524557 0.82861 -4.02972
-0.502924 -0.816431 0.28374 15.1567 0.850025 -0.40771 0.333512 9.45792 -0.156606 0.408917 0.899034 -4.63762
-0.608452 -0.714654 0.345045 13.9618 0.790525 -0.507635 0.342602 11.2488 -0.0696851 0.481224 0.873824 -5.08988
-0.716524 -0.630006 0.299475 12.66 0.69341 -0.596506 0.404182 13.0835 -0.0759986 0.497265 0.864264 -5.22725
-0.729398 -0.632292 0.261122 11.0333 0.676461 -0.609808 0.412959 14.7474 -0.101877 0.47785 0.872514 -5.31445
-0.788185 -0.561299 0.252405 9.2419 0.610739 -0.662775 0.433275 16.1564 -0.0759095 0.495655 0.865196 -5.59869
-0.890551 -0.407615 0.201913 7.48479 0.454362 -0.775854 0.437728 17.4066 -0.02177 0.481561 0.876142 -5.64841
-0.943954 -0.317671 0.0896388 5.31411 0.32416 -0.841011 0.433153 18.3992 -0.062213 0.437934 0.896852 -5.4837
-0.981039 -0.186362 0.0532207 3.23837 0.190438 -0.875885 0.44335 19.2251 -0.0360084 0.445078 0.894767 -5.62694
-0.997072 -0.0677331 0.0354994 1.0166 0.0764711 -0.885413 0.458472 19.6585 0.000377865 0.459844 0.888 -5.5653
-0.999051 0.043507 -0.00195631 -1.4324 -0.0381558 -0.852748 0.520927 19.6011 0.0209957 0.520507 0.853599 -5.61779
-0.987821 0.152086 0.0328419 -3.64106 -0.105935 -0.812002 0.573961 19.4263 0.113959 0.563491 0.818224 -5.45656
-0.973153 0.227246 0.0364992 -6.07008 -0.166671 -0.805162 0.569153 19.1956 0.158725 0.547789 0.821421 -5.26002
-0.919452 0.392896 -0.0155211 -8.02564 -0.334793 -0.761558 0.554927 18.7122 0.206208 0.515425 0.831754 -4.88104
-0.869817 0.491294 -0.0452569 -10.1192 -0.443647 -0.738719 0.507417 17.7171 0.215859 0.461439 0.860511 -4.42871
-0.813762 0.545945 -0.199339 -12.2404 -0.575347 -0.708156 0.409257 16.5495 0.0822685 0.447727 0.890378 -3.95617
-0.706088 0.628054 -0.32709 -14.0631 -0.707557 -0.644224 0.29041 15.1728 -0.0283262 0.43649 0.899263 -3.8012
-0.611776 0.71452 -0.339399 -15.6975 -0.791006 -0.549176 0.269659 13.4864 0.00628711 0.433437 0.901162 -3.62306
-0.494141 0.811306 -0.312421 -17.1112 -0.868785 -0.447507 0.212013 11.4987 0.0321965 0.376191 0.925983 -3.70684
-0.329997 0.82246 -0.463317 -18.3345 -0.943898 -0.294046 0.150312 9.45756 -0.0126108 0.486926 0.873352 -3.48207
-0.211145 0.860282 -0.464039 -18.9371 -0.976896 -0.169676 0.129941 7.18537 0.0330492 0.480755 0.876232 -3.54427
-0.125278 0.889262 -0.439908 -19.3878 -0.990196 -0.0844569 0.111264 4.82853 0.0617893 0.449533 0.891124 -3.58205
-0.0294184 0.910575 -0.412296 -19.5747 -0.990483 0.0289271 0.13456 2.42483 0.134454 0.412331 0.901058 -3.44768
0.0780817 0.932713 -0.352065 -19.5431 -0.985955 0.124541 0.111275 0.030676 0.147634 0.338432 0.929337 -3.20065
0.214742 0.913414 -0.345775 -19.2594 -0.963248 0.256567 0.0795387 -2.3757 0.161366 0.315986 0.93494 -3.02059
0.367001 0.85995 -0.354677 -18.732 -0.91293 0.406143 0.0400819 -4.62039 0.178518 0.309085 0.934129 -2.73068
0.40942 0.851211 -0.328353 -17.6977 -0.901891 0.431936 -0.00482084 -6.90822 0.137724 0.298113 0.944543 -2.47411
0.573927 0.744662 -0.340715 -16.7485 -0.808833 0.580532 -0.0936588 -9.00134 0.128051 0.329334 0.93549 -2.23794
0.665168 0.685049 -0.297085 -15.2423 -0.745947 0.627428 -0.223377 -11.0748 0.0333754 0.370193 0.928355 -1.91552
0.742752 0.594721 -0.307615 -13.5446 -0.662444 0.71954 -0.208399 -12.8186 0.0974023 0.358567 0.928409 -1.88968
0.822892 0.508441 -0.253648 -11.671 -0.561624 0.795539 -0.227368 -14.4913 0.0861832 0.329554 0.940195 -1.62131
0.894688 0.408078 -0.181674 -9.63581 -0.44348 0.860152 -0.251919 -15.7054 0.0534646 0.305958 0.950543 -1.64018
0.94621 0.275707 -0.169328 -7.36496 -0.314192 0.907934 -0.277378 -16.7196 0.0772637 0.315659 0.945722 -1.53466
0.963051 0.239402 -0.123367 -5.00565 -0.264818 0.925162 -0.271933 -17.4151 0.0490335 0.294555 0.954376 -1.48969
0.997132 0.0699352 -0.0289236 -2.57524 -0.0756695 0.914865 -0.396606 -18.1096 -0.00127553 0.397657 0.917533 -1.41743
0.998376 -0.0485572 0.0297773 -0.160344 0.0560296 0.931303 -0.359911 -18.2091 -0.0102554 0.360995 0.932511 -1.34513
0.986415 -0.151375 0.0638092 2.55636 0.164053 0.927885 -0.334838 -17.9484 -0.0085215 0.340757 0.940113 -1.53855
0.980609 -0.188933 0.0520614 5.01278 0.195125 0.916572 -0.349029 -17.3953 0.018225 0.35242 0.935664 -1.52605
0.920047 -0.35623 0.163134 7.56673 0.38658 0.89313 -0.229947 -16.6711 -0.0637863 0.274626 0.959433 -1.55688
0.84002 -0.494945 0.222252 9.75868 0.538222 0.811857 -0.226287 -15.5759 -0.0684372 0.309707 0.948366 -1.74214
0.776642 -0.591839 0.215763 11.7287 0.62862 0.750318 -0.204597 -14.1633 -0.0408029 0.294531 0.95477 -2.07131
0.71489 -0.644316 0.271642 13.7745 0.695126 0.69693 -0.176321 -12.5794 -0.0757087 0.314875 0.946109 -2.1828
0.601082 -0.730166 0.324899 15.5856 0.797262 0.576047 -0.180394 -10.7896 -0.0554398 0.367461 0.928385 -2.55196
0.543025 -0.767326 0.341079 17.0154 0.835935 0.53248 -0.132955 -8.65726 -0.0795979 0.357317 0.930585 -2.74534
0.432119 -0.81039 0.395654 18.2713 0.893927 0.442821 -0.0693147 -6.3581 -0.119032 0.383638 0.91578 -3.05725
0.268846 -0.877178 0.397845 19.2382 0.956307 0.292361 -0.00162585 -3.88132 -0.114888 0.380899 0.917451 -3.33228
0.175327 -0.900266 0.398474 19.7494 0.979617 0.199831 0.0204459 -1.37804 -0.0980342 0.386767 0.916952 -3.62139
0.0184055 -0.911068 0.411845 20.2751 0.99606 0.052446 0.0715047 1.06783 -0.0867453 0.408907 0.908444 -3.90684
-0.215387 -0.873171 0.437242 20.1212 0.953871 -0.092228 0.285701 3.53109 -0.20914 0.478608 0.852757 -4.16145
-0.360254 -0.858433 0.365116 19.5009 0.883401 -0.188195 0.429168 5.93594 -0.299699 0.477153 0.826139 -4.75166
-0.348996 -0.82767 0.439505 18.4214 0.912818 -0.194116 0.35928 8.30697 -0.21205 0.526576 0.823258 -5.58355
-0.512476 -0.76809 0.383935 17.5222 0.837135 -0.347309 0.42259 10.6655 -0.191243 0.537972 0.820982 -6.02682
-0.562877 -0.724126 0.39851 16.1431 0.819151 -0.424397 0.385848 12.7489 -0.110276 0.543625 0.832052 -6.63324
-0.697845 -0.567858 0.43652 14.6796 0.71601 -0.568822 0.404687 14.8513 0.0184973 0.594961 0.803541 -6.86062
-0.753751 -0.548453 0.362021 12.8834 0.655799 -0.592332 0.46805 16.7503 -0.0422669 0.590206 0.806145 -6.8247
-0.835675 -0.435976 0.334024 10.9128 0.548709 -0.689066 0.473399 18.3691 0.0237736 0.57889 0.815059 -7.11104
-0.88393 -0.353469 0.306149 8.65065 0.464614 -0.737969 0.489424 19.7398 0.0529318 0.574857 0.81654 -7.04996
-0.939088 -0.303861 0.160566 6.23629 0.343545 -0.817094 0.462962 21.0522 -0.00947885 0.489923 0.871714 -6.96033
-0.97933 -0.196198 0.0491906 3.81869 0.196995 -0.869977 0.452032 21.8813 -0.0458929 0.452378 0.890645 -7.03342
-0.997831 -0.0529944 -0.0390599 1.18308 0.0265406 -0.866778 0.497988 22.258 -0.0602468 0.495871 0.866304 -7.02281
-0.997011 0.0555804 -0.053666 -1.57288 -0.0749376 -0.864723 0.496627 22.1994 -0.0188035 0.499164 0.866303 -7.25399
-0.991543 0.115597 0.0589876 -4.2823 -0.0673681 -0.846964 0.527365 21.8482 0.110922 0.518931 0.847589 -7.31947
-0.978135 0.207406 0.015315 -6.78845 -0.162456 -0.80797 0.566385 21.596 0.129846 0.551513 0.823998 -6.93495
-0.944592 0.327898 -0.0151043 -9.3713 -0.274334 -0.76335 0.58484 20.9363 0.180238 0.556579 0.811008 -6.5113
-0.897204 0.425126 -0.119549 -11.6507 -0.4141 -0.715827 0.562239 19.9787 0.153446 0.553949 0.818288 -5.96864
-0.811898 0.519147 -0.267035 -13.9618 -0.578842 -0.656381 0.483845 18.7507 0.0759096 0.547404 0.833419 -5.47281
-0.704498 0.62823 -0.330166 -16.0005 -0.706594 -0.577364 0.409116 17.0517 0.0663928 0.521515 0.850655 -5.17308
-0.590493 0.74823 -0.302441 -17.8467 -0.802682 -0.505595 0.316348 15.0716 0.0837885 0.429565 0.89914 -5.14818
-0.418116 0.818032 -0.394973 -19.4892 -0.907887 -0.390837 0.151617 12.7706 -0.0303428 0.421984 0.906095 -4.92586
-0.374321 0.830633 -0.412228 -20.5613 -0.927296 -0.336382 0.164222 10.318 -0.00225768 0.443729 0.896158 -5.00176
-0.200184 0.870566 -0.449491 -21.4513 -0.979756 -0.178876 0.0898967 7.76608 -0.00214206 0.458387 0.88875 -5.04053
-0.165717 0.90903 -0.382364 -21.9497 -0.979384 -0.106284 0.171786 4.90556 0.115519 0.402949 0.907903 -4.99709
-0.0460345 0.919091 -0.391347 -22.3089 -0.992904 0.000900655 0.118911 2.29091 0.109643 0.394045 0.912528 -4.71453
0.0616958 0.923474 -0.378668 -22.2879 -0.9931 0.0947048 0.0691563 -0.324086 0.0997257 0.371789 0.922945 -4.38715
0.222397 0.899588 -0.375874 -21.9777 -0.966095 0.255201 0.0391573 -3.15103 0.131149 0.354422 0.925843 -4.0192
0.272939 0.877451 -0.39444 -21.3108 -0.953111 0.302339 0.0130471 -5.88296 0.130703 0.372384 0.918829 -3.68715
0.405481 0.836346 -0.368932 -20.3832 -0.905141 0.423731 -0.034237 -8.38247 0.127694 0.347818 0.928826 -3.44647
0.551673 0.73264 -0.398618 -19.1198 -0.827179 0.541858 -0.148879 -10.7475 0.10692 0.411861 0.904952 -3.24688
0.681488 0.646816 -0.342348 -17.49 -0.731772 0.596423 -0.329833 -12.9413 -0.00915682 0.475298 0.879777 -2.97947
0.69243 0.637719 -0.337426 -15.3816 -0.720018 0.640607 -0.266829 -14.9466 0.0459955 0.427713 0.902744 -3.13546
0.810396 0.500798 -0.304072 -13.2691 -0.580258 0.757794 -0.298409 -16.8474 0.0809814 0.41827 0.904706 -2.78145
0.896551 0.399061 -0.192218 -10.8953 -0.442102 0.832908 -0.332882 -18.3005 0.0272596 0.383425 0.92317 -2.6253
0.941901 0.30078 -0.149516 -8.35531 -0.33577 0.85511 -0.395025 -19.4327 0.00903672 0.422277 0.906422 -2.67413
0.978726 0.185876 -0.0868633 -5.69122 -0.204846 0.909116 -0.362694 -20.2595 0.0115525 0.372772 0.927851 -2.6137
0.993284 0.114463 -0.0168824 -2.70392 -0.111417 0.90693 -0.40628 -20.7624 -0.0311929 0.405433 0.913592 -2.48613
0.99572 -0.0617172 0.0688006 0.087923 0.0855511 0.897153 -0.433357 -20.9696 -0.0349791 0.437388 0.898592 -2.57186
0.985466 -0.162064 0.0509056 2.95379 0.168893 0.902653 -0.395844 -20.706 0.0182018 0.398688 0.916906 -2.6941
0.971569 -0.230092 0.0557827 5.82295 0.236097 0.923999 -0.300807 -20.2327 0.01767 0.305424 0.952052 -2.63115
0.917341 -0.353023 0.184013 8.54741 0.393518 0.874042 -0.284947 -19.4445 -0.0602421 0.333806 0.940715 -2.52569
0.833196 -0.443346 0.330498 11.1563 0.532816 0.803568 -0.265303 -18.1826 -0.147957 0.397144 0.905751 -2.52224
0.79508 -0.537908 0.280184 13.5557 0.600637 0.762438 -0.240672 -16.4069 -0.0841638 0.359642 0.929287 -3.15943
0.678211 -0.611177 0.408035 15.8086 0.728968 0.62974 -0.26839 -14.7158 -0.0929216 0.47947 0.872625 -3.30653
0.637706 -0.657917 0.400594 17.7199 0.76658 0.592978 -0.24644 -12.6031 -0.075406 0.464243 0.882492 -3.70084
0.512969 -0.784195 0.349144 19.4146 0.858371 0.464886 -0.216979 -10.1891 0.00784187 0.410999 0.911602 -4.1075
0.441056 -0.76121 0.475424 20.8766 0.894218 0.417847 -0.160555 -7.60229 -0.0764385 0.495946 0.864982 -4.1783
0.245738 -0.852077 0.462145 21.8923 0.952445 0.300863 0.048267 -4.80447 -0.18017 0.428307 0.88549 -4.42466
0.132175 -0.883215 0.449957 22.6423 0.98289 0.175532 0.0558248 -2.07204 -0.128287 0.434879 0.891304 -4.89013
-0.00120395 -0.882031 0.47119 22.9536 0.988599 0.0698947 0.133364 0.837632 -0.150564 0.465978 0.871891 -5.23613
-0.151661 -0.875381 0.459029 22.7324 0.953935 -0.00800709 0.299905 3.74042 -0.258856 0.483368 0.836271 -5.68274
-0.343552 -0.824561 0.449523 22.2096 0.911507 -0.17752 0.371001 6.28722 -0.226114 0.537201 0.812581 -6.46761
-0.399763 -0.803011 0.441999 21.1301 0.904323 -0.266804 0.333189 8.95054 -0.149627 0.532907 0.83284 -7.30434
-0.471395 -0.809226 0.350628 19.7464 0.861145 -0.336557 0.380998 11.5946 -0.190307 0.481542 0.855512 -7.78446
-0.577061 -0.719535 0.386355 18.332 0.804662 -0.419983 0.419683 14.0938 -0.139714 0.553068 0.821338 -8.36776
-0.676851 -0.610284 0.411614 16.4518 0.731826 -0.497565 0.465682 16.464 -0.0793935 0.616427 0.783399 -8.60003
-0.739393 -0.539492 0.402798 14.4786 0.673097 -0.578597 0.460615 18.6151 -0.0154405 0.611697 0.790941 -8.89831
-0.823394 -0.451721 0.343468 12.3445 0.566311 -0.615442 0.548199 20.414 -0.0362481 0.645894 0.762566 -8.78411
-0.870041 -0.33933 0.357609 9.79147 0.491247 -0.657522 0.571263 22.0568 0.0412889 0.672696 0.738766 -8.8687
-0.902338 -0.293129 0.316007 7.09323 0.423217 -0.741473 0.520677 23.5164 0.0816852 0.603567 0.793117 -8.58543
-0.980744 -0.161226 0.110216 4.34711 0.194662 -0.852517 0.485099 24.4394 0.0157506 0.497213 0.867485 -8.52048
-0.999462 -0.0217451 -0.0245351 1.29029 0.00332951 -0.811831 0.583883 24.9047 -0.0326149 0.583487 0.811467 -8.5873
-0.999075 0.0278533 -0.0327668 -1.71884 -0.0410818 -0.843454 0.535628 24.7769 -0.0127183 0.536479 0.843818 -8.76994
-0.99133 0.131364 0.00304999 -4.53072 -0.10915 -0.836173 0.537495 24.5133 0.0731578 0.532502 0.843261 -8.8998
-0.955727 0.294132 -0.00847265 -7.51317 -0.248589 -0.791668 0.558091 24.0929 0.157445 0.535489 0.829736 -8.71299
-0.906368 0.415014 -0.0791305 -10.2958 -0.38819 -0.744124 0.54368 23.2635 0.166752 0.523492 0.835554 -8.218
-0.859086 0.500961 -0.104924 -13.016 -0.47631 -0.707449 0.522155 22.244 0.187351 0.498552 0.846372 -7.75373
-0.773917 0.587032 -0.237584 -15.6056 -0.617862 -0.617619 0.486614 20.7804 0.138921 0.523393 0.840691 -7.20321
-0.677666 0.648495 -0.346732 -17.9806 -0.731147 -0.543716 0.412066 18.8166 0.0786987 0.532755 0.842602 -6.8201
-0.592927 0.72237 -0.355836 -20.0377 -0.802516 -0.493662 0.335061 16.5541 0.0663759 0.484231 0.872419 -6.51179
-0.437592 0.777965 -0.45087 -21.8412 -0.899118 -0.384144 0.20981 14.0155 -0.00997429 0.497197 0.86758 -6.33472
-0.388784 0.833115 -0.393404 -23.0994 -0.919042 -0.32062 0.229269 11.2615 0.064874 0.450691 0.890319 -6.42177
-0.211803 0.863793 -0.457167 -24.1231 -0.975549 -0.158774 0.151971 8.38114 0.0586847 0.478177 0.876301 -6.44182
-0.15494 0.903573 -0.399436 -24.6074 -0.983709 -0.103797 0.146774 5.27854 0.0911605 0.41567 0.904935 -6.28876
-0.0668801 0.896855 -0.437239 -25.0137 -0.993998 -0.0218658 0.107192 2.23026 0.0865747 0.441783 0.892935 -6.07011
0.065882 0.875625 -0.478477 -25.1654 -0.985467 0.132339 0.106494 -0.736665 0.15657 0.464507 0.871619 -5.80144
0.204403 0.855224 -0.476246 -24.737 -0.963418 0.261907 0.0568271 -3.82542 0.173332 0.447209 0.877474 -5.29147
0.344091 0.836002 -0.427436 -24.0398 -0.932619 0.357027 -0.0524778 -6.74336 0.108735 0.416692 0.902521 -4.93965
0.448667 0.817744 -0.360545 -22.8584 -0.889903 0.445934 -0.0959958 -9.71193 0.0822793 0.363921 0.927789 -4.65823
0.564448 0.729949 -0.385452 -21.2802 -0.823654 0.528977 -0.204395 -12.39 0.0546974 0.432849 0.899805 -4.60095
0.663011 0.647361 -0.375952 -19.4276 -0.748451 0.583559 -0.315088 -14.7384 0.0154141 0.490289 0.871424 -4.5383
0.709489 0.59567 -0.376567 -17.1539 -0.702852 0.636964 -0.316664 -16.9841 0.051232 0.48934 0.870587 -4.43879
0.811685 0.475319 -0.339468 -14.7057 -0.579524 0.72792 -0.366448 -19.195 0.0729261 0.49417 0.866301 -4.20284
0.895543 0.37724 -0.235992 -12.1224 -0.444682 0.777934 -0.443932 -20.82 0.0161175 0.502502 0.864426 -3.99908
0.939833 0.292179 -0.177047 -9.28771 -0.341235 0.827891 -0.445146 -21.9927 0.0165138 0.478777 0.877781 -4.0714
0.980327 0.174351 -0.0925279 -6.1733 -0.197377 0.862352 -0.466253 -23.0667 -0.00150022 0.475343 0.879799 -3.95776
0.994981 0.0597968 -0.0802273 -3.0387 -0.0914938 0.868301 -0.487527 -23.5874 0.0405088 0.492421 0.869414 -3.86696
0.999839 0.0116432 -0.0136215 0.26693 -0.0169815 0.858355 -0.512775 -23.7444 0.00572173 0.512924 0.858415 -3.82585
0.983899 -0.178703 0.00280537 3.42413 0.156443 0.853535 -0.496995 -23.6287 0.0864202 0.489432 0.867749 -3.9025
0.976927 -0.205557 0.0579694 6.57538 0.211751 0.896824 -0.388419 -23.0559 0.0278539 0.391732 0.919658 -3.79181
0.909271 -0.365366 0.199332 9.54825 0.415787 0.818835 -0.395766 -22.1263 -0.0186203 0.442738 0.896458 -3.79396
0.832559 -0.453863 0.317576 12.4686 0.551404 0.733793 -0.396864 -20.7514 -0.0529128 0.505525 0.861188 -3.9314
0.795332 -0.508423 0.330081 15.1331 0.604835 0.701778 -0.376406 -18.8693 -0.0402702 0.499013 0.865659 -4.25594
0.677003 -0.598351 0.428536 17.5876 0.727214 0.633448 -0.264392 -16.722 -0.113256 0.490631 0.863976 -4.625
0.611486 -0.658773 0.438295 19.7178 0.780876 0.591849 -0.199867 -14.3288 -0.127738 0.46447 0.876328 -5.18681
0.499947 -0.733632 0.460257 21.7707 0.865021 0.44897 -0.223974 -11.6486 -0.0423273 0.510107 0.859069 -5.58952
0.433985 -0.776974 0.456036 23.2356 0.896633 0.42182 -0.1346 -8.79018 -0.0877844 0.467311 0.879724 -5.67733
0.291109 -0.824714 0.484874 24.5391 0.947795 0.317569 -0.02889 -5.76876 -0.130155 0.467971 0.874107 -5.8527
0.143176 -0.85097 0.505322 25.1834 0.981631 0.18716 0.0370496 -2.75224 -0.126104 0.490735 0.862135 -6.21184
-0.0343751 -0.883693 0.466803 25.6239 0.99008 0.0335578 0.136436 0.503505 -0.136233 0.466863 0.873773 -6.7125
-0.185963 -0.822918 0.536865 25.4269 0.946504 -0.0033812 0.322674 3.78281 -0.263719 0.568151 0.779524 -7.33014
-0.318541 -0.807667 0.496192 24.6745 0.916803 -0.129509 0.377755 6.75566 -0.240839 0.575241 0.781726 -8.1787
-0.391844 -0.789013 0.473199 23.5578 0.898717 -0.218189 0.380395 9.73931 -0.19689 0.574328 0.794596 -8.89199
-0.503484 -0.739654 0.44656 22.2751 0.848097 -0.324363 0.418952 12.5396 -0.165032 0.589662 0.790609 -9.54411
-0.59458 -0.70714 0.382657 20.4402 0.797959 -0.460573 0.388758 15.3199 -0.098665 0.536493 0.838117 -10.1163
-0.663043 -0.654178 0.363902 18.4111 0.741302 -0.506164 0.44076 17.9124 -0.104142 0.562004 0.820552 -10.4487
-0.751203 -0.546488 0.370194 16.1599 0.657639 -0.571555 0.490749 20.2329 -0.0566022 0.612107 0.788747 -10.8057
-0.825199 -0.44079 0.3532 13.6379 0.564761 -0.633357 0.529059 22.2393 -0.0095019 0.636053 0.771587 -10.8859
-0.839631 -0.324833 0.43532 10.8788 0.533759 -0.641901 0.550513 24.0746 0.100607 0.694584 0.712342 -11.0276
-0.889762 -0.263409 0.372746 8.05284 0.443384 -0.692646 0.568904 25.756 0.108327 0.671459 0.733081 -10.5599
-0.986252 -0.138863 0.0895761 4.9582 0.162721 -0.721663 0.672848 26.9919 -0.0287902 0.678173 0.734338 -10.2687
-0.999865 0.00232926 -0.016277 1.44287 -0.012762 -0.734127 0.678893 27.4554 -0.010368 0.679009 0.734057 -10.4916
-0.995729 0.0600941 -0.0700956 -1.90414 -0.0900233 -0.800515 0.592513 27.2277 -0.020506 0.596292 0.802506 -10.5236
-0.984239 0.174601 0.028081 -5.10488 -0.125353 -0.800815 0.585647 26.9367 0.124742 0.572896 0.81008 -10.561
-0.959421 0.281227 0.0205697 -8.4143 -0.225594 -0.809296 0.542353 26.4745 0.169171 0.515705 0.839899 -10.3304
-0.922455 0.383956 -0.0406773 -11.5277 -0.339055 -0.755137 0.561079 25.5293 0.184713 0.531362 0.826762 -9.90566
-0.875437 0.474327 -0.0928632 -14.5662 -0.443417 -0.711726 0.544819 24.141 0.192329 0.518132 0.833396 -9.46636
-0.800016 0.562123 -0.209741 -17.4691 -0.585304 -0.654365 0.478774 22.6435 0.131883 0.50579 0.852516 -9.00266
-0.703324 0.649296 -0.289398 -20.064 -0.697109 -0.550252 0.459633 20.5716 0.139196 0.525013 0.839635 -8.59017
-0.630699 0.65622 -0.414239 -22.399 -0.774926 -0.504135 0.381233 17.9856 0.0413402 0.561447 0.826479 -8.20978
-0.49121 0.75854 -0.42817 -24.3207 -0.870992 -0.422501 0.250733 15.2279 0.00928886 0.496095 0.868219 -8.04353
-0.387097 0.823731 -0.414274 -25.6781 -0.921935 -0.339037 0.187322 12.0849 0.0138487 0.454445 0.890667 -8.00061
-0.22726 0.834047 -0.502711 -26.8556 -0.972628 -0.168719 0.159774 8.83432 0.0484426 0.525261 0.849561 -7.92072
-0.134794 0.875631 -0.46379 -27.3948 -0.986257 -0.0734323 0.148001 5.58604 0.0955373 0.477365 0.873496 -7.84201
-0.062484 0.870038 -0.48901 -27.7286 -0.991724 0.000936753 0.128386 2.06668 0.112158 0.492985 0.862778 -7.39602
0.05306 0.861782 -0.504496 -27.7707 -0.989922 0.11182 0.0868973 -1.23214 0.131299 0.494801 0.85903 -7.12485
0.192954 0.833118 -0.518347 -27.325 -0.970135 0.241124 0.0264169 -4.65779 0.146994 0.497769 0.854762 -6.75702
0.325786 0.780421 -0.533673 -26.6775 -0.927802 0.372438 -0.0217481 -7.85191 0.181788 0.502229 0.845411 -6.42066
0.507021 0.775592 -0.376015 -25.3139 -0.861758 0.464953 -0.202959 -11.0813 0.0174162 0.426938 0.904113 -5.90072
0.603178 0.691221 -0.397983 -23.5961 -0.797597 0.525205 -0.296646 -14.0206 0.00397517 0.49636 0.868107 -5.96712
0.687535 0.559563 -0.462802 -21.4995 -0.718792 0.614944 -0.324318 -16.5434 0.103121 0.555638 0.825004 -6.0138
0.719134 0.560656 -0.410501 -18.9358 -0.68919 0.650881 -0.318388 -19.0183 0.0886808 0.511877 0.854469 -5.98984
0.817204 0.50476 -0.278199 -16.1697 -0.576238 0.724985 -0.377288 -21.4161 0.0112505 0.46863 0.883323 -5.69372
0.906235 0.324118 -0.271449 -13.361 -0.419867 0.76514 -0.488132 -23.2454 0.0494845 0.556335 0.829483 -5.71889
0.949694 0.259263 -0.17568 -10.129 -0.313031 0.803027 -0.507109 -24.5948 0.00960142 0.536592 0.843787 -5.52209
0.971685 0.197964 -0.128986 -6.72556 -0.236263 0.820242 -0.520944 -25.6513 0.0026716 0.536668 0.843789 -5.49027
0.994671 0.0792868 -0.0659079 -3.35703 -0.102395 0.834447 -0.541492 -26.3066 0.0120634 0.545355 0.838118 -5.44914
0.999767 -0.00260312 -0.0214337 0.17289 -0.0090881 0.849747 -0.527112 -26.4031 0.0195854 0.527184 0.849525 -5.44962
0.989319 -0.137064 0.0496101 3.77507 0.142965 0.845985 -0.513684 -26.3021 0.028438 0.51529 0.856544 -5.43361
0.962948 -0.237906 0.127009 7.18483 0.269616 0.86002 -0.433213 -25.7217 -0.00616661 0.451406 0.892298 -5.13917
0.901787 -0.35755 0.242771 10.6377 0.429957 0.799128 -0.420157 -24.5385 -0.0437779 0.483274 0.874374 -5.20258
0.855978 -0.376732 0.354084 13.7955 0.511952 0.713208 -0.478789 -22.9666 -0.0721606 0.591107 0.803359 -5.40827
0.763546 -0.448323 0.464763 16.6296 0.632682 0.663453 -0.399429 -21.0085 -0.129276 0.599029 0.790223 -5.73806
0.711905 -0.448776 0.540177 19.3956 0.684851 0.613924 -0.392526 -18.6394 -0.155471 0.649382 0.7444 -6.19063
0.631881 -0.570854 0.524264 21.7603 0.767212 0.556729 -0.318495 -16.1453 -0.110059 0.603473 0.789752 -6.71033
0.529625 -0.6714 0.518382 23.8394 0.844433 0.475108 -0.247396 -13.0295 -0.0801852 0.568766 0.818581 -7.2718
0.43252 -0.748972 0.501964 25.5239 0.901567 0.365545 -0.231417 -9.97376 -0.0101652 0.552647 0.833354 -7.43793
0.28897 -0.809769 0.510656 27.0548 0.951509 0.301713 -0.06 -6.74691 -0.105486 0.503232 0.857689 -7.33818
0.204969 -0.794038 0.572268 27.8606 0.975014 0.216808 -0.0483942 -3.27621 -0.0856453 0.567889 0.818638 -7.93352
-0.0689051 -0.732026 0.677783 28.3841 0.952297 0.154199 0.263352 0.387004 -0.297294 0.663597 0.686481 -8.27831
-0.143313 -0.756942 0.637574 27.8688 0.967388 0.0288133 0.251656 3.72383 -0.20886 0.652847 0.728127 -9.31791
-0.288764 -0.758707 0.583934 27.1398 0.948691 -0.144674 0.281167 7.13399 -0.128844 0.635164 0.761555 -10.0763
-0.365709 -0.743214 0.560259 25.8832 0.921505 -0.204595 0.330106 10.3135 -0.130713 0.637004 0.759698 -10.6527
-0.473129 -0.704302 0.529252 24.379 0.87548 -0.308766 0.371751 13.5502 -0.0984097 0.639235 0.762688 -11.2245
-0.583639 -0.718537 0.378247 22.5077 0.800136 -0.429515 0.418688 16.6307 -0.138379 0.547012 0.825609 -11.7745
-0.647266 -0.656797 0.386864 20.3252 0.748773 -0.452778 0.484077 19.4123 -0.142777 0.603 0.78486 -12.2206
-0.809323 -0.493312 0.31881 17.9115 0.579983 -0.585405 0.566499 21.9301 -0.0928273 0.643385 0.759894 -12.7227
-0.835063 -0.447895 0.31947 15.0305 0.54852 -0.633096 0.546183 23.9989 -0.0423775 0.631332 0.774354 -13.0873
-0.851057 -0.33225 0.406585 11.9215 0.515826 -0.673724 0.529169 26.0132 0.09811 0.66008 0.744761 -13.1438
-0.892634 -0.26492 0.364723 8.64364 0.438922 -0.695166 0.569291 27.74 0.102726 0.668253 0.736808 -12.8383
-0.973397 -0.165589 0.158363 5.31662 0.229116 -0.709758 0.666146 29.1387 0.00209339 0.684707 0.728815 -12.4704
-0.999722 -0.0214252 0.00984896 1.72606 0.0225013 -0.741863 0.670173 29.7538 -0.00705199 0.670209 0.742139 -12.6261
-0.998119 0.0587776 0.0174324 -1.94853 -0.0370016 -0.804249 0.59314 29.6202 0.0488833 0.591379 0.804911 -12.6121
-0.983011 0.183545 0.000344999 -5.65306 -0.148 -0.793753 0.58996 29.3554 0.108558 0.579886 0.807432 -12.4315
-0.962625 0.270318 -0.0167626 -9.18657 -0.233805 -0.798173 0.555206 28.8892 0.136703 0.538375 0.831544 -12.1124
-0.926633 0.36659 -0.0834453 -12.71 -0.352888 -0.771493 0.529404 27.8555 0.129696 0.52001 0.844256 -11.5784
-0.883351 0.454882 -0.113017 -16.0233 -0.422512 -0.668401 0.612146 26.3519 0.202914 0.588491 0.782626 -11.201
-0.835086 0.511602 -0.202225 -19.2226 -0.527622 -0.640806 0.557658 24.422 0.155712 0.572391 0.80506 -10.6172
-0.687345 0.643573 -0.336705 -22.0842 -0.715633 -0.520789 0.465455 22.2578 0.124203 0.560885 0.818524 -10.1434
-0.60727 0.655336 -0.449175 -24.4403 -0.789343 -0.433369 0.434891 19.5269 0.0903409 0.618649 0.780456 -9.93388
-0.457261 0.717095 -0.526011 -26.659 -0.887652 -0.331655 0.3195 16.4588 0.0546576 0.613009 0.788183 -9.60551
-0.364797 0.811841 -0.455893 -28.0632 -0.930735 -0.304485 0.202539 12.9878 0.0256173 0.498201 0.866683 -9.41034
-0.263754 0.807143 -0.528161 -29.2646 -0.964529 -0.214518 0.153839 9.44182 0.01087 0.550002 0.835093 -9.52337
-0.15192 0.843519 -0.515165 -29.9542 -0.985304 -0.0880715 0.146356 5.87343 0.0780825 0.529829 0.844503 -9.3936
-0.0939266 0.840951 -0.532896 -30.2061 -0.989535 -0.0199641 0.142907 2.09616 0.109539 0.540742 0.834026 -9.02479
0.0886783 0.819701 -0.565886 -30.3381 -0.993498 0.113512 0.008737 -1.54873 0.0713966 0.561432 0.824437 -8.6299
0.168869 0.76462 -0.621964 -29.7512 -0.976607 0.215032 -0.000805758 -5.29888 0.133126 0.60755 0.783045 -8.36053
0.28725 0.665308 -0.689095 -29.0594 -0.947683 0.301971 -0.103494 -8.91492 0.139231 0.682772 0.717242 -7.88058
0.528951 0.612579 -0.587331 -27.7452 -0.848126 0.357203 -0.391266 -12.4383 -0.0298849 0.705091 0.708487 -7.41123
0.590634 0.578511 -0.562563 -25.6071 -0.806791 0.436729 -0.397939 -15.5021 0.0154752 0.688907 0.724684 -7.56722
0.674184 0.525915 -0.518545 -23.193 -0.737148 0.522591 -0.428382 -18.5052 0.0456943 0.671053 0.74 -7.75217
0.729863 0.409812 -0.547133 -20.5516 -0.661977 0.623397 -0.416128 -21.1012 0.170547 0.665905 0.726281 -7.65957
0.823253 0.423299 -0.378248 -17.6772 -0.567378 0.592019 -0.572359 -23.535 -0.018349 0.685807 0.727553 -7.20608
0.893198 0.34273 -0.291089 -14.3636 -0.449462 0.699836 -0.55517 -25.456 0.0134411 0.62671 0.779136 -7.31034
0.924199 0.267144 -0.27293 -10.9059 -0.374674 0.772692 -0.512412 -27.0119 0.0740031 0.57583 0.814213 -7.21775
0.975545 0.17295 -0.13565 -7.34809 -0.218784 0.823368 -0.523641 -28.1217 0.0211258 0.540513 0.84107 -7.08231
0.996263 0.0669044 -0.0546214 -3.52675 -0.085961 0.829517 -0.551826 -28.7131 0.00838983 0.554459 0.832169 -7.10144
0.997348 -0.0132067 -0.0715702 0.283286 -0.0303929 0.817961 -0.57447 -28.9256 0.0661285 0.575121 0.815391 -7.10597
0.990752 -0.135681 0.00118148 4.18107 0.112639 0.817577 -0.564695 -28.8085 0.0756526 0.559606 0.825299 -6.96683
0.943966 -0.248795 0.21686 7.93992 0.32848 0.772071 -0.544066 -28.3801 -0.0320699 0.584814 0.810533 -6.53683
0.911648 -0.267206 0.312248 11.5149 0.402941 0.730619 -0.551212 -27.0418 -0.0808477 0.628329 0.773735 -6.73973
0.854458 -0.343719 0.389563 14.9839 0.505045 0.725344 -0.467766 -25.1021 -0.121787 0.596433 0.79337 -7.18946
0.780203 -0.458696 0.425301 18.0909 0.618906 0.664722 -0.418449 -23.0126 -0.0907659 0.589697 0.802508 -7.69778
0.704941 -0.540426 0.459344 20.9145 0.705288 0.602614 -0.373398 -20.4489 -0.0750135 0.587193 0.805963 -8.26812
0.582293 -0.649874 0.488466 23.4537 0.811149 0.504716 -0.295464 -17.7123 -0.0545225 0.568265 0.821037 -8.72598
0.564477 -0.641418 0.519566 25.7003 0.823656 0.479135 -0.303348 -14.4828 -0.054369 0.599176 0.798769 -9.03441
0.46083 -0.704857 0.53927 27.8127 0.885814 0.328002 -0.32825 -11.1298 0.054488 0.62896 0.775526 -9.12261
0.208263 -0.713818 0.668648 29.521 0.962723 0.270253 -0.0113479 -7.64255 -0.172603 0.646086 0.743493 -9.00841
0.11974 -0.785356 0.607353 30.2566 0.978789 0.195816 0.0602376 -3.94873 -0.166237 0.587257 0.792145 -9.78013
-0.0818173 -0.773159 0.628913 30.6152 0.985813 0.030013 0.165144 -0.0908772 -0.146558 0.633502 0.759734 -10.5152
-0.163243 -0.736579 0.656356 30.1905 0.970069 0.00138947 0.242826 3.73736 -0.179773 0.67635 0.714306 -11.3434
-0.271272 -0.75532 0.596576 29.4004 0.951065 -0.115083 0.286759 7.43294 -0.147939 0.645172 0.749578 -12.1488
-0.387698 -0.724916 0.569374 28.1148 0.911651 -0.210198 0.353141 10.928 -0.136316 0.655983 0.742364 -12.7642
-0.449962 -0.651398 0.610913 26.6137 0.891764 -0.291066 0.346465 14.4831 -0.0478708 0.700687 0.711861 -13.2856
-0.601621 -0.610956 0.514574 24.7925 0.783315 -0.325088 0.529845 17.8632 -0.15643 0.721839 0.67415 -13.5545
-0.667348 -0.542708 0.510014 22.2913 0.735595 -0.373309 0.565279 20.8058 -0.116388 0.752402 0.64834 -14.2617
-0.777414 -0.458089 0.431025 19.4264 0.626822 -0.507402 0.591301 23.5156 -0.0521659 0.729862 0.681602 -14.8331
-0.818066 -0.422396 0.39032 16.2559 0.575098 -0.594254 0.562249 25.8725 -0.00554225 0.684429 0.729058 -15.0908
-0.890763 -0.297171 0.343847 13.016 0.445533 -0.7203 0.531666 28.055 0.0896771 0.626783 0.774016 -15.1025
-0.908527 -0.267063 0.321335 9.43936 0.415491 -0.658656 0.627327 29.687 0.0441132 0.703456 0.709369 -14.7769
-0.97774 -0.127857 0.166363 5.78809 0.207609 -0.704303 0.678863 31.2015 0.030373 0.69829 0.71517 -14.5753
-0.996578 -0.0579294 0.0589547 1.84018 0.0826127 -0.720328 0.688697 31.939 0.00257094 0.691211 0.722649 -14.6383
-0.998067 0.0609721 0.0120609 -2.16184 -0.0378691 -0.750419 0.659877 32.0555 0.0492848 0.658144 0.751277 -14.4829
-0.991652 0.128879 -0.00416719 -6.16866 -0.106832 -0.803061 0.586242 31.7957 0.0722076 0.581793 0.810125 -14.2283
-0.966233 0.254733 -0.0387976 -10.0336 -0.236448 -0.816704 0.526391 31.241 0.102403 0.51779 0.849357 -13.8392
-0.918218 0.39041 -0.0667455 -13.7373 -0.362123 -0.759241 0.540758 30.1294 0.160441 0.520704 0.838526 -13.4497
-0.870299 0.443057 -0.21513 -17.3485 -0.484441 -0.691232 0.536204 28.4473 0.0888641 0.570876 0.816213 -12.8534
-0.814032 0.504937 -0.287037 -20.7252 -0.571719 -0.609452 0.549278 26.4574 0.102416 0.611234 0.784795 -12.4057
-0.70199 0.562914 -0.436278 -23.8834 -0.711486 -0.527145 0.464656 23.8634 0.0315796 0.63659 0.770556 -11.9947
-0.570582 0.656977 -0.492765 -26.5842 -0.818995 -0.410868 0.400543 20.9241 0.060686 0.632115 0.772495 -11.8306
-0.500622 0.698148 -0.511828 -28.8332 -0.861146 -0.341293 0.376758 17.5189 0.0883491 0.629372 0.772066 -11.5329
-0.326697 0.741025 -0.586644 -30.6073 -0.943493 -0.292206 0.156321 13.8394 -0.055583 0.604564 0.794615 -11.1267
-0.253196 0.768575 -0.587524 -31.766 -0.96723 -0.189251 0.169262 9.97838 0.0189003 0.611128 0.791306 -11.2549
-0.120558 0.8168 -0.564184 -32.4842 -0.988608 -0.0471963 0.142923 6.06663 0.090112 0.574987 0.813185 -11.0565
-0.0446097 0.816407 -0.575751 -32.7623 -0.990954 0.0368579 0.129044 2.073 0.126573 0.576299 0.807377 -10.7813
0.141105 0.824257 -0.548352 -32.7864 -0.988426 0.148466 -0.0311802 -1.78736 0.0557111 0.546405 0.835666 -10.3487
0.205376 0.754873 -0.622886 -31.9557 -0.972766 0.227332 -0.0452342 -5.87637 0.107456 0.615213 0.781004 -10.366
0.360462 0.652211 -0.66685 -31.1142 -0.923686 0.349137 -0.157821 -9.76237 0.12989 0.672848 0.728289 -10.1633
0.530527 0.647761 -0.54676 -29.5693 -0.847276 0.385621 -0.365267 -13.4874 -0.0257635 0.657041 0.753415 -9.7161
0.611477 0.586823 -0.530787 -27.2723 -0.791221 0.460326 -0.402578 -16.8462 0.00809297 0.666137 0.745786 -9.80003
0.719944 0.524537 -0.454468 -24.7381 -0.693657 0.5223 -0.496027 -20.0509 -0.0228157 0.672357 0.739876 -9.60639
0.742946 0.433608 -0.509916 -21.8194 -0.664785 0.566831 -0.486583 -22.8397 0.07805 0.70049 0.709381 -9.78611
0.84231 0.358438 -0.402536 -18.7546 -0.537486 0.614383 -0.577618 -25.4705 0.0402705 0.702891 0.710157 -9.45757
0.874342 0.346351 -0.339953 -15.2483 -0.484426 0.66513 -0.568272 -27.588 0.0292913 0.661546 0.749332 -9.29729
0.941388 0.228106 -0.248507 -11.7726 -0.330999 0.766649 -0.550171 -29.4417 0.0650204 0.60018 0.797218 -9.12848
0.983756 0.114159 -0.138532 -7.91556 -0.171073 0.830018 -0.530852 -30.548 0.0543827 0.545928 0.836065 -8.87546
0.994742 0.0965463 -0.0341517 -3.72792 -0.0984708 0.810153 -0.577889 -31.1673 -0.028125 0.578214 0.8154 -8.96867
0.998878 0.00615435 -0.0469537 0.434459 -0.0329759 0.802011 -0.596398 -31.3528 0.0339869 0.597277 0.801315 -8.89714
0.991922 -0.12661 0.00777262 4.5142 0.0970342 0.717892 -0.689359 -31.4195 0.0816997 0.684544 0.724379 -8.6805
0.942907 -0.168301 0.287405 8.61936 0.320041 0.69673 -0.641982 -30.7997 -0.0921974 0.697311 0.710814 -8.43357
0.884313 -0.294214 0.362531 12.3461 0.451063 0.738841 -0.500656 -29.2843 -0.120553 0.60626 0.786076 -8.768
0.879074 -0.326851 0.346982 16.0321 0.465853 0.743359 -0.479998 -27.2341 -0.101044 0.583597 0.805733 -9.08226
0.773098 -0.482695 0.411492 19.4539 0.632338 0.637346 -0.440385 -25.1225 -0.0496914 0.600663 0.797957 -9.55758
0.710501 -0.522992 0.470816 22.5659 0.697737 0.610469 -0.374822 -22.23 -0.0913901 0.594817 0.798649 -10.0739
0.643579 -0.603277 0.471023 25.4548 0.762029 0.562569 -0.320668 -19.3127 -0.0715313 0.565308 0.821772 -10.548
0.551197 -0.683068 0.479166 27.8058 0.833618 0.475287 -0.281394 -15.945 -0.0355305 0.554545 0.831395 -10.9037
0.422833 -0.748551 0.510768 29.8882 0.905445 0.372099 -0.204236 -12.2241 -0.0371754 0.54883 0.835107 -11.0855
0.283396 -0.748952 0.598963 31.5707 0.954551 0.280409 -0.101013 -8.41856 -0.0923008 0.600367 0.79438 -11.159
0.139957 -0.748588 0.648096 32.5669 0.973584 0.223297 0.0476749 -4.4546 -0.180407 0.624304 0.760065 -11.6571
-0.0824754 -0.760541 0.644031 32.9968 0.96834 0.0916267 0.23221 -0.297887 -0.235615 0.642793 0.728905 -12.5019
-0.123479 -0.698109 0.705263 32.4769 0.979779 0.0269838 0.198253 3.72869 -0.157433 0.715483 0.680661 -13.4597
-0.250532 -0.726413 0.639968 31.6957 0.957874 -0.0901309 0.272679 7.75305 -0.140396 0.681323 0.718392 -14.3064
-0.38238 -0.660059 0.646612 30.4039 0.918926 -0.198381 0.340909 11.5232 -0.0967443 0.724546 0.682403 -14.8728
-0.46344 -0.643502 0.609204 28.6143 0.881505 -0.264654 0.391033 15.3731 -0.0904023 0.718237 0.689901 -15.3778
-0.622131 -0.566616 0.540278 26.5333 0.766022 -0.297963 0.569587 18.8972 -0.161754 0.768222 0.619412 -15.8681
-0.635985 -0.507469 0.581377 23.6637 0.770122 -0.369194 0.520199 21.8586 -0.0493443 0.77857 0.625615 -16.6006
-0.743589 -0.461229 0.484091 20.6644 0.668232 -0.487396 0.56206 24.9967 -0.0232949 0.741426 0.67063 -16.955
-0.79556 -0.394995 0.459415 17.394 0.605649 -0.539162 0.58523 27.7193 0.0165364 0.74383 0.668164 -17.138
-0.872954 -0.309137 0.37734 13.9357 0.485628 -0.623708 0.612498 30.0239 0.0460042 0.717929 0.694594 -17.0755
-0.918371 -0.205205 0.338357 10.1553 0.388274 -0.632362 0.670344 31.8479 0.0764058 0.747 0.660419 -17.0216
-0.973118 -0.116333 0.198765 6.13129 0.223081 -0.690601 0.687971 33.3568 0.0572335 0.713818 0.697988 -16.8242
-0.99097 -0.0128142 0.13347 2.1875 0.106217 -0.68253 0.723098 34.0748 0.0818312 0.730746 0.677727 -16.7606
-0.992779 0.0817466 0.0877873 -2.15489 0.0114986 -0.663614 0.747987 34.3828 0.119402 0.743595 0.657882 -16.5079
-0.984431 0.169866 0.0451737 -6.55635 -0.0884098 -0.700651 0.708005 34.2083 0.151917 0.692989 0.704761 -16.1047
-0.973781 0.219118 -0.0611469 -10.5872 -0.193213 -0.654734 0.730747 33.5732 0.120085 0.723402 0.679904 -15.5043
-0.916714 0.362019 -0.169051 -14.8238 -0.373016 -0.623859 0.686774 32.4435 0.143161 0.692634 0.706939 -15.0939
-0.853627 0.398461 -0.335485 -18.8174 -0.51708 -0.570524 0.638068 30.6108 0.0628431 0.718145 0.693051 -14.5326
-0.789067 0.49083 -0.369405 -22.2904 -0.611462 -0.569725 0.549116 28.1238 0.0590632 0.659166 0.749674 -14.3471
-0.677109 0.543304 -0.496331 -25.6051 -0.735515 -0.47834 0.479801 25.4159 0.023263 0.689936 0.723496 -14.2071
-0.603543 0.624114 -0.496203 -28.4617 -0.788506 -0.374868 0.487578 21.941 0.118294 0.685533 0.718367 -14.0722
-0.53642 0.640601 -0.549439 -30.8002 -0.841127 -0.352598 0.410096 18.4764 0.0689771 0.682132 0.727968 -13.5018
-0.358502 0.746483 -0.56057 -32.8032 -0.933176 -0.270045 0.23719 14.6621 0.0256788 0.608144 0.793411 -13.1438
-0.245494 0.76095 -0.600572 -34.0369 -0.964187 -0.127518 0.232557 10.5448 0.10038 0.636155 0.765003 -13.1599
-0.158614 0.75344 -0.638099 -34.8337 -0.984496 -0.0716684 0.160095 6.32559 0.0748906 0.653599 0.753126 -12.8333
-0.0496546 0.735657 -0.675532 -35.2847 -0.995642 0.0169977 0.0916947 1.95958 0.0789383 0.677141 0.731607 -12.553
0.208873 0.72272 -0.658823 -35.3414 -0.976904 0.123159 -0.174613 -2.36404 -0.0450564 0.680079 0.731753 -12.174
0.280125 0.735916 -0.616406 -34.2175 -0.957785 0.257495 -0.127845 -6.52467 0.0646385 0.626197 0.776981 -12.4365
0.405837 0.692874 -0.596005 -32.9911 -0.912587 0.342755 -0.222943 -10.7096 0.0498122 0.634385 0.771411 -12.1756
0.476867 0.716281 -0.509451 -31.1973 -0.87887 0.397526 -0.263742 -14.6137 0.0136069 0.573511 0.819085 -11.9489
0.576093 0.634471 -0.515328 -28.9458 -0.816653 0.473424 -0.330072 -18.1545 0.0345478 0.610997 0.790879 -11.9787
0.612525 0.592492 -0.523226 -26.1209 -0.790432 0.463659 -0.400297 -21.531 0.00542603 0.658767 0.752328 -11.8386
0.750963 0.469986 -0.463862 -23.2574 -0.65895 0.578976 -0.480179 -24.6043 0.0428879 0.666258 0.744487 -11.9043
0.823864 0.348769 -0.446775 -19.8882 -0.559477 0.626612 -0.542534 -27.3686 0.0907352 0.696934 0.711372 -11.7247
0.855843 0.334964 -0.394121 -16.1576 -0.511441 0.661779 -0.548157 -29.6122 0.0772084 0.670706 0.737694 -11.4491
0.929594 0.298439 -0.216308 -12.417 -0.367999 0.718414 -0.590303 -31.7284 -0.0207706 0.628343 0.777659 -11.0822
0.979261 0.122716 -0.161208 -8.31114 -0.197746 0.752078 -0.628709 -32.9992 0.0440882 0.647548 0.760748 -10.8401
0.999201 0.0254688 0.0308127 -3.99213 0.000281321 0.76628 -0.642507 -33.6995 -0.039975 0.642002 0.76566 -10.7218
0.999224 0.0156282 -0.0361661 0.424507 -0.0354766 0.756169 -0.653414 -33.7215 0.017136 0.65419 0.756136 -10.9117
0.993277 -0.114774 0.0150644 4.85625 0.0949717 0.733582 -0.672932 -33.4274 0.066184 0.669839 0.739551 -10.8994
0.959195 -0.195809 0.20397 9.2521 0.282392 0.699503 -0.656468 -32.8628 -0.0141352 0.68728 0.726255 -10.6846
0.911334 -0.267091 0.313263 13.2567 0.406052 0.708481 -0.577215 -31.3131 -0.067772 0.653236 0.754115 -10.7283
0.854065 -0.362108 0.37343 17.083 0.516104 0.679443 -0.52153 -29.3856 -0.0648746 0.638149 0.767174 -11.0852
0.783636 -0.439444 0.439094 20.9274 0.618142 0.621869 -0.480811 -26.9779 -0.0617698 0.648203 0.758958 -11.4711
0.723669 -0.48375 0.492229 24.1184 0.685738 0.584498 -0.433735 -24.1425 -0.0778875 0.65142 0.754709 -11.8852
0.619861 -0.613902 0.48877 27.2185 0.783306 0.521326 -0.338602 -20.8981 -0.0469401 0.592743 0.804023 -12.3525
0.617411 -0.547356 0.564982 29.7366 0.783738 0.489667 -0.382075 -17.303 -0.0675223 0.678695 0.73131 -12.7456
0.41086 -0.627186 0.661689 32.2807 0.909547 0.33181 -0.250253 -13.4828 -0.0625992 0.704656 0.706783 -12.9575
0.284267 -0.666016 0.689649 33.8822 0.951852 0.282157 -0.119857 -9.31525 -0.114762 0.690515 0.714156 -13.2097
0.0966102 -0.678616 0.728112 34.9614 0.975049 0.211424 0.0676767 -5.02813 -0.199867 0.703406 0.682109 -13.7354
-0.0730122 -0.651309 0.755292 35.1292 0.98136 0.0880696 0.17081 -0.748509 -0.177769 0.753685 0.632738 -14.7063
-0.114858 -0.690603 0.714055 34.6579 0.977468 0.0495788 0.205179 3.6258 -0.177099 0.721533 0.669348 -15.6081
-0.234872 -0.679216 0.695343 33.867 0.961278 -0.0562174 0.269786 8.00629 -0.144153 0.731783 0.666119 -16.3928
-0.407592 -0.613227 0.676625 32.4631 0.904905 -0.171811 0.389393 12.1219 -0.122535 0.770995 0.624941 -17.057
-0.482684 -0.631284 0.607039 30.4842 0.863657 -0.228104 0.449517 15.9868 -0.145304 0.741248 0.655315 -17.5749
-0.647769 -0.582906 0.490526 28.2368 0.74451 -0.347818 0.569848 19.7393 -0.161554 0.734332 0.659285 -18.2922
-0.637245 -0.581845 0.505347 25.097 0.768231 -0.427563 0.476457 23.0358 -0.0611564 0.691843 0.719453 -19.0198
-0.738325 -0.509541 0.441864 21.9335 0.667553 -0.458682 0.586501 26.4305 -0.0961714 0.727996 0.678802 -19.263
-0.772436 -0.403196 0.490689 18.4004 0.634697 -0.462816 0.618839 29.3073 -0.0224144 0.789452 0.613403 -19.5669
-0.864258 -0.331344 0.378508 14.7699 0.502328 -0.528197 0.684598 31.8292 -0.0269105 0.781805 0.622942 -19.5459
-0.927242 -0.177324 0.329816 10.8201 0.366751 -0.607875 0.70426 33.7632 0.0756053 0.77398 0.628681 -19.5368
-0.982034 -0.132052 0.134801 6.47149 0.188443 -0.648703 0.737343 35.328 -0.00992205 0.749498 0.661932 -19.1438
-0.992872 -0.0762223 0.0916251 2.11319 0.119178 -0.627083 0.769782 36.046 -0.00121801 0.775215 0.631697 -19.0876
-0.991069 0.11279 0.0711411 -2.36876 -0.0146923 -0.622593 0.782408 36.4295 0.13254 0.774375 0.61869 -18.8422
-0.990595 0.136627 -0.00735821 -6.91296 -0.0908344 -0.616459 0.78213 36.3081 0.102324 0.775442 0.623072 -18.2227
-0.96623 0.228161 -0.119759 -11.4305 -0.229708 -0.552067 0.801534 35.5914 0.116764 0.801975 0.585834 -17.8492
-0.911417 0.326781 -0.250067 -15.8461 -0.399455 -0.556773 0.728313 34.2694 0.098768 0.763687 0.637986 -17.4132
-0.860169 0.379351 -0.340885 -19.9986 -0.50506 -0.540704 0.672722 32.3484 0.0708801 0.750821 0.656691 -16.8713
-0.79617 0.452194 -0.402037 -23.8091 -0.59732 -0.481362 0.641482 29.814 0.0965488 0.750874 0.65335 -16.4625
-0.691413 0.476429 -0.543106 -27.2969 -0.721555 -0.417771 0.55211 26.8141 0.0361471 0.773617 0.632622 -16.1753
-0.604347 0.558112 -0.568573 -30.4145 -0.793038 -0.352858 0.49657 23.2726 0.0765157 0.751001 0.655853 -16.0571
-0.563119 0.593156 -0.575381 -32.8248 -0.821669 -0.327682 0.466353 19.5162 0.0880782 0.735385 0.671901 -15.6754
-0.300748 0.618369 -0.726065 -35.0765 -0.953284 -0.172341 0.248089 15.5162 0.0282797 0.766759 0.641312 -15.2405
-0.25683 0.704218 -0.661902 -36.1714 -0.964428 -0.142401 0.222711 10.9496 0.0625812 0.695556 0.715741 -15.1756
-0.138323 0.713242 -0.687134 -37.0765 -0.989097 -0.0640771 0.132597 6.47327 0.0505444 0.697983 0.714328 -14.8635
-0.016368 0.733053 -0.679975 -37.3448 -0.997558 0.0342041 0.0608867 1.9135 0.0678912 0.679311 0.730703 -14.6947
0.126753 0.710962 -0.691713 -37.2297 -0.991718 0.105395 -0.0734006 -2.75778 0.0207178 0.695288 0.718433 -14.2661
0.237662 0.731557 -0.639016 -36.342 -0.969604 0.218073 -0.11096 -7.25558 0.058179 0.645964 0.761148 -14.3123
0.310169 0.70192 -0.641173 -35.1484 -0.949022 0.268441 -0.165218 -11.6272 0.0561467 0.659733 0.7494 -14.0123
0.500536 0.67321 -0.54429 -33.4985 -0.865648 0.381325 -0.324416 -15.7936 -0.0108485 0.633545 0.773629 -13.8703
0.62406 0.584076 -0.519041 -30.9085 -0.780827 0.491064 -0.38622 -19.5998 0.0292999 0.646306 0.762516 -13.951
0.706703 0.513149 -0.487082 -27.9585 -0.70751 0.512506 -0.486587 -23.0619 -5.94702e-05 0.688488 0.725247 -13.784
0.730496 0.509538 -0.454693 -24.6177 -0.682916 0.546081 -0.485203 -26.2401 0.00106958 0.664956 0.746882 -13.8787
0.80855 0.376231 -0.452434 -20.9828 -0.583401 0.612844 -0.532979 -29.1162 0.0767484 0.694891 0.715008 -13.8364
0.808399 0.328171 -0.488667 -17.0906 -0.578189 0.598396 -0.554634 -31.6671 0.110401 0.730908 0.673488 -13.6126
0.918666 0.256943 -0.300054 -13.2805 -0.394117 0.647865 -0.651876 -33.864 0.0268997 0.717113 0.696437 -13.1305
0.970569 0.132661 -0.200989 -8.90937 -0.236256 0.686274 -0.687903 -35.2718 0.046676 0.715142 0.697419 -12.9705
0.998661 0.0253575 -0.0450855 -4.18551 -0.0491622 0.736343 -0.67482 -36.1024 0.0160866 0.676133 0.736604 -12.8342
0.998736 -0.0467445 0.018501 0.511697 0.047446 0.754767 -0.654275 -36.1731 0.0166199 0.654326 0.75603 -12.9994
0.996 -0.0873237 0.0189447 5.13707 0.0765094 0.723904 -0.685646 -35.674 0.046159 0.684352 0.727689 -12.951
0.969123 -0.196494 0.148963 9.72732 0.244651 0.6909 -0.680296 -34.8778 0.0307558 0.695735 0.71764 -12.7685
0.924872 -0.247947 0.28833 14.0684 0.37844 0.674589 -0.633809 -33.3978 -0.0373528 0.695307 0.717741 -12.7133
0.867713 -0.33566 0.366616 18.2548 0.496089 0.63102 -0.596414 -31.4283 -0.0311493 0.69939 0.714062 -13.1083
0.765661 -0.433874 0.474886 22.199 0.636777 0.615677 -0.464173 -28.9045 -0.0909839 0.657796 0.74768 -13.5289
0.760455 -0.415875 0.498755 25.5237 0.647537 0.543601 -0.534035 -25.8129 -0.0490313 0.729072 0.682679 -13.9206
0.577103 -0.455649 0.677744 29.077 0.808666 0.434744 -0.396304 -22.401 -0.114069 0.776777 0.61936 -14.2365
0.56666 -0.577533 0.587667 31.4166 0.823364 0.423837 -0.377404 -18.5435 -0.0311118 0.697723 0.715691 -14.7836
0.46903 -0.514809 0.717623 33.9958 0.881382 0.324696 -0.34313 -14.5178 -0.0563628 0.793438 0.606035 -15.0772
0.234155 -0.562829 0.792714 35.9137 0.967092 0.218316 -0.130659 -10.3171 -0.0995233 0.797222 0.595427 -15.5022
0.0601818 -0.534135 0.843254 36.931 0.97573 0.209667 0.0631709 -5.73763 -0.210544 0.818987 0.53379 -15.9426
-0.0127858 -0.615093 0.788351 37.0055 0.981594 0.142525 0.127122 -1.03062 -0.190551 0.775466 0.601949 -16.9819
-0.175671 -0.634329 0.752839 36.7723 0.97706 -0.0188217 0.212132 3.57264 -0.120392 0.772834 0.623083 -17.8908
-0.261595 -0.633501 0.728179 35.6842 0.952817 -0.0491434 0.299542 8.13069 -0.153975 0.77218 0.616466 -18.6625
-0.420234 -0.59456 0.685494 34.3565 0.901345 -0.186265 0.391002 12.4938 -0.10479 0.782179 0.614178 -19.3167
-0.444611 -0.601497 0.663719 32.2457 0.881445 -0.162027 0.443624 16.7029 -0.159298 0.782272 0.602225 -19.9005
-0.596093 -0.525048 0.607452 29.969 0.794086 -0.273621 0.542734 20.731 -0.11875 0.805889 0.580036 -20.6655
-0.673127 -0.492758 0.551443 26.8548 0.735972 -0.373337 0.56477 24.3606 -0.0724204 0.786008 0.613959 -21.1252
-0.717238 -0.475491 0.50939 23.3382 0.693074 -0.410998 0.592224 27.6888 -0.072239 0.777811 0.624333 -21.6078
-0.807261 -0.343608 0.479857 19.5833 0.59019 -0.473279 0.653975 30.7229 0.00239522 0.811135 0.584854 -22.1491
-0.849104 -0.266727 0.455938 15.6843 0.526955 -0.487561 0.696134 33.4476 0.0366196 0.831349 0.554543 -22.1012
-0.938778 -0.13628 0.316422 11.51 0.334127 -0.584041 0.739767 35.577 0.0839884 0.800202 0.59382 -21.9541
-0.972474 -0.117333 0.201311 6.93293 0.231462 -0.585842 0.776669 37.1143 0.0268078 0.801887 0.596875 -21.5652
-0.989056 -0.0243434 0.145517 2.20178 0.131353 -0.594441 0.793339 37.9356 0.067189 0.803771 0.591133 -21.4461
-0.991626 0.0336831 0.124672 -2.60189 0.0794779 -0.601735 0.794731 38.1922 0.101789 0.797985 0.59402 -21.1745
-0.99138 0.123499 -0.0437395 -7.50636 -0.108395 -0.585629 0.803299 38.1776 0.0735917 0.801116 0.593968 -20.6935
-0.961266 0.259141 -0.0938846 -12.1349 -0.233537 -0.584864 0.776785 37.3425 0.146387 0.768622 0.622729 -20.2971
-0.923918 0.307101 -0.228177 -16.7867 -0.369578 -0.562171 0.739849 35.9464 0.0989337 0.767889 0.632897 -19.7472
-0.868514 0.352949 -0.34801 -21.2342 -0.487289 -0.479461 0.72984 33.8416 0.0907387 0.803458 0.588406 -19.2135
-0.751638 0.441416 -0.490094 -25.1688 -0.656931 -0.434544 0.616127 31.2646 0.059001 0.785063 0.6166 -18.8715
-0.713402 0.429315 -0.553847 -28.7421 -0.700692 -0.426455 0.571985 27.8747 0.00937074 0.796131 0.605051 -18.5945
-0.600543 0.539973 -0.589726 -31.962 -0.792842 -0.306495 0.526747 24.2693 0.103681 0.783894 0.612176 -18.539
-0.501213 0.553576 -0.665086 -34.6074 -0.859983 -0.233399 0.453822 20.3293 0.0959941 0.799424 0.593048 -18.0872
-0.325641 0.587971 -0.740438 -36.9931 -0.938338 -0.104806 0.329451 16.0128 0.116105 0.802063 0.585845 -17.6606
-0.211239 0.63199 -0.745631 -38.2932 -0.97675 -0.107952 0.185217 11.3102 0.036563 0.767421 0.6401 -17.2054
-0.102033 0.635739 -0.765131 -39.1784 -0.991839 -0.00590148 0.127362 6.58513 0.0764537 0.771882 0.631152 -17.0088
-0.0923274 0.662986 -0.742916 -39.4468 -0.994888 -0.0307613 0.0961899 1.70718 0.0409195 0.747999 0.662437 -16.741
0.100511 0.671179 -0.73445 -39.4681 -0.99465 0.0854941 -0.0579906 -3.15056 0.0238691 0.736349 0.676181 -16.5109
0.239545 0.688319 -0.684715 -38.6881 -0.96952 0.206971 -0.131123 -7.88861 0.0514613 0.695256 0.716918 -16.3834
0.319411 0.636899 -0.701667 -37.1926 -0.947388 0.230865 -0.221713 -12.5723 0.0207815 0.735569 0.677131 -16.176
0.535416 0.561711 -0.630722 -35.4725 -0.84447 0.368559 -0.388633 -16.9945 0.014159 0.740706 0.67168 -15.9291
0.599943 0.520841 -0.607283 -32.701 -0.799345 0.421924 -0.427818 -20.9738 0.0334019 0.742095 0.669462 -15.9788
0.708669 0.480793 -0.516358 -29.6126 -0.705537 0.480421 -0.520973 -24.6492 -0.00241085 0.733507 0.679677 -15.8674
0.740852 0.483476 -0.466249 -25.9623 -0.671031 0.502542 -0.545133 -27.9056 -0.0292493 0.71673 0.696737 -15.8978
0.809931 0.391678 -0.436578 -22.1185 -0.586458 0.552119 -0.592648 -30.9022 0.00891584 0.736039 0.676881 -16.0106
0.831802 0.271966 -0.483881 -18.1048 -0.541553 0.588854 -0.599975 -33.5699 0.121762 0.761108 0.637094 -15.8836
0.929871 0.196039 -0.311301 -13.9824 -0.36307 0.625485 -0.690615 -35.8221 0.0593265 0.755207 0.652796 -15.3989
0.973471 0.0998943 -0.205855 -9.39993 -0.2201 0.654706 -0.723129 -37.2589 0.0625377 0.749254 0.659324 -15.224
0.993588 0.11162 -0.0180139 -4.42915 -0.0928582 0.714702 -0.693238 -38.2755 -0.0645045 0.690465 0.720484 -15.0103
0.99921 -0.0218684 0.0331917 0.418411 0.0388271 0.715724 -0.697303 -38.3784 -0.00850723 0.698041 0.716007 -15.0672
0.986718 -0.126742 0.10161 5.33855 0.161299 0.690308 -0.705306 -37.9992 0.0192495 0.712328 0.701583 -15.1171
0.961494 -0.182734 0.205274 10.2863 0.274706 0.661052 -0.698245 -36.9037 -0.00810409 0.727749 0.685796 -14.9476
0.928348 -0.211518 0.305662 14.8259 0.369344 0.617546 -0.694421 -35.317 -0.041878 0.75756 0.651421 -15.1388
0.875531 -0.271231 0.399849 19.3501 0.479988 0.582954 -0.655573 -33.376 -0.0552818 0.765897 0.640582 -15.2446
0.762603 -0.281766 0.582275 23.43 0.63103 0.522005 -0.573857 -30.7752 -0.142257 0.805058 0.575886 -15.6476
0.717932 -0.402207 0.568159 26.8437 0.693457 0.48447 -0.533298 -27.3957 -0.0607595 0.776865 0.626729 -16.2839
0.648958 -0.382955 0.657419 30.3281 0.756633 0.415417 -0.504911 -23.6792 -0.0797447 0.825091 0.559344 -16.6256
0.511221 -0.455527 0.728799 33.3294 0.849367 0.397285 -0.347476 -19.6949 -0.131256 0.796655 0.590011 -16.9762
0.44377 -0.497412 0.745419 35.5305 0.890422 0.338568 -0.304171 -15.4795 -0.101076 0.79872 0.593153 -17.6846
0.236642 -0.512502 0.825435 37.6007 0.964599 0.225711 -0.136397 -10.9571 -0.116406 0.828491 0.547771 -17.9587
0.090599 -0.513113 0.853526 38.5332 0.98309 0.183036 0.00568368 -6.20963 -0.159142 0.838578 0.521019 -18.6461
0.0243636 -0.569649 0.821527 38.7315 0.986256 0.148027 0.0733936 -1.2964 -0.163417 0.808448 0.565427 -19.4748
-0.186546 -0.57259 0.798336 38.6097 0.973836 -0.000425227 0.22725 3.59369 -0.129782 0.819841 0.557689 -20.2178
-0.266849 -0.59346 0.75934 37.6752 0.9478 -0.0189008 0.318306 8.26889 -0.17455 0.804641 0.567525 -20.9522
-0.362119 -0.565109 0.741297 36.0535 0.922747 -0.10476 0.370895 12.9323 -0.131938 0.818338 0.559389 -21.7572
-0.453161 -0.557164 0.695854 33.9834 0.878769 -0.148124 0.453679 17.3085 -0.149701 0.817085 0.556742 -22.3941
-0.587595 -0.488329 0.645187 31.4612 0.801252 -0.239985 0.548089 21.5293 -0.112812 0.839012 0.532289 -23.1006
-0.672354 -0.454806 0.58403 28.3271 0.736138 -0.327982 0.592054 25.4247 -0.0777186 0.827997 0.555321 -23.7337
-0.707765 -0.450918 0.543821 24.6092 0.69956 -0.340128 0.628433 28.8838 -0.0984033 0.825219 0.556175 -24.0702
-0.803353 -0.293572 0.518112 20.706 0.594525 -0.445239 0.669553 32.2184 0.0341214 0.845918 0.532221 -24.6733
-0.866171 -0.226517 0.445464 16.3948 0.497929 -0.467151 0.730641 35.0414 0.0425962 0.854669 0.517422 -24.6754
-0.932581 -0.11327 0.342729 11.9004 0.349625 -0.519542 0.77964 37.3306 0.0897528 0.846904 0.524117 -24.4568
-0.970414 -0.0993205 0.220073 7.18841 0.238622 -0.533535 0.811419 38.9172 0.036826 0.839926 0.54145 -24.0603
-0.991756 0.000608323 0.128139 2.25997 0.107832 -0.53626 0.837136 39.6764 0.0692249 0.844052 0.531774 -23.9598
-0.990261 0.0661285 0.122518 -2.74337 0.0672981 -0.543006 0.837028 39.8572 0.121879 0.837121 0.533267 -23.7547
-0.990572 0.130755 -0.0408734 -7.85653 -0.105429 -0.537091 0.83691 39.7379 0.0874777 0.833329 0.545812 -23.059
-0.961806 0.241473 -0.128919 -12.9831 -0.241518 -0.526936 0.814867 38.8725 0.128836 0.81488 0.56513 -22.6352
-0.925967 0.279132 -0.254305 -17.7591 -0.368234 -0.518399 0.771794 37.4934 0.0836012 0.808299 0.582806 -22.1348
-0.8619 0.314573 -0.397709 -22.0922 -0.505493 -0.47105 0.722903 35.3427 0.0400648 0.824109 0.565012 -21.6936
-0.784956 0.37778 -0.491046 -26.4427 -0.617472 -0.412154 0.669968 32.5857 0.0507137 0.829103 0.556792 -21.4203
-0.695523 0.413397 -0.587666 -30.1606 -0.717621 -0.359136 0.596692 29.0484 0.0356187 0.836735 0.546449 -21.2625
-0.608066 0.483523 -0.629652 -33.5428 -0.787134 -0.263972 0.557439 25.2125 0.103324 0.83458 0.54111 -21.0689
-0.516534 0.528564 -0.673656 -36.3581 -0.845862 -0.192703 0.497376 21.0432 0.133079 0.826732 0.54663 -20.7082
-0.318085 0.569938 -0.757623 -38.7605 -0.938268 -0.0746719 0.337754 16.465 0.135926 0.818287 0.558507 -20.0875
-0.234534 0.591821 -0.771195 -40.0569 -0.969977 -0.0899674 0.225945 11.6723 0.0643366 0.801033 0.595153 -19.645
-0.133374 0.608385 -0.782355 -41.067 -0.990824 -0.0644051 0.118829 6.67782 0.0219063 0.791025 0.611392 -19.3228
-0.0691116 0.617101 -0.783843 -41.4716 -0.996776 -0.0106161 0.0795282 1.73072 0.0407556 0.786812 0.615845 -18.9822
0.0924182 0.629755 -0.771276 -41.4329 -0.995145 0.0847434 -0.0500494 -3.40955 0.0338416 0.772157 0.63453 -18.7892
0.239951 0.61631 -0.750057 -40.6831 -0.96798 0.210592 -0.136626 -8.48203 0.0737516 0.758823 0.647107 -18.6601
0.36372 0.576334 -0.731811 -39.0923 -0.928679 0.285544 -0.236687 -13.2559 0.072553 0.765705 0.639087 -18.4656
0.50805 0.530573 -0.678511 -37.1115 -0.860111 0.354372 -0.366919 -17.8851 0.0457681 0.770008 0.63639 -18.3375
0.634155 0.47969 -0.60642 -34.3645 -0.772718 0.421017 -0.475027 -22.1846 0.0274474 0.769832 0.637656 -18.1169
0.714822 0.443747 -0.54048 -31.0633 -0.6993 0.456992 -0.549671 -26.0569 0.00307991 0.770874 0.63698 -18.0655
0.767651 0.421739 -0.482544 -27.3008 -0.640677 0.486614 -0.593919 -29.4314 -0.0156665 0.765077 0.643748 -18.0879
0.819549 0.314539 -0.478962 -23.205 -0.568637 0.549498 -0.612131 -32.4918 0.0706494 0.774027 0.629199 -18.3556
0.865167 0.288019 -0.410524 -18.922 -0.500293 0.552089 -0.667012 -35.3469 0.0345336 0.782459 0.621744 -18.1959
0.923138 0.135622 -0.359753 -14.4399 -0.364218 0.608155 -0.705332 -37.5243 0.123127 0.782148 0.610807 -17.9309
0.946253 0.117025 -0.301514 -9.69345 -0.307251 0.616396 -0.725019 -39.2395 0.101007 0.778692 0.619223 -17.511
0.995854 0.0612282 -0.0672691 -4.67802 -0.0909563 0.66228 -0.743715 -40.5582 -0.000985399 0.746751 0.665103 -17.114
0.997621 -0.0216071 0.0654563 0.558763 0.0633136 0.662693 -0.74621 -40.7207 -0.0272539 0.74858 0.662485 -17.3622
0.98115 -0.11036 0.158637 5.69828 0.192127 0.645385 -0.739301 -40.0008 -0.0207929 0.755844 0.654422 -17.3592
0.956625 -0.179017 0.229829 10.7942 0.291226 0.607887 -0.738689 -38.8416 -0.00747198 0.77358 0.633654 -17.3685
0.907849 -0.242168 0.342294 15.5351 0.41898 0.55568 -0.718105 -37.2207 -0.0163038 0.795345 0.605937 -17.4314
0.841661 -0.278214 0.462821 20.1627 0.537739 0.510258 -0.671173 -34.9781 -0.0494289 0.813777 0.579071 -17.8473
0.739641 -0.304765 0.600041 24.2697 0.667723 0.443764 -0.597679 -32.1582 -0.0841245 0.842729 0.531725 -18.1966
0.752212 -0.291375 0.590997 27.816 0.650959 0.467625 -0.597979 -28.6507 -0.102129 0.834522 0.541426 -18.6296
0.636186 -0.386638 0.667666 31.6225 0.771316 0.339348 -0.538436 -24.9529 -0.018391 0.857528 0.514109 -19.3443
0.521892 -0.414057 0.745778 34.6856 0.850179 0.323674 -0.415247 -20.8255 -0.0694532 0.850759 0.520946 -19.5699
0.439254 -0.453277 0.775626 37.0101 0.89535 0.291537 -0.336681 -16.3417 -0.0735141 0.842346 0.5339 -20.0932
0.278656 -0.455691 0.845397 38.9968 0.948806 0.266938 -0.168854 -11.5793 -0.148724 0.84917 0.506746 -20.4462
0.093393 -0.480065 0.872247 40.1374 0.983175 0.182606 -0.0047677 -6.77046 -0.156989 0.858016 0.489042 -21.2978
-0.0155823 -0.505922 0.862439 40.5352 0.985942 0.135734 0.0974376 -1.52748 -0.166358 0.851833 0.496695 -22.1315
