0.999988 0.000446644 -0.00481725 0.000593768 -0.000468991 0.999989 -0.00463875 0.000237333 0.00481512 0.00464095 0.999978 0.00354472
0.979734 -0.198551 0.0264306 0.346863 0.196751 0.978685 0.0588558 -0.0879531 -0.0375531 -0.0524628 0.997917 0.051709
0.874657 -0.48192 0.0522346 0.553146 0.474326 0.873096 0.112772 0.0162607 -0.0999529 -0.0738604 0.992247 -0.0384672
0.826436 -0.562144 0.0315832 0.669948 0.552507 0.820508 0.146639 0.00498535 -0.108346 -0.103738 0.988686 -0.257792
0.729163 -0.684284 -0.00878004 0.770587 0.677052 0.71947 0.154802 0.0846778 -0.0996115 -0.11882 0.987907 -0.409874
0.693128 -0.72025 -0.0285305 1.03709 0.717422 0.685489 0.124136 0.220128 -0.0698518 -0.106511 0.991855 -0.499831
0.538291 -0.841468 -0.0466381 1.16722 0.84078 0.532414 0.0981023 0.34741 -0.0577191 -0.09202 0.994083 -0.518539
0.416656 -0.905157 -0.0841941 1.43915 0.906285 0.406359 0.116275 0.448498 -0.0710344 -0.124751 0.989642 -0.620787
0.292829 -0.956156 0.0041779 1.69133 0.949596 0.291326 0.115746 0.695601 -0.111888 -0.0299264 0.99327 -0.459677
0.179627 -0.983673 0.0110057 1.87778 0.973358 0.179342 0.142863 0.917572 -0.142504 -0.0149496 0.989681 -0.523362
0.0690202 -0.99761 0.00330544 2.03108 0.988712 0.0688456 0.133073 1.29421 -0.132983 -0.00591662 0.991101 -0.682504
0.067268 -0.997135 -0.0345818 2.04495 0.989511 0.0622325 0.130362 1.6956 -0.127837 -0.0429883 0.990863 -0.796169
-0.00343684 -0.998862 -0.0475747 2.04576 0.99053 -0.00993034 0.136937 2.26203 -0.137254 -0.0466535 0.989437 -0.892636
-0.228775 -0.973028 0.0296229 2.021 0.960993 -0.220878 0.166447 2.34558 -0.155415 0.0665464 0.985605 -0.83352
-0.400732 -0.91233 -0.0840701 1.98111 0.895959 -0.409407 0.172174 2.75257 -0.191499 -0.00632755 0.981472 -0.871633
-0.520476 -0.853471 -0.0263049 1.75885 0.83408 -0.514763 0.198317 2.99712 -0.182799 0.0812789 0.979785 -1.03784
-0.575955 -0.817101 -0.0249228 1.70829 0.799535 -0.569403 0.191113 3.47116 -0.17035 0.0901461 0.981252 -1.13422
-0.601378 -0.798693 0.0208548 1.45088 0.788744 -0.58932 0.174886 3.86948 -0.12739 0.121621 0.984368 -1.26298
-0.68914 -0.724105 0.0275401 1.01796 0.721635 -0.682347 0.116814 4.18246 -0.0657937 0.100375 0.992772 -1.23766
-0.800142 -0.594246 0.0815181 0.766855 0.599317 -0.797578 0.068463 4.36334 0.0243333 0.103635 0.994318 -1.25703
-0.862363 -0.472453 0.181985 0.498306 0.490146 -0.869114 0.0663159 4.68432 0.126834 0.146387 0.981063 -1.25863
-0.906003 -0.374765 0.196751 -0.00538129 0.401948 -0.90744 0.122438 4.78225 0.132654 0.190013 0.972779 -1.01183
-0.939097 -0.279927 0.199343 -0.361103 0.297681 -0.952459 0.0648728 5.05593 0.171707 0.120263 0.97778 -0.995351
-0.971343 -0.150668 0.183827 -0.707828 0.165721 -0.983729 0.0693881 5.27298 0.170382 0.0978636 0.980506 -0.813787
-0.97966 -0.0879899 0.180345 -1.12591 0.107403 -0.989087 0.100854 5.35257 0.169503 0.118172 0.978419 -0.752008
-0.988196 0.0737635 0.134269 -1.60015 -0.0570405 -0.990592 0.124394 5.37459 0.142182 0.115267 0.983106 -0.611771
-0.976269 0.19748 0.0888857 -1.98696 -0.180393 -0.968659 0.170759 5.3993 0.119821 0.150672 0.981295 -0.50712
-0.929827 0.363095 0.0598633 -2.54061 -0.349226 -0.921937 0.16755 5.40142 0.116027 0.134887 0.984044 -0.445641
-0.867011 0.494696 0.059733 -2.90793 -0.491674 -0.8688 0.0586797 5.1937 0.0809246 0.0215068 0.996488 -0.522614
-0.800095 0.599785 0.0103087 -3.18202 -0.598565 -0.799366 0.0522799 4.9476 0.0395972 0.0356584 0.998579 -0.402448
-0.662651 0.747258 -0.0499951 -3.56402 -0.748113 -0.657337 0.090748 4.7009 0.0349486 0.0975362 0.994618 -0.465203
-0.582492 0.810313 -0.063995 -3.91809 -0.811843 -0.576085 0.0950609 4.39287 0.0401626 0.107326 0.993412 -0.402145
-0.509177 0.860097 -0.0311812 -4.18969 -0.858559 -0.505069 0.0882192 4.15187 0.0601284 0.0716901 0.995613 -0.379214
-0.447758 0.893187 -0.0415946 -4.66068 -0.890769 -0.441535 0.107598 3.55893 0.07774 0.0852292 0.993324 -0.284965
-0.311596 0.950031 -0.0187074 -4.73485 -0.939633 -0.305136 0.15486 3.05897 0.141413 0.0658317 0.987759 -0.224498
-0.163497 0.986521 -0.00670778 -4.79819 -0.976488 -0.160859 0.143515 2.61647 0.140501 0.0300144 0.989625 -0.35563
-0.106109 0.994324 0.00781465 -4.92214 -0.990498 -0.106386 0.0871514 2.0265 0.0874881 0.00150714 0.996164 -0.425537
0.0142282 0.999793 -0.0145294 -4.89607 -0.997115 0.0152705 0.0743471 1.6241 0.0745536 0.0134297 0.997127 -0.340956
0.228251 0.97359 0.00498635 -4.98598 -0.973263 0.228033 0.0275773 1.16189 0.0257119 -0.0111476 0.999607 -0.400314
0.291048 0.955252 -0.0527658 -4.77965 -0.955479 0.293027 0.0345752 0.503886 0.0484898 0.0403536 0.998008 -0.272453
0.335392 0.935866 -0.108013 -4.51777 -0.936773 0.343455 0.067043 -0.138036 0.0998411 0.0786984 0.991886 -0.280854
0.455199 0.885193 -0.0960636 -4.28772 -0.878341 0.464107 0.114555 -0.687478 0.145987 0.0322315 0.988761 -0.250759
0.607555 0.789113 -0.0904225 -3.82999 -0.775013 0.613887 0.149994 -1.25022 0.173871 -0.021051 0.984543 -0.258312
0.662096 0.745007 -0.0811993 -3.36758 -0.724949 0.664168 0.182565 -1.56378 0.189942 -0.06201 0.979835 -0.196378
0.80446 0.575344 -0.147727 -3.03298 -0.563326 0.817833 0.117526 -1.98332 0.188434 -0.0113268 0.982021 -0.199717
0.893362 0.436903 -0.10498 -2.78401 -0.424624 0.897277 0.120787 -2.35505 0.146968 -0.0633301 0.987112 -0.371096
0.931319 0.341372 -0.126925 -2.32556 -0.330356 0.938522 0.10021 -2.66166 0.15333 -0.0513969 0.986837 -0.242831
0.972702 0.193401 -0.128245 -1.79744 -0.176052 0.97506 0.135141 -2.96445 0.151183 -0.108874 0.982492 -0.205984
0.990823 -0.0155824 -0.134266 -1.19373 0.0367935 0.986916 0.156982 -3.08482 0.130063 -0.160482 0.978432 -0.0695218
0.988871 -0.112612 -0.0972299 -0.658278 0.121329 0.988619 0.0889521 -3.11112 0.0861062 -0.099759 0.991279 0.0249997
0.989605 -0.138231 -0.0396642 0.123421 0.141339 0.985784 0.0908478 -3.00884 0.0265423 -0.0955095 0.995075 -0.0437286
0.919358 -0.391815 0.0355245 0.817797 0.387432 0.917358 0.0913838 -3.04398 -0.0683943 -0.0702511 0.995182 0.134156
0.903603 -0.420173 0.0834057 1.77504 0.417853 0.907428 0.0444145 -2.71956 -0.0943465 -0.00528175 0.995525 0.106596
0.853332 -0.517289 0.0650878 2.26843 0.508004 0.853039 0.119402 -2.49634 -0.117288 -0.0688248 0.99071 -0.0829058
0.786008 -0.616927 0.0399015 2.78949 0.608346 0.783334 0.127684 -2.14023 -0.110028 -0.0760864 0.991012 -0.133686
0.676691 -0.733786 0.060393 3.30577 0.733319 0.679043 0.033808 -1.82012 -0.0658173 0.0214098 0.997602 -0.253938
0.587638 -0.809066 0.00974473 3.81579 0.808287 0.587535 0.0384157 -1.29155 -0.0368062 -0.014698 0.999214 -0.408198
0.508179 -0.859274 0.0583306 4.30164 0.860069 0.509864 0.0178906 -0.731088 -0.0451136 0.0410767 0.998137 -0.338869
0.406834 -0.912597 0.040661 4.60055 0.908579 0.408855 0.0855666 -0.190018 -0.0947123 0.00213227 0.995502 -0.424183
0.291533 -0.954463 0.0633095 4.83583 0.946019 0.297487 0.128647 0.477057 -0.141622 0.0223872 0.989668 -0.544942
0.145603 -0.984975 0.0928611 5.13778 0.982247 0.155142 0.10546 1.15319 -0.118282 0.0758573 0.990078 -0.70184
0.00964813 -0.999601 0.0265472 5.12476 0.993476 0.0125992 0.113346 1.6317 -0.113635 0.0252805 0.993201 -0.838422
-0.0622501 -0.995464 0.0719433 5.09139 0.990703 -0.0528942 0.125337 2.43974 -0.120963 0.0790767 0.989502 -0.901235
-0.119413 -0.989054 0.0866803 5.03407 0.980902 -0.104025 0.164347 3.14389 -0.153531 0.10465 0.982587 -1.07932
-0.290379 -0.954711 0.0648563 4.85513 0.938859 -0.271143 0.212194 3.78392 -0.184999 0.122508 0.975073 -1.11041
-0.31772 -0.945812 0.0670398 4.47519 0.931061 -0.297825 0.210773 4.56074 -0.179386 0.129385 0.975233 -1.29954
-0.464909 -0.882266 0.0739345 4.04573 0.87162 -0.441441 0.213092 5.10703 -0.155367 0.163511 0.974231 -1.45871
-0.639598 -0.759298 0.119923 3.81744 0.762905 -0.60786 0.220189 5.67632 -0.0942927 0.232322 0.968058 -1.57759
-0.711642 -0.686502 0.149267 3.17784 0.701915 -0.685797 0.192348 6.25897 -0.0296804 0.241656 0.969908 -1.54056
-0.797526 -0.569072 0.200275 2.46376 0.600115 -0.782328 0.166807 6.73651 0.0617555 0.25322 0.965435 -1.6836
-0.857102 -0.46665 0.218209 1.86628 0.500155 -0.855264 0.135535 7.14637 0.123379 0.225305 0.966445 -1.76297
-0.906683 -0.373705 0.195628 1.20326 0.398467 -0.91097 0.106577 7.54434 0.138383 0.174583 0.97487 -1.67562
-0.945262 -0.255027 0.203572 0.503766 0.282591 -0.951717 0.119903 7.9498 0.163164 0.170867 0.97169 -1.53174
-0.964479 -0.188012 0.185558 -0.394879 0.21692 -0.964571 0.150164 8.24894 0.150751 0.185081 0.971092 -1.22458
-0.971236 0.112407 0.209918 -0.987171 -0.0816164 -0.985312 0.149997 8.35709 0.223695 0.128549 0.966145 -1.1513
-0.980884 0.107883 0.161949 -1.86909 -0.0834148 -0.985016 0.150948 8.4052 0.175807 0.134554 0.975186 -1.10173
-0.971052 0.224973 0.0802848 -2.66682 -0.210066 -0.964284 0.161335 8.38016 0.113713 0.1398 0.983629 -0.982424
-0.92907 0.363948 0.0661164 -3.58293 -0.35359 -0.926288 0.130249 8.15344 0.108647 0.0976325 0.989274 -0.71216
-0.887262 0.460213 0.0311523 -4.31732 -0.45126 -0.880023 0.148071 7.89381 0.0955588 0.11732 0.988486 -0.61009
-0.827943 0.560729 -0.00965309 -5.02877 -0.558845 -0.823477 0.0978658 7.50174 0.046927 0.0864219 0.995153 -0.682778
-0.728425 0.682292 -0.0622404 -5.74231 -0.685095 -0.726236 0.0567938 6.8883 -0.00645126 0.0840106 0.996444 -0.763394
-0.638871 0.761527 -0.109181 -6.36632 -0.769261 -0.630704 0.102225 6.2002 0.00898649 0.149297 0.988752 -0.785311
-0.491795 0.86722 -0.0778924 -6.81674 -0.869406 -0.484193 0.0984357 5.70246 0.0476504 0.11613 0.99209 -0.726522
-0.342105 0.933499 -0.107445 -7.1947 -0.938347 -0.333339 0.0916011 4.98664 0.0496939 0.132158 0.989982 -0.593827
-0.254934 0.959609 -0.118996 -7.54511 -0.96415 -0.242889 0.106865 4.03712 0.0736453 0.141974 0.987127 -0.5803
-0.196404 0.976251 -0.0914345 -7.8321 -0.977827 -0.188101 0.0920401 3.14323 0.0726553 0.107484 0.991548 -0.479441
-0.0445526 0.988883 -0.141864 -7.98162 -0.994415 -0.0302983 0.101099 2.32057 0.0956767 0.145576 0.98471 -0.521859
0.09414 0.985755 -0.139373 -8.05143 -0.995446 0.0953121 0.00174401 1.56081 0.0150031 0.138574 0.990238 -0.340163
0.245437 0.963378 -0.107996 -7.82307 -0.969346 0.245194 -0.0157299 0.518762 0.011326 0.108546 0.994027 -0.496025
0.302004 0.940146 -0.157856 -7.56857 -0.953268 0.299315 -0.0411172 -0.366589 0.00859249 0.162896 0.986606 -0.406801
0.396331 0.910316 -0.119357 -7.25455 -0.916217 0.400498 0.0121909 -1.21632 0.0588997 0.104525 0.992777 -0.428536
0.565475 0.813093 -0.138268 -6.91261 -0.81621 0.575774 0.0478132 -2.11167 0.118488 0.0858183 0.98924 -0.474069
0.601008 0.770845 -0.211156 -6.26814 -0.779493 0.623699 0.0582225 -3.09768 0.176579 0.129603 0.975717 -0.475436
0.696332 0.697284 -0.170049 -5.53479 -0.69041 0.715499 0.106747 -3.74348 0.196103 0.0430723 0.979637 -0.271698
0.7645 0.633781 -0.117737 -4.8353 -0.62339 0.773373 0.115237 -4.43424 0.16409 -0.0147027 0.986336 -0.30818
0.86807 0.474507 -0.145936 -4.12843 -0.472463 0.879896 0.0506091 -5.05747 0.152423 0.0250171 0.987999 -0.192873
0.929157 0.347423 -0.126349 -3.22701 -0.344514 0.937707 0.0448973 -5.49823 0.134077 0.00181243 0.990969 -0.138399
0.962407 0.236254 -0.134006 -2.17625 -0.231174 0.971494 0.0525083 -5.94744 0.142592 -0.0195556 0.989588 0.0447098
0.987469 0.0723472 -0.140252 -1.22214 -0.0680944 0.997068 0.0348941 -6.07868 0.142365 -0.0249065 0.989501 0.0757344
0.99513 -0.0281551 -0.0944625 -0.252788 0.0304113 0.999283 0.0225314 -6.1465 0.0937605 -0.0252944 0.995273 0.2609
0.982706 -0.167793 -0.0783221 0.816311 0.172102 0.98371 0.0519093 -5.98838 0.0683363 -0.064491 0.995576 0.311395
0.956324 -0.290804 0.02963 1.96571 0.284925 0.950004 0.127714 -5.79985 -0.0652885 -0.113694 0.991368 0.227145
0.899694 -0.408976 0.152606 2.91282 0.402041 0.912523 0.075266 -5.52555 -0.170038 -0.00636259 0.985417 0.263175
0.868502 -0.468577 0.161678 3.84478 0.469274 0.882307 0.036265 -5.13357 -0.159643 0.0443752 0.986177 -0.0572306
0.792974 -0.597072 0.121233 4.73067 0.598694 0.800535 0.0266313 -4.53453 -0.112952 0.0514633 0.992267 0.00745182
0.759162 -0.646312 0.07716 5.53302 0.646921 0.76229 0.0202086 -3.84408 -0.0718793 0.0345748 0.996814 -0.32463
0.665599 -0.742944 0.0707968 6.22137 0.743292 0.66844 0.0265516 -3.10897 -0.0670498 0.0349499 0.997137 -0.516452
0.525929 -0.843072 0.112374 6.84104 0.846485 0.531708 0.0273818 -2.29289 -0.0828348 0.0807217 0.993289 -0.616209
0.434075 -0.892028 0.125953 7.29132 0.896535 0.44145 0.0367008 -1.42069 -0.0883402 0.0969906 0.991357 -0.769328
0.253469 -0.955287 0.152253 7.76893 0.964521 0.261595 0.0356062 -0.497071 -0.0738426 0.137826 0.9877 -0.873317
0.181082 -0.974227 0.134501 8.10029 0.980033 0.190175 0.0580413 0.64155 -0.0821241 0.121305 0.989212 -0.97486
-0.0410904 -0.989141 0.141109 8.20373 0.993702 -0.0257206 0.109067 1.54619 -0.104253 0.144702 0.983968 -1.07183
-0.143276 -0.973958 0.175722 8.23888 0.986189 -0.125595 0.107972 2.48456 -0.0830902 0.188764 0.978501 -1.34869
-0.293136 -0.945277 0.143257 8.11236 0.948891 -0.269321 0.164537 3.55227 -0.116951 0.184167 0.975912 -1.46909
-0.383676 -0.896912 0.219866 7.80647 0.916292 -0.340124 0.211484 4.63365 -0.114901 0.282602 0.952331 -1.55705
-0.497286 -0.857768 0.130157 7.32001 0.86118 -0.469829 0.193987 5.6129 -0.105244 0.208555 0.972331 -1.84938
-0.616296 -0.779993 0.108582 6.73402 0.780345 -0.58629 0.217543 6.49209 -0.106022 0.218802 0.969992 -2.11066
-0.675832 -0.730495 0.0981243 6.16386 0.727555 -0.639876 0.247433 7.50822 -0.117962 0.238614 0.963923 -2.30243
-0.748553 -0.642226 0.164969 5.29298 0.660333 -0.699417 0.273451 8.28877 -0.0602357 0.313627 0.947634 -2.37191
-0.768409 -0.612644 0.184973 4.25941 0.639862 -0.73046 0.238756 9.02348 -0.0111572 0.301819 0.9533 -2.50607
-0.852729 -0.495901 0.16412 3.35771 0.520572 -0.832709 0.188679 9.77074 0.0430986 0.246328 0.968228 -2.51198
-0.902396 -0.361223 0.234944 2.32738 0.410395 -0.886675 0.213034 10.3772 0.131366 0.288661 0.948376 -2.4221
-0.946964 -0.200202 0.251352 1.22192 0.255998 -0.942799 0.213528 10.9164 0.194226 0.266549 0.944049 -2.16874
-0.974621 -0.143065 0.172183 0.139609 0.183266 -0.951612 0.246673 11.0798 0.128561 0.271968 0.95368 -1.8261
-0.976864 0.00323547 0.213836 -1.2115 0.0674933 -0.944121 0.322615 11.2884 0.20293 0.329583 0.92206 -1.55567
-0.985085 0.105712 0.135766 -2.31027 -0.0682778 -0.964394 0.255505 11.4021 0.157942 0.242424 0.957228 -1.39561
-0.951519 0.299731 0.069081 -3.41947 -0.27217 -0.925074 0.264881 11.3692 0.143298 0.233237 0.961803 -1.29954
-0.92086 0.387769 0.0406483 -4.65465 -0.372323 -0.905513 0.203523 11.0202 0.115727 0.172282 0.978226 -1.10489
-0.826503 0.559102 -0.0655628 -5.73056 -0.561704 -0.811396 0.161631 10.6484 0.0371705 0.170415 0.984671 -1.00848
-0.805711 0.573498 -0.148086 -6.75878 -0.589432 -0.800944 0.105162 9.96419 -0.0582986 0.172017 0.983367 -0.907618
-0.684388 0.70567 -0.183423 -7.70123 -0.725826 -0.683267 0.0795177 9.19556 -0.0692134 0.187554 0.979813 -0.989153
-0.627483 0.755543 -0.188203 -8.59556 -0.778214 -0.616453 0.119867 8.09898 -0.0254535 0.221676 0.974788 -1.22346
-0.523191 0.840305 -0.141982 -9.32455 -0.851713 -0.509854 0.12097 7.21992 0.0292617 0.184218 0.98245 -1.22575
-0.431785 0.874382 -0.221398 -9.98665 -0.899196 -0.398026 0.18172 6.06938 0.0707706 0.277545 0.958103 -1.15837
-0.312127 0.919588 -0.238611 -10.5977 -0.949916 -0.298012 0.0940718 4.90577 0.0153985 0.256022 0.966548 -1.02819
-0.138891 0.944198 -0.298662 -10.8363 -0.98921 -0.118079 0.0867288 3.76322 0.0466235 0.307485 0.95041 -1.04374
-0.0505714 0.975222 -0.215373 -11.03 -0.994074 -0.0283732 0.104941 2.3971 0.0962301 0.219404 0.970877 -0.987185
0.0908036 0.961157 -0.260638 -10.9511 -0.995648 0.093132 -0.00342981 1.27855 0.0209771 0.259815 0.965431 -0.774365
0.272461 0.946509 -0.172874 -10.8209 -0.962142 0.266731 -0.0560077 -0.121241 -0.00690104 0.181589 0.98335 -0.923453
0.399735 0.898401 -0.1819 -10.5142 -0.916484 0.388174 -0.0968369 -1.29147 -0.0163896 0.205417 0.978537 -1.02516
0.498619 0.847123 -0.183742 -9.96456 -0.866605 0.491905 -0.0838191 -2.57473 0.0193787 0.201026 0.979394 -1.00408
0.571205 0.80376 -0.166417 -9.35829 -0.813678 0.581148 0.0139786 -3.81708 0.107948 0.127425 0.985956 -0.992976
0.656658 0.718232 -0.230092 -8.6118 -0.74032 0.67209 -0.014867 -4.9181 0.143965 0.180104 0.973055 -0.823633
0.756423 0.627221 -0.185519 -7.68436 -0.644466 0.763152 -0.047568 -5.95299 0.111743 0.155542 0.981489 -0.544999
0.850668 0.509138 -0.13093 -6.6658 -0.514321 0.857571 -0.00682901 -6.91831 0.108805 0.0731493 0.991368 -0.442048
0.886069 0.434857 -0.160562 -5.4571 -0.445978 0.894176 -0.0394137 -7.63264 0.126431 0.10653 0.986239 -0.307365
0.938061 0.332952 -0.0958342 -4.28647 -0.333795 0.942615 0.00756721 -8.35406 0.0928543 0.0248905 0.995369 -0.141147
0.9577 0.2659 -0.110041 -2.82992 -0.271196 0.961848 -0.0360718 -8.84727 0.0962509 0.0643886 0.993272 -0.00409259
0.985586 0.0923255 -0.141758 -1.62204 -0.106044 0.990053 -0.0924681 -9.17672 0.131811 0.106168 0.985573 0.114414
0.993678 0.00842822 -0.111952 -0.216712 -0.018378 0.995938 -0.0881432 -9.21529 0.110755 0.0896434 0.989797 0.23284
0.991127 -0.128909 -0.0324006 1.26891 0.12513 0.987121 -0.0996728 -9.03936 0.0448321 0.0947342 0.994493 0.368294
0.967011 -0.228093 0.113415 2.68525 0.23456 0.970955 -0.0472044 -8.81942 -0.099354 0.0722498 0.992426 0.388083
0.911719 -0.333053 0.240509 4.04339 0.348908 0.936814 -0.0253506 -8.23537 -0.216869 0.107028 0.970316 0.170664
0.84158 -0.482512 0.242747 5.28953 0.508727 0.859101 -0.056059 -7.7458 -0.181495 0.17067 0.968468 -0.147658
0.778911 -0.58997 0.212679 6.46493 0.605018 0.796179 -0.00721266 -6.9672 -0.165075 0.134293 0.977096 -0.318479
0.719593 -0.672661 0.172376 7.53071 0.686351 0.72667 -0.0295382 -6.00682 -0.105391 0.139566 0.984588 -0.585446
0.614306 -0.77667 0.139328 8.47328 0.782799 0.622063 0.0162134 -5.09879 -0.099263 0.0991056 0.990114 -0.785996
0.43272 -0.882838 0.182619 9.40487 0.896025 0.443511 0.0209239 -4.03988 -0.0994661 0.154577 0.982961 -1.01968
0.415002 -0.88442 0.213482 10.021 0.903827 0.427647 0.0146614 -2.66387 -0.104262 0.186867 0.976837 -1.15035
0.290988 -0.932311 0.21476 10.5916 0.945103 0.315001 0.0869132 -1.26406 -0.14868 0.17768 0.972792 -1.40426
0.158048 -0.958789 0.236101 11.0811 0.977988 0.184986 0.0965413 0.0628029 -0.136238 0.215646 0.966921 -1.40042
-0.0112954 -0.969282 0.245692 11.2141 0.99096 0.0219983 0.132344 1.48397 -0.133683 0.244966 0.960271 -1.54548
-0.113947 -0.97308 0.200326 11.137 0.980378 -0.0774872 0.181256 2.85408 -0.160854 0.217049 0.962817 -1.89149
-0.272693 -0.940256 0.203855 11.0217 0.939894 -0.215088 0.26521 4.3129 -0.205518 0.263923 0.942394 -2.17494
-0.388544 -0.888904 0.242657 10.5314 0.901277 -0.311854 0.300743 5.66138 -0.191659 0.335553 0.922318 -2.35203
-0.526205 -0.832891 0.171465 9.95417 0.840663 -0.479161 0.252368 7.03749 -0.128036 0.276942 0.952318 -2.65715
-0.607334 -0.767062 0.206787 9.20347 0.785774 -0.541644 0.298631 8.23056 -0.117064 0.343856 0.931697 -2.95654
-0.684584 -0.70341 0.191204 8.29846 0.726964 -0.639558 0.249976 9.40827 -0.0535495 0.310128 0.949185 -3.21743
-0.819618 -0.541205 0.187949 7.2015 0.572837 -0.768884 0.284034 10.458 -0.00920993 0.340464 0.940213 -3.51167
-0.808847 -0.561943 0.173168 6.04294 0.587349 -0.758036 0.283554 11.4306 -0.0280738 0.331062 0.943191 -3.45324
-0.865374 -0.443467 0.233376 4.73864 0.497205 -0.817958 0.289365 12.282 0.0625678 0.366445 0.928334 -3.39683
-0.924184 -0.265787 0.274303 3.3971 0.346189 -0.886308 0.30759 13.0532 0.161363 0.37923 0.911124 -3.39737
-0.937772 -0.156261 0.310107 1.89534 0.26326 -0.902277 0.341453 13.6788 0.226447 0.401843 0.887268 -3.15958
-0.975878 -0.0326603 0.215859 0.486301 0.111978 -0.923659 0.36649 14.0958 0.18741 0.381821 0.905036 -2.81421
-0.988092 -0.00266294 0.153841 -1.16807 0.0604999 -0.926038 0.372551 14.1396 0.14147 0.377422 0.915172 -2.59965
-0.980756 0.114528 0.158114 -2.70651 -0.0443962 -0.919477 0.390628 14.3052 0.19012 0.376091 0.906868 -2.37584
-0.972405 0.230648 0.0350729 -4.32493 -0.202065 -0.907788 0.367546 14.2071 0.116613 0.350317 0.929344 -2.10268
-0.937977 0.344303 -0.0406729 -5.8002 -0.33547 -0.871721 0.357159 13.7547 0.0875153 0.348651 0.933158 -1.77625
-0.870455 0.463007 -0.16713 -7.3738 -0.491646 -0.834522 0.248711 13.1987 -0.0243183 0.298661 0.954049 -1.57829
-0.741156 0.602649 -0.295809 -8.49487 -0.665406 -0.717877 0.204665 12.3511 -0.0890131 0.348522 0.933064 -1.59673
-0.684895 0.651698 -0.325896 -9.83852 -0.72112 -0.670349 0.17498 11.2097 -0.10443 0.354853 0.929071 -1.77855
-0.592732 0.761516 -0.262228 -10.9033 -0.802445 -0.586243 0.11136 10.0441 -0.0689267 0.27643 0.958559 -1.94054
-0.55828 0.787504 -0.261076 -11.973 -0.829296 -0.52047 0.203418 8.63286 0.0243103 0.330074 0.943642 -1.99159
-0.433628 0.856089 -0.281209 -12.8403 -0.90024 -0.39801 0.176512 7.21768 0.0391853 0.329696 0.943274 -2.07528
-0.273 0.914199 -0.299518 -13.3741 -0.961694 -0.251313 0.109483 5.80424 0.0248166 0.317933 0.947788 -1.92681
-0.0636809 0.940577 -0.333557 -13.7818 -0.99778 -0.053479 0.0396888 4.15369 0.0194921 0.335344 0.941894 -1.88656
-0.054294 0.942406 -0.330036 -13.937 -0.996283 -0.0289903 0.0811171 2.41157 0.0668773 0.333213 0.940477 -1.84403
0.105924 0.940982 -0.321454 -13.8302 -0.993048 0.116794 0.014662 0.931951 0.0513406 0.317666 0.946812 -1.76458
0.303641 0.904545 -0.299332 -13.7881 -0.952392 0.297186 -0.0680422 -0.811803 0.0274101 0.305742 0.95172 -1.64181
0.384862 0.883418 -0.267309 -13.2043 -0.921722 0.382949 -0.0614733 -2.32612 0.048059 0.270043 0.961648 -1.69669
0.483164 0.842158 -0.239423 -12.5556 -0.873182 0.483515 -0.0613706 -4.01478 0.0640808 0.238712 0.968974 -1.68238
0.588924 0.772465 -0.237626 -11.686 -0.798099 0.602179 -0.0204431 -5.5751 0.127302 0.201689 0.971142 -1.54739
0.623814 0.757344 -0.193097 -10.6373 -0.776071 0.629484 -0.0382584 -6.95519 0.0925768 0.173723 0.980433 -1.42184
0.74761 0.640993 -0.173799 -9.60681 -0.658359 0.749724 -0.0669051 -8.26336 0.0874159 0.164441 0.982506 -1.12051
0.796298 0.577663 -0.179486 -8.15997 -0.594006 0.802807 -0.0515548 -9.46508 0.114311 0.147668 0.982409 -0.797198
0.86137 0.473999 -0.182666 -6.75955 -0.495901 0.862589 -0.100114 -10.3484 0.110112 0.176819 0.978065 -0.717611
0.956415 0.272972 -0.103715 -5.24589 -0.28223 0.955264 -0.0884102 -11.226 0.0749415 0.113828 0.99067 -0.486594
0.950446 0.277578 -0.140012 -3.67651 -0.294822 0.947657 -0.122585 -11.8331 0.0986561 0.157789 0.982532 -0.336041
0.992893 0.0616721 -0.101782 -1.94983 -0.0757056 0.987204 -0.140345 -12.114 0.0918246 0.147053 0.984857 -0.26371
0.99736 0.0363652 -0.0628603 -0.185908 -0.0474368 0.981638 -0.18476 -12.2086 0.0549872 0.187254 0.980771 -0.158062
0.991725 -0.127187 0.0174534 1.72506 0.127972 0.968596 -0.213179 -12.0042 0.0102082 0.213648 0.976857 -0.0672681
0.953592 -0.27037 0.132524 3.43385 0.285298 0.952038 -0.110582 -11.7772 -0.0962704 0.143259 0.984992 -0.0490973
0.894441 -0.385637 0.226404 5.15522 0.426033 0.888719 -0.169335 -11.0753 -0.135908 0.247916 0.959201 -0.233835
0.857116 -0.470582 0.209532 6.76276 0.5 0.857855 -0.118679 -10.3242 -0.1239 0.206488 0.970573 -0.645051
0.793875 -0.541625 0.276414 8.3858 0.584333 0.805293 -0.100285 -9.34949 -0.168278 0.241132 0.955792 -0.759162
0.690949 -0.683106 0.236549 9.55229 0.709191 0.703957 -0.038629 -8.30149 -0.140133 0.194449 0.970851 -1.04375
0.634516 -0.73395 0.242294 10.8986 0.766695 0.637362 -0.0771311 -6.95367 -0.0978185 0.234706 0.967132 -1.23742
0.502543 -0.822247 0.267133 12.0978 0.854052 0.520157 -0.00561808 -5.42192 -0.134332 0.230969 0.963643 -1.44404
0.383138 -0.872193 0.304114 12.8439 0.914894 0.403662 0.00506468 -3.92118 -0.127176 0.276291 0.952622 -1.80462
0.250196 -0.926914 0.279701 13.4339 0.964693 0.26321 0.00933375 -2.23683 -0.0822719 0.267491 0.960042 -1.99047
0.114265 -0.967421 0.225922 13.9265 0.986823 0.136752 0.0864818 -0.501621 -0.11456 0.213063 0.970299 -2.2464
-0.0516452 -0.964743 0.258076 14.2095 0.989166 -0.0138577 0.146145 1.24128 -0.137416 0.262828 0.955007 -2.48055
-0.187983 -0.950424 0.247704 14.1426 0.972666 -0.145143 0.181256 3.07535 -0.136318 0.275006 0.951729 -2.61609
-0.272779 -0.929867 0.24686 13.7333 0.942647 -0.207014 0.261845 4.98677 -0.192377 0.304127 0.933005 -2.99544
-0.341944 -0.892685 0.293578 13.2604 0.915256 -0.245552 0.31939 6.64878 -0.213026 0.377913 0.901 -3.28801
-0.483414 -0.848631 0.214794 12.4846 0.86237 -0.4195 0.283438 8.35532 -0.150428 0.32225 0.934626 -3.6835
-0.589988 -0.780445 0.20693 11.5293 0.787701 -0.500076 0.359793 9.85743 -0.177319 0.375272 0.909796 -4.05334
-0.667723 -0.71678 0.200927 10.3126 0.734235 -0.589679 0.336419 11.2479 -0.122656 0.372163 0.920027 -4.38725
-0.761236 -0.631066 0.14925 8.86727 0.640814 -0.696776 0.322274 12.71 -0.0993826 0.340968 0.934807 -4.59387
-0.849561 -0.46208 0.254419 7.68519 0.525971 -0.778655 0.342128 13.834 0.0400145 0.424475 0.904555 -4.77048
-0.860085 -0.442703 0.253511 6.04468 0.507171 -0.795645 0.331249 14.8139 0.0550597 0.413476 0.908849 -4.66996
-0.893664 -0.380339 0.23813 4.1738 0.442275 -0.83627 0.324107 15.7812 0.0758705 0.394962 0.915559 -4.54161
-0.938454 -0.289231 0.188813 2.51992 0.338209 -0.880459 0.332275 16.4703 0.0701378 0.375683 0.92409 -4.3305
-0.982198 -0.119947 0.144566 0.649489 0.165964 -0.914599 0.368734 16.9227 0.0879913 0.386163 0.918224 -4.06008
-0.988787 0.0327528 0.145699 -1.32073 0.0369468 -0.891666 0.451184 17.0324 0.144692 0.451508 0.880457 -3.76419
-0.971795 0.194493 0.13337 -3.11425 -0.107762 -0.86927 0.482449 17.0702 0.209767 0.454469 0.865711 -3.72477
-0.967513 0.237164 0.0875916 -5.02846 -0.158949 -0.840021 0.518749 16.9015 0.196608 0.487974 0.850427 -3.30847
-0.91943 0.378377 -0.107139 -6.9322 -0.376486 -0.768228 0.517768 16.5426 0.113604 0.516389 0.848786 -2.89874
-0.844854 0.443022 -0.299922 -8.73967 -0.532492 -0.750513 0.391385 15.7027 -0.0517032 0.490369 0.86998 -2.65012
-0.758868 0.551115 -0.346975 -10.3236 -0.649748 -0.67681 0.346056 14.5489 -0.0441191 0.488058 0.871696 -2.78385
-0.670955 0.660343 -0.337294 -11.8189 -0.74001 -0.625124 0.248202 13.1345 -0.0469517 0.416133 0.908091 -2.90097
-0.581348 0.761967 -0.285379 -13.1456 -0.813266 -0.555 0.174851 11.8103 -0.0251542 0.333738 0.94233 -3.05495
-0.519698 0.787439 -0.331441 -14.5081 -0.854237 -0.485225 0.186641 10.1038 -0.0138551 0.380126 0.924831 -3.10595
-0.383857 0.857539 -0.342462 -15.4625 -0.923091 -0.346883 0.16606 8.45356 0.0236086 0.379867 0.92474 -3.0415
-0.238842 0.906391 -0.34844 -16.091 -0.970873 -0.215892 0.103902 6.6223 0.0189505 0.363107 0.931555 -3.05174
-0.104611 0.916105 -0.38705 -16.6145 -0.993713 -0.0806736 0.0776328 4.45891 0.0398951 0.392738 0.918785 -3.03035
-0.0429007 0.93065 -0.363388 -16.759 -0.99741 -0.0188799 0.0693997 2.44154 0.0577261 0.365424 0.92905 -2.87853
0.093317 0.93063 -0.353863 -16.6405 -0.991118 0.120652 0.0559379 0.437581 0.0947518 0.3455 0.933623 -2.71044
0.228327 0.9215 -0.314172 -16.4244 -0.971828 0.235096 -0.0167235 -1.6971 0.0584499 0.30914 0.949219 -2.64347
0.349955 0.894003 -0.279803 -15.9942 -0.933222 0.358673 -0.0211975 -3.47578 0.0814073 0.268537 0.959823 -2.61476
0.460382 0.844099 -0.274856 -15.0264 -0.884959 0.460803 -0.0671486 -5.5291 0.0699743 0.27415 0.959138 -2.39275
0.537898 0.80208 -0.259488 -14.2109 -0.83741 0.543803 -0.0549834 -7.24548 0.0970089 0.246873 0.96418 -2.27661
0.674908 0.687188 -0.268833 -13.0081 -0.726255 0.683077 -0.0771974 -8.86476 0.130585 0.247343 0.960088 -2.1642
0.751987 0.58894 -0.296083 -11.5941 -0.63109 0.772952 -0.0653516 -10.3781 0.190369 0.235998 0.952924 -1.81666
0.823322 0.507494 -0.254147 -9.9909 -0.54973 0.824423 -0.134625 -11.8186 0.141203 0.250552 0.95775 -1.35317
0.871437 0.457195 -0.17768 -8.30015 -0.482741 0.863599 -0.14546 -13.0009 0.0869405 0.212532 0.973279 -1.3206
0.930766 0.338284 -0.138703 -6.30095 -0.359865 0.914664 -0.184086 -14.1 0.0645936 0.221255 0.973074 -1.29965
0.957651 0.250544 -0.141891 -4.35126 -0.278464 0.931229 -0.235095 -14.6468 0.0732314 0.26465 0.96156 -1.07192
0.98642 0.134671 -0.0940186 -2.25845 -0.160433 0.91264 -0.375965 -15.1761 0.0351735 0.385943 0.921852 -0.784791
0.99964 -0.0264578 -0.0045053 -0.171696 0.0243599 0.964903 -0.261474 -15.3237 0.0112652 0.26127 0.9652 -0.786871
0.977466 -0.204925 0.0506564 2.02693 0.210707 0.932668 -0.2928 -15.0416 0.0127564 0.296876 0.954831 -0.722285
0.944766 -0.295646 0.141458 4.25545 0.321143 0.921262 -0.219418 -14.6158 -0.0654496 0.252727 0.965321 -0.80528
0.907294 -0.381907 0.175969 6.36223 0.410322 0.895593 -0.171899 -13.8377 -0.0919472 0.228167 0.969271 -1.0519
0.862531 -0.478001 0.166 8.28204 0.498394 0.859226 -0.115475 -12.8565 -0.0874345 0.182334 0.979341 -1.29348
0.797034 -0.562043 0.221007 10.018 0.597555 0.78696 -0.153691 -11.7123 -0.0875423 0.254561 0.963086 -1.63645
0.723525 -0.649995 0.232419 11.6305 0.674803 0.736927 -0.0397464 -10.4301 -0.145441 0.185594 0.971803 -1.74804
0.577234 -0.763906 0.288527 13.1806 0.810632 0.578631 -0.0897837 -9.03038 -0.0983641 0.285715 0.953253 -1.94555
0.497745 -0.797395 0.34119 14.4887 0.858215 0.50967 -0.0608566 -7.01369 -0.125368 0.323106 0.938022 -2.26847
0.392346 -0.842805 0.368435 15.6142 0.911276 0.41062 -0.0311126 -5.06491 -0.125065 0.347953 0.929133 -2.67265
0.310254 -0.894397 0.322176 16.2706 0.945976 0.324036 -0.0114082 -3.01124 -0.0941933 0.30831 0.946611 -2.87578
0.177023 -0.902417 0.392819 16.8497 0.981111 0.193435 0.00223915 -0.880059 -0.0780055 0.385002 0.919613 -3.02653
0.0170804 -0.947616 0.318955 17.1529 0.992128 0.0556438 0.112188 1.19677 -0.124059 0.314528 0.941107 -3.28054
-0.117801 -0.941947 0.314418 17.0608 0.981333 -0.0619543 0.182064 3.43586 -0.152015 0.329996 0.931662 -3.51082
-0.23846 -0.935067 0.262273 16.6238 0.941363 -0.156181 0.29907 5.44517 -0.238688 0.31821 0.91748 -3.94279
-0.442982 -0.834583 0.327471 16.0453 0.882456 -0.341431 0.32357 7.44656 -0.158237 0.432314 0.88773 -4.42006
-0.503354 -0.822865 0.263683 15.0474 0.85187 -0.421451 0.310959 9.45182 -0.144748 0.381146 0.913113 -4.9233
-0.627464 -0.734729 0.257803 13.8229 0.768154 -0.529926 0.35933 11.2654 -0.127394 0.423499 0.896894 -5.35294
-0.716993 -0.633843 0.290112 12.5338 0.695764 -0.625149 0.353696 13.0041 -0.0428245 0.455447 0.889232 -5.61235
-0.731518 -0.633397 0.25237 10.9027 0.674708 -0.619139 0.401792 14.6944 -0.0982419 0.464194 0.880268 -5.67474
-0.786827 -0.566225 0.245544 9.08492 0.614302 -0.680181 0.399985 16.0739 -0.0594673 0.465557 0.883018 -5.95845
-0.884309 -0.414696 0.214534 7.35247 0.466686 -0.799057 0.379093 17.3029 0.0142168 0.435355 0.900146 -5.9814
-0.931281 -0.323041 0.168405 5.2784 0.362999 -0.86191 0.354038 18.2994 0.0307814 0.390839 0.919944 -5.75429
-0.971863 -0.20386 0.118 3.23318 0.232946 -0.906085 0.353194 19.176 0.0349157 0.370744 0.928079 -5.68047
-0.989821 -0.0849193 0.114203 1.03713 0.122247 -0.9182 0.376781 19.7023 0.0728654 0.386907 0.919236 -5.46879
-0.997535 0.0301628 0.0633643 -1.41968 0.00072731 -0.898427 0.439122 19.7722 0.0701733 0.438085 0.89619 -5.35578
-0.987977 0.144463 0.0550638 -3.61524 -0.098762 -0.863769 0.494115 19.6603 0.118944 0.482736 0.867651 -5.08991
-0.976423 0.21563 -0.0100683 -6.03399 -0.191455 -0.843523 0.501811 19.4537 0.0997126 0.491908 0.864918 -4.88321
-0.917753 0.385685 -0.0947415 -8.02073 -0.380738 -0.786554 0.486181 18.9281 0.112993 0.482266 0.868707 -4.6223
-0.861492 0.480578 -0.163937 -10.1081 -0.501972 -0.757393 0.417588 17.844 0.0765188 0.442041 0.893725 -4.38173
-0.795737 0.545447 -0.263229 -12.149 -0.605393 -0.728827 0.319861 16.5725 -0.0173814 0.413882 0.910165 -4.23408
-0.693038 0.637294 -0.336978 -13.8957 -0.714495 -0.669395 0.203487 15.1452 -0.0958908 0.381793 0.91926 -4.28888
-0.614807 0.721203 -0.319184 -15.4913 -0.788064 -0.577732 0.212558 13.4288 -0.0311052 0.38222 0.923548 -4.26842
-0.497772 0.788065 -0.362184 -16.9337 -0.867255 -0.447644 0.217909 11.4868 0.0095973 0.422575 0.906277 -4.41933
-0.334913 0.811883 -0.478204 -18.171 -0.941881 -0.302639 0.145839 9.46232 -0.0263195 0.499255 0.866055 -4.22493
-0.218118 0.841173 -0.494826 -18.786 -0.975589 -0.174685 0.133083 7.1969 0.0255075 0.511774 0.858741 -4.3104
-0.139019 0.88762 -0.439096 -19.2344 -0.987987 -0.094096 0.122587 4.83741 0.0674934 0.450863 0.890038 -4.37425
-0.0411391 0.894025 -0.446125 -19.4683 -0.989026 0.0269742 0.145258 2.45331 0.141898 0.447205 0.883104 -4.21171
0.0831228 0.913888 -0.397367 -19.4665 -0.988689 0.125581 0.0820002 0.0597159 0.124841 0.386056 0.913989 -3.93445
0.223874 0.904887 -0.362022 -19.1655 -0.964291 0.259584 0.0525223 -2.34398 0.141502 0.337336 0.930689 -3.80839
0.372637 0.860084 -0.348422 -18.6147 -0.911725 0.409287 0.0352421 -4.57952 0.172916 0.304532 0.936675 -3.5548
0.41762 0.856726 -0.302679 -17.5656 -0.900476 0.434743 -0.0118987 -6.86378 0.121394 0.277524 0.953018 -3.31518
0.578146 0.75606 -0.30679 -16.5999 -0.80616 0.587326 -0.0717907 -8.94497 0.125908 0.288828 0.949066 -3.12496
0.652074 0.698873 -0.293898 -15.097 -0.752514 0.643817 -0.138645 -10.9919 0.092321 0.311569 0.945728 -2.81416
0.732197 0.606949 -0.309032 -13.4514 -0.665477 0.734133 -0.134871 -12.7712 0.145011 0.304406 0.94144 -2.6393
0.818628 0.514506 -0.255208 -11.6058 -0.562081 0.808995 -0.172026 -14.4454 0.117954 0.284273 0.95146 -2.24876
0.88765 0.413178 -0.203374 -9.57269 -0.451034 0.869165 -0.202782 -15.67 0.0929802 0.271728 0.957872 -2.19373
0.943302 0.276624 -0.183469 -7.31938 -0.318217 0.910885 -0.262727 -16.705 0.0944428 0.306214 0.947266 -1.99382
0.963109 0.235937 -0.129442 -4.96473 -0.263844 0.922558 -0.281556 -17.4098 0.052988 0.305321 0.950774 -1.90809
0.996555 0.0667775 -0.0491775 -2.54552 -0.0810885 0.908929 -0.408991 -18.0797 0.0173874 0.41157 0.911212 -1.81379
0.998402 -0.0556107 -0.0100769 -0.154828 0.0472162 0.918732 -0.392048 -18.2015 0.03106 0.390945 0.91989 -1.68273
0.986976 -0.154759 0.0439162 2.56071 0.160567 0.930965 -0.327906 -17.9459 0.00986202 0.330687 0.943689 -1.76432
0.976078 -0.201826 0.0808546 5.00169 0.216757 0.932329 -0.289447 -17.3963 -0.0169651 0.300048 0.953773 -1.70694
0.918338 -0.372496 0.1338 7.50351 0.392439 0.900884 -0.185473 -16.6742 -0.0514501 0.222835 0.973498 -1.82335
0.839374 -0.50236 0.20757 9.69358 0.539183 0.817853 -0.200991 -15.5762 -0.068792 0.280624 0.957349 -1.98957
0.772808 -0.593943 0.223605 11.6728 0.631564 0.754389 -0.178951 -14.1638 -0.0623982 0.279516 0.958111 -2.3522
0.718113 -0.632076 0.291194 13.699 0.691047 0.697119 -0.190998 -12.5688 -0.0822712 0.338386 0.937404 -2.52201
0.588096 -0.723131 0.36225 15.5136 0.802809 0.576294 -0.152913 -10.7865 -0.0981865 0.380745 0.919453 -2.92134
0.514971 -0.764453 0.387836 16.916 0.843547 0.532382 -0.0707035 -8.62774 -0.152427 0.363568 0.919013 -3.23051
0.423827 -0.791708 0.439964 18.0775 0.894553 0.442008 -0.0663575 -6.33115 -0.141932 0.421696 0.89556 -3.75005
0.304403 -0.850432 0.429074 18.9996 0.951618 0.291362 -0.0976332 -3.90181 -0.0419854 0.438034 0.897978 -4.08299
0.190989 -0.870961 0.452715 19.6148 0.979259 0.200844 -0.0267286 -1.39288 -0.0676453 0.44843 0.891255 -4.17278
0.0251435 -0.882381 0.469863 20.1849 0.997624 0.0523073 0.0448453 1.05071 -0.0641479 0.467619 0.881599 -4.39393
-0.215305 -0.857477 0.467308 20.0411 0.959837 -0.0976733 0.263007 3.51548 -0.179879 0.505167 0.844068 -4.58465
-0.352995 -0.855449 0.378947 19.4197 0.902344 -0.204202 0.379575 5.92735 -0.247326 0.475929 0.843992 -5.10224
-0.353379 -0.830875 0.429849 18.3507 0.914115 -0.209055 0.347404 8.37769 -0.198787 0.515697 0.833391 -5.7677
-0.513508 -0.779616 0.358481 17.4397 0.841114 -0.374648 0.390084 10.733 -0.169812 0.501835 0.848131 -6.19926
-0.582799 -0.748515 0.316339 16.0608 0.800431 -0.461614 0.382392 12.8387 -0.1402 0.476065 0.868163 -6.7436
-0.737076 -0.606597 0.297926 14.5402 0.674211 -0.629707 0.385887 14.8782 -0.0464716 0.485292 0.873116 -7.05752
-0.762223 -0.585402 0.276263 12.7046 0.647135 -0.679073 0.346519 16.6291 -0.01525 0.442904 0.896439 -7.13766
-0.832282 -0.466678 0.299197 10.7471 0.551866 -0.748575 0.367532 18.2851 0.0524521 0.471006 0.880569 -7.36262
-0.874689 -0.384145 0.295553 8.50653 0.475698 -0.797275 0.37157 19.6617 0.0929003 0.465603 0.880104 -7.23753
-0.91662 -0.331832 0.222924 6.18575 0.38776 -0.87363 0.293961 20.9687 0.0972073 0.355892 0.929458 -7.0393
-0.969065 -0.232792 0.0819795 3.84381 0.246804 -0.915142 0.318751 21.9093 0.000820087 0.329124 0.944287 -6.8469
-0.996569 -0.0664609 0.0493323 1.22724 0.0807951 -0.91052 0.405493 22.4124 0.0179687 0.408088 0.912766 -6.71543
-0.99883 0.0466494 0.0127173 -1.50695 -0.0360196 -0.893344 0.447928 22.5072 0.0322565 0.446946 0.893979 -6.74709
-0.993651 0.109702 0.0249751 -4.23101 -0.0834214 -0.867323 0.490706 22.2706 0.0754929 0.485507 0.870967 -6.69248
-0.979081 0.199 -0.0424253 -6.73802 -0.192254 -0.836492 0.513146 21.9828 0.0666275 0.510568 0.857252 -6.40034
-0.942072 0.31998 -0.100565 -9.32208 -0.32376 -0.789174 0.521903 21.2469 0.0876354 0.524229 0.847056 -6.16459
-0.888384 0.417641 -0.190656 -11.5975 -0.455362 -0.748682 0.481789 20.1694 0.0584747 0.514831 0.855295 -5.86721
-0.810359 0.519711 -0.270588 -13.8622 -0.584528 -0.685085 0.434724 18.8386 0.0405554 0.510449 0.858951 -5.64825
-0.68911 0.616689 -0.380555 -15.8976 -0.724489 -0.597601 0.343494 17.1319 -0.0155914 0.512413 0.858597 -5.47892
-0.56247 0.73212 -0.384225 -17.7226 -0.825962 -0.518675 0.220824 15.093 -0.0376183 0.441562 0.896442 -5.66343
-0.441987 0.804899 -0.39596 -19.2185 -0.897 -0.393524 0.20132 12.8051 0.00622238 0.444157 0.895927 -5.76659
-0.369654 0.797997 -0.47598 -20.373 -0.928651 -0.334413 0.160549 10.3591 -0.0310561 0.501367 0.864677 -5.76685
-0.211193 0.825488 -0.523418 -21.2559 -0.977418 -0.174444 0.119259 7.79807 0.00713987 0.536785 0.843689 -5.88058
-0.167575 0.857624 -0.48621 -21.7903 -0.981474 -0.0986611 0.164243 4.94661 0.0928887 0.504725 0.858268 -5.80138
-0.0511724 0.878982 -0.474101 -22.1483 -0.993159 0.00510224 0.116657 2.31984 0.104958 0.476827 0.872708 -5.57811
0.0581959 0.88994 -0.452349 -22.1476 -0.993089 0.0978662 0.0647758 -0.296017 0.101916 0.445454 0.889485 -5.25596
0.217864 0.876824 -0.428619 -21.8578 -0.965475 0.257883 0.0368066 -3.12287 0.142807 0.405802 0.902735 -4.87055
0.268163 0.862266 -0.429635 -21.2005 -0.952152 0.305095 0.0180182 -5.84923 0.146616 0.404246 0.902823 -4.50234
0.405617 0.833823 -0.374452 -20.2778 -0.903658 0.427394 -0.0271531 -8.34464 0.137398 0.34939 0.926849 -4.22775
0.553469 0.736822 -0.388285 -18.9998 -0.824304 0.551296 -0.128822 -10.7077 0.119141 0.391364 0.912491 -4.00106
0.669469 0.652983 -0.354153 -17.3809 -0.742066 0.609635 -0.278718 -12.8921 0.0339057 0.449398 0.892688 -3.69798
0.684829 0.636546 -0.354708 -15.3086 -0.723871 0.65022 -0.230704 -14.9423 0.083785 0.414756 0.906067 -3.73395
0.809022 0.5011 -0.307216 -13.216 -0.579296 0.768239 -0.272442 -16.851 0.099494 0.398381 0.911808 -3.2771
0.897432 0.398247 -0.189777 -10.8477 -0.43967 0.842668 -0.310807 -18.2989 0.0361412 0.362367 0.931334 -3.07653
0.943252 0.297139 -0.148271 -8.30826 -0.331824 0.860828 -0.385833 -19.4212 0.0129895 0.413138 0.910576 -3.10899
0.98039 0.176545 -0.08756 -5.64686 -0.196707 0.903495 -0.380792 -20.2461 0.0118833 0.390548 0.920506 -3.06096
0.99394 0.106391 -0.0276403 -2.6601 -0.108148 0.90147 -0.419112 -20.7191 -0.0196727 0.419562 0.907514 -2.93409
0.997387 -0.0695417 -0.0195691 0.0871573 0.0536233 0.894166 -0.444513 -20.9145 0.0484102 0.442302 0.895559 -2.9846
0.986551 -0.163439 -0.00238509 2.96548 0.150997 0.916847 -0.369582 -20.7175 0.0625907 0.364251 0.929195 -2.88339
0.969011 -0.238228 0.0653027 5.84358 0.246973 0.929412 -0.274222 -20.2904 0.00463405 0.281852 0.959447 -2.67914
0.913873 -0.363435 0.180971 8.55214 0.399039 0.886222 -0.235325 -19.468 -0.0748548 0.287271 0.95492 -2.62658
0.823223 -0.452436 0.342937 11.1447 0.539005 0.812551 -0.221887 -18.1906 -0.178264 0.367507 0.912776 -2.6725
0.769844 -0.531531 0.353291 13.5127 0.618613 0.757625 -0.208141 -16.4225 -0.157029 0.378786 0.912065 -3.39979
0.68733 -0.601506 0.407146 15.6822 0.72109 0.632386 -0.283049 -14.6986 -0.0872178 0.488137 0.868398 -3.72344
0.634175 -0.659867 0.402986 17.6151 0.766778 0.60372 -0.218115 -12.5906 -0.099364 0.447324 0.888835 -4.10296
0.473231 -0.783943 0.401853 19.2883 0.87443 0.473362 -0.106305 -10.1586 -0.106885 0.401699 0.909513 -4.59693
0.427489 -0.780088 0.456854 20.5602 0.896329 0.431528 -0.101872 -7.53996 -0.117676 0.453041 0.883689 -4.97481
0.272846 -0.855938 0.439233 21.5217 0.954915 0.296477 -0.0154336 -4.82988 -0.117012 0.423641 0.898241 -5.33358
0.147397 -0.855881 0.495723 22.3955 0.984187 0.176693 0.012431 -2.08626 -0.0982303 0.486052 0.868392 -5.63886
0.0139483 -0.842773 0.538088 22.7624 0.994344 0.0683559 0.0812861 0.824341 -0.105287 0.533911 0.83896 -5.90007
-0.139853 -0.861753 0.487671 22.5956 0.967763 -0.0147724 0.251428 3.74867 -0.209465 0.507113 0.836039 -6.17888
-0.326836 -0.806576 0.492558 22.1098 0.930099 -0.182081 0.319002 6.34135 -0.167614 0.562389 0.809706 -6.82428
-0.389936 -0.788301 0.475953 21.07 0.914682 -0.271892 0.299051 9.07629 -0.106335 0.551957 0.827065 -7.47475
-0.4587 -0.803276 0.379925 19.706 0.877533 -0.342256 0.335852 11.7525 -0.139751 0.487452 0.861893 -7.84031
-0.580377 -0.732317 0.356194 18.33 0.805255 -0.450906 0.385031 14.3014 -0.121355 0.51029 0.851397 -8.27777
-0.689798 -0.637257 0.343631 16.4335 0.719162 -0.548305 0.426812 16.6667 -0.0835742 0.54154 0.83651 -8.46265
-0.757187 -0.577658 0.304925 14.4242 0.652214 -0.643004 0.40145 18.7833 -0.0358326 0.502849 0.863631 -8.75998
-0.816016 -0.497064 0.295035 12.2653 0.577958 -0.693596 0.429987 20.5006 -0.00909642 0.521394 0.853268 -8.70397
-0.852343 -0.381207 0.358039 9.74929 0.513489 -0.739853 0.434679 22.1562 0.099194 0.554345 0.826355 -8.71012
-0.885867 -0.30027 0.353664 7.1404 0.433617 -0.806946 0.401017 23.619 0.164975 0.508602 0.845049 -8.25437
-0.979794 -0.172677 0.100925 4.45394 0.198647 -0.898911 0.390511 24.664 0.0232906 0.402669 0.915049 -7.98259
-0.999061 -0.0375039 0.0217009 1.38143 0.0433178 -0.85269 0.520618 25.1816 -0.00102104 0.521069 0.853514 -8.00946
-0.999931 0.0108313 -0.00464143 -1.62868 -0.0117069 -0.868119 0.496219 25.1739 0.0013454 0.496239 0.868185 -8.09889
-0.992273 0.123275 -0.0140353 -4.46542 -0.113369 -0.854901 0.506252 24.9967 0.0504093 0.503931 0.862271 -8.17301
-0.956258 0.283916 -0.0704441 -7.43783 -0.279015 -0.812915 0.511194 24.5782 0.0878714 0.508489 0.856573 -8.06152
-0.905498 0.403472 -0.131472 -10.2272 -0.412486 -0.764119 0.495961 23.6623 0.0996465 0.503322 0.858334 -7.77566
-0.851701 0.490299 -0.184965 -12.9446 -0.515903 -0.722612 0.460082 22.5585 0.0919198 0.487277 0.868396 -7.52178
-0.767413 0.569041 -0.295416 -15.5128 -0.638178 -0.633601 0.437354 20.9761 0.0616965 0.524159 0.849382 -7.25982
-0.657558 0.627391 -0.41713 -17.8437 -0.753305 -0.556472 0.350529 18.9612 -0.0122032 0.544719 0.83853 -7.11304
-0.566395 0.682359 -0.46215 -19.8636 -0.823521 -0.490223 0.285471 16.6327 -0.0317629 0.54228 0.839597 -7.07427
-0.444763 0.745256 -0.496768 -21.5512 -0.895043 -0.390217 0.215937 14.0473 -0.032919 0.54067 0.840591 -7.21668
-0.378876 0.78076 -0.496858 -22.8253 -0.925352 -0.311917 0.215477 11.2964 0.0132574 0.541408 0.840656 -7.37144
-0.219396 0.795719 -0.564533 -23.7865 -0.974345 -0.148941 0.168728 8.40453 0.0501778 0.587067 0.807981 -7.52867
-0.161783 0.848526 -0.503815 -24.2858 -0.983539 -0.0970117 0.152443 5.29944 0.0804757 0.520185 0.850254 -7.38625
-0.0765716 0.850425 -0.520494 -24.7098 -0.993111 -0.018612 0.11569 2.24125 0.0886985 0.525766 0.845992 -7.18061
0.0450541 0.827306 -0.559941 -24.8955 -0.983056 0.136411 0.122447 -0.718802 0.177684 0.544937 0.819434 -6.89852
0.181624 0.814786 -0.550578 -24.5314 -0.96188 0.263604 0.0727972 -3.80068 0.204449 0.516368 0.831604 -6.29914
0.329929 0.806908 -0.489946 -23.8862 -0.933291 0.356786 -0.0408737 -6.71524 0.141824 0.470748 0.870794 -5.8504
0.438505 0.808563 -0.392351 -22.7351 -0.891856 0.445382 -0.0789183 -9.69521 0.110935 0.384526 0.916424 -5.45142
0.561305 0.727224 -0.395071 -21.1772 -0.82434 0.533658 -0.188871 -12.3833 0.0734814 0.431688 0.899025 -5.29811
0.658712 0.641729 -0.392788 -19.3342 -0.751121 0.591247 -0.293675 -14.7451 0.0437748 0.488479 0.871477 -5.17875
0.702302 0.587251 -0.402379 -17.0743 -0.706591 0.643815 -0.293652 -17.0041 0.08661 0.49055 0.867098 -4.9929
0.811416 0.47452 -0.341226 -14.6532 -0.577794 0.739235 -0.345956 -19.2334 0.0880827 0.477873 0.874002 -4.63824
0.899891 0.374328 -0.223776 -12.0738 -0.435848 0.789911 -0.431368 -20.8529 0.0152901 0.485716 0.873983 -4.38652
0.950241 0.287901 -0.118973 -9.22729 -0.310058 0.837215 -0.450482 -21.9989 -0.0300877 0.464956 0.884823 -4.46085
0.981704 0.168273 -0.0891155 -6.09632 -0.190319 0.881911 -0.431291 -22.9833 0.00601724 0.440361 0.897801 -4.46853
0.993381 0.0529044 -0.10196 -2.97513 -0.0929045 0.892044 -0.442297 -23.4726 0.0675531 0.448842 0.891054 -4.35307
0.993601 0.00352503 -0.112891 0.277905 -0.05359 0.894553 -0.443738 -23.6348 0.0994224 0.446948 0.889018 -4.22045
0.981032 -0.189231 -0.0420361 3.44864 0.148037 0.871377 -0.467746 -23.6712 0.125141 0.452651 0.882863 -4.00169
0.975459 -0.214358 0.050299 6.61491 0.2176 0.903664 -0.368838 -23.1382 0.0336102 0.370732 0.928132 -3.76612
0.902311 -0.377277 0.208558 9.59062 0.428663 0.83646 -0.341441 -22.1968 -0.0456326 0.397487 0.916472 -3.75405
0.805997 -0.469747 0.360148 12.4905 0.577697 0.756848 -0.305691 -20.7832 -0.12898 0.454443 0.881389 -3.98301
0.791008 -0.505873 0.344092 15.0452 0.606104 0.724558 -0.328107 -18.8367 -0.0833344 0.46809 0.879742 -4.54944
0.683764 -0.607052 0.404913 17.445 0.724297 0.632045 -0.275525 -16.7558 -0.0886656 0.481671 0.871855 -5.06503
0.597711 -0.649486 0.470011 19.6324 0.783672 0.596991 -0.171638 -14.3451 -0.169116 0.470924 0.865812 -5.5272
0.468086 -0.729795 0.498293 21.6187 0.877213 0.451849 -0.162262 -11.6783 -0.106735 0.513062 0.85169 -6.05634
0.411666 -0.774158 0.480843 22.9787 0.900095 0.428 -0.081522 -8.77741 -0.14269 0.466364 0.873009 -6.36041
0.285573 -0.819045 0.497607 24.1999 0.948532 0.315716 -0.0246965 -5.77501 -0.136875 0.479049 0.867051 -6.73258
0.146596 -0.812567 0.564132 24.8459 0.981746 0.189375 0.0176548 -2.75442 -0.121178 0.551246 0.825496 -7.11559
0.0205398 -0.79509 0.606144 25.3269 0.99843 0.0479109 0.0290128 0.49494 -0.0521087 0.604597 0.794826 -7.58277
-0.179659 -0.747819 0.639132 25.243 0.959168 0.0111096 0.282619 3.82039 -0.218448 0.66381 0.715288 -7.90153
-0.307008 -0.766513 0.564095 24.4966 0.932634 -0.124242 0.33876 6.83316 -0.18958 0.630096 0.753019 -8.6035
-0.379726 -0.779264 0.498555 23.4487 0.913841 -0.232149 0.33317 9.88005 -0.143889 0.582113 0.800275 -9.13562
-0.472044 -0.732308 0.490815 22.2068 0.877417 -0.33626 0.342153 12.7266 -0.08552 0.592161 0.801269 -9.62088
-0.582794 -0.703334 0.407029 20.476 0.811239 -0.474368 0.341857 15.6224 -0.0473585 0.52943 0.847031 -9.91012
-0.655309 -0.668915 0.350889 18.4809 0.751945 -0.53356 0.387159 18.269 -0.0717564 0.517558 0.852634 -10.0762
-0.759614 -0.572656 0.308304 16.2498 0.647871 -0.624725 0.435869 20.6171 -0.0569976 0.530834 0.845557 -10.3406
-0.823113 -0.469284 0.319777 13.7031 0.567732 -0.692787 0.444665 22.5657 0.0128635 0.547557 0.836669 -10.4391
-0.836794 -0.342179 0.427422 10.9579 0.530505 -0.699804 0.47837 24.4207 0.135423 0.627047 0.76712 -10.5078
-0.863375 -0.266846 0.428226 8.12124 0.47794 -0.704559 0.524566 26.0822 0.161732 0.657564 0.735835 -9.92902
-0.988431 -0.127241 0.0825516 5.11478 0.14788 -0.687493 0.710975 27.4436 -0.0337114 0.714957 0.698355 -9.44992
-0.999911 -0.00808033 0.010638 1.5848 0.0131511 -0.735286 0.67763 27.8461 0.00234648 0.677709 0.735326 -9.70689
-0.997642 0.0460248 -0.0509221 -1.77521 -0.0668273 -0.820627 0.567543 27.6972 -0.015667 0.569608 0.821768 -9.71788
-0.987037 0.159656 0.0163829 -5.02244 -0.123423 -0.820333 0.558409 27.4732 0.102593 0.549148 0.829404 -9.74708
-0.961867 0.270893 -0.0378026 -8.31329 -0.252383 -0.825756 0.504409 27.024 0.105425 0.494716 0.862637 -9.60058
-0.922748 0.372285 -0.0997037 -11.4167 -0.369813 -0.782437 0.50103 25.9985 0.108514 0.499196 0.859668 -9.39945
-0.870033 0.463422 -0.168175 -14.4406 -0.482078 -0.72835 0.486936 24.5149 0.103167 0.504724 0.857094 -9.2235
-0.793493 0.539063 -0.282454 -17.3094 -0.606753 -0.66481 0.43575 22.9035 0.0471186 0.517145 0.8546 -9.06476
-0.676938 0.629071 -0.382132 -19.8636 -0.735629 -0.56088 0.379822 20.746 0.0246043 0.538223 0.842443 -8.93713
-0.608129 0.64485 -0.462977 -22.0323 -0.792752 -0.523824 0.311694 18.0635 -0.0415226 0.556576 0.829759 -8.94647
-0.469001 0.732776 -0.493029 -23.9109 -0.881341 -0.424483 0.207492 15.2723 -0.0572375 0.53184 0.844908 -9.05701
-0.363362 0.773823 -0.518812 -25.2117 -0.93045 -0.329646 0.159986 12.0839 -0.047223 0.540862 0.839785 -9.23791
-0.239808 0.777185 -0.581786 -26.2775 -0.969716 -0.163184 0.181719 8.84584 0.0462912 0.607745 0.792782 -9.34446
-0.156226 0.822201 -0.547338 -26.8592 -0.981945 -0.0694411 0.175963 5.58883 0.106669 0.564946 0.818204 -9.26089
-0.0776263 0.82044 -0.566438 -27.2823 -0.989894 0.00420192 0.141744 2.07201 0.118673 0.571717 0.811823 -8.76138
0.0307532 0.814432 -0.579443 -27.3612 -0.987265 0.115277 0.109629 -1.22005 0.156082 0.568693 0.807606 -8.45776
0.163966 0.795414 -0.583466 -26.9873 -0.967769 0.244313 0.0610993 -4.63495 0.191148 0.554642 0.809836 -7.98051
0.293491 0.76442 -0.574043 -26.424 -0.925073 0.378515 0.0310834 -7.82494 0.241044 0.521909 0.818235 -7.49564
0.494656 0.768951 -0.405005 -25.1628 -0.866824 0.470143 -0.166078 -11.0623 0.0627049 0.43322 0.899104 -6.74936
0.602942 0.688941 -0.40227 -23.4762 -0.797555 0.532636 -0.283205 -14.0392 0.0191518 0.491589 0.870617 -6.65888
0.683522 0.544226 -0.486432 -21.3777 -0.719095 0.616455 -0.320757 -16.5733 0.125299 0.569035 0.812711 -6.65598
0.702315 0.54751 -0.454957 -18.8219 -0.699183 0.650645 -0.296318 -19.0569 0.133778 0.526207 0.839768 -6.54912
0.818913 0.502388 -0.277466 -16.1279 -0.573454 0.735691 -0.360429 -21.5001 0.023054 0.454274 0.890564 -6.07138
0.913656 0.318661 -0.252367 -13.3079 -0.404352 0.776062 -0.48397 -23.3172 0.0416299 0.544227 0.837904 -6.05749
0.953584 0.254558 -0.160863 -10.0509 -0.301042 0.818458 -0.489388 -24.6171 0.00708149 0.515099 0.857101 -5.88745
0.972384 0.190152 -0.135317 -6.63631 -0.232689 0.834633 -0.499244 -25.6382 0.0180081 0.516944 0.85583 -5.88482
0.991853 0.0694888 -0.106762 -3.27956 -0.114275 0.855704 -0.50469 -26.277 0.0562864 0.512779 0.856674 -5.79532
0.996809 -0.0121321 -0.0788928 0.233531 -0.026056 0.884781 -0.465279 -26.4137 0.0754476 0.46585 0.881641 -5.64372
0.988776 -0.148513 0.01633 3.83991 0.139674 0.880012 -0.453949 -26.3822 0.0530466 0.451135 0.890878 -5.43586
0.96597 -0.24921 0.0692621 7.22238 0.257094 0.895692 -0.362819 -25.7973 0.0283806 0.368279 0.929282 -5.05575
0.894959 -0.377473 0.237829 10.7148 0.441122 0.828459 -0.345062 -24.6683 -0.0667802 0.413728 0.907948 -5.0241
0.827391 -0.402568 0.391616 13.852 0.542548 0.753118 -0.372096 -23.0614 -0.145139 0.520339 0.841535 -5.31279
0.744842 -0.492837 0.449802 16.5551 0.641123 0.715382 -0.277831 -21.0149 -0.184855 0.495319 0.848815 -5.92146
0.735625 -0.514085 0.441104 19.1984 0.664504 0.674069 -0.322592 -18.6073 -0.131495 0.530423 0.837473 -6.57596
0.62189 -0.587403 0.51789 21.6252 0.769907 0.579518 -0.267213 -16.1841 -0.143165 0.564904 0.812642 -7.04298
0.501843 -0.666267 0.551581 23.662 0.853052 0.486686 -0.188251 -13.0714 -0.143021 0.565 0.8126 -7.73637
0.408639 -0.730845 0.546698 25.2526 0.909831 0.373613 -0.180611 -9.98775 -0.0722551 0.571208 0.817619 -8.12148
0.259717 -0.790477 0.554701 26.7048 0.954122 0.298674 -0.021104 -6.73529 -0.148993 0.534734 0.831782 -8.25106
0.156916 -0.776336 0.610475 27.3933 0.976238 0.215467 0.0230757 -3.25563 -0.149452 0.592348 0.791699 -8.99785
-0.00447592 -0.753227 0.657746 27.6592 0.983559 0.11543 0.138879 0.230766 -0.180531 0.647554 0.740326 -9.48713
-0.101032 -0.726966 0.6792 27.3938 0.985269 0.0215716 0.169648 3.71914 -0.13798 0.686334 0.714077 -10.157
-0.235826 -0.729149 0.642439 26.8245 0.970948 -0.149198 0.18708 7.20306 -0.0405592 0.667893 0.743151 -10.6656
-0.347565 -0.699027 0.624948 25.7303 0.934501 -0.203611 0.291977 10.496 -0.0768535 0.685496 0.724009 -10.93
-0.443569 -0.679435 0.584478 24.2752 0.895943 -0.319366 0.308693 13.776 -0.0230745 0.660586 0.750395 -11.3036
-0.551433 -0.724318 0.413865 22.533 0.832411 -0.445102 0.330116 16.9668 -0.0548968 0.526543 0.848374 -11.5653
-0.62598 -0.664317 0.40845 20.4375 0.775278 -0.473566 0.417947 19.8587 -0.0842211 0.578289 0.811473 -11.7138
-0.815465 -0.488458 0.310524 18.0833 0.572167 -0.599261 0.559921 22.4917 -0.0874131 0.634268 0.768156 -12.0104
-0.839726 -0.438972 0.319631 15.1833 0.541802 -0.638073 0.547095 24.533 -0.036212 0.632586 0.773643 -12.3706
-0.86482 -0.309856 0.395063 12.0623 0.494614 -0.66098 0.564324 26.5171 0.08627 0.683443 0.724889 -12.405
-0.899356 -0.248218 0.359926 8.72816 0.427684 -0.670423 0.606317 28.1396 0.0908038 0.699229 0.709107 -12.131
-0.96841 -0.161591 0.189921 5.42954 0.24843 -0.691003 0.678821 29.4539 0.0215447 0.704559 0.709318 -11.7607
-0.998346 -0.0243567 0.0520742 1.85928 0.0535555 -0.723333 0.68842 30.1595 0.0208994 0.69007 0.723441 -11.8431
-0.99844 0.0501216 0.0245875 -1.82503 -0.0239975 -0.782969 0.621598 30.161 0.0504067 0.620039 0.78295 -11.7275
-0.985499 0.169277 -0.0117057 -5.52023 -0.14531 -0.806317 0.573357 29.9554 0.0876178 0.566743 0.819222 -11.5478
-0.963668 0.259587 -0.0629193 -9.05088 -0.253125 -0.812331 0.525401 29.5049 0.0852759 0.522239 0.848525 -11.3145
-0.922719 0.357042 -0.145295 -12.5731 -0.382766 -0.804066 0.454937 28.3945 0.0456046 0.475393 0.878591 -10.983
-0.875058 0.440281 -0.20106 -15.8555 -0.473689 -0.693645 0.542656 26.7883 0.099457 0.570096 0.815536 -10.9138
-0.829195 0.49475 -0.260114 -18.9697 -0.553497 -0.661864 0.505547 24.7178 0.0779595 0.563169 0.822656 -10.7295
-0.670292 0.617524 -0.411549 -21.8125 -0.741289 -0.531295 0.410141 22.4782 0.0346182 0.579991 0.813887 -10.5388
-0.573808 0.629421 -0.523997 -24.0672 -0.818768 -0.455756 0.349149 19.654 -0.019053 0.629376 0.776867 -10.6454
-0.412688 0.688199 -0.596716 -26.1656 -0.909631 -0.345568 0.230552 16.4769 -0.0475401 0.637938 0.768619 -10.7206
-0.351004 0.742883 -0.570019 -27.3999 -0.936048 -0.294441 0.192662 12.971 -0.0247121 0.60119 0.798724 -10.8903
-0.270223 0.750404 -0.603219 -28.4949 -0.962797 -0.209749 0.170374 9.41947 0.00132487 0.626816 0.779166 -11.1722
-0.178058 0.784448 -0.594085 -29.2364 -0.979529 -0.0836804 0.183089 5.85527 0.0939104 0.614523 0.783289 -11.069
-0.107323 0.791276 -0.601967 -29.6013 -0.98776 -0.0159304 0.155165 2.09138 0.113189 0.611252 0.7833 -10.616
0.0657396 0.790412 -0.609037 -29.7805 -0.991879 0.118362 0.0465479 -1.55001 0.108879 0.601031 0.791774 -10.1896
0.122761 0.741107 -0.660069 -29.2848 -0.972446 0.222647 0.0691243 -5.28687 0.198191 0.633395 0.748018 -9.74819
0.248095 0.64103 -0.726313 -28.768 -0.946643 0.319634 -0.0412529 -8.89915 0.20571 0.697793 0.686125 -9.01532
0.520247 0.58746 -0.619866 -27.586 -0.853711 0.377129 -0.359098 -12.4541 0.0228143 0.716006 0.697721 -8.29154
0.609689 0.575103 -0.545469 -25.4634 -0.792531 0.453738 -0.40745 -15.5452 0.0131742 0.680719 0.732426 -8.2402
0.659813 0.531313 -0.531369 -22.9967 -0.747063 0.539944 -0.387758 -18.5171 0.0808888 0.652815 0.753187 -8.42964
0.69449 0.412116 -0.589783 -20.3905 -0.680124 0.64348 -0.351234 -21.1522 0.234764 0.645054 0.72718 -8.22547
0.829757 0.421859 -0.365428 -17.645 -0.558013 0.614004 -0.55823 -23.6797 -0.01112 0.667109 0.744877 -7.53181
0.900165 0.328449 -0.286048 -14.2956 -0.435431 0.693878 -0.573527 -25.5636 0.0101076 0.640824 0.767622 -7.60919
0.925233 0.256899 -0.279189 -10.7964 -0.3725 0.7548 -0.539927 -27.0689 0.0720257 0.603556 0.794061 -7.52916
0.974457 0.159981 -0.157604 -7.2404 -0.220549 0.813995 -0.537373 -28.1698 0.042319 0.558406 0.828487 -7.41625
0.991557 0.051505 -0.119005 -3.42359 -0.108077 0.83537 -0.538959 -28.7678 0.0716543 0.54727 0.833883 -7.35203
0.991972 -0.0259176 -0.123772 0.380054 -0.0427194 0.852551 -0.520896 -29.0592 0.119023 0.522002 0.844599 -7.10824
0.987258 -0.154067 -0.0398068 4.27484 0.112036 0.850639 -0.513674 -29.0032 0.113002 0.502669 0.857061 -6.78135
0.948464 -0.263952 0.175346 8.02581 0.316617 0.812155 -0.49006 -28.5583 -0.0130561 0.520321 0.853871 -6.1935
0.907651 -0.286396 0.306834 11.6603 0.409083 0.767203 -0.494015 -27.2827 -0.0939201 0.573914 0.813512 -6.3478
0.838956 -0.36364 0.404869 15.12 0.518198 0.761033 -0.390257 -25.329 -0.166206 0.537211 0.82691 -6.87628
0.763301 -0.480513 0.431832 18.1556 0.632117 0.693527 -0.345613 -23.1998 -0.133416 0.536775 0.83311 -7.56382
0.685752 -0.555841 0.469878 20.9069 0.717732 0.623629 -0.309754 -20.6086 -0.120855 0.549661 0.8266 -8.30797
0.55548 -0.645485 0.524204 23.3715 0.823804 0.512927 -0.241357 -17.8371 -0.113086 0.56591 0.816674 -8.94298
0.530332 -0.617829 0.580548 25.5052 0.837939 0.48608 -0.248164 -14.5637 -0.12887 0.618073 0.775486 -9.47675
0.444564 -0.647109 0.619365 27.4852 0.895547 0.335721 -0.29204 -11.1546 -0.0189527 0.684501 0.728766 -9.85718
0.177481 -0.634583 0.7522 29.1299 0.962087 0.272725 0.00307707 -7.63533 -0.207097 0.723136 0.658927 -10.0284
0.0986726 -0.705918 0.701387 29.7301 0.979164 0.194583 0.0580894 -3.9451 -0.177485 0.681041 0.71041 -10.9308
-0.0551411 -0.723798 0.687806 29.9859 0.994283 0.0232827 0.104212 -0.096056 -0.0914425 0.689619 0.718376 -11.6881
-0.127954 -0.72243 0.679502 29.6242 0.984828 -0.0115713 0.173147 3.76891 -0.117224 0.691348 0.71295 -12.2763
-0.236441 -0.717738 0.654941 28.9771 0.968058 -0.116138 0.222205 7.53965 -0.0834217 0.68656 0.722272 -12.84
-0.355005 -0.670169 0.651801 27.8208 0.932727 -0.206786 0.295398 11.1123 -0.0631832 0.71282 0.698495 -13.1988
-0.381233 -0.607003 0.697287 26.4399 0.922847 -0.294671 0.248037 14.744 0.0549112 0.738049 0.672509 -13.4419
-0.578129 -0.579235 0.574677 24.8543 0.812545 -0.344463 0.47023 18.2599 -0.0744187 0.738805 0.669798 -13.2863
-0.658124 -0.556655 0.50696 22.4123 0.748966 -0.4152 0.51639 21.3258 -0.0769611 0.719544 0.690169 -13.6727
-0.783872 -0.446621 0.431362 19.5875 0.618448 -0.499624 0.606546 24.1203 -0.055377 0.74223 0.667854 -14.1031
-0.829305 -0.408653 0.381125 16.3858 0.5584 -0.580356 0.59277 26.4306 -0.0210494 0.704408 0.709484 -14.373
-0.904474 -0.253925 0.342709 13.1075 0.420392 -0.666527 0.61564 28.5367 0.0720982 0.700902 0.709604 -14.4468
-0.914808 -0.231878 0.330694 9.50551 0.40041 -0.627906 0.667387 29.997 0.0528929 0.742944 0.66726 -14.146
-0.973427 -0.116731 0.197014 5.86338 0.223681 -0.669008 0.708799 31.4415 0.0490656 0.734032 0.67734 -13.9017
-0.994189 -0.0640952 0.0864901 1.94833 0.106263 -0.712897 0.693171 32.2314 0.0172296 0.698333 0.715565 -13.8849
-0.99692 0.0404989 0.0671586 -1.98185 0.0127636 -0.761141 0.64846 32.4654 0.0773792 0.64732 0.75828 -13.6769
-0.994401 0.105609 0.00356688 -5.99297 -0.0868013 -0.835631 0.54239 32.4191 0.0602617 0.539044 0.840119 -13.3164
-0.968099 0.244152 -0.0563365 -9.85636 -0.238087 -0.826254 0.510509 31.9192 0.0780936 0.507636 0.858025 -12.9986
-0.91629 0.367542 -0.159139 -13.5509 -0.395249 -0.765579 0.50761 30.7853 0.0647348 0.528017 0.846763 -12.7006
-0.854981 0.418584 -0.306259 -17.1334 -0.518371 -0.709308 0.477675 28.9754 -0.0172845 0.567159 0.823427 -12.5025
-0.804003 0.477008 -0.355024 -20.4374 -0.594416 -0.628907 0.501145 26.8324 0.0157727 0.613954 0.789184 -12.478
-0.680599 0.521436 -0.514674 -23.5389 -0.730976 -0.530831 0.428828 24.1647 -0.0495984 0.668074 0.74244 -12.4342
-0.533166 0.608683 -0.58757 -26.1502 -0.84475 -0.420926 0.330482 21.133 -0.0461653 0.672552 0.738609 -12.5742
-0.430871 0.642761 -0.63341 -28.2524 -0.900535 -0.351519 0.255872 17.5923 -0.0581911 0.680656 0.730288 -12.7238
-0.313457 0.672366 -0.670573 -29.7379 -0.945197 -0.288856 0.1522 13.7861 -0.0913647 0.681532 0.726063 -12.9145
-0.258099 0.694805 -0.671291 -30.8404 -0.966117 -0.184462 0.18053 9.91692 0.00160528 0.69514 0.718872 -13.1474
-0.154507 0.740038 -0.654577 -31.5946 -0.981168 -0.0371971 0.189542 6.0264 0.11592 0.671536 0.731849 -12.9889
-0.0752474 0.739978 -0.668409 -32.0065 -0.986564 0.0422337 0.15782 2.03829 0.145013 0.671304 0.726858 -12.5824
0.108561 0.751919 -0.650255 -32.1601 -0.98743 0.157153 0.0168705 -1.79117 0.114875 0.64025 0.759529 -12.0611
0.154205 0.697511 -0.699785 -31.4288 -0.972906 0.230679 0.0155389 -5.90155 0.172264 0.678429 0.714185 -11.8332
0.316745 0.577572 -0.752385 -30.7463 -0.928525 0.350785 -0.121616 -9.81651 0.193683 0.73713 0.6474 -11.3606
0.527656 0.569346 -0.630416 -29.3675 -0.848662 0.385459 -0.362208 -13.5708 0.0367776 0.726131 0.686572 -10.6445
0.620247 0.532397 -0.576062 -27.0901 -0.784222 0.436836 -0.440648 -16.93 0.0170448 0.725071 0.688464 -10.4359
0.704915 0.495365 -0.50765 -24.5321 -0.709287 0.494932 -0.501951 -20.1133 0.00260329 0.713902 0.700241 -10.2134
0.707962 0.383028 -0.593363 -21.6698 -0.694381 0.530889 -0.48579 -22.9671 0.128939 0.755941 0.641817 -10.2869
0.864218 0.307391 -0.398294 -18.7357 -0.502476 0.567325 -0.652426 -25.7068 0.0254126 0.763972 0.644749 -9.72636
0.885519 0.322571 -0.334372 -15.1316 -0.46442 0.634839 -0.61749 -27.6643 0.0130885 0.702088 0.71197 -9.62259
0.940322 0.211118 -0.266878 -11.613 -0.334576 0.716671 -0.611916 -29.4172 0.0620773 0.664689 0.744537 -9.51761
0.977675 0.104653 -0.182208 -7.76327 -0.190827 0.805215 -0.561439 -30.5772 0.0879607 0.583675 0.807209 -9.27596
0.988734 0.0695812 -0.132527 -3.57645 -0.134343 0.802952 -0.580706 -31.2684 0.066007 0.591968 0.803254 -9.20919
0.995197 -0.00333521 -0.0978351 0.579187 -0.0515533 0.831742 -0.552764 -31.598 0.0832171 0.555153 0.827575 -8.7242
0.985883 -0.163957 -0.0339504 4.64842 0.107584 0.775682 -0.621887 -31.7432 0.128298 0.609455 0.782371 -8.32484
0.949622 -0.169178 0.263811 8.80438 0.300864 0.7278 -0.61627 -31.0854 -0.0877423 0.664595 0.742034 -7.88552
0.876176 -0.300047 0.377211 12.5669 0.462265 0.744715 -0.481364 -29.6698 -0.136483 0.596131 0.791202 -8.21566
0.866632 -0.329537 0.374639 16.2256 0.477697 0.764801 -0.432302 -27.5687 -0.144064 0.553611 0.82022 -8.59761
0.753658 -0.484947 0.44365 19.5938 0.648984 0.655879 -0.385542 -25.415 -0.104013 0.578488 0.809032 -9.26012
0.677005 -0.519221 0.521607 22.6108 0.71968 0.615367 -0.321535 -22.4672 -0.154032 0.59307 0.79028 -10.0119
0.604455 -0.567937 0.558643 25.3536 0.782358 0.555388 -0.281887 -19.4713 -0.150169 0.607446 0.780037 -10.7473
0.501735 -0.617964 0.605296 27.5301 0.855009 0.460442 -0.238646 -16.0427 -0.131229 0.637271 0.759385 -11.3986
0.387617 -0.640763 0.662704 29.3862 0.912769 0.367288 -0.178753 -12.2529 -0.128865 0.674183 0.727235 -11.962
0.255757 -0.647515 0.717853 30.9223 0.956052 0.279526 -0.0884846 -8.42123 -0.143364 0.708935 0.690549 -12.4159
0.142348 -0.654683 0.74238 31.7869 0.975319 0.220668 0.00758774 -4.45709 -0.168787 0.722977 0.669936 -13.0983
-0.0494208 -0.708089 0.704391 32.2136 0.988258 0.0674211 0.137112 -0.296233 -0.144579 0.702897 0.696443 -13.8617
-0.102149 -0.668936 0.736268 31.8315 0.987188 0.0230385 0.157892 3.80558 -0.122582 0.742963 0.658012 -14.419
-0.228632 -0.680273 0.696388 31.1451 0.968866 -0.0891925 0.230961 7.87747 -0.0950035 0.727512 0.679485 -15.1273
-0.345307 -0.598201 0.723131 29.9401 0.938372 -0.207854 0.276144 11.6916 -0.0148842 0.77392 0.633109 -15.4975
-0.388401 -0.573529 0.721255 28.3009 0.921213 -0.260864 0.288645 15.6379 0.0226032 0.77654 0.629663 -15.6432
-0.584696 -0.48435 0.650797 26.5102 0.809488 -0.295449 0.507384 19.3438 -0.0534744 0.823478 0.564823 -15.6544
-0.640406 -0.486726 0.594119 23.8126 0.766302 -0.352968 0.536838 22.4701 -0.0515884 0.799069 0.599022 -15.8868
-0.756806 -0.421221 0.499818 20.8063 0.652805 -0.448441 0.610529 25.5948 -0.0330285 0.788336 0.614358 -16.2625
-0.826847 -0.378987 0.415564 17.4774 0.561009 -0.503317 0.657222 28.2419 -0.0399178 0.776557 0.628781 -16.4782
-0.884353 -0.257741 0.389217 13.9279 0.463611 -0.582505 0.667647 30.3463 0.0546408 0.770881 0.634632 -16.6508
-0.924621 -0.157776 0.346675 10.1156 0.367549 -0.608363 0.703421 32.0408 0.0999211 0.777818 0.620496 -16.5099
-0.960211 -0.10308 0.259557 6.15665 0.26493 -0.630251 0.729792 33.4273 0.0883589 0.769518 0.632482 -16.2087
-0.984125 -0.0196905 0.17638 2.29519 0.142137 -0.682568 0.716866 34.2643 0.106276 0.730556 0.674532 -15.9894
-0.984035 0.0376837 0.173938 -1.91998 0.0900601 -0.737523 0.66929 34.7116 0.153504 0.67427 0.722355 -15.6042
-0.990545 0.136088 0.0173493 -6.3201 -0.0902137 -0.741411 0.664959 34.9441 0.103356 0.657107 0.746678 -15.069
-0.975785 0.207906 -0.0679586 -10.3633 -0.199135 -0.715864 0.669241 34.3216 0.0904899 0.666569 0.739931 -14.6499
-0.91073 0.348103 -0.222253 -14.6052 -0.406876 -0.663874 0.627474 33.1621 0.0708776 0.661888 0.746244 -14.387
-0.830423 0.380296 -0.407152 -18.534 -0.555778 -0.616407 0.55781 31.1863 -0.0388385 0.689505 0.723239 -14.1773
-0.75905 0.473181 -0.447151 -21.906 -0.64917 -0.602028 0.464908 28.5509 -0.0492116 0.643165 0.764144 -14.4508
-0.652743 0.535605 -0.535774 -25.0618 -0.756475 -0.498979 0.422806 25.7279 -0.0408832 0.681284 0.730877 -14.7526
-0.568745 0.569608 -0.59336 -27.8402 -0.822507 -0.396796 0.407474 22.1855 -0.00334229 0.719792 0.694182 -14.9123
-0.471081 0.565818 -0.676707 -30.0361 -0.877362 -0.379877 0.293136 18.5625 -0.0912037 0.731808 0.675381 -14.8385
-0.341792 0.641281 -0.686977 -31.7422 -0.939669 -0.244204 0.239554 14.6185 -0.0141407 0.727409 0.686058 -15.1791
-0.257977 0.660382 -0.705226 -32.882 -0.963713 -0.124063 0.23636 10.4714 0.0685955 0.740611 0.668424 -15.2954
-0.183591 0.657162 -0.731048 -33.7218 -0.978204 -0.0487426 0.201844 6.25141 0.0970113 0.752171 0.651788 -15.0633
-0.0871247 0.653718 -0.751707 -34.2697 -0.992053 0.0118216 0.125262 1.90005 0.0907724 0.756646 0.647493 -14.6255
0.17817 0.625338 -0.759742 -34.5258 -0.983411 0.139873 -0.115495 -2.40425 0.0340442 0.767716 0.639885 -14.1931
0.254722 0.630358 -0.733325 -33.5034 -0.959444 0.259447 -0.110247 -6.58744 0.120764 0.731667 0.67088 -14.0826
0.376092 0.606046 -0.700901 -32.3955 -0.919391 0.338139 -0.200953 -10.7623 0.115215 0.719979 0.684365 -13.5599
0.470205 0.600442 -0.64682 -30.7459 -0.877152 0.398927 -0.267322 -14.6898 0.0975227 0.693056 0.714257 -13.0674
0.56457 0.54349 -0.621192 -28.5633 -0.824839 0.398881 -0.400668 -18.1487 0.0300226 0.738589 0.673488 -12.7329
0.595186 0.529076 -0.604841 -25.8163 -0.803543 0.383877 -0.454925 -21.5157 -0.00850549 0.75678 0.653614 -12.55
0.733963 0.368452 -0.570562 -22.9851 -0.673199 0.505982 -0.539246 -24.6229 0.090008 0.779888 0.619413 -12.6012
0.835728 0.280627 -0.472024 -19.7005 -0.540582 0.571609 -0.61728 -27.4439 0.0965875 0.771046 0.629412 -12.18
0.876961 0.29048 -0.382832 -15.9599 -0.478028 0.608987 -0.632949 -29.5799 0.0492801 0.738076 0.672916 -11.8867
0.915096 0.299913 -0.269539 -12.216 -0.402557 0.640718 -0.653779 -31.5348 -0.0233785 0.706776 0.707051 -11.6468
0.970633 0.112773 -0.212492 -8.13824 -0.225294 0.735827 -0.638594 -32.9807 0.0843415 0.667714 0.739625 -11.3732
0.993639 -0.0330872 -0.107642 -3.78645 -0.0428594 0.772814 -0.633184 -33.8233 0.104137 0.63377 0.76648 -11.0137
0.994048 0.0280696 -0.105263 0.631666 -0.0881911 0.774597 -0.626276 -34.041 0.0639569 0.631832 0.772462 -10.5829
0.984846 -0.173298 0.00678607 5.12265 0.134561 0.738846 -0.660302 -33.9748 0.109415 0.651209 0.750969 -10.3838
0.962404 -0.175961 0.206919 9.46609 0.268725 0.727766 -0.630987 -33.2515 -0.0395598 0.662869 0.74769 -9.99395
0.906824 -0.284631 0.310893 13.4823 0.416821 0.715227 -0.56099 -31.7443 -0.0626845 0.638307 0.767226 -10.1648
0.845641 -0.350561 0.40249 17.2776 0.521681 0.702306 -0.48437 -29.7849 -0.11287 0.619575 0.77678 -10.5099
0.759012 -0.429106 0.489662 21.0802 0.63812 0.639581 -0.428649 -27.3508 -0.129242 0.637812 0.75927 -11.1155
0.670941 -0.476395 0.56823 24.1634 0.725168 0.581556 -0.368679 -24.3975 -0.15482 0.659424 0.735656 -11.8199
0.569053 -0.54803 0.613059 26.9933 0.809741 0.503267 -0.301733 -21.0396 -0.143174 0.668121 0.730148 -12.6775
0.537457 -0.542738 0.645427 29.1756 0.82342 0.502925 -0.262766 -17.3213 -0.181988 0.672682 0.717202 -13.422
0.419026 -0.582259 0.696701 31.2631 0.893512 0.400836 -0.202403 -13.4657 -0.161412 0.707323 0.688216 -14.133
0.26455 -0.603879 0.751893 32.9006 0.952373 0.286206 -0.105223 -9.32022 -0.151655 0.743919 0.650834 -14.823
0.129967 -0.614114 0.778442 33.8845 0.977898 0.209077 0.00167305 -5.0328 -0.163782 0.76102 0.627714 -15.5049
-0.0460528 -0.635228 0.77095 34.1891 0.997742 0.00851596 0.066617 -0.685283 -0.0488824 0.772278 0.633402 -16.2669
-0.0902504 -0.636151 0.766268 33.873 0.980633 0.0775224 0.179857 3.726 -0.173819 0.767661 0.616834 -16.6148
-0.215251 -0.616432 0.757416 33.1745 0.969729 -0.0433577 0.240302 8.1316 -0.11529 0.786214 0.607105 -17.3604
-0.390735 -0.54751 0.739972 31.8256 0.9198 -0.200821 0.337103 12.3102 -0.0359651 0.812345 0.582068 -17.8564
-0.420755 -0.535055 0.732585 29.9369 0.906234 -0.211145 0.366276 16.2492 -0.0412964 0.818006 0.573725 -18.0148
-0.608881 -0.44018 0.659929 27.973 0.793206 -0.328011 0.513062 20.1665 -0.0093756 0.835853 0.548873 -18.2794
-0.632269 -0.508107 0.584862 25.1093 0.762904 -0.276823 0.584249 23.5466 -0.134958 0.815596 0.562663 -18.2432
-0.754498 -0.426073 0.499194 21.9443 0.650137 -0.381207 0.657269 26.9073 -0.0897489 0.820453 0.564626 -18.7385
-0.800805 -0.413728 0.433059 18.4054 0.588496 -0.409206 0.697297 29.7099 -0.111281 0.813253 0.571171 -18.9927
-0.882596 -0.251933 0.396932 14.6188 0.469528 -0.51518 0.717031 32.0343 0.0238481 0.819219 0.572985 -19.3336
-0.941577 -0.102083 0.320955 10.6276 0.317598 -0.586287 0.745251 33.8674 0.112094 0.803646 0.584456 -19.1092
-0.960279 -0.139401 0.241728 6.43561 0.276989 -0.58112 0.76523 35.1023 0.0337991 0.80179 0.59665 -18.573
-0.97518 -0.066941 0.211053 2.26722 0.20562 -0.627365 0.751089 36.2045 0.0821288 0.775843 0.625558 -18.2926
-0.990745 0.0489825 0.126593 -2.03851 0.0599471 -0.678851 0.731825 36.9632 0.121785 0.73264 0.669632 -17.6745
-0.994834 0.101104 0.00917182 -6.57312 -0.0642488 -0.696982 0.714204 37.1835 0.0786012 0.709925 0.699877 -17.106
-0.960718 0.241464 -0.136804 -11.1563 -0.266509 -0.665195 0.697487 36.5647 0.0774165 0.706548 0.703418 -16.8245
-0.902379 0.316534 -0.292436 -15.5438 -0.430471 -0.630309 0.64607 35.1332 0.020178 0.708885 0.705036 -16.6068
-0.839118 0.359226 -0.408457 -19.6543 -0.542814 -0.601483 0.586149 33.0707 -0.0351201 0.713565 0.699708 -16.433
-0.777438 0.43739 -0.451973 -23.3649 -0.628915 -0.549117 0.550397 30.358 -0.0074474 0.712152 0.701986 -16.5308
-0.633398 0.519595 -0.573436 -26.7624 -0.773269 -0.453127 0.443544 27.1855 -0.0293757 0.72436 0.688796 -16.7142
-0.567285 0.514637 -0.642913 -29.564 -0.821526 -0.407965 0.398321 23.5264 -0.0572957 0.754131 0.65422 -16.9521
-0.487476 0.51527 -0.704885 -31.7996 -0.863632 -0.403336 0.302422 19.6604 -0.128476 0.756185 0.641621 -17.171
-0.270883 0.61255 -0.742567 -33.7082 -0.961657 -0.137847 0.237094 15.4343 0.0428709 0.778319 0.626403 -17.6785
-0.286349 0.600751 -0.746393 -34.6827 -0.957896 -0.162466 0.236726 10.8562 0.0209505 0.782753 0.621979 -17.582
-0.154179 0.614329 -0.77384 -35.7021 -0.982261 -0.0106974 0.187212 6.3606 0.106732 0.788977 0.605081 -17.4099
-0.0648262 0.605199 -0.79343 -36.0394 -0.996768 -0.00147355 0.0803156 1.85116 0.0474378 0.796073 0.603339 -16.9447
0.119323 0.592455 -0.796718 -36.1604 -0.989123 0.140448 -0.0436998 -2.86484 0.0860072 0.793266 0.60277 -16.5341
0.20798 0.599182 -0.773127 -35.3011 -0.969909 0.228613 -0.0837392 -7.32239 0.126572 0.767279 0.628699 -16.2536
0.301485 0.598531 -0.742205 -34.2594 -0.951508 0.238785 -0.193943 -11.6522 0.0611465 0.764685 0.641497 -15.6404
0.421743 0.586285 -0.691667 -32.623 -0.906095 0.300738 -0.297573 -15.8572 0.033548 0.752215 0.658063 -15.4302
