0.999798 0.014388 0.0140277 0.00638274 -0.0137701 0.998972 -0.0431925 0.00157577 -0.0146348 0.0429906 0.998968 0.0445383
0.980879 -0.188699 0.0476328 0.352207 0.187953 0.98198 0.0197202 -0.0930734 -0.0504957 -0.0103904 0.99867 0.0823802
0.877308 -0.473866 0.0760407 0.558727 0.468776 0.880055 0.0758425 0.0142345 -0.102859 -0.0308911 0.994216 -0.00917231
0.827981 -0.557358 0.0616467 0.670747 0.548826 0.828009 0.11485 0.0105326 -0.115057 -0.0612606 0.991468 -0.232773
0.731361 -0.681427 0.0277178 0.767632 0.673354 0.72795 0.129166 0.0964928 -0.108194 -0.0758031 0.991236 -0.387644
0.696953 -0.717022 0.0116594 1.03279 0.712438 0.694169 0.10277 0.234544 -0.0817821 -0.0633195 0.994637 -0.487483
0.542715 -0.839911 -0.00333699 1.1633 0.837395 0.540773 0.0795894 0.363639 -0.0650434 -0.0459887 0.996822 -0.513445
0.420418 -0.906433 -0.0403388 1.43271 0.90423 0.414895 0.101141 0.466641 -0.0749412 -0.0789971 0.994054 -0.629944
0.294437 -0.954554 0.0461967 1.69559 0.949278 0.297708 0.101202 0.711491 -0.110355 0.014056 0.993793 -0.478159
0.179583 -0.982336 0.0525942 1.88224 0.973416 0.18517 0.134811 0.935742 -0.142168 0.0269864 0.989475 -0.546939
0.0694769 -0.996556 0.0452697 2.03243 0.988352 0.0749222 0.132462 1.31459 -0.135398 0.0355394 0.990154 -0.71029
0.0667377 -0.997749 0.00656301 2.04352 0.988235 0.0670057 0.137485 1.7191 -0.137616 -0.00268966 0.990482 -0.823792
-0.00450364 -0.999964 -0.00721567 2.04219 0.98834 -0.00554928 0.152162 2.28731 -0.152196 -0.00644626 0.988329 -0.924794
-0.231442 -0.970485 0.0677792 2.01994 0.958239 -0.215384 0.188116 2.37505 -0.167965 0.108487 0.979805 -0.8657
-0.405457 -0.912943 -0.0462522 1.97844 0.892008 -0.406206 0.198289 2.78447 -0.199815 0.0391406 0.979052 -0.910883
-0.524965 -0.851066 0.0099263 1.74801 0.829772 -0.509164 0.228542 3.02742 -0.18945 0.128213 0.973484 -1.07564
-0.580172 -0.814433 0.00998968 1.69121 0.795129 -0.563677 0.223689 3.50068 -0.176549 0.137721 0.974609 -1.18558
-0.604535 -0.794768 0.053673 1.42549 0.78505 -0.583011 0.209272 3.89744 -0.135031 0.168649 0.976383 -1.3207
-0.69131 -0.72054 0.0539639 0.99014 0.718858 -0.678301 0.152155 4.21491 -0.0730298 0.143979 0.986882 -1.29565
-0.802117 -0.589838 0.0932692 0.735783 0.597077 -0.794867 0.108097 4.39802 0.0103768 0.142395 0.989755 -1.32076
-0.86619 -0.467316 0.177003 0.463185 0.489317 -0.865058 0.110649 4.72101 0.10141 0.182454 0.977971 -1.33992
-0.910909 -0.370044 0.182519 -0.0441421 0.39944 -0.901731 0.165316 4.82949 0.103409 0.223493 0.969205 -1.11044
-0.944879 -0.2748 0.178014 -0.403817 0.295837 -0.949502 0.104526 5.10382 0.140301 0.151428 0.978461 -1.12252
-0.976674 -0.147559 0.155994 -0.75819 0.164326 -0.981258 0.100641 5.32597 0.13822 0.123928 0.982617 -0.971478
-0.990664 -0.0810492 0.109615 -1.18008 0.0936462 -0.988926 0.115133 5.39991 0.0990696 0.124323 0.987284 -0.939191
-0.993891 0.077174 0.0789032 -1.66632 -0.0646065 -0.98642 0.150999 5.41424 0.089485 0.144979 0.98538 -0.825426
-0.978801 0.19881 0.0492358 -2.06437 -0.184748 -0.960783 0.206796 5.43222 0.088418 0.193316 0.977144 -0.740487
-0.930417 0.364785 0.03545 -2.62475 -0.350175 -0.913347 0.207785 5.42571 0.108175 0.180913 0.977532 -0.698791
-0.865931 0.498007 0.0463996 -2.99285 -0.491495 -0.864449 0.105643 5.21063 0.0927212 0.0686745 0.993321 -0.770543
-0.798425 0.602088 0.00257585 -3.27186 -0.598919 -0.794646 0.0991644 4.96571 0.0617526 0.0776327 0.995068 -0.635453
-0.66025 0.748083 -0.0666447 -3.6543 -0.749344 -0.650186 0.125464 4.71479 0.0505263 0.132778 0.989857 -0.683419
-0.579302 0.810508 -0.0865203 -4.01107 -0.812806 -0.566421 0.136063 4.40351 0.0612732 0.149146 0.986915 -0.605414
-0.507243 0.859506 -0.0628853 -4.28812 -0.858564 -0.497669 0.12326 4.16395 0.0746467 0.116514 0.99038 -0.574197
-0.446776 0.890874 -0.0820639 -4.7679 -0.890258 -0.433636 0.139289 3.57668 0.088503 0.135289 0.986846 -0.475008
-0.314108 0.947246 -0.0637269 -4.8463 -0.937811 -0.299128 0.17616 3.08209 0.147804 0.115097 0.982297 -0.399608
-0.167427 0.984293 -0.0559984 -4.90084 -0.97399 -0.156343 0.164012 2.63691 0.152681 0.0820019 0.984868 -0.517756
-0.108589 0.993306 -0.0393866 -5.01629 -0.98941 -0.104154 0.101094 2.04658 0.0963152 0.0499472 0.994097 -0.57175
0.0111787 0.997207 -0.0738398 -4.99372 -0.994731 0.0186161 0.100818 1.64577 0.101911 0.0723238 0.992161 -0.479102
0.226432 0.972056 -0.0619379 -5.07818 -0.970699 0.230454 0.0680748 1.17876 0.0804463 0.0447087 0.995756 -0.529667
0.287429 0.950856 -0.115142 -4.88014 -0.952092 0.29675 0.073886 0.52764 0.104423 0.088389 0.990597 -0.357023
0.330239 0.930335 -0.159434 -4.6168 -0.934227 0.346276 0.0855192 -0.11212 0.13477 0.120705 0.983498 -0.310301
0.448807 0.881167 -0.14872 -4.38231 -0.875867 0.466767 0.122411 -0.659271 0.177282 0.0753199 0.981274 -0.24076
0.603748 0.785363 -0.136724 -3.9225 -0.774243 0.618533 0.134033 -1.22401 0.189833 0.0249357 0.9815 -0.216208
0.660108 0.742359 -0.11472 -3.45673 -0.726933 0.669798 0.151457 -1.53987 0.189274 -0.0165839 0.981784 -0.145163
0.804155 0.571445 -0.16366 -3.11275 -0.568068 0.819872 0.0714736 -1.95904 0.175024 0.0354943 0.983924 -0.154602
0.893354 0.43684 -0.105309 -2.85138 -0.430922 0.899284 0.0747968 -2.32095 0.127377 -0.0214399 0.991623 -0.343285
0.932068 0.343014 -0.11658 -2.38805 -0.338902 0.939267 0.0540603 -2.63844 0.128043 -0.0108787 0.991709 -0.233341
0.975012 0.195921 -0.104725 -1.85491 -0.186806 0.978191 0.0908051 -2.94606 0.120232 -0.0689727 0.990347 -0.219586
0.994563 -0.0138001 -0.103223 -1.24319 0.0255157 0.993261 0.113055 -3.07619 0.100967 -0.115074 0.988212 -0.106157
0.991968 -0.107216 -0.067107 -0.699672 0.110161 0.993034 0.0418213 -3.10923 0.0621556 -0.048878 0.996869 -0.0313896
0.991123 -0.131518 -0.019469 0.0873603 0.132111 0.990679 0.0331776 -3.00416 0.0149241 -0.0354552 0.99926 -0.118725
0.920422 -0.386767 0.05687 0.792063 0.384723 0.921994 0.0437566 -3.05462 -0.0693574 -0.0183953 0.997422 0.0411066
0.90465 -0.412759 0.106012 1.75503 0.414993 0.909824 0.00108003 -2.73724 -0.0968984 0.0430174 0.994364 0.00852399
0.853458 -0.511978 0.0974072 2.24842 0.505397 0.85868 0.0851058 -2.50934 -0.127214 -0.0234049 0.991599 -0.182842
0.786555 -0.612238 0.0805981 2.77364 0.604842 0.790128 0.0993165 -2.15447 -0.124488 -0.0293688 0.991786 -0.239445
0.679705 -0.725805 0.105864 3.2891 0.729489 0.68397 0.00558908 -1.82928 -0.0764644 0.0734276 0.994365 -0.374007
0.592481 -0.804097 0.0489207 3.79905 0.804173 0.593945 0.0231491 -1.29949 -0.0476704 0.0256253 0.998534 -0.5478
0.513041 -0.853825 0.0881534 4.2954 0.857059 0.515213 0.00220823 -0.737211 -0.0473032 0.0744198 0.996104 -0.493173
0.408912 -0.909598 0.0736323 4.59947 0.90785 0.413669 0.0684656 -0.19237 -0.0927356 0.0388507 0.994933 -0.577419
0.291272 -0.951599 0.0980831 4.83481 0.945401 0.302004 0.122516 0.474881 -0.146208 0.0570423 0.987608 -0.694758
0.145074 -0.980448 0.13295 5.13557 0.981326 0.159735 0.107163 1.15516 -0.126305 0.114921 0.985312 -0.85877
0.00975739 -0.99772 0.0667809 5.11912 0.99248 0.0178119 0.121102 1.63778 -0.122015 0.0650971 0.990391 -0.991469
-0.0630653 -0.991431 0.114402 5.08633 0.989205 -0.0469043 0.138827 2.44928 -0.132272 0.121922 0.983687 -1.05822
-0.122549 -0.984408 0.126185 5.02543 0.977211 -0.0974827 0.188562 3.15467 -0.173322 0.146417 0.973921 -1.24375
-0.295149 -0.949713 0.104554 4.84574 0.933943 -0.263685 0.241289 3.79706 -0.201586 0.168864 0.964805 -1.28543
-0.323072 -0.940497 0.10531 4.45568 0.925191 -0.290467 0.244234 4.57461 -0.199113 0.176337 0.963981 -1.48382
-0.469208 -0.875794 0.113267 4.01723 0.866499 -0.431846 0.250378 5.11842 -0.170365 0.215625 0.9615 -1.64506
-0.641392 -0.7488 0.167076 3.77827 0.761683 -0.595385 0.25565 5.68862 -0.0919558 0.291231 0.952223 -1.77576
-0.711258 -0.676353 0.191461 3.13755 0.702514 -0.674583 0.226743 6.27894 -0.0242015 0.295777 0.95495 -1.72893
-0.79766 -0.559868 0.224246 2.41737 0.600474 -0.771947 0.208636 6.7579 0.0562967 0.301075 0.951937 -1.86033
-0.859467 -0.45858 0.225876 1.81555 0.500213 -0.845536 0.186698 7.16711 0.105371 0.273447 0.956098 -1.94435
-0.910025 -0.36531 0.195968 1.14995 0.397298 -0.903513 0.160682 7.57024 0.118361 0.224083 0.967356 -1.87252
-0.948487 -0.245405 0.200369 0.448489 0.280911 -0.943881 0.173716 7.98248 0.146494 0.221053 0.964196 -1.75078
-0.962284 -0.170946 0.211631 -0.455285 0.214472 -0.955281 0.20357 8.29543 0.167368 0.241281 0.955914 -1.46149
-0.981355 0.126399 0.144793 -1.04256 -0.090882 -0.96896 0.229904 8.3921 0.169358 0.212459 0.962382 -1.39058
-0.987284 0.121186 0.102878 -1.93934 -0.0948423 -0.968418 0.23059 8.42185 0.127573 0.217901 0.967597 -1.40234
-0.972504 0.229334 0.0405126 -2.72722 -0.216042 -0.95337 0.21074 8.38805 0.0869532 0.196193 0.976702 -1.35343
-0.927694 0.370764 0.0437974 -3.67369 -0.359141 -0.918292 0.166608 8.15523 0.101991 0.138831 0.98505 -1.11423
-0.88734 0.4607 0.0195811 -4.41552 -0.447604 -0.870766 0.203514 7.89104 0.11081 0.171822 0.978876 -0.999087
-0.827516 0.561171 -0.0174616 -5.12167 -0.556281 -0.815304 0.160718 7.49058 0.0759538 0.14271 0.986846 -1.05476
-0.725288 0.680666 -0.103204 -5.82477 -0.688331 -0.719705 0.0906901 6.87783 -0.0125467 0.136815 0.990517 -1.1025
-0.631956 0.758703 -0.15812 -6.44904 -0.774317 -0.609525 0.170035 6.17065 0.0326281 0.229889 0.97267 -1.11409
-0.489368 0.862639 -0.127959 -6.90409 -0.870059 -0.472973 0.138903 5.68191 0.0593017 0.179307 0.982004 -1.05538
-0.341519 0.928628 -0.144968 -7.29957 -0.937499 -0.325618 0.122755 4.98186 0.0667894 0.17783 0.981792 -0.932266
-0.252949 0.957107 -0.141291 -7.65006 -0.965226 -0.239691 0.104342 4.04327 0.066 0.162771 0.984454 -0.905042
-0.198196 0.971553 -0.129631 -7.93108 -0.977243 -0.18567 0.102578 3.15441 0.075591 0.147011 0.986242 -0.803191
-0.0453514 0.973354 -0.224776 -8.0584 -0.99491 -0.02374 0.0979338 2.33503 0.0899882 0.228073 0.969477 -0.813452
0.0946892 0.977111 -0.190494 -8.14341 -0.994641 0.100836 0.0228157 1.57227 0.0415021 0.187312 0.981423 -0.666271
0.239623 0.954469 -0.177679 -7.90195 -0.967819 0.249325 0.0341186 0.524666 0.076865 0.163785 0.983497 -0.789832
0.294871 0.93065 -0.216659 -7.65721 -0.952323 0.304807 0.013183 -0.352026 0.0783079 0.202442 0.976158 -0.639236
0.392164 0.904669 -0.166676 -7.34457 -0.918052 0.396365 -0.00868494 -1.19294 0.0582073 0.156423 0.985974 -0.581604
0.560016 0.785076 -0.264647 -6.97872 -0.811136 0.584588 0.0177491 -2.08543 0.168644 0.204725 0.964182 -0.583545
0.589597 0.758389 -0.277886 -6.32825 -0.780231 0.623736 0.0468294 -3.07653 0.208842 0.189204 0.959472 -0.570691
0.699891 0.689203 -0.187486 -5.60955 -0.684223 0.722267 0.100847 -3.73308 0.204919 0.0577004 0.977077 -0.364699
0.769879 0.630114 -0.101206 -4.90772 -0.623918 0.776487 0.0882807 -4.41587 0.134212 -0.0048214 0.990941 -0.397237
0.864248 0.480584 -0.148711 -4.19154 -0.484081 0.874909 0.0141246 -5.02678 0.136896 0.0597808 0.98878 -0.293948
0.927857 0.35278 -0.120948 -3.2962 -0.355273 0.934762 0.00101396 -5.4772 0.113415 0.0420287 0.992658 -0.252402
0.963619 0.241898 -0.113682 -2.24533 -0.242133 0.97017 0.011947 -5.93677 0.11318 0.0160136 0.993445 -0.0952151
0.991181 0.0784966 -0.106764 -1.28951 -0.07936 0.996839 -0.00385645 -6.07575 0.106124 0.0122952 0.994277 -0.0954365
0.99839 -0.0223279 -0.0521391 -0.314948 0.0218247 0.99971 -0.0101995 -6.15993 0.0523518 0.00904518 0.998588 0.0474071
0.984736 -0.159176 -0.0704119 0.771803 0.159692 0.987165 0.00173463 -6.01358 0.069232 -0.0129524 0.997516 0.0583672
0.95845 -0.281123 0.0484166 1.92036 0.277183 0.9579 0.0748128 -5.81863 -0.0674099 -0.0582841 0.996022 -0.0202241
0.900793 -0.397835 0.17407 2.87357 0.400903 0.915929 0.0187138 -5.55472 -0.166881 0.052928 0.984555 0.0198947
0.866651 -0.457466 0.199101 3.80362 0.46788 0.883772 -0.00599193 -5.15548 -0.173218 0.0983482 0.979961 -0.295718
0.790187 -0.58734 0.17503 4.69909 0.597341 0.801968 -0.00561586 -4.56902 -0.13707 0.10899 0.984547 -0.24048
0.763311 -0.633414 0.127058 5.49011 0.641192 0.766825 -0.0292042 -3.86725 -0.0789326 0.10376 0.991465 -0.600587
0.671759 -0.730794 0.121159 6.18153 0.737983 0.674394 -0.0239628 -3.12751 -0.0641969 0.10551 0.992344 -0.784795
0.53102 -0.82964 0.172382 6.8073 0.842957 0.537925 -0.00779108 -2.30775 -0.0862647 0.149448 0.984999 -0.872012
0.442448 -0.880847 0.168371 7.26829 0.893286 0.449471 0.00405446 -1.43395 -0.0792491 0.148609 0.985715 -1.03136
0.253445 -0.949657 0.184166 7.75303 0.963852 0.264086 0.0353342 -0.513725 -0.082191 0.168554 0.98226 -1.12873
0.177965 -0.969289 0.169727 8.08872 0.978892 0.191995 0.0700543 0.62401 -0.10049 0.153677 0.982998 -1.24644
-0.0410937 -0.981245 0.188333 8.19032 0.992769 -0.0188213 0.118557 1.52632 -0.112789 0.191843 0.974923 -1.34702
-0.141017 -0.961043 0.237717 8.20746 0.986134 -0.115137 0.119514 2.47696 -0.0874882 0.251275 0.963954 -1.63736
-0.293968 -0.93299 0.207636 8.08556 0.947023 -0.254912 0.195363 3.54604 -0.129342 0.254066 0.958499 -1.76225
-0.386035 -0.882572 0.26841 7.77961 0.91328 -0.324646 0.246018 4.62697 -0.12999 0.340105 0.93136 -1.8738
-0.500778 -0.850103 0.162929 7.28063 0.856618 -0.459728 0.234212 5.59791 -0.124202 0.256856 0.958436 -2.18051
-0.618427 -0.773232 0.140217 6.67976 0.775725 -0.57213 0.266304 6.46734 -0.125693 0.273459 0.953636 -2.45781
-0.678303 -0.714699 0.170615 6.08437 0.728508 -0.623853 0.282989 7.47986 -0.0958129 0.316247 0.943826 -2.67946
-0.747759 -0.61742 0.244231 5.20943 0.663366 -0.67901 0.314471 8.27151 -0.028326 0.397163 0.917311 -2.71912
-0.769715 -0.599966 0.218126 4.17871 0.638167 -0.714169 0.287585 9.00829 -0.0167619 0.360559 0.932586 -2.8247
-0.854837 -0.48846 0.175101 3.28059 0.518611 -0.815452 0.257061 9.75634 0.0172224 0.310555 0.950399 -2.84045
-0.90327 -0.351362 0.246267 2.24434 0.414425 -0.863111 0.288604 10.3643 0.111151 0.362746 0.925235 -2.77005
-0.951882 -0.194441 0.236885 1.13857 0.262124 -0.917029 0.300582 10.9148 0.158785 0.348212 0.92387 -2.54063
-0.984977 -0.128844 0.114973 0.0473898 0.159818 -0.932341 0.324342 11.0991 0.0654043 0.337844 0.938927 -2.23047
-0.987366 0.0163912 0.157608 -1.31677 0.0461024 -0.921892 0.384694 11.2815 0.151603 0.3871 0.909489 -2.0507
-0.986233 0.110992 0.122575 -2.44424 -0.0733384 -0.957962 0.277362 11.3845 0.148207 0.264554 0.952914 -1.96326
-0.95425 0.29648 0.0388194 -3.5224 -0.270002 -0.910164 0.314166 11.3371 0.128476 0.289311 0.948574 -1.84269
-0.922095 0.3864 0.0208857 -4.75007 -0.369532 -0.895288 0.248809 10.9907 0.114839 0.221708 0.968327 -1.65329
-0.82638 0.557861 -0.0767264 -5.83265 -0.560676 -0.802471 0.204163 10.6221 0.0523239 0.211735 0.975925 -1.56471
-0.804668 0.575396 -0.146387 -6.86447 -0.59313 -0.790079 0.154825 9.94955 -0.0265716 0.211409 0.977036 -1.45373
-0.67294 0.714065 -0.193038 -7.77794 -0.735709 -0.673182 0.0745541 9.20882 -0.0767133 0.19219 0.978355 -1.5078
-0.62937 0.763492 -0.144822 -8.72273 -0.777041 -0.615875 0.130022 8.06132 0.0100787 0.194365 0.980878 -1.77004
-0.515432 0.852884 -0.0831788 -9.46345 -0.855763 -0.507235 0.10189 7.20081 0.0447092 0.123699 0.991312 -1.73303
-0.429635 0.886241 -0.173176 -10.1078 -0.89474 -0.391918 0.214107 6.04608 0.12188 0.246935 0.961337 -1.63976
-0.28941 0.931355 -0.220952 -10.6971 -0.957064 -0.285523 0.0500593 4.95063 -0.0164638 0.225953 0.973999 -1.43209
-0.126255 0.959233 -0.252847 -10.944 -0.990769 -0.10925 0.0802587 3.78063 0.0493632 0.260646 0.964172 -1.49546
-0.0305559 0.987255 -0.156183 -11.1637 -0.996407 -0.0177374 0.0828175 2.41001 0.0789918 0.158152 0.98425 -1.46737
0.0994682 0.966693 -0.23582 -11.0525 -0.994508 0.104339 0.00823609 1.27817 0.0325671 0.233706 0.971762 -1.26405
0.246177 0.940435 -0.234478 -10.8861 -0.965627 0.258804 0.0241969 -0.133715 0.0834395 0.220461 0.97182 -1.39571
0.395968 0.887655 -0.235115 -10.5959 -0.917837 0.390398 -0.0718584 -1.24854 0.0280029 0.244251 0.969308 -1.40088
0.498955 0.840622 -0.210711 -10.0817 -0.866476 0.488443 -0.10316 -2.52186 0.016202 0.234048 0.97209 -1.33971
0.559171 0.80077 -0.214698 -9.43378 -0.811927 0.581303 0.0534922 -3.85805 0.16764 0.144408 0.975215 -1.38262
0.644619 0.706822 -0.291324 -8.66742 -0.739326 0.673343 -0.00223074 -4.9112 0.194585 0.216822 0.956622 -1.10307
0.752762 0.618236 -0.226127 -7.74959 -0.647157 0.757914 -0.0821871 -5.9237 0.120574 0.208207 0.970624 -0.717096
0.84675 0.514556 -0.13508 -6.72059 -0.528851 0.841712 -0.108801 -6.85287 0.0577143 0.163564 0.984843 -0.577697
0.872418 0.431616 -0.229336 -5.52056 -0.468542 0.872108 -0.141056 -7.55757 0.139123 0.230513 0.963072 -0.502825
0.935975 0.335462 -0.106845 -4.37287 -0.342089 0.938295 -0.050767 -8.3318 0.0832216 0.0840671 0.992979 -0.377652
0.954093 0.27445 -0.119928 -2.91223 -0.2883 0.950067 -0.119399 -8.81769 0.0811704 0.148493 0.985577 -0.245973
0.98822 0.101943 -0.114144 -1.70684 -0.118689 0.981366 -0.15111 -9.16943 0.096612 0.162878 0.981905 -0.165658
0.99748 0.0172115 -0.0688249 -0.299269 -0.0257802 0.991743 -0.125621 -9.23234 0.0660945 0.127079 0.989688 -0.0968066
0.99288 -0.117924 -0.0168483 1.20068 0.114386 0.983308 -0.1415 -9.05888 0.0332533 0.138565 0.989795 -0.0390846
0.966065 -0.214546 0.143837 2.60017 0.230049 0.967881 -0.101409 -8.8528 -0.11746 0.131057 0.984392 -0.0300326
0.908523 -0.319866 0.268833 3.9581 0.356246 0.929203 -0.0983399 -8.26457 -0.218345 0.185115 0.958154 -0.240761
0.84443 -0.455618 0.281693 5.21703 0.500858 0.858042 -0.113598 -7.76634 -0.189947 0.237014 0.952756 -0.546164
0.761545 -0.570317 0.307875 6.38558 0.611835 0.789324 -0.0512401 -7.01118 -0.21379 0.227391 0.950046 -0.727964
0.721847 -0.662746 0.199259 7.45168 0.684591 0.725993 -0.065349 -6.04241 -0.101351 0.183583 0.977765 -1.07344
0.616952 -0.770118 0.162138 8.39475 0.782164 0.622812 -0.0180005 -5.13638 -0.0871188 0.137924 0.986604 -1.27066
0.441619 -0.876875 0.1899 9.33924 0.894076 0.447765 -0.0116202 -4.07616 -0.074841 0.174916 0.981735 -1.48575
0.42815 -0.87946 0.207938 9.96772 0.902164 0.429393 -0.0414898 -2.69111 -0.0527985 0.205358 0.977262 -1.57546
0.291687 -0.924806 0.244241 10.5548 0.94339 0.320301 0.0861536 -1.2795 -0.157906 0.205284 0.96588 -1.74857
0.149363 -0.956488 0.250643 11.0564 0.974644 0.185132 0.125679 0.0407307 -0.166612 0.225516 0.959887 -1.77183
-0.0248662 -0.963047 0.268184 11.1798 0.983412 0.0246502 0.179701 1.4409 -0.179671 0.268204 0.946459 -1.96615
-0.118679 -0.966485 0.227645 11.086 0.979194 -0.0759135 0.188191 2.82313 -0.164603 0.245243 0.955386 -2.37237
-0.27566 -0.929368 0.245532 10.9539 0.938233 -0.204564 0.279056 4.26739 -0.209119 0.307291 0.928354 -2.67255
-0.392851 -0.869875 0.298305 10.4631 0.900001 -0.297069 0.318981 5.61366 -0.188856 0.393787 0.899592 -2.8437
-0.533722 -0.818571 0.212329 9.89904 0.832182 -0.463742 0.304 6.99319 -0.15038 0.338948 0.928709 -3.13118
-0.624192 -0.763415 0.166076 9.14741 0.757208 -0.53879 0.369244 8.13988 -0.192407 0.356234 0.914373 -3.46822
-0.68453 -0.700543 0.20164 8.2025 0.726754 -0.634186 0.263888 9.3569 -0.0569876 0.327182 0.943241 -3.83959
-0.813021 -0.53648 0.226243 7.06634 0.581776 -0.763952 0.279129 10.4321 0.0230919 0.358561 0.933221 -4.11705
-0.810727 -0.553009 0.1921 5.93764 0.584574 -0.747055 0.316515 11.3848 -0.0315266 0.368904 0.928933 -3.98589
-0.869534 -0.433166 0.237231 4.63588 0.492192 -0.799661 0.343933 12.2178 0.0407237 0.415825 0.908533 -3.92769
-0.925444 -0.25583 0.279472 3.27509 0.349182 -0.862181 0.367037 12.9796 0.147056 0.437258 0.887232 -3.96625
-0.949418 -0.152281 0.27462 1.79032 0.256588 -0.880363 0.398904 13.6223 0.181019 0.449191 0.874906 -3.7566
-0.98151 -0.0245916 0.189826 0.336042 0.0997686 -0.912074 0.397703 14.0818 0.163355 0.409288 0.897663 -3.44937
-0.993058 0.00433345 0.117546 -1.3233 0.04445 -0.911396 0.409123 14.0933 0.108904 0.411508 0.904876 -3.25436
-0.97777 0.120749 0.171422 -2.86283 -0.032457 -0.894846 0.445194 14.2427 0.207153 0.429733 0.878873 -3.05631
-0.968432 0.246636 0.0361939 -4.44985 -0.212709 -0.893316 0.395905 14.168 0.129977 0.375709 0.917578 -2.80415
-0.935154 0.352036 -0.0394675 -5.90517 -0.34106 -0.864643 0.368876 13.7025 0.0957323 0.358417 0.92864 -2.46953
-0.872037 0.465461 -0.15132 -7.47896 -0.489391 -0.833599 0.256141 13.1454 -0.00691665 0.29742 0.954722 -2.2618
-0.753654 0.60905 -0.247111 -8.61379 -0.657045 -0.707989 0.25893 12.2845 -0.0172505 0.357506 0.933751 -2.25216
-0.695642 0.646575 -0.313086 -9.93568 -0.715019 -0.665328 0.214679 11.1627 -0.0694987 0.373202 0.925144 -2.30693
-0.601807 0.763271 -0.235045 -11.0395 -0.798461 -0.581282 0.156752 10.0087 -0.0169835 0.282008 0.959262 -2.40471
-0.557554 0.791907 -0.249033 -12.1272 -0.829138 -0.516488 0.21394 8.6184 0.0407981 0.325766 0.94457 -2.35579
-0.436266 0.866934 -0.241033 -13.0066 -0.897227 -0.3988 0.189583 7.18864 0.0682322 0.29897 0.95182 -2.42842
-0.267867 0.926829 -0.263127 -13.5439 -0.963156 -0.25079 0.0971345 5.78511 0.0240374 0.279452 0.959859 -2.23682
-0.0606312 0.954283 -0.29269 -13.9438 -0.998088 -0.0544258 0.0293063 4.12927 0.0120366 0.293907 0.955758 -2.19408
-0.0390864 0.953263 -0.299603 -14.1033 -0.99905 -0.0315047 0.0300965 2.39809 0.0192509 0.300495 0.953589 -2.15601
0.119431 0.955297 -0.270451 -13.954 -0.992599 0.108859 -0.0538137 0.928923 -0.0219669 0.274877 0.961229 -2.17412
0.292945 0.937658 -0.18703 -13.8906 -0.955158 0.29581 -0.0130438 -0.815749 0.0430947 0.182464 0.982268 -2.20781
0.372638 0.895817 -0.242184 -13.268 -0.9243 0.381508 -0.0110122 -2.31859 0.0825305 0.227955 0.970168 -2.21242
0.480486 0.8497 -0.217126 -12.6821 -0.873977 0.48447 -0.0381323 -3.99082 0.0727901 0.208085 0.975398 -2.12515
0.583832 0.776872 -0.235819 -11.8055 -0.798686 0.601727 0.00494407 -5.57745 0.145739 0.185459 0.971784 -1.98006
0.615881 0.75995 -0.207767 -10.7259 -0.779197 0.626516 -0.0181541 -6.981 0.116373 0.173072 0.97801 -1.82121
0.75079 0.64233 -0.154037 -9.75579 -0.656895 0.750529 -0.0720785 -8.2681 0.0693108 0.155302 0.985433 -1.48619
0.820227 0.560036 -0.116561 -8.36722 -0.56978 0.817936 -0.0795728 -9.44402 0.0507756 0.131682 0.989991 -1.22023
0.851555 0.490486 -0.185142 -6.82546 -0.499137 0.866523 -0.0001407 -10.4617 0.160361 0.092531 0.982712 -1.27642
0.957521 0.280084 -0.0685985 -5.37471 -0.28256 0.958801 -0.0293301 -11.2582 0.0575575 0.0474674 0.997213 -0.942459
0.950717 0.287649 -0.115735 -3.77186 -0.296747 0.952335 -0.0707111 -11.8665 0.0898782 0.10157 0.99076 -0.816446
0.99032 0.0765653 -0.115774 -2.03606 -0.093041 0.985142 -0.144356 -12.1087 0.103001 0.153731 0.98273 -0.730893
0.998684 0.0449883 -0.0246106 -0.307171 -0.0489628 0.979201 -0.196898 -12.2257 0.0152407 0.197844 0.980115 -0.606944
0.990971 -0.124667 0.0493348 1.60466 0.132064 0.971104 -0.198785 -12.0328 -0.0231274 0.203506 0.978801 -0.602172
0.949779 -0.272241 0.154287 3.30189 0.2838 0.957115 -0.0582084 -11.8122 -0.131824 0.0990718 0.98631 -0.657698
0.893555 -0.388295 0.225358 5.03324 0.434659 0.873875 -0.217747 -11.0925 -0.112385 0.292523 0.949632 -0.893408
0.848353 -0.462705 0.257296 6.62775 0.504866 0.853347 -0.130032 -10.3297 -0.159397 0.240213 0.957544 -1.26567
0.803588 -0.551419 0.224016 8.27736 0.582 0.806789 -0.10182 -9.38211 -0.124589 0.212199 0.969252 -1.47243
0.694869 -0.68334 0.224062 9.44703 0.707379 0.705595 -0.0418407 -8.34067 -0.129505 0.18757 0.973676 -1.68124
0.646659 -0.732398 0.213131 10.8046 0.761489 0.636094 -0.124573 -6.98559 -0.0443346 0.242854 0.969049 -1.85347
0.507628 -0.820413 0.263127 12.0123 0.854596 0.518255 -0.032812 -5.48106 -0.109448 0.241524 0.964203 -1.96521
0.391249 -0.877643 0.276887 12.7894 0.915771 0.401054 -0.0227976 -3.95667 -0.0910383 0.262484 0.960632 -2.28847
0.252284 -0.919012 0.302936 13.3794 0.964728 0.263202 -0.00494962 -2.26805 -0.0751846 0.293499 0.952998 -2.40056
0.105142 -0.958222 0.266001 13.8739 0.982987 0.14065 0.118125 -0.539308 -0.150603 0.249055 0.956708 -2.65613
-0.0631102 -0.958175 0.279138 14.1542 0.983011 -0.0113782 0.183192 1.18779 -0.172354 0.285957 0.942615 -2.9665
-0.19882 -0.950668 0.238121 14.0778 0.964356 -0.146487 0.220363 3.02263 -0.17461 0.273446 0.945906 -3.1797
-0.281792 -0.931202 0.231207 13.6527 0.933895 -0.210925 0.288705 4.9079 -0.220075 0.297278 0.929082 -3.62831
-0.339026 -0.885066 0.318935 13.1462 0.925203 -0.25224 0.283504 6.5703 -0.170472 0.391195 0.904381 -3.97126
-0.48078 -0.841504 0.246417 12.3964 0.865569 -0.410556 0.286765 8.28642 -0.140146 0.351162 0.925767 -4.31089
-0.59887 -0.770219 0.219358 11.4703 0.774502 -0.487343 0.40329 9.76676 -0.203719 0.411412 0.888391 -4.6388
-0.668574 -0.708111 0.227128 10.1976 0.732864 -0.575576 0.3628 11.1711 -0.126173 0.409012 0.903764 -5.0379
-0.761329 -0.627537 0.163021 8.73746 0.640498 -0.688878 0.339425 12.6366 -0.1007 0.362829 0.926399 -5.2399
-0.852981 -0.456781 0.252535 7.56327 0.521492 -0.765921 0.376046 13.7382 0.0216511 0.452456 0.891524 -5.42199
-0.866472 -0.435035 0.244889 5.91759 0.498418 -0.781726 0.374812 14.7109 0.0283797 0.446821 0.894173 -5.36259
-0.892963 -0.370827 0.255156 4.00245 0.44329 -0.822905 0.355416 15.6815 0.0781717 0.430481 0.899208 -5.29352
-0.928705 -0.289326 0.231941 2.3192 0.354477 -0.876313 0.326224 16.4175 0.108868 0.385184 0.916396 -5.07169
-0.987064 -0.108458 0.118076 0.49032 0.147265 -0.904495 0.400253 16.8713 0.0633885 0.412463 0.908766 -4.76445
-0.992179 0.038554 0.118723 -1.49307 0.0237232 -0.875532 0.482577 16.9401 0.122551 0.481619 0.86777 -4.52613
-0.969094 0.200949 0.143092 -3.27199 -0.103402 -0.85752 0.503951 16.9436 0.223973 0.473581 0.851797 -4.54982
-0.960703 0.252011 0.116366 -5.20446 -0.149776 -0.823578 0.547071 16.7977 0.233704 0.508144 0.828958 -4.09363
-0.916466 0.392321 -0.0785752 -7.06339 -0.374816 -0.773086 0.511713 16.474 0.140011 0.498419 0.855556 -3.61854
-0.846356 0.463149 -0.263011 -8.85901 -0.530685 -0.775325 0.34241 15.6421 -0.0453322 0.429377 0.901987 -3.33049
-0.770418 0.565439 -0.29451 -10.4332 -0.637506 -0.688007 0.346745 14.4681 -0.00656189 0.45489 0.890523 -3.45597
-0.685729 0.664571 -0.296852 -11.9596 -0.727853 -0.627413 0.276735 13.0348 -0.002339 0.40583 0.913946 -3.47955
-0.599164 0.769892 -0.219702 -13.3043 -0.799273 -0.559241 0.220027 11.7353 0.0465306 0.307434 0.950431 -3.54352
-0.53102 0.796691 -0.288619 -14.7052 -0.846635 -0.484756 0.219592 10.0553 0.0350372 0.360963 0.931922 -3.44173
-0.391871 0.872049 -0.293203 -15.6634 -0.917892 -0.348913 0.189036 8.42989 0.0625462 0.343207 0.937175 -3.29996
-0.238549 0.925372 -0.294586 -16.3087 -0.97075 -0.218727 0.0990129 6.60929 0.0271898 0.309589 0.950482 -3.24766
-0.0978692 0.947506 -0.304392 -16.8346 -0.994903 -0.0856904 0.0531491 4.4471 0.0242756 0.308042 0.951063 -3.21253
-0.0284508 0.955402 -0.293933 -16.9604 -0.998965 -0.0167365 0.0422927 2.43219 0.0354871 0.294832 0.95489 -3.09142
0.0993387 0.948882 -0.29959 -16.8156 -0.99022 0.123909 0.0641133 0.413154 0.0979578 0.290291 0.951912 -2.97907
0.247163 0.9369 -0.247242 -16.6111 -0.968753 0.244377 -0.0424 -1.68076 0.0206957 0.249996 0.968026 -2.89363
0.349788 0.912651 -0.211464 -16.1961 -0.933469 0.358638 0.00375698 -3.52613 0.0792676 0.196081 0.977379 -2.9548
0.465973 0.855467 -0.225932 -15.2236 -0.882926 0.466178 -0.0558579 -5.53235 0.0575399 0.22551 0.97254 -2.74769
0.545658 0.807669 -0.223446 -14.3955 -0.833217 0.551369 -0.0417425 -7.25105 0.089487 0.208956 0.973822 -2.65982
0.663929 0.699758 -0.263697 -13.1211 -0.730396 0.68245 -0.0279933 -8.94931 0.160371 0.211189 0.964199 -2.56288
0.757194 0.601169 -0.255445 -11.7714 -0.626741 0.77883 -0.0248829 -10.4517 0.18399 0.178939 0.966503 -2.15103
0.820253 0.516847 -0.245059 -10.1232 -0.551133 0.828788 -0.0967589 -11.8699 0.153092 0.214427 0.964668 -1.70821
0.867666 0.465694 -0.174027 -8.43584 -0.487627 0.865383 -0.115463 -13.0635 0.0968295 0.185044 0.977948 -1.63232
0.93336 0.341854 -0.109429 -6.4638 -0.356301 0.919299 -0.167149 -14.1702 0.0434577 0.195 0.97984 -1.57649
0.96481 0.253298 -0.0705752 -4.51692 -0.262498 0.9435 -0.202243 -14.7089 0.0153597 0.213652 0.976789 -1.39738
0.987056 0.143708 -0.0711918 -2.38028 -0.158981 0.9352 -0.316427 -15.2174 0.0211054 0.32365 0.945942 -1.25573
0.999655 -0.026272 7.43136e-05 -0.29742 0.0255581 0.971831 -0.234288 -15.3568 0.00608298 0.234209 0.972167 -1.27825
0.976574 -0.206133 0.0617432 1.90633 0.215143 0.940755 -0.262094 -15.0873 -0.00405901 0.269238 0.963065 -1.22681
0.932384 -0.29939 0.202547 4.07345 0.334269 0.927395 -0.167936 -14.6939 -0.137562 0.224286 0.964765 -1.31858
0.908355 -0.382209 0.169726 6.27491 0.40843 0.897998 -0.163661 -13.8907 -0.0898609 0.217983 0.971807 -1.79976
0.872382 -0.470951 0.130976 8.22594 0.487146 0.859785 -0.153164 -12.8902 -0.040478 0.197422 0.979483 -2.03065
0.800001 -0.558224 0.219965 9.93176 0.594989 0.785364 -0.170856 -11.7534 -0.0773766 0.267562 0.960429 -2.27505
0.724158 -0.646028 0.241335 11.5328 0.675168 0.73544 -0.0572378 -10.478 -0.140511 0.204391 0.968752 -2.3722
0.587405 -0.763045 0.269662 13.0821 0.806603 0.579141 -0.118268 -9.0825 -0.0659281 0.286982 0.955665 -2.57244
0.518597 -0.791717 0.322864 14.4045 0.851869 0.510817 -0.115697 -7.06392 -0.0733251 0.335038 0.939347 -2.82046
0.389088 -0.831581 0.396338 15.5519 0.911925 0.408598 -0.0379399 -5.1082 -0.130393 0.376192 0.917321 -3.11886
0.30085 -0.884781 0.355883 16.1872 0.945125 0.326463 0.0126654 -3.05497 -0.127389 0.332543 0.934445 -3.33729
0.173929 -0.910454 0.375264 16.7807 0.981139 0.192854 0.0131543 -0.918968 -0.0843476 0.365898 0.926825 -3.56071
0.017898 -0.959215 0.28211 17.0955 0.99161 0.0531565 0.117829 1.14186 -0.128019 0.277634 0.952119 -3.83937
-0.122731 -0.953674 0.27467 17.0012 0.976705 -0.0669792 0.203865 3.40229 -0.176023 0.293292 0.939679 -4.07213
-0.254047 -0.942136 0.218724 16.5738 0.919708 -0.165329 0.356095 5.36547 -0.299328 0.291627 0.908491 -4.55131
-0.440321 -0.84888 0.292439 15.9729 0.881321 -0.346457 0.321312 7.40028 -0.171438 0.399213 0.900688 -5.13303
-0.50146 -0.823715 0.264634 14.9487 0.852658 -0.418663 0.312565 9.36609 -0.146672 0.382381 0.91229 -5.64303
-0.635329 -0.731307 0.248089 13.7734 0.757248 -0.526972 0.385844 11.1475 -0.151435 0.433003 0.888581 -6.0674
-0.701385 -0.626279 0.340343 12.3947 0.712489 -0.602313 0.359969 12.9109 -0.0204485 0.494968 0.868671 -6.37831
-0.732586 -0.61602 0.289545 10.7702 0.672301 -0.588327 0.449315 14.5785 -0.10644 0.523823 0.845151 -6.38831
-0.794004 -0.563887 0.227132 8.96157 0.600657 -0.670161 0.435999 15.9702 -0.0936389 0.482613 0.870814 -6.69512
-0.88889 -0.410169 0.20405 7.20044 0.457993 -0.785092 0.416981 17.1845 -0.0108345 0.464104 0.885714 -6.78765
-0.917712 -0.31343 0.244063 5.02678 0.389711 -0.829443 0.400186 18.1695 0.0770064 0.46237 0.883337 -6.59603
-0.972247 -0.194761 0.129628 3.03008 0.231853 -0.87622 0.422473 19.0805 0.0313016 0.440802 0.897058 -6.44606
-0.993604 -0.07368 0.0855691 0.849817 0.104256 -0.889683 0.444517 19.6072 0.0433774 0.450595 0.891674 -6.25722
-0.998353 0.0397187 0.0414024 -1.60064 -0.0137534 -0.866266 0.499394 19.6225 0.0557008 0.498002 0.865385 -6.21138
-0.985457 0.152318 0.075327 -3.81787 -0.087858 -0.836161 0.541401 19.5155 0.145451 0.526909 0.837383 -5.97535
-0.972093 0.22483 0.0669819 -6.26315 -0.156116 -0.833088 0.530652 19.3482 0.175108 0.505386 0.844939 -5.69041
-0.918065 0.395411 -0.0284057 -8.19665 -0.354513 -0.786811 0.505221 18.8746 0.17742 0.473896 0.862522 -5.29148
-0.850849 0.494495 -0.177569 -10.2847 -0.522049 -0.757492 0.392009 17.8666 0.0593396 0.42624 0.902662 -4.89956
-0.785573 0.565043 -0.252191 -12.2848 -0.618646 -0.725323 0.301967 16.5667 -0.0122955 0.393234 0.919356 -4.79716
-0.706965 0.650393 -0.277829 -14.0777 -0.706262 -0.669961 0.22879 15.0697 -0.0373308 0.357967 0.932988 -4.83038
-0.622337 0.74144 -0.250925 -15.7115 -0.782595 -0.583003 0.218294 13.3934 0.015562 0.332225 0.943072 -4.66818
-0.507198 0.794879 -0.333043 -17.1457 -0.859959 -0.441334 0.25631 11.4438 0.0567518 0.416404 0.907407 -4.69339
-0.348917 0.838932 -0.417672 -18.4196 -0.936919 -0.3023 0.175492 9.44426 0.0209636 0.452557 0.891489 -4.36885
-0.223457 0.872517 -0.434489 -19.0764 -0.973349 -0.176164 0.146829 7.19157 0.0515692 0.45572 0.888628 -4.34875
-0.125776 0.897255 -0.423219 -19.545 -0.990492 -0.0896076 0.104389 4.83507 0.0557399 0.432325 0.899994 -4.34213
-0.0211725 0.915224 -0.402389 -19.7762 -0.993507 0.0257416 0.110824 2.43583 0.111787 0.402123 0.908736 -4.21359
0.0894758 0.93635 -0.339474 -19.7132 -0.988233 0.125916 0.0868372 0.0261416 0.124055 0.327709 0.936599 -4.02521
0.23566 0.916171 -0.324185 -19.4085 -0.964322 0.261844 0.0389937 -2.37133 0.120611 0.303429 0.94519 -3.89525
0.387428 0.864807 -0.319387 -18.8352 -0.910544 0.413167 0.0142137 -4.61053 0.144252 0.285309 0.947518 -3.69241
0.428006 0.859971 -0.277959 -17.7568 -0.898216 0.438818 -0.0254421 -6.89147 0.100094 0.260556 0.960256 -3.53142
0.575806 0.761821 -0.296778 -16.7566 -0.807478 0.586801 -0.0603585 -8.9878 0.128167 0.274397 0.953037 -3.39703
0.638163 0.70881 -0.30056 -15.2401 -0.760152 0.642015 -0.0999286 -11.0519 0.122134 0.292242 0.948514 -3.08538
0.739058 0.605912 -0.294389 -13.6688 -0.661249 0.735961 -0.145295 -12.8663 0.128623 0.302045 0.944576 -2.81515
0.816038 0.518026 -0.25638 -11.789 -0.564273 0.81009 -0.15922 -14.5229 0.12521 0.274598 0.953372 -2.48244
0.885368 0.417915 -0.203644 -9.73879 -0.454322 0.870683 -0.188423 -15.7508 0.0985642 0.259344 0.960742 -2.42011
0.942832 0.282094 -0.177455 -7.48812 -0.319792 0.915674 -0.243465 -16.797 0.0938112 0.286295 0.953538 -2.20123
0.968268 0.234873 -0.0853949 -5.13851 -0.248892 0.937156 -0.244524 -17.5117 0.0225962 0.258019 0.965876 -2.11438
0.997243 0.0741895 0.00157238 -2.68882 -0.0667349 0.905903 -0.418194 -18.1709 -0.03245 0.416936 0.908356 -2.09124
0.998549 -0.0519348 -0.0142483 -0.273711 0.0421292 0.918123 -0.394049 -18.267 0.0335465 0.392877 0.918979 -2.08408
0.986151 -0.151303 0.0679298 2.4461 0.164984 0.936787 -0.308563 -18.0334 -0.0169493 0.315497 0.948775 -2.16344
0.964976 -0.205301 0.163316 4.86666 0.242749 0.934829 -0.259166 -17.4949 -0.0994656 0.289734 0.951925 -2.16294
0.915191 -0.372685 0.153401 7.40036 0.395048 0.904896 -0.15843 -16.7128 -0.0797676 0.205594 0.975381 -2.52383
0.839211 -0.515443 0.173328 9.59783 0.541976 0.818886 -0.18891 -15.6465 -0.0445636 0.252475 0.966577 -2.75599
0.773414 -0.595071 0.218455 11.5741 0.630913 0.75604 -0.174219 -14.2128 -0.0614881 0.272569 0.960169 -3.03585
0.717795 -0.636292 0.282671 13.5833 0.692607 0.694046 -0.196458 -12.6035 -0.0711823 0.336796 0.938883 -3.20446
0.590234 -0.723591 0.357828 15.4012 0.802822 0.572461 -0.166631 -10.8455 -0.08427 0.385623 0.9188 -3.54849
0.529652 -0.762519 0.371529 16.8168 0.837034 0.54075 -0.0834506 -8.67652 -0.137272 0.355182 0.924663 -3.82611
0.420775 -0.786078 0.452803 17.9809 0.895579 0.439472 -0.0692972 -6.38044 -0.144521 0.434679 0.888914 -4.29419
0.321441 -0.839416 0.438242 18.8972 0.946798 0.29263 -0.133947 -3.8997 -0.0158051 0.457982 0.888821 -4.62814
0.19343 -0.875076 0.443652 19.5608 0.979607 0.197315 -0.0379121 -1.42146 -0.0543633 0.441938 0.895397 -4.64052
0.0211853 -0.894747 0.44607 20.1416 0.997266 0.0505029 0.0539376 1.02266 -0.0707884 0.443708 0.893371 -4.83214
-0.223129 -0.867156 0.445257 20.0039 0.954128 -0.10074 0.281942 3.48234 -0.199633 0.487742 0.849855 -5.04459
-0.364323 -0.859632 0.358193 19.3589 0.888185 -0.205096 0.411173 5.88538 -0.279994 0.467941 0.838233 -5.61461
-0.361815 -0.837895 0.408684 18.2637 0.903433 -0.206987 0.375454 8.31074 -0.229999 0.505063 0.831873 -6.37792
-0.516147 -0.785848 0.340639 17.3317 0.835038 -0.373229 0.404243 10.6434 -0.190538 0.493095 0.848854 -6.90229
-0.593843 -0.746227 0.300826 15.9578 0.784667 -0.454469 0.421611 12.7189 -0.177902 0.486419 0.855423 -7.49719
-0.739395 -0.609009 0.28706 14.4108 0.669955 -0.623251 0.403383 14.7236 -0.0667539 0.490576 0.868838 -7.91925
-0.746064 -0.589621 0.309413 12.6011 0.665812 -0.666921 0.33453 16.5454 0.00910813 0.455592 0.890142 -8.04972
-0.836598 -0.458482 0.299828 10.6492 0.547421 -0.720461 0.425754 18.202 0.0208137 0.520317 0.853719 -8.18039
-0.891418 -0.367435 0.265266 8.38371 0.450878 -0.778026 0.437475 19.5407 0.0456401 0.509575 0.859215 -8.14312
-0.91129 -0.325513 0.252175 5.94733 0.397493 -0.855276 0.332418 20.8087 0.107473 0.403167 0.908794 -8.08673
-0.971597 -0.214142 0.100709 3.61109 0.236632 -0.875283 0.421764 21.7255 -0.00216848 0.433615 0.901095 -7.83905
-0.9977 -0.0585745 0.0341228 0.971726 0.0677874 -0.865395 0.496484 22.2323 0.000448406 0.497655 0.867375 -7.69554
-0.998682 0.0510955 0.00477009 -1.74949 -0.0418617 -0.864901 0.500193 22.2872 0.0296833 0.499334 0.865901 -7.77317
-0.988594 0.1124 0.100245 -4.48183 -0.0458 -0.858445 0.510857 22.0302 0.143475 0.500439 0.853801 -7.70859
-0.978052 0.205079 0.0368446 -6.97216 -0.153732 -0.829606 0.536768 21.8319 0.140646 0.519322 0.842925 -7.2441
-0.943703 0.328535 -0.0386028 -9.5543 -0.295475 -0.784714 0.544903 21.19 0.148727 0.525633 0.83761 -6.80439
-0.879709 0.427867 -0.207464 -11.8179 -0.471956 -0.732387 0.490782 20.1813 0.0580454 0.52966 0.846222 -6.35954
-0.802632 0.53459 -0.264565 -14.0654 -0.593945 -0.675508 0.436941 18.8104 0.0548683 0.507841 0.859702 -6.14924
-0.70037 0.628871 -0.337642 -16.0904 -0.712475 -0.587337 0.383946 17.0877 0.0431429 0.509466 0.859408 -5.94382
-0.551105 0.737407 -0.39053 -17.9236 -0.833963 -0.502492 0.228051 15.0808 -0.0280718 0.451368 0.891896 -5.95307
-0.482046 0.808708 -0.33708 -19.4725 -0.869579 -0.39459 0.296869 12.6936 0.107072 0.436222 0.893446 -6.00834
-0.388874 0.822261 -0.415528 -20.7076 -0.921091 -0.337612 0.19393 10.3359 0.0191741 0.458153 0.888666 -5.77208
-0.210777 0.877353 -0.431075 -21.66 -0.977497 -0.185331 0.100756 7.80425 0.00850732 0.442611 0.896673 -5.76278
-0.162666 0.904311 -0.394666 -22.176 -0.981388 -0.10691 0.159525 4.92915 0.102067 0.41327 0.90487 -5.69266
-0.0369193 0.910082 -0.412781 -22.5093 -0.99532 0.00342526 0.0965738 2.29455 0.089304 0.414414 0.905696 -5.45593
0.0726104 0.912243 -0.403164 -22.4672 -0.994112 0.098795 0.0445034 -0.326855 0.0804285 0.397559 0.914045 -5.18171
0.235388 0.888687 -0.393482 -22.1308 -0.965566 0.259982 0.00955651 -3.15859 0.110791 0.377683 0.919283 -4.86426
0.28411 0.871661 -0.39936 -21.4192 -0.952266 0.305046 -0.0116483 -5.88497 0.11167 0.383607 0.91672 -4.58975
0.413573 0.835562 -0.361654 -20.4719 -0.903009 0.427186 -0.0456785 -8.37364 0.116326 0.345468 0.931193 -4.39803
0.547656 0.739146 -0.392092 -19.1531 -0.827063 0.549159 -0.119965 -10.743 0.126649 0.389984 0.91207 -4.23408
0.662012 0.657661 -0.359474 -17.5531 -0.748039 0.609635 -0.262266 -12.9268 0.0466653 0.442524 0.895542 -3.91597
0.686109 0.642027 -0.342135 -15.506 -0.723732 0.650159 -0.231312 -15.0023 0.0739335 0.406319 0.910735 -3.90998
0.805349 0.505555 -0.309559 -13.3962 -0.583661 0.767579 -0.264883 -16.9172 0.103698 0.394001 0.913242 -3.48348
0.892372 0.403514 -0.20211 -11.0332 -0.448673 0.841496 -0.300962 -18.38 0.0486321 0.359251 0.931973 -3.26926
0.937047 0.304712 -0.170565 -8.49636 -0.347325 0.863851 -0.364866 -19.5313 0.0361636 0.401138 0.915303 -3.26345
0.981863 0.189136 -0.013167 -5.85487 -0.181607 0.918281 -0.351822 -20.3986 -0.0544512 0.347832 0.935974 -3.13584
0.993738 0.110891 0.0136947 -2.83161 -0.0954091 0.90594 -0.412517 -20.8129 -0.0581511 0.408627 0.910847 -3.22273
0.997178 -0.0604137 -0.0445755 -0.0214547 0.0336083 0.890099 -0.454526 -20.9564 0.0671363 0.451745 0.889617 -3.3874
0.987554 -0.151933 0.0406733 2.84428 0.155724 0.908195 -0.388499 -20.8202 0.0220863 0.389997 0.920551 -3.24104
0.963317 -0.228385 0.140927 5.72263 0.261929 0.914459 -0.308477 -20.3753 -0.0584206 0.334074 0.940735 -3.15069
0.910929 -0.353239 0.213144 8.43712 0.402915 0.872779 -0.27553 -19.5112 -0.0886999 0.336867 0.937365 -3.27697
0.823793 -0.438143 0.359716 11.0278 0.540584 0.798211 -0.265761 -18.2389 -0.170688 0.413389 0.894413 -3.35678
0.763635 -0.505239 0.401989 13.3794 0.623873 0.737746 -0.257901 -16.4565 -0.166264 0.447732 0.878574 -4.04256
0.696988 -0.572202 0.432195 15.541 0.713886 0.610532 -0.342953 -14.6687 -0.067631 0.547572 0.834021 -4.40064
0.638989 -0.650202 0.411012 17.5023 0.764896 0.59364 -0.250051 -12.5923 -0.0814095 0.474161 0.876666 -4.73092
0.464116 -0.782282 0.415488 19.1909 0.879236 0.463754 -0.108982 -10.2248 -0.10743 0.415892 0.903046 -5.17349
0.414862 -0.792463 0.447093 20.4752 0.901708 0.423803 -0.0855208 -7.60866 -0.121707 0.438626 0.89039 -5.56383
0.309731 -0.855745 0.414447 21.3984 0.949507 0.301308 -0.0874626 -4.83056 -0.0500305 0.42061 0.905861 -5.94768
0.160904 -0.858959 0.486107 22.3551 0.983805 0.179 -0.00934858 -2.09924 -0.0789833 0.479739 0.873849 -6.06536
0.0157595 -0.84674 0.531773 22.7477 0.993093 0.0750971 0.0901459 0.808545 -0.116265 0.526679 0.842076 -6.2603
-0.148295 -0.862695 0.483494 22.5877 0.962083 -0.0126802 0.272461 3.72886 -0.22892 0.505566 0.831865 -6.59366
-0.340684 -0.821537 0.457177 22.1024 0.919368 -0.189362 0.344825 6.2913 -0.196714 0.537791 0.819808 -7.30576
-0.404386 -0.804809 0.434459 21.0369 0.903322 -0.277131 0.327426 9.02013 -0.143114 0.524863 0.839069 -8.0514
-0.47135 -0.818343 0.328851 19.6273 0.863898 -0.353361 0.358909 11.6641 -0.177508 0.453266 0.873522 -8.52334
-0.586989 -0.734976 0.339492 18.2096 0.795317 -0.445082 0.411549 14.1561 -0.151376 0.511579 0.845797 -9.06871
-0.68968 -0.638489 0.341573 16.2989 0.716826 -0.535249 0.446844 16.4994 -0.102478 0.553028 0.826836 -9.34395
-0.748908 -0.572715 0.333369 14.2912 0.66205 -0.624799 0.413903 18.6099 -0.0287604 0.530682 0.847083 -9.7059
-0.822303 -0.497741 0.275811 12.1285 0.566585 -0.671073 0.478166 20.3516 -0.0529131 0.549468 0.833838 -9.63923
-0.866017 -0.386852 0.316796 9.57865 0.498275 -0.720491 0.482302 21.9908 0.0416693 0.575533 0.816716 -9.75341
-0.895541 -0.298686 0.329837 6.92227 0.428897 -0.776868 0.461003 23.3502 0.118544 0.554314 0.823823 -9.44472
-0.977472 -0.154917 0.143353 4.18603 0.205586 -0.852584 0.480453 24.3753 0.0477897 0.499101 0.865225 -9.30057
-0.999102 -0.0274773 0.0322573 1.11452 0.0415666 -0.783403 0.620123 24.8216 0.00823116 0.620907 0.783841 -9.25499
-0.998767 0.0173983 0.0464912 -1.89597 0.0112568 -0.832785 0.553482 24.834 0.0483468 0.553323 0.831563 -9.29431
-0.990289 0.128147 0.0538996 -4.71678 -0.0795753 -0.840412 0.536074 24.7317 0.113994 0.526579 0.842449 -9.2335
-0.956563 0.291489 0.00454707 -7.69549 -0.241735 -0.801812 0.5465 24.4019 0.162945 0.521663 0.837447 -8.92901
-0.90312 0.41395 -0.114108 -10.4834 -0.410393 -0.753959 0.512956 23.5949 0.126305 0.51009 0.850797 -8.41864
-0.847532 0.501818 -0.172826 -13.2021 -0.518709 -0.714213 0.469937 22.5038 0.112389 0.487933 0.865615 -8.07082
-0.761944 0.576891 -0.294343 -15.7572 -0.643351 -0.62197 0.446377 20.9133 0.0744387 0.52948 0.84505 -7.74888
-0.661206 0.642647 -0.387055 -18.059 -0.749893 -0.551312 0.36567 18.8904 0.0216088 0.532033 0.846448 -7.56241
-0.575715 0.683939 -0.448085 -20.0931 -0.817587 -0.474731 0.325855 16.5588 0.0101455 0.553948 0.832489 -7.40394
-0.486024 0.786037 -0.382003 -21.8471 -0.869242 -0.389495 0.304488 13.9577 0.0905504 0.480041 0.87256 -7.4387
-0.42907 0.784717 -0.447346 -23.2289 -0.897452 -0.314224 0.309587 11.2716 0.102371 0.534305 0.83907 -7.23665
-0.224737 0.782514 -0.580659 -24.2987 -0.973218 -0.150675 0.173618 8.41472 0.048368 0.604126 0.795419 -7.14884
-0.144132 0.866817 -0.477341 -24.7987 -0.987438 -0.0944182 0.126697 5.30606 0.0647533 0.489606 0.869536 -7.01476
-0.0540336 0.863488 -0.501466 -25.1588 -0.996612 -0.0154532 0.0807771 2.22421 0.0620008 0.504132 0.861398 -6.88307
0.0724156 0.84524 -0.529458 -25.2833 -0.987353 0.135816 0.0817765 -0.746967 0.14103 0.51684 0.844386 -6.6867
0.209616 0.832593 -0.51269 -24.8361 -0.963681 0.26465 0.0357784 -3.83695 0.165472 0.48657 0.857828 -6.21299
0.350037 0.822078 -0.449067 -24.1328 -0.93074 0.359381 -0.0675941 -6.7455 0.105818 0.441625 0.890938 -5.8801
0.446507 0.815397 -0.368456 -22.9235 -0.890001 0.447224 -0.0888211 -9.73264 0.092358 0.367585 0.925392 -5.60773
0.555795 0.731769 -0.39447 -21.3481 -0.82722 0.533892 -0.17512 -12.4207 0.0824566 0.423644 0.902068 -5.51922
0.650115 0.650972 -0.3919 -19.5293 -0.757794 0.593255 -0.271654 -14.7873 0.0556573 0.473586 0.878987 -5.37208
0.702984 0.596795 -0.386846 -17.2831 -0.707085 0.644947 -0.289956 -17.0588 0.0764511 0.477368 0.875372 -5.14965
0.807297 0.47632 -0.348413 -14.8515 -0.582903 0.735801 -0.344704 -19.2959 0.0921731 0.481369 0.871658 -4.83073
0.891697 0.377138 -0.250287 -12.2758 -0.451232 0.784138 -0.426048 -20.9283 0.035581 0.492844 0.86939 -4.57283
0.939757 0.29033 -0.180456 -9.449 -0.341128 0.83058 -0.440192 -22.124 0.022082 0.475232 0.879583 -4.58948
0.985064 0.172062 0.00662716 -6.35993 -0.148306 0.867359 -0.475072 -23.2074 -0.0874901 0.466993 0.879922 -4.43065
0.996799 0.0630948 -0.0490913 -3.16992 -0.0777875 0.907148 -0.41356 -23.6228 0.0184397 0.416055 0.909153 -4.60247
0.994988 0.0124129 -0.0992194 0.130326 -0.0501333 0.920468 -0.387588 -23.7723 0.0865172 0.39062 0.916477 -4.63361
0.984405 -0.175143 0.0164979 3.29252 0.163936 0.879295 -0.447175 -23.7736 0.0638129 0.442905 0.894295 -4.45285
0.973234 -0.197866 0.1169 6.45251 0.228576 0.886202 -0.402987 -23.173 -0.0238596 0.418921 0.907709 -4.40993
0.900839 -0.368128 0.230154 9.43635 0.430387 0.826893 -0.361961 -22.2078 -0.0570643 0.425124 0.903335 -4.55814
0.802633 -0.457484 0.382738 12.3231 0.580669 0.746025 -0.325991 -20.7962 -0.136396 0.483896 0.864431 -4.82098
0.788283 -0.498251 0.361049 14.8679 0.608587 0.717857 -0.338086 -18.8439 -0.0907299 0.486237 0.869104 -5.40098
0.70596 -0.594668 0.384696 17.2912 0.706635 0.628066 -0.325883 -16.7002 -0.0478218 0.5019 0.863603 -5.93786
0.603945 -0.640092 0.474902 19.513 0.782806 0.588426 -0.20241 -14.3329 -0.149883 0.494 0.856445 -6.23245
0.47606 -0.73972 0.475586 21.5372 0.876047 0.446174 -0.182946 -11.7294 -0.0768649 0.503729 0.860435 -6.68981
0.385843 -0.796166 0.466095 22.9405 0.906346 0.421442 -0.0304005 -8.84267 -0.172228 0.434173 0.884212 -6.89666
0.313092 -0.863246 0.395954 24.1005 0.947197 0.314214 -0.0639354 -5.82301 -0.0692224 0.395064 0.916042 -7.35784
0.168878 -0.845162 0.50713 24.8233 0.980676 0.195636 -0.000534248 -2.78844 -0.0987615 0.497421 0.861869 -7.5365
0.0324005 -0.743933 0.667468 25.2467 0.996237 0.0777495 0.0382968 0.48186 -0.0803855 0.663715 0.743653 -7.90369
-0.173886 -0.776276 0.605937 25.2424 0.959812 0.00404183 0.280615 3.8092 -0.220283 0.630381 0.744376 -8.30782
-0.310897 -0.793097 0.523775 24.5267 0.927447 -0.132659 0.349634 6.81702 -0.20781 0.594474 0.776799 -9.01554
-0.388444 -0.784833 0.482855 23.4638 0.905365 -0.227515 0.358539 9.84666 -0.171537 0.576432 0.798937 -9.62351
-0.499374 -0.745919 0.440716 22.1975 0.85478 -0.341194 0.391072 12.6575 -0.141338 0.572007 0.80798 -10.2041
-0.595344 -0.720874 0.354833 20.3896 0.798736 -0.483121 0.358629 15.4832 -0.0870989 0.496926 0.863411 -10.6986
-0.665818 -0.677505 0.312527 18.3552 0.7386 -0.539206 0.404633 18.077 -0.105624 0.500244 0.859418 -10.9986
-0.753856 -0.572594 0.322237 16.1101 0.654777 -0.614044 0.440701 20.3936 -0.0544748 0.543219 0.837822 -11.3724
-0.83247 -0.460865 0.307567 13.5654 0.553803 -0.674854 0.487723 22.3457 -0.0172112 0.576347 0.817024 -11.4602
-0.859783 -0.333594 0.386636 10.799 0.505116 -0.666821 0.547912 24.141 0.0750371 0.666382 0.741825 -11.6244
-0.898819 -0.257425 0.354762 7.91694 0.430398 -0.671509 0.603186 25.7164 0.0829505 0.694844 0.71436 -11.2469
-0.989814 -0.120932 0.0751277 4.79507 0.13573 -0.64231 0.754331 26.9363 -0.0429679 0.756844 0.652181 -11.0241
-0.996976 0.0131972 0.0765764 1.28977 0.0474288 -0.677261 0.734212 27.285 0.0615517 0.735624 0.674588 -11.2945
-0.997723 0.059117 0.0324708 -2.05707 -0.0232043 -0.752891 0.657736 27.2711 0.0633303 0.655484 0.752549 -11.086
-0.982039 0.175744 0.0686481 -5.28728 -0.0937147 -0.770131 0.630964 27.165 0.163756 0.613199 0.772769 -10.8664
-0.960259 0.277673 0.0282975 -8.5897 -0.217504 -0.807985 0.547588 26.8132 0.174914 0.519672 0.836269 -10.5112
-0.921091 0.379377 -0.0875466 -11.711 -0.361648 -0.750359 0.553328 25.8971 0.144229 0.541327 0.82835 -10.0713
-0.864022 0.472121 -0.174834 -14.7349 -0.489992 -0.708819 0.507428 24.4348 0.115642 0.524096 0.843771 -9.76919
-0.79297 0.543212 -0.275896 -17.5805 -0.604284 -0.643474 0.469874 22.7971 0.0777092 0.539316 0.838511 -9.5698
-0.67539 0.651368 -0.345786 -20.1234 -0.736071 -0.566646 0.370286 20.6758 0.0452542 0.504611 0.86216 -9.35301
-0.633796 0.678734 -0.370977 -22.3771 -0.772154 -0.526884 0.355207 17.9407 0.0456294 0.51158 0.858023 -9.28996
-0.482544 0.772468 -0.412848 -24.3086 -0.875827 -0.4208 0.236335 15.2152 0.00883466 0.475626 0.879603 -9.10267
-0.388976 0.791697 -0.471077 -25.643 -0.921121 -0.342697 0.184646 12.0549 -0.0152532 0.505742 0.86255 -9.06362
-0.259027 0.806902 -0.530862 -26.8098 -0.961549 -0.163496 0.220664 8.80912 0.0912608 0.567608 0.818225 -9.03045
-0.135262 0.840834 -0.52412 -27.4255 -0.987808 -0.0732955 0.137341 5.59795 0.0770653 0.536307 0.840497 -8.80537
-0.0583171 0.829172 -0.555943 -27.7643 -0.993461 0.00655234 0.113984 2.04808 0.0981553 0.558955 0.823368 -8.41001
0.0527468 0.824523 -0.563365 -27.7852 -0.990474 0.115053 0.075652 -1.25296 0.127194 0.554008 0.822738 -8.17283
0.190497 0.80635 -0.559921 -27.3484 -0.969582 0.24384 0.0212852 -4.67529 0.153694 0.538834 0.828273 -7.80172
0.320195 0.765172 -0.558558 -26.7138 -0.926591 0.37571 -0.0164825 -7.87223 0.197244 0.522832 0.829302 -7.44291
0.502743 0.77481 -0.383299 -25.3855 -0.863606 0.469614 -0.183434 -11.1085 0.0378761 0.42324 0.905226 -6.8599
0.5919 0.690884 -0.415131 -23.6586 -0.805176 0.530268 -0.265532 -14.0665 0.0366783 0.491422 0.870149 -6.85637
0.676945 0.559102 -0.478696 -21.6219 -0.723456 0.625149 -0.292917 -16.6262 0.135486 0.544604 0.827677 -6.79324
0.713778 0.561498 -0.418617 -19.0757 -0.691404 0.660261 -0.293284 -19.1272 0.111718 0.498774 0.859502 -6.65821
0.815141 0.506832 -0.280477 -16.3265 -0.578689 0.734048 -0.355376 -21.5514 0.0257677 0.451991 0.89165 -6.27889
0.9053 0.326869 -0.271273 -13.5095 -0.420819 0.77709 -0.468019 -23.3707 0.0578223 0.537854 0.841052 -6.26815
0.946248 0.26296 -0.188325 -10.2802 -0.322058 0.819813 -0.473482 -24.7345 0.0298846 0.508683 0.860435 -6.04363
0.973468 0.190806 -0.126303 -6.88149 -0.228819 0.814641 -0.532919 -25.821 0.00120793 0.54768 0.836687 -5.95249
0.992809 0.0878008 -0.0813655 -3.5034 -0.116808 0.85922 -0.498093 -26.46 0.026178 0.504015 0.863298 -5.92446
0.999539 -0.00351701 -0.0301637 0.0298606 -0.0107199 0.888465 -0.458819 -26.6132 0.0284131 0.458931 0.888018 -5.87927
0.982591 -0.133329 0.129379 3.62968 0.175855 0.892088 -0.416238 -26.5306 -0.0599205 0.431744 0.900004 -5.82947
0.965005 -0.244596 0.09454 7.05701 0.262072 0.886997 -0.380204 -25.807 0.00913979 0.391675 0.920058 -5.8636
0.892389 -0.361941 0.26952 10.5395 0.444092 0.810448 -0.382042 -24.6542 -0.0801549 0.460622 0.88397 -5.91161
0.830463 -0.393049 0.394769 13.6521 0.540868 0.738578 -0.402447 -23.0326 -0.133387 0.547735 0.82595 -6.25201
0.735124 -0.495279 0.462917 16.3667 0.653238 0.700119 -0.288295 -21.0121 -0.18131 0.514327 0.838209 -6.82269
0.755857 -0.540733 0.369171 19.0902 0.649819 0.688535 -0.321956 -18.5822 -0.0800954 0.483247 0.871813 -7.50523
0.637919 -0.602097 0.480144 21.5289 0.763276 0.577167 -0.290325 -16.1906 -0.102319 0.551686 0.827752 -7.81386
0.519149 -0.679916 0.517879 23.6226 0.848941 0.480342 -0.220388 -13.1012 -0.0989138 0.554063 0.826578 -8.35425
0.404968 -0.751736 0.520475 25.2588 0.91312 0.361797 -0.187921 -10.0629 -0.0470392 0.551358 0.832941 -8.57763
0.271431 -0.818086 0.507011 26.6803 0.954813 0.295147 -0.0349315 -6.80249 -0.121066 0.493582 0.861231 -8.61408
0.100211 -0.840446 0.532549 27.443 0.975009 0.189614 0.115772 -3.40728 -0.198279 0.507639 0.838444 -9.27135
0.0284656 -0.841782 0.539066 27.6534 0.992467 0.0880891 0.0851485 0.24526 -0.119162 0.532582 0.837948 -10.0173
-0.0940681 -0.768557 0.632829 27.503 0.98624 0.0148595 0.164648 3.72678 -0.135945 0.639609 0.756584 -10.4782
-0.268205 -0.751047 0.603319 26.9546 0.95956 -0.152685 0.2365 7.21351 -0.0855052 0.642351 0.761626 -10.9776
-0.350802 -0.736138 0.578826 25.7566 0.931717 -0.212302 0.294672 10.4507 -0.0940334 0.642673 0.760348 -11.3986
-0.460212 -0.70854 0.534954 24.3087 0.885649 -0.324379 0.332272 13.7154 -0.0618999 0.626697 0.776801 -11.842
-0.574295 -0.735879 0.358702 22.5046 0.811659 -0.454688 0.366701 16.8567 -0.10675 0.501738 0.858408 -12.2556
-0.647636 -0.691614 0.319748 20.3512 0.750738 -0.507477 0.422917 19.684 -0.13023 0.513943 0.847881 -12.5949
-0.810288 -0.525923 0.258532 17.95 0.57614 -0.634187 0.515626 22.2279 -0.107222 0.566756 0.816879 -13.0669
-0.849144 -0.464809 0.250813 15.0478 0.523005 -0.673803 0.521973 24.2524 -0.0736192 0.574407 0.815253 -13.48
-0.888199 -0.330361 0.319318 11.8739 0.458123 -0.689741 0.560697 26.1567 0.0350141 0.644298 0.763973 -13.6451
-0.923116 -0.250191 0.291994 8.49337 0.382313 -0.678445 0.627335 27.6384 0.0411484 0.690736 0.721935 -13.5886
-0.974369 -0.166249 0.151548 5.10095 0.224612 -0.681672 0.696328 28.8018 -0.0124574 0.71252 0.701542 -13.4444
-0.996045 -0.00679509 0.0885898 1.50993 0.0690503 -0.686666 0.723686 29.4028 0.0559141 0.726941 0.684419 -13.6348
-0.990192 0.0717338 0.119893 -2.18963 0.0343992 -0.706541 0.706836 29.4588 0.135413 0.704028 0.697143 -13.3524
-0.979885 0.183076 0.0794263 -5.84916 -0.0917618 -0.766771 0.635328 29.4826 0.177215 0.61526 0.768147 -12.8612
-0.9652 0.260735 -0.0201333 -9.36026 -0.225494 -0.790802 0.56902 29.2202 0.132442 0.553759 0.822077 -12.3043
-0.922572 0.364151 -0.127498 -12.892 -0.373424 -0.759644 0.532443 28.2107 0.0970366 0.538827 0.836809 -11.7915
-0.866993 0.439758 -0.234383 -16.1747 -0.486638 -0.645923 0.588189 26.6369 0.107268 0.624016 0.774014 -11.5181
-0.832395 0.510379 -0.215942 -19.2986 -0.537174 -0.647282 0.540805 24.532 0.13624 0.566162 0.812957 -11.2847
-0.674798 0.631409 -0.382062 -22.1414 -0.733939 -0.519897 0.437082 22.3508 0.0773448 0.575352 0.814241 -10.872
-0.598752 0.653563 -0.462981 -24.464 -0.798854 -0.445672 0.403992 19.5455 0.0576973 0.611745 0.788948 -10.8333
-0.4139 0.714889 -0.563578 -26.6422 -0.910205 -0.334935 0.243608 16.4465 -0.0146096 0.613801 0.789326 -10.6074
-0.372335 0.79672 -0.476029 -27.92 -0.927917 -0.309425 0.20791 12.9223 0.0183508 0.519128 0.8545 -10.6163
-0.274518 0.806602 -0.523482 -29.1376 -0.960766 -0.207655 0.183869 9.40512 0.0396054 0.553419 0.831961 -10.7446
-0.144776 0.806818 -0.572786 -29.8663 -0.988042 -0.0868576 0.127389 5.89192 0.0530285 0.58438 0.809746 -10.5306
-0.0948838 0.79292 -0.601893 -30.1115 -0.990676 -0.0158337 0.135314 2.06555 0.0977627 0.60912 0.78703 -10.2302
0.0832811 0.774797 -0.626701 -30.2318 -0.992876 0.118288 0.0142986 -1.59363 0.0852095 0.621046 0.779128 -9.85657
0.155986 0.732252 -0.66293 -29.6606 -0.97584 0.218189 0.0113921 -5.32525 0.152986 0.645136 0.748595 -9.5236
0.273162 0.656174 -0.703433 -29.0412 -0.946363 0.314485 -0.0741415 -8.95962 0.172569 0.685955 0.706884 -8.96571
0.527534 0.628119 -0.571992 -27.8083 -0.849492 0.383318 -0.362534 -12.4765 -0.00845945 0.677151 0.735795 -8.3611
0.577613 0.576569 -0.577868 -25.6448 -0.814764 0.450757 -0.364661 -15.5545 0.0502258 0.681459 0.730131 -8.44494
0.662093 0.524983 -0.534814 -23.2818 -0.745294 0.536057 -0.39646 -18.5946 0.0785556 0.661087 0.746186 -8.50264
0.723455 0.414735 -0.551912 -20.6674 -0.662809 0.640893 -0.387221 -21.2032 0.193122 0.64595 0.738548 -8.29784
0.820306 0.428945 -0.37829 -17.8282 -0.571914 0.611196 -0.547133 -23.6818 -0.00348018 0.665166 0.746688 -7.74993
0.892107 0.345241 -0.291466 -14.534 -0.45124 0.713541 -0.535949 -25.6264 0.0229416 0.609645 0.792342 -7.79785
0.926686 0.266468 -0.265044 -11.0672 -0.36953 0.774652 -0.513188 -27.1952 0.0685689 0.573506 0.816327 -7.67282
0.969091 0.175783 -0.173097 -7.49557 -0.241449 0.819824 -0.519221 -28.2808 0.0506394 0.544966 0.836927 -7.56954
0.99235 0.0725968 -0.0998585 -3.68533 -0.116226 0.822117 -0.557328 -28.9708 0.0416352 0.564671 0.824266 -7.46626
0.995439 -0.0227829 -0.0926414 0.121156 -0.0396047 0.78475 -0.618545 -29.3104 0.0867926 0.619393 0.780269 -7.34243
0.984226 -0.122567 0.127576 4.02835 0.174722 0.786568 -0.59227 -29.2246 -0.0277545 0.605218 0.795576 -7.12644
0.937224 -0.249956 0.243173 7.81032 0.343825 0.778838 -0.524591 -28.5624 -0.0582677 0.575268 0.815887 -7.07684
0.90747 -0.274316 0.318198 11.4347 0.408829 0.751011 -0.5185 -27.2059 -0.0967374 0.600611 0.793667 -7.38014
0.847295 -0.345293 0.403564 14.8978 0.510131 0.740579 -0.437389 -25.2504 -0.147844 0.576468 0.803634 -7.9052
0.783714 -0.465184 0.411577 17.9719 0.613931 0.680698 -0.399674 -23.1358 -0.0942377 0.56591 0.819064 -8.52078
0.695327 -0.547198 0.465934 20.8234 0.711685 0.61456 -0.340324 -20.599 -0.10012 0.568235 0.816753 -9.10627
0.568834 -0.649966 0.503956 23.3248 0.818736 0.50569 -0.271936 -17.8354 -0.0780967 0.567293 0.819804 -9.6731
0.547737 -0.62689 0.55407 25.5094 0.832717 0.472627 -0.288455 -14.5822 -0.081039 0.619381 0.780897 -10.0718
0.438061 -0.668011 0.60155 27.5455 0.898688 0.309425 -0.310832 -11.2045 0.0215042 0.676769 0.735881 -10.2557
0.221323 -0.702863 0.676018 29.1906 0.963262 0.2657 -0.039113 -7.6549 -0.152127 0.659839 0.735847 -10.2697
0.0829915 -0.772343 0.629761 29.9739 0.977265 0.186798 0.100303 -3.94504 -0.195106 0.607119 0.770286 -10.9658
-0.0544856 -0.782792 0.619894 30.2009 0.993857 0.0173767 0.109298 -0.0604637 -0.0963294 0.622041 0.777036 -11.8284
-0.135601 -0.731941 0.667739 29.8634 0.981726 -0.00843857 0.190114 3.78613 -0.133517 0.681316 0.71971 -12.4504
-0.25181 -0.735719 0.628737 29.1846 0.961709 -0.117594 0.247564 7.56235 -0.108202 0.667001 0.737158 -13.0726
-0.363915 -0.71244 0.599997 27.969 0.927273 -0.216305 0.305575 11.1032 -0.0879212 0.667564 0.739343 -13.53
-0.422885 -0.656964 0.624152 26.5711 0.906093 -0.316245 0.28104 14.7157 0.0127516 0.684388 0.729006 -13.8633
-0.574016 -0.649897 0.498136 24.8398 0.813622 -0.384082 0.436464 18.1648 -0.0923316 0.655832 0.749239 -13.9028
-0.68081 -0.642558 0.351592 22.4201 0.724367 -0.519487 0.453239 21.2521 -0.108585 0.563251 0.81912 -14.3454
-0.788619 -0.512443 0.339826 19.5671 0.610353 -0.585443 0.533597 23.9648 -0.0744893 0.628218 0.774463 -14.9675
-0.846083 -0.449209 0.286976 16.339 0.529357 -0.644784 0.551393 26.2531 -0.0626528 0.618437 0.783333 -15.3236
-0.928219 -0.291671 0.230951 12.959 0.372032 -0.72505 0.579565 28.2348 -0.00159131 0.623884 0.781515 -15.549
-0.931569 -0.271562 0.241729 9.27004 0.362969 -0.656672 0.661086 29.5098 -0.0207885 0.703588 0.710304 -15.5738
-0.983996 -0.116376 0.134941 5.57221 0.178175 -0.653219 0.735906 30.7588 0.00250423 0.748172 0.6635 -15.6318
-0.9944 -0.0616493 0.0858316 1.6122 0.104489 -0.695038 0.71134 31.3981 0.0158026 0.716325 0.697587 -15.804
-0.981128 0.0671047 0.181342 -2.43467 0.0796304 -0.714402 0.69519 31.6083 0.176202 0.69651 0.695576 -15.5811
-0.985537 0.118096 0.12153 -6.36632 -0.020434 -0.794751 0.606591 31.821 0.168222 0.595335 0.78567 -14.7969
-0.969684 0.234229 -0.0696423 -10.1725 -0.227919 -0.76414 0.603442 31.5502 0.0881273 0.601021 0.79436 -14.0754
-0.919995 0.36602 -0.14014 -13.8881 -0.376195 -0.724377 0.577716 30.4758 0.109941 0.584215 0.804118 -13.702
-0.858905 0.431792 -0.275387 -17.4708 -0.510743 -0.68257 0.522724 28.7346 0.0377375 0.589622 0.806797 -13.2883
-0.808855 0.500985 -0.307842 -20.8152 -0.583247 -0.617082 0.528235 26.6164 0.0746743 0.606814 0.791328 -13.0422
-0.694803 0.53851 -0.476714 -23.925 -0.719197 -0.518152 0.462899 23.9662 0.00226562 0.664474 0.747308 -12.7567
-0.560737 0.631808 -0.535156 -26.5916 -0.827369 -0.402452 0.391781 20.996 0.0321561 0.662458 0.748408 -12.7095
-0.467294 0.660496 -0.587692 -28.7839 -0.883188 -0.318529 0.344264 17.5187 0.0401879 0.679915 0.732189 -12.5477
-0.333788 0.723008 -0.604852 -30.4298 -0.940912 -0.294472 0.167247 13.7977 -0.0571904 0.624937 0.778578 -12.3576
-0.254781 0.724783 -0.640137 -31.6031 -0.96698 -0.186861 0.173298 9.9142 0.00598672 0.663153 0.74846 -12.4835
-0.101578 0.750971 -0.652475 -32.2914 -0.993088 -0.0377787 0.111124 6.0834 0.0588009 0.659253 0.749618 -12.3636
-0.0497675 0.767217 -0.639454 -32.5361 -0.990886 0.042314 0.127887 2.0224 0.125175 0.63999 0.758118 -12.2119
0.11583 0.775411 -0.620742 -32.5628 -0.989535 0.144223 -0.00448857 -1.81525 0.0860446 0.614766 0.784002 -11.7618
0.172603 0.726791 -0.664819 -31.8449 -0.97313 0.230256 -0.000928907 -5.95461 0.152403 0.647115 0.747004 -11.6506
0.323591 0.645378 -0.691936 -31.1015 -0.928078 0.358914 -0.0992608 -9.87119 0.184285 0.67429 0.715102 -11.2634
0.546841 0.665538 -0.507961 -29.6906 -0.836935 0.418257 -0.352989 -13.6281 -0.022469 0.618159 0.785732 -10.5781
0.598339 0.591921 -0.540019 -27.3054 -0.8002 0.475829 -0.365057 -16.9499 0.040872 0.650551 0.758362 -10.6494
0.707251 0.529295 -0.468661 -24.8303 -0.706822 0.542657 -0.453792 -20.1869 0.0141328 0.652205 0.757911 -10.3244
0.736892 0.443915 -0.509832 -21.969 -0.668185 0.592715 -0.449687 -23.0368 0.102562 0.672033 0.733384 -10.3516
0.841944 0.370855 -0.391914 -18.9338 -0.537448 0.640695 -0.548324 -25.7064 0.0477484 0.672291 0.738745 -9.9196
0.87669 0.355291 -0.324319 -15.4137 -0.480281 0.684698 -0.548196 -27.7967 0.0272917 0.636362 0.770907 -9.74556
0.945179 0.230172 -0.231642 -11.9338 -0.321931 0.77571 -0.542802 -29.6295 0.0547491 0.587618 0.807284 -9.58265
0.978861 0.112136 -0.171044 -8.06634 -0.187677 0.824865 -0.533269 -30.7091 0.0812895 0.554097 0.828474 -9.38085
0.992502 0.106811 -0.0594234 -3.88742 -0.120958 0.78842 -0.603127 -31.4031 -0.0175698 0.605793 0.795428 -9.35511
0.998869 0.00498732 -0.0472836 0.28778 -0.0329863 0.788906 -0.613627 -31.6835 0.034242 0.614493 0.788179 -9.24434
0.990579 -0.120158 0.0656913 4.37898 0.132168 0.7133 -0.688284 -31.7428 0.0358454 0.690482 0.722461 -9.01405
0.951059 -0.129064 0.280766 8.54351 0.293328 0.662843 -0.68891 -30.9675 -0.0971902 0.737551 0.668261 -8.95899
0.869994 -0.265811 0.415277 12.3037 0.470044 0.701457 -0.53574 -29.5292 -0.148893 0.661289 0.735206 -9.31274
0.875251 -0.308097 0.372843 15.9552 0.467162 0.738178 -0.486675 -27.4202 -0.125282 0.600141 0.790022 -9.73933
0.777127 -0.46078 0.428666 19.3596 0.626265 0.633483 -0.454413 -25.2929 -0.0621677 0.621596 0.780867 -10.3084
0.696475 -0.496755 0.517839 22.4845 0.706301 0.602019 -0.372441 -22.409 -0.126737 0.625146 0.770149 -10.8716
0.6191 -0.586357 0.522399 25.3209 0.777085 0.553449 -0.299723 -19.4521 -0.113376 0.591507 0.798289 -11.4936
0.525418 -0.646174 0.55353 27.5702 0.846541 0.46236 -0.263802 -16.0371 -0.0854683 0.607192 0.789945 -12.009
0.409457 -0.69454 0.591573 29.5615 0.911213 0.343397 -0.227527 -12.2493 -0.0451177 0.632212 0.773481 -12.3821
0.288383 -0.717756 0.633768 31.2114 0.953868 0.273067 -0.124783 -8.38819 -0.0834974 0.640516 0.763392 -12.467
0.123872 -0.722537 0.680144 32.2213 0.974629 0.217363 0.0534048 -4.40966 -0.186425 0.656273 0.731131 -12.9144
-0.0620557 -0.714198 0.697187 32.5627 0.978715 0.0933644 0.182756 -0.24064 -0.195617 0.693689 0.693203 -13.7782
-0.106964 -0.660875 0.742834 32.1278 0.985709 0.0273047 0.166228 3.82368 -0.130139 0.749999 0.64851 -14.5724
-0.227461 -0.69131 0.685822 31.4073 0.968897 -0.0901787 0.230446 7.89637 -0.0974634 0.716909 0.690321 -15.2963
-0.341898 -0.642817 0.685487 30.197 0.939048 -0.20576 0.275414 11.7074 -0.0359949 0.737868 0.673985 -15.6777
-0.399237 -0.644347 0.652247 28.5748 0.916846 -0.279164 0.285414 15.6671 -0.00182199 0.711958 0.702219 -15.9147
-0.523179 -0.58924 0.615695 26.7306 0.851055 -0.323435 0.413636 19.3768 -0.0445938 0.740396 0.67069 -16.0386
-0.68942 -0.549859 0.471546 24.1834 0.71974 -0.446578 0.531546 22.7792 -0.0816934 0.705849 0.703636 -16.2875
-0.776929 -0.482524 0.404416 20.9786 0.626309 -0.526871 0.574581 25.699 -0.0641745 0.699698 0.711551 -16.8227
-0.848085 -0.420512 0.322367 17.5565 0.525522 -0.589868 0.613093 28.2537 -0.0676588 0.689366 0.721247 -17.1857
-0.919728 -0.312355 0.237772 13.9035 0.390328 -0.663213 0.638587 30.2162 -0.0417725 0.680135 0.731896 -17.4952
-0.95771 -0.205704 0.201191 9.97508 0.28718 -0.639881 0.712797 31.6551 -0.0178868 0.740431 0.671894 -17.8102
-0.974001 -0.089628 0.208058 5.88529 0.219742 -0.597125 0.771463 32.695 0.0550922 0.797125 0.601295 -18.0169
-0.988294 -0.0177294 0.151526 1.9681 0.123739 -0.674122 0.728181 33.409 0.0892369 0.738407 0.668425 -17.9693
-0.959953 0.0685012 0.271657 -2.41322 0.140299 -0.721762 0.677773 33.8226 0.2425 0.688743 0.683247 -17.7041
-0.98369 0.162191 0.0777684 -6.70662 -0.0611754 -0.708253 0.703303 34.2298 0.169149 0.687075 0.706624 -16.731
-0.976196 0.212595 -0.0429515 -10.6896 -0.175031 -0.655243 0.734861 33.7157 0.128084 0.724886 0.676857 -16.0106
-0.918771 0.357385 -0.16774 -14.9322 -0.368061 -0.621719 0.691373 32.6704 0.142799 0.696951 0.702757 -15.5613
-0.841955 0.396332 -0.366105 -18.9101 -0.538627 -0.577776 0.613234 30.8658 0.0315178 0.713509 0.699937 -15.025
-0.763909 0.494461 -0.41467 -22.341 -0.645311 -0.58137 0.495562 28.3025 0.00395893 0.646156 0.763195 -14.9855
-0.670843 0.55792 -0.488565 -25.5513 -0.741592 -0.501721 0.445328 25.4811 0.00333366 0.661061 0.750325 -15.0592
-0.578292 0.601358 -0.551314 -28.3816 -0.813722 -0.376618 0.442737 22.0105 0.0586087 0.704647 0.707133 -15.0261
-0.530853 0.634368 -0.561936 -30.6376 -0.846408 -0.363795 0.388904 18.4148 0.0422787 0.682078 0.730056 -14.6797
-0.348404 0.689337 -0.635161 -32.5758 -0.937336 -0.253327 0.239221 14.6064 0.00399994 0.678705 0.7344 -14.4248
-0.214332 0.723866 -0.655804 -33.7975 -0.975822 -0.12925 0.176257 10.5059 0.0428241 0.677726 0.734067 -14.5409
-0.15465 0.730703 -0.664948 -34.4635 -0.986119 -0.0729894 0.149138 6.28947 0.0604417 0.678782 0.731848 -14.422
-0.0541064 0.711332 -0.700771 -34.8864 -0.995223 0.0186944 0.0958172 1.91787 0.0812583 0.702608 0.706922 -14.1823
0.180644 0.670987 -0.719127 -34.9889 -0.983524 0.128425 -0.127231 -2.39313 0.00698355 0.730262 0.683131 -13.812
0.234193 0.707762 -0.666503 -33.9972 -0.964209 0.256759 -0.0661464 -6.63408 0.124315 0.65814 0.742562 -13.8225
0.343346 0.666369 -0.661865 -32.9582 -0.928308 0.347831 -0.131366 -10.8284 0.142679 0.659519 0.738023 -13.297
0.515366 0.646256 -0.562807 -31.3781 -0.856937 0.382805 -0.345138 -14.8264 -0.00760226 0.660162 0.751085 -12.6996
0.554835 0.64238 -0.528683 -28.98 -0.829028 0.480205 -0.286561 -18.3508 0.0697954 0.597287 0.798985 -12.7897
0.594117 0.599841 -0.535926 -26.227 -0.802533 0.487141 -0.344434 -21.7475 0.0544657 0.634732 0.77081 -12.503
0.743509 0.483905 -0.461552 -23.4349 -0.665408 0.604019 -0.438627 -24.8734 0.0665326 0.633244 0.771087 -12.3816
0.827312 0.365046 -0.426962 -20.1012 -0.553623 0.658617 -0.509633 -27.6716 0.0951648 0.658001 0.746979 -12.0992
0.865787 0.347347 -0.360226 -16.3578 -0.495938 0.691639 -0.525054 -29.8929 0.0667707 0.633235 0.771074 -11.8206
0.934415 0.309651 -0.176028 -12.5865 -0.353274 0.742605 -0.568978 -31.9495 -0.0454651 0.593847 0.803292 -11.4983
0.976167 0.126017 -0.176686 -8.44717 -0.208706 0.76831 -0.605097 -33.1576 0.0594975 0.627551 0.776299 -11.3781
0.999663 0.024578 -0.00831892 -4.17316 -0.0231922 0.702567 -0.711239 -33.8668 -0.0116362 0.711193 0.702901 -11.2139
0.999066 0.0195065 -0.0385643 0.268649 -0.0409617 0.711906 -0.701079 -34.0036 0.0137785 0.702004 0.71204 -11.3007
0.990491 -0.107261 0.0861517 4.70696 0.137131 0.719433 -0.68089 -33.7518 0.0110526 0.68623 0.727301 -11.2775
0.957978 -0.187449 0.217121 9.08697 0.284841 0.710914 -0.643014 -33.0055 -0.0338217 0.677838 0.734433 -11.3174
0.917131 -0.272783 0.29062 13.091 0.393993 0.730794 -0.557413 -31.4347 -0.0603309 0.625723 0.777709 -11.4485
0.851061 -0.344548 0.396209 16.936 0.517379 0.678938 -0.520924 -29.552 -0.0895184 0.648329 0.75608 -11.789
0.786592 -0.394843 0.474734 20.7613 0.611897 0.601535 -0.513553 -27.136 -0.0827962 0.694445 0.714766 -12.2848
0.719971 -0.428252 0.546116 23.9564 0.685477 0.561795 -0.46315 -24.2904 -0.10846 0.707804 0.698033 -12.7815
0.586626 -0.592201 0.552421 27.0157 0.803206 0.512687 -0.303334 -21.0113 -0.103584 0.621652 0.776415 -13.3842
0.56914 -0.553404 0.608131 29.3167 0.811271 0.498355 -0.305748 -17.3143 -0.133863 0.667372 0.732595 -13.9783
0.439297 -0.653708 0.616184 31.6312 0.897482 0.349358 -0.269211 -13.4073 -0.0392836 0.671278 0.740164 -14.4573
0.297005 -0.628389 0.718969 33.3737 0.948896 0.278365 -0.148693 -9.25228 -0.106699 0.726389 0.678951 -14.6258
0.0608196 -0.672478 0.737614 34.5189 0.973744 0.202385 0.104223 -4.97471 -0.21937 0.711909 0.66713 -15.1035
-0.0434094 -0.681118 0.730885 34.5608 0.990873 0.0640952 0.118582 -0.73379 -0.127614 0.729363 0.67212 -16.161
-0.0990746 -0.66561 0.739695 34.196 0.983355 0.0482881 0.175162 3.70431 -0.152308 0.744736 0.649746 -16.8328
-0.201049 -0.638374 0.743006 33.4639 0.975445 -0.0608401 0.211673 8.14469 -0.0899216 0.767318 0.63493 -17.4922
-0.357785 -0.601365 0.714388 32.1948 0.932252 -0.185935 0.310379 12.3128 -0.0538212 0.777038 0.627148 -17.9021
-0.410939 -0.632753 0.656318 30.4432 0.91083 -0.254193 0.325229 16.3241 -0.0389582 0.731444 0.680788 -18.111
-0.53833 -0.590291 0.601463 28.4959 0.842164 -0.350567 0.40971 20.3037 -0.0309957 0.72709 0.685842 -18.3658
-0.692547 -0.521443 0.498473 25.7435 0.709074 -0.365017 0.603305 24.1939 -0.132638 0.771271 0.622533 -18.5929
-0.763059 -0.505266 0.403048 22.3255 0.633531 -0.461225 0.621217 27.2675 -0.127984 0.729368 0.672043 -19.0677
-0.832904 -0.405436 0.376687 18.671 0.544569 -0.479199 0.688341 30.0063 -0.0985703 0.778453 0.619915 -19.5266
-0.908802 -0.349695 0.227581 14.7822 0.398099 -0.563511 0.72386 32.1332 -0.124886 0.748445 0.651333 -19.8641
-0.975501 -0.178661 0.128367 10.6661 0.213224 -0.624184 0.751618 33.5944 -0.0541604 0.760575 0.646987 -20.2911
-0.969595 -0.137958 0.202121 6.16046 0.243336 -0.631094 0.736552 34.3882 0.0259438 0.76334 0.645475 -20.537
-0.981206 -0.0806065 0.175322 1.88041 0.185921 -0.638142 0.747133 35.3421 0.0516563 0.765687 0.641135 -20.3095
-0.973217 0.0931212 0.210184 -2.56668 0.086928 -0.697334 0.711456 36.0308 0.21282 0.710672 0.670562 -19.8408
-0.989984 0.134906 0.041621 -7.00768 -0.0594015 -0.665465 0.744061 36.3386 0.128076 0.734136 0.666814 -18.8457
-0.967622 0.23211 -0.0991621 -11.5083 -0.221309 -0.591284 0.775504 35.7443 0.121369 0.77234 0.623507 -18.3557
-0.913351 0.333238 -0.233969 -15.9243 -0.394743 -0.583795 0.70948 34.5063 0.0998357 0.740362 0.664753 -17.9015
-0.854286 0.375668 -0.359262 -20.0822 -0.51773 -0.553272 0.652569 32.6161 0.0463799 0.743481 0.667147 -17.3533
-0.784152 0.451396 -0.425849 -23.8674 -0.617318 -0.497255 0.609636 30.0211 0.063432 0.740932 0.668578 -17.064
-0.664836 0.492577 -0.56157 -27.2921 -0.746909 -0.449371 0.490094 26.9366 -0.0109441 0.745274 0.666669 -16.9422
-0.587212 0.591721 -0.552311 -30.2618 -0.808108 -0.389548 0.44183 23.3347 0.0462886 0.705775 0.706922 -17.0558
-0.503652 0.632567 -0.588382 -32.6587 -0.863743 -0.355449 0.357218 19.5442 0.0168244 0.688124 0.725398 -16.8622
-0.320561 0.666213 -0.673351 -34.7711 -0.946532 -0.198048 0.254666 15.4946 0.036306 0.718984 0.694078 -16.7791
-0.22836 0.701592 -0.674996 -35.8902 -0.973113 -0.143092 0.180487 10.9208 0.0300413 0.698064 0.715405 -16.6996
-0.128286 0.705646 -0.696855 -36.6738 -0.991002 -0.0641528 0.117474 6.45367 0.0381902 0.705655 0.707526 -16.5352
-0.00632289 0.714819 -0.699281 -36.8921 -0.998723 0.0305323 0.0402411 1.86166 0.0501158 0.698643 0.713713 -16.4102
0.071417 0.644722 -0.761073 -36.717 -0.993803 0.111151 0.000902813 -2.83561 0.0851762 0.756293 0.648665 -16.0554
0.191325 0.671143 -0.716214 -36.0262 -0.975397 0.211429 -0.0624369 -7.32905 0.109525 0.710538 0.695082 -15.7794
0.292679 0.664341 -0.687743 -35.0183 -0.951752 0.271774 -0.142506 -11.7579 0.0922378 0.696269 0.71183 -15.2168
0.471215 0.649437 -0.596814 -33.4314 -0.881043 0.378388 -0.283876 -15.9386 0.0414678 0.659586 0.750485 -14.9019
0.6069 0.598331 -0.523138 -30.9786 -0.791641 0.513514 -0.33107 -19.814 0.0705491 0.615064 0.785315 -14.7201
0.690873 0.531212 -0.490416 -28.105 -0.721616 0.548262 -0.422705 -23.3296 0.0443303 0.645928 0.76211 -14.376
0.717452 0.528212 -0.454152 -24.8331 -0.695615 0.578033 -0.426612 -26.5951 0.0371732 0.621989 0.782143 -14.2679
0.812182 0.396876 -0.427609 -21.2459 -0.577868 0.647997 -0.496154 -29.5198 0.0801777 0.650069 0.755633 -14.0949
0.821971 0.345845 -0.452499 -17.3394 -0.560158 0.634468 -0.53261 -32.0482 0.102896 0.691261 0.715242 -13.8676
0.931525 0.268516 -0.245275 -13.4712 -0.363652 0.679825 -0.636864 -34.1446 -0.00426408 0.68245 0.73092 -13.4455
0.981135 0.147676 -0.124766 -9.08595 -0.193227 0.728443 -0.657293 -35.4417 -0.00618125 0.669001 0.743236 -13.4578
0.994932 0.0314317 -0.0955093 -4.32768 -0.0866296 0.750161 -0.655556 -36.0528 0.0510421 0.660508 0.749082 -13.578
0.998852 -0.0434447 -0.0201876 0.356352 0.0200766 0.76223 -0.646995 -36.3258 0.0434961 0.645847 0.762227 -13.5685
0.994882 -0.0852924 0.0541771 4.9767 0.0994659 0.732269 -0.673713 -35.9592 0.0177903 0.675653 0.737005 -13.3951
0.968275 -0.201662 0.147568 9.54089 0.248803 0.72305 -0.644435 -35.0589 0.0232593 0.660705 0.750285 -13.3583
0.922625 -0.247569 0.295759 13.8901 0.381213 0.701937 -0.601633 -33.5591 -0.0586589 0.667828 0.742 -13.351
0.857136 -0.324353 0.40014 18.0483 0.510079 0.642583 -0.571758 -31.5777 -0.0716718 0.694178 0.716227 -13.8491
0.762219 -0.389276 0.517191 21.8854 0.636195 0.597984 -0.487516 -28.9638 -0.119494 0.700628 0.70345 -14.481
0.76046 -0.391978 0.51774 25.2003 0.646086 0.536955 -0.54245 -25.8868 -0.0653747 0.747016 0.661584 -14.9806
0.571272 -0.407814 0.712275 28.717 0.809087 0.425657 -0.405209 -22.4473 -0.137935 0.807777 0.573123 -15.3572
0.526403 -0.45176 0.720287 31.0396 0.84814 0.338448 -0.407569 -18.5898 -0.0596563 0.825449 0.561315 -16.0202
0.436697 -0.497544 0.749497 33.4221 0.895506 0.319902 -0.309406 -14.4797 -0.085823 0.806295 0.585254 -16.4663
0.268221 -0.49469 0.826644 35.2164 0.96024 0.206267 -0.188132 -10.2196 -0.077442 0.844237 0.530346 -17.0137
0.0537799 -0.486208 0.872187 36.4268 0.977096 0.205719 0.0544308 -5.68361 -0.20589 0.849283 0.486135 -17.3448
-0.0150218 -0.604735 0.796285 36.4743 0.984207 0.131541 0.118465 -0.942758 -0.176384 0.785489 0.593208 -18.3362
-0.163962 -0.610344 0.774982 36.2321 0.980927 -0.01774 0.193563 3.64412 -0.104392 0.791938 0.601612 -19.1886
-0.217728 -0.605708 0.765319 35.1869 0.972606 -0.0692241 0.221913 8.2716 -0.0814356 0.79267 0.604187 -19.8835
-0.356804 -0.592434 0.722297 34.0636 0.933848 -0.205618 0.292658 12.7409 -0.0248632 0.778937 0.626609 -20.1874
-0.39788 -0.618147 0.677927 32.2542 0.91549 -0.219386 0.337266 17.1441 -0.0597522 0.754827 0.653197 -20.3873
-0.543438 -0.546241 0.637414 30.2012 0.837483 -0.30085 0.456192 21.3636 -0.0574247 0.781735 0.620961 -20.6959
-0.687585 -0.492259 0.533768 27.3063 0.721892 -0.384373 0.575439 25.2749 -0.0780989 0.780986 0.619647 -20.8941
-0.736992 -0.488772 0.466845 23.7202 0.66957 -0.43364 0.60302 28.5305 -0.0922967 0.757006 0.646857 -21.3989
-0.855497 -0.352656 0.379155 19.877 0.513774 -0.486884 0.706386 31.4561 -0.0645073 0.799111 0.597713 -22.0527
-0.911311 -0.280874 0.301034 15.7342 0.406296 -0.495237 0.767896 33.8408 -0.0665989 0.822101 0.565433 -22.3351
-0.983368 -0.153704 0.0967634 11.3482 0.16901 -0.579296 0.797403 35.4334 -0.0665092 0.800495 0.595638 -22.6995
-0.949994 -0.135052 0.281553 6.6511 0.30187 -0.627911 0.717358 36.1373 0.0799094 0.766478 0.63728 -23.0002
-0.962912 -0.0282205 0.268336 1.97563 0.234692 -0.578261 0.781367 37.2586 0.133117 0.815364 0.563437 -22.6254
-0.976915 0.0398678 0.209877 -2.76798 0.149929 -0.571893 0.80651 37.9674 0.152181 0.819359 0.552714 -21.9678
-0.991708 0.126447 -0.0229655 -7.57328 -0.0897407 -0.553435 0.828044 38.3742 0.0919936 0.823238 0.560193 -21.2004
-0.961602 0.261926 -0.0819551 -12.2208 -0.231571 -0.614081 0.754506 37.645 0.147297 0.744513 0.651156 -20.7096
-0.926253 0.302361 -0.225019 -16.8793 -0.366166 -0.580404 0.727361 36.2598 0.0893234 0.756114 0.648315 -20.1605
-0.865601 0.348828 -0.359241 -21.3098 -0.495802 -0.496619 0.712425 34.1425 0.0701077 0.794789 0.602823 -19.6804
-0.746006 0.440765 -0.499201 -25.2288 -0.665062 -0.454654 0.592437 31.522 0.0341619 0.773961 0.632311 -19.4412
-0.700889 0.434989 -0.565278 -28.7846 -0.712921 -0.45204 0.536101 28.087 -0.0223299 0.778745 0.626943 -19.2891
-0.572274 0.549209 -0.608993 -31.9641 -0.818254 -0.33313 0.468491 24.4186 0.0544259 0.766416 0.640034 -19.4001
-0.479406 0.569842 -0.667421 -34.5106 -0.8761 -0.266409 0.40184 20.3739 0.0511785 0.777372 0.626956 -19.182
-0.296979 0.614038 -0.731273 -36.7951 -0.952046 -0.131402 0.276301 16.0734 0.0735686 0.778261 0.623616 -19.0055
-0.199279 0.626994 -0.753104 -37.9252 -0.979827 -0.115685 0.162959 11.2704 0.0150512 0.770386 0.6374 -18.7665
-0.0856045 0.641985 -0.761923 -38.7536 -0.994184 -0.00489 0.10758 6.57842 0.0653386 0.766702 0.63867 -18.7025
-0.0340043 0.677532 -0.734706 -38.9388 -0.999368 -0.0306902 0.0179517 1.67203 -0.0103854 0.734852 0.678148 -18.4928
0.0448471 0.687237 -0.725047 -38.7348 -0.995147 0.0943677 0.0278927 -3.22438 0.08759 0.720277 0.688134 -18.5031
0.186493 0.678644 -0.710396 -38.2002 -0.974536 0.219416 -0.0462264 -7.93473 0.124501 0.700927 0.702283 -18.0661
0.306816 0.642013 -0.702626 -36.9602 -0.949558 0.256766 -0.180028 -12.6713 0.0648302 0.72242 0.688409 -17.4911
0.475286 0.6153 -0.628895 -35.3085 -0.874064 0.411916 -0.257561 -17.1249 0.100575 0.672109 0.73359 -17.0242
0.574983 0.553988 -0.602074 -32.8006 -0.813984 0.461643 -0.352585 -21.2667 0.0826149 0.692809 0.716373 -16.6547
0.693143 0.497826 -0.52127 -29.8195 -0.719657 0.518678 -0.461592 -25.0207 0.0405786 0.695085 0.717782 -16.3272
0.730238 0.496282 -0.469528 -26.2391 -0.68319 0.532392 -0.49981 -28.3506 0.0019265 0.685757 0.727828 -16.1603
0.816954 0.412812 -0.402706 -22.4505 -0.576695 0.58858 -0.566566 -31.4136 0.00313948 0.695097 0.718909 -16.1365
0.85011 0.292143 -0.43814 -18.3958 -0.514833 0.636014 -0.574833 -34.0439 0.11073 0.71424 0.691087 -16.0238
0.939161 0.219953 -0.263812 -14.2066 -0.341513 0.679981 -0.648841 -36.2011 0.0366723 0.699462 0.713728 -15.618
0.987789 0.108747 -0.111565 -9.63517 -0.155659 0.718989 -0.677367 -37.5769 0.00655257 0.686462 0.727137 -15.5803
0.990542 0.12468 -0.057291 -4.57646 -0.133819 0.785527 -0.604186 -38.295 -0.0303261 0.606138 0.794781 -15.6973
0.999781 -0.0196784 -0.00714003 0.255779 0.0102716 0.758345 -0.651773 -38.5573 0.0182405 0.651557 0.758381 -15.6206
0.986 -0.129568 0.104954 5.17496 0.166389 0.723599 -0.669865 -38.3102 0.0108479 0.67795 0.735028 -15.543
0.958818 -0.195664 0.205873 10.1099 0.28313 0.715853 -0.638273 -37.1803 -0.0224873 0.670276 0.741771 -15.4316
0.921773 -0.222514 0.317524 14.6422 0.381178 0.669967 -0.637062 -35.5847 -0.0709756 0.70826 0.702375 -15.7011
0.823786 -0.295884 0.48356 19.102 0.548947 0.629316 -0.550108 -33.6111 -0.141544 0.718619 0.680846 -15.9501
0.783948 -0.329495 0.526173 22.987 0.608427 0.576304 -0.545611 -30.7881 -0.12346 0.747868 0.652266 -16.7985
0.697598 -0.42199 0.579035 26.4635 0.711746 0.500984 -0.492374 -27.4779 -0.082311 0.755605 0.649835 -17.3935
0.593746 -0.423114 0.684427 29.842 0.788988 0.473152 -0.39195 -23.6677 -0.157998 0.772723 0.614764 -17.8583
0.540965 -0.48177 0.689387 32.5132 0.83531 0.403324 -0.373613 -19.6227 -0.0980506 0.777964 0.620611 -18.5759
0.393104 -0.476594 0.786338 34.9218 0.909191 0.329137 -0.255032 -15.4536 -0.137266 0.815185 0.5627 -19.1589
0.281297 -0.509996 0.812882 36.7304 0.956023 0.222221 -0.191411 -10.8494 -0.0830204 0.830977 0.550078 -19.6083
0.105027 -0.477969 0.872075 37.8817 0.984816 0.171879 -0.0244006 -6.12774 -0.138228 0.861396 0.488763 -20.1372
0.010089 -0.554442 0.832162 38.1733 0.987754 0.1351 0.0780373 -1.182 -0.155692 0.821184 0.549015 -20.8526
-0.167651 -0.547792 0.819644 37.9851 0.977496 0.0156147 0.210374 3.66523 -0.12804 0.836469 0.532847 -21.568
-0.220289 -0.573911 0.788732 37.1273 0.972293 -0.0643498 0.224733 8.48022 -0.0782221 0.816385 0.572185 -22.2704
-0.269336 -0.573808 0.773436 35.7547 0.962028 -0.123394 0.243465 13.2884 -0.0442648 0.809641 0.585254 -22.6063
-0.438768 -0.588146 0.679387 34.0888 0.897937 -0.257919 0.356633 17.9414 -0.0345252 0.766526 0.641284 -22.7944
-0.543504 -0.536947 0.645206 31.7188 0.836263 -0.279902 0.471507 22.2545 -0.0725797 0.795828 0.601157 -23.0204
-0.677667 -0.472914 0.563133 28.7788 0.73207 -0.361397 0.577465 26.3668 -0.0695768 0.803582 0.591113 -23.4865
-0.728753 -0.472813 0.495345 25.0307 0.673881 -0.366643 0.64145 29.7972 -0.121671 0.801262 0.585812 -23.7986
-0.851776 -0.311299 0.421392 21.0258 0.523123 -0.461365 0.716579 32.9936 -0.0286544 0.830804 0.555827 -24.5358
-0.91529 -0.258098 0.30924 16.5001 0.398644 -0.470507 0.787214 35.4274 -0.057679 0.843806 0.53354 -24.8655
-0.974405 -0.141078 0.175022 11.7749 0.223052 -0.509796 0.830877 37.1703 -0.0279925 0.848649 0.528215 -25.1676
-0.967018 -0.0873768 0.239253 6.94828 0.247841 -0.539451 0.804716 38.0939 0.058752 0.837471 0.543314 -25.3701
-0.969492 0.0109516 0.24488 2.01504 0.202771 -0.525493 0.826282 38.9026 0.137732 0.850728 0.50724 -25.1544
-0.975134 0.0836937 0.205206 -2.9357 0.131915 -0.524845 0.840914 39.5638 0.178081 0.847073 0.500754 -24.6022
-0.989144 0.144535 0.0265214 -7.98262 -0.0522747 -0.51477 0.855733 39.7791 0.137336 0.845057 0.516738 -23.6208
-0.961907 0.239396 -0.132 -13.0525 -0.244965 -0.540465 0.804916 39.2648 0.121352 0.80659 0.578521 -22.9712
-0.92576 0.276933 -0.257442 -17.8194 -0.371127 -0.535257 0.758791 37.8713 0.0723364 0.798003 0.598297 -22.5135
-0.859883 0.311772 -0.404226 -22.1541 -0.510034 -0.491215 0.706097 35.7003 0.0215799 0.81333 0.581402 -22.1329
-0.782724 0.378635 -0.493942 -26.5052 -0.621592 -0.43597 0.65081 32.9098 0.0310754 0.816435 0.5766 -21.9576
-0.685187 0.419948 -0.595116 -30.2291 -0.728346 -0.388821 0.564207 29.3451 0.00554365 0.820038 0.572282 -21.9119
-0.588597 0.496723 -0.637824 -33.5842 -0.806048 -0.300108 0.51012 25.4438 0.0619727 0.814372 0.577025 -21.8791
-0.49226 0.557843 -0.6682 -36.3164 -0.865415 -0.231221 0.444514 21.2104 0.0934674 0.797087 0.596587 -21.7419
-0.270377 0.598065 -0.754463 -38.6461 -0.959608 -0.104109 0.261368 16.6148 0.0777689 0.794657 0.602057 -21.3534
-0.224406 0.606465 -0.762785 -39.7176 -0.973661 -0.107146 0.201256 11.6645 0.040325 0.787857 0.614536 -21.2163
-0.117667 0.618151 -0.777203 -40.6823 -0.992977 -0.0635472 0.0997924 6.66413 0.0122977 0.783487 0.621287 -21.0062
-0.0315839 0.623748 -0.780987 -41.0017 -0.999484 -0.0151634 0.0283097 1.69939 0.0058157 0.781478 0.623905 -20.717
0.0582446 0.633005 -0.771954 -40.7336 -0.995345 0.0962979 0.00386497 -3.48672 0.0767841 0.768135 0.635667 -20.7091
0.180401 0.615287 -0.767383 -40.1514 -0.971659 0.232648 -0.0418866 -8.5899 0.152758 0.753191 0.639819 -20.3546
0.314261 0.586803 -0.746259 -38.8644 -0.937264 0.316748 -0.145629 -13.4476 0.15092 0.745207 0.649531 -19.7553
0.467249 0.560987 -0.683353 -37.108 -0.875778 0.399635 -0.270747 -18.1976 0.121206 0.724972 0.678029 -19.2495
0.620188 0.510524 -0.595594 -34.55 -0.781811 0.464526 -0.415917 -22.6035 0.0643334 0.723589 0.687227 -18.6521
0.702712 0.463266 -0.539982 -31.3185 -0.710261 0.501089 -0.494408 -26.5416 0.0415372 0.730955 0.681161 -18.4148
0.755097 0.440469 -0.485609 -27.6137 -0.655427 0.524816 -0.543124 -29.9746 0.015626 0.728392 0.684982 -18.255
0.824728 0.33488 -0.455719 -23.591 -0.560511 0.591147 -0.579976 -33.1163 0.0751743 0.733758 0.675239 -18.371
0.873841 0.311621 -0.373221 -19.274 -0.485447 0.60222 -0.633777 -35.9608 0.027263 0.734999 0.67752 -18.1975
0.930722 0.173124 -0.322156 -14.7345 -0.352486 0.659504 -0.663934 -38.0691 0.0975205 0.731493 0.674839 -17.9868
0.962923 0.136255 -0.23284 -9.98245 -0.261697 0.681433 -0.683494 -39.7527 0.0655355 0.719085 0.691825 -17.6875
0.994874 0.0711652 -0.0718352 -4.88885 -0.101045 0.726603 -0.679587 -40.7984 0.00383271 0.683362 0.73007 -17.5048
0.99907 -0.0235854 0.0360814 0.374027 0.0420884 0.714547 -0.69832 -41.0374 -0.00931169 0.69919 0.714875 -17.7585
0.982945 -0.115761 0.142893 5.54021 0.182996 0.692595 -0.697728 -40.4162 -0.0181973 0.711978 0.701966 -17.6882
0.954645 -0.18859 0.230405 10.6588 0.296901 0.661222 -0.688938 -39.2983 -0.0224216 0.726099 0.687225 -17.6915
0.899101 -0.252368 0.35767 15.3846 0.43473 0.610458 -0.662081 -37.6463 -0.0512544 0.750767 0.658575 -17.8397
0.804908 -0.291821 0.516686 19.961 0.581622 0.560599 -0.589444 -35.3605 -0.117642 0.774964 0.62096 -18.433
0.736453 -0.32817 0.591558 23.908 0.669081 0.482402 -0.565349 -32.2729 -0.0998388 0.812153 0.574839 -19.1426
0.745994 -0.314701 0.586903 27.507 0.657707 0.486409 -0.575176 -28.7915 -0.104467 0.815089 0.56984 -19.69
0.586291 -0.398343 0.705398 31.2226 0.803642 0.395728 -0.444476 -25.074 -0.102091 0.82748 0.552137 -20.4035
0.513284 -0.438601 0.737678 33.9806 0.855329 0.33191 -0.397804 -20.8192 -0.0703653 0.835144 0.545512 -21.084
0.407292 -0.449344 0.795112 36.3057 0.908159 0.291482 -0.300474 -16.28 -0.0967446 0.844469 0.526795 -21.6245
0.296944 -0.445785 0.844452 38.1337 0.945947 0.258109 -0.196379 -11.4528 -0.130418 0.857121 0.498333 -22.104
0.113293 -0.461312 0.879975 39.3748 0.985553 0.164408 -0.0406972 -6.67538 -0.125901 0.871872 0.473273 -22.8672
0.0239893 -0.499965 0.865713 39.9049 0.994537 0.099938 0.0301569 -1.39683 -0.101595 0.86026 0.499631 -23.5406
-0.0588577 -0.527555 0.847479 39.5598 0.992476 0.0603843 0.106517 3.62585 -0.107368 0.847372 0.520032 -24.2062
-0.18216 -0.52589 0.830818 38.8011 0.980547 -0.0343342 0.193256 8.60814 -0.073106 0.84986 0.521914 -24.7365
-0.286462 -0.516897 0.806695 37.5694 0.9578 -0.175254 0.227826 13.7602 0.0236137 0.837916 0.545288 -25.0344
-0.415962 -0.535313 0.73513 35.8535 0.908026 -0.200373 0.367884 18.4912 -0.0496325 0.820543 0.569426 -25.054
-0.543354 -0.482342 0.687104 33.3857 0.838091 -0.264203 0.477285 23.139 -0.04868 0.83519 0.547802 -25.5066
