0.999997 0.000388081 -0.00228893 0.000145589 -0.000391255 0.999999 -0.00138611 0.000113418 0.00228839 0.001387 0.999996 7.74979e-05
0.979804 -0.197887 0.0287216 0.346372 0.195882 0.978729 0.0609987 -0.0860358 -0.0401815 -0.0541407 0.997725 0.0462658
0.874777 -0.481569 0.0534516 0.552525 0.473173 0.872806 0.119654 0.0171949 -0.104275 -0.0793789 0.991376 -0.0512585
0.826508 -0.561503 0.0399837 0.668156 0.550541 0.821101 0.150661 0.00336587 -0.117427 -0.10251 0.987777 -0.269951
0.729368 -0.68412 0.00149706 0.767341 0.674892 0.719885 0.162134 0.0820828 -0.111997 -0.117245 0.986768 -0.423652
0.693286 -0.720387 -0.0199363 1.03246 0.716399 0.685917 0.127634 0.214906 -0.078271 -0.102769 0.991621 -0.520574
0.539117 -0.841509 -0.034855 1.16136 0.839514 0.533596 0.10243 0.343212 -0.0675972 -0.0844829 0.994129 -0.540644
0.41852 -0.905035 -0.0758497 1.43047 0.905083 0.408701 0.117422 0.44466 -0.0752711 -0.117794 0.990181 -0.650823
0.295791 -0.955198 0.0102005 1.68206 0.949175 0.295095 0.109479 0.693718 -0.107584 -0.0227008 0.993937 -0.497764
0.182474 -0.983042 0.0181906 1.86757 0.975005 0.183305 0.125558 0.916157 -0.126763 -0.00517512 0.991919 -0.558756
0.0728302 -0.997263 0.0127074 2.02172 0.991918 0.0737554 0.103238 1.29731 -0.103892 0.00508592 0.994576 -0.704816
0.0724266 -0.997114 -0.0227489 2.03537 0.993118 0.0699941 0.0938989 1.70616 -0.0920357 -0.0293932 0.995322 -0.799593
0.00259413 -0.999503 -0.0314172 2.03822 0.995492 -0.000397436 0.0948422 2.2776 -0.0948075 -0.0315216 0.994996 -0.868952
-0.22236 -0.973404 0.0551409 2.01568 0.970374 -0.215477 0.109291 2.36177 -0.0945031 0.0778093 0.992479 -0.797454
-0.394257 -0.917415 -0.0539474 1.97711 0.911282 -0.397864 0.106161 2.77337 -0.118858 -0.00730642 0.992884 -0.80887
-0.514969 -0.85719 0.00569299 1.75499 0.850651 -0.510198 0.126848 3.03425 -0.105829 0.0701656 0.991906 -0.946066
-0.570708 -0.821101 0.00927693 1.70688 0.815375 -0.565318 0.124817 3.51704 -0.0972425 0.078798 0.992136 -0.999177
-0.595489 -0.8016 0.0531984 1.44841 0.800607 -0.586663 0.121882 3.928 -0.0664911 0.11517 0.991118 -1.08504
-0.684195 -0.72809 0.0419788 1.01827 0.728668 -0.680077 0.0808561 4.24703 -0.0303216 0.08591 0.995841 -1.02355
-0.798056 -0.597563 0.0776179 0.767017 0.60171 -0.797191 0.0493116 4.43089 0.0324095 0.0860569 0.995763 -1.02809
-0.86513 -0.474074 0.163719 0.499476 0.487865 -0.871158 0.055423 4.75314 0.116351 0.127821 0.984949 -1.02582
-0.906127 -0.377573 0.190716 -0.0111449 0.4008 -0.910505 0.101689 4.84876 0.135253 0.168582 0.976364 -0.789308
-0.942837 -0.280441 0.180032 -0.368608 0.294051 -0.954295 0.0534252 5.12731 0.156821 0.10331 0.982209 -0.768294
-0.97537 -0.150118 0.161609 -0.720958 0.161668 -0.984971 0.0607924 5.34391 0.150054 0.0854221 0.984981 -0.591037
-0.983671 -0.0876991 0.157162 -1.14181 0.103031 -0.990395 0.0922094 5.42433 0.147566 0.106896 0.983259 -0.536516
-0.991474 0.0748183 0.106686 -1.62065 -0.0618675 -0.990854 0.119922 5.44578 0.114682 0.112299 0.987034 -0.406484
-0.978508 0.196542 0.0623882 -2.01097 -0.184438 -0.969494 0.161445 5.46787 0.0922157 0.146468 0.984908 -0.314374
-0.931534 0.362056 0.0340498 -2.5666 -0.35299 -0.922755 0.154667 5.46781 0.0874178 0.132059 0.98738 -0.268259
-0.867219 0.496246 0.0408756 -2.93171 -0.494194 -0.867846 0.0511398 5.25648 0.0608517 0.0241489 0.997855 -0.358043
-0.799874 0.600159 0.00328081 -3.20757 -0.599071 -0.798729 0.0560924 5.00869 0.0362849 0.0429014 0.99842 -0.246944
-0.662269 0.747774 -0.0472624 -3.5905 -0.748146 -0.656514 0.0962616 4.76116 0.0409535 0.0991103 0.994233 -0.317914
-0.582522 0.811212 -0.0510248 -3.94491 -0.811156 -0.576177 0.100231 4.45323 0.0519092 0.0997758 0.993655 -0.262059
-0.509463 0.860391 -0.0132251 -4.21782 -0.857048 -0.50599 0.0971757 4.21305 0.0769173 0.060842 0.995179 -0.239494
-0.446708 0.894495 -0.0181707 -4.68846 -0.890109 -0.442284 0.109958 3.62306 0.0903203 0.065293 0.99377 -0.14097
-0.307746 0.951463 0.00336527 -4.7622 -0.940836 -0.304833 0.148003 3.12455 0.141845 0.0423812 0.988981 -0.0799976
-0.159667 0.987048 0.0155653 -4.82795 -0.978987 -0.16035 0.125987 2.68405 0.126851 0.00487777 0.99191 -0.215693
-0.102715 0.994173 0.0326986 -4.95061 -0.991887 -0.104843 0.0718902 2.09547 0.0748996 -0.0250491 0.996876 -0.291636
0.0177415 0.999816 0.00732631 -4.91889 -0.997291 0.0171725 0.0715282 1.69264 0.0713892 -0.00857548 0.997412 -0.201961
0.230377 0.972698 0.0280255 -5.00424 -0.973099 0.230213 0.0090165 1.22859 0.00231849 -0.0293488 0.999567 -0.262715
0.294887 0.955081 -0.0293459 -4.78931 -0.955388 0.295237 0.00830707 0.567894 0.0165979 0.025587 0.999535 -0.146576
0.340027 0.936452 -0.0862501 -4.52057 -0.938675 0.343544 0.0294222 -0.0749212 0.0571833 0.0709565 0.995839 -0.176745
0.456414 0.885969 -0.0821254 -4.28453 -0.881666 0.462755 0.0923165 -0.630952 0.119794 0.0302726 0.992337 -0.174841
0.609139 0.78896 -0.0805738 -3.82399 -0.779286 0.614315 0.123818 -1.19603 0.147185 -0.0126321 0.989028 -0.203137
0.66266 0.745148 -0.0750697 -3.35987 -0.72959 0.664932 0.159891 -1.517 0.169059 -0.0511831 0.984276 -0.156154
0.803881 0.576727 -0.145469 -3.02527 -0.568807 0.816915 0.0954363 -1.94036 0.173877 0.00602444 0.984749 -0.175212
0.891983 0.439125 -0.107402 -2.77706 -0.430201 0.897529 0.0967907 -2.31289 0.138899 -0.0401314 0.989493 -0.352463
0.929668 0.344361 -0.13089 -2.31965 -0.336978 0.938472 0.0756036 -2.62722 0.148872 -0.0261792 0.98851 -0.229364
0.970933 0.197224 -0.135615 -1.79297 -0.18279 0.976771 0.111828 -2.93626 0.15452 -0.0837889 0.98443 -0.198568
0.990017 -0.0111476 -0.140509 -1.19198 0.0307572 0.98993 0.138174 -3.0645 0.137554 -0.141116 0.98039 -0.0650764
0.989211 -0.107617 -0.0994041 -0.658292 0.115337 0.990454 0.0754806 -3.09714 0.0903323 -0.0861311 0.99218 0.0284804
0.990322 -0.132939 -0.0398692 0.12318 0.135918 0.987086 0.0847794 -2.99741 0.0280838 -0.0893778 0.995602 -0.0385799
0.921071 -0.387472 0.0386488 0.815187 0.383277 0.919648 0.0857085 -3.03841 -0.0687529 -0.0641304 0.99557 0.134633
0.904901 -0.416277 0.0886953 1.77238 0.41409 0.909236 0.0426591 -2.71922 -0.098403 -0.00187449 0.995145 0.106111
0.853833 -0.515247 0.0740979 2.26441 0.504827 0.854333 0.12355 -2.49862 -0.126963 -0.0680844 0.989568 -0.0925944
0.785809 -0.616216 0.0527495 2.78522 0.605949 0.78417 0.133803 -2.14553 -0.123816 -0.0731798 0.989603 -0.152603
0.677618 -0.73207 0.070054 3.29986 0.731058 0.680894 0.0440114 -1.82635 -0.0799188 0.0213906 0.996572 -0.285885
0.588416 -0.808362 0.0178358 3.80745 0.807394 0.588609 0.0406748 -1.3016 -0.0433783 -0.00953324 0.999013 -0.45253
0.508895 -0.858482 0.063519 4.29175 0.859384 0.510929 0.0202649 -0.742026 -0.0498508 0.0442745 0.997775 -0.391126
0.406855 -0.912405 0.0445666 4.58953 0.908178 0.409261 0.0878486 -0.203087 -0.0983929 0.00473276 0.995136 -0.480584
0.294982 -0.953929 0.0548258 4.82382 0.947027 0.299509 0.115902 0.463464 -0.126983 0.0177327 0.991746 -0.611087
0.148197 -0.984915 0.0893345 5.12609 0.983716 0.156097 0.0890862 1.14263 -0.101687 0.0746775 0.99201 -0.755682
0.0140994 -0.999269 0.0355453 5.11334 0.996309 0.01705 0.0841232 1.62366 -0.0846677 0.034228 0.995821 -0.88081
-0.055483 -0.995054 0.0823991 5.08476 0.995143 -0.0483895 0.0857208 2.43237 -0.0813096 0.0867549 0.992906 -0.91974
-0.110374 -0.988881 0.0996625 5.02929 0.989193 -0.0995613 0.107636 3.14362 -0.096517 0.110466 0.989182 -1.06942
-0.28099 -0.956017 0.0841186 4.85501 0.953058 -0.267666 0.141545 3.78734 -0.112804 0.119943 0.986351 -1.06049
-0.307673 -0.947235 0.0899002 4.48123 0.945572 -0.293868 0.139769 4.58149 -0.105975 0.12801 0.986095 -1.18036
-0.455788 -0.885017 0.0948852 4.05347 0.885521 -0.440079 0.148939 5.145 -0.0900565 0.151907 0.984283 -1.29038
-0.632163 -0.762977 0.135043 3.82751 0.773642 -0.611855 0.164659 5.72723 -0.0430042 0.208566 0.977062 -1.36842
-0.707311 -0.690265 0.152466 3.18971 0.706903 -0.690577 0.152945 6.31655 -0.000283351 0.215958 0.976403 -1.28485
-0.796795 -0.572694 0.192715 2.47474 0.600083 -0.787368 0.141252 6.80595 0.0708434 0.228194 0.971035 -1.40544
-0.859998 -0.469347 0.200293 1.87415 0.496818 -0.859708 0.118633 7.22232 0.116513 0.201533 0.972527 -1.47725
-0.909624 -0.375283 0.178178 1.20585 0.39502 -0.914127 0.0912727 7.62169 0.128624 0.153407 0.979756 -1.3909
-0.949682 -0.25546 0.181232 0.50078 0.277387 -0.954686 0.107847 8.02832 0.145469 0.152692 0.977509 -1.25243
-0.968621 -0.189204 0.161167 -0.407064 0.211686 -0.967821 0.136058 8.32439 0.130238 0.165905 0.977504 -0.963004
-0.975323 0.112165 0.190169 -1.00258 -0.0876706 -0.987275 0.132672 8.43314 0.20263 0.112726 0.972746 -0.906998
-0.985304 0.107618 0.132645 -1.88751 -0.0899116 -0.987039 0.132929 8.47952 0.145232 0.119049 0.982209 -0.879744
-0.972664 0.22558 0.0551136 -2.68768 -0.215414 -0.965145 0.148631 8.45094 0.0867207 0.132695 0.987356 -0.778182
-0.930129 0.365542 0.0352051 -3.6095 -0.3589 -0.925141 0.123712 8.21795 0.0777915 0.102433 0.991694 -0.528586
-0.887838 0.460133 0.00467516 -4.34587 -0.454443 -0.878363 0.148187 7.95475 0.0722922 0.129441 0.988948 -0.448211
-0.828994 0.559159 -0.0105068 -5.05475 -0.556625 -0.823124 0.112409 7.56083 0.054206 0.0990345 0.993606 -0.545302
-0.730045 0.681011 -0.0570814 -5.77079 -0.683335 -0.72628 0.0746336 6.94767 0.00936929 0.0934916 0.995576 -0.618963
-0.641272 0.761718 -0.0924931 -6.3969 -0.766719 -0.631358 0.116316 6.26076 0.0302036 0.145506 0.988896 -0.627162
-0.494466 0.867661 -0.0516523 -6.84829 -0.866206 -0.486967 0.112031 5.76532 0.0720519 0.100137 0.992361 -0.552713
-0.343437 0.935608 -0.0817816 -7.22666 -0.936967 -0.335359 0.098116 5.05323 0.0643719 0.110323 0.991809 -0.39594
-0.254981 0.962595 -0.0916262 -7.58068 -0.963984 -0.245645 0.101952 4.10503 0.075631 0.114322 0.990561 -0.366304
-0.193613 0.978651 -0.0689718 -7.86617 -0.978987 -0.188135 0.0786706 3.20933 0.0640151 0.0827542 0.994512 -0.261273
-0.0403911 0.992372 -0.116473 -8.0149 -0.995999 -0.0306879 0.0839307 2.38645 0.0797161 0.119397 0.989641 -0.307281
0.0975033 0.987347 -0.125054 -8.0771 -0.99522 0.0960289 -0.0177791 1.62175 -0.00554533 0.12619 0.991991 -0.131447
0.24896 0.963849 -0.0949394 -7.84291 -0.968353 0.245936 -0.0425133 0.581184 -0.0176274 0.102519 0.994575 -0.304625
0.305902 0.941211 -0.143341 -7.57819 -0.951541 0.297265 -0.0787563 -0.308302 -0.0315161 0.160486 0.986535 -0.238339
0.401715 0.909983 -0.10274 -7.25582 -0.915668 0.40077 -0.0306028 -1.1555 0.013327 0.106369 0.994237 -0.301138
0.568895 0.812724 -0.125849 -6.90891 -0.818688 0.574193 0.00725804 -2.0506 0.0781603 0.0989018 0.992023 -0.393154
0.603052 0.770663 -0.205929 -6.26298 -0.784459 0.619782 0.0222102 -3.03725 0.144748 0.148149 0.978315 -0.443743
0.696709 0.697652 -0.166968 -5.52891 -0.696711 0.713511 0.0741307 -3.6924 0.170851 0.064681 0.983172 -0.269412
0.763235 0.635412 -0.117149 -4.83056 -0.629848 0.772117 0.0844246 -4.3842 0.144097 0.00935032 0.989519 -0.335438
0.866299 0.477303 -0.147335 -4.12735 -0.479476 0.877261 0.0227339 -5.01564 0.140102 0.0509493 0.988825 -0.24332
0.927004 0.351137 -0.131784 -3.22974 -0.351476 0.935951 0.021457 -5.46276 0.130878 0.0264283 0.991046 -0.200243
0.958789 0.241569 -0.149561 -2.18257 -0.238934 0.970382 0.0356177 -5.9219 0.153735 0.00158539 0.988111 -0.0212356
0.984677 0.0779758 -0.155984 -1.23204 -0.0754141 0.996903 0.0222835 -6.06102 0.157238 -0.0101786 0.987508 0.0204907
0.994623 -0.0238138 -0.100792 -0.26771 0.0248723 0.999648 0.00925845 -6.13729 0.100536 -0.0117156 0.994864 0.220634
0.983201 -0.162552 -0.083022 0.800959 0.166263 0.985274 0.0398961 -5.9815 0.0753142 -0.0530294 0.995749 0.290199
0.958012 -0.285399 0.0275888 1.94915 0.280247 0.952353 0.120358 -5.79747 -0.0606242 -0.107572 0.992347 0.213541
0.901511 -0.404615 0.153506 2.8995 0.398138 0.914478 0.0722166 -5.52802 -0.169598 -0.0039876 0.985505 0.253625
0.867783 -0.466805 0.170429 3.83363 0.466993 0.883286 0.0415067 -5.14114 -0.169914 0.0435706 0.984495 -0.0690261
0.792999 -0.595431 0.128899 4.72227 0.596538 0.801859 0.0341167 -4.54283 -0.123673 0.0498386 0.991071 -0.0186727
0.758811 -0.645492 0.0868692 5.5222 0.645957 0.762916 0.0264454 -3.85638 -0.0833442 0.0360466 0.995869 -0.365175
0.665842 -0.742571 0.072409 6.2098 0.742668 0.668945 0.0309399 -3.12401 -0.0714127 0.0331748 0.996895 -0.572428
0.526721 -0.843042 0.108835 6.82806 0.846056 0.532318 0.0287683 -2.3077 -0.0821874 0.0769272 0.993644 -0.676692
0.43499 -0.892784 0.117136 7.27766 0.896348 0.441717 0.0380284 -1.43541 -0.0856923 0.0884531 0.992387 -0.830676
0.252903 -0.9569 0.142765 7.75564 0.96465 0.260701 0.0385409 -0.510794 -0.0740989 0.127971 0.989006 -0.930237
0.179744 -0.975829 0.124295 8.08666 0.980343 0.188143 0.0594176 0.627227 -0.0813668 0.111172 0.990465 -1.03445
-0.0395784 -0.99017 0.13415 8.19077 0.995714 -0.0278521 0.0881884 1.52918 -0.0835852 0.137065 0.987029 -1.14055
-0.137977 -0.974672 0.176003 8.22943 0.989222 -0.12682 0.0731873 2.47063 -0.0490129 0.184204 0.981665 -1.39643
-0.28424 -0.946999 0.149666 8.10789 0.956575 -0.269601 0.110812 3.5418 -0.0645888 0.174664 0.982507 -1.46986
-0.37345 -0.898468 0.230849 7.81063 0.926391 -0.348249 0.143254 4.62996 -0.0483164 0.267355 0.962386 -1.49702
-0.487345 -0.861946 0.139803 7.3307 0.872208 -0.472838 0.12521 5.63335 -0.0418201 0.182958 0.982231 -1.71387
-0.607834 -0.78459 0.122299 6.74932 0.792502 -0.589746 0.155371 6.53698 -0.0497773 0.191362 0.980257 -1.90345
-0.669135 -0.735488 0.10637 6.18424 0.739366 -0.644474 0.194911 7.57188 -0.0748017 0.209068 0.975036 -2.02195
-0.746111 -0.646485 0.159299 5.31484 0.664534 -0.708168 0.23852 8.3663 -0.041389 0.283822 0.957983 -2.04076
-0.76849 -0.615545 0.17472 4.28019 0.639849 -0.737518 0.21601 9.11046 -0.00410485 0.277796 0.960631 -2.15407
-0.8544 -0.498053 0.148132 3.37368 0.51832 -0.837024 0.175318 9.86083 0.0366723 0.226571 0.973304 -2.15182
-0.905409 -0.363599 0.219159 2.33661 0.407014 -0.890223 0.204555 10.4667 0.120725 0.274406 0.954006 -2.07129
-0.950353 -0.202525 0.236249 1.22163 0.252495 -0.945617 0.205072 11.0049 0.181869 0.254542 0.949806 -1.83411
-0.977687 -0.145618 0.151407 0.132156 0.179065 -0.954559 0.238227 11.1689 0.109837 0.260023 0.959335 -1.50375
-0.981091 -0.00156571 0.193542 -1.22713 0.0624548 -0.949037 0.308915 11.3731 0.183195 0.315161 0.931189 -1.26401
-0.989383 0.104766 0.100725 -2.33196 -0.0783808 -0.968287 0.237229 11.4822 0.122384 0.226815 0.966218 -1.13207
-0.954029 0.298107 0.0309864 -3.44497 -0.282051 -0.927963 0.243582 11.4424 0.101368 0.223645 0.969385 -1.07161
-0.921218 0.388995 0.00630831 -4.68423 -0.380995 -0.905319 0.187725 11.0811 0.0787352 0.170533 0.982201 -0.936325
-0.824272 0.558803 -0.0911853 -5.7598 -0.565886 -0.807752 0.165255 10.7044 0.0186901 0.187816 0.982026 -0.881846
-0.806962 0.569439 -0.156687 -6.78492 -0.58848 -0.797722 0.131648 10.0199 -0.0500269 0.198442 0.978835 -0.808211
-0.691594 0.699856 -0.178605 -7.72531 -0.721402 -0.68153 0.122866 9.25504 -0.035736 0.213819 0.976219 -0.876363
-0.635459 0.752491 -0.173058 -8.62743 -0.772003 -0.615055 0.160373 8.16095 0.014239 0.235512 0.971767 -1.05565
-0.531098 0.839144 -0.117359 -9.36144 -0.844611 -0.513255 0.152321 7.28829 0.0675844 0.18002 0.981338 -1.00855
-0.436497 0.878526 -0.194068 -10.0309 -0.89416 -0.399681 0.201826 6.14256 0.0997442 0.261624 0.960002 -0.891563
-0.312338 0.924624 -0.217979 -10.6448 -0.949798 -0.299564 0.0902532 4.98294 0.0181515 0.235226 0.971771 -0.723906
-0.135372 0.95053 -0.279583 -10.8837 -0.990208 -0.12008 0.0712012 3.83507 0.0341064 0.286484 0.957478 -0.741407
-0.0420618 0.977338 -0.207465 -11.0755 -0.996864 -0.0271224 0.0743363 2.46393 0.0670247 0.209941 0.975414 -0.699982
0.0983408 0.961797 -0.255492 -10.9878 -0.995112 0.0927293 -0.0339479 1.33833 -0.00895944 0.257581 0.966215 -0.523292
0.280897 0.942912 -0.178926 -10.8449 -0.958767 0.267307 -0.0965061 -0.0576194 -0.0431684 0.198657 0.979118 -0.70881
0.40648 0.891691 -0.199152 -10.5243 -0.912026 0.382969 -0.146777 -1.22084 -0.0546108 0.241294 0.968914 -0.849469
0.504472 0.838732 -0.205026 -9.96405 -0.863205 0.484526 -0.141814 -2.50225 -0.0196036 0.248521 0.968428 -0.885968
0.576655 0.79713 -0.179032 -9.35204 -0.814798 0.577166 -0.0546305 -3.73785 0.0597837 0.177378 0.982325 -0.943848
0.657521 0.712708 -0.244364 -8.60341 -0.745371 0.662648 -0.0729338 -4.8445 0.109947 0.230097 0.966937 -0.842583
0.754711 0.625527 -0.197806 -7.6787 -0.649921 0.754001 -0.0953182 -5.8909 0.0895214 0.200496 0.975596 -0.612305
0.847841 0.510921 -0.141864 -6.66647 -0.521295 0.8521 -0.046658 -6.86105 0.0970435 0.113511 0.988786 -0.547762
0.882289 0.436608 -0.175893 -5.46421 -0.454205 0.887761 -0.0746852 -7.58315 0.123543 0.145786 0.981572 -0.430781
0.934654 0.338383 -0.109178 -4.29923 -0.34191 0.939616 -0.014812 -8.31385 0.0975731 0.0511731 0.993912 -0.277695
0.952928 0.270977 -0.136011 -2.84957 -0.28111 0.957704 -0.061477 -8.81971 0.113599 0.0968171 0.988798 -0.13047
0.98219 0.0963632 -0.1613 -1.64789 -0.114564 0.98757 -0.107614 -9.16072 0.148925 0.124176 0.981021 0.00821356
0.991819 0.0122642 -0.127058 -0.245573 -0.024795 0.994925 -0.0975157 -9.21013 0.125218 0.0998684 0.98709 0.150538
0.990957 -0.12567 -0.0470237 1.23776 0.120183 0.987137 -0.105433 -9.04205 0.0596687 0.0988286 0.993314 0.31183
0.968915 -0.224981 0.10289 2.65505 0.230897 0.971714 -0.0495863 -8.82568 -0.0888237 0.0718019 0.993456 0.355014
0.91407 -0.331461 0.233688 4.02034 0.345832 0.938033 -0.0222251 -8.2414 -0.21184 0.101132 0.972058 0.154335
0.839869 -0.482879 0.247889 5.27324 0.507692 0.860411 -0.0440552 -7.75565 -0.192013 0.162852 0.967786 -0.158823
0.776483 -0.589272 0.223233 6.45283 0.603769 0.797149 0.00412747 -6.979 -0.180382 0.131576 0.974756 -0.335539
0.719295 -0.671036 0.179794 7.51914 0.685417 0.727677 -0.0262519 -6.02409 -0.113216 0.142117 0.983354 -0.627604
0.615899 -0.775094 0.141058 8.46175 0.781685 0.623534 0.0131753 -5.11798 -0.0981669 0.102149 0.989914 -0.835482
0.436421 -0.883193 0.171775 9.39242 0.895329 0.44518 0.0142014 -4.05878 -0.0890132 0.147597 0.985034 -1.06796
0.416396 -0.890147 0.185074 10.0093 0.904158 0.426797 0.0185029 -2.67954 -0.0954593 0.159632 0.98255 -1.1865
0.290883 -0.93799 0.188576 10.582 0.944589 0.312886 0.0992672 -1.27397 -0.152114 0.149251 0.977029 -1.43144
0.155749 -0.963522 0.21764 11.0711 0.97746 0.182122 0.106783 0.0558634 -0.142525 0.196103 0.97017 -1.42905
-0.00861939 -0.969649 0.244347 11.2058 0.992778 0.0209411 0.118121 1.4745 -0.119653 0.243601 0.962466 -1.58913
-0.107454 -0.969831 0.21882 11.1337 0.986435 -0.0765271 0.145225 2.84636 -0.124098 0.231456 0.964898 -1.92121
-0.261258 -0.939946 0.219651 11.0228 0.953775 -0.216363 0.208568 4.31429 -0.148518 0.263987 0.953023 -2.15063
-0.375865 -0.889609 0.259462 10.5404 0.918412 -0.320307 0.232215 5.67695 -0.123473 0.325575 0.93742 -2.24522
-0.517589 -0.835713 0.183537 9.97719 0.852576 -0.485631 0.19307 7.07941 -0.0722194 0.25641 0.963866 -2.44636
-0.601521 -0.771118 0.208687 9.23371 0.795952 -0.556267 0.238804 8.2976 -0.0680607 0.30975 0.948379 -2.6666
-0.680489 -0.706884 0.193002 8.33401 0.732523 -0.649569 0.203641 9.49643 -0.0185827 0.279954 0.959834 -2.85095
-0.821064 -0.544287 0.172063 7.23799 0.57078 -0.77855 0.260902 10.5667 -0.00804573 0.312427 0.949908 -3.0913
-0.810378 -0.564982 0.15519 6.07364 0.584907 -0.764626 0.270612 11.5387 -0.0342284 0.31007 0.950098 -3.02545
-0.86905 -0.4463 0.213467 4.76337 0.49242 -0.821924 0.286293 12.3869 0.0476808 0.353918 0.93406 -2.97889
-0.927517 -0.267384 0.261187 3.41337 0.343423 -0.88546 0.313083 13.1521 0.147558 0.380087 0.913105 -3.00194
-0.939587 -0.15852 0.303393 1.90587 0.263883 -0.899975 0.347001 13.7795 0.21804 0.406098 0.887436 -2.78742
-0.978468 -0.0381156 0.202846 0.491633 0.111229 -0.925253 0.362678 14.2005 0.17386 0.377432 0.90957 -2.45487
-0.990624 -0.00873769 0.13634 -1.16996 0.0583915 -0.92929 0.364706 14.243 0.123513 0.369248 0.921087 -2.26401
-0.985778 0.109639 0.127363 -2.71581 -0.0539931 -0.924318 0.377785 14.4072 0.159144 0.365536 0.917092 -2.06703
-0.97337 0.228266 -0.021088 -4.3448 -0.220917 -0.909503 0.352137 14.2943 0.0612013 0.347418 0.935711 -1.84306
-0.935605 0.341453 -0.0897362 -5.83103 -0.351008 -0.872368 0.340247 13.8169 0.0378953 0.349835 0.936045 -1.60637
-0.862956 0.46354 -0.201092 -7.40152 -0.502082 -0.831363 0.238223 13.2431 -0.0567544 0.30654 0.950164 -1.50558
-0.741479 0.600295 -0.299758 -8.50684 -0.665975 -0.712868 0.219763 12.3924 -0.0817648 0.362581 0.928359 -1.57843
-0.696571 0.64929 -0.305305 -9.84707 -0.715011 -0.663513 0.220251 11.2567 -0.059567 0.371716 0.926433 -1.74557
-0.607701 0.758322 -0.235897 -10.9252 -0.794088 -0.584392 0.167065 10.1036 -0.0111675 0.288848 0.95731 -1.82114
-0.569704 0.789651 -0.22779 -12.0109 -0.81829 -0.519242 0.246556 8.70763 0.076415 0.326862 0.941978 -1.75809
-0.440696 0.862571 -0.24851 -12.8981 -0.895056 -0.401187 0.194742 7.29766 0.0682797 0.308252 0.948851 -1.75266
-0.272785 0.923089 -0.271099 -13.4393 -0.961792 -0.254816 0.100127 5.88719 0.0233463 0.288054 0.95733 -1.56034
-0.0562015 0.948781 -0.310896 -13.8456 -0.998362 -0.0567429 0.00731069 4.2291 -0.0107049 0.310797 0.950416 -1.51805
-0.0413087 0.944919 -0.324688 -13.9931 -0.998888 -0.0316593 0.0349482 2.48171 0.0227438 0.325771 0.945175 -1.52945
0.119384 0.93525 -0.333248 -13.8785 -0.992843 0.113498 -0.0371518 1.00042 0.00307687 0.335299 0.942107 -1.51154
0.318407 0.895015 -0.312354 -13.8075 -0.947593 0.291411 -0.13095 -0.740031 -0.026179 0.33768 0.940897 -1.47965
0.396147 0.869082 -0.29625 -13.1875 -0.918182 0.373846 -0.131077 -2.23646 -0.00316474 0.323937 0.946073 -1.61519
0.490695 0.828036 -0.271246 -12.5206 -0.871161 0.472371 -0.133954 -3.91465 0.0172097 0.30203 0.953143 -1.69702
0.589104 0.75728 -0.281929 -11.6501 -0.802833 0.588125 -0.0978133 -5.47218 0.0917376 0.283964 0.954436 -1.64819
0.621188 0.74534 -0.24206 -10.6091 -0.780456 0.616304 -0.105157 -6.85076 0.0708046 0.254239 0.964546 -1.59023
0.743516 0.635238 -0.208942 -9.59268 -0.664466 0.73698 -0.123878 -8.16909 0.0752937 0.23094 0.97005 -1.32556
0.790532 0.574712 -0.211577 -8.16388 -0.602768 0.79126 -0.10285 -9.38838 0.108303 0.208838 0.971935 -1.02256
0.854906 0.472771 -0.213595 -6.77154 -0.506026 0.850667 -0.142486 -10.2742 0.114335 0.229897 0.966476 -0.95107
0.952493 0.276276 -0.128176 -5.27004 -0.291824 0.948335 -0.1245 -11.1682 0.0871573 0.155991 0.983906 -0.713266
0.942825 0.283278 -0.175595 -3.70888 -0.308353 0.941355 -0.137004 -11.7904 0.126487 0.183316 0.974883 -0.556231
0.988904 0.0688272 -0.131649 -1.9872 -0.0873652 0.986195 -0.140668 -12.0896 0.120149 0.150609 0.981265 -0.426169
0.995461 0.0382191 -0.0871559 -0.226545 -0.0534368 0.98229 -0.179586 -12.2043 0.0787487 0.183428 0.979874 -0.270986
0.991632 -0.129086 -0.00183651 1.68507 0.125951 0.970476 -0.205702 -12.0098 0.0283355 0.203749 0.978613 -0.134774
0.955291 -0.272766 0.114098 3.39431 0.284203 0.95354 -0.0999472 -11.7851 -0.0815353 0.127906 0.988429 -0.0814015
0.896646 -0.386678 0.215652 5.12497 0.423187 0.891676 -0.160707 -11.0781 -0.13015 0.235359 0.963155 -0.233254
0.856355 -0.469744 0.214468 6.74486 0.498168 0.860867 -0.103616 -10.338 -0.135956 0.195574 0.971219 -0.634577
0.791416 -0.538154 0.289914 8.37175 0.581716 0.808755 -0.0867291 -9.36213 -0.187796 0.237287 0.953115 -0.770155
0.691548 -0.680338 0.242697 9.53893 0.70773 0.705392 -0.0392446 -8.3264 -0.144497 0.198904 0.969308 -1.09495
0.637118 -0.73585 0.229359 10.8861 0.766388 0.636472 -0.0869012 -6.98421 -0.0820343 0.231144 0.969455 -1.30017
0.510037 -0.827627 0.234299 12.0881 0.854315 0.519101 -0.0260806 -5.449 -0.10004 0.213467 0.971815 -1.46959
0.384397 -0.883797 0.266724 12.8486 0.916087 0.400898 0.00814165 -3.93517 -0.114125 0.241213 0.963739 -1.76185
0.243562 -0.940518 0.236863 13.4354 0.965034 0.259403 0.0376884 -2.23648 -0.0968895 0.219401 0.970812 -1.92689
0.103699 -0.973614 0.203276 13.9312 0.982837 0.13166 0.129217 -0.498353 -0.15257 0.186388 0.970557 -2.21712
-0.0564215 -0.963692 0.260987 14.2058 0.986645 -0.0138112 0.1623 1.23801 -0.152803 0.266658 0.951601 -2.52453
-0.178771 -0.940203 0.289929 14.1393 0.979436 -0.142049 0.143275 3.06518 -0.0935232 0.30958 0.946263 -2.69257
-0.263428 -0.919842 0.290682 13.7389 0.955803 -0.208092 0.207695 4.99133 -0.130558 0.332548 0.934006 -2.97299
-0.329964 -0.890804 0.312395 13.2653 0.932609 -0.256378 0.253989 6.67982 -0.146163 0.37515 0.915368 -3.14767
-0.470898 -0.84653 0.248279 12.5154 0.878566 -0.424534 0.218845 8.42909 -0.0798563 0.321183 0.943644 -3.41799
-0.588562 -0.776932 0.223544 11.5749 0.796362 -0.509515 0.325885 9.97068 -0.139291 0.369825 0.918601 -3.66102
-0.668004 -0.716008 0.202737 10.3619 0.737698 -0.60134 0.306907 11.379 -0.0978342 0.354574 0.929895 -3.93145
-0.764168 -0.634283 0.117188 8.91255 0.635293 -0.708692 0.306851 12.8478 -0.11158 0.308935 0.944515 -4.08367
-0.854711 -0.463598 0.23355 7.73112 0.518685 -0.780761 0.348394 13.9673 0.0208319 0.418915 0.907786 -4.27834
-0.867038 -0.440388 0.233031 6.08211 0.497434 -0.791746 0.354537 14.9318 0.0283674 0.423315 0.905538 -4.2127
-0.895965 -0.376807 0.235081 4.19061 0.440428 -0.821988 0.361053 15.8713 0.0571867 0.427027 0.902429 -4.13899
-0.936769 -0.286727 0.200629 2.53694 0.343613 -0.862235 0.37213 16.5671 0.0662898 0.417539 0.906238 -3.96616
-0.982471 -0.123833 0.139341 0.672299 0.169108 -0.906581 0.38667 17.0374 0.0784409 0.403456 0.911631 -3.691
-0.990396 0.0253187 0.135921 -1.3048 0.0387817 -0.892749 0.448882 17.147 0.132708 0.449842 0.883193 -3.40736
-0.977271 0.187425 0.0990668 -3.10289 -0.12156 -0.878273 0.46245 17.1915 0.173682 0.439896 0.881093 -3.39055
-0.97269 0.228939 0.0382253 -5.0358 -0.181461 -0.85275 0.489785 16.9906 0.144727 0.469473 0.871005 -3.04112
-0.918112 0.367193 -0.149131 -6.95594 -0.391174 -0.779136 0.489826 16.595 0.0636677 0.508051 0.858971 -2.73632
-0.838714 0.436923 -0.325049 -8.76591 -0.538169 -0.756266 0.372068 15.7387 -0.0832581 0.48699 0.86943 -2.60073
-0.759559 0.545228 -0.354678 -10.3353 -0.649217 -0.668905 0.362055 14.5798 -0.0398436 0.505265 0.862044 -2.80396
-0.681355 0.654013 -0.328667 -11.8272 -0.731953 -0.60921 0.305137 13.1695 -0.000663639 0.448476 0.893795 -2.91376
-0.598309 0.757252 -0.261908 -13.1655 -0.799806 -0.544692 0.252234 11.8594 0.0483457 0.360389 0.931548 -2.97719
-0.537058 0.791273 -0.292327 -14.55 -0.842038 -0.482169 0.241838 10.1728 0.0504089 0.376032 0.925235 -2.85137
-0.392407 0.867697 -0.305154 -15.5342 -0.918111 -0.349458 0.186955 8.54372 0.0555816 0.353527 0.933771 -2.65246
-0.235104 0.916813 -0.322769 -16.1884 -0.971876 -0.217111 0.0912174 6.7199 0.0135526 0.335137 0.942072 -2.59643
-0.0936001 0.922203 -0.375207 -16.6967 -0.995578 -0.0897318 0.0278121 4.54357 -0.0080196 0.376151 0.926524 -2.57787
-0.0223045 0.931098 -0.364088 -16.8303 -0.999694 -0.0246627 -0.00182852 2.51718 -0.0106819 0.363936 0.931363 -2.53728
0.116883 0.916212 -0.383267 -16.6861 -0.992745 0.118746 -0.0188865 0.514785 0.0282075 0.382694 0.923444 -2.51982
0.26323 0.89413 -0.362273 -16.4254 -0.964703 0.24102 -0.106097 -1.60211 -0.00754958 0.377414 0.926014 -2.59364
0.365438 0.866135 -0.340975 -15.913 -0.930789 0.343693 -0.124528 -3.34792 0.00933277 0.362883 0.931788 -2.67729
0.466082 0.810747 -0.354198 -14.9301 -0.884684 0.431631 -0.17615 -5.39134 0.0100698 0.395453 0.918431 -2.60293
0.528945 0.774747 -0.346389 -14.1162 -0.846512 0.510655 -0.150496 -7.09491 0.0602888 0.372826 0.925941 -2.62095
0.662963 0.659573 -0.354181 -12.9453 -0.736166 0.660381 -0.148176 -8.71268 0.136162 0.358971 0.923363 -2.57778
0.738758 0.57535 -0.351011 -11.5522 -0.646658 0.75186 -0.128605 -10.2303 0.189919 0.321992 0.927498 -2.21052
0.815207 0.493872 -0.302535 -9.98806 -0.560671 0.80391 -0.198436 -11.7055 0.145209 0.331389 0.932253 -1.76298
0.86254 0.451981 -0.22746 -8.30649 -0.495129 0.846576 -0.195337 -12.8856 0.104273 0.281108 0.953994 -1.72396
0.918986 0.347692 -0.185943 -6.32072 -0.382357 0.900993 -0.204973 -13.997 0.0962658 0.259464 0.960943 -1.6584
0.946995 0.254407 -0.196155 -4.39745 -0.297037 0.92599 -0.23305 -14.5907 0.122348 0.278963 0.952476 -1.3596
0.981324 0.138555 -0.133438 -2.31595 -0.177416 0.919996 -0.349473 -15.1433 0.0743414 0.36662 0.927396 -0.962179
0.998995 -0.0287127 -0.034426 -0.21864 0.0196486 0.970712 -0.23944 -15.3292 0.0402928 0.238523 0.970301 -0.886568
0.976707 -0.21272 0.0281598 1.99105 0.211883 0.935382 -0.283136 -15.0583 0.0338886 0.282508 0.958666 -0.759642
0.943171 -0.306646 0.128052 4.22633 0.328981 0.916016 -0.229534 -14.6369 -0.0469115 0.258616 0.96484 -0.792456
0.911471 -0.368044 0.183753 6.33154 0.401398 0.893457 -0.201528 -13.8285 -0.0900045 0.257445 0.962092 -1.00254
0.860863 -0.473931 0.185215 8.26036 0.497985 0.859483 -0.115326 -12.8844 -0.104533 0.191514 0.975907 -1.25267
0.800506 -0.548919 0.240579 9.98745 0.587701 0.797635 -0.135596 -11.7221 -0.117462 0.249934 0.961112 -1.63078
0.728831 -0.643993 0.232549 11.6178 0.670709 0.739799 -0.0533557 -10.4674 -0.137678 0.19486 0.97112 -1.81898
0.583713 -0.768537 0.261972 13.1801 0.809608 0.575436 -0.115795 -9.07041 -0.0617554 0.279686 0.958103 -2.00275
0.508526 -0.809947 0.292211 14.5038 0.858584 0.502627 -0.100994 -7.0429 -0.0650729 0.302246 0.951006 -2.2414
0.386623 -0.865703 0.317933 15.654 0.916963 0.397664 -0.0322748 -5.07425 -0.09849 0.304011 0.947564 -2.51256
0.305652 -0.909893 0.280484 16.2889 0.943249 0.32953 0.0411121 -2.98799 -0.129836 0.252001 0.958978 -2.66019
0.162275 -0.913575 0.37289 16.8719 0.975425 0.205598 0.0792247 -0.860164 -0.149043 0.35087 0.924487 -2.91673
0.011318 -0.948547 0.316435 17.1525 0.985397 0.0643484 0.157646 1.19926 -0.169897 0.310029 0.935423 -3.3344
-0.11307 -0.925016 0.362714 17.0544 0.987782 -0.0652485 0.141523 3.41668 -0.107245 0.374284 0.921092 -3.69818
-0.234262 -0.917329 0.321914 16.6135 0.961999 -0.170951 0.212919 5.44588 -0.140286 0.35956 0.922517 -4.02891
-0.426835 -0.840501 0.333721 16.011 0.898595 -0.3527 0.261016 7.50201 -0.101681 0.411291 0.905815 -4.264
-0.496287 -0.813512 0.303145 15.0699 0.864416 -0.430654 0.259466 9.56229 -0.0805288 0.390813 0.916941 -4.66658
-0.622058 -0.726358 0.292315 13.8527 0.778803 -0.535534 0.326603 11.4124 -0.0806859 0.430822 0.898823 -4.94669
-0.717485 -0.616667 0.32394 12.5912 0.696564 -0.632657 0.338443 13.177 -0.0037638 0.468472 0.88347 -5.10714
-0.734991 -0.63455 0.239026 10.9461 0.664776 -0.604844 0.438448 14.8588 -0.133643 0.481154 0.866389 -5.06752
-0.797743 -0.56231 0.217745 9.14079 0.594069 -0.67099 0.443684 16.2229 -0.103383 0.483301 0.869328 -5.44732
-0.900887 -0.395135 0.179643 7.3909 0.432818 -0.786551 0.440462 17.4098 -0.0327439 0.474558 0.879615 -5.56007
-0.931592 -0.315257 0.180966 5.27021 0.363454 -0.816156 0.449211 18.3259 0.00607894 0.484255 0.874906 -5.43004
-0.96573 -0.192005 0.174643 3.24343 0.252028 -0.854524 0.454171 19.2197 0.0620332 0.482621 0.87363 -5.44187
-0.986011 -0.0851074 0.143316 1.07769 0.140673 -0.886105 0.441621 19.7956 0.0894075 0.455604 0.885681 -5.16661
-0.997358 0.0156644 0.070929 -1.37951 0.0181408 -0.891814 0.452039 19.8863 0.0703364 0.452131 0.889174 -4.98758
-0.989174 0.143329 0.0314785 -3.57983 -0.11342 -0.882851 0.455752 19.8197 0.0931134 0.447248 0.88955 -4.71907
-0.977259 0.204936 -0.0544554 -6.00933 -0.207516 -0.871489 0.444347 19.5673 0.0436055 0.445543 0.894198 -4.55874
-0.918602 0.371039 -0.136019 -8.01334 -0.391701 -0.80927 0.437782 19.008 0.0523579 0.455426 0.888733 -4.41916
-0.854865 0.474124 -0.21074 -10.1178 -0.51814 -0.758863 0.394536 17.9053 0.0271366 0.446468 0.894388 -4.33869
-0.79108 0.539145 -0.28899 -12.1523 -0.611141 -0.717004 0.33528 16.5883 -0.0264423 0.441847 0.896701 -4.31793
-0.700423 0.626235 -0.342401 -13.897 -0.71261 -0.64044 0.286397 15.1447 -0.0399355 0.444597 0.89484 -4.41117
-0.626822 0.710414 -0.32001 -15.5131 -0.775765 -0.530713 0.341367 13.4595 0.072678 0.462229 0.883777 -4.26743
-0.52125 0.772014 -0.36372 -16.9736 -0.847899 -0.420165 0.323309 11.5302 0.0967765 0.476923 0.873601 -4.13734
-0.354273 0.79474 -0.492828 -18.2593 -0.935114 -0.29701 0.193252 9.55515 0.00720999 0.529314 0.848395 -3.74353
-0.201879 0.837168 -0.508325 -18.9285 -0.979312 -0.165204 0.116853 7.31146 0.013848 0.521399 0.853201 -3.77068
-0.128451 0.883507 -0.450461 -19.3125 -0.991704 -0.116661 0.0539774 4.94147 -0.00486186 0.453657 0.891163 -3.83837
-0.0178771 0.880128 -0.474399 -19.5414 -0.999329 -0.000554774 0.0366291 2.5505 0.0319751 0.474736 0.879547 -3.87012
0.114175 0.891858 -0.437667 -19.4882 -0.992979 0.116161 -0.0223324 0.145763 0.0309228 0.437144 0.89886 -3.87184
0.312307 0.843663 -0.436689 -19.108 -0.946117 0.317647 -0.0629557 -2.24312 0.0855994 0.43282 0.897407 -3.97656
0.37636 0.823685 -0.424142 -18.3911 -0.923341 0.37109 -0.0986626 -4.3854 0.0761279 0.42876 0.900205 -3.86886
0.407915 0.808015 -0.425109 -17.3429 -0.91177 0.384866 -0.143369 -6.62827 0.047766 0.446084 0.893716 -3.87565
0.535235 0.734373 -0.417396 -16.4007 -0.838528 0.521564 -0.157613 -8.68686 0.101951 0.434358 0.894952 -3.85335
0.657451 0.642443 -0.393733 -15.0035 -0.740774 0.64671 -0.181716 -10.7998 0.137889 0.411136 0.901085 -3.59147
0.706559 0.603269 -0.36992 -13.3383 -0.693373 0.694667 -0.191497 -12.5261 0.141447 0.391797 0.909114 -3.28963
0.810667 0.485991 -0.326546 -11.5629 -0.567349 0.789831 -0.232985 -14.27 0.144688 0.374138 0.916016 -2.92394
0.871982 0.396709 -0.286828 -9.55598 -0.466396 0.851245 -0.240535 -15.4911 0.148738 0.343517 0.927293 -2.80328
0.917017 0.309345 -0.251767 -7.36051 -0.373667 0.887068 -0.271078 -16.5512 0.139477 0.34266 0.929048 -2.46157
0.949891 0.221465 -0.220591 -5.04028 -0.28072 0.914809 -0.29038 -17.3614 0.13749 0.337753 0.931139 -2.25125
0.991989 0.0933441 -0.0851192 -2.62384 -0.117852 0.926455 -0.357481 -18.0471 0.0454902 0.364649 0.930033 -1.92058
0.996637 -0.0751191 -0.03274 -0.190245 0.0597449 0.939577 -0.337084 -18.2334 0.0560832 0.333995 0.940905 -1.71638
0.985061 -0.164376 0.0513306 2.55695 0.172089 0.92876 -0.328314 -17.9737 0.00629314 0.332243 0.943173 -1.755
0.961346 -0.25742 0.0977233 5.00904 0.275201 0.909755 -0.310821 -17.4213 -0.00889289 0.3257 0.945431 -1.71514
0.943474 -0.297704 0.145704 7.42829 0.327823 0.902986 -0.277756 -16.6097 -0.0488792 0.309821 0.949538 -1.84555
0.828877 -0.515822 0.216542 9.66644 0.556683 0.798825 -0.227996 -15.651 -0.0553739 0.309526 0.949277 -1.98387
0.797608 -0.541379 0.265952 11.5885 0.593606 0.782764 -0.186849 -14.1578 -0.107021 0.306903 0.945704 -2.31753
0.723226 -0.643089 0.251755 13.69 0.687933 0.702919 -0.180699 -12.641 -0.0607578 0.303877 0.950772 -2.62443
0.587202 -0.75321 0.296424 15.542 0.808112 0.566481 -0.161412 -10.8298 -0.046341 0.334326 0.941318 -2.96268
0.530686 -0.784185 0.3216 16.9714 0.84383 0.524431 -0.113677 -8.64851 -0.0795135 0.331703 0.940027 -3.14582
0.377707 -0.855034 0.355323 18.1881 0.920747 0.387365 -0.0466121 -6.31472 -0.0977849 0.344769 0.933581 -3.46217
0.324193 -0.873452 0.363291 19.0139 0.940513 0.33887 -0.0245575 -3.87205 -0.101659 0.349641 0.931352 -3.69571
0.174998 -0.898452 0.40269 19.6768 0.970134 0.22713 0.0851613 -1.40247 -0.167976 0.37576 0.911366 -3.97261
0.0267988 -0.918268 0.395052 20.1833 0.983799 0.0943037 0.152465 1.02936 -0.177258 0.384566 0.905919 -4.45058
-0.226897 -0.886439 0.403415 20.0309 0.964316 -0.146457 0.220557 3.50383 -0.136427 0.439063 0.888038 -4.92793
-0.394888 -0.836174 0.380626 19.3946 0.914377 -0.31742 0.251316 5.96807 -0.0893257 0.447277 0.889924 -5.33223
-0.280079 -0.884553 0.372991 18.2252 0.93769 -0.168845 0.303693 8.44987 -0.205655 0.434808 0.876726 -5.53178
-0.544923 -0.757308 0.359922 17.4681 0.833242 -0.441157 0.333298 10.8986 -0.0936271 0.481524 0.871417 -5.97949
-0.561186 -0.748544 0.353202 16.041 0.819403 -0.442208 0.364734 13.0037 -0.116831 0.494098 0.861521 -6.35241
-0.773283 -0.543295 0.326901 14.5864 0.633981 -0.670715 0.38498 15.0945 0.0100991 0.504948 0.863091 -6.61196
-0.730498 -0.611695 0.303647 12.697 0.678885 -0.602222 0.420052 16.7242 -0.0740814 0.512989 0.855193 -6.55512
-0.845059 -0.451505 0.286388 10.8089 0.534666 -0.716231 0.448493 18.4315 0.00262341 0.532125 0.846662 -6.92864
-0.925431 -0.297566 0.234588 8.50882 0.376386 -0.793314 0.478525 19.7501 0.0437085 0.531138 0.846157 -6.93264
-0.903502 -0.363006 0.227841 6.11159 0.428581 -0.763109 0.483718 20.7993 -0.00172501 0.534689 0.845047 -6.94696
-0.959157 -0.197556 0.20246 3.82673 0.274644 -0.82177 0.499265 21.8199 0.0677433 0.534477 0.842463 -6.98844
-0.987761 -0.0500041 0.14774 1.28375 0.116945 -0.864199 0.489371 22.4228 0.103206 0.500659 0.85947 -6.63207
-0.996604 -0.00645817 0.0820861 -1.42527 0.046528 -0.866669 0.496708 22.5753 0.0679337 0.498841 0.864027 -6.39917
-0.988305 0.151137 0.0202582 -4.18395 -0.121373 -0.860088 0.495497 22.528 0.092312 0.487244 0.868373 -6.22885
-0.979594 0.174504 -0.0997242 -6.67373 -0.200959 -0.858901 0.471067 22.1534 -0.00345015 0.481495 0.876442 -5.91032
-0.947009 0.267604 -0.177659 -9.2672 -0.320352 -0.827218 0.46161 21.377 -0.0234336 0.494062 0.869111 -5.87327
-0.870046 0.421962 -0.254889 -11.5964 -0.492771 -0.75914 0.425303 20.2531 -0.0140343 0.495635 0.868417 -5.85212
-0.796063 0.523121 -0.304348 -13.8502 -0.605145 -0.695571 0.387273 18.8095 -0.00910512 0.492469 0.870282 -5.83055
-0.690996 0.625445 -0.362414 -15.8814 -0.722849 -0.59524 0.350969 17.0477 0.00378848 0.504488 0.86341 -5.80028
-0.535701 0.75386 -0.380421 -17.7362 -0.83626 -0.41121 0.362732 14.9892 0.117016 0.512447 0.850709 -5.92918
-0.474466 0.774217 -0.418891 -19.177 -0.8734 -0.354691 0.333718 12.7482 0.109793 0.524198 0.844489 -5.64212
-0.432981 0.752549 -0.496183 -20.38 -0.901264 -0.371084 0.22365 10.3945 -0.015818 0.544028 0.838918 -5.33912
-0.141213 0.835612 -0.530859 -21.4413 -0.989469 -0.10191 0.102792 7.9193 0.0317948 0.539784 0.841203 -5.39889
-0.193273 0.834781 -0.515545 -21.7752 -0.980786 -0.1786 0.0784943 5.09567 -0.026551 0.52081 0.85326 -5.24033
-0.0382668 0.855088 -0.517069 -22.182 -0.998674 -0.0505583 -0.00970023 2.48859 -0.0344367 0.516012 0.855889 -5.33109
0.0809746 0.857457 -0.508144 -22.1334 -0.996666 0.0645212 -0.0499473 -0.164577 -0.0100416 0.510494 0.859823 -5.36224
