0.99998 -0.00563737 -0.00271023 -0.000509502 0.00570458 0.999659 0.0254649 -0.00325545 0.00256575 -0.0254799 0.999672 -0.00228219
0.979747 -0.200235 -0.00138089 0.345718 0.199667 0.9764 0.082313 -0.0851061 -0.0151336 -0.0809216 0.996606 0.0568353
0.879652 -0.475618 0.000654072 0.553839 0.471828 0.872815 0.124788 0.0282208 -0.0599223 -0.109461 0.992183 -0.0230249
0.833371 -0.551985 -0.02838 0.675688 0.549214 0.821233 0.154728 0.0376809 -0.0621011 -0.144533 0.987549 -0.226315
0.736681 -0.673587 -0.0598518 0.778421 0.671261 0.717667 0.185371 0.144613 -0.0819098 -0.176736 0.980844 -0.367237
0.700594 -0.711917 -0.0483958 1.04442 0.705673 0.681198 0.194925 0.303361 -0.105804 -0.170715 0.979623 -0.445128
0.5445 -0.837812 -0.0398919 1.18098 0.823863 0.525299 0.212866 0.449799 -0.157386 -0.148771 0.976267 -0.462561
0.426184 -0.903634 -0.0425731 1.4642 0.870158 0.396618 0.292438 0.55878 -0.247371 -0.161678 0.955336 -0.564999
0.29959 -0.951782 0.0660092 1.74665 0.895823 0.30443 0.323764 0.84473 -0.328248 -0.0378639 0.943832 -0.443985
0.181491 -0.979312 0.0894993 1.95064 0.902032 0.202032 0.381474 1.05433 -0.391663 0.0114973 0.920037 -0.565059
0.0686822 -0.992812 0.0980135 2.10966 0.904971 0.103351 0.412729 1.38907 -0.419892 0.0603523 0.905565 -0.822185
0.0592643 -0.996395 0.0606968 2.12635 0.880519 0.0808243 0.467069 1.75154 -0.470291 0.0257641 0.882135 -1.0532
-0.0203211 -0.998857 0.0432745 2.1225 0.84695 0.00580218 0.531641 2.25581 -0.531284 0.0474549 0.845864 -1.3433
-0.257093 -0.96063 0.105323 2.1058 0.785385 -0.144192 0.60198 2.36713 -0.563093 0.237484 0.791535 -1.32352
-0.433093 -0.900996 -0.025213 2.04903 0.67987 -0.344912 0.647157 2.72664 -0.591782 0.263138 0.76194 -1.53994
-0.554824 -0.831965 -0.00225512 1.80309 0.583843 -0.391284 0.711354 2.86254 -0.592704 0.393359 0.702831 -1.79732
-0.609738 -0.791647 -0.0389239 1.72169 0.509317 -0.428966 0.746046 3.2108 -0.607302 0.435068 0.664756 -2.14077
-0.633692 -0.772215 -0.0460235 1.43594 0.461356 -0.425011 0.778792 3.43984 -0.620955 0.472281 0.625592 -2.49072
-0.719648 -0.688883 -0.0868765 0.978326 0.39317 -0.507428 0.766769 3.6529 -0.572297 0.517646 0.636018 -2.7009
-0.831559 -0.548144 -0.0897092 0.720788 0.299922 -0.579067 0.758108 3.73229 -0.4675 0.603506 0.645929 -2.87588
-0.903148 -0.425668 -0.0559433 0.43708 0.23056 -0.590797 0.773176 3.8926 -0.362167 0.685394 0.63172 -3.15957
-0.940255 -0.335 -0.060789 -0.112852 0.154606 -0.579177 0.800407 4.00184 -0.303344 0.743188 0.596367 -3.15015
-0.973656 -0.219432 -0.0619947 -0.476935 0.0975212 -0.646492 0.756662 4.09995 -0.206115 0.730683 0.65086 -3.41257
-0.994656 -0.086173 -0.0568738 -0.867791 0.0150863 -0.666226 0.745598 4.27196 -0.102141 0.740755 0.663965 -3.51911
-0.999077 -0.0271969 -0.0332504 -1.28643 -0.00763193 -0.649351 0.760451 4.25854 -0.0422731 0.760002 0.648544 -3.6023
-0.99065 0.132291 -0.0333351 -1.77175 -0.110669 -0.636375 0.7634 4.25286 0.0797771 0.759951 0.645066 -3.58344
-0.968109 0.248892 -0.0285806 -2.16111 -0.173187 -0.582439 0.794211 4.25407 0.181026 0.773833 0.60697 -3.57538
-0.909625 0.415317 0.00970636 -2.70598 -0.24479 -0.554722 0.795211 4.20402 0.335649 0.720968 0.606255 -3.57794
-0.830963 0.546732 0.102886 -3.04683 -0.311161 -0.610056 0.728705 3.95036 0.461172 0.573512 0.677055 -3.52066
-0.754003 0.647389 0.111209 -3.2929 -0.371743 -0.560133 0.740309 3.82267 0.54156 0.516854 0.663004 -3.28727
-0.600982 0.791194 0.113282 -3.65917 -0.450846 -0.452611 0.769338 3.58444 0.659968 0.411285 0.628718 -3.15932
-0.510057 0.8474 0.147495 -3.97301 -0.486162 -0.42548 0.763291 3.41189 0.709569 0.317616 0.628993 -2.88516
-0.430099 0.878946 0.206079 -4.21936 -0.521552 -0.428239 0.737967 3.25837 0.736884 0.209917 0.642601 -2.69556
-0.360469 0.905853 0.222469 -4.62504 -0.549404 -0.398932 0.734172 2.93273 0.753802 0.142421 0.641482 -2.17078
-0.209829 0.94137 0.264186 -4.65917 -0.5916 -0.337366 0.732253 2.60336 0.778448 -0.00264484 0.627703 -1.81513
-0.0680716 0.950674 0.302629 -4.74308 -0.66349 -0.26967 0.697896 2.19027 0.745082 -0.153285 0.64912 -1.64584
-0.0245047 0.938975 0.343111 -4.86309 -0.723237 -0.253597 0.642353 1.70479 0.690165 -0.23241 0.685315 -1.33182
0.080003 0.941526 0.327304 -4.79026 -0.773923 -0.148268 0.615678 1.44276 0.628206 -0.302564 0.716807 -1.05021
0.258057 0.892315 0.370379 -4.86569 -0.838467 0.0163894 0.544706 1.05894 0.479979 -0.451115 0.752406 -0.819056
0.311225 0.889283 0.335134 -4.58024 -0.851075 0.103898 0.514661 0.559154 0.422859 -0.4454 0.789183 -0.431553
0.35431 0.882396 0.309583 -4.30221 -0.853445 0.169809 0.492744 -0.0278739 0.382225 -0.438796 0.813241 -0.203102
0.467245 0.818344 0.334658 -4.05616 -0.831417 0.277952 0.481132 -0.530053 0.300712 -0.503047 0.810257 0.00172471
0.60921 0.715613 0.341703 -3.65224 -0.771299 0.434567 0.465026 -1.11512 0.184286 -0.546854 0.816694 0.0747476
0.662856 0.668389 0.337459 -3.22249 -0.735596 0.497221 0.460077 -1.4518 0.139718 -0.553198 0.821249 0.0909353
0.796674 0.546248 0.258696 -2.92518 -0.603351 0.693441 0.393836 -1.8738 0.0357416 -0.469843 0.882026 0.121891
0.877867 0.405009 0.255573 -2.76474 -0.476951 0.787545 0.390245 -2.27816 -0.043223 -0.464479 0.884529 0.0174881
0.925878 0.329634 0.18464 -2.29073 -0.37573 0.854688 0.358239 -2.5697 -0.0397217 -0.40106 0.91519 0.101415
0.975792 0.179874 0.124402 -1.77976 -0.213809 0.904249 0.369621 -2.88751 -0.0460053 -0.387272 0.920817 0.0979595
0.997596 -0.0253182 0.0645063 -1.16291 8.11675e-05 0.931294 0.36427 -3.00927 -0.069297 -0.363389 0.929057 0.14524
0.99384 -0.106496 0.0306554 -0.622622 0.0949713 0.961028 0.259627 -3.05348 -0.0571099 -0.255117 0.965222 0.170807
0.991756 -0.127597 -0.0117702 0.140706 0.127502 0.973518 0.189754 -3.00527 -0.0127535 -0.189691 0.981761 0.0397832
0.926135 -0.377154 0.00527744 0.823614 0.373165 0.918199 0.132888 -3.04342 -0.054965 -0.121103 0.991117 0.219763
0.910483 -0.412848 0.0240064 1.76599 0.411098 0.909875 0.0559126 -2.7202 -0.0449262 -0.0410385 0.998147 0.224383
0.861079 -0.508395 -0.00880944 2.254 0.504816 0.852688 0.134476 -2.47155 -0.060855 -0.120241 0.990878 0.0736532
0.795753 -0.6053 -0.0197279 2.7655 0.600463 0.784314 0.155873 -2.07989 -0.0788769 -0.135882 0.98758 0.0800409
0.68724 -0.725779 0.0307667 3.28337 0.720006 0.686171 0.103731 -1.72839 -0.0963967 -0.0491357 0.994129 -0.00912486
0.603634 -0.79663 0.0317195 3.81088 0.784735 0.600704 0.152793 -1.18933 -0.140774 -0.0673399 0.987749 -0.175989
0.524749 -0.843004 0.118247 4.32119 0.823965 0.537892 0.178195 -0.614134 -0.213824 0.00392381 0.976864 -0.182372
0.415044 -0.900421 0.130308 4.64346 0.849457 0.434813 0.298932 -0.0913467 -0.325825 -0.0133794 0.945336 -0.38077
0.292964 -0.942223 0.162443 4.89474 0.863762 0.333668 0.377599 0.526845 -0.409984 0.0296891 0.911609 -0.689546
0.146497 -0.96976 0.195204 5.204 0.894998 0.213987 0.391393 1.12907 -0.421328 0.11737 0.899281 -1.066
0.00683346 -0.991614 0.129053 5.19125 0.890278 0.064802 0.450783 1.56009 -0.455366 0.111813 0.883255 -1.34267
-0.0779884 -0.983567 0.16283 5.1577 0.85751 0.01713 0.514182 2.31079 -0.508522 0.179729 0.842083 -1.68539
-0.145405 -0.972929 0.179631 5.08308 0.800945 -0.00917019 0.598668 2.89787 -0.580814 0.230923 0.780595 -2.14369
-0.323566 -0.936363 0.136124 4.88378 0.715465 -0.147971 0.682799 3.46406 -0.619205 0.318323 0.717813 -2.46134
-0.354797 -0.928863 0.106449 4.45605 0.665611 -0.170991 0.726446 4.04418 -0.656567 0.328595 0.678929 -3.00639
-0.503863 -0.860955 0.0698423 3.98999 0.574266 -0.273485 0.771638 4.40458 -0.645245 0.428908 0.632216 -3.44184
-0.673137 -0.737673 0.0521989 3.71514 0.460557 -0.362945 0.810036 4.77251 -0.578597 0.569305 0.584053 -3.89645
-0.744784 -0.666259 0.0373641 3.026 0.412173 -0.415272 0.810964 5.1846 -0.524796 0.619394 0.583902 -4.27744
-0.836029 -0.547152 0.0409974 2.30096 0.34747 -0.470131 0.811321 5.35688 -0.424642 0.692533 0.583162 -4.76179
-0.898702 -0.43854 0.00426466 1.69076 0.266096 -0.537531 0.800159 5.50723 -0.348609 0.720239 0.599773 -5.16261
-0.942568 -0.330785 -0.0463359 0.990736 0.17332 -0.602956 0.778719 5.7207 -0.285527 0.725965 0.625659 -5.46261
-0.977062 -0.209137 -0.0401571 0.245068 0.0980249 -0.609081 0.787027 5.95677 -0.189055 0.765038 0.61561 -5.74566
-0.989509 -0.142876 -0.0214167 -0.719078 0.0667074 -0.583332 0.80949 6.18212 -0.12815 0.799569 0.586743 -5.86214
-0.985684 0.166989 0.0232546 -1.31968 -0.0813233 -0.591715 0.802035 6.1864 0.147691 0.788662 0.596825 -5.94803
-0.985611 0.168702 0.0104628 -2.19633 -0.0918962 -0.586781 0.804514 6.09567 0.141863 0.791977 0.593841 -6.01331
-0.957895 0.287029 -0.0071498 -2.99692 -0.16965 -0.545728 0.82061 6.03442 0.231637 0.787271 0.571444 -5.9625
-0.903907 0.425577 0.0428452 -3.90673 -0.21808 -0.544716 0.809769 5.96416 0.367957 0.722612 0.585183 -5.61648
-0.851185 0.51944 0.0752792 -4.61996 -0.225523 -0.491465 0.841191 5.82489 0.473945 0.699031 0.535473 -5.33487
-0.778913 0.614726 0.124119 -5.30731 -0.264961 -0.501962 0.823304 5.50435 0.56841 0.608396 0.553863 -5.05297
-0.671173 0.728195 0.138777 -5.98247 -0.360382 -0.484116 0.797343 5.09742 0.647805 0.485143 0.587354 -4.54857
-0.568842 0.81136 0.134588 -6.54658 -0.418027 -0.426158 0.802274 4.70265 0.708289 0.400105 0.581587 -3.9304
-0.407654 0.891815 0.196172 -6.93191 -0.488954 -0.394627 0.777942 4.48179 0.771195 0.221212 0.596928 -3.42852
-0.257807 0.949344 0.17967 -7.22051 -0.576222 -0.300337 0.760109 4.15126 0.775566 0.0924315 0.624462 -2.73841
-0.167188 0.969527 0.179068 -7.49538 -0.614285 -0.244497 0.75025 3.5583 0.771169 0.0154343 0.636443 -1.9735
-0.110032 0.970968 0.2124 -7.6785 -0.660565 -0.231113 0.714311 3.02827 0.742662 -0.0617064 0.666818 -1.21393
0.0418127 0.981547 0.186592 -7.78416 -0.716751 -0.100641 0.690028 2.40632 0.696074 -0.162592 0.699317 -0.664272
0.148141 0.971837 0.18327 -7.75407 -0.806939 0.0116438 0.590519 1.92815 0.571754 -0.235368 0.785938 -0.0442107
0.281558 0.930562 0.234052 -7.52069 -0.836501 0.118539 0.53499 0.968707 0.470097 -0.346415 0.811791 0.389699
0.318325 0.922492 0.218351 -7.1818 -0.868633 0.19159 0.456914 0.242752 0.379666 -0.335114 0.862295 0.866285
0.3986 0.872383 0.282959 -6.83819 -0.866649 0.257344 0.427427 -0.55027 0.300062 -0.415599 0.858627 1.17537
0.540143 0.786166 0.300314 -6.51231 -0.822322 0.41715 0.387005 -1.44165 0.178974 -0.455993 0.871802 1.3996
0.583549 0.771315 0.254055 -5.97715 -0.798556 0.488176 0.352125 -2.50111 0.147576 -0.40836 0.900813 1.50625
0.691493 0.667157 0.277019 -5.291 -0.717968 0.592387 0.365514 -3.21232 0.0797522 -0.451641 0.888628 1.57143
0.749907 0.585045 0.308808 -4.69846 -0.661511 0.658533 0.3588 -3.98461 0.00655411 -0.473346 0.880852 1.43888
0.847793 0.460309 0.263369 -4.01085 -0.525653 0.795163 0.30233 -4.6403 -0.070256 -0.394754 0.916097 1.4146
0.908454 0.351896 0.225568 -3.17755 -0.40523 0.873775 0.268897 -5.17412 -0.102472 -0.335688 0.936383 1.23364
0.955488 0.241794 0.169052 -2.14218 -0.281037 0.920307 0.272126 -5.68156 -0.0897816 -0.307523 0.947296 1.15373
0.988125 0.0918861 0.123152 -1.22185 -0.12037 0.961062 0.248739 -5.88414 -0.0955011 -0.260609 0.960709 0.928007
0.995246 0.00665589 0.0971633 -0.241351 -0.0256283 0.980398 0.195352 -6.00732 -0.0939585 -0.196914 0.975908 0.877619
0.989518 -0.141798 0.0273536 0.812153 0.135888 0.978366 0.155996 -5.95142 -0.0488818 -0.150644 0.987379 0.681045
0.958544 -0.284282 0.0194314 1.94106 0.277093 0.945858 0.169034 -5.83974 -0.0664327 -0.156643 0.985419 0.454544
0.902878 -0.423466 0.074081 2.88047 0.41691 0.904541 0.0893983 -5.55849 -0.104866 -0.0498306 0.993237 0.490825
0.865869 -0.496517 0.0611655 3.81522 0.491909 0.86727 0.0766014 -5.12078 -0.0910809 -0.036239 0.995184 0.256693
0.783876 -0.618502 0.0547024 4.66927 0.615081 0.78554 0.0678336 -4.48278 -0.0849262 -0.0195267 0.996196 0.406258
0.765456 -0.640757 0.059224 5.46256 0.633539 0.766544 0.105066 -3.75966 -0.112719 -0.0429024 0.9927 0.120367
0.679716 -0.725466 0.108097 6.16294 0.711116 0.687911 0.145231 -3.05598 -0.179721 -0.0218462 0.983475 -0.119883
0.556543 -0.810286 0.183569 6.78791 0.78938 0.584624 0.187333 -2.27026 -0.259113 0.040647 0.964991 -0.33922
0.459155 -0.859016 0.226426 7.26896 0.826997 0.506406 0.24419 -1.46987 -0.324427 0.0751331 0.942922 -0.667574
0.280489 -0.918137 0.27991 7.77189 0.893747 0.356171 0.272687 -0.625108 -0.35006 0.173684 0.920485 -1.01641
0.19789 -0.940719 0.275475 8.13115 0.900345 0.285558 0.328384 0.426357 -0.387581 0.183039 0.903481 -1.44469
-0.034141 -0.95256 0.30243 8.24766 0.906623 0.0978191 0.410447 1.26283 -0.420559 0.288203 0.860273 -1.80922
-0.149573 -0.933693 0.325339 8.24604 0.865792 0.0352337 0.499162 2.06102 -0.477527 0.356337 0.803114 -2.39088
-0.314664 -0.907585 0.277986 8.1242 0.797248 -0.0937606 0.596325 2.97314 -0.515152 0.409266 0.753074 -2.95908
-0.414645 -0.85642 0.307595 7.78225 0.733787 -0.114769 0.669615 3.89528 -0.538169 0.503362 0.676018 -3.50888
-0.529375 -0.828324 0.183416 7.23449 0.651776 -0.258679 0.712933 4.59545 -0.543094 0.496955 0.67682 -4.21467
-0.650877 -0.748407 0.127457 6.62269 0.5438 -0.342453 0.766164 5.17459 -0.529755 0.56799 0.629879 -4.89813
-0.704841 -0.70744 0.0522274 5.99076 0.433054 -0.370811 0.821561 5.8499 -0.561839 0.601688 0.567723 -5.62507
-0.765135 -0.639203 0.0773849 5.07574 0.380449 -0.351862 0.855249 6.33927 -0.519449 0.683822 0.512406 -6.18316
-0.789454 -0.611014 0.0585206 4.04405 0.365526 -0.39139 0.844514 6.70366 -0.493106 0.688096 0.532326 -6.839
-0.874157 -0.485087 -0.0232513 3.10945 0.263571 -0.514095 0.816233 7.13254 -0.407897 0.707387 0.577254 -7.41026
-0.933122 -0.359334 -0.0127183 2.02496 0.190072 -0.522989 0.830876 7.44767 -0.305214 0.772891 0.556313 -7.85944
-0.981481 -0.191364 -0.00866762 0.842178 0.10121 -0.556446 0.824697 7.76319 -0.162641 0.808547 0.565509 -8.21397
-0.993082 -0.112992 -0.0319618 -0.300852 0.033481 -0.533351 0.845231 7.86815 -0.112551 0.838313 0.533444 -8.26835
-0.99919 0.0290659 0.0278367 -1.70364 0.0105915 -0.477377 0.878635 7.94319 0.0388269 0.878218 0.476682 -8.31243
-0.98815 0.152173 -0.0200933 -2.83516 -0.100353 -0.541432 0.834734 7.93348 0.116144 0.826858 0.550287 -8.33798
-0.932388 0.36093 -0.0195407 -3.95072 -0.199078 -0.467651 0.861203 7.8072 0.301696 0.806865 0.507886 -8.33301
-0.894593 0.445373 0.0366873 -5.16478 -0.215484 -0.501834 0.837693 7.55817 0.391497 0.741489 0.544908 -7.92318
-0.789394 0.613051 0.0320347 -6.22076 -0.297444 -0.427609 0.853626 7.33141 0.537014 0.664319 0.5199 -7.54873
-0.765746 0.640722 0.0557428 -7.20049 -0.298875 -0.431257 0.851288 7.02789 0.569479 0.635211 0.521729 -6.85458
-0.625515 0.775117 0.0890208 -8.08843 -0.366081 -0.392338 0.843834 6.63991 0.688996 0.495241 0.529169 -6.11411
-0.554815 0.826057 0.0990463 -8.91855 -0.379214 -0.357051 0.853646 5.97583 0.740525 0.436056 0.51135 -5.14199
-0.442795 0.881532 0.163813 -9.55204 -0.43406 -0.370615 0.821119 5.57828 0.784554 0.292482 0.546744 -4.25685
-0.334355 0.939894 0.0693276 -10.1197 -0.479334 -0.23293 0.846158 5.00311 0.811447 0.249686 0.528404 -3.18408
-0.228743 0.972101 0.0519283 -10.593 -0.606617 -0.184056 0.773395 4.41604 0.761375 0.145408 0.631794 -2.08481
-0.0572133 0.998361 0.00157641 -10.7394 -0.679852 -0.0401166 0.732251 3.62598 0.731114 0.0408228 0.681033 -1.21325
0.030709 0.994442 0.100709 -10.8121 -0.718295 -0.0481086 0.694074 2.6741 0.695061 -0.0936529 0.712825 -0.181707
0.158525 0.985684 0.0574179 -10.641 -0.799702 0.0940715 0.592981 1.88765 0.579091 -0.139919 0.803166 0.642315
0.330458 0.934661 0.13117 -10.4791 -0.829243 0.221154 0.51327 0.659961 0.450725 -0.278387 0.848144 1.33414
0.43323 0.887056 0.15951 -10.1132 -0.849888 0.343166 0.399908 -0.387832 0.300003 -0.308818 0.902568 1.82251
0.522763 0.832389 0.183975 -9.51438 -0.83435 0.455319 0.310717 -1.56292 0.174871 -0.315931 0.932528 2.27679
0.442692 0.866095 0.232171 -8.92403 -0.879902 0.369752 0.298424 -2.74186 0.172618 -0.336397 0.925764 2.52561
0.534863 0.798746 0.275549 -8.28534 -0.842552 0.479696 0.244944 -3.90531 0.0634681 -0.363176 0.929556 2.7586
0.715941 0.627069 0.306941 -7.4461 -0.693712 0.688492 0.211523 -5.10379 -0.0786865 -0.364367 0.927925 2.87705
0.826513 0.465901 0.315931 -6.48741 -0.540691 0.813209 0.215278 -6.18131 -0.156619 -0.348751 0.924036 2.73212
0.844119 0.439103 0.307655 -5.30108 -0.508252 0.838045 0.198396 -6.9581 -0.170713 -0.323837 0.930584 2.48594
0.879275 0.382331 0.284075 -4.25137 -0.441094 0.878667 0.182704 -7.84371 -0.179754 -0.285951 0.941234 2.26225
0.94162 0.238444 0.237691 -2.84893 -0.284448 0.94111 0.182759 -8.45401 -0.180116 -0.2397 0.953993 1.95492
0.969212 0.155142 0.191205 -1.67665 -0.186708 0.96931 0.159931 -8.83306 -0.160525 -0.190707 0.968433 1.72376
0.976108 0.12985 0.174217 -0.320928 -0.153734 0.979334 0.131417 -9.01065 -0.153552 -0.155061 0.975898 1.36446
0.990937 -0.0385309 0.128679 1.17819 0.0247694 0.993963 0.106881 -9.0191 -0.132021 -0.102725 0.98591 1.01164
0.966231 -0.244221 0.0821868 2.65576 0.236628 0.967217 0.0921893 -8.90581 -0.102007 -0.0696284 0.992344 0.756699
0.882976 -0.457364 0.105696 4.07481 0.453796 0.889276 0.0570721 -8.29777 -0.120096 -0.00242884 0.992759 0.529931
0.81245 -0.57157 0.115031 5.32697 0.569274 0.820293 0.0551875 -7.66976 -0.125903 0.0206473 0.991828 0.399879
0.701306 -0.698259 0.143542 6.48444 0.69499 0.714525 0.0802691 -6.89554 -0.158613 0.0434669 0.986384 0.294704
0.759899 -0.632252 0.151034 7.411 0.624302 0.774572 0.101418 -5.90016 -0.181108 0.0172238 0.983312 0.0639201
0.595735 -0.777835 0.200182 8.3553 0.770624 0.623791 0.130475 -5.12871 -0.22636 0.0765362 0.971032 -0.224366
0.532091 -0.809511 0.248134 9.20907 0.794684 0.578607 0.18355 -4.17734 -0.292158 0.0995228 0.951178 -0.603454
0.442813 -0.846454 0.295688 9.89576 0.819978 0.515715 0.248343 -2.93547 -0.362702 0.132488 0.922439 -1.00816
0.336595 -0.874372 0.34954 10.4767 0.832579 0.449756 0.323315 -1.70947 -0.439905 0.182193 0.879369 -1.65598
0.154958 -0.920319 0.359167 11.0153 0.874989 0.296646 0.382616 -0.464977 -0.458674 0.254978 0.851237 -2.05985
-0.064887 -0.927187 0.368937 11.1609 0.883512 0.118492 0.453173 0.814808 -0.463892 0.355365 0.811492 -2.67343
-0.0710703 -0.931454 0.356851 10.9883 0.818275 0.150143 0.554872 1.96528 -0.570416 0.331437 0.751515 -3.44006
-0.343609 -0.882281 0.321736 10.9537 0.758812 -0.0589902 0.648632 3.1394 -0.553296 0.467013 0.689755 -4.33508
-0.445209 -0.842917 0.302125 10.3918 0.679926 -0.0986836 0.72661 4.26511 -0.582657 0.528916 0.617056 -4.98158
-0.522035 -0.818208 0.240861 9.73534 0.630167 -0.179694 0.755381 5.27399 -0.574778 0.546118 0.609414 -5.85673
-0.686313 -0.70274 0.187434 9.03748 0.525188 -0.300566 0.796139 6.08582 -0.503142 0.644839 0.575353 -6.76616
-0.731356 -0.665326 0.149867 8.05297 0.465496 -0.326385 0.82267 6.80191 -0.498429 0.671427 0.54841 -7.55228
-0.775667 -0.619566 0.120331 6.94592 0.404097 -0.341067 0.848751 7.29731 -0.484816 0.706974 0.514919 -8.39924
-0.819043 -0.567233 0.0861073 5.84351 0.345363 -0.367601 0.863477 8.01216 -0.45814 0.736964 0.496983 -9.10795
-0.894199 -0.443241 0.0628195 4.50314 0.279421 -0.442971 0.851881 8.57313 -0.349761 0.779304 0.519955 -9.66576
-0.951894 -0.303416 0.042851 3.10114 0.190138 -0.475184 0.859097 8.93168 -0.240301 0.825917 0.510015 -10.2484
-0.959595 -0.278162 0.0424613 1.51494 0.175023 -0.471884 0.864114 9.25185 -0.220326 0.836631 0.501502 -10.7059
-0.999026 0.0283681 0.0338068 -0.00345298 0.0167516 -0.464949 0.885179 9.50973 0.0408293 0.884883 0.464021 -11.0774
-0.998324 0.0524067 -0.0245646 -1.72459 -0.0457527 -0.454629 0.889505 9.36288 0.0354483 0.889138 0.456265 -10.9979
-0.997972 0.0618178 -0.0151844 -3.33966 -0.0428689 -0.476349 0.878211 9.34629 0.0470559 0.87708 0.478033 -10.9772
-0.919834 0.390099 -0.041579 -5.05562 -0.22411 -0.435514 0.871839 9.22748 0.321995 0.811265 0.488025 -10.9099
-0.92852 0.371114 -0.0111809 -6.47523 -0.190217 -0.449625 0.872728 8.92433 0.318855 0.812473 0.488078 -10.2572
-0.870552 0.492035 0.006341 -8.04512 -0.232346 -0.422379 0.876134 8.63802 0.433767 0.761248 0.482025 -9.67661
-0.70384 0.710035 0.021447 -9.18394 -0.334711 -0.358119 0.871619 8.19426 0.62656 0.606302 0.489715 -8.85949
-0.574259 0.81707 0.0512161 -10.5069 -0.368035 -0.313535 0.875355 7.63691 0.731284 0.483831 0.480761 -7.71668
-0.514775 0.855127 0.0613519 -11.4399 -0.394095 -0.299578 0.868874 7.06083 0.761377 0.423096 0.491217 -6.54471
-0.52156 0.848366 0.0908309 -12.3439 -0.378055 -0.325223 0.866778 6.44923 0.764886 0.417738 0.490352 -5.13587
-0.338346 0.940632 0.027092 -13.2025 -0.502934 -0.205089 0.83964 5.65806 0.795348 0.270464 0.542467 -3.89788
-0.158282 0.987387 0.00369615 -13.586 -0.606549 -0.100185 0.788709 4.88832 0.779131 0.122597 0.614756 -2.61363
0.0172748 0.999774 -0.0123918 -13.8166 -0.71445 0.0210132 0.699371 3.84305 0.699474 -0.00322816 0.714651 -1.2805
-0.0594183 0.99798 0.0224815 -13.7977 -0.741188 -0.0591927 0.668683 2.61685 0.668663 0.0230691 0.743207 -0.0151253
0.189742 0.98183 0.00279072 -13.6937 -0.807819 0.154497 0.568823 1.4198 0.558057 -0.110184 0.822455 0.946859
0.418954 0.906953 0.0437404 -13.5113 -0.801384 0.346679 0.48744 0.00429355 0.426922 -0.239268 0.87206 2.02385
0.441826 0.892646 0.0892932 -12.7614 -0.833778 0.371868 0.408079 -1.33412 0.331065 -0.25475 0.908569 2.62133
0.563431 0.817461 0.119596 -12.0856 -0.79913 0.502526 0.329939 -2.91113 0.209612 -0.281471 0.936396 3.1937
