0.99999 -0.00354661 -0.00282255 -0.00045153 0.00358453 0.999902 0.0135445 -0.000934894 0.00277423 -0.0135545 0.999904 -0.00251093
0.97962 -0.200852 0.00156948 0.346249 0.200213 0.977071 0.0724415 -0.0818371 -0.0160835 -0.070651 0.997371 0.0511781
0.877044 -0.480376 0.00581212 0.556412 0.47648 0.871348 0.117133 0.0256688 -0.0613324 -0.0999617 0.993099 -0.0233018
0.829364 -0.558136 -0.0252905 0.684228 0.555616 0.819172 0.1423 0.0178569 -0.0587053 -0.13207 0.9895 -0.229835
0.732857 -0.677486 -0.0627116 0.794583 0.677393 0.7179 0.160494 0.102254 -0.063712 -0.1601 0.985043 -0.370078
0.695953 -0.71478 -0.0688386 1.06715 0.715788 0.682864 0.146098 0.24101 -0.0574203 -0.150951 0.986872 -0.437815
0.540938 -0.837905 -0.0728099 1.19707 0.837456 0.528589 0.138782 0.372958 -0.0777992 -0.136047 0.987643 -0.446305
0.422061 -0.901697 -0.0938448 1.46914 0.897084 0.400468 0.186724 0.476878 -0.130787 -0.162996 0.97792 -0.533312
0.296447 -0.955027 0.0064483 1.71916 0.932465 0.29089 0.214223 0.742318 -0.206465 -0.0574931 0.976763 -0.377021
0.178441 -0.983612 0.0258265 1.90546 0.946994 0.178805 0.26689 0.962866 -0.267134 -0.0231664 0.963381 -0.453016
0.0651681 -0.997471 0.0283629 2.05807 0.955012 0.0705846 0.288046 1.32385 -0.28932 0.00831544 0.957196 -0.652133
0.059704 -0.9982 -0.00565089 2.07079 0.943976 0.0546183 0.325464 1.70819 -0.32457 -0.0247658 0.945538 -0.826725
-0.0152019 -0.999677 -0.0203818 2.07014 0.927024 -0.0217299 0.374371 2.24683 -0.374693 -0.0132032 0.927055 -1.03614
-0.245771 -0.967988 0.0509477 2.048 0.876814 -0.199598 0.437444 2.34757 -0.413272 0.152183 0.897801 -0.992611
-0.420106 -0.904685 -0.0711038 2.0002 0.784629 -0.401484 0.472406 2.73508 -0.455926 0.14267 0.878508 -1.13703
-0.540426 -0.840682 -0.0345378 1.76842 0.701659 -0.47295 0.53291 2.91553 -0.464343 0.263765 0.845467 -1.36502
-0.596207 -0.800679 -0.0587438 1.70123 0.642776 -0.519906 0.562616 3.32632 -0.481016 0.297676 0.824629 -1.62237
-0.622186 -0.781431 -0.0474358 1.42623 0.612285 -0.523477 0.59252 3.6293 -0.487845 0.339613 0.804158 -1.90441
-0.708847 -0.699191 -0.0930951 0.971355 0.532448 -0.616964 0.579529 3.89096 -0.462638 0.361229 0.809617 -2.04541
-0.822896 -0.558734 -0.103243 0.710826 0.409644 -0.709316 0.573639 4.0108 -0.393743 0.429753 0.812575 -2.18286
-0.896078 -0.435852 -0.0841272 0.426041 0.304753 -0.741843 0.597322 4.23629 -0.322753 0.50961 0.797577 -2.40948
-0.932901 -0.34616 -0.0993408 -0.1326 0.206344 -0.739861 0.640334 4.33824 -0.295156 0.57687 0.761645 -2.37829
-0.966887 -0.228307 -0.114041 -0.497532 0.118463 -0.797316 0.591823 4.49191 -0.226044 0.558716 0.79796 -2.61319
-0.988938 -0.0960761 -0.113006 -0.898014 0.0117053 -0.810043 0.586253 4.6783 -0.147865 0.578445 0.802208 -2.68631
-0.994714 -0.0404909 -0.0943641 -1.32117 -0.0254641 -0.792998 0.608692 4.67751 -0.0994769 0.607878 0.787775 -2.781
-0.988643 0.115307 -0.0963776 -1.81649 -0.150254 -0.770551 0.619415 4.66006 -0.002841 0.626862 0.779125 -2.78061
-0.970153 0.226569 -0.0864294 -2.21638 -0.225647 -0.712934 0.663934 4.65445 0.0888081 0.66362 0.74278 -2.78471
-0.918516 0.39284 -0.044776 -2.76976 -0.317713 -0.665923 0.674985 4.59764 0.235344 0.634211 0.736471 -2.81706
-0.845871 0.531869 0.0402227 -3.11593 -0.403353 -0.687178 0.604229 4.33268 0.349011 0.494876 0.795795 -2.81383
-0.772936 0.632455 0.0506999 -3.38046 -0.469399 -0.623762 0.624969 4.16241 0.426889 0.459262 0.779002 -2.61005
-0.626367 0.77813 0.046663 -3.75552 -0.564097 -0.493765 0.661809 3.89958 0.538014 0.388213 0.748219 -2.53459
-0.53907 0.838576 0.0786997 -4.08818 -0.60316 -0.449568 0.658852 3.67832 0.587879 0.307699 0.748144 -2.30204
-0.460612 0.87784 0.131277 -4.34762 -0.637997 -0.430265 0.638617 3.49032 0.617088 0.210401 0.758244 -2.14505
-0.392107 0.908377 0.145271 -4.78161 -0.663931 -0.38875 0.638803 3.07793 0.636748 0.154029 0.755531 -1.69492
-0.243764 0.953858 0.175313 -4.8334 -0.71123 -0.298713 0.636335 2.69441 0.659342 0.0304279 0.751228 -1.38629
-0.0996685 0.973663 0.205053 -4.91332 -0.781719 -0.204122 0.589279 2.25474 0.615615 -0.101561 0.781476 -1.28342
-0.051549 0.969902 0.237977 -5.03723 -0.837748 -0.171711 0.518358 1.71745 0.543619 -0.172644 0.821384 -1.06084
0.0610628 0.973764 0.219213 -4.98151 -0.874021 -0.0538995 0.482889 1.41163 0.482035 -0.221084 0.8478 -0.819157
0.257173 0.932436 0.253823 -5.06434 -0.901079 0.136475 0.411621 0.988781 0.34917 -0.334572 0.875295 -0.667344
0.320356 0.92405 0.208575 -4.80159 -0.895854 0.223955 0.383783 0.437649 0.307924 -0.3098 0.899559 -0.344148
0.374308 0.911498 0.170485 -4.52303 -0.877239 0.28847 0.383715 -0.168162 0.300576 -0.293184 0.907578 -0.189454
0.497557 0.847788 0.183556 -4.27051 -0.827801 0.400842 0.392519 -0.677788 0.259196 -0.347248 0.901241 -0.0354852
0.646414 0.737102 0.197051 -3.81071 -0.740174 0.543132 0.396422 -1.23366 0.185179 -0.402105 0.896672 0.00480155
0.698487 0.683463 0.212118 -3.3373 -0.700071 0.591142 0.400563 -1.53603 0.148378 -0.428286 0.891378 0.0298431
0.829941 0.538644 0.145123 -3.0057 -0.55386 0.76457 0.329654 -1.95355 0.0666097 -0.353971 0.932881 0.0410009
0.903267 0.398335 0.15949 -2.80582 -0.428956 0.847201 0.313446 -2.35548 -0.0102635 -0.351539 0.936117 -0.083431
0.94253 0.318529 0.100875 -2.32358 -0.334118 0.899803 0.280571 -2.6485 -0.0013975 -0.298151 0.954518 0.00239612
0.984271 0.169376 0.0502238 -1.79785 -0.176646 0.939279 0.294196 -2.95505 0.00265564 -0.298441 0.954425 0.00183897
0.999462 -0.0325829 -0.00385118 -1.17785 0.0322678 0.954913 0.295126 -3.0677 -0.00593855 -0.295092 0.95545 0.0713409
0.992961 -0.11656 -0.0210145 -0.637426 0.118421 0.973906 0.193608 -3.09276 -0.00210096 -0.194734 0.980854 0.123582
0.99038 -0.136473 -0.0228436 0.135568 0.138369 0.977918 0.156623 -3.00054 0.000964247 -0.158277 0.987394 0.00908789
0.922657 -0.385551 0.00742117 0.825332 0.382481 0.917422 0.109746 -3.02796 -0.0491212 -0.0984197 0.993932 0.187435
0.908123 -0.417126 0.0363198 1.779 0.415458 0.908466 0.0456457 -2.70534 -0.0520354 -0.0263625 0.998297 0.189347
0.859915 -0.510436 -0.000805293 2.27929 0.506817 0.853628 0.120229 -2.47988 -0.0606819 -0.103795 0.992746 0.0290087
0.793716 -0.607915 -0.0213243 2.80045 0.604754 0.784846 0.135239 -2.11851 -0.0654775 -0.120237 0.990583 0.0247997
0.68266 -0.730614 0.0133258 3.32316 0.72879 0.682059 0.0605008 -1.7945 -0.0532917 -0.0315898 0.998079 -0.0565919
0.593548 -0.804736 -0.0100124 3.84 0.802921 0.591269 0.0756282 -1.26412 -0.0549407 -0.0529282 0.997086 -0.19857
0.513198 -0.856522 0.0547496 4.32459 0.851754 0.51611 0.0902517 -0.692333 -0.105559 0.000316265 0.994413 -0.137596
0.408635 -0.910727 0.0599479 4.62582 0.890796 0.41227 0.19109 -0.145648 -0.198745 -0.0246845 0.97974 -0.256583
0.289543 -0.95319 0.0871458 4.86152 0.916792 0.302342 0.260925 0.513752 -0.275059 0.00434565 0.961418 -0.462323
0.142428 -0.982729 0.118145 5.1605 0.948012 0.169757 0.269176 1.17126 -0.284583 0.0736645 0.955817 -0.727565
0.00433948 -0.998656 0.0516471 5.14731 0.948606 0.020454 0.315798 1.63064 -0.316429 0.0476224 0.94742 -0.948744
-0.0743549 -0.992943 0.0923853 5.1123 0.929344 -0.0353981 0.367515 2.41851 -0.361651 0.113184 0.925418 -1.1803
-0.135583 -0.984866 0.107961 5.04609 0.895123 -0.075055 0.439456 3.06521 -0.424703 0.156221 0.891753 -1.53286
-0.308737 -0.948045 0.076762 4.85359 0.828222 -0.228276 0.5118 3.67308 -0.467686 0.221587 0.855669 -1.75152
-0.339537 -0.9389 0.056406 4.44833 0.79753 -0.255583 0.546464 4.34904 -0.498658 0.23053 0.835581 -2.1806
-0.488046 -0.872133 0.0345861 3.99633 0.717626 -0.378398 0.584661 4.79292 -0.496815 0.310161 0.81054 -2.53964
-0.661054 -0.74957 0.033953 3.73813 0.602089 -0.502898 0.620147 5.25891 -0.447768 0.430393 0.783751 -2.89438
-0.737081 -0.675637 0.0150082 3.05508 0.535088 -0.569898 0.623616 5.75808 -0.412785 0.467687 0.781586 -3.15412
-0.830884 -0.556373 0.00900666 2.3244 0.437768 -0.643598 0.627806 6.04462 -0.343498 0.525577 0.778317 -3.57574
-0.894135 -0.445673 -0.0435698 1.71157 0.325229 -0.713198 0.620947 6.28863 -0.307813 0.54104 0.782641 -3.93035
-0.935787 -0.335864 -0.107227 1.00836 0.208192 -0.771856 0.600745 6.55645 -0.284532 0.539846 0.792217 -4.19153
-0.969795 -0.216998 -0.111398 0.260199 0.103282 -0.779044 0.618403 6.83297 -0.220976 0.588219 0.777925 -4.44433
-0.983157 -0.156063 -0.0951136 -0.711638 0.0562981 -0.753722 0.654778 7.044 -0.173876 0.638395 0.749813 -4.56301
-0.987151 0.15105 -0.0521219 -1.31073 -0.147907 -0.740332 0.655768 7.04554 0.0604663 0.655052 0.753161 -4.6819
-0.986628 0.149264 -0.0654651 -2.18079 -0.154626 -0.730175 0.665534 6.93685 0.0515392 0.666757 0.743491 -4.8228
-0.961692 0.261708 -0.0815921 -2.98399 -0.243626 -0.67948 0.692064 6.83717 0.125679 0.685431 0.71721 -4.83968
-0.915569 0.401161 -0.0283576 -3.91422 -0.308886 -0.656311 0.688364 6.66898 0.257533 0.639004 0.724811 -4.57878
-0.870656 0.491809 0.00906657 -4.64224 -0.327196 -0.592806 0.735883 6.45642 0.367288 0.637734 0.677048 -4.37841
-0.804404 0.591376 0.056639 -5.33937 -0.376816 -0.581602 0.720936 6.0689 0.459286 0.558582 0.690683 -4.20427
-0.700198 0.71075 0.0675126 -6.03627 -0.480072 -0.538708 0.692333 5.56055 0.528445 0.452359 0.718413 -3.82315
-0.601738 0.796286 0.0619589 -6.63071 -0.54392 -0.465362 0.698276 5.05124 0.584861 0.386479 0.713142 -3.31817
-0.444764 0.88712 0.123302 -7.04668 -0.61894 -0.403936 0.673609 4.73489 0.647378 0.223281 0.72873 -2.88979
-0.293995 0.950194 0.103433 -7.37673 -0.703062 -0.288294 0.650069 4.28548 0.647511 0.118398 0.752802 -2.28412
-0.204048 0.973817 0.100227 -7.69016 -0.742929 -0.220709 0.631937 3.56101 0.637511 0.0544839 0.768512 -1.65084
-0.144604 0.980889 0.130182 -7.9166 -0.790101 -0.193664 0.58158 2.89426 0.595676 -0.0187577 0.803006 -1.01186
0.0110784 0.995658 0.0924217 -8.04512 -0.83574 -0.0415274 0.547553 2.17477 0.549014 -0.0833065 0.831651 -0.595222
0.131129 0.987634 0.0859346 -8.05216 -0.89914 0.0819726 0.429915 1.58599 0.417555 -0.133642 0.89877 -0.0716996
0.275866 0.952377 0.129909 -7.82091 -0.901228 0.209291 0.379455 0.563474 0.334195 -0.221756 0.916044 0.18899
0.326861 0.939178 0.105385 -7.50325 -0.907993 0.281149 0.310652 -0.231735 0.262128 -0.197229 0.944664 0.557754
0.426192 0.891315 0.154658 -7.16433 -0.877326 0.365554 0.310917 -1.0561 0.220589 -0.268196 0.937769 0.760607
0.597732 0.78897 0.142281 -6.81572 -0.783763 0.537757 0.310697 -1.94783 0.168618 -0.297228 0.9398 0.892948
0.645118 0.759643 0.082249 -6.17094 -0.744541 0.600776 0.291078 -2.93316 0.171702 -0.249017 0.953157 0.973474
0.733715 0.664041 0.143918 -5.39789 -0.670887 0.674484 0.308192 -3.55045 0.107581 -0.322677 0.940375 1.10569
0.782284 0.588417 0.204445 -4.73576 -0.622477 0.726024 0.292251 -4.26979 0.0235336 -0.355886 0.934233 0.987654
0.874478 0.457153 0.162173 -4.03027 -0.48368 0.847054 0.220347 -4.90102 -0.036637 -0.271128 0.961846 0.975275
0.931074 0.337886 0.137599 -3.16942 -0.360369 0.910566 0.202494 -5.38211 -0.0568728 -0.238123 0.969568 0.82855
0.96916 0.229283 0.0903239 -2.11875 -0.243453 0.947637 0.206678 -5.84094 -0.0382066 -0.222293 0.974231 0.798487
0.996643 0.072012 0.0389571 -1.19503 -0.0778532 0.980822 0.178682 -6.00696 -0.0253428 -0.181115 0.983135 0.636188
0.999386 -0.0225249 0.0268378 -0.224103 0.0184827 0.989645 0.142344 -6.08777 -0.0297662 -0.141761 0.989453 0.655768
0.986757 -0.161881 -0.0102092 0.828445 0.161914 0.979298 0.121486 -5.95429 -0.0096685 -0.121531 0.992541 0.547083
0.959827 -0.280413 0.0100647 1.9569 0.275303 0.948055 0.159373 -5.78887 -0.0542322 -0.1502 0.987167 0.365546
0.912317 -0.401033 0.082767 2.89708 0.394535 0.914984 0.0845396 -5.51594 -0.109634 -0.0444724 0.992977 0.412163
0.879743 -0.469978 0.0719193 3.84627 0.465979 0.88234 0.0658828 -5.12217 -0.0944207 -0.0244471 0.995232 0.164273
0.79886 -0.599734 0.0462767 4.72092 0.597344 0.800014 0.0561969 -4.52007 -0.0707252 -0.0172503 0.997347 0.301404
0.762118 -0.647162 0.0189265 5.5403 0.644376 0.761028 0.0749378 -3.83122 -0.0629005 -0.0449156 0.997009 0.0163208
0.668276 -0.743039 0.0360627 6.23586 0.738249 0.668378 0.0908806 -3.10219 -0.0916313 -0.0341101 0.995209 -0.179552
0.528331 -0.843541 0.0964665 6.85586 0.835908 0.536697 0.114956 -2.288 -0.148743 0.0199025 0.988676 -0.300454
0.437224 -0.890266 0.12752 7.30103 0.878772 0.453062 0.149983 -1.42212 -0.191299 0.0464852 0.98043 -0.519385
0.255803 -0.952237 0.16676 7.78096 0.943201 0.283661 0.17294 -0.51051 -0.211983 0.113049 0.970713 -0.72736
0.183034 -0.969537 0.162775 8.1106 0.95062 0.216755 0.222123 0.60971 -0.250639 0.114081 0.961335 -0.987939
-0.0403924 -0.982642 0.181062 8.2187 0.954432 0.0156799 0.298016 1.49151 -0.295682 0.184849 0.937231 -1.23857
-0.151116 -0.967818 0.201226 8.24678 0.929945 -0.0701556 0.360943 2.36183 -0.33521 0.241674 0.910619 -1.70498
-0.304352 -0.938194 0.164809 8.11771 0.873473 -0.205849 0.441215 3.3615 -0.380019 0.278241 0.882138 -2.10829
-0.401095 -0.89067 0.214079 7.78842 0.826673 -0.251263 0.503466 4.36951 -0.394632 0.378911 0.837073 -2.50395
-0.519066 -0.84928 0.096404 7.27038 0.753569 -0.401484 0.520523 5.20335 -0.403365 0.342833 0.848388 -3.08426
-0.636121 -0.769023 0.0628802 6.66538 0.657635 -0.497746 0.565477 5.92219 -0.403567 0.401064 0.822363 -3.64605
-0.694699 -0.719271 0.00656809 6.05997 0.572205 -0.547078 0.610972 6.76881 -0.435861 0.4282 0.791625 -4.21028
-0.769405 -0.638364 0.0225312 5.14993 0.491899 -0.569634 0.658447 7.39785 -0.407494 0.517695 0.75229 -4.63036
-0.789556 -0.613678 -0.00038255 4.09016 0.464532 -0.598073 0.653084 7.9034 -0.401012 0.515469 0.757285 -5.16043
-0.868766 -0.486394 -0.093097 3.14919 0.328464 -0.706637 0.626719 8.45722 -0.370618 0.513893 0.773665 -5.62486
-0.925519 -0.36709 -0.09306 2.0682 0.218674 -0.718663 0.66008 8.84488 -0.309187 0.590566 0.745409 -6.03762
-0.974348 -0.20237 -0.0984518 0.888714 0.0876657 -0.744218 0.662159 9.1885 -0.207271 0.636542 0.742868 -6.38292
-0.983307 -0.130245 -0.12706 -0.252352 0.00537222 -0.718777 0.69522 9.24533 -0.181876 0.682932 0.707478 -6.49953
-0.99774 0.000476803 -0.0671976 -1.64967 -0.0509042 -0.658168 0.751148 9.2523 -0.0438692 0.752871 0.656705 -6.64134
-0.985068 0.127891 -0.115261 -2.77132 -0.171946 -0.696971 0.69618 9.18821 0.00870131 0.705603 0.708554 -6.76614
-0.937888 0.3292 -0.109511 -3.8708 -0.298527 -0.604933 0.738199 9.00728 0.176769 0.72504 0.665635 -6.88495
-0.907394 0.417383 -0.049263 -5.09155 -0.323157 -0.617952 0.716732 8.62377 0.26871 0.666278 0.695606 -6.6382
-0.810456 0.583956 -0.0464379 -6.15643 -0.41822 -0.521281 0.743881 8.28578 0.410186 0.622304 0.666697 -6.40378
-0.790805 0.611802 -0.0180524 -7.16627 -0.416991 -0.516937 0.747592 7.82557 0.448046 0.598727 0.663913 -5.85715
-0.658296 0.752543 0.0180343 -8.08687 -0.493659 -0.449673 0.744375 7.28686 0.568284 0.481117 0.667518 -5.26707
-0.592663 0.80488 0.0303023 -8.95749 -0.511065 -0.404862 0.758221 6.44527 0.622546 0.433883 0.651293 -4.48549
-0.48428 0.869641 0.0959003 -9.63831 -0.569915 -0.396723 0.719588 5.88807 0.66383 0.293827 0.687747 -3.73054
-0.378131 0.925746 0.00341273 -10.2637 -0.61827 -0.25528 0.743353 5.12661 0.689027 0.278975 0.66889 -2.81621
-0.266533 0.963607 -0.020548 -10.7985 -0.738756 -0.190554 0.646473 4.35012 0.619031 0.187487 0.76266 -1.87235
-0.0927873 0.992765 -0.0762141 -10.9856 -0.810359 -0.0308193 0.585123 3.41184 0.578541 0.116053 0.807355 -1.17043
-0.00199084 0.999703 0.0242895 -11.1086 -0.840617 -0.0148289 0.541426 2.26831 0.541626 -0.0193403 0.840397 -0.35849
0.135163 0.990534 -0.0239546 -10.9799 -0.896943 0.132593 0.421797 1.33621 0.42098 -0.0355255 0.906374 0.309182
0.31412 0.948323 0.0448671 -10.8296 -0.896165 0.28058 0.343749 -0.00706675 0.313396 -0.148187 0.937989 0.753131
0.421746 0.904546 0.0626645 -10.463 -0.887457 0.397633 0.23304 -1.13378 0.185878 -0.153896 0.970446 1.0683
0.515312 0.854585 0.0643278 -9.87576 -0.848971 0.49879 0.174517 -2.37625 0.117054 -0.144543 0.982551 1.36989
0.599759 0.795747 0.0841235 -9.25537 -0.788685 0.570111 0.230107 -3.60278 0.135147 -0.204356 0.969523 1.54088
0.685749 0.727326 0.0272977 -8.46453 -0.720093 0.672518 0.170839 -4.66933 0.105898 -0.13681 0.984921 1.75452
0.765072 0.634742 0.108478 -7.48651 -0.643608 0.759187 0.0969716 -5.66907 -0.0208029 -0.144007 0.989358 1.97234
0.842334 0.502112 0.195848 -6.48914 -0.52813 0.841456 0.114152 -6.64474 -0.10748 -0.199587 0.973968 1.89696
0.868111 0.464163 0.175883 -5.30866 -0.483734 0.870562 0.0901271 -7.37598 -0.111284 -0.163321 0.980277 1.70819
0.923949 0.330262 0.192988 -4.20264 -0.359852 0.921553 0.145765 -8.16767 -0.129708 -0.204127 0.970313 1.55977
0.94808 0.277752 0.154913 -2.77288 -0.297763 0.946343 0.125586 -8.67783 -0.111719 -0.165193 0.979913 1.34349
0.988167 0.127176 0.0857456 -1.59293 -0.133424 0.988473 0.0715501 -9.04759 -0.0756577 -0.082144 0.993745 1.1863
0.996693 0.0287377 0.0760093 -0.216147 -0.0357178 0.995106 0.0921277 -9.14827 -0.0729898 -0.0945379 0.992842 0.976459
0.990572 -0.122662 0.0609937 1.25111 0.117211 0.989368 0.0860967 -9.011 -0.070906 -0.0781359 0.994418 0.78417
0.971643 -0.22675 0.0670424 2.64844 0.219974 0.970825 0.0954427 -8.80994 -0.0867282 -0.0779886 0.993175 0.644035
0.931719 -0.349069 0.100253 4.0091 0.341677 0.93607 0.0838499 -8.23245 -0.123113 -0.0438704 0.991422 0.436666
0.855673 -0.502292 0.124602 5.28588 0.502317 0.864033 0.0335346 -7.7254 -0.124504 0.0338948 0.99164 0.277196
0.784989 -0.608122 0.118236 6.48022 0.606062 0.793383 0.0568485 -6.96734 -0.128377 0.0270328 0.991357 0.183343
0.721872 -0.683685 0.107127 7.54778 0.682859 0.728836 0.0500083 -5.9985 -0.112268 0.0370531 0.992987 -0.0264666
0.61055 -0.787426 0.0847906 8.49494 0.778052 0.616356 0.121414 -5.10215 -0.147866 -0.00815802 0.988974 -0.235759
0.426011 -0.892148 0.150291 9.4267 0.886504 0.4448 0.127528 -4.07393 -0.180623 0.0789053 0.980382 -0.514038
0.418697 -0.889469 0.183134 10.0137 0.881201 0.446678 0.154803 -2.70994 -0.219494 0.096562 0.970823 -0.760867
0.288825 -0.935592 0.203095 10.5913 0.910395 0.334041 0.244126 -1.36641 -0.296245 0.114387 0.948238 -1.18952
0.163139 -0.953687 0.25272 11.0647 0.933836 0.231911 0.272338 -0.0574509 -0.318333 0.19157 0.928421 -1.39082
-0.00937812 -0.966026 0.258275 11.2087 0.939602 0.079861 0.332821 1.30012 -0.34214 0.245797 0.906931 -1.80543
-0.10732 -0.974776 0.195689 11.1166 0.906468 -0.0150804 0.422005 2.57006 -0.40841 0.222675 0.885222 -2.42135
-0.28399 -0.941952 0.179099 11.031 0.848923 -0.160179 0.503658 3.89798 -0.445734 0.295076 0.845134 -3.08459
-0.412265 -0.892289 0.184004 10.4991 0.788489 -0.248265 0.562716 5.14428 -0.456424 0.377073 0.805912 -3.59611
-0.54432 -0.833038 0.0988105 9.87199 0.721028 -0.40439 0.562661 6.35446 -0.42876 0.377513 0.820761 -4.2904
-0.635735 -0.762726 0.1187 9.12887 0.653991 -0.450527 0.607718 7.34188 -0.410044 0.463977 0.785232 -5.01847
-0.719089 -0.690287 0.0800993 8.185 0.594981 -0.552019 0.584185 8.30031 -0.359039 0.467739 0.807658 -5.6785
-0.851535 -0.522905 0.0381857 7.06061 0.421356 -0.639186 0.643351 9.08481 -0.312003 0.563926 0.764618 -6.39513
-0.80823 -0.588827 0.00691096 5.86785 0.433734 -0.587328 0.683316 9.85822 -0.398296 0.555274 0.73009 -6.8436
-0.88736 -0.46028 -0.0271039 4.54823 0.319854 -0.656844 0.682825 10.5091 -0.332094 0.597242 0.730079 -7.32102
-0.946077 -0.319147 -0.0555326 3.17257 0.189774 -0.684964 0.703428 10.9386 -0.262535 0.654958 0.708594 -7.89853
-0.952513 -0.297767 -0.0636644 1.60689 0.163132 -0.675567 0.719025 11.2685 -0.257111 0.674495 0.692062 -8.3928
-0.996967 0.00381095 -0.0777308 0.110155 -0.0612549 -0.654519 0.75356 11.5101 -0.0480045 0.756036 0.652768 -8.82843
-0.990736 0.0208617 -0.134189 -1.58407 -0.116573 -0.637526 0.761559 11.2301 -0.0696617 0.770147 0.634052 -8.94622
-0.99202 0.028446 -0.122828 -3.1802 -0.111714 -0.649933 0.751736 11.1044 -0.058446 0.759459 0.647925 -9.08571
-0.923355 0.357271 -0.14062 -4.87227 -0.335411 -0.572341 0.748282 10.8703 0.186857 0.738095 0.648306 -9.21233
-0.936897 0.334211 -0.102604 -6.30445 -0.291376 -0.584278 0.757442 10.3631 0.193196 0.739542 0.644789 -8.76801
-0.886403 0.456546 -0.0765189 -7.8867 -0.343982 -0.53899 0.768873 9.8982 0.309783 0.707853 0.634806 -8.39784
-0.731822 0.679379 -0.0536641 -9.05091 -0.463267 -0.43818 0.770313 9.26633 0.49982 0.588593 0.635404 -7.77785
-0.609984 0.792225 -0.0172882 -10.4218 -0.501963 -0.369428 0.78202 8.47602 0.613149 0.485698 0.623013 -6.86339
-0.554301 0.832312 -0.00254893 -11.4078 -0.524171 -0.346703 0.777844 7.68912 0.646526 0.432496 0.628452 -5.88245
-0.564727 0.824795 0.0282207 -12.3851 -0.509154 -0.375116 0.774629 6.84004 0.649496 0.423086 0.631786 -4.66564
-0.380517 0.923996 -0.0379293 -13.3049 -0.6358 -0.231609 0.736285 5.84145 0.671539 0.304285 0.675608 -3.64705
-0.198394 0.977708 -0.06875 -13.757 -0.74012 -0.10346 0.664469 4.86041 0.642544 0.18271 0.744147 -2.54599
-0.0161408 0.995303 -0.0954512 -14.0559 -0.835831 0.0389614 0.547603 3.58895 0.54875 0.0886198 0.831276 -1.45033
-0.0900306 0.994162 -0.0594639 -14.0954 -0.859794 -0.0474514 0.508432 2.14015 0.502642 0.0969012 0.859047 -0.449641
0.1683 0.982394 -0.0810968 -14.032 -0.899514 0.186707 0.394986 0.782083 0.403174 0.00647169 0.915101 0.259046
0.411148 0.910603 -0.0419562 -13.8935 -0.862234 0.40342 0.306275 -0.80867 0.295821 -0.0897482 0.951018 1.0404
0.431995 0.901872 -0.00277783 -13.1521 -0.878327 0.421413 0.225727 -2.2146 0.204747 -0.0950732 0.974187 1.41944
0.493134 0.869839 0.0140721 -12.495 -0.859757 0.484821 0.160519 -3.85303 0.132803 -0.091256 0.986932 1.73454
0.625933 0.779752 0.013944 -11.6024 -0.770197 0.615256 0.168099 -5.37093 0.122496 -0.115958 0.985672 1.97793
0.644278 0.763648 0.041793 -10.5202 -0.763097 0.638255 0.10156 -6.71744 0.0508812 -0.0973248 0.993951 2.07929
0.751482 0.651887 0.101584 -9.45215 -0.657813 0.752138 0.0396251 -7.98378 -0.0505743 -0.0966009 0.994037 2.30953
0.82381 0.550154 0.136631 -8.01798 -0.560299 0.826842 0.0489639 -9.17373 -0.0860346 -0.116891 0.989411 2.35518
0.755428 0.636029 0.157465 -6.68733 -0.64565 0.763514 0.0134978 -9.99066 -0.111641 -0.111864 0.987432 2.09148
0.963496 0.209767 0.166352 -5.26733 -0.222091 0.973233 0.0591036 -11.0744 -0.149501 -0.0938913 0.984294 1.92162
0.942738 0.308735 0.126207 -3.67355 -0.318648 0.945477 0.0673534 -11.595 -0.0985313 -0.103712 0.989715 1.7263
0.981764 0.161961 0.0995405 -2.03178 -0.165888 0.98561 0.0324656 -11.9762 -0.09285 -0.0483861 0.994504 1.37852
0.993161 0.0806135 0.0844548 -0.271389 -0.0827698 0.996318 0.022344 -12.1786 -0.0823426 -0.0291815 0.996177 1.13662
0.988205 -0.127078 0.0854531 1.67611 0.125741 0.991844 0.0208712 -12.0217 -0.0874084 -0.00988006 0.996124 0.883569
0.960753 -0.261726 0.0919443 3.39717 0.261364 0.965105 0.0161777 -11.829 -0.09297 0.00848809 0.995633 0.688331
0.872252 -0.477665 0.104937 5.16941 0.48149 0.876353 -0.0131225 -11.0772 -0.085694 0.0619724 0.994392 0.517162
0.878058 -0.457844 0.139261 6.7982 0.46437 0.885483 -0.0167371 -10.2639 -0.11565 0.0793646 0.990114 0.199164
0.760855 -0.625853 0.171485 8.48524 0.633088 0.773923 0.015595 -9.37594 -0.142477 0.0966997 0.985063 0.094692
0.709482 -0.684306 0.168405 9.59615 0.689228 0.723615 0.0366891 -8.29064 -0.146967 0.0900395 0.985035 -0.168181
0.638174 -0.751937 0.165305 10.9556 0.755919 0.652699 0.0506969 -6.94533 -0.146015 0.0926039 0.984939 -0.365
0.433825 -0.874468 0.217029 12.1798 0.878764 0.463842 0.11236 -5.47708 -0.198923 0.141973 0.969677 -0.694439
0.436694 -0.865874 0.244048 12.8267 0.86201 0.480361 0.161841 -4.02418 -0.257366 0.139697 0.956163 -1.15091
0.189639 -0.947285 0.258242 13.4533 0.951595 0.242116 0.189331 -2.40925 -0.241875 0.209837 0.947346 -1.57321
0.16135 -0.948708 0.271882 13.8716 0.936929 0.233803 0.25981 -0.784836 -0.31005 0.212813 0.926596 -2.14373
-0.0631808 -0.960905 0.269574 14.211 0.945384 0.0289241 0.324673 0.833143 -0.319777 0.275364 0.906597 -2.70281
-0.0987608 -0.962456 0.252834 14.083 0.918785 0.00939296 0.394647 2.59748 -0.382205 0.271276 0.883362 -3.15331
-0.327856 -0.914754 0.236084 13.8255 0.859031 -0.184659 0.477459 4.4039 -0.393163 0.359341 0.846343 -4.01713
-0.419254 -0.88331 0.209735 13.2361 0.784364 -0.23609 0.573615 5.95915 -0.457164 0.404999 0.791819 -4.66238
-0.412291 -0.893916 0.17587 12.3683 0.770418 -0.239053 0.591024 7.39131 -0.486284 0.379167 0.787248 -5.54379
-0.651515 -0.74744 0.129855 11.5028 0.625193 -0.432033 0.649985 8.70703 -0.429723 0.50466 0.74877 -6.49035
-0.716995 -0.691781 0.0857715 10.1683 0.56297 -0.502094 0.65648 9.79155 -0.411075 0.51898 0.749451 -7.26532
-0.833589 -0.548189 0.0679545 8.6697 0.440249 -0.58502 0.681126 10.9216 -0.333631 0.597696 0.729006 -8.08559
