0.999976 0.00654262 -0.00246032 0.00298726 -0.00658993 0.999783 -0.0197392 0.00118963 0.00233064 0.0197549 0.999802 0.0162032
0.980477 -0.194166 0.0310557 0.348915 0.192708 0.980244 0.0445593 -0.0899985 -0.0390941 -0.0377047 0.998524 0.0619676
0.876116 -0.478434 0.059343 0.555719 0.47164 0.876091 0.100105 0.015322 -0.0998837 -0.0597153 0.993206 -0.0280472
0.827438 -0.559927 0.0427654 0.671167 0.550258 0.823633 0.137275 0.00685524 -0.112087 -0.0900543 0.989609 -0.248744
0.730504 -0.682885 0.00556091 0.770195 0.674725 0.722984 0.148457 0.0893215 -0.1054 -0.104697 0.988903 -0.402185
0.695176 -0.718711 -0.0135759 1.03583 0.714842 0.689199 0.118348 0.22651 -0.0757012 -0.091977 0.992879 -0.497262
0.540612 -0.840694 -0.0311821 1.16633 0.83914 0.536234 0.0910926 0.35517 -0.0598601 -0.0754119 0.995354 -0.520698
0.418776 -0.905383 -0.0700541 1.43826 0.905444 0.410429 0.108253 0.457328 -0.069258 -0.108764 0.991652 -0.629523
0.294422 -0.955548 0.0155855 1.69569 0.949762 0.294373 0.106285 0.703234 -0.106149 -0.0164902 0.994214 -0.471083
0.180975 -0.983257 0.0212834 1.88392 0.973639 0.182176 0.137253 0.9264 -0.138833 -0.00411713 0.990307 -0.535017
0.0704566 -0.997425 0.0133955 2.03792 0.988689 0.0716093 0.131783 1.30416 -0.132402 0.00395901 0.991188 -0.69406
0.0682844 -0.997327 -0.0260206 2.0522 0.989005 0.0642394 0.1332 1.70688 -0.131173 -0.03483 0.990748 -0.807157
-0.00293666 -0.999174 -0.0405329 2.05374 0.989433 -0.00877896 0.144724 2.27376 -0.14496 -0.0396796 0.988642 -0.906026
-0.229 -0.972837 0.0338779 2.03047 0.958793 -0.219409 0.180485 2.3587 -0.16815 0.0738131 0.982994 -0.848037
-0.401552 -0.912192 -0.0816186 1.99117 0.891994 -0.409745 0.190935 2.7657 -0.207612 0.00386712 0.978204 -0.893462
-0.521513 -0.852855 -0.0257397 1.76801 0.829255 -0.513723 0.220058 3.00673 -0.2009 0.0934181 0.975147 -1.06591
-0.577216 -0.816161 -0.0265067 1.71636 0.794271 -0.56868 0.213861 3.47822 -0.189619 0.10239 0.976504 -1.17543
-0.603047 -0.79751 0.0176755 1.45795 0.783997 -0.588448 0.197681 3.87284 -0.147252 0.133069 0.980107 -1.31743
-0.691248 -0.722323 0.0206326 1.02414 0.717439 -0.682603 0.139049 4.18578 -0.0863543 0.11092 0.990071 -1.30476
-0.803542 -0.591498 0.0667156 0.772656 0.595247 -0.798274 0.0918642 4.36557 -0.00108008 0.113529 0.993534 -1.33455
-0.86869 -0.469613 0.157612 0.501958 0.486375 -0.868928 0.0916694 4.68477 0.0939042 0.156291 0.983237 -1.35246
-0.913589 -0.372471 0.163161 -0.0085531 0.396026 -0.906054 0.149094 4.78393 0.0922993 0.200827 0.975269 -1.1255
-0.947946 -0.274976 0.160582 -0.367055 0.291791 -0.952019 0.0922884 5.05397 0.1275 0.134341 0.982698 -1.13303
-0.977962 -0.144704 0.150503 -0.724317 0.160511 -0.982081 0.0987542 5.26953 0.133516 0.120735 0.983665 -0.974818
-0.981594 -0.0821803 0.172392 -1.1495 0.105715 -0.985582 0.132107 5.34316 0.15905 0.1479 0.976129 -0.93086
-0.98974 0.0771967 0.120232 -1.62523 -0.0597384 -0.987978 0.142584 5.36929 0.129794 0.133939 0.982453 -0.799311
-0.977521 0.199526 0.0681321 -2.01634 -0.184036 -0.965155 0.186029 5.3942 0.102876 0.169308 0.980179 -0.708235
-0.930452 0.364462 0.037773 -2.57189 -0.352726 -0.918835 0.176991 5.39247 0.0992134 0.151358 0.983487 -0.664972
-0.866235 0.49802 0.0401546 -2.93659 -0.494911 -0.866295 0.067796 5.18301 0.0685495 0.0388544 0.996891 -0.75158
-0.79804 0.602545 -0.0084741 -3.21247 -0.601974 -0.796484 0.0569216 4.93612 0.0275483 0.0505269 0.998343 -0.636513
-0.659418 0.748125 -0.0740042 -3.59075 -0.751556 -0.653642 0.0889693 4.68776 0.0181879 0.114286 0.993281 -0.706899
-0.578645 0.809999 -0.0952439 -3.94351 -0.815259 -0.571184 0.0954052 4.37617 0.0228764 0.132854 0.990872 -0.650209
-0.507109 0.859507 -0.0639446 -4.21422 -0.860351 -0.500394 0.0969625 4.13377 0.0513424 0.104185 0.993232 -0.630791
-0.448541 0.890705 -0.0738602 -4.68782 -0.889705 -0.437113 0.131746 3.53794 0.0850613 0.124807 0.988528 -0.541281
-0.319534 0.946544 -0.044181 -4.76538 -0.928707 -0.303573 0.212947 3.03585 0.188152 0.109075 0.976064 -0.466587
-0.172363 0.984708 -0.0253071 -4.82995 -0.961797 -0.162694 0.220176 2.58466 0.212692 0.0622905 0.975132 -0.570535
-0.111722 0.99373 -0.00424493 -4.95757 -0.982483 -0.109814 0.15056 1.99438 0.14915 0.0209914 0.988592 -0.599852
0.00796383 0.99958 -0.027865 -4.93566 -0.992518 0.0112967 0.121576 1.60257 0.12184 0.0266883 0.992191 -0.494552
0.224196 0.974534 -0.00436868 -5.02845 -0.972619 0.224032 0.0618204 1.13974 0.0612248 -0.0096108 0.998078 -0.537269
0.289051 0.955692 -0.0557025 -4.8278 -0.954714 0.292063 0.0567469 0.489579 0.0705012 0.0367772 0.996833 -0.387503
0.331673 0.936329 -0.115246 -4.56735 -0.935665 0.342097 0.0866051 -0.149895 0.120516 0.0791075 0.989554 -0.375617
0.450259 0.885084 -0.117873 -4.33826 -0.875264 0.46361 0.137763 -0.695559 0.176579 0.0411408 0.983426 -0.320962
0.605295 0.788578 -0.108457 -3.88098 -0.772257 0.614794 0.160148 -1.25544 0.192968 -0.0131804 0.981117 -0.294892
0.660056 0.745146 -0.0953066 -3.41561 -0.723147 0.664616 0.188002 -1.56466 0.203431 -0.0551711 0.977534 -0.221403
0.803595 0.574085 -0.157041 -3.07655 -0.562439 0.818785 0.115122 -1.98184 0.194673 -0.00418556 0.980859 -0.217312
0.893309 0.43694 -0.105274 -2.82073 -0.42458 0.897241 0.121203 -2.35146 0.147414 -0.0635752 0.987029 -0.387306
0.932068 0.341435 -0.121128 -2.35896 -0.330979 0.93848 0.0985307 -2.65889 0.147318 -0.0517464 0.987735 -0.258378
0.974117 0.193167 -0.117397 -1.8272 -0.177582 0.975311 0.131278 -2.96294 0.139857 -0.107033 0.98437 -0.224708
0.992343 -0.0158548 -0.122491 -1.21843 0.0343837 0.987985 0.150674 -3.08509 0.11863 -0.153732 0.980966 -0.0947792
0.989889 -0.111392 -0.0878214 -0.678239 0.118368 0.989847 0.0786912 -3.11218 0.0781642 -0.0882908 0.993023 -0.0047713
0.989955 -0.135959 -0.0387829 0.107473 0.138348 0.988078 0.0675474 -3.00715 0.0291368 -0.0722344 0.996962 -0.0761092
0.91971 -0.39057 0.0398493 0.806365 0.387001 0.918995 0.0753528 -3.04946 -0.0660518 -0.053881 0.99636 0.100434
0.903984 -0.417963 0.0901116 1.76664 0.417115 0.908392 0.028957 -2.72774 -0.0939597 0.0114103 0.995511 0.0749321
0.853166 -0.515682 0.0786059 2.26101 0.506759 0.8551 0.109543 -2.50323 -0.123705 -0.0536239 0.990869 -0.113568
0.785915 -0.615496 0.0591777 2.78347 0.606526 0.785982 0.119827 -2.14686 -0.120266 -0.0582808 0.99103 -0.167132
0.678132 -0.730382 0.0817177 3.29847 0.73146 0.681544 0.021543 -1.82387 -0.0714288 0.0451643 0.996423 -0.295388
0.590043 -0.807071 0.0220641 3.80899 0.806356 0.59045 0.0340405 -1.29468 -0.0405008 -0.00229381 0.999177 -0.462963
0.511848 -0.856952 0.0603704 4.29941 0.85818 0.513258 0.00961001 -0.733431 -0.0392209 0.0468898 0.99813 -0.399159
0.409512 -0.911178 0.045325 4.60309 0.908316 0.411859 0.0730322 -0.19109 -0.0852129 0.0112619 0.996299 -0.477154
0.293468 -0.953402 0.0700109 4.84084 0.945802 0.30022 0.123802 0.476626 -0.139052 0.0298845 0.989834 -0.589109
0.147041 -0.983607 0.10439 5.14457 0.981839 0.157932 0.105113 1.15485 -0.119877 0.0870381 0.988966 -0.743915
0.0116483 -0.999231 0.0374272 5.13123 0.993241 0.0158851 0.114979 1.6362 -0.115485 0.0358349 0.992663 -0.874843
-0.0609638 -0.994542 0.0846725 5.09916 0.990175 -0.0495641 0.130754 2.44693 -0.125844 0.0918118 0.987792 -0.936528
-0.119633 -0.988226 0.0953816 5.04299 0.978531 -0.101126 0.179584 3.15238 -0.167824 0.114818 0.979108 -1.11739
-0.291748 -0.953777 0.0720608 4.86497 0.934691 -0.268293 0.233177 3.79335 -0.203066 0.135384 0.969761 -1.15892
-0.319671 -0.944728 0.0727981 4.48194 0.926264 -0.295387 0.234054 4.5678 -0.199614 0.142251 0.969494 -1.36381
-0.466763 -0.880872 0.0787185 4.04996 0.867008 -0.438221 0.23719 5.11073 -0.174438 0.178961 0.968269 -1.53438
-0.640946 -0.757118 0.126333 3.81893 0.760052 -0.602997 0.242312 5.67892 -0.10728 0.251329 0.961938 -1.667
-0.712884 -0.68474 0.151418 3.17839 0.700004 -0.681769 0.212569 6.26323 -0.0423224 0.257531 0.965343 -1.63964
-0.800466 -0.567596 0.192586 2.46319 0.597824 -0.779177 0.188385 6.73844 0.0431327 0.265928 0.963027 -1.79098
-0.862682 -0.464795 0.199365 1.86372 0.496611 -0.853095 0.160022 7.14453 0.0956996 0.237054 0.966771 -1.88406
-0.914419 -0.37011 0.163881 1.19685 0.392087 -0.910477 0.131531 7.54081 0.100529 0.18453 0.977672 -1.82008
-0.955209 -0.250314 0.157858 0.491235 0.272854 -0.95147 0.142322 7.94367 0.114572 0.179019 0.977152 -1.71226
-0.974303 -0.181717 0.133087 -0.422702 0.202594 -0.965222 0.165233 8.23975 0.0984329 0.18795 0.977234 -1.46151
-0.968649 0.10774 0.223856 -1.03848 -0.0741712 -0.98539 0.153312 8.33847 0.237103 0.131902 0.962488 -1.41911
-0.981653 0.112108 0.154239 -1.90589 -0.0823476 -0.978833 0.187362 8.38715 0.171979 0.171223 0.970106 -1.34243
-0.971603 0.227381 0.0654676 -2.68933 -0.212883 -0.960796 0.177627 8.36676 0.10329 0.158646 0.981918 -1.24576
-0.927781 0.369837 0.0494296 -3.62125 -0.360924 -0.923134 0.132506 8.13503 0.0946359 0.105097 0.989949 -0.992639
-0.887012 0.461538 0.0138615 -4.35896 -0.453396 -0.876262 0.163083 7.87209 0.0874155 0.138372 0.986515 -0.887065
-0.825605 0.563661 -0.0257246 -5.06295 -0.562696 -0.819098 0.111591 7.47645 0.0418287 0.106605 0.993421 -0.968406
-0.723703 0.683461 -0.0955767 -5.76452 -0.68966 -0.721267 0.0643626 6.86133 -0.024947 0.112495 0.993339 -1.06137
-0.63183 0.76312 -0.13579 -6.38841 -0.774814 -0.62664 0.083577 6.1719 -0.021312 0.158018 0.987206 -1.11296
-0.483772 0.868367 -0.109102 -6.83369 -0.874907 -0.476651 0.0856813 5.66987 0.0223992 0.136905 0.990331 -1.0788
-0.339475 0.927684 -0.155432 -7.21149 -0.939828 -0.327769 0.0963901 4.95575 0.0384739 0.178801 0.983133 -0.96556
-0.271994 0.948919 -0.159914 -7.55598 -0.952607 -0.241985 0.184344 3.99354 0.136231 0.202475 0.969765 -0.952316
-0.218812 0.965024 -0.144392 -7.85221 -0.959071 -0.185443 0.213997 3.10965 0.179736 0.185307 0.966104 -0.791229
-0.0571886 0.985484 -0.159845 -8.012 -0.984572 -0.029151 0.172533 2.29343 0.165368 0.167246 0.971948 -0.752288
0.0868654 0.984926 -0.149581 -8.08885 -0.994073 0.0955481 0.0518601 1.55339 0.0653705 0.144189 0.987389 -0.536544
0.238932 0.964664 -0.111063 -7.86732 -0.969844 0.242738 0.0219102 0.504849 0.0480952 0.102479 0.993572 -0.63933
0.299 0.941377 -0.156232 -7.61699 -0.953893 0.299352 -0.0218318 -0.374652 0.0262165 0.155557 0.987479 -0.518386
0.395874 0.912059 -0.106919 -7.30827 -0.91681 0.399183 0.0106319 -1.22086 0.0523771 0.0938155 0.994211 -0.528467
0.560777 0.809425 -0.174244 -6.95842 -0.813283 0.577954 0.0673784 -2.11882 0.155243 0.103926 0.982395 -0.569949
0.593004 0.77181 -0.229469 -6.30738 -0.780514 0.621011 0.0717084 -3.1002 0.197848 0.136581 0.970671 -0.53262
0.695833 0.697517 -0.171134 -5.57994 -0.686415 0.715985 0.127276 -3.74733 0.211306 0.0289058 0.976992 -0.318046
0.768041 0.631286 -0.107663 -4.87761 -0.618596 0.774826 0.130321 -4.43666 0.16569 -0.0334918 0.985609 -0.339853
0.866994 0.476811 -0.144821 -4.16388 -0.473711 0.878805 0.0574461 -5.05134 0.15466 0.0187979 0.987789 -0.209858
0.92991 0.348516 -0.117491 -3.26149 -0.345711 0.937303 0.0441237 -5.49574 0.125503 -0.000412977 0.992093 -0.153687
0.964223 0.236257 -0.120236 -2.20707 -0.231701 0.971462 0.0507563 -5.94713 0.128796 -0.0210816 0.991447 0.0181411
0.989537 0.0732157 -0.124322 -1.25096 -0.0694686 0.996997 0.0342181 -6.08192 0.126454 -0.0252236 0.991652 0.030664
0.997172 -0.0279456 -0.0697578 -0.278282 0.0301295 0.999082 0.030454 -6.15361 0.0688427 -0.0324696 0.997099 0.195347
0.982778 -0.164356 -0.0844626 0.799339 0.16848 0.984713 0.0442211 -5.99972 0.0759034 -0.0576898 0.995445 0.218687
0.957329 -0.286811 0.035519 1.95013 0.281058 0.952575 0.116654 -5.80978 -0.0672921 -0.101693 0.992537 0.144435
0.901142 -0.40336 0.158884 2.89908 0.400291 0.914894 0.0523187 -5.53878 -0.166465 0.0164532 0.98591 0.181091
0.866389 -0.464836 0.182476 3.83145 0.468668 0.883042 0.0242277 -5.14649 -0.172396 0.0645302 0.982912 -0.133342
0.789582 -0.593236 0.156941 4.71999 0.59855 0.800923 0.0161336 -4.55059 -0.135269 0.0811981 0.987476 -0.0788127
0.762292 -0.63857 0.105544 5.5132 0.64316 0.765622 -0.0130019 -3.85364 -0.072504 0.0777928 0.99433 -0.437034
0.67057 -0.735403 0.0975603 6.20428 0.739596 0.672965 -0.0107688 -3.11671 -0.0577352 0.0793765 0.995171 -0.616018
0.530489 -0.8349 0.146709 6.83064 0.844004 0.536336 0.000355982 -2.29933 -0.0789827 0.123634 0.98918 -0.697201
0.442236 -0.885146 0.144721 7.2861 0.893852 0.448246 0.0101559 -1.42771 -0.0738603 0.124868 0.98942 -0.849806
0.255062 -0.953122 0.162794 7.7707 0.963921 0.263901 0.0348313 -0.50547 -0.0761601 0.148037 0.986045 -0.93955
0.180092 -0.972447 0.148035 8.10498 0.979321 0.19136 0.0656569 0.632815 -0.0921758 0.13315 0.9868 -1.04741
-0.0385787 -0.985175 0.167157 8.20844 0.993664 -0.02015 0.110573 1.53786 -0.105565 0.170364 0.97971 -1.14023
-0.13816 -0.966687 0.215471 8.23742 0.987201 -0.116915 0.108466 2.48181 -0.0796611 0.227699 0.970467 -1.42159
-0.291322 -0.938951 0.183037 8.11815 0.948288 -0.258243 0.184552 3.55271 -0.126017 0.227336 0.965628 -1.53655
-0.384665 -0.891007 0.241122 7.81465 0.913573 -0.330145 0.237465 4.63518 -0.131978 0.311627 0.940994 -1.64384
-0.499525 -0.854957 0.139726 7.32228 0.857472 -0.464994 0.220278 5.6085 -0.123356 0.229846 0.965378 -1.95618
-0.617833 -0.777347 0.11838 6.7311 0.776691 -0.579846 0.246026 6.48213 -0.122606 0.243948 0.962007 -2.23387
-0.675836 -0.72711 0.120649 6.15574 0.727529 -0.631878 0.267266 7.49534 -0.118096 0.268404 0.95604 -2.44923
-0.748048 -0.637464 0.184565 5.28714 0.661084 -0.691358 0.291535 8.28091 -0.0582424 0.340095 0.938586 -2.51723
-0.769246 -0.610298 0.1892 4.25368 0.638522 -0.723387 0.26268 9.01555 -0.023448 0.322874 0.946152 -2.6489
-0.854898 -0.494061 0.158283 3.35024 0.518327 -0.826381 0.220072 9.7611 0.0220733 0.270181 0.962556 -2.66691
-0.907095 -0.359818 0.218424 2.31442 0.408563 -0.877475 0.251227 10.3656 0.101265 0.317126 0.942961 -2.59585
-0.955802 -0.1983 0.217072 1.19814 0.252555 -0.931757 0.260855 10.9059 0.150531 0.304148 0.940656 -2.37309
-0.983783 -0.137382 0.115313 0.0971656 0.166047 -0.940671 0.295917 11.0721 0.0678179 0.310266 0.948228 -2.0644
-0.981566 0.00899828 0.190912 -1.26063 0.0615305 -0.930832 0.360229 11.2705 0.180949 0.365335 0.91312 -1.86727
-0.98259 0.109334 0.150212 -2.3744 -0.0637054 -0.957766 0.280403 11.377 0.174525 0.265952 0.948056 -1.74888
-0.952169 0.302066 0.0461544 -3.46289 -0.273298 -0.909396 0.31354 11.3395 0.136682 0.285929 0.948453 -1.61288
-0.920892 0.389428 0.0174115 -4.69887 -0.373956 -0.895152 0.242612 10.9863 0.110066 0.216908 0.969967 -1.42531
-0.824408 0.559406 -0.0861252 -5.78089 -0.564991 -0.804296 0.1841 10.6166 0.0337164 0.200434 0.979127 -1.34639
-0.797878 0.579402 -0.166387 -6.80993 -0.598913 -0.793284 0.109559 9.93768 -0.0685132 0.187066 0.979955 -1.25795
-0.679304 0.707689 -0.194224 -7.7362 -0.730355 -0.677779 0.0848332 9.14662 -0.0716052 0.19948 0.977282 -1.35655
-0.610005 0.767709 -0.196259 -8.64286 -0.789835 -0.608991 0.0727353 8.05541 -0.0636806 0.199381 0.977851 -1.5825
-0.504891 0.855365 -0.115916 -9.34779 -0.862753 -0.504309 0.0364787 7.17686 -0.0272547 0.118424 0.992589 -1.6422
-0.416249 0.891959 -0.176484 -9.99742 -0.908271 -0.398884 0.126239 6.00862 0.0422033 0.212842 0.976175 -1.67343
-0.316252 0.93695 -0.148693 -10.5884 -0.94696 -0.302358 0.108844 4.8298 0.0570228 0.175228 0.982875 -1.5986
-0.16406 0.968592 -0.186854 -10.836 -0.969111 -0.122898 0.213824 3.68062 0.184144 0.216163 0.958835 -1.57672
-0.0607497 0.985285 -0.159757 -11.0545 -0.981628 -0.0299703 0.188438 2.3719 0.180877 0.16827 0.969004 -1.2969
0.0846388 0.97165 -0.220753 -10.9857 -0.994176 0.0971824 0.0465743 1.28607 0.0667073 0.215526 0.974217 -0.983246
0.269838 0.951105 -0.150291 -10.8714 -0.962655 0.270022 -0.0195721 -0.119016 0.0219667 0.149959 0.988448 -1.05394
0.399966 0.902121 -0.161876 -10.5736 -0.916401 0.39066 -0.0871439 -1.27877 -0.0153757 0.183198 0.982956 -1.1002
0.509209 0.848236 -0.145609 -10.0411 -0.860619 0.500603 -0.0934368 -2.57058 -0.00636403 0.172893 0.98492 -1.08247
0.561035 0.810976 -0.166007 -9.40546 -0.814405 0.576669 0.0647894 -3.83472 0.148274 0.0988476 0.983994 -1.11903
0.649329 0.727499 -0.221625 -8.67219 -0.740432 0.671265 0.0341116 -4.92957 0.173585 0.141949 0.974535 -0.89403
0.756659 0.626377 -0.187401 -7.74407 -0.64224 0.765767 -0.0336057 -5.94726 0.122456 0.145785 0.981708 -0.555762
0.851157 0.509424 -0.126567 -6.70678 -0.517197 0.85509 -0.0364444 -6.89855 0.0896607 0.0964801 0.991288 -0.4178
0.880037 0.429414 -0.202824 -5.49418 -0.452621 0.887691 -0.0844909 -7.61248 0.143763 0.166158 0.975563 -0.301552
0.938287 0.334413 -0.0882336 -4.32371 -0.335778 0.941941 -0.000661009 -8.35164 0.0828898 0.0302471 0.9961 -0.14952
0.956511 0.269411 -0.111822 -2.85976 -0.27782 0.95824 -0.0677685 -8.84065 0.0888952 0.0958879 0.991415 -0.0238752
0.986419 0.0934145 -0.135094 -1.65296 -0.108886 0.987716 -0.112074 -9.18326 0.122965 0.125262 0.984474 0.0743801
0.996111 0.0117485 -0.0873155 -0.243818 -0.0197506 0.995623 -0.091355 -9.2249 0.08586 0.0927243 0.991983 0.178879
0.991804 -0.124269 -0.0297114 1.24879 0.120791 0.987726 -0.0990308 -9.0512 0.0416531 0.0946302 0.994641 0.259748
0.964091 -0.227899 0.136348 2.65453 0.235281 0.971083 -0.0405131 -8.84044 -0.123172 0.0711384 0.989832 0.270203
0.914387 -0.328788 0.236208 4.01032 0.34642 0.937379 -0.036249 -8.25353 -0.209498 0.114973 0.971026 0.0208374
0.836198 -0.475154 0.273864 5.2664 0.507855 0.859376 -0.0596325 -7.76412 -0.207018 0.188948 0.959918 -0.281746
0.760939 -0.579378 0.292049 6.43136 0.611567 0.79081 -0.02461 -6.98889 -0.216697 0.197335 0.956087 -0.486055
0.721848 -0.668614 0.178583 7.48744 0.68519 0.726734 -0.0487117 -6.02288 -0.0972127 0.157526 0.982718 -0.832783
0.61667 -0.774733 0.139668 8.43152 0.782846 0.622193 -0.0051839 -5.11909 -0.0828845 0.112535 0.990185 -1.0232
0.440134 -0.882126 0.16774 9.37359 0.894768 0.446531 0.000468022 -4.06478 -0.0753137 0.149882 0.985831 -1.22936
0.426735 -0.884554 0.188312 9.99633 0.902643 0.42947 -0.0281421 -2.68822 -0.0559812 0.181988 0.981706 -1.32105
0.294402 -0.928234 0.227398 10.5862 0.943562 0.320094 0.085032 -1.2724 -0.151718 0.189531 0.970082 -1.49933
0.152937 -0.958983 0.238666 11.08 0.975107 0.185674 0.12121 0.0479448 -0.160553 0.214188 0.963507 -1.50934
-0.0194965 -0.965527 0.259572 11.2053 0.985469 0.0252568 0.167966 1.45727 -0.168732 0.259075 0.951005 -1.6948
-0.111876 -0.969849 0.216512 11.1194 0.982147 -0.0747576 0.172625 2.82794 -0.151235 0.231959 0.960897 -2.08454
-0.269679 -0.935904 0.226619 11.0033 0.941653 -0.207087 0.265337 4.28795 -0.2014 0.284953 0.937144 -2.36447
-0.38816 -0.882081 0.266954 10.5195 0.900717 -0.301801 0.312449 5.6379 -0.195038 0.361731 0.911653 -2.52739
-0.529066 -0.829333 0.179708 9.95182 0.835811 -0.472685 0.279264 7.01879 -0.146658 0.297951 0.943248 -2.82635
-0.61649 -0.764719 0.18747 9.1937 0.771279 -0.53865 0.339095 8.19213 -0.158332 0.353641 0.921884 -3.15196
-0.683083 -0.704717 0.191762 8.27109 0.728333 -0.63785 0.250356 9.3864 -0.054115 0.31068 0.948973 -3.45846
-0.817968 -0.542682 0.190854 7.1823 0.575234 -0.768222 0.280963 10.433 -0.00585542 0.339604 0.94055 -3.73977
-0.810446 -0.561111 0.168321 6.03224 0.584451 -0.754879 0.297615 11.4027 -0.039933 0.339576 0.939731 -3.67003
-0.869402 -0.441055 0.222734 4.72969 0.492509 -0.809756 0.318951 12.2463 0.0396851 0.386996 0.921227 -3.62665
-0.929195 -0.26069 0.261988 3.38713 0.344253 -0.868415 0.356855 13.0016 0.134486 0.421778 0.89667 -3.65424
-0.952371 -0.156635 0.261638 1.86889 0.25194 -0.887553 0.385715 13.6276 0.171801 0.433261 0.884742 -3.46556
-0.980101 -0.0313385 0.196008 0.41987 0.103449 -0.923397 0.369642 14.0578 0.169409 0.382564 0.908265 -3.20334
-0.98942 -0.00756841 0.144881 -1.23707 0.0610742 -0.927566 0.368633 14.0867 0.131596 0.373582 0.918215 -3.0138
-0.984385 0.108856 0.138337 -2.76971 -0.0471553 -0.920215 0.388562 14.2522 0.169597 0.375971 0.910979 -2.80183
-0.972428 0.229692 0.0403101 -4.39818 -0.197662 -0.903546 0.380177 14.1428 0.123746 0.361727 0.924035 -2.57171
-0.938043 0.344462 -0.0377065 -5.85927 -0.332342 -0.863516 0.379327 13.6913 0.0981033 0.368356 0.924494 -2.22997
-0.873084 0.459253 -0.163738 -7.43461 -0.487473 -0.828889 0.274431 13.1446 -0.00968723 0.319419 0.947564 -2.00558
-0.734003 0.603488 -0.311515 -8.56172 -0.671563 -0.713304 0.200501 12.3046 -0.101205 0.35637 0.928848 -1.98411
-0.699524 0.664541 -0.262776 -9.8926 -0.71333 -0.671337 0.201165 11.143 -0.0427287 0.328166 0.943653 -2.18302
-0.588188 0.767144 -0.25598 -10.9855 -0.806 -0.582025 0.107753 9.9962 -0.0663249 0.269698 0.960658 -2.22688
-0.537623 0.792865 -0.286927 -12.0492 -0.843165 -0.503146 0.189517 8.6048 0.00589518 0.343816 0.939019 -2.24331
-0.424431 0.866884 -0.261476 -12.8938 -0.904541 -0.392928 0.165567 7.16602 0.0407856 0.306788 0.950904 -2.37865
-0.279961 0.930892 -0.234652 -13.4187 -0.95751 -0.25313 0.1382 5.74382 0.0692516 0.263372 0.962205 -2.24334
-0.0805268 0.963015 -0.257133 -13.8437 -0.992808 -0.0545645 0.106564 4.1067 0.0885928 0.263864 0.960483 -2.13996
-0.066308 0.962365 -0.263545 -14.0149 -0.988979 -0.0283457 0.14532 2.37876 0.13238 0.270276 0.953638 -1.97795
0.108011 0.95595 -0.272935 -13.9072 -0.992243 0.120656 0.0299254 0.896977 0.0615384 0.267586 0.961567 -1.8284
0.306341 0.912558 -0.270911 -13.8582 -0.951193 0.30458 -0.0496206 -0.81883 0.0372323 0.272889 0.961325 -1.66669
0.39007 0.898095 -0.203151 -13.2825 -0.919519 0.391501 -0.0348071 -2.34837 0.0482738 0.200379 0.978529 -1.71432
0.488297 0.853232 -0.183196 -12.6428 -0.871046 0.489353 -0.042562 -4.03806 0.0533322 0.180355 0.982155 -1.6891
0.595173 0.773001 -0.219631 -11.7592 -0.790764 0.612019 0.0111541 -5.59399 0.143041 0.167038 0.975519 -1.56882
0.628952 0.756956 -0.177305 -10.7066 -0.772655 0.633879 -0.0346547 -6.96424 0.0861578 0.158792 0.983546 -1.3928
0.761572 0.635066 -0.129224 -9.69623 -0.645213 0.761713 -0.0591059 -8.2696 0.0608952 0.12839 0.989852 -1.10924
0.809564 0.576458 -0.110917 -8.24463 -0.583466 0.810947 -0.0439614 -9.45403 0.0646055 0.100306 0.992857 -0.851287
0.85441 0.488137 -0.178063 -6.77982 -0.4985 0.866743 -0.0159188 -10.39 0.146565 0.102366 0.98389 -0.86567
0.959395 0.274572 -0.064584 -5.29745 -0.277975 0.959217 -0.0513171 -11.2341 0.0478598 0.0671861 0.996592 -0.54721
0.948779 0.286072 -0.134096 -3.70254 -0.299282 0.949785 -0.0913183 -11.8301 0.101239 0.126773 0.986752 -0.436899
0.99118 0.0611724 -0.117555 -1.98508 -0.0785094 0.985712 -0.149025 -12.1217 0.106759 0.15694 0.981821 -0.366135
0.997871 0.0436513 -0.0484547 -0.225766 -0.0518426 0.981696 -0.183262 -12.2169 0.0395682 0.185384 0.981869 -0.226569
0.992407 -0.120779 0.0232735 1.68773 0.122993 0.972282 -0.198848 -12.021 0.00138825 0.200201 0.979754 -0.168072
0.952198 -0.259894 0.160545 3.39725 0.273906 0.959058 -0.0720009 -11.8034 -0.135259 0.112533 0.984399 -0.163986
0.892003 -0.383515 0.239261 5.11564 0.42515 0.891601 -0.155867 -11.0875 -0.153548 0.240756 0.958363 -0.417357
0.835139 -0.487099 0.255494 6.72626 0.51282 0.857495 -0.0414523 -10.3472 -0.198893 0.165641 0.965922 -0.85722
0.804268 -0.557699 0.205242 8.31168 0.57891 0.813281 -0.0586293 -9.35993 -0.134222 0.16597 0.976954 -1.13364
0.695569 -0.689643 0.201435 9.49636 0.706659 0.707311 -0.0185539 -8.31518 -0.129682 0.155252 0.979326 -1.35979
0.646413 -0.737835 0.194294 10.8536 0.761922 0.637683 -0.113293 -6.97152 -0.0403063 0.221271 0.974379 -1.52659
0.506597 -0.825519 0.248754 12.0652 0.855214 0.517743 -0.0234886 -5.46267 -0.1094 0.224637 0.968282 -1.63105
0.384646 -0.881704 0.273212 12.8342 0.916611 0.399781 -0.000299527 -3.95423 -0.108961 0.250544 0.961954 -1.95785
0.250969 -0.92271 0.292612 13.4199 0.964925 0.262527 0.000237885 -2.2644 -0.0770379 0.282288 0.956231 -2.10457
0.106593 -0.960787 0.25598 13.9145 0.982795 0.140863 0.119463 -0.529858 -0.150837 0.238842 0.959272 -2.36021
-0.056922 -0.958186 0.280428 14.1849 0.985894 -0.00966643 0.167091 1.20063 -0.157393 0.285983 0.94522 -2.6685
-0.190329 -0.951645 0.241138 14.1149 0.969822 -0.144136 0.196647 3.03322 -0.152381 0.271289 0.950359 -2.85012
-0.274726 -0.932931 0.232733 13.7071 0.94079 -0.210817 0.265464 4.93706 -0.198596 0.291882 0.935609 -3.2515
-0.335861 -0.891683 0.303478 13.2287 0.923538 -0.248421 0.292171 6.59576 -0.185134 0.378403 0.906938 -3.54976
-0.483353 -0.847593 0.218988 12.4678 0.862142 -0.417472 0.287104 8.31866 -0.151926 0.327571 0.932532 -3.90322
-0.590511 -0.780063 0.206879 11.515 0.785504 -0.496743 0.369094 9.81003 -0.185151 0.380458 0.906074 -4.27292
-0.66383 -0.716161 0.215507 10.2908 0.738763 -0.583058 0.338042 11.2034 -0.11644 0.383611 0.916125 -4.62271
-0.761269 -0.63217 0.144328 8.85887 0.639341 -0.694614 0.329778 12.6789 -0.108224 0.343325 0.932961 -4.8196
-0.854705 -0.464521 0.231734 7.68066 0.518931 -0.776425 0.357596 13.7932 0.0138132 0.425893 0.904668 -5.01722
-0.868082 -0.445665 0.21867 6.04024 0.496124 -0.794111 0.351068 14.7559 0.0171898 0.413243 0.910458 -4.97142
-0.896288 -0.381724 0.225733 4.13408 0.43964 -0.8316 0.33935 15.7105 0.0581817 0.403396 0.913174 -4.92727
-0.937586 -0.290504 0.191156 2.45923 0.341485 -0.873016 0.348181 16.4009 0.0657338 0.391727 0.917731 -4.73164
-0.98043 -0.12043 0.155737 0.595904 0.17227 -0.907719 0.382583 16.8655 0.0952908 0.401925 0.910701 -4.46084
-0.991848 0.0310234 0.123594 -1.36902 0.0313879 -0.880548 0.472916 16.9894 0.123502 0.47294 0.872396 -4.15692
-0.976422 0.194496 0.0936592 -3.15536 -0.122112 -0.855416 0.503341 17.0038 0.178015 0.480036 0.858997 -4.16732
-0.968067 0.238846 0.0761564 -5.0939 -0.158328 -0.818031 0.552954 16.8071 0.194369 0.523238 0.829724 -3.8136
-0.918603 0.379526 -0.110127 -6.9838 -0.375067 -0.749538 0.545452 16.4537 0.124469 0.542359 0.830876 -3.40927
-0.853745 0.440002 -0.27842 -8.79317 -0.52059 -0.731862 0.439733 15.6112 -0.0102812 0.520362 0.853884 -3.13954
-0.764594 0.556713 -0.324755 -10.4033 -0.644497 -0.663865 0.379351 14.4836 -0.00440431 0.499353 0.866387 -3.18629
-0.671665 0.664049 -0.32849 -11.9067 -0.740571 -0.61408 0.272875 13.0621 -0.0205163 0.426551 0.904231 -3.22592
-0.568347 0.764448 -0.304305 -13.2475 -0.82197 -0.544017 0.168554 11.7498 -0.0366962 0.345926 0.937544 -3.32713
-0.513343 0.78644 -0.343499 -14.5965 -0.858178 -0.469055 0.208608 10.022 0.00293742 0.40187 0.915692 -3.38769
-0.392001 0.862089 -0.321151 -15.567 -0.917431 -0.340438 0.205966 8.37414 0.0682295 0.375373 0.924359 -3.27348
-0.24556 0.914039 -0.322851 -16.2007 -0.967416 -0.209873 0.141632 6.56037 0.0616996 0.34711 0.935793 -3.19889
-0.11811 0.91239 -0.39191 -16.7345 -0.988493 -0.0704689 0.133847 4.40137 0.094503 0.403209 0.910215 -3.07923
-0.0401106 0.93325 -0.356982 -16.8934 -0.995715 -0.00753883 0.0921702 2.39781 0.0833266 0.35915 0.929553 -2.83231
0.104303 0.940074 -0.324625 -16.7628 -0.990118 0.128916 0.0551947 0.402424 0.0937363 0.31566 0.944231 -2.62591
0.221789 0.929814 -0.293694 -16.5277 -0.969353 0.242882 0.0369206 -1.72483 0.105662 0.276504 0.955186 -2.55616
0.359667 0.883876 -0.299004 -16.1178 -0.931252 0.360085 -0.0557529 -3.50439 0.058388 0.2985 0.952622 -2.42101
0.471391 0.845674 -0.25025 -15.1371 -0.880778 0.465888 -0.0847219 -5.5674 0.0449415 0.260352 0.964467 -2.245
0.54222 0.807056 -0.233794 -14.3007 -0.834895 0.548821 -0.0417796 -7.28409 0.0945922 0.217847 0.971388 -2.18928
0.674354 0.695057 -0.249284 -13.0877 -0.722784 0.690412 -0.0302337 -8.915 0.151094 0.200567 0.967958 -2.08895
0.755069 0.58953 -0.286924 -11.6794 -0.628604 0.775311 -0.0612356 -10.4115 0.186355 0.226598 0.955994 -1.70079
0.825847 0.509906 -0.240775 -10.0685 -0.547876 0.826615 -0.128606 -11.8481 0.133451 0.238123 0.962023 -1.25373
0.871514 0.461577 -0.165562 -8.37001 -0.483578 0.864977 -0.134039 -13.0346 0.0813386 0.196879 0.977048 -1.2357
0.934984 0.340296 -0.100019 -6.37665 -0.353241 0.91884 -0.175939 -14.1379 0.0320296 0.199831 0.979307 -1.22539
0.964089 0.253444 -0.0793583 -4.41452 -0.264579 0.942469 -0.204327 -14.6664 0.0230074 0.217986 0.975681 -1.07536
0.985104 0.124943 -0.118148 -2.29534 -0.158173 0.927928 -0.337536 -15.1735 0.0674601 0.351196 0.933869 -0.910523
0.999707 -0.0230047 -0.00748045 -0.23234 0.0202613 0.965231 -0.260612 -15.3353 0.0132157 0.260384 0.965415 -0.848633
0.977575 -0.203709 0.0533821 1.97099 0.210365 0.932999 -0.291991 -15.0678 0.00967576 0.296673 0.95493 -0.783332
0.939774 -0.291639 0.178248 4.18891 0.326882 0.919246 -0.219396 -14.655 -0.0998688 0.264449 0.959215 -0.857625
0.913765 -0.37289 0.161203 6.33696 0.400977 0.891558 -0.210576 -13.8517 -0.0652001 0.257055 0.964195 -1.20386
0.85775 -0.46924 0.209948 8.2581 0.500098 0.856238 -0.129452 -12.874 -0.119022 0.216032 0.969105 -1.39506
0.796933 -0.554954 0.238586 9.98349 0.595569 0.787858 -0.156773 -11.7256 -0.10097 0.267032 0.958384 -1.8027
0.724033 -0.644819 0.244918 11.593 0.672799 0.738474 -0.0446911 -10.4502 -0.152048 0.197138 0.968513 -1.94857
0.588018 -0.762306 0.270415 13.1435 0.805861 0.580839 -0.114951 -9.05769 -0.0694393 0.285511 0.955857 -2.17564
0.513962 -0.794556 0.323301 14.4736 0.853928 0.509734 -0.104777 -7.0479 -0.0815458 0.329927 0.940478 -2.43232
0.380221 -0.841314 0.384216 15.6242 0.913798 0.405872 -0.0155637 -5.09994 -0.142849 0.357014 0.923112 -2.75553
0.295673 -0.904783 0.306506 16.2506 0.946489 0.320912 0.0342734 -3.05023 -0.129371 0.279971 0.951252 -3.01487
0.170717 -0.912093 0.372749 16.8137 0.979608 0.197789 0.0353205 -0.922134 -0.105941 0.359118 0.92726 -3.23059
0.0242786 -0.958777 0.283122 17.1113 0.993277 0.0551999 0.101755 1.14461 -0.113189 0.278748 0.953671 -3.54441
-0.112457 -0.952956 0.281476 17.0342 0.982078 -0.0634771 0.177462 3.39841 -0.151246 0.296388 0.943016 -3.73828
-0.243626 -0.942125 0.23032 16.6176 0.933342 -0.163184 0.319756 5.4016 -0.263666 0.292868 0.91908 -4.1641
-0.438602 -0.838407 0.323577 16.0191 0.88444 -0.338854 0.320848 7.40198 -0.159356 0.426909 0.890143 -4.66523
-0.501711 -0.825769 0.257667 15.0281 0.852291 -0.420936 0.310505 9.3996 -0.147944 0.375391 0.914983 -5.1605
-0.629716 -0.736917 0.245785 13.8172 0.764071 -0.530458 0.367166 11.2089 -0.140192 0.419007 0.897095 -5.59503
-0.704041 -0.634448 0.319065 12.5094 0.709803 -0.614434 0.344457 12.957 -0.0224957 0.468985 0.88292 -5.88026
-0.730647 -0.630447 0.262092 10.9006 0.674935 -0.609008 0.41662 14.6572 -0.103041 0.481297 0.87048 -5.90233
-0.790588 -0.568282 0.228092 9.09051 0.606702 -0.676464 0.417504 16.0338 -0.0829638 0.468458 0.879582 -6.20712
-0.892455 -0.41593 0.174721 7.36242 0.45022 -0.796444 0.403706 17.2455 -0.0287579 0.438952 0.89805 -6.28925
-0.934653 -0.325053 0.144099 5.25829 0.35552 -0.86056 0.36475 18.2298 0.00544242 0.392144 0.919888 -6.16462
-0.971172 -0.204589 0.122343 3.17185 0.236037 -0.897076 0.373553 19.0822 0.0333262 0.391662 0.919506 -6.12792
-0.989634 -0.0858365 0.115135 0.985079 0.126604 -0.899902 0.41731 19.6121 0.06779 0.427561 0.901441 -5.9171
-0.999192 0.0317742 0.0246172 -1.45905 -0.0156403 -0.871532 0.490088 19.6902 0.0370269 0.489307 0.871325 -5.81182
-0.989484 0.143769 0.0158826 -3.66529 -0.112315 -0.832876 0.541943 19.556 0.0911429 0.53446 0.840265 -5.62028
-0.976346 0.215472 -0.0178763 -6.0996 -0.191824 -0.825102 0.531423 19.3081 0.0997572 0.522282 0.846918 -5.48495
-0.918847 0.379817 -0.107048 -8.08451 -0.376204 -0.761243 0.528184 18.7838 0.119123 0.525593 0.842355 -5.2113
-0.868306 0.479269 -0.12785 -10.1566 -0.473824 -0.725159 0.499636 17.6998 0.146748 0.494415 0.856749 -4.96096
-0.803319 0.536542 -0.258459 -12.2362 -0.595385 -0.713341 0.369678 16.4552 0.0139789 0.450852 0.892489 -4.65988
-0.692332 0.626427 -0.358141 -13.9928 -0.717802 -0.648606 0.253122 15.0415 -0.0737301 0.432318 0.898702 -4.65172
-0.605157 0.715616 -0.348825 -15.5858 -0.795584 -0.559493 0.23241 13.3265 -0.0288486 0.418163 0.907914 -4.58282
-0.511381 0.779813 -0.361082 -16.997 -0.856751 -0.429961 0.284801 11.3455 0.0668407 0.455 0.88798 -4.7442
-0.346751 0.814194 -0.465673 -18.2586 -0.937681 -0.28887 0.193153 9.36844 0.0227452 0.503629 0.863621 -4.44314
-0.203825 0.82673 -0.524378 -18.9163 -0.97845 -0.153946 0.137612 7.11664 0.0330425 0.541126 0.840292 -4.40103
-0.150353 0.89716 -0.415328 -19.3375 -0.981621 -0.0855287 0.170603 4.73256 0.117536 0.433345 0.893531 -4.45371
-0.0469324 0.911409 -0.408816 -19.6058 -0.980109 0.0369894 0.194981 2.36608 0.192829 0.409835 0.891545 -4.16153
0.0940357 0.929415 -0.356855 -19.6313 -0.986984 0.134002 0.0889211 -0.00329843 0.130464 0.343848 0.929918 -3.76878
0.236798 0.915159 -0.326208 -19.3106 -0.96211 0.267595 0.0523194 -2.4064 0.135172 0.301459 0.943849 -3.63775
0.372724 0.869121 -0.325125 -18.7266 -0.908897 0.412555 0.0608752 -4.64522 0.18704 0.272815 0.94371 -3.41593
0.424137 0.859225 -0.286078 -17.6781 -0.89769 0.440561 -0.00770187 -6.92514 0.119417 0.260076 0.958175 -3.13205
0.577719 0.758227 -0.302213 -16.705 -0.804828 0.590846 -0.0561469 -9.00354 0.135989 0.275667 0.951585 -2.94656
0.655681 0.700899 -0.280756 -15.1993 -0.750666 0.645099 -0.142646 -11.0494 0.0811349 0.304284 0.94912 -2.61195
0.738879 0.603983 -0.298768 -13.5611 -0.660611 0.736699 -0.144453 -12.8271 0.132855 0.304103 0.94333 -2.46773
0.818414 0.515424 -0.254039 -11.6952 -0.562233 0.809588 -0.168708 -14.4868 0.118711 0.280902 0.952366 -2.11288
0.887283 0.414996 -0.201267 -9.65746 -0.452285 0.868375 -0.203376 -15.7125 0.0903747 0.271482 0.958191 -2.05983
0.94361 0.280557 -0.175749 -7.40064 -0.319962 0.909156 -0.266571 -16.7522 0.0849945 0.307772 0.947656 -1.85921
0.9672 0.240362 -0.0821578 -5.04384 -0.253976 0.920771 -0.296105 -17.4631 0.00447626 0.307259 0.951615 -1.79034
0.996874 0.0762833 -0.0205738 -2.61043 -0.0782902 0.918682 -0.387162 -18.1041 -0.0106332 0.387562 0.921782 -1.81501
0.998549 -0.0510676 -0.0170999 -0.21994 0.0405196 0.921576 -0.386077 -18.2194 0.0354749 0.384824 0.922308 -1.74151
0.986959 -0.149425 0.0598687 2.49929 0.160728 0.935238 -0.31543 -17.9815 -0.00885847 0.320939 0.947058 -1.81194
0.971044 -0.198546 0.132863 4.93783 0.229443 0.93 -0.287153 -17.4356 -0.0665498 0.309323 0.948626 -1.79445
0.919202 -0.366972 0.142827 7.43987 0.390285 0.897255 -0.206426 -16.6768 -0.0523996 0.24549 0.967982 -2.04812
0.839753 -0.495025 0.223082 9.64004 0.537993 0.814081 -0.218714 -15.5897 -0.0733381 0.303682 0.949947 -2.2001
0.77292 -0.581249 0.254449 11.6163 0.630332 0.749302 -0.203048 -14.1769 -0.072638 0.317327 0.94553 -2.55828
0.72468 -0.611986 0.31672 13.6386 0.683937 0.69487 -0.22223 -12.5839 -0.0840777 0.377662 0.922118 -2.75525
0.594952 -0.710284 0.376203 15.4691 0.799277 0.572199 -0.183698 -10.82 -0.0847851 0.409982 0.908144 -3.14997
0.528455 -0.746472 0.404369 16.893 0.838804 0.532558 -0.113093 -8.66293 -0.13093 0.398951 0.907577 -3.41543
0.434835 -0.775031 0.458526 18.0912 0.890384 0.446182 -0.0902125 -6.36494 -0.134668 0.447491 0.88409 -3.86765
0.297132 -0.84808 0.438716 19.0159 0.95334 0.289215 -0.0865943 -3.96485 -0.0534444 0.443976 0.894444 -4.16354
0.180718 -0.874468 0.450164 19.6086 0.98022 0.197681 -0.00950283 -1.44826 -0.0806788 0.442977 0.892895 -4.28892
0.0287428 -0.884731 0.465215 20.1516 0.997613 0.0546217 0.0422413 1.01079 -0.062783 0.46289 0.884189 -4.53964
-0.212725 -0.858013 0.467506 20.026 0.960123 -0.0947142 0.263047 3.47532 -0.181418 0.504819 0.843946 -4.72166
-0.360378 -0.852327 0.379033 19.4076 0.893113 -0.198002 0.403913 5.89291 -0.269216 0.484081 0.832579 -5.23934
-0.348552 -0.83325 0.429192 18.3199 0.915402 -0.204247 0.346875 8.32135 -0.201372 0.513788 0.833949 -5.97609
-0.51075 -0.784249 0.35226 17.4246 0.841384 -0.371776 0.392244 10.6811 -0.176655 0.496724 0.84974 -6.41487
-0.58719 -0.750674 0.302816 16.0558 0.793074 -0.458667 0.400822 12.7834 -0.161995 0.475514 0.864664 -6.97723
-0.736842 -0.608727 0.294136 14.5231 0.673968 -0.627147 0.390454 14.8023 -0.0532133 0.485941 0.87237 -7.35402
-0.756157 -0.592306 0.278209 12.6919 0.654326 -0.678383 0.334148 16.5695 -0.0091856 0.434708 0.900525 -7.42858
-0.836167 -0.473443 0.276906 10.7555 0.547571 -0.749572 0.371899 18.2417 0.0314881 0.462595 0.88601 -7.63107
-0.883748 -0.390525 0.257835 8.52289 0.464009 -0.802744 0.374563 19.6064 0.0606992 0.450658 0.890631 -7.55356
-0.926538 -0.326948 0.186097 6.16884 0.37193 -0.870417 0.322555 20.8879 0.0565233 0.368074 0.928077 -7.44694
-0.972153 -0.223724 0.0697542 3.79604 0.233461 -0.898746 0.37115 21.7775 -0.0203437 0.377099 0.925949 -7.35398
-0.997057 -0.0679157 0.0355577 1.16014 0.0766608 -0.882755 0.463537 22.2737 -9.2731e-05 0.464899 0.885364 -7.28224
-0.998338 0.0458848 -0.0348723 -1.56215 -0.0570073 -0.875094 0.480583 22.3497 -0.00846502 0.481772 0.876255 -7.3536
-0.993862 0.105874 0.0320722 -4.27452 -0.0745456 -0.855167 0.512964 22.0547 0.0817367 0.507425 0.857811 -7.39573
-0.976037 0.201702 -0.0816645 -6.78087 -0.213726 -0.818003 0.534035 21.7819 0.040914 0.538691 0.841509 -7.08308
-0.941366 0.316581 -0.116648 -9.36256 -0.327545 -0.774642 0.540965 20.998 0.0808988 0.547454 0.832916 -6.89699
-0.897524 0.422398 -0.126615 -11.6374 -0.423051 -0.74379 0.517498 19.923 0.124415 0.518031 0.846265 -6.58943
-0.800487 0.513958 -0.308331 -13.9288 -0.598713 -0.661998 0.450889 18.6778 0.0276237 0.545533 0.837634 -6.1778
-0.690053 0.610941 -0.388044 -15.9513 -0.723708 -0.576078 0.379976 16.9555 0.00859957 0.543034 0.839667 -6.00839
-0.555337 0.726928 -0.403951 -17.7797 -0.831159 -0.501421 0.240317 14.925 -0.0278562 0.469205 0.88265 -6.11537
-0.460251 0.809751 -0.363968 -19.2623 -0.885254 -0.387636 0.257028 12.6116 0.0670411 0.440501 0.895245 -6.17326
-0.372631 0.817201 -0.439692 -20.4515 -0.927958 -0.324893 0.18259 10.2105 0.00635965 0.476054 0.879393 -6.01486
-0.228526 0.856893 -0.462072 -21.3497 -0.972126 -0.175301 0.155694 7.65787 0.0524115 0.484773 0.873068 -6.0532
-0.185706 0.890878 -0.414548 -21.9344 -0.968783 -0.0954859 0.228784 4.80911 0.164235 0.444094 0.880799 -5.82844
-0.061836 0.899972 -0.43154 -22.3423 -0.986734 0.00990245 0.162042 2.20456 0.150107 0.435836 0.887421 -5.41561
0.0692656 0.909375 -0.410169 -22.3691 -0.992256 0.105296 0.0658867 -0.386005 0.103105 0.402429 0.909626 -4.97703
0.234316 0.882701 -0.407352 -22.0385 -0.9639 0.265454 0.0207662 -3.21097 0.126463 0.387781 0.913035 -4.59512
0.276101 0.869085 -0.410439 -21.338 -0.949769 0.312171 0.0221011 -5.93329 0.147335 0.38372 0.91162 -4.27057
0.412138 0.837853 -0.357973 -20.4012 -0.901615 0.431648 -0.027747 -8.42397 0.131271 0.33419 0.933319 -3.9901
0.551878 0.739365 -0.385707 -19.1072 -0.824478 0.553179 -0.119288 -10.7807 0.125168 0.383839 0.914877 -3.78816
0.675864 0.65526 -0.337405 -17.4927 -0.736773 0.612694 -0.285959 -12.9539 0.0193486 0.44186 0.896875 -3.47827
0.688627 0.641506 -0.338026 -15.4096 -0.721301 0.653774 -0.228701 -14.9862 0.0742797 0.401308 0.912926 -3.55659
0.809994 0.505815 -0.29675 -13.3058 -0.578865 0.770674 -0.266415 -16.8862 0.0939409 0.387573 0.91704 -3.12858
0.896268 0.401346 -0.188745 -10.9391 -0.442247 0.840873 -0.31201 -18.332 0.0334867 0.363117 0.931142 -2.94607
0.9419 0.302351 -0.146314 -8.40468 -0.335724 0.861224 -0.381552 -19.4606 0.0106468 0.408505 0.912694 -2.98336
0.981047 0.179234 -0.0736313 -5.74453 -0.1937 0.897025 -0.397273 -20.2857 -0.00515557 0.404006 0.914742 -2.95061
0.993394 0.114744 -0.00130517 -2.75258 -0.104325 0.898333 -0.426749 -20.754 -0.0477945 0.424066 0.904369 -2.87785
0.997676 -0.0616109 -0.0291077 0.00738267 0.0415585 0.888691 -0.456619 -20.9354 0.0540004 0.454348 0.889186 -3.01498
0.986948 -0.156407 0.0383477 2.88639 0.159218 0.912009 -0.378006 -20.7679 0.0241492 0.379178 0.925009 -2.90512
0.964265 -0.232463 0.127101 5.76516 0.260214 0.92118 -0.289336 -20.3157 -0.0498231 0.31207 0.948752 -2.81251
0.914402 -0.351609 0.2006 8.46506 0.398122 0.870807 -0.288435 -19.4532 -0.0732674 0.343608 0.936251 -2.9185
0.818895 -0.43544 0.373902 11.0571 0.540819 0.803538 -0.248679 -18.1917 -0.19216 0.405856 0.893507 -2.95403
0.761533 -0.516727 0.39123 13.4013 0.622622 0.750919 -0.220143 -16.415 -0.180028 0.411235 0.893575 -3.7165
0.70035 -0.581358 0.414165 15.5645 0.711063 0.618971 -0.333563 -14.7079 -0.0624361 0.528108 0.846879 -4.08562
0.637762 -0.645885 0.419633 17.5308 0.764983 0.594659 -0.247349 -12.6159 -0.0897792 0.478762 0.873342 -4.41973
0.479366 -0.778658 0.404846 19.2081 0.873045 0.470113 -0.129559 -10.1874 -0.0894414 0.415555 0.90516 -4.88708
0.446638 -0.782047 0.434646 20.5013 0.890651 0.434867 -0.132781 -7.5719 -0.0851726 0.446423 0.890759 -5.19128
0.275101 -0.859881 0.430028 21.5237 0.954535 0.297704 -0.0153556 -4.88315 -0.114817 0.414701 0.902685 -5.44024
0.137881 -0.85543 0.499228 22.4001 0.984077 0.175402 0.0287628 -2.13884 -0.11217 0.487313 0.865993 -5.73175
0.0154396 -0.832487 0.553829 22.7275 0.99381 0.0737205 0.0831075 0.779178 -0.110014 0.549117 0.828473 -6.02657
-0.134835 -0.854635 0.501417 22.579 0.967349 -0.00393655 0.253419 3.69765 -0.214607 0.519215 0.82726 -6.32091
-0.330669 -0.809683 0.484842 22.1085 0.926614 -0.1811 0.32953 6.27676 -0.17901 0.558226 0.810147 -6.9819
-0.389625 -0.795219 0.464564 21.0622 0.914002 -0.271929 0.30109 9.01264 -0.113104 0.541924 0.832782 -7.67058
-0.459562 -0.812612 0.358421 19.704 0.875287 -0.345965 0.337908 11.6921 -0.150587 0.46901 0.87026 -8.04496
-0.584138 -0.740575 0.332161 18.3265 0.798843 -0.452147 0.396752 14.2324 -0.143639 0.497102 0.85572 -8.51105
-0.677544 -0.653714 0.337033 16.4143 0.732476 -0.558371 0.389486 16.5754 -0.0664228 0.510763 0.857152 -8.77199
-0.748223 -0.583462 0.315808 14.4305 0.662933 -0.638763 0.390513 18.7221 -0.0261235 0.50155 0.864734 -9.01654
-0.817473 -0.504528 0.277831 12.2905 0.575424 -0.694459 0.431987 20.4618 -0.0250076 0.513008 0.858019 -8.93663
-0.869104 -0.387889 0.306919 9.77251 0.492395 -0.737376 0.462411 22.1082 0.0469503 0.553009 0.831851 -8.98945
-0.908722 -0.30184 0.288301 7.1166 0.405498 -0.802171 0.438284 23.519 0.0989751 0.515184 0.851346 -8.70101
-0.982652 -0.169461 0.0753477 4.39452 0.185374 -0.885342 0.426388 24.4765 -0.00554757 0.432959 0.901397 -8.63583
-0.998896 -0.0409982 0.0229386 1.32208 0.0468497 -0.833126 0.551096 24.9464 -0.00348322 0.551562 0.834127 -8.74738
-0.999661 0.0108792 -0.0236363 -1.68012 -0.0216698 -0.850932 0.524828 24.9519 -0.0144032 0.525162 0.85088 -8.82788
-0.992283 0.120847 -0.0277417 -4.49554 -0.115587 -0.820615 0.559669 24.75 0.0448691 0.558557 0.828251 -8.93323
-0.955679 0.278939 -0.0941846 -7.47522 -0.283385 -0.784816 0.551142 24.3088 0.0798172 0.553405 0.829079 -8.83961
-0.909705 0.401007 -0.107841 -10.2558 -0.391451 -0.741472 0.544964 23.3687 0.138573 0.537971 0.831495 -8.59013
-0.852117 0.490388 -0.182798 -12.9875 -0.509883 -0.699171 0.501178 22.3065 0.117965 0.520268 0.845816 -8.24872
-0.762595 0.568667 -0.308329 -15.5523 -0.642555 -0.610912 0.462504 20.7394 0.0746483 0.550821 0.831278 -7.91197
-0.658061 0.632045 -0.409237 -17.8766 -0.752859 -0.543212 0.37165 18.7126 0.0125973 0.552666 0.833307 -7.73364
-0.581216 0.67804 -0.449944 -19.9029 -0.813489 -0.470153 0.342332 16.3994 0.0205725 0.564994 0.824839 -7.60596
-0.468907 0.771491 -0.430033 -21.6302 -0.882173 -0.385072 0.271089 13.8281 0.0435488 0.50648 0.861152 -7.61456
-0.389028 0.807194 -0.443954 -22.9639 -0.919117 -0.307504 0.246304 11.1124 0.0622973 0.503864 0.861533 -7.54053
-0.237239 0.831806 -0.501813 -23.9694 -0.965034 -0.142519 0.219994 8.24024 0.111475 0.536458 0.836532 -7.55151
-0.169717 0.875854 -0.451748 -24.5325 -0.977365 -0.0908389 0.191065 5.15501 0.126309 0.47395 0.871446 -7.23467
-0.0892436 0.875074 -0.475691 -24.9837 -0.987055 -0.0138032 0.159788 2.10922 0.13326 0.483793 0.864978 -6.8939
0.0715375 0.862401 -0.501145 -25.1896 -0.98483 0.140704 0.101549 -0.830494 0.158089 0.486278 0.859384 -6.49174
0.203937 0.836236 -0.509038 -24.7341 -0.959737 0.273372 0.0645885 -3.9145 0.193168 0.47537 0.858318 -5.9706
0.339663 0.824322 -0.452904 -24.0438 -0.929849 0.366727 -0.0298823 -6.8199 0.14146 0.431282 0.891058 -5.55552
0.448873 0.819785 -0.355621 -22.8736 -0.887963 0.453813 -0.0746672 -9.79002 0.100174 0.349294 0.931643 -5.1653
0.563423 0.734152 -0.378914 -21.2971 -0.822681 0.540654 -0.175753 -12.4686 0.075832 0.410749 0.90859 -5.05709
0.661725 0.649855 -0.37391 -19.4601 -0.748889 0.596755 -0.288182 -14.8169 0.0358564 0.470714 0.881557 -4.93571
0.706081 0.593234 -0.386682 -17.1885 -0.703865 0.647804 -0.291419 -17.0594 0.0776141 0.477937 0.874958 -4.77906
0.817604 0.483837 -0.312131 -14.7602 -0.571502 0.747903 -0.337677 -19.2759 0.0700628 0.454469 0.888003 -4.45677
0.895527 0.383191 -0.226264 -12.1751 -0.444219 0.800006 -0.403312 -20.8764 0.0264671 0.461688 0.886647 -4.26219
0.953064 0.291042 -0.0834422 -9.3478 -0.296811 0.84373 -0.44724 -22.044 -0.0597632 0.451015 0.890513 -4.3156
0.980967 0.178352 -0.0767704 -6.19724 -0.194165 0.897518 -0.395932 -23.0117 -0.00171234 0.403302 0.915065 -4.40957
0.995369 0.0619686 -0.0734827 -3.09014 -0.0868282 0.907602 -0.410754 -23.5117 0.0412393 0.415232 0.90878 -4.31708
0.994359 0.010091 -0.105583 0.174123 -0.0522844 0.912745 -0.405171 -23.6687 0.0922815 0.408405 0.908124 -4.28123
0.9834 -0.181289 0.00772325 3.3504 0.16437 0.871979 -0.461124 -23.7114 0.0768623 0.454739 0.887302 -4.08175
0.969501 -0.207078 0.131097 6.50619 0.241211 0.900945 -0.360716 -23.1326 -0.0434148 0.381336 0.923416 -3.99254
0.909207 -0.378391 0.173673 9.45912 0.415396 0.85257 -0.317129 -22.1237 -0.02807 0.360479 0.932345 -4.22793
0.805939 -0.462434 0.369617 12.3412 0.575956 0.756854 -0.308944 -20.7489 -0.13688 0.461873 0.87632 -4.39122
0.793623 -0.493633 0.355652 14.9044 0.601487 0.724511 -0.336597 -18.7983 -0.0915189 0.481051 0.871902 -4.96821
0.684092 -0.602556 0.411029 17.29 0.724221 0.628129 -0.284531 -16.7462 -0.0867336 0.492321 0.866082 -5.51355
0.609621 -0.661059 0.43745 19.4968 0.77998 0.598673 -0.18227 -14.3363 -0.141398 0.452318 0.880577 -5.96899
0.48428 -0.742927 0.462095 21.5221 0.872478 0.449457 -0.191757 -11.6933 -0.0652304 0.496032 0.865851 -6.39545
0.437813 -0.785671 0.437082 22.9289 0.893507 0.434207 -0.114498 -8.80823 -0.099826 0.440665 0.892104 -6.57058
0.286678 -0.820776 0.494108 24.2161 0.947914 0.317756 -0.0221383 -5.83603 -0.138835 0.474718 0.869119 -6.81023
0.128853 -0.801182 0.584383 24.8553 0.980352 0.191668 0.0466129 -2.81196 -0.149353 0.566895 0.810138 -7.20276
0.0336788 -0.690991 0.722079 25.2601 0.998202 0.0591059 0.0100036 0.45003 -0.0495915 0.720443 0.691738 -7.75922
-0.173452 -0.739671 0.650232 25.2209 0.962376 0.0129196 0.271415 3.74145 -0.209159 0.672845 0.7096 -8.0728
-0.30144 -0.766798 0.566706 24.4996 0.934629 -0.120007 0.334765 6.76881 -0.188688 0.630571 0.752846 -8.74561
-0.374129 -0.762147 0.528355 23.4626 0.916429 -0.216558 0.336541 9.81756 -0.142074 0.61011 0.779475 -9.29061
-0.473467 -0.713943 0.515863 22.2356 0.875777 -0.319049 0.362246 12.6715 -0.0940375 0.623292 0.776314 -9.77397
-0.587091 -0.681638 0.436686 20.5033 0.806998 -0.450249 0.382139 15.5624 -0.0638627 0.576754 0.814417 -10.0803
-0.653269 -0.671222 0.350286 18.5087 0.752961 -0.527501 0.393438 18.1988 -0.0793079 0.520772 0.850004 -10.2933
-0.7477 -0.565083 0.34875 16.2697 0.662396 -0.597805 0.451509 20.5261 -0.0466555 0.568604 0.821287 -10.5766
-0.826116 -0.474067 0.30462 13.7577 0.563479 -0.690197 0.454005 22.5318 -0.00498148 0.546707 0.837309 -10.6463
-0.858769 -0.354779 0.369659 10.9946 0.506338 -0.697969 0.50642 24.3701 0.0783428 0.62207 0.779032 -10.7814
-0.892762 -0.280426 0.352616 8.07519 0.440952 -0.704398 0.556225 25.9527 0.0924018 0.652062 0.752513 -10.4044
-0.988041 -0.143163 0.0572649 5.05039 0.140799 -0.686299 0.713561 27.1538 -0.062855 0.71309 0.698249 -10.172
-0.999792 -0.0115098 0.0168489 1.54558 0.0199743 -0.720794 0.692862 27.5356 0.00416987 0.693054 0.720874 -10.5305
-0.995495 0.0452013 -0.0833471 -1.81398 -0.0860978 -0.799131 0.59496 27.4202 -0.0397122 0.599456 0.799422 -10.5434
-0.987581 0.156819 0.00951513 -5.07066 -0.121821 -0.802608 0.583935 27.128 0.0992091 0.575524 0.811745 -10.6497
-0.962045 0.269218 -0.0446301 -8.351 -0.25121 -0.809798 0.530207 26.6725 0.1066 0.521295 0.846693 -10.5088
-0.923849 0.371292 -0.0929836 -11.4386 -0.361079 -0.764821 0.533546 25.6426 0.126985 0.52649 0.840644 -10.2996
-0.871662 0.46169 -0.164462 -14.4881 -0.473635 -0.707258 0.524839 24.1825 0.125996 0.535377 0.835163 -10.0448
-0.79443 0.534725 -0.288012 -17.3546 -0.603214 -0.639371 0.476799 22.5895 0.0708102 0.552516 0.830489 -9.80509
-0.673615 0.625618 -0.393504 -19.9191 -0.73791 -0.539321 0.405735 20.4431 0.0416103 0.56368 0.824945 -9.58876
-0.636791 0.65838 -0.401289 -22.091 -0.769896 -0.514659 0.37734 17.7564 0.0419054 0.549238 0.834615 -9.5256
-0.493463 0.750367 -0.439823 -24.0618 -0.869608 -0.415986 0.265965 15.0426 0.016611 0.513717 0.857799 -9.35358
-0.381573 0.790479 -0.479109 -25.4421 -0.924309 -0.322118 0.20468 11.8806 0.00746599 0.520945 0.853558 -9.28791
-0.253805 0.803803 -0.538037 -26.5722 -0.962347 -0.153878 0.224075 8.65815 0.0973199 0.574649 0.812593 -9.21003
-0.166632 0.844988 -0.508163 -27.2013 -0.974962 -0.0642335 0.212891 5.41547 0.147249 0.530914 0.834534 -8.9709
-0.0902369 0.837682 -0.538651 -27.6468 -0.982755 0.012756 0.184472 1.93513 0.1614 0.546009 0.822086 -8.33083
0.0730952 0.817753 -0.570909 -27.7608 -0.99031 0.127287 0.0555299 -1.35377 0.118079 0.561318 0.819133 -7.88386
0.184485 0.817436 -0.545677 -27.2564 -0.966275 0.252343 0.0513326 -4.78397 0.179659 0.517804 0.836422 -7.52194
0.310553 0.776551 -0.548202 -26.6418 -0.922295 0.385743 0.0239465 -7.9685 0.230061 0.498168 0.836003 -7.07432
0.503691 0.775638 -0.38037 -25.3341 -0.862711 0.474555 -0.174717 -11.1867 0.0449891 0.416153 0.908181 -6.37134
0.60406 0.697603 -0.385308 -23.6251 -0.796686 0.54078 -0.269903 -14.1389 0.0200819 0.470007 0.882434 -6.34821
0.69078 0.544714 -0.47551 -21.5434 -0.714443 0.615442 -0.332869 -16.6695 0.11133 0.569664 0.814302 -6.34932
0.704186 0.553546 -0.444645 -18.9563 -0.697754 0.6554 -0.289119 -19.1314 0.131379 0.513847 0.847762 -6.29473
0.819493 0.502111 -0.276254 -16.2623 -0.572963 0.727968 -0.376533 -21.5588 0.0120425 0.466849 0.884255 -5.82886
0.914289 0.326501 -0.239734 -13.442 -0.403781 0.781664 -0.475355 -23.3756 0.0321877 0.531412 0.846502 -5.8538
0.949383 0.266161 -0.166824 -10.1834 -0.313791 0.827914 -0.464858 -24.6772 0.0143888 0.493676 0.869527 -5.7134
0.972007 0.20173 -0.120449 -6.779 -0.234738 0.855733 -0.461107 -25.7269 0.010053 0.476473 0.879132 -5.7027
0.992699 0.0841756 -0.0863917 -3.41567 -0.115634 0.867916 -0.483063 -26.369 0.0343186 0.489526 0.871313 -5.64484
0.999219 -0.002565 -0.0394334 0.106894 -0.0157621 0.889202 -0.457242 -26.5161 0.0362371 0.457507 0.888467 -5.58005
0.987048 -0.142948 0.0728114 3.70755 0.160397 0.887622 -0.43174 -26.4406 -0.00291246 0.437827 0.899054 -5.51287
0.96589 -0.23907 0.0995106 7.10035 0.258951 0.889808 -0.375747 -25.7843 0.00128454 0.388698 0.921364 -5.31496
0.888324 -0.375116 0.264893 10.5642 0.450795 0.822296 -0.347293 -24.641 -0.0875452 0.427921 0.899566 -5.3799
0.826426 -0.395807 0.400447 13.6814 0.542385 0.750536 -0.377511 -23.0225 -0.151128 0.529181 0.834942 -5.74725
0.746876 -0.495064 0.443946 16.3802 0.6385 0.720388 -0.270849 -20.9693 -0.185726 0.48575 0.854138 -6.38019
0.745985 -0.520314 0.415668 19.0473 0.657032 0.676894 -0.331849 -18.562 -0.108698 0.520661 0.846816 -7.04488
0.636704 -0.592008 0.494099 21.507 0.762214 0.580224 -0.287002 -16.1657 -0.11678 0.559345 0.820668 -7.43138
0.524702 -0.669517 0.52577 23.6037 0.845586 0.481254 -0.231039 -13.0825 -0.0983445 0.56581 0.818649 -8.03115
0.411879 -0.73771 0.53492 25.2675 0.909687 0.367121 -0.194146 -10.0325 -0.0531564 0.566574 0.822294 -8.2637
0.247504 -0.810538 0.53082 26.7286 0.95462 0.297677 0.00943084 -6.8099 -0.165657 0.504397 0.847432 -8.32156
0.0808858 -0.834836 0.544523 27.3726 0.963836 0.204691 0.17065 -3.34627 -0.253924 0.511028 0.821202 -9.13908
0.0512438 -0.830517 0.554631 27.3981 0.992677 0.103188 0.0627997 0.137551 -0.109387 0.547351 0.829723 -10.0013
-0.0821598 -0.751385 0.654729 27.3395 0.989548 0.0166172 0.143246 3.62829 -0.118512 0.659654 0.742166 -10.3868
-0.251615 -0.749563 0.612246 26.8348 0.965921 -0.154802 0.207443 7.12779 -0.0607142 0.643577 0.762969 -10.8241
-0.346386 -0.724448 0.595979 25.6897 0.934661 -0.212235 0.285244 10.3902 -0.0801567 0.655843 0.750629 -11.1615
-0.449049 -0.704921 0.549037 24.2478 0.892908 -0.331533 0.304633 13.6657 -0.0327188 0.627035 0.778304 -11.5527
-0.529834 -0.70701 0.468415 22.4897 0.847596 -0.422358 0.321239 16.8383 -0.0292805 0.56723 0.823039 -11.8671
-0.638024 -0.673866 0.3726 20.4793 0.762492 -0.485416 0.427759 19.764 -0.107386 0.557025 0.823524 -11.9416
-0.79787 -0.514552 0.31407 18.077 0.599518 -0.622756 0.502745 22.3201 -0.0630995 0.589415 0.805362 -12.3199
-0.838796 -0.475552 0.265088 15.2542 0.541706 -0.680178 0.493875 24.4855 -0.054556 0.55786 0.82814 -12.5844
-0.880688 -0.348167 0.321199 12.1286 0.472321 -0.697067 0.539454 26.4615 0.0360774 0.626799 0.778345 -12.6678
-0.919522 -0.279732 0.276097 8.75454 0.392232 -0.698091 0.599019 28.0117 0.0251758 0.659105 0.75163 -12.5994
-0.973815 -0.177088 0.142562 5.41287 0.226593 -0.705199 0.671826 29.1811 -0.0184378 0.686537 0.726861 -12.4845
-0.998729 -0.0293645 0.0409734 1.83404 0.0496341 -0.714824 0.69754 29.795 0.00880588 0.698687 0.715373 -12.7119
-0.998758 0.0498001 0.00170039 -1.84825 -0.0372635 -0.769117 0.638021 29.8057 0.0330813 0.637165 0.770017 -12.6496
-0.985377 0.168971 -0.0219442 -5.55202 -0.149339 -0.794434 0.588704 29.5457 0.0820408 0.583372 0.808051 -12.5234
-0.96321 0.260295 -0.0668775 -9.06529 -0.254498 -0.803482 0.53819 29.0879 0.0863531 0.53541 0.840166 -12.3025
-0.923761 0.357626 -0.136998 -12.6063 -0.37766 -0.791317 0.480822 27.9642 0.0635459 0.495903 0.86605 -11.9672
-0.87483 0.437076 -0.208897 -15.895 -0.470575 -0.664337 0.580702 26.3894 0.115033 0.606317 0.786859 -11.831
-0.830683 0.486277 -0.271108 -19.0035 -0.547661 -0.626098 0.555039 24.3196 0.100162 0.609537 0.786405 -11.5701
-0.686994 0.601322 -0.407984 -21.8555 -0.721154 -0.495187 0.484485 22.0916 0.0893031 0.627058 0.773837 -11.2805
-0.600694 0.642084 -0.476335 -24.1665 -0.797102 -0.43509 0.418718 19.3271 0.0616031 0.631209 0.773162 -11.1907
-0.426582 0.713319 -0.556061 -26.3706 -0.904382 -0.328954 0.271811 16.2275 0.0109697 0.618842 0.785439 -10.9559
-0.373292 0.773612 -0.512033 -27.6709 -0.927017 -0.289665 0.238187 12.7372 0.0359465 0.563577 0.825281 -10.8847
-0.283744 0.788143 -0.546186 -28.8679 -0.95752 -0.202336 0.205464 9.2034 0.051422 0.581283 0.812075 -10.9495
-0.180391 0.815015 -0.550645 -29.6488 -0.975248 -0.0754272 0.207849 5.65901 0.127867 0.57451 0.808448 -10.6827
-0.106268 0.816234 -0.567863 -30.0196 -0.984556 -0.00646914 0.174948 1.91081 0.139125 0.577685 0.804316 -10.1114
0.0805471 0.797696 -0.597657 -30.1845 -0.99077 0.129663 0.0395348 -1.71521 0.109031 0.588956 0.800776 -9.59732
0.14704 0.764992 -0.627029 -29.6173 -0.972792 0.226587 0.0483207 -5.46186 0.179042 0.602864 0.777495 -9.17844
0.273363 0.670055 -0.690144 -29.0159 -0.943206 0.327519 -0.055614 -9.06887 0.188771 0.666151 0.721532 -8.52243
0.522446 0.632123 -0.572251 -27.7693 -0.852643 0.392855 -0.344477 -12.5918 0.00706046 0.667896 0.744221 -7.85152
0.622482 0.620974 -0.476348 -25.657 -0.782608 0.488907 -0.385351 -15.6733 -0.00640306 0.612668 0.790315 -7.87721
0.666102 0.573893 -0.476397 -23.1652 -0.741929 0.575319 -0.344311 -18.6161 0.0764828 0.582799 0.809009 -8.13285
0.710708 0.44955 -0.541109 -20.552 -0.667116 0.674804 -0.315586 -21.249 0.223271 0.585272 0.779491 -7.93535
0.822486 0.438732 -0.361981 -17.7649 -0.568777 0.630942 -0.527641 -23.701 -0.00310379 0.639864 0.768482 -7.31892
0.898211 0.34513 -0.272219 -14.4538 -0.439453 0.719094 -0.538317 -25.6434 0.00996162 0.603149 0.797566 -7.37518
0.919984 0.267554 -0.286433 -10.9513 -0.382174 0.774558 -0.503986 -27.1625 0.0870154 0.573127 0.814834 -7.29876
0.974651 0.173053 -0.141804 -7.40923 -0.222231 0.822091 -0.524194 -28.2922 0.025862 0.54242 0.839709 -7.1195
0.994456 0.0643591 -0.0831579 -3.58929 -0.099775 0.827209 -0.552965 -28.8925 0.0332006 0.558197 0.829044 -7.12897
0.995215 -0.0124503 -0.0969092 0.227925 -0.0443023 0.826526 -0.561152 -29.166 0.0870845 0.562761 0.82202 -7.04009
0.988978 -0.141817 0.0425467 4.12723 0.141228 0.817245 -0.558717 -29.0899 0.0444646 0.558568 0.828266 -6.83634
0.944395 -0.240435 0.224296 7.86696 0.325273 0.782949 -0.530271 -28.542 -0.0481162 0.573743 0.817621 -6.51424
0.906179 -0.270392 0.325159 11.4889 0.410179 0.749109 -0.520182 -27.2501 -0.102926 0.604751 0.789736 -6.7768
0.843641 -0.349589 0.4075 14.9345 0.512638 0.750088 -0.417816 -25.2793 -0.159597 0.561387 0.812018 -7.33447
0.76477 -0.475842 0.434397 17.9938 0.630531 0.691392 -0.352714 -23.1611 -0.132502 0.543646 0.82879 -7.9954
0.695858 -0.559345 0.45046 20.7678 0.710415 0.62808 -0.317531 -20.5658 -0.105316 0.54097 0.834422 -8.73596
0.569337 -0.648429 0.505367 23.2751 0.816886 0.515363 -0.259033 -17.8149 -0.0924831 0.560304 0.823108 -9.31802
0.551517 -0.629151 0.547722 25.4692 0.829313 0.484258 -0.278807 -14.562 -0.0898267 0.608 0.788839 -9.77807
0.45368 -0.648509 0.611236 27.5328 0.890936 0.314516 -0.327588 -11.1947 0.0202003 0.693192 0.72047 -10.002
0.185329 -0.677468 0.711822 29.2153 0.964301 0.264808 0.000963844 -7.7128 -0.189149 0.686232 0.70236 -10.0073
0.0519622 -0.767844 0.638526 29.8746 0.972235 0.18498 0.143325 -4.0053 -0.228166 0.613349 0.756137 -10.8405
-0.0462581 -0.785357 0.617312 29.9667 0.994544 0.0216354 0.102051 -0.160143 -0.0935023 0.618664 0.780072 -11.8358
-0.111906 -0.72557 0.678988 29.6546 0.988006 -0.00807927 0.154202 3.69281 -0.106399 0.688101 0.717772 -12.4284
-0.249741 -0.711958 0.656312 29.0576 0.963361 -0.114229 0.242666 7.48143 -0.0977986 0.692869 0.7144 -12.9378
-0.352251 -0.685185 0.637527 27.8623 0.933557 -0.209012 0.29118 11.0406 -0.0662609 0.697736 0.713284 -13.3303
-0.42559 -0.658576 0.620606 26.4833 0.904908 -0.31263 0.288797 14.6751 0.00382505 0.6845 0.729003 -13.597
-0.528029 -0.665579 0.527437 24.7436 0.849073 -0.401974 0.342771 18.0788 -0.016125 0.628825 0.77738 -13.6913
-0.668468 -0.607108 0.429618 22.5 0.740229 -0.487017 0.463546 21.2667 -0.0721913 0.627882 0.774954 -13.8597
-0.750508 -0.519459 0.408534 19.6649 0.660861 -0.589929 0.463946 24.0241 4.30346e-06 0.61818 0.786037 -14.299
-0.833094 -0.462945 0.302715 16.5875 0.551806 -0.657724 0.512748 26.5166 -0.0382714 0.594207 0.803401 -14.3754
-0.918317 -0.309196 0.247169 13.2664 0.395763 -0.729978 0.557228 28.5854 0.00813546 0.609532 0.792719 -14.5077
-0.933546 -0.280921 0.222654 9.61315 0.357226 -0.677661 0.642779 29.9536 -0.0296859 0.679602 0.73298 -14.4869
-0.98229 -0.140018 0.124503 5.90415 0.187174 -0.703228 0.685883 31.215 -0.00848156 0.69704 0.716982 -14.5889
-0.995072 -0.073096 0.0670032 1.9404 0.0991582 -0.731368 0.674736 31.8753 -0.000316463 0.678054 0.735012 -14.7951
-0.998008 0.0436426 0.045567 -1.98596 -0.00428594 -0.767416 0.641135 32.0862 0.0629496 0.639662 0.766074 -14.6626
-0.994143 0.107888 0.00632098 -6.029 -0.086652 -0.830681 0.549964 31.9684 0.0645854 0.546195 0.835165 -14.3381
-0.967798 0.23598 -0.0876345 -9.88646 -0.244056 -0.794331 0.556304 31.4752 0.0616655 0.559778 0.826345 -14.0047
-0.917479 0.356329 -0.176813 -13.5728 -0.390882 -0.725151 0.566893 30.2986 0.0737845 0.589225 0.804593 -13.7581
-0.84843 0.400997 -0.345497 -17.1663 -0.529234 -0.653553 0.541091 28.4999 -0.00882394 0.641927 0.766715 -13.5303
-0.798457 0.466286 -0.380846 -20.4437 -0.60109 -0.581665 0.548048 26.3227 0.0340221 0.666515 0.744714 -13.4651
-0.720548 0.490794 -0.489828 -23.531 -0.692509 -0.473456 0.544308 23.6318 0.0352314 0.73141 0.681027 -13.3193
-0.566583 0.612151 -0.551593 -26.3041 -0.822893 -0.385596 0.417327 20.7571 0.0427748 0.690353 0.722207 -13.1347
-0.458361 0.664703 -0.589979 -28.54 -0.88834 -0.322101 0.327265 17.3038 0.0275016 0.674108 0.738121 -12.9137
-0.341116 0.722472 -0.601394 -30.1289 -0.939288 -0.287229 0.187715 13.5272 -0.037119 0.628915 0.776588 -12.7532
-0.260989 0.731986 -0.62935 -31.3405 -0.964161 -0.165429 0.207427 9.6886 0.0477206 0.660931 0.748928 -12.7908
-0.151611 0.773331 -0.615608 -32.1061 -0.977967 -0.0269374 0.207013 5.80435 0.143506 0.63343 0.760376 -12.482
-0.0598704 0.771175 -0.633802 -32.5094 -0.985552 0.0551119 0.160155 1.84842 0.158437 0.634234 0.756733 -11.9865
0.113427 0.745292 -0.657019 -32.5927 -0.986802 0.161427 0.012754 -1.98097 0.115566 0.646902 0.753766 -11.4085
0.173938 0.735982 -0.654275 -31.8539 -0.970799 0.239622 0.01146 -6.10494 0.165213 0.633176 0.75617 -11.181
0.331975 0.63754 -0.695223 -31.1092 -0.923588 0.369525 -0.102155 -10.015 0.191774 0.676013 0.711498 -10.7553
0.510979 0.647942 -0.564864 -29.6715 -0.859112 0.406944 -0.31036 -13.7552 0.0287728 0.643869 0.764594 -10.0439
0.635536 0.606179 -0.478164 -27.4581 -0.77207 0.500068 -0.392224 -17.1795 0.00135647 0.618448 0.785824 -9.88935
0.710521 0.554224 -0.433584 -24.8218 -0.70367 0.557204 -0.440875 -20.3157 -0.00274888 0.618352 0.785897 -9.72691
0.734998 0.441709 -0.514462 -21.9337 -0.671137 0.582108 -0.459047 -23.1525 0.0967075 0.682674 0.724296 -9.82142
0.853682 0.35642 -0.379726 -18.9014 -0.520023 0.623053 -0.584278 -25.7882 0.0283414 0.696254 0.717236 -9.4076
0.8833 0.350195 -0.311681 -15.343 -0.468689 0.67465 -0.570243 -27.8173 0.010579 0.649777 0.760051 -9.29559
0.942979 0.215387 -0.253768 -11.8263 -0.3251 0.759563 -0.56336 -29.5801 0.0714128 0.613737 0.786275 -9.19875
0.982697 0.114811 -0.145345 -7.96828 -0.17744 0.808598 -0.560968 -30.7043 0.0531203 0.577051 0.814978 -8.91166
0.992262 0.0933904 -0.0818195 -3.78299 -0.124029 0.776021 -0.618392 -31.3492 0.0057418 0.623754 0.781599 -9.00348
0.998692 0.00339108 -0.0510179 0.37972 -0.0316523 0.824626 -0.564792 -31.6632 0.0401555 0.565668 0.823655 -8.77878
0.990732 -0.129965 0.0394841 4.47414 0.125355 0.762902 -0.634245 -31.7249 0.0523074 0.633316 0.772123 -8.53445
0.948068 -0.156829 0.276715 8.57376 0.303489 0.706401 -0.639447 -30.9919 -0.0951879 0.690219 0.717312 -8.39124
0.878781 -0.281272 0.385525 12.3347 0.456556 0.730689 -0.507593 -29.5613 -0.138927 0.622077 0.770532 -8.73809
0.873764 -0.322506 0.364041 16.0158 0.469684 0.753818 -0.459516 -27.4867 -0.126224 0.572493 0.810135 -9.13147
0.762396 -0.478695 0.435435 19.4142 0.640945 0.651271 -0.406245 -25.359 -0.0891193 0.588809 0.803344 -9.71148
0.687021 -0.514364 0.513257 22.4763 0.711655 0.618991 -0.33226 -22.4311 -0.146799 0.593531 0.791309 -10.4045
0.623355 -0.574578 0.530367 25.2664 0.771746 0.561239 -0.29903 -19.4499 -0.125846 0.59571 0.793279 -11.1087
0.515523 -0.61573 0.595913 27.5331 0.849649 0.457446 -0.262372 -16.0511 -0.111048 0.641576 0.758979 -11.6812
0.420668 -0.655452 0.627233 29.4638 0.905646 0.344041 -0.247873 -12.2613 -0.0533251 0.672323 0.738334 -12.1547
0.277714 -0.692538 0.665782 31.1421 0.954873 0.274979 -0.112271 -8.45675 -0.105324 0.666916 0.737651 -12.2729
0.101997 -0.706706 0.700117 32.1134 0.972768 0.218105 0.0784387 -4.48475 -0.208132 0.673051 0.709707 -12.814
-0.0732507 -0.734271 0.674893 32.3738 0.97651 0.084693 0.198131 -0.33516 -0.202641 0.673553 0.710818 -13.7671
-0.0977664 -0.642493 0.760029 31.8889 0.988456 0.026129 0.149238 3.71624 -0.115743 0.765846 0.632521 -14.5902
-0.220176 -0.661275 0.717104 31.2028 0.971804 -0.0851093 0.219894 7.80066 -0.0843784 0.7453 0.661369 -15.2563
-0.319658 -0.606407 0.728073 30.0237 0.947532 -0.205895 0.244522 11.6288 0.00162656 0.768035 0.640405 -15.5727
-0.395959 -0.581245 0.710894 28.4963 0.918125 -0.264283 0.295299 15.6438 0.0162365 0.769616 0.638301 -15.6609
-0.541796 -0.529964 0.652377 26.6784 0.840035 -0.315322 0.441491 19.3333 -0.0282652 0.787217 0.616028 -15.7101
-0.646398 -0.497741 0.578293 24.1257 0.762925 -0.411032 0.498997 22.6226 -0.010674 0.763745 0.64543 -15.8684
-0.736337 -0.496381 0.459798 21.0834 0.676568 -0.548144 0.491724 25.7615 0.00795269 0.673159 0.739455 -16.0786
-0.832693 -0.440216 0.335906 17.8339 0.551375 -0.603215 0.576296 28.5343 -0.0510714 0.665087 0.745017 -16.1447
-0.90372 -0.338643 0.261937 14.2317 0.42722 -0.673587 0.603128 30.5793 -0.0278072 0.656963 0.753409 -16.3828
-0.949525 -0.232364 0.210737 10.3586 0.31363 -0.689804 0.652538 32.1422 -0.00625909 0.685695 0.727862 -16.6477
-0.976033 -0.125924 0.177492 6.29126 0.214867 -0.687031 0.694133 33.3231 0.0345345 0.715634 0.697621 -16.8216
-0.987311 -0.0376984 0.15426 2.32339 0.133408 -0.723826 0.676962 33.9669 0.0861373 0.688952 0.719671 -16.8332
-0.989423 0.0538782 0.134684 -1.91081 0.0534344 -0.727812 0.683692 34.3886 0.134861 0.683657 0.717235 -16.5682
-0.989682 0.141363 -0.0233485 -6.34375 -0.122153 -0.747315 0.653145 34.4587 0.074882 0.649258 0.756873 -16.0985
-0.977366 0.18813 -0.0967658 -10.3713 -0.201386 -0.687225 0.697973 33.7181 0.0648095 0.701662 0.709557 -15.791
-0.90596 0.326733 -0.269224 -14.6017 -0.419558 -0.607836 0.674171 32.5629 0.0566302 0.723727 0.687759 -15.6339
-0.829992 0.359864 -0.426159 -18.515 -0.557604 -0.554249 0.617969 30.5429 -0.0138128 0.750537 0.660684 -15.4512
-0.744736 0.460523 -0.482997 -21.8742 -0.666398 -0.552006 0.501202 27.8963 -0.0358025 0.695132 0.71799 -15.5809
-0.71004 0.527393 -0.466583 -24.9803 -0.702138 -0.480071 0.525864 24.9895 0.053344 0.700991 0.711173 -15.8025
-0.605832 0.570734 -0.554284 -28.038 -0.789493 -0.345162 0.507508 21.6884 0.0983343 0.745068 0.6597 -15.541
-0.510002 0.5895 -0.626409 -30.3971 -0.859767 -0.326964 0.392295 18.1997 0.0264448 0.738637 0.673584 -15.0242
-0.357208 0.702124 -0.615974 -32.2882 -0.93385 -0.255728 0.250053 14.3248 0.0180461 0.664548 0.747027 -14.8254
-0.250086 0.716833 -0.650852 -33.5196 -0.96249 -0.111007 0.247571 10.184 0.105218 0.688352 0.717705 -14.8422
-0.188294 0.73757 -0.648487 -34.3379 -0.973325 -0.0520102 0.223459 5.97835 0.131089 0.673265 0.727688 -14.4597
-0.0414692 0.75122 -0.658748 -34.8813 -0.993838 0.0368188 0.104551 1.66917 0.102795 0.659024 0.745064 -13.9394
0.150948 0.740439 -0.654954 -34.9319 -0.986959 0.150364 -0.0574759 -2.62072 0.055924 0.655088 0.75348 -13.4769
0.250788 0.720426 -0.6466 -34.045 -0.96016 0.27018 -0.0713767 -6.82969 0.123277 0.63874 0.759483 -13.31
0.373097 0.686937 -0.623631 -32.9434 -0.919297 0.364465 -0.148521 -11.0147 0.125267 0.628715 0.76748 -12.786
0.435177 0.710861 -0.552538 -31.276 -0.895556 0.404974 -0.184322 -14.9503 0.0927366 0.575042 0.812851 -12.2375
0.594055 0.625552 -0.50575 -29.204 -0.803927 0.483787 -0.345907 -18.589 0.0282928 0.612073 0.790295 -11.9246
0.621961 0.588943 -0.516053 -26.3087 -0.782992 0.475648 -0.400851 -21.921 0.00938101 0.653379 0.756973 -11.8158
0.754994 0.477364 -0.449565 -23.4204 -0.653308 0.606487 -0.453169 -24.9738 0.0563287 0.635844 0.769759 -11.8924
0.836506 0.356989 -0.415711 -20.0324 -0.541988 0.650715 -0.531807 -27.7063 0.0806603 0.670171 0.737811 -11.6541
0.877433 0.340539 -0.337853 -16.2596 -0.47789 0.681657 -0.554044 -29.8597 0.0416263 0.647593 0.760848 -11.4265
0.929233 0.29924 -0.216753 -12.4504 -0.369293 0.732728 -0.571605 -31.8496 -0.0122257 0.611199 0.791382 -11.2006
0.982811 0.117662 -0.142261 -8.33338 -0.181672 0.753444 -0.631916 -33.1038 0.0328332 0.646898 0.761869 -10.9735
0.996046 0.0246574 -0.0853529 -4.03547 -0.0760468 0.733344 -0.675591 -33.7825 0.0459347 0.67941 0.732319 -10.8971
0.998311 0.0136241 -0.0564836 0.371092 -0.0476929 0.747395 -0.662666 -34.1241 0.0331874 0.66424 0.746782 -10.7002
0.990891 -0.113094 0.0731119 4.81848 0.133093 0.739596 -0.65976 -33.8683 0.0205419 0.663481 0.747911 -10.6168
0.958872 -0.191284 0.209699 9.19322 0.282193 0.721868 -0.631881 -33.1256 -0.0305062 0.665069 0.746158 -10.614
0.915314 -0.268806 0.299905 13.1917 0.397003 0.727463 -0.559631 -31.563 -0.067738 0.631302 0.772574 -10.7386
0.851896 -0.357271 0.382924 17.0452 0.516641 0.693048 -0.502759 -29.6747 -0.0857632 0.626133 0.774985 -11.1055
0.770398 -0.423111 0.476932 20.8764 0.628242 0.631243 -0.454803 -27.267 -0.108628 0.650008 0.752124 -11.5917
0.688288 -0.465119 0.556709 24.0026 0.709983 0.58946 -0.385306 -24.3788 -0.148945 0.660455 0.735944 -12.2111
0.576268 -0.576134 0.579641 26.9287 0.806247 0.516818 -0.287864 -21.0262 -0.133721 0.633221 0.762332 -12.9977
0.553997 -0.505749 0.661291 29.1886 0.815506 0.489431 -0.30888 -17.3268 -0.16744 0.710406 0.683584 -13.7335
0.464331 -0.589611 0.660875 31.3956 0.884782 0.34205 -0.316484 -13.4113 -0.0394502 0.731684 0.680502 -14.3496
0.293169 -0.582943 0.75778 33.2535 0.948191 0.278769 -0.152384 -9.32014 -0.122414 0.763195 0.634467 -14.5178
0.0680352 -0.629778 0.77379 34.3711 0.97478 0.20719 0.082922 -5.04412 -0.212544 0.748633 0.627992 -15.0589
-0.0799569 -0.631213 0.771478 34.4096 0.983266 0.0771515 0.165031 -0.770698 -0.16369 0.771763 0.614481 -16.0609
-0.104788 -0.634874 0.765477 33.9039 0.983311 0.0489679 0.175221 3.61685 -0.148727 0.771063 0.619147 -16.8946
-0.19605 -0.603553 0.772844 33.1726 0.977118 -0.0539337 0.205749 8.03084 -0.082498 0.795496 0.600316 -17.5496
-0.350872 -0.551002 0.757156 31.9043 0.935937 -0.180294 0.302516 12.2195 -0.0301767 0.814795 0.578964 -17.9099
-0.416642 -0.578461 0.701279 30.1521 0.90876 -0.244863 0.337931 16.2555 -0.0237628 0.778091 0.627702 -18.0194
-0.554345 -0.57767 0.599165 28.2103 0.831785 -0.359519 0.422942 20.2379 -0.0289098 0.732833 0.679795 -18.1514
-0.612073 -0.575229 0.542659 25.5177 0.790735 -0.436288 0.429407 23.8908 -0.0102512 0.691928 0.721894 -18.1837
-0.726949 -0.547393 0.414615 22.4518 0.683635 -0.520006 0.512091 27.383 -0.064712 0.65571 0.752235 -18.189
-0.817696 -0.472195 0.329248 18.9923 0.569677 -0.581606 0.580692 30.3351 -0.0827073 0.662395 0.744576 -18.3623
-0.888644 -0.383905 0.250856 15.1906 0.451746 -0.638593 0.622996 32.5578 -0.0789767 0.666945 0.74091 -18.6957
-0.966745 -0.21573 0.137348 11.1278 0.250124 -0.685619 0.683641 34.249 -0.0533136 0.695261 0.716778 -18.95
-0.97656 -0.167955 0.134618 6.67741 0.215195 -0.748188 0.627619 35.251 -0.00469203 0.641877 0.766793 -19.1191
-0.985096 -0.108507 0.133461 2.36253 0.170055 -0.730893 0.660966 36.0831 0.0258265 0.673811 0.738452 -19.0537
-0.990489 0.0780011 0.113343 -2.08042 0.0177795 -0.744312 0.667595 36.6702 0.136436 0.663261 0.735846 -18.7088
-0.991585 0.112487 -0.0640848 -6.60973 -0.12552 -0.714139 0.688658 36.6961 0.0316993 0.690907 0.722248 -18.0776
-0.961809 0.19668 -0.190367 -11.1114 -0.272332 -0.617641 0.737804 35.8359 0.0275325 0.76147 0.647616 -18.0585
-0.895649 0.294577 -0.333222 -15.4865 -0.444432 -0.563943 0.696023 34.3666 0.0171143 0.771487 0.636015 -18.0505
-0.839719 0.322647 -0.436774 -19.5684 -0.542972 -0.509826 0.667277 32.2391 -0.00738401 0.797481 0.603298 -17.8932
-0.77664 0.397256 -0.488894 -23.2836 -0.62888 -0.443842 0.638368 29.5302 0.0366039 0.803238 0.594532 -17.8273
-0.700653 0.449179 -0.554368 -26.6513 -0.712901 -0.408829 0.569765 26.3834 0.0292848 0.794416 0.606667 -17.7898
-0.613729 0.52746 -0.587471 -29.7799 -0.786839 -0.347398 0.510097 22.9082 0.0649696 0.775307 0.628234 -17.7033
-0.545455 0.544227 -0.637413 -32.2552 -0.836285 -0.302831 0.457078 19.1568 0.0557254 0.782375 0.62031 -17.3783
-0.304747 0.573117 -0.760701 -34.3998 -0.951958 -0.158054 0.262288 15.1256 0.0300898 0.804087 0.59375 -17.0899
-0.281429 0.644539 -0.710892 -35.5279 -0.955125 -0.116832 0.272189 10.5445 0.0923816 0.755592 0.648495 -17.0179
-0.1839 0.656709 -0.731378 -36.5259 -0.976188 -0.034927 0.214095 6.08816 0.115053 0.753335 0.647494 -16.5453
-0.0168925 0.660558 -0.750585 -36.9942 -0.995121 0.0618726 0.0768475 1.53598 0.0972029 0.748222 0.65629 -16.067
0.0986455 0.643568 -0.759006 -36.8918 -0.991984 0.124126 -0.0236775 -3.11813 0.0789742 0.755257 0.650653 -15.4859
0.198932 0.716377 -0.668752 -36.1179 -0.971389 0.234466 -0.037794 -7.60144 0.129725 0.657137 0.742524 -15.2284
0.2859 0.710188 -0.643346 -35.0899 -0.950363 0.296153 -0.0954141 -11.9769 0.122767 0.638691 0.759607 -14.6022
0.455349 0.701791 -0.547856 -33.5369 -0.887887 0.403345 -0.221289 -16.1684 0.0656762 0.587198 0.806774 -14.1686
0.632524 0.601148 -0.488401 -31.1406 -0.774026 0.513585 -0.370288 -20.0742 0.0282375 0.612251 0.790159 -13.9075
0.707514 0.528595 -0.469053 -28.16 -0.70646 0.546307 -0.449959 -23.5042 0.0184011 0.649719 0.759951 -13.7634
0.735848 0.52832 -0.423564 -24.8131 -0.676961 0.588625 -0.441864 -26.6856 0.0158746 0.611881 0.790791 -13.7782
0.826252 0.397255 -0.399369 -21.1587 -0.559748 0.658514 -0.503032 -29.5285 0.0631583 0.639178 0.766461 -13.6875
0.831582 0.345008 -0.435249 -17.2312 -0.547467 0.641181 -0.537742 -31.9923 0.093548 0.685461 0.722075 -13.5444
0.928298 0.269858 -0.255811 -13.3301 -0.371675 0.693693 -0.616967 -34.0208 0.0109603 0.667808 0.744253 -13.1686
0.978553 0.135431 -0.155215 -8.93136 -0.205233 0.705675 -0.678161 -35.3574 0.0176869 0.695472 0.718336 -13.1208
0.983496 0.0177663 -0.180057 -4.22791 -0.137372 0.720981 -0.679202 -36.0178 0.117751 0.692727 0.711522 -13.1255
0.999044 -0.0423054 -0.0110313 0.452003 0.0231673 0.726245 -0.687045 -36.4923 0.0370771 0.686133 0.726531 -12.7955
0.994895 -0.0845439 0.0550953 5.09489 0.0997321 0.740547 -0.664563 -36.1138 0.0153842 0.666666 0.745198 -12.6471
0.968207 -0.206233 0.141571 9.65037 0.2491 0.74309 -0.621101 -35.2097 0.0228915 0.63662 0.770838 -12.6328
0.926036 -0.250335 0.282471 14.0064 0.374368 0.704415 -0.603032 -33.7068 -0.0480164 0.664178 0.746031 -12.6491
0.861371 -0.335385 0.381519 18.1977 0.504563 0.651808 -0.566182 -31.7646 -0.0587876 0.680193 0.730672 -13.1001
0.7431 -0.43658 0.507149 22.1083 0.653108 0.638262 -0.407518 -29.2093 -0.145779 0.63405 0.759427 -13.6545
0.717139 -0.423684 0.553357 25.3307 0.68531 0.573087 -0.449357 -26.065 -0.126736 0.701472 0.701338 -14.2881
0.528824 -0.451729 0.71853 28.638 0.827655 0.461967 -0.318706 -22.5077 -0.187969 0.763234 0.618176 -14.9964
0.506645 -0.486319 0.711902 30.7898 0.854464 0.393281 -0.339442 -18.5808 -0.114901 0.780272 0.614796 -15.9036
0.479382 -0.482478 0.733081 33.0493 0.874728 0.330276 -0.354638 -14.4447 -0.0710139 0.811254 0.580365 -16.5685
0.268259 -0.462115 0.845273 35.0023 0.959384 0.207655 -0.190948 -10.3028 -0.0872849 0.862166 0.499051 -17.0446
0.059133 -0.452219 0.889944 36.1827 0.977492 0.20709 0.040281 -5.74286 -0.202514 0.867532 0.454287 -17.4087
-0.0440179 -0.564185 0.824475 36.2304 0.979051 0.139865 0.14798 -1.01916 -0.198803 0.813716 0.546209 -18.3806
-0.172017 -0.57067 0.802961 35.8402 0.979334 -0.0110519 0.201946 3.57481 -0.10637 0.821105 0.560778 -19.3195
-0.226516 -0.539542 0.810916 34.756 0.970744 -0.0569583 0.233264 8.15805 -0.0796675 0.84003 0.536659 -20.0104
-0.357382 -0.53418 0.766114 33.5932 0.933918 -0.196748 0.298475 12.6171 -0.00870812 0.822157 0.569194 -20.3041
-0.358744 -0.540435 0.761074 31.7892 0.933258 -0.191755 0.303741 17.0158 -0.0182129 0.819244 0.573156 -20.4391
-0.488143 -0.532859 0.691215 29.8797 0.872352 -0.322205 0.367676 21.2662 0.0267932 0.782461 0.622123 -20.5072
-0.621267 -0.4945 0.607863 27.2661 0.783333 -0.412142 0.465326 25.2635 0.0204223 0.765251 0.643408 -20.2722
-0.677476 -0.485523 0.552534 23.99 0.735537 -0.443852 0.51184 28.8542 -0.00326655 0.753169 0.657819 -20.3177
-0.854591 -0.366881 0.367521 20.3985 0.513521 -0.491737 0.703201 32.1237 -0.0772671 0.789679 0.608635 -20.5492
-0.890636 -0.295533 0.345582 16.2777 0.452605 -0.503022 0.736286 34.4797 -0.043761 0.812176 0.581769 -20.8999
-0.963973 -0.155386 0.215898 11.9499 0.265826 -0.592204 0.760678 36.2291 0.00965659 0.790664 0.612174 -21.1563
-0.969401 -0.137332 0.203473 7.26141 0.24468 -0.607473 0.755717 37.4122 0.0198204 0.782379 0.622488 -21.1884
-0.979578 -0.0428747 0.196439 2.56718 0.178406 -0.63591 0.750859 38.2926 0.0927251 0.770571 0.630573 -21.1005
-0.99157 0.00635678 0.129414 -2.20722 0.0955737 -0.638519 0.763648 38.788 0.0874878 0.76958 0.632529 -20.7147
-0.986503 0.0815786 -0.141974 -7.13076 -0.162671 -0.587331 0.79283 38.8751 -0.018708 0.805225 0.592675 -20.3085
-0.952813 0.214015 -0.21528 -11.7264 -0.302066 -0.598196 0.742239 37.7725 0.030071 0.772243 0.634615 -20.3548
-0.902908 0.231037 -0.362462 -16.3128 -0.429592 -0.51333 0.742929 36.0463 -0.0144191 0.826507 0.562741 -20.3999
-0.846539 0.305065 -0.436243 -20.638 -0.532178 -0.4656 0.707109 33.6356 0.0126 0.830754 0.556497 -20.4011
-0.748044 0.414926 -0.517945 -24.4607 -0.662916 -0.430503 0.612543 30.8587 0.0311832 0.801563 0.597096 -20.4052
-0.716035 0.413945 -0.562089 -28.0102 -0.698029 -0.432753 0.570509 27.438 -0.00708663 0.800859 0.598812 -20.2483
-0.588221 0.509591 -0.627944 -31.2596 -0.805325 -0.298242 0.512351 23.8622 0.0738106 0.807075 0.585818 -20.2557
-0.476163 0.530259 -0.701494 -33.8651 -0.876778 -0.225229 0.424892 19.8717 0.0673059 0.817372 0.572165 -19.9279
-0.333691 0.563739 -0.755545 -36.12 -0.938151 -0.120104 0.324727 15.5551 0.0923173 0.817174 0.56895 -19.612
-0.236716 0.622996 -0.745547 -37.4533 -0.968789 -0.0932354 0.229686 10.8102 0.0735825 0.776648 0.625622 -19.2396
-0.13305 0.615665 -0.776695 -38.4525 -0.982787 0.0193861 0.183721 6.11245 0.128168 0.78777 0.602488 -18.8504
-0.0822921 0.64545 -0.759356 -38.8606 -0.994129 0.000542575 0.108196 1.24613 0.0702471 0.763802 0.641617 -18.3075
0.0412087 0.669034 -0.742089 -38.8906 -0.992456 0.113242 0.0469819 -3.55672 0.115468 0.734555 0.668653 -17.9154
0.175775 0.684749 -0.707264 -38.3921 -0.974748 0.221578 -0.0277281 -8.27873 0.137727 0.694278 0.706406 -17.3395
0.289481 0.639193 -0.712484 -37.1662 -0.951814 0.270958 -0.143636 -13.0073 0.101242 0.719732 0.68683 -16.6948
0.501912 0.588592 -0.633754 -35.5757 -0.861317 0.406932 -0.304201 -17.4326 0.0788448 0.698546 0.711208 -16.0751
0.598941 0.562336 -0.570129 -32.956 -0.800014 0.45157 -0.395047 -21.5246 0.0353043 0.692721 0.720341 -15.8247
0.706488 0.505717 -0.495101 -29.8818 -0.707251 0.530078 -0.467775 -25.2071 0.0258802 0.680638 0.732162 -15.7344
0.745657 0.512977 -0.425264 -26.2234 -0.666207 0.561694 -0.490579 -28.4763 -0.0127873 0.649118 0.76058 -15.6415
0.822138 0.425434 -0.378279 -22.3492 -0.569288 0.614899 -0.54572 -31.4456 0.00043521 0.664007 0.747726 -15.7002
0.860095 0.285499 -0.422761 -18.3044 -0.499538 0.639391 -0.584501 -34.0286 0.103435 0.713911 0.692555 -15.6606
0.942954 0.2167 -0.252743 -14.0487 -0.332308 0.658751 -0.674995 -36.082 0.0202227 0.720478 0.693183 -15.2823
0.986254 0.104259 -0.128193 -9.45218 -0.164436 0.695594 -0.699364 -37.4182 0.0162552 0.71083 0.703176 -15.3348
0.986788 0.0989852 -0.128264 -4.45018 -0.159389 0.735134 -0.658918 -38.1067 0.0290682 0.670657 0.741198 -15.3476
0.998964 -0.0183136 -0.0416681 0.358968 -0.0173001 0.693992 -0.719774 -38.5488 0.042099 0.719749 0.692956 -14.9457
0.987835 -0.114665 0.105043 5.29106 0.155381 0.700754 -0.696277 -38.4704 0.00622932 0.704128 0.710046 -14.7468
0.956897 -0.178096 0.229411 10.2459 0.288342 0.677059 -0.677089 -37.3766 -0.0347379 0.714054 0.699229 -14.6585
0.926899 -0.207901 0.312467 14.7679 0.370553 0.639087 -0.673987 -35.727 -0.0595714 0.740503 0.669407 -14.982
0.870909 -0.271042 0.409944 19.2882 0.485063 0.608084 -0.628449 -33.7759 -0.0789439 0.74617 0.661058 -15.1776
0.74324 -0.292114 0.601883 23.346 0.641965 0.564665 -0.518686 -31.1585 -0.188347 0.771896 0.607208 -15.7043
0.666434 -0.430117 0.608987 26.6778 0.731636 0.534429 -0.423194 -27.7452 -0.143437 0.727588 0.670851 -16.5774
0.535664 -0.43229 0.725389 29.8747 0.819057 0.474984 -0.32177 -23.8543 -0.20545 0.766495 0.608502 -17.3524
0.490683 -0.527793 0.6933 32.2899 0.856315 0.439209 -0.271698 -19.7095 -0.161103 0.727001 0.667469 -18.3269
0.420907 -0.518689 0.744177 34.4917 0.896679 0.361932 -0.254896 -15.4512 -0.13713 0.774575 0.617437 -19.2419
0.282199 -0.496569 0.820843 36.358 0.95467 0.229815 -0.189181 -10.9412 -0.0947009 0.837021 0.538914 -19.6708
0.105078 -0.453689 0.884944 37.5243 0.984002 0.176173 -0.0265204 -6.20186 -0.143871 0.873573 0.464942 -20.251
-0.0122998 -0.524994 0.851017 37.7897 0.984203 0.143968 0.103039 -1.28513 -0.176614 0.838841 0.51493 -20.9803
-0.191594 -0.507393 0.840145 37.4772 0.971662 0.0226783 0.235283 3.58137 -0.138434 0.861416 0.48867 -21.7764
-0.224698 -0.490723 0.841844 36.4911 0.971559 -0.0465726 0.232173 8.30108 -0.0747258 0.87007 0.487231 -22.5465
-0.276748 -0.502705 0.818962 35.0781 0.959566 -0.0989671 0.263513 13.1171 -0.051419 0.858774 0.509767 -22.8407
-0.361375 -0.509384 0.780984 33.3954 0.931366 -0.237024 0.276364 17.7329 0.044337 0.827253 0.560077 -23.0594
-0.484848 -0.445187 0.752815 31.3547 0.874542 -0.256572 0.411518 22.222 0.00994874 0.857892 0.513733 -22.8249
-0.622283 -0.407431 0.668404 28.7349 0.78266 -0.339514 0.521702 26.4868 0.014375 0.84778 0.530154 -22.8386
-0.676556 -0.379314 0.631183 25.2882 0.735116 -0.297488 0.609184 30.1731 -0.0433022 0.87614 0.480107 -22.7014
-0.842381 -0.286368 0.456495 21.5597 0.535441 -0.349199 0.769002 33.6582 -0.0608102 0.892218 0.447491 -22.996
-0.906917 -0.233715 0.350541 17.0645 0.419839 -0.431903 0.798245 36.1291 -0.0351621 0.871112 0.489823 -23.4423
-0.956747 -0.136974 0.256658 12.3991 0.290807 -0.475106 0.830485 37.9984 0.00818485 0.869202 0.494389 -23.6183
-0.964203 -0.104587 0.243668 7.5916 0.263288 -0.486764 0.832911 39.2875 0.0314968 0.86725 0.496876 -23.6263
-0.984389 -0.00181754 0.175997 2.68996 0.150376 -0.528308 0.83563 40.1767 0.0914617 0.849051 0.520334 -23.5205
-0.99406 0.0442563 0.0994289 -2.2615 0.063091 -0.510086 0.857806 40.5791 0.0886806 0.858984 0.504264 -23.2089
-0.98796 0.0713643 -0.13727 -7.33728 -0.154669 -0.476423 0.865505 40.4483 -0.00363215 0.876315 0.481724 -22.6803
-0.943055 0.138717 -0.302333 -12.3769 -0.330821 -0.485983 0.808936 39.3189 -0.0347154 0.862889 0.504199 -22.7099
-0.912926 0.207305 -0.351556 -17.0394 -0.407964 -0.487801 0.771761 37.4587 -0.0114996 0.847983 0.529898 -22.9876
-0.841496 0.297005 -0.451301 -21.3661 -0.539986 -0.489163 0.684935 35.1093 -0.0173304 0.820066 0.572007 -22.9669
-0.786849 0.34629 -0.510834 -25.6306 -0.616208 -0.395252 0.681222 32.1554 0.033992 0.850799 0.524391 -23.003
-0.692942 0.396282 -0.602322 -29.3695 -0.720894 -0.366948 0.58793 28.6267 0.0119648 0.841612 0.539951 -22.9212
-0.604334 0.437425 -0.665913 -32.7404 -0.793281 -0.252664 0.553954 24.7768 0.0740617 0.86303 0.499695 -22.8501
-0.496837 0.50252 -0.70755 -35.5319 -0.85952 -0.172286 0.481188 20.5925 0.119905 0.847226 0.517524 -22.619
-0.344086 0.500792 -0.794237 -37.8096 -0.933121 -0.0883665 0.348536 16.0231 0.10436 0.861045 0.497705 -22.0744
-0.236758 0.577701 -0.781158 -39.2369 -0.966737 -0.0599926 0.248637 11.1178 0.0967742 0.814041 0.572689 -21.7311
-0.160727 0.635781 -0.75495 -40.2978 -0.9839 -0.0426389 0.173561 6.13856 0.0781567 0.770691 0.632397 -21.2243
-0.0783031 0.595374 -0.799624 -40.8369 -0.992983 0.0247179 0.115642 1.20646 0.0886152 0.803069 0.589261 -20.6155
0.0414811 0.623069 -0.781066 -40.8392 -0.991568 0.121728 0.044444 -3.89693 0.122769 0.772637 0.622865 -20.1718
0.173634 0.606301 -0.776047 -40.3551 -0.972274 0.230873 -0.037164 -8.93675 0.156636 0.760984 0.629579 -19.5932
0.326856 0.586295 -0.741231 -39.0899 -0.930655 0.33616 -0.144492 -13.802 0.164457 0.737059 0.655514 -18.9536
0.47631 0.54314 -0.691468 -37.2878 -0.87098 0.399223 -0.286381 -18.4735 0.120505 0.738661 0.663218 -18.373
0.621557 0.528067 -0.578629 -34.7018 -0.783274 0.430484 -0.448515 -22.814 0.0122445 0.732003 0.681192 -17.7923
0.71512 0.468586 -0.518681 -31.4303 -0.697442 0.527856 -0.484709 -26.7694 0.0466611 0.708375 0.704292 -17.8013
0.772426 0.470788 -0.426282 -27.6519 -0.635081 0.578406 -0.511975 -30.1749 0.00553241 0.666187 0.745765 -17.6252
0.840266 0.358682 -0.406571 -23.5437 -0.540943 0.605125 -0.584127 -33.2201 0.0365103 0.710754 0.702492 -17.8204
0.894768 0.291536 -0.338227 -19.1772 -0.446023 0.619644 -0.645836 -35.972 0.0212957 0.728731 0.684469 -17.8491
0.932432 0.1912 -0.306616 -14.5669 -0.354881 0.644341 -0.67741 -37.8627 0.0680446 0.740451 0.668657 -17.6932
0.970166 0.109497 -0.216307 -9.75651 -0.234922 0.645079 -0.727107 -39.5164 0.0599189 0.75623 0.651557 -17.5368
0.991498 0.0243674 -0.12782 -4.66221 -0.112042 0.65939 -0.743405 -40.4736 0.0661681 0.751406 0.656514 -17.3898
0.999231 -0.0154851 -0.0360158 0.50233 -0.0179265 0.636536 -0.771039 -40.7807 0.034865 0.771091 0.635769 -17.2866
0.983348 -0.0686159 0.168279 5.61896 0.174857 0.6095 -0.773263 -40.4889 -0.0495078 0.789811 0.611349 -16.942
0.951357 -0.173748 0.254422 10.7368 0.306933 0.606001 -0.733863 -39.3798 -0.0266728 0.776257 0.629853 -17.055
0.907687 -0.236953 0.346349 15.4605 0.418397 0.574671 -0.703347 -37.6961 -0.0323763 0.78333 0.620762 -17.2243
0.842504 -0.28199 0.458986 20.0985 0.534571 0.542823 -0.647748 -35.4664 -0.0664893 0.791091 0.608074 -17.7271
0.729406 -0.328255 0.60018 24.2128 0.674328 0.492638 -0.550082 -32.673 -0.115104 0.805951 0.580685 -18.1711
0.70979 -0.322577 0.626212 27.729 0.683278 0.531416 -0.500727 -29.1662 -0.171256 0.783289 0.597604 -18.79
0.552269 -0.420488 0.719853 31.3093 0.824452 0.403501 -0.396819 -25.3171 -0.123604 0.812636 0.569513 -19.8966
0.466533 -0.460493 0.755178 33.8894 0.874174 0.370155 -0.314333 -21.0063 -0.134784 0.806804 0.57524 -20.6914
0.395036 -0.471487 0.788445 35.9734 0.910633 0.31422 -0.268354 -16.39 -0.12122 0.823994 0.55348 -21.5811
0.290543 -0.443891 0.847671 37.7203 0.946074 0.265917 -0.185021 -11.5706 -0.143281 0.855716 0.497214 -22.1873
0.10748 -0.443453 0.88983 38.9336 0.985185 0.167805 -0.0353705 -6.7773 -0.133633 0.880449 0.454919 -23.0149
-0.00254641 -0.468897 0.883249 39.4229 0.992204 0.108869 0.0606568 -1.51741 -0.1246 0.876517 0.464964 -23.7276
-0.117302 -0.478765 0.870071 38.883 0.983866 0.0631479 0.167392 3.50523 -0.135084 0.875669 0.463633 -24.4791
-0.182683 -0.45759 0.870195 37.908 0.980676 -0.021787 0.19442 8.35218 -0.0700057 0.888897 0.452728 -25.1539
-0.288999 -0.442379 0.848988 36.6759 0.957308 -0.139521 0.253172 13.4863 0.0064536 0.885909 0.463814 -25.4331
-0.361815 -0.437901 0.823002 34.9115 0.931878 -0.194806 0.306029 18.2452 0.0263153 0.877664 0.478554 -25.5452
-0.498353 -0.410141 0.763825 32.7106 0.866734 -0.214938 0.450083 23.0541 -0.0204218 0.886333 0.462598 -25.5134
-0.619573 -0.370859 0.691805 29.8539 0.784793 -0.275675 0.55507 27.3524 -0.0151391 0.88683 0.461848 -25.4547
-0.742924 -0.331375 0.581597 26.3528 0.666506 -0.28584 0.688524 31.201 -0.0619163 0.899159 0.433221 -25.5201
-0.846408 -0.264436 0.462241 22.2081 0.529007 -0.317761 0.78688 34.7213 -0.0611969 0.91055 0.408844 -25.8137
-0.909035 -0.180747 0.375481 17.7431 0.416713 -0.389063 0.821572 37.4287 -0.00241104 0.903305 0.428992 -26.1832
-0.946729 -0.152175 0.283809 12.9368 0.32179 -0.412824 0.852073 39.2643 -0.0125004 0.898008 0.439801 -26.3304
-0.97557 -0.128146 0.178444 7.85394 0.216848 -0.431466 0.875679 40.5641 -0.0352219 0.892982 0.448713 -26.3381
-0.992215 -0.0104472 0.124097 2.7058 0.115142 -0.456631 0.882174 41.5935 0.04745 0.889595 0.454279 -26.2977
-0.996127 0.0718008 0.0507412 -2.38437 0.0120552 -0.460133 0.887768 42.0456 0.0870902 0.884942 0.457485 -25.9251
-0.992094 0.0451258 -0.117101 -7.60085 -0.124837 -0.450276 0.884119 41.8566 -0.0128313 0.891748 0.45235 -25.3745
-0.9606 0.126463 -0.247496 -12.7842 -0.27793 -0.44174 0.853007 40.7181 -0.00145565 0.888185 0.459484 -25.4562
-0.898772 0.231263 -0.372459 -17.6868 -0.437773 -0.427429 0.790986 38.8854 0.0237254 0.873969 0.485402 -25.5284
-0.847514 0.272866 -0.455263 -22.3118 -0.530771 -0.432841 0.72865 36.4436 0.00176756 0.859181 0.511668 -25.4204
-0.739225 0.323052 -0.590917 -26.7916 -0.673293 -0.373951 0.637838 33.295 -0.0149197 0.869366 0.493943 -25.5824
-0.707974 0.31591 -0.631644 -30.4552 -0.705563 -0.355504 0.613024 29.5215 -0.0308914 0.879669 0.474582 -25.5606
-0.584148 0.392374 -0.710502 -34.0946 -0.810686 -0.239471 0.534268 25.6364 0.0394881 0.888086 0.457979 -25.6041
-0.506593 0.425118 -0.750092 -37.0084 -0.85806 -0.163593 0.486795 21.1807 0.0842354 0.890231 0.447652 -25.4124
-0.336144 0.485963 -0.806751 -39.3691 -0.928884 -0.0296303 0.369183 16.3698 0.155505 0.873477 0.461363 -24.8789
-0.291576 0.503522 -0.813295 -40.942 -0.952808 -0.0777754 0.293441 11.3514 0.0844999 0.860474 0.502438 -24.1048
-0.200989 0.557714 -0.805332 -42.115 -0.971508 -0.00807302 0.236871 6.31636 0.125605 0.829994 0.543446 -23.5531
-0.0475007 0.550464 -0.833507 -42.7732 -0.995274 0.0446723 0.0862221 1.18861 0.0846968 0.833663 0.54574 -22.9655
0.0635716 0.564325 -0.823101 -42.6682 -0.992559 0.121578 0.00669553 -4.22926 0.10385 0.816551 0.567855 -22.4471
0.193401 0.563222 -0.803354 -42.066 -0.975372 0.198874 -0.0953847 -9.55246 0.106043 0.802016 0.587813 -21.9337
0.296431 0.560502 -0.773283 -40.7721 -0.949988 0.256331 -0.178372 -14.7421 0.0982389 0.787484 0.608455 -21.3524
0.47528 0.511955 -0.715549 -38.9655 -0.871209 0.387445 -0.301466 -19.6362 0.122898 0.766674 0.630164 -20.9002
0.577427 0.502563 -0.643434 -36.2398 -0.812518 0.430908 -0.392598 -24.1159 0.0799552 0.749499 0.65716 -20.2366
0.706387 0.465185 -0.533499 -32.8649 -0.707549 0.485144 -0.513819 -28.3542 0.0198034 0.740431 0.67184 -19.9132
0.746817 0.451049 -0.488692 -28.8734 -0.665027 0.504264 -0.550869 -31.9009 -0.00203936 0.736392 0.676553 -19.9035
0.82688 0.349108 -0.4409 -24.5679 -0.561873 0.54606 -0.621383 -35.13 0.0238276 0.761539 0.64768 -20.094
0.899247 0.250374 -0.358703 -20.0016 -0.435594 0.587802 -0.681724 -37.738 0.0401602 0.769287 0.63764 -20.1943
0.928926 0.187227 -0.319442 -15.177 -0.366362 0.589715 -0.719733 -39.8089 0.0536262 0.78561 0.616394 -20.0607
0.973304 0.0533805 -0.223226 -10.0121 -0.209052 0.607654 -0.766194 -41.4219 0.0947446 0.792406 0.602592 -19.9627
0.988527 0.111228 -0.102191 -4.90372 -0.148704 0.597987 -0.78759 -42.291 -0.0264926 0.79375 0.607666 -19.6351
0.993505 -0.11145 0.0229507 0.634733 0.0840049 0.582336 -0.808596 -42.733 0.076753 0.805272 0.587916 -19.6747
0.980822 -0.129 0.146105 5.85219 0.193955 0.572111 -0.796913 -42.173 0.0192138 0.809968 0.586159 -19.3239
