0.999907 -0.00119746 0.0135574 -0.000144081 0.0010364 0.999929 0.0118807 6.78722e-05 -0.0135707 -0.0118656 0.999838 0.00192984
0.978237 -0.200865 0.0520079 0.346767 0.196523 0.977366 0.0783216 -0.083663 -0.0665629 -0.0663964 0.995571 0.0430724
0.870004 -0.485361 0.0867098 0.552034 0.471743 0.870577 0.139838 0.0223345 -0.143359 -0.0807545 0.986371 -0.0574942
0.81916 -0.567185 0.0853143 0.661955 0.547861 0.817775 0.176331 0.00581591 -0.16978 -0.0977027 0.980627 -0.274665
0.72093 -0.690592 0.0578132 0.755879 0.670055 0.715915 0.196194 0.0811813 -0.176879 -0.102704 0.978859 -0.431892
0.686265 -0.725705 0.0489254 1.01583 0.709605 0.682772 0.174022 0.211603 -0.159693 -0.0847072 0.983526 -0.547018
0.532883 -0.845491 0.0343717 1.1445 0.83429 0.531744 0.145633 0.337578 -0.141409 -0.0489296 0.988741 -0.576789
0.411554 -0.911385 0.000377566 1.40803 0.899334 0.40618 0.161914 0.435306 -0.147719 -0.0662969 0.986805 -0.700577
0.287367 -0.953317 0.0927707 1.67472 0.941771 0.29888 0.15407 0.690558 -0.174605 0.0430941 0.983695 -0.563181
0.1732 -0.979698 0.100967 1.85478 0.968231 0.188147 0.164711 0.909473 -0.180364 0.0692318 0.98116 -0.649473
0.0661057 -0.993203 0.0958058 1.99405 0.987388 0.0789555 0.137224 1.28336 -0.143855 0.0855263 0.985896 -0.82442
0.0653108 -0.996125 0.0589024 1.99916 0.988152 0.0727782 0.135124 1.68789 -0.138887 0.0493795 0.989076 -0.935728
-0.0050148 -0.998769 0.049345 1.9941 0.989832 0.00205688 0.142226 2.2566 -0.142153 0.0495565 0.988603 -1.02819
-0.230782 -0.9644 0.12912 1.97553 0.964156 -0.208804 0.163719 2.34498 -0.13093 0.162276 0.97802 -0.963306
-0.404775 -0.914188 0.0204609 1.93502 0.903214 -0.396224 0.164956 2.75647 -0.142694 0.0852508 0.986089 -0.992436
-0.523485 -0.84819 0.0808486 1.69809 0.843634 -0.502693 0.18863 3.00924 -0.119352 0.166952 0.978715 -1.12842
-0.576792 -0.81245 0.0850695 1.64214 0.810899 -0.556858 0.179867 3.4886 -0.0987611 0.172728 0.980006 -1.21051
-0.5979 -0.791418 0.127174 1.37377 0.799059 -0.575924 0.172675 3.89654 -0.0634162 0.204862 0.976734 -1.30245
-0.681326 -0.720684 0.128099 0.946974 0.73198 -0.670637 0.120215 4.21934 -0.000729219 0.175671 0.984449 -1.23097
-0.788463 -0.59244 0.165349 0.693096 0.609308 -0.789059 0.0782951 4.40621 0.084085 0.162481 0.983122 -1.22813
-0.850527 -0.468321 0.23933 0.423397 0.498177 -0.863268 0.0811716 4.73309 0.168591 0.188267 0.967539 -1.22019
-0.897619 -0.368954 0.241148 -0.0697744 0.407644 -0.902987 0.1358 4.84128 0.167649 0.220199 0.96094 -0.955417
-0.93471 -0.276308 0.223542 -0.427434 0.30048 -0.950271 0.0818376 5.12228 0.189813 0.143664 0.971253 -0.935279
-0.968796 -0.148205 0.198668 -0.772728 0.167096 -0.982535 0.0818722 5.34779 0.183064 0.112514 0.976641 -0.758425
-0.981485 -0.0857065 0.171292 -1.19207 0.104688 -0.988944 0.105028 5.43232 0.160397 0.121016 0.979606 -0.699769
-0.99014 0.0776146 0.116615 -1.66895 -0.0621914 -0.989493 0.130523 5.45764 0.125521 0.121983 0.984563 -0.567698
-0.977727 0.200294 0.0627034 -2.05703 -0.187438 -0.967717 0.168494 5.4817 0.0944276 0.152989 0.983706 -0.47465
-0.930344 0.366023 0.0220873 -2.61117 -0.358387 -0.920376 0.156418 5.48053 0.0775812 0.137607 0.987444 -0.43007
-0.865133 0.50113 0.0203423 -2.9715 -0.50002 -0.864954 0.0428402 5.26627 0.0390636 0.0268909 0.998875 -0.527153
-0.794298 0.606473 -0.035805 -3.24562 -0.607472 -0.793649 0.0331595 5.01544 -0.00830625 0.048089 0.998809 -0.419271
-0.654021 0.749531 -0.102273 -3.62076 -0.756298 -0.650802 0.0668594 4.76446 -0.0164465 0.121077 0.992507 -0.50302
-0.573745 0.810296 -0.119315 -3.97229 -0.818987 -0.569145 0.073035 4.44929 -0.00872748 0.139621 0.990167 -0.464252
-0.501714 0.861106 -0.0823432 -4.24195 -0.864712 -0.496653 0.0748938 4.20447 0.0235954 0.108778 0.993786 -0.461751
-0.442101 0.892525 -0.0891412 -4.712 -0.895449 -0.433392 0.101699 3.60486 0.0521355 0.124782 0.990813 -0.396745
-0.309787 0.948645 -0.0640618 -4.7837 -0.942114 -0.297168 0.15528 3.10276 0.128269 0.108457 0.985791 -0.343458
-0.161821 0.985586 -0.0493301 -4.83638 -0.977418 -0.153195 0.145554 2.65818 0.135899 0.0717699 0.98812 -0.478568
-0.10296 0.994195 -0.031228 -4.95042 -0.990501 -0.0995995 0.0948009 2.06473 0.0911403 0.0406921 0.995006 -0.550542
0.0163825 0.998117 -0.0591066 -4.92335 -0.99554 0.021776 0.0917934 1.66206 0.0929077 0.0573392 0.994022 -0.449593
0.232844 0.971742 -0.0387463 -5.00437 -0.971335 0.234338 0.0399138 1.19478 0.0478656 0.028342 0.998452 -0.499771
0.291231 0.951496 -0.0991968 -4.79387 -0.953266 0.297353 0.0535238 0.535917 0.0804241 0.0789731 0.993627 -0.351712
0.336445 0.93014 -0.147117 -4.52499 -0.934671 0.348888 0.0683096 -0.108358 0.114865 0.114524 0.986757 -0.353162
0.453298 0.881375 -0.13304 -4.29003 -0.876618 0.46784 0.112547 -0.661712 0.161438 0.0656081 0.9847 -0.315093
0.602741 0.78693 -0.132074 -3.82555 -0.771624 0.616981 0.154698 -1.22844 0.203224 0.00866828 0.979094 -0.311027
0.657351 0.743961 -0.12005 -3.36337 -0.722185 0.667422 0.18165 -1.54529 0.215264 -0.0327094 0.976008 -0.228871
0.797856 0.573131 -0.186943 -3.02651 -0.560788 0.819402 0.118733 -1.96884 0.221231 0.0101042 0.975169 -0.227145
0.887903 0.436654 -0.144782 -2.77027 -0.422898 0.89863 0.116711 -2.34494 0.181067 -0.0423999 0.982556 -0.385397
0.926207 0.340965 -0.160883 -2.31665 -0.329096 0.939379 0.096244 -2.65459 0.183945 -0.0361961 0.98227 -0.241137
0.968374 0.194974 -0.15568 -1.78959 -0.17538 0.975733 0.131097 -2.95926 0.177463 -0.0996474 0.97907 -0.188073
0.988046 -0.0129994 -0.15361 -1.1901 0.0369374 0.987375 0.15403 -3.08077 0.149668 -0.157863 0.976053 -0.0379206
0.98816 -0.111875 -0.104995 -0.656133 0.121675 0.988288 0.0920948 -3.10619 0.0934625 -0.10378 0.990199 0.063605
0.990076 -0.137086 -0.0309443 0.126299 0.139565 0.984934 0.102106 -2.99962 0.0164808 -0.105412 0.994292 0.000248169
0.91781 -0.392735 0.0581774 0.822497 0.385047 0.916237 0.110669 -3.03212 -0.0967679 -0.0791722 0.992153 0.169128
0.899595 -0.419667 0.120866 1.77958 0.413361 0.907519 0.0744484 -2.7073 -0.140932 -0.017012 0.989873 0.112485
0.845114 -0.521262 0.118608 2.26776 0.501475 0.849882 0.161937 -2.49028 -0.185214 -0.0773763 0.979647 -0.106668
0.775504 -0.622038 0.107994 2.78752 0.600401 0.779521 0.17851 -2.13776 -0.195223 -0.0735958 0.977994 -0.203175
0.667571 -0.731566 0.138424 3.29648 0.726457 0.680728 0.0941755 -1.82728 -0.163125 0.0376904 0.985885 -0.377037
0.580921 -0.807796 0.0999828 3.79262 0.803094 0.588829 0.0912184 -1.31044 -0.132559 0.0273048 0.990799 -0.604219
0.501627 -0.851378 0.153382 4.28433 0.854859 0.515024 0.0629806 -0.750589 -0.132616 0.0995271 0.986158 -0.609115
0.395354 -0.907161 0.144062 4.5744 0.900682 0.413642 0.132938 -0.219731 -0.180186 0.0771965 0.980599 -0.742596
0.282666 -0.946446 0.156009 4.79614 0.939471 0.305993 0.15415 0.440142 -0.193632 0.102993 0.975653 -0.925479
0.142886 -0.971792 0.187626 5.08452 0.978998 0.166625 0.117468 1.11121 -0.145417 0.166901 0.975191 -1.12647
0.0100722 -0.992194 0.124297 5.06061 0.99251 0.0250539 0.119565 1.589 -0.121746 0.122162 0.985015 -1.26567
-0.0612498 -0.984014 0.167226 5.02676 0.990866 -0.0397787 0.128853 2.39736 -0.120141 0.173591 0.977462 -1.32966
-0.120209 -0.975736 0.183 4.95824 0.982464 -0.0904606 0.163037 3.10292 -0.142527 0.19939 0.9695 -1.50475
-0.293451 -0.941758 0.164251 4.78331 0.944021 -0.258388 0.205085 3.74708 -0.1507 0.215239 0.964864 -1.51988
-0.318958 -0.932102 0.171617 4.39682 0.937429 -0.283589 0.201999 4.5325 -0.139615 0.225308 0.964232 -1.66283
-0.463844 -0.867697 0.178749 3.95932 0.879813 -0.427531 0.207717 5.08902 -0.103814 0.253614 0.961719 -1.77124
-0.632414 -0.74179 0.223159 3.72595 0.774199 -0.595649 0.214054 5.66553 -0.0258592 0.30814 0.95099 -1.86395
-0.69798 -0.669638 0.253791 3.09788 0.714749 -0.673332 0.189098 6.26166 0.0442589 0.313383 0.948595 -1.75769
-0.779168 -0.555766 0.289865 2.37492 0.612948 -0.7723 0.166875 6.75322 0.131119 0.307696 0.942407 -1.82512
-0.842104 -0.459001 0.283159 1.77268 0.509861 -0.848693 0.140575 7.17601 0.175792 0.262751 0.948715 -1.84675
-0.896632 -0.370776 0.242026 1.11567 0.405688 -0.906929 0.113563 7.58736 0.177394 0.200011 0.963601 -1.71536
-0.938249 -0.252441 0.236562 0.421744 0.287802 -0.948991 0.128785 8.0062 0.191985 0.188916 0.963043 -1.54136
-0.958467 -0.186677 0.215621 -0.46835 0.221714 -0.963255 0.1516 8.31907 0.179398 0.19311 0.964637 -1.20782
-0.970636 0.112827 0.21245 -1.0596 -0.0824717 -0.985736 0.146708 8.43583 0.225972 0.124879 0.966096 -1.11651
-0.982946 0.107916 0.148903 -1.94536 -0.0880331 -0.987034 0.134216 8.48643 0.161456 0.118819 0.979701 -1.07229
-0.971613 0.227893 0.0635038 -2.74592 -0.217392 -0.965946 0.140321 8.46017 0.0933193 0.122533 0.988067 -0.961545
-0.928459 0.369856 0.0342267 -3.66707 -0.364563 -0.925046 0.106697 8.22428 0.0711239 0.0865864 0.993702 -0.70658
-0.884826 0.465898 -0.00470253 -4.40223 -0.462378 -0.876807 0.131972 7.9561 0.0573623 0.118946 0.991242 -0.628192
-0.821409 0.567335 -0.0584637 -5.10625 -0.570331 -0.817612 0.0789442 7.55613 -0.00301281 0.0981892 0.995163 -0.736938
-0.715764 0.687445 -0.122891 -5.80699 -0.695258 -0.718004 0.032978 6.93294 -0.0655655 0.109045 0.991872 -0.865004
-0.62641 0.761027 -0.168664 -6.41742 -0.778136 -0.623268 0.0777185 6.23516 -0.0459771 0.179927 0.982605 -0.942694
-0.482993 0.865033 -0.13578 -6.86476 -0.875551 -0.475106 0.0876614 5.73018 0.0113198 0.161223 0.986853 -0.922893
-0.335913 0.927526 -0.163887 -7.24264 -0.941319 -0.324513 0.0927897 5.00977 0.0328813 0.185439 0.982105 -0.817226
-0.251799 0.953121 -0.167802 -7.58466 -0.965458 -0.235388 0.111727 4.05766 0.0669907 0.190139 0.979469 -0.823675
-0.193711 0.971455 -0.136933 -7.8677 -0.978374 -0.180972 0.100163 3.16127 0.0725228 0.153374 0.985503 -0.730091
-0.0414365 0.981772 -0.18549 -8.00968 -0.993829 -0.021382 0.108839 2.33881 0.102889 0.188856 0.9766 -0.768987
0.0994381 0.978026 -0.183239 -8.08012 -0.994492 0.103813 0.0144135 1.57829 0.0331193 0.180796 0.982963 -0.584404
0.251125 0.955628 -0.153983 -7.83304 -0.967529 0.252534 -0.0106678 0.534023 0.0286913 0.151662 0.988016 -0.710754
0.307332 0.930025 -0.201494 -7.5718 -0.951127 0.306908 -0.0341405 -0.351989 0.0300887 0.202139 0.978895 -0.603514
0.400999 0.901767 -0.161294 -7.24624 -0.913344 0.407149 0.00560434 -1.20363 0.0707246 0.14507 0.98689 -0.604678
0.564883 0.804046 -0.185518 -6.89426 -0.813639 0.580185 0.0371124 -2.10073 0.137475 0.12998 0.98194 -0.634769
0.596877 0.759709 -0.258029 -6.24445 -0.776536 0.627891 0.0523888 -3.08776 0.201814 0.169099 0.964716 -0.620756
0.690163 0.691656 -0.212808 -5.5185 -0.689185 0.717904 0.0981772 -3.73565 0.220681 0.0789059 0.972149 -0.388124
0.757935 0.632167 -0.160935 -4.8144 -0.623346 0.774594 0.106977 -4.42591 0.192286 0.0192364 0.98115 -0.403997
0.862287 0.471391 -0.185069 -4.11263 -0.471684 0.880604 0.04529 -5.052 0.184322 0.0482412 0.981681 -0.268927
0.923896 0.346053 -0.163287 -3.21416 -0.343978 0.93805 0.0417317 -5.49393 0.167613 0.0176116 0.985696 -0.179588
0.95776 0.235751 -0.164674 -2.17088 -0.23018 0.971736 0.0524073 -5.94423 0.172375 -0.012289 0.984955 0.0406842
0.983172 0.0731238 -0.167408 -1.21864 -0.067151 0.996897 0.0410729 -6.07534 0.169892 -0.0291401 0.985032 0.0974935
0.993439 -0.0277061 -0.110952 -0.252827 0.0309919 0.999127 0.0280002 -6.14104 0.11008 -0.0312552 0.993431 0.310811
0.982797 -0.167053 -0.0787646 0.816699 0.172323 0.982851 0.0656447 -5.97729 0.0664477 -0.0780883 0.99473 0.378503
0.956044 -0.2905 0.0398598 1.96865 0.281174 0.946817 0.156457 -5.78586 -0.0831908 -0.138372 0.98688 0.29152
0.894203 -0.409934 0.179874 2.92033 0.393583 0.911369 0.120408 -5.50501 -0.213291 -0.0368737 0.976293 0.314278
0.856226 -0.468375 0.217947 3.84733 0.458785 0.88335 0.0959676 -5.12502 -0.237472 0.0178207 0.971231 -0.0509344
0.779735 -0.595256 0.194124 4.74024 0.590317 0.80226 0.0889108 -4.5254 -0.208663 0.0452678 0.976939 -0.0759002
0.745695 -0.64336 0.173285 5.51522 0.639273 0.764146 0.0860913 -3.85743 -0.187803 0.0465784 0.981102 -0.510953
0.652361 -0.739569 0.165721 6.17947 0.735628 0.670489 0.0964162 -3.13973 -0.182421 0.059011 0.981448 -0.829503
0.512987 -0.833343 0.205871 6.78578 0.838172 0.538036 0.0893613 -2.33767 -0.185235 0.126714 0.97449 -1.05262
0.422969 -0.878754 0.221107 7.21795 0.888874 0.449779 0.0871909 -1.48124 -0.176069 0.159658 0.971344 -1.30486
0.248048 -0.937608 0.243648 7.68088 0.960035 0.271571 0.0676876 -0.566106 -0.129632 0.217121 0.967499 -1.50263
0.178814 -0.95715 0.227793 8.00402 0.976591 0.200802 0.0771265 0.562476 -0.119563 0.208669 0.97065 -1.67346
-0.0396243 -0.970338 0.238481 8.10196 0.993832 -0.0135313 0.110071 1.46295 -0.10358 0.241372 0.964889 -1.79752
-0.14003 -0.95255 0.270259 8.11641 0.987044 -0.112698 0.114206 2.39939 -0.078329 0.282749 0.95599 -2.07682
-0.291469 -0.925611 0.241435 7.98954 0.951948 -0.255857 0.168323 3.46932 -0.0940289 0.278894 0.955707 -2.18714
-0.381418 -0.869015 0.315172 7.68883 0.921075 -0.328371 0.209269 4.55673 -0.0783646 0.370116 0.925675 -2.25202
-0.492018 -0.837987 0.236 7.18884 0.868887 -0.455749 0.193207 5.54422 -0.0543479 0.300118 0.952352 -2.49756
-0.611025 -0.761415 0.216553 6.59135 0.790541 -0.5727 0.216935 6.43358 -0.0411579 0.303746 0.951864 -2.69704
-0.671713 -0.710392 0.210105 6.01793 0.739301 -0.62472 0.251313 7.45848 -0.0472741 0.324141 0.944827 -2.82647
-0.735864 -0.614865 0.283627 5.15461 0.676762 -0.681616 0.278195 8.25432 0.0222721 0.396661 0.917695 -2.80377
-0.750282 -0.592125 0.29405 4.12427 0.657295 -0.715859 0.235603 9.00835 0.070992 0.370046 0.926297 -2.81281
-0.837495 -0.485081 0.251593 3.23742 0.535162 -0.821176 0.19817 9.77648 0.110474 0.300609 0.947328 -2.71075
-0.88917 -0.347397 0.297812 2.21896 0.421096 -0.875906 0.235514 10.4029 0.179039 0.33482 0.925117 -2.53596
-0.932744 -0.190706 0.305974 1.12761 0.267848 -0.934614 0.233996 10.9636 0.241343 0.300213 0.922836 -2.22767
-0.967354 -0.138326 0.212348 0.0612807 0.191472 -0.947842 0.254821 11.1516 0.166024 0.287161 0.943385 -1.82704
-0.972195 0.00981684 0.233965 -1.28489 0.070329 -0.940756 0.33171 11.3734 0.223361 0.338942 0.913908 -1.50416
-0.984791 0.109843 0.134619 -2.38957 -0.0725815 -0.964041 0.255649 11.4896 0.157859 0.24199 0.957351 -1.32159
-0.952182 0.302639 0.0419403 -3.50979 -0.283965 -0.92725 0.244073 11.4548 0.112755 0.220492 0.96885 -1.22145
-0.919277 0.393605 -0.00208782 -4.75619 -0.38728 -0.903531 0.183429 11.0904 0.0703122 0.169431 0.983031 -1.06872
-0.817646 0.56284 -0.121109 -5.83401 -0.575437 -0.805568 0.14118 10.7049 -0.0180998 0.185125 0.982548 -1.02951
-0.789576 0.577722 -0.206899 -6.85876 -0.601916 -0.794753 0.0778728 10.0007 -0.119445 0.186022 0.975258 -0.999497
-0.665536 0.704446 -0.246611 -7.78333 -0.735194 -0.675708 0.053924 9.2148 -0.128651 0.217196 0.967613 -1.15535
-0.608792 0.749473 -0.26012 -8.64536 -0.788312 -0.608319 0.0922622 8.10969 -0.0890876 0.261224 0.961158 -1.4709
-0.513369 0.832031 -0.210184 -9.35903 -0.85809 -0.500997 0.112623 7.22191 -0.0115956 0.238174 0.971153 -1.55281
-0.431346 0.858721 -0.276655 -10.0116 -0.900208 -0.389368 0.194983 6.06709 0.0597151 0.333152 0.94098 -1.53958
-0.307699 0.906159 -0.290168 -10.6203 -0.95142 -0.2895 0.10483 4.904 0.0109892 0.308327 0.951217 -1.42558
-0.13524 0.930784 -0.339634 -10.8462 -0.989387 -0.108482 0.0966678 3.75717 0.0531328 0.349102 0.935577 -1.43509
-0.046819 0.963343 -0.264155 -11.0359 -0.993867 -0.018404 0.109036 2.3879 0.100178 0.26764 0.958297 -1.36827
0.0980158 0.94398 -0.31511 -10.9581 -0.994673 0.103083 -0.000587823 1.27157 0.0319277 0.313489 0.949055 -1.14343
0.281505 0.930101 -0.23594 -10.8042 -0.9595 0.275602 -0.058346 -0.128933 0.0107579 0.242809 0.970014 -1.27234
0.40901 0.877426 -0.250667 -10.4741 -0.912527 0.393956 -0.109968 -1.29643 0.00226276 0.273719 0.961807 -1.34778
0.505327 0.824218 -0.255557 -9.91188 -0.862087 0.495257 -0.107359 -2.57708 0.038079 0.274564 0.960815 -1.30102
0.570805 0.786902 -0.234449 -9.29668 -0.811307 0.584463 -0.0135785 -3.81336 0.126342 0.197961 0.972034 -1.2781
0.650685 0.700352 -0.293457 -8.55552 -0.739869 0.671709 -0.0374462 -4.91546 0.170892 0.241486 0.955238 -1.0892
0.752517 0.613877 -0.238482 -7.64268 -0.643989 0.761697 -0.0713838 -5.9518 0.137831 0.207297 0.96852 -0.77353
0.844191 0.503376 -0.184266 -6.62832 -0.515057 0.856953 -0.0186497 -6.91427 0.14852 0.110651 0.982699 -0.639373
0.878712 0.427537 -0.212317 -5.43007 -0.446605 0.893366 -0.0494104 -7.62981 0.168552 0.138239 0.975951 -0.447605
0.932225 0.331659 -0.144772 -4.2681 -0.33514 0.942168 0.000364089 -8.35156 0.13652 0.0481793 0.989465 -0.229279
0.952712 0.26338 -0.15156 -2.82045 -0.272404 0.961272 -0.0418547 -8.84757 0.134667 0.0811611 0.987562 -0.0256886
0.981015 0.0880753 -0.172781 -1.61893 -0.104858 0.990358 -0.0905264 -9.17822 0.163142 0.106925 0.980791 0.140331
0.990752 0.00498829 -0.135593 -0.216955 -0.0157291 0.996809 -0.0782583 -9.21434 0.13477 0.0796673 0.987669 0.300986
0.989949 -0.131346 -0.0524416 1.26505 0.126743 0.988446 -0.0831283 -9.03069 0.0627543 0.0756461 0.995158 0.478039
0.96801 -0.227855 0.105068 2.68408 0.231821 0.972382 -0.0270597 -8.79991 -0.0960007 0.0505511 0.994097 0.533276
0.903917 -0.332445 0.269098 4.0504 0.339917 0.940247 0.0197848 -8.20982 -0.259596 0.073587 0.96291 0.317945
0.823943 -0.476219 0.307136 5.29263 0.497445 0.867432 0.0104891 -7.73079 -0.271415 0.144141 0.951608 -0.0658379
0.756147 -0.582823 0.297588 6.45907 0.591994 0.803025 0.0685087 -6.97683 -0.278899 0.124368 0.952233 -0.3782
0.701493 -0.662231 0.263358 7.49077 0.6766 0.734925 0.0457914 -6.04004 -0.223873 0.146066 0.963611 -0.816753
0.596319 -0.768843 0.230832 8.40292 0.771882 0.628144 0.0981501 -5.14184 -0.220458 0.119646 0.968031 -1.17237
0.416988 -0.863325 0.284239 9.31025 0.885091 0.456819 0.0890494 -4.11535 -0.206724 0.214445 0.954609 -1.58768
0.400733 -0.865114 0.301647 9.90609 0.89528 0.4397 0.0716791 -2.75808 -0.194645 0.241335 0.950721 -1.88272
0.276859 -0.913807 0.297164 10.4385 0.936937 0.325367 0.127615 -1.37127 -0.213303 0.243092 0.94626 -2.26738
0.147274 -0.934153 0.325067 10.9319 0.973135 0.195651 0.121361 -0.0506693 -0.17697 0.298461 0.937872 -2.36535
-0.0141045 -0.937946 0.346493 11.055 0.990062 0.0353906 0.136103 1.3622 -0.13992 0.344969 0.928126 -2.56051
-0.117032 -0.944567 0.306751 10.9478 0.980676 -0.0611561 0.185833 2.73176 -0.156772 0.322572 0.933472 -2.90067
-0.277856 -0.912285 0.300886 10.8232 0.943114 -0.199537 0.265934 4.19089 -0.182569 0.357661 0.915831 -3.18287
-0.395374 -0.855783 0.333638 10.3311 0.90375 -0.297566 0.30772 5.5478 -0.164062 0.423189 0.891064 -3.31252
-0.524687 -0.802999 0.282658 9.74788 0.84738 -0.460835 0.263776 6.92795 -0.081553 0.377919 0.92224 -3.58363
-0.606118 -0.730592 0.314415 8.98658 0.792955 -0.524243 0.31047 8.12843 -0.0619969 0.437499 0.897079 -3.81349
-0.67458 -0.669901 0.31012 8.07121 0.738111 -0.618686 0.26911 9.31247 0.0115904 0.410439 0.911814 -3.98974
-0.798197 -0.503739 0.330346 6.96971 0.594948 -0.745189 0.301215 10.3736 0.0944361 0.436968 0.894506 -4.18275
-0.794483 -0.526008 0.303499 5.84874 0.60429 -0.734336 0.309166 11.3686 0.0602458 0.429029 0.90128 -3.96077
-0.849127 -0.407989 0.335454 4.57186 0.51155 -0.793383 0.32994 12.247 0.131531 0.451763 0.882389 -3.74942
-0.904012 -0.233309 0.35823 3.23634 0.364012 -0.859501 0.358823 13.0368 0.224182 0.45478 0.861927 -3.64349
-0.912215 -0.128234 0.389128 1.76117 0.289346 -0.874057 0.390261 13.6971 0.290075 0.468595 0.834431 -3.31026
-0.96297 -0.0161665 0.269125 0.387397 0.129696 -0.902891 0.409837 14.1606 0.236365 0.429565 0.871554 -2.87085
-0.982056 0.00815861 0.188411 -1.25892 0.0704683 -0.910821 0.406743 14.2211 0.174927 0.412721 0.893902 -2.57001
-0.977719 0.120273 0.172045 -2.79734 -0.0391079 -0.909602 0.413637 14.3953 0.206242 0.397692 0.894039 -2.29255
-0.972407 0.232849 -0.0143647 -4.42439 -0.221237 -0.900871 0.373477 14.3022 0.0740232 0.36635 0.927528 -1.98133
-0.93435 0.341872 -0.10057 -5.91791 -0.355277 -0.871681 0.337567 13.8274 0.0277396 0.351136 0.935913 -1.72536
-0.855448 0.462223 -0.233577 -7.49354 -0.510547 -0.828348 0.230609 13.2467 -0.08689 0.316526 0.944596 -1.63632
-0.716283 0.587642 -0.376318 -8.59758 -0.679751 -0.709481 0.185943 12.3766 -0.157723 0.38899 0.90764 -1.73422
-0.662791 0.63049 -0.403969 -9.89751 -0.729887 -0.664467 0.160464 11.205 -0.167253 0.401206 0.900589 -2.03555
-0.569917 0.742874 -0.351187 -10.9307 -0.810066 -0.579619 0.0885161 10.0262 -0.137799 0.334932 0.932112 -2.30199
-0.552186 0.763396 -0.335137 -11.9709 -0.833525 -0.514203 0.202066 8.60843 -0.0180725 0.390923 0.920246 -2.48707
-0.43376 0.835039 -0.338471 -12.8205 -0.900392 -0.387592 0.197652 7.19215 0.0338588 0.39049 0.919984 -2.63774
-0.270791 0.899159 -0.343781 -13.355 -0.962064 -0.240454 0.128896 5.78092 0.0332346 0.365644 0.930161 -2.48431
-0.0553432 0.928197 -0.367949 -13.747 -0.998283 -0.0443578 0.0382535 4.11806 0.0191854 0.369434 0.929059 -2.4068
-0.0414261 0.923743 -0.380766 -13.8973 -0.997646 -0.0173988 0.066331 2.37168 0.0546479 0.382617 0.922289 -2.36957
0.116725 0.913132 -0.390595 -13.781 -0.991806 0.127735 0.00222884 0.895712 0.0519281 0.387134 0.92056 -2.29882
0.317201 0.871547 -0.373884 -13.7172 -0.947762 0.305309 -0.0923806 -0.844248 0.0336362 0.383656 0.922863 -2.18522
0.394689 0.848246 -0.353128 -13.0924 -0.917081 0.387284 -0.0947258 -2.34365 0.0564101 0.361234 0.930767 -2.21752
0.488051 0.810352 -0.324248 -12.4223 -0.86925 0.484814 -0.0967417 -4.02279 0.078805 0.329067 0.941013 -2.19409
0.582202 0.742289 -0.331735 -11.5563 -0.797968 0.599889 -0.0581417 -5.57622 0.155846 0.298564 0.941579 -2.03678
0.617434 0.732926 -0.285648 -10.5209 -0.776007 0.62698 -0.0686254 -6.9505 0.128799 0.264037 0.955874 -1.86639
0.74091 0.625372 -0.244871 -9.51662 -0.659414 0.746537 -0.0886296 -8.25582 0.127379 0.227138 0.965496 -1.5068
0.787361 0.566943 -0.242154 -8.09862 -0.59644 0.799892 -0.0665695 -9.46025 0.155956 0.196845 0.967951 -1.1052
0.853096 0.465254 -0.236147 -6.70723 -0.498787 0.860036 -0.107467 -10.3403 0.153096 0.209467 0.965756 -0.954166
0.949123 0.270403 -0.161392 -5.20981 -0.287018 0.95368 -0.0900805 -11.2207 0.129558 0.13182 0.982771 -0.645074
0.942526 0.273727 -0.19162 -3.65516 -0.298507 0.947477 -0.114809 -11.8353 0.150129 0.165411 0.974731 -0.407652
0.987856 0.058785 -0.143823 -1.93363 -0.0773876 0.988831 -0.127374 -12.1199 0.134729 0.136958 0.981372 -0.24388
0.994676 0.0281672 -0.0991285 -0.177034 -0.0440973 0.985742 -0.162384 -12.2202 0.0931412 0.165891 0.981736 -0.0593193
0.990369 -0.138411 -0.00346872 1.72806 0.135228 0.972358 -0.190351 -12.0109 0.0297196 0.188049 0.98171 0.104326
0.953063 -0.277875 0.120236 3.42911 0.290301 0.951463 -0.102195 -11.7701 -0.0860022 0.132303 0.987471 0.162202
0.887257 -0.383488 0.256343 5.151 0.425035 0.8956 -0.131322 -11.0474 -0.179221 0.225471 0.957623 0.00940478
0.849202 -0.441914 0.289082 6.74579 0.478401 0.875594 -0.0668374 -10.3089 -0.223582 0.195055 0.954968 -0.480938
0.767419 -0.525468 0.367359 8.36845 0.572359 0.819674 -0.0232111 -9.39403 -0.288918 0.228074 0.92979 -0.800031
0.663131 -0.668689 0.336323 9.48463 0.703748 0.710039 0.0241374 -8.37328 -0.254943 0.22068 0.941437 -1.28214
0.625786 -0.701791 0.340412 10.7719 0.742659 0.669502 0.0149964 -7.00668 -0.238431 0.243426 0.940157 -1.69686
0.489019 -0.799879 0.347929 11.9642 0.838618 0.54086 0.0647317 -5.53793 -0.239958 0.260125 0.935283 -2.19227
0.358805 -0.852832 0.37939 12.6761 0.909045 0.411537 0.0653731 -4.07107 -0.211885 0.321426 0.922925 -2.7242
0.238497 -0.905103 0.352004 13.2069 0.958144 0.278411 0.0666924 -2.37044 -0.158365 0.321365 0.933619 -3.04637
0.0938701 -0.944691 0.314242 13.6931 0.9808 0.141943 0.133733 -0.655721 -0.170941 0.295654 0.939876 -3.46265
-0.0711123 -0.925742 0.371409 13.9454 0.987323 -0.0123555 0.158243 1.07027 -0.141903 0.377954 0.914885 -3.80803
-0.1802 -0.908814 0.376277 13.8462 0.97645 -0.119143 0.17986 2.90281 -0.118628 0.399826 0.908882 -3.94579
-0.278737 -0.880273 0.38396 13.4539 0.946464 -0.184007 0.26523 4.81627 -0.162824 0.437334 0.884436 -4.2803
-0.34848 -0.851263 0.392317 12.9492 0.913405 -0.214475 0.345965 6.48888 -0.210365 0.478906 0.852289 -4.5121
-0.485926 -0.803839 0.343101 12.1756 0.866263 -0.390846 0.311171 8.19465 -0.116032 0.448423 0.886258 -4.91236
-0.607121 -0.724712 0.325878 11.2012 0.782656 -0.474519 0.402842 9.70055 -0.137309 0.499624 0.855291 -5.20226
-0.663797 -0.678057 0.315615 9.94568 0.743232 -0.550893 0.379634 11.0822 -0.0835438 0.486575 0.869635 -5.43799
-0.765656 -0.558479 0.319173 8.53931 0.643152 -0.673304 0.364716 12.5711 0.0112141 0.484524 0.874706 -5.57542
-0.831359 -0.393021 0.392909 7.34307 0.537782 -0.747209 0.390474 13.6813 0.14012 0.535923 0.832558 -5.56928
-0.845736 -0.386914 0.367461 5.74565 0.520573 -0.749514 0.408941 14.6802 0.117192 0.537146 0.835308 -5.27426
-0.878554 -0.33493 0.340536 3.9103 0.460255 -0.784243 0.416087 15.6719 0.127703 0.522288 0.843153 -5.00264
-0.921617 -0.256543 0.291217 2.30355 0.366321 -0.822853 0.434421 16.4049 0.128181 0.507049 0.852333 -4.6929
-0.972307 -0.0885917 0.216264 0.495325 0.181797 -0.868216 0.461683 16.9365 0.146863 0.488214 0.860278 -4.2854
-0.97947 0.0562373 0.193586 -1.44042 0.0547505 -0.849992 0.523943 17.0749 0.194011 0.523785 0.829463 -3.84068
-0.967183 0.205197 0.14984 -3.2223 -0.0962016 -0.841567 0.531516 17.1251 0.235166 0.499659 0.83369 -3.70329
-0.971227 0.230857 0.0585076 -5.12818 -0.158563 -0.810124 0.564408 16.9692 0.177696 0.538892 0.82342 -3.22667
-0.918687 0.349561 -0.183905 -7.04734 -0.391732 -0.746686 0.537593 16.6094 0.0506022 0.565921 0.822905 -2.85541
-0.821873 0.414898 -0.390364 -8.85703 -0.556117 -0.732926 0.391859 15.753 -0.123527 0.539146 0.833104 -2.7576
-0.730503 0.507833 -0.456587 -10.382 -0.672742 -0.650081 0.353289 14.5624 -0.117406 0.565244 0.816526 -3.0354
-0.654235 0.602504 -0.457127 -11.8035 -0.747816 -0.605593 0.27208 13.1023 -0.112904 0.519851 0.846763 -3.29228
-0.575728 0.71156 -0.402766 -13.0856 -0.812601 -0.552554 0.185372 11.7674 -0.0906465 0.434012 0.896335 -3.58386
-0.522869 0.745565 -0.413208 -14.4311 -0.851241 -0.482114 0.207258 10.0604 -0.0446891 0.460108 0.886738 -3.79688
-0.388657 0.832534 -0.394756 -15.3967 -0.920458 -0.331635 0.206824 8.40915 0.0412729 0.44374 0.895205 -3.7949
-0.227626 0.894223 -0.385424 -16.0327 -0.972303 -0.187163 0.139991 6.57917 0.0530464 0.406614 0.912059 -3.76149
-0.0995075 0.899333 -0.425791 -16.5056 -0.994841 -0.0814231 0.0605171 4.38672 0.0197558 0.429616 0.902796 -3.6355
-0.0236781 0.911292 -0.411079 -16.6663 -0.999468 -0.012358 0.0301737 2.36316 0.022417 0.411575 0.9111 -3.54964
0.115112 0.889953 -0.441286 -16.5291 -0.990446 0.136789 0.0175033 0.366372 0.0759403 0.435055 0.897196 -3.46029
0.259583 0.869389 -0.420451 -16.2582 -0.964304 0.256926 -0.0640928 -1.74976 0.052303 0.42208 0.905049 -3.42797
0.36102 0.843658 -0.397374 -15.7488 -0.929706 0.358905 -0.0826663 -3.49799 0.0728775 0.399285 0.913926 -3.39921
0.461911 0.78815 -0.406765 -14.779 -0.883642 0.448381 -0.134654 -5.53621 0.0762584 0.421633 0.903554 -3.1745
0.522146 0.755493 -0.39572 -13.9709 -0.84333 0.526526 -0.107539 -7.23884 0.127112 0.389874 0.912053 -3.06902
0.653679 0.644001 -0.39745 -12.8097 -0.729793 0.675421 -0.105871 -8.85319 0.200265 0.359262 0.911496 -2.88742
0.729356 0.563087 -0.388552 -11.4397 -0.637897 0.764986 -0.0887915 -10.3533 0.24724 0.312617 0.917139 -2.38607
0.81005 0.481881 -0.33408 -9.89663 -0.553238 0.816889 -0.163156 -11.8077 0.194284 0.316991 0.928316 -1.81235
0.861672 0.441288 -0.250571 -8.2165 -0.487635 0.856706 -0.168125 -12.9816 0.140474 0.267056 0.953388 -1.67008
0.917655 0.337936 -0.209068 -6.22706 -0.375782 0.909056 -0.180017 -14.0806 0.12922 0.243757 0.961189 -1.52246
0.946424 0.243987 -0.211546 -4.30944 -0.289272 0.931731 -0.219543 -14.6575 0.143538 0.268975 0.952391 -1.15876
0.981812 0.126944 -0.141173 -2.23104 -0.168642 0.924672 -0.341381 -15.1863 0.0872027 0.35898 0.929263 -0.726641
0.998487 -0.040409 -0.0373067 -0.135523 0.0304137 0.970883 -0.237616 -15.3582 0.0458223 0.236121 0.970643 -0.620757
0.973208 -0.224831 0.0481305 2.06341 0.229007 0.929157 -0.290211 -15.0735 0.0205276 0.293458 0.955752 -0.480803
0.93598 -0.327465 0.129261 4.27872 0.35062 0.90016 -0.258414 -14.6209 -0.0317336 0.287192 0.957347 -0.551734
0.89484 -0.372803 0.245518 6.3415 0.421499 0.886751 -0.189766 -13.7971 -0.146968 0.273296 0.950636 -0.721989
0.895949 -0.341773 0.283667 8.17554 0.391249 0.909601 -0.13982 -12.8515 -0.210237 0.236256 0.948675 -1.08692
0.7667 -0.5422 0.343788 9.95724 0.600819 0.79468 -0.0866007 -11.8436 -0.226247 0.272951 0.935046 -1.65431
0.647253 -0.671617 0.360547 11.5204 0.730263 0.681957 -0.0406368 -10.5693 -0.218585 0.289596 0.931855 -2.08033
0.628444 -0.675458 0.385766 12.9142 0.735282 0.677668 -0.0112707 -9.11789 -0.253808 0.29073 0.922528 -2.41765
0.497566 -0.772205 0.395131 14.3087 0.836342 0.547924 0.017652 -7.22328 -0.230133 0.321681 0.918455 -3.10036
0.307028 -0.859498 0.408653 15.4271 0.934225 0.3541 0.0428611 -5.27472 -0.181543 0.368614 0.911683 -3.74764
0.33217 -0.849566 0.409757 15.909 0.918746 0.389744 0.0632915 -3.16373 -0.213471 0.355438 0.909997 -4.07561
0.136837 -0.905232 0.402281 16.565 0.976074 0.192488 0.101132 -1.05374 -0.168982 0.378818 0.909913 -4.49456
-0.0721853 -0.908582 0.411422 16.8067 0.98984 -0.0145984 0.141432 1.01253 -0.122496 0.417451 0.900405 -4.97286
-0.0562662 -0.909444 0.412003 16.5874 0.982702 0.0224795 0.183826 3.18834 -0.176441 0.415219 0.892447 -5.21186
-0.280217 -0.856989 0.43249 16.2292 0.9451 -0.167394 0.28065 5.19375 -0.168118 0.48739 0.856848 -5.66849
-0.416049 -0.807139 0.418843 15.5394 0.89062 -0.268701 0.366873 7.18839 -0.183574 0.525667 0.830647 -5.93976
-0.510948 -0.755435 0.410182 14.5946 0.852148 -0.382385 0.357247 9.2053 -0.113029 0.532071 0.839122 -6.54366
-0.672407 -0.633973 0.382031 13.3175 0.738179 -0.536424 0.409073 11.0224 -0.0544105 0.557071 0.828681 -6.87111
-0.649197 -0.661833 0.374861 11.9791 0.755373 -0.503194 0.419771 12.7002 -0.0891905 0.555674 0.826603 -7.0061
-0.794421 -0.473879 0.379913 10.4138 0.604506 -0.677546 0.418932 14.5368 0.0588854 0.562468 0.824719 -7.13765
-0.79339 -0.487816 0.364098 8.53624 0.608657 -0.643891 0.463618 15.802 0.00827939 0.589441 0.807769 -7.08133
-0.875035 -0.356532 0.327411 6.8702 0.479115 -0.734348 0.480814 17.0056 0.0690075 0.577597 0.8134 -6.95915
-0.922882 -0.259236 0.284755 4.86307 0.374301 -0.77764 0.505148 18.0114 0.0904837 0.572777 0.814702 -6.57347
-0.94882 -0.189426 0.252703 2.89061 0.298532 -0.799039 0.521934 18.9137 0.103052 0.570662 0.814694 -6.41653
-0.976155 -0.0192143 0.216223 0.781012 0.136069 -0.830259 0.540513 19.5842 0.169136 0.557046 0.813076 -6.04121
-0.988492 0.0651814 0.136512 -1.62081 0.0237543 -0.824332 0.565608 19.6668 0.149398 0.562342 0.813297 -5.64642
-0.982851 0.173426 0.0626681 -3.7466 -0.106191 -0.810145 0.576531 19.6414 0.150756 0.559989 0.814669 -5.21095
-0.979432 0.195954 -0.048104 -6.10051 -0.186588 -0.788875 0.585543 19.4053 0.0767916 0.582476 0.809213 -4.94035
-0.926967 0.318193 -0.198709 -8.04741 -0.374332 -0.749765 0.545645 18.9056 0.0246353 0.580178 0.814117 -4.71357
-0.843834 0.435032 -0.314151 -10.13 -0.536527 -0.693937 0.480198 17.8531 -0.0090994 0.573758 0.818974 -4.67147
-0.751142 0.49636 -0.435216 -12.0889 -0.654227 -0.647776 0.39035 16.5194 -0.0881684 0.577938 0.811304 -4.74857
-0.682519 0.538268 -0.494403 -13.6793 -0.713693 -0.636636 0.292126 15.0381 -0.157513 0.552233 0.818674 -4.99273
-0.645584 0.612261 -0.456463 -15.2492 -0.756309 -0.595468 0.270951 13.3748 -0.105917 0.520148 0.847483 -5.09456
-0.518675 0.730105 -0.444886 -16.7211 -0.854808 -0.453009 0.253153 11.4379 -0.0167087 0.511596 0.859064 -5.36051
-0.346674 0.813688 -0.466615 -18.0406 -0.937504 -0.284629 0.200183 9.37547 0.0300744 0.506851 0.861509 -5.18738
-0.128166 0.879509 -0.458298 -18.737 -0.986114 -0.0638085 0.15332 7.1003 0.105603 0.471584 0.875475 -5.15811
-0.177339 0.861813 -0.475214 -18.982 -0.984135 -0.1526 0.0905125 4.73405 0.00548712 0.483726 0.875202 -5.0309
-0.0157189 0.876288 -0.481532 -19.3163 -0.998225 0.0139124 0.0579032 2.35124 0.0574391 0.481587 0.874514 -5.02595
0.123334 0.85593 -0.502168 -19.2529 -0.988513 0.15051 0.0137581 -0.06233 0.0873571 0.494703 0.864661 -4.97838
0.299488 0.815284 -0.4956 -18.8449 -0.942492 0.333581 -0.0207875 -2.44794 0.148375 0.473325 0.868302 -4.94315
0.365776 0.797241 -0.480224 -18.1528 -0.919666 0.388835 -0.0549674 -4.585 0.142905 0.461752 0.875422 -4.69183
0.399186 0.782249 -0.478264 -17.1193 -0.909447 0.404059 -0.0981962 -6.82697 0.116433 0.474155 0.872709 -4.52676
0.524071 0.711753 -0.467715 -16.1928 -0.83376 0.540804 -0.111244 -8.88313 0.173764 0.448262 0.876851 -4.347
0.647167 0.623982 -0.437974 -14.8252 -0.734434 0.664351 -0.138726 -10.9821 0.204406 0.411441 0.88822 -3.90097
0.699091 0.587945 -0.406931 -13.1851 -0.686744 0.71059 -0.153118 -12.6927 0.199136 0.3865 0.900535 -3.43766
0.80715 0.472453 -0.353973 -11.431 -0.559164 0.804135 -0.201749 -14.417 0.189325 0.360771 0.913236 -2.92745
0.870535 0.384705 -0.306871 -9.42879 -0.45727 0.862815 -0.215531 -15.6235 0.181857 0.327951 0.927026 -2.7031
0.917126 0.297844 -0.264893 -7.23952 -0.364003 0.89663 -0.252104 -16.6589 0.162423 0.327633 0.930739 -2.28267
0.951062 0.20985 -0.226813 -4.92142 -0.269883 0.921588 -0.278995 -17.445 0.150481 0.326555 0.933122 -2.01896
0.992822 0.084823 -0.0843157 -2.50331 -0.109295 0.929741 -0.351618 -18.1005 0.0485665 0.35831 0.932339 -1.65804
0.996431 -0.0820607 -0.0197887 -0.0699412 0.0706597 0.939095 -0.336316 -18.2639 0.0461817 0.333717 0.941541 -1.44762
0.982296 -0.164195 0.0901947 2.6716 0.185134 0.924438 -0.333375 -17.9727 -0.0286411 0.344171 0.93847 -1.51818
0.941287 -0.299315 0.156174 5.12774 0.334915 0.886179 -0.320185 -17.38 -0.0425615 0.353691 0.934393 -1.5678
