0.999991 -0.00404205 0.000856702 -5.29763e-05 0.00403492 0.999959 0.00816648 -0.000191343 -0.000889676 -0.00816295 0.999966 -0.000736944
0.978743 -0.202432 0.0329144 0.346705 0.199715 0.977239 0.0715342 -0.0867656 -0.046646 -0.0634401 0.996895 0.0469347
0.872388 -0.485305 0.0584627 0.551601 0.47592 0.870568 0.124949 0.0160348 -0.111534 -0.0811804 0.990439 -0.0456393
0.824153 -0.565137 0.037312 0.666687 0.553812 0.817927 0.155848 0.00167831 -0.118594 -0.107778 0.987076 -0.265988
0.726465 -0.687176 -0.00622357 0.765869 0.678455 0.715746 0.165551 0.078919 -0.109308 -0.124489 0.986182 -0.420201
0.689703 -0.723415 -0.0313256 1.03125 0.720438 0.681237 0.129942 0.211053 -0.0726615 -0.112189 0.991027 -0.516132
0.534329 -0.843795 -0.0500246 1.16003 0.843039 0.527678 0.104117 0.337872 -0.0614569 -0.0978057 0.993306 -0.536038
0.413831 -0.906312 -0.0856866 1.43152 0.906903 0.402244 0.125404 0.438573 -0.0791878 -0.129605 0.988399 -0.636726
0.289856 -0.957064 0.00358186 1.68233 0.948747 0.287826 0.130518 0.686757 -0.125945 -0.034433 0.99144 -0.477588
0.176124 -0.984271 0.0138442 1.86771 0.972995 0.176204 0.149104 0.906574 -0.149198 -0.0127905 0.988725 -0.5475
0.0654802 -0.997831 0.00672022 2.0187 0.988889 0.0657912 0.133302 1.28168 -0.133455 -0.00208308 0.991053 -0.704872
0.0632749 -0.997487 -0.031875 2.03107 0.989209 0.0584569 0.134342 1.6827 -0.132141 -0.0400316 0.990422 -0.820821
-0.00741591 -0.998816 -0.0480785 2.03 0.98987 -0.0141495 0.141267 2.24588 -0.14178 -0.0465439 0.988803 -0.926132
-0.233999 -0.97175 0.0307494 2.00475 0.959139 -0.225558 0.17081 2.32817 -0.159049 0.0694624 0.984824 -0.864633
-0.40451 -0.910705 -0.0835916 1.96067 0.894065 -0.413031 0.17336 2.73397 -0.192405 -0.00461056 0.981305 -0.906426
-0.524449 -0.851001 -0.0273874 1.73732 0.831738 -0.518927 0.197297 2.97496 -0.182112 0.0806928 0.979961 -1.07554
-0.579889 -0.814189 -0.0287092 1.68302 0.795971 -0.573721 0.193066 3.44705 -0.173663 0.0891052 0.980766 -1.17321
-0.605413 -0.795801 0.0132762 1.42322 0.783788 -0.593208 0.183797 3.84224 -0.13839 0.121679 0.982875 -1.30582
-0.693991 -0.719726 0.0192753 0.988748 0.71567 -0.686659 0.127732 4.15132 -0.0786967 0.10244 0.991621 -1.28596
-0.804691 -0.589357 0.071629 0.736089 0.593609 -0.800742 0.0802534 4.32865 0.0100584 0.107099 0.994198 -1.31066
-0.866429 -0.466652 0.177586 0.464493 0.485083 -0.870987 0.0779492 4.64621 0.1183 0.153681 0.981013 -1.31844
-0.902936 -0.371563 0.215979 -0.0420706 0.40172 -0.90827 0.116901 4.74247 0.152731 0.192317 0.969375 -1.07873
-0.931926 -0.279427 0.23116 -0.396921 0.298859 -0.95282 0.0530843 5.01821 0.205421 0.118555 0.971466 -1.05699
-0.961525 -0.153446 0.227868 -0.736291 0.169367 -0.984184 0.0519224 5.23579 0.216297 0.088518 0.972307 -0.866505
-0.970155 -0.088484 0.225765 -1.14855 0.110447 -0.990106 0.0865582 5.31766 0.215872 0.10891 0.970329 -0.783729
-0.981126 0.0713787 0.179714 -1.61576 -0.0522633 -0.992673 0.108944 5.34016 0.186174 0.0974952 0.977668 -0.623658
-0.971538 0.197967 0.130088 -1.9954 -0.177139 -0.971761 0.155894 5.36656 0.157276 0.128413 0.97917 -0.499514
-0.92706 0.363492 0.0918319 -2.54332 -0.348227 -0.925601 0.148325 5.37154 0.138915 0.105528 0.984666 -0.41405
-0.866034 0.492152 0.0881621 -2.91215 -0.490642 -0.870463 0.0395527 5.16337 0.0962078 -0.00900211 0.995321 -0.48626
-0.800238 0.598285 0.0409149 -3.18102 -0.597383 -0.801281 0.0328833 4.91782 0.052458 0.00187255 0.998621 -0.365401
-0.662436 0.748875 -0.0191344 -3.56545 -0.748197 -0.660137 0.0664837 4.67638 0.0371566 0.0583574 0.997604 -0.422968
-0.581328 0.812836 -0.036824 -3.9167 -0.812978 -0.578374 0.0674555 4.37049 0.0335322 0.0691509 0.997043 -0.35632
-0.506735 0.86209 -0.00442746 -4.18584 -0.860832 -0.505703 0.0568604 4.13185 0.0467798 0.0326245 0.998372 -0.331339
-0.443751 0.895813 -0.0245815 -4.65188 -0.894062 -0.440679 0.0803379 3.53932 0.0611352 0.0576275 0.996465 -0.23272
-0.304465 0.952459 -0.0110405 -4.7225 -0.946878 -0.301381 0.112211 3.04197 0.103549 0.0446184 0.993623 -0.180163
-0.155397 0.987852 -0.000124283 -4.78268 -0.982792 -0.154589 0.101105 2.60849 0.0998578 0.0158336 0.994876 -0.325488
-0.0994498 0.99493 0.0149632 -4.90014 -0.994214 -0.0999692 0.039294 2.02083 0.0405906 -0.0109688 0.999116 -0.417062
0.0204039 0.999713 -0.0125323 -4.86942 -0.999039 0.0208734 0.0385462 1.61665 0.0387968 0.0117338 0.999178 -0.343032
0.233158 0.972418 0.00644711 -4.95449 -0.972436 0.233137 0.00386114 1.15537 0.00225159 -0.00716966 0.999972 -0.420916
0.294836 0.953885 -0.056345 -4.74312 -0.954529 0.296731 0.0287131 0.496477 0.0441083 0.0453173 0.997998 -0.308117
0.338933 0.933949 -0.113423 -4.47956 -0.936834 0.346111 0.0504866 -0.142454 0.0864089 0.0891469 0.992263 -0.316619
0.455124 0.884189 -0.10522 -4.24744 -0.878048 0.465288 0.111973 -0.693784 0.147963 0.0414266 0.988125 -0.297134
0.604943 0.78951 -0.103528 -3.7882 -0.773707 0.613544 0.157927 -1.25593 0.188204 -0.0154369 0.982009 -0.30538
0.658314 0.746382 -0.0976537 -3.32854 -0.722956 0.663054 0.194149 -1.5702 0.209659 -0.0572114 0.976099 -0.233915
0.799743 0.577248 -0.164913 -2.99566 -0.560823 0.816375 0.137875 -1.99025 0.214219 -0.0177772 0.976624 -0.231773
0.88925 0.439005 -0.128489 -2.74727 -0.422057 0.895764 0.139551 -2.36478 0.176359 -0.069866 0.981843 -0.388953
0.927509 0.343332 -0.147817 -2.29467 -0.327703 0.937088 0.120318 -2.66917 0.179827 -0.0631556 0.981669 -0.245105
0.96991 0.196355 -0.143941 -1.77067 -0.173358 0.972108 0.157964 -2.97189 0.170943 -0.128257 0.976897 -0.191486
0.989878 -0.0132125 -0.141307 -1.17253 0.0392291 0.982338 0.182956 -3.09007 0.136394 -0.186647 0.972913 -0.0441014
0.988922 -0.114041 -0.0950128 -0.642106 0.12429 0.986126 0.110031 -3.11229 0.0811466 -0.120621 0.989376 0.0584703
0.989622 -0.139559 -0.0342251 0.136431 0.142538 0.983563 0.110847 -3.00864 0.0181928 -0.114575 0.993248 -0.010705
0.918406 -0.39327 0.0432302 0.828839 0.387411 0.916089 0.10341 -3.03974 -0.0802709 -0.0782248 0.993699 0.163539
0.902516 -0.421118 0.0901344 1.78365 0.417664 0.906924 0.0551864 -2.71359 -0.104985 -0.0121608 0.994399 0.124611
0.852515 -0.51806 0.0695198 2.27409 0.507326 0.852106 0.128589 -2.49181 -0.125855 -0.0743544 0.989258 -0.072791
0.784783 -0.618155 0.0447139 2.79353 0.608422 0.782149 0.134412 -2.13615 -0.118061 -0.0782796 0.989916 -0.127317
0.676262 -0.733899 0.0637368 3.30843 0.732971 0.679 0.0413699 -1.81481 -0.0736386 0.0187404 0.997109 -0.251572
0.586799 -0.809617 0.0136896 3.81529 0.808907 0.58688 0.0352495 -1.28896 -0.0365728 -0.00961072 0.999285 -0.407921
0.506141 -0.85985 0.0669309 4.29768 0.860694 0.508538 0.0244101 -0.728792 -0.0550259 0.045252 0.997459 -0.339295
0.401619 -0.913953 0.0582381 4.59438 0.90791 0.405683 0.105454 -0.18827 -0.120006 0.0105227 0.992717 -0.42546
0.290832 -0.954775 0.0618134 4.8244 0.946181 0.296598 0.129507 0.474706 -0.141984 0.0208218 0.98965 -0.577611
0.143346 -0.985184 0.094148 5.12376 0.982632 0.153008 0.10499 1.15225 -0.11784 0.0774629 0.990007 -0.733789
0.00723387 -0.999651 0.0254254 5.10911 0.993432 0.0100878 0.113978 1.62925 -0.114194 0.0244339 0.993158 -0.872875
-0.067044 -0.995757 0.0630395 5.07243 0.989133 -0.0580461 0.135083 2.43569 -0.13085 0.0714109 0.988827 -0.937552
-0.123501 -0.988826 0.0834896 5.01248 0.98004 -0.108329 0.166695 3.13788 -0.155788 0.10241 0.982467 -1.11772
-0.295047 -0.953411 0.0628861 4.83097 0.937551 -0.276191 0.211463 3.7762 -0.184242 0.12135 0.975361 -1.15028
-0.322181 -0.944044 0.070574 4.44677 0.930479 -0.302055 0.207295 4.55019 -0.174379 0.132454 0.975729 -1.33516
-0.470322 -0.879597 0.0714639 4.01269 0.867972 -0.446432 0.217536 5.09432 -0.15944 0.164341 0.973433 -1.49387
-0.645535 -0.75556 0.111416 3.78034 0.756639 -0.612865 0.227802 5.66169 -0.103835 0.231356 0.967312 -1.61948
-0.717882 -0.682051 0.139472 3.13334 0.694855 -0.689721 0.203621 6.23952 -0.0426833 0.243088 0.969065 -1.59205
-0.802637 -0.564185 0.193569 2.41713 0.594264 -0.784262 0.178278 6.70827 0.0512275 0.258124 0.964753 -1.74606
-0.859952 -0.460178 0.220723 1.8176 0.495437 -0.856545 0.144474 7.11286 0.122575 0.233595 0.964577 -1.8363
-0.903222 -0.368272 0.220376 1.15522 0.397992 -0.910891 0.108995 7.50829 0.160598 0.186154 0.969306 -1.7486
-0.937767 -0.250086 0.240936 0.46201 0.284083 -0.951503 0.118066 7.9146 0.199725 0.179164 0.963333 -1.58519
-0.954901 -0.183247 0.233633 -0.421476 0.220965 -0.964155 0.146903 8.2155 0.198339 0.191903 0.961163 -1.24314
-0.959783 0.111753 0.25754 -1.00841 -0.0779098 -0.987351 0.138087 8.32591 0.269714 0.112468 0.95635 -1.1463
-0.972109 0.107894 0.208237 -1.88424 -0.0802795 -0.98734 0.136805 8.37981 0.220361 0.116272 0.968464 -1.05625
-0.967011 0.224845 0.119728 -2.67685 -0.20707 -0.967577 0.144624 8.35737 0.148364 0.11506 0.982216 -0.902361
-0.926157 0.363694 0.0998015 -3.58175 -0.352615 -0.92893 0.112923 8.12809 0.133778 0.0693927 0.988579 -0.59835
-0.885478 0.460989 0.0584624 -4.31423 -0.451907 -0.88359 0.122672 7.8684 0.108207 0.082204 0.990724 -0.479552
-0.827826 0.560214 0.0294127 -5.02816 -0.556781 -0.826898 0.0789553 7.48048 0.0685531 0.0489849 0.996444 -0.542421
-0.729889 0.682897 -0.0302243 -5.74814 -0.683563 -0.729052 0.034996 6.87175 0.0018636 0.0462034 0.99893 -0.603787
-0.638342 0.765631 -0.0795519 -6.37455 -0.769752 -0.634803 0.0671322 6.18658 0.00089876 0.104089 0.994568 -0.621788
-0.488385 0.870915 -0.0546506 -6.82248 -0.872286 -0.485482 0.0585119 5.68772 0.024427 0.0762473 0.99679 -0.564589
-0.337449 0.937018 -0.0901414 -7.19486 -0.941175 -0.334024 0.0511578 4.96573 0.0178263 0.102102 0.994614 -0.45349
-0.248332 0.962835 -0.10621 -7.54074 -0.968064 -0.242785 0.062509 4.01565 0.0343995 0.118341 0.992377 -0.470825
-0.188755 0.978475 -0.0834119 -7.82079 -0.981604 -0.185507 0.0451801 3.11697 0.0287341 0.0904054 0.99549 -0.404469
-0.0340491 0.990953 -0.12982 -7.96438 -0.998262 -0.02747 0.0521368 2.29911 0.0480989 0.13137 0.990166 -0.47971
0.102505 0.986137 -0.130483 -8.02655 -0.994478 0.0986278 -0.0358556 1.53179 -0.0224893 0.133437 0.990802 -0.336145
0.251769 0.961619 -0.109094 -7.78852 -0.967687 0.248515 -0.0426857 0.499875 -0.0139359 0.116316 0.993114 -0.527137
0.306081 0.937607 -0.164948 -7.52835 -0.95198 0.300189 -0.0601674 -0.384223 -0.00689775 0.175444 0.984465 -0.458673
0.398128 0.908353 -0.128017 -7.20991 -0.915811 0.401606 0.00148095 -1.22979 0.0527578 0.11665 0.991771 -0.496429
0.565894 0.811975 -0.143039 -6.86682 -0.81566 0.576658 0.0465235 -2.12281 0.120261 0.0903438 0.988623 -0.548261
0.598253 0.768189 -0.227987 -6.22508 -0.777406 0.625393 0.0672615 -3.10643 0.194251 0.136999 0.971338 -0.543042
0.690888 0.696792 -0.192757 -5.49751 -0.688494 0.715475 0.118623 -3.74978 0.220568 0.0507569 0.97405 -0.317513
0.759058 0.6352 -0.14266 -4.79936 -0.622006 0.772292 0.12913 -4.43986 0.192199 -0.00928218 0.981312 -0.325916
0.863833 0.475435 -0.166597 -4.09779 -0.469974 0.879625 0.0733843 -5.06287 0.181433 0.0149047 0.98329 -0.190492
0.924728 0.34915 -0.151568 -3.20027 -0.341987 0.936953 0.0718624 -5.50261 0.167103 -0.0146189 0.985831 -0.103439
0.959467 0.237372 -0.151914 -2.15648 -0.227462 0.970508 0.0798413 -5.94644 0.166386 -0.0420504 0.985164 0.121354
0.987315 0.0719914 -0.141513 -1.20358 -0.0641435 0.996179 0.0592627 -6.07667 0.145239 -0.0494338 0.988161 0.174646
0.995702 -0.0298221 -0.0876781 -0.234066 0.0339235 0.998381 0.0456667 -6.13998 0.0861742 -0.0484447 0.995102 0.35987
0.983301 -0.171033 -0.0621808 0.834324 0.175368 0.981821 0.0726171 -5.97934 0.0486305 -0.082309 0.99542 0.396358
0.954779 -0.294686 0.0394701 1.98028 0.286339 0.947127 0.144779 -5.79267 -0.0800475 -0.12693 0.988676 0.282807
0.897262 -0.411533 0.159882 2.92467 0.402083 0.911261 0.0890708 -5.51638 -0.182349 -0.0156342 0.983109 0.304178
0.866642 -0.470793 0.165184 3.85219 0.46931 0.881594 0.050395 -5.12806 -0.169351 0.0338481 0.984974 -0.02993
0.79254 -0.597777 0.120594 4.73573 0.598043 0.800562 0.0380177 -4.52562 -0.119269 0.0419899 0.991974 0.0215737
0.756919 -0.649096 0.0758184 5.53575 0.648362 0.760419 0.0372843 -3.83825 -0.0818548 0.0209365 0.996424 -0.317325
0.663387 -0.745288 0.0668082 6.22114 0.744581 0.666337 0.0399309 -3.10448 -0.0742768 0.0232544 0.996966 -0.523974
0.522449 -0.845325 0.111679 6.83658 0.84728 0.529378 0.0433038 -2.28724 -0.095726 0.0719991 0.9928 -0.629261
0.430188 -0.892966 0.132478 7.28315 0.897061 0.439288 0.0480426 -1.41573 -0.101096 0.0981735 0.990021 -0.79283
0.251676 -0.954311 0.161088 7.75601 0.964633 0.26083 0.0381028 -0.491086 -0.0783785 0.145801 0.986204 -0.906158
0.180599 -0.972965 0.143956 8.08518 0.98043 0.189748 0.05247 0.647126 -0.0783668 0.131663 0.988192 -1.01132
-0.0412439 -0.987333 0.153208 8.18814 0.995125 -0.0268432 0.0949017 1.55273 -0.0895869 0.156375 0.983626 -1.10233
-0.147824 -0.971942 0.182965 8.22109 0.984344 -0.126631 0.122602 2.49471 -0.0959929 0.198224 0.975445 -1.36556
-0.297308 -0.9435 0.146341 8.08798 0.947113 -0.272048 0.1702 3.56079 -0.120772 0.189203 0.974483 -1.49873
-0.388118 -0.895892 0.2162 7.77607 0.914109 -0.34435 0.214073 4.64099 -0.117338 0.280716 0.952591 -1.59325
-0.502184 -0.856093 0.122128 7.284 0.85808 -0.47579 0.19319 5.61764 -0.107281 0.201813 0.973531 -1.88984
-0.621624 -0.776626 0.10216 6.69294 0.775586 -0.591955 0.219217 6.49491 -0.109776 0.215504 0.970313 -2.14945
-0.681844 -0.726367 0.0864822 6.11484 0.719966 -0.645479 0.254964 7.50788 -0.129375 0.23611 0.963075 -2.34397
-0.755537 -0.637624 0.150328 5.23594 0.650448 -0.702832 0.288002 8.28064 -0.077982 0.315377 0.945757 -2.42715
-0.775245 -0.607193 0.174102 4.19674 0.631155 -0.733598 0.251948 9.00126 -0.0252601 0.305206 0.951951 -2.58468
-0.857397 -0.488774 0.161151 3.28799 0.51322 -0.83538 0.196838 9.73976 0.0384135 0.251474 0.967101 -2.61248
-0.898526 -0.35419 0.259229 2.25525 0.410601 -0.887001 0.211275 10.3392 0.155105 0.296276 0.942424 -2.53046
-0.936779 -0.194871 0.290639 1.15989 0.260276 -0.943191 0.206511 10.8803 0.233885 0.269101 0.934282 -2.24725
-0.963267 -0.139987 0.229174 0.0959642 0.193306 -0.95383 0.229873 11.0479 0.186414 0.265729 0.945853 -1.86068
-0.964609 0.0106209 0.263471 -1.23276 0.0735161 -0.948737 0.307399 11.2657 0.253229 0.315889 0.914379 -1.508
-0.977337 0.109761 0.181012 -2.32014 -0.064411 -0.968724 0.239636 11.3841 0.201654 0.222546 0.953839 -1.28899
-0.946541 0.304353 0.106911 -3.42496 -0.271894 -0.931061 0.243309 11.3528 0.173593 0.201233 0.964039 -1.141
-0.917339 0.389963 0.0801064 -4.65517 -0.371067 -0.910437 0.182792 11.0009 0.144214 0.137957 0.979883 -0.907299
-0.826912 0.561253 -0.0347967 -5.72945 -0.559951 -0.81615 0.142668 10.6323 0.0516735 0.137458 0.989159 -0.773517
-0.810163 0.575524 -0.111389 -6.75935 -0.584948 -0.806132 0.0893661 9.94917 -0.0383619 0.137558 0.989751 -0.654952
-0.689324 0.70906 -0.148546 -7.71 -0.722224 -0.688674 0.0641918 9.18619 -0.0567837 0.151532 0.98682 -0.713833
-0.626024 0.760757 -0.171295 -8.61753 -0.778797 -0.621102 0.0877885 8.09719 -0.0396062 0.188362 0.981301 -0.928692
-0.519062 0.844469 -0.132089 -9.34587 -0.854737 -0.512915 0.0796434 7.21561 -0.00049432 0.154242 0.988033 -0.945281
-0.425536 0.879622 -0.212568 -10.001 -0.90428 -0.404345 0.137052 6.05684 0.0346033 0.250541 0.967487 -0.923747
-0.303808 0.923849 -0.232815 -10.6031 -0.952239 -0.302315 0.0429704 4.88386 -0.0306853 0.23475 0.971571 -0.837779
-0.130553 0.946866 -0.293939 -10.8328 -0.991441 -0.124461 0.0394237 3.73862 0.000745016 0.29657 0.955011 -0.907773
-0.0411846 0.974758 -0.219434 -11.0156 -0.998071 -0.0299257 0.0543893 2.36707 0.0464496 0.221251 0.97411 -0.910429
0.101457 0.957779 -0.269011 -10.9271 -0.994433 0.0899029 -0.0549604 1.24063 -0.028455 0.273089 0.961568 -0.75364
0.280434 0.94211 -0.183808 -10.7784 -0.959102 0.267349 -0.0929919 -0.148198 -0.038468 0.202368 0.978554 -0.975771
0.403762 0.891447 -0.205665 -10.4618 -0.914459 0.386561 -0.11973 -1.31025 -0.0272314 0.236414 0.971271 -1.11563
0.498612 0.83886 -0.218405 -9.90909 -0.866404 0.490149 -0.0953845 -2.59095 0.0270367 0.236786 0.971185 -1.10643
0.569902 0.798244 -0.194983 -9.30377 -0.813757 0.581205 0.000931404 -3.8276 0.114069 0.158138 0.980806 -1.0862
0.653042 0.713227 -0.254644 -8.5601 -0.740004 0.67245 -0.0143092 -4.92826 0.161029 0.197782 0.966929 -0.914392
0.751637 0.623778 -0.214345 -7.64043 -0.644327 0.763882 -0.0364265 -5.96129 0.141012 0.165488 0.976078 -0.613317
0.844797 0.509355 -0.163939 -6.62834 -0.514297 0.857498 0.0139933 -6.9254 0.147705 0.072492 0.986371 -0.469634
0.880575 0.434454 -0.189309 -5.42827 -0.444594 0.895644 -0.0125838 -7.63925 0.164086 0.0952465 0.981837 -0.278008
0.933505 0.3356 -0.126258 -4.26341 -0.333381 0.941987 0.0389498 -8.35636 0.132005 0.00573211 0.991233 -0.0560465
0.955294 0.267114 -0.126743 -2.81102 -0.269389 0.963031 -0.000840615 -8.84642 0.121833 0.0349462 0.991935 0.140359
0.985829 0.0923007 -0.140077 -1.60152 -0.10094 0.993323 -0.0558666 -9.17191 0.133985 0.0692144 0.988563 0.287644
0.995183 0.00704634 -0.0977804 -0.192818 -0.0121585 0.998584 -0.0517846 -9.20701 0.0972771 0.052724 0.99386 0.401983
0.991203 -0.131743 -0.012671 1.29443 0.130632 0.989214 -0.0662582 -9.0265 0.0212634 0.0640201 0.997722 0.507477
0.965176 -0.230553 0.123614 2.70932 0.234445 0.971968 -0.0177254 -8.80313 -0.116062 0.0460889 0.992172 0.488322
0.909534 -0.33517 0.245783 4.06237 0.346681 0.937975 -0.00381238 -8.22316 -0.22926 0.0886756 0.969317 0.242822
0.840261 -0.484664 0.243028 5.30439 0.5069 0.861297 -0.0349304 -7.73825 -0.19239 0.152542 0.96939 -0.0896229
0.777741 -0.593546 0.206934 6.47483 0.60388 0.796912 0.0161439 -6.9581 -0.174491 0.112408 0.978222 -0.272551
0.71738 -0.676125 0.16799 7.5406 0.686868 0.726736 -0.00822556 -5.99808 -0.116523 0.121288 0.985754 -0.545
0.61131 -0.779229 0.13821 8.48042 0.783516 0.620502 0.0328654 -5.09004 -0.111369 0.0881988 0.989857 -0.756313
0.426481 -0.883295 0.19469 9.40672 0.895429 0.442711 0.0470538 -4.0294 -0.127754 0.154264 0.979736 -1.00757
0.409957 -0.8846 0.222302 10.0123 0.903553 0.427163 0.0335132 -2.6532 -0.124605 0.187123 0.974402 -1.17775
0.287582 -0.931845 0.22127 10.5746 0.944818 0.313868 0.0938406 -1.25591 -0.156895 0.182073 0.970687 -1.46187
0.15588 -0.955826 0.249196 11.0618 0.978041 0.184683 0.0965828 0.0717308 -0.138339 0.228669 0.963625 -1.46819
-0.00835059 -0.964427 0.264217 11.1919 0.992985 0.0231684 0.115951 1.49409 -0.117948 0.263332 0.957468 -1.61417
-0.115488 -0.968317 0.221416 11.1116 0.980821 -0.0759319 0.179513 2.87107 -0.157013 0.237901 0.958514 -1.93987
-0.274238 -0.938507 0.209758 10.9918 0.941286 -0.217301 0.25838 4.33202 -0.196911 0.2683 0.942996 -2.21959
-0.391521 -0.886844 0.245397 10.4974 0.900975 -0.315284 0.29806 5.68336 -0.186963 0.337793 0.922464 -2.38239
-0.531789 -0.830756 0.16445 9.91313 0.836406 -0.484776 0.25577 7.06142 -0.132761 0.273563 0.952648 -2.67929
-0.613913 -0.765403 0.193052 9.15298 0.7795 -0.549264 0.301146 8.25096 -0.124462 0.335361 0.933832 -2.98266
-0.693508 -0.699189 0.173725 8.23809 0.717074 -0.646581 0.260264 9.42144 -0.0696469 0.305069 0.94978 -3.25385
-0.827316 -0.534583 0.172536 7.13191 0.561079 -0.771548 0.299839 10.4562 -0.0271687 0.344868 0.938258 -3.57308
-0.815679 -0.554923 0.163487 5.96053 0.576976 -0.759828 0.299601 11.4163 -0.0420332 0.338706 0.939953 -3.54402
-0.869698 -0.436315 0.230771 4.64512 0.490204 -0.818151 0.300549 12.255 0.0576713 0.374512 0.925427 -3.51294
-0.918632 -0.258078 0.299185 3.30004 0.34858 -0.885873 0.30614 13.0155 0.186032 0.385519 0.903751 -3.5257
-0.922391 -0.146427 0.357427 1.8106 0.272208 -0.902943 0.332562 13.6462 0.27404 0.404047 0.872725 -3.24594
-0.961828 -0.0230756 0.272679 0.426596 0.122676 -0.927063 0.354265 14.0754 0.244616 0.374194 0.894507 -2.82517
-0.977999 0.00774097 0.208467 -1.21226 0.0692267 -0.930641 0.359326 14.1332 0.19679 0.365851 0.90963 -2.51324
-0.971072 0.125404 0.203205 -2.73701 -0.0425318 -0.928223 0.369584 14.3066 0.234966 0.35025 0.906706 -2.19993
-0.968184 0.242099 0.0633095 -4.34672 -0.206071 -0.914885 0.347161 14.2112 0.141968 0.323069 0.935666 -1.84412
-0.935452 0.353404 -0.00603189 -5.81438 -0.335295 -0.88186 0.331513 13.7512 0.111839 0.312137 0.943431 -1.48076
-0.872232 0.471682 -0.129334 -7.37981 -0.489071 -0.843591 0.221729 13.1959 -0.00451878 0.256653 0.966493 -1.24352
-0.748152 0.613359 -0.2531 -8.50586 -0.65969 -0.72855 0.184455 12.3521 -0.0712586 0.304968 0.949693 -1.24276
-0.691187 0.662677 -0.288304 -9.86373 -0.716418 -0.680701 0.152941 11.2197 -0.0948985 0.312257 0.945246 -1.39463
-0.591928 0.769321 -0.240348 -10.9415 -0.801479 -0.593342 0.0746732 10.0599 -0.085161 0.236835 0.96781 -1.54281
-0.552968 0.797232 -0.242172 -12.0088 -0.833199 -0.52995 0.157901 8.64578 -0.00245494 0.289092 0.957298 -1.62427
-0.426447 0.864469 -0.266152 -12.8707 -0.904512 -0.4074 0.126025 7.22673 0.000514787 0.294481 0.955657 -1.75777
-0.263043 0.921301 -0.28638 -13.3929 -0.964436 -0.25907 0.0524012 5.80142 -0.0259152 0.289979 0.956682 -1.67144
-0.0510728 0.944993 -0.323079 -13.7838 -0.997899 -0.0612005 -0.0212595 4.14105 -0.0398627 0.321315 0.946133 -1.71703
-0.0389631 0.943917 -0.327876 -13.9179 -0.999223 -0.0348324 0.0184643 2.39551 0.00600806 0.32834 0.94454 -1.77897
0.118208 0.936461 -0.330254 -13.7929 -0.992988 0.111838 -0.0382963 0.91338 0.00107181 0.332465 0.943115 -1.78777
0.312983 0.896434 -0.313763 -13.7322 -0.949721 0.292446 -0.111828 -0.834873 -0.00848791 0.332988 0.942893 -1.75622
0.388744 0.869867 -0.30366 -13.1312 -0.920711 0.379001 -0.0930025 -2.33873 0.0341875 0.315737 0.948231 -1.87137
0.481899 0.830196 -0.280263 -12.4722 -0.873179 0.481652 -0.0746384 -4.02341 0.0730247 0.280688 0.957017 -1.88537
0.582311 0.761245 -0.285343 -11.6068 -0.798955 0.600749 -0.0277672 -5.58356 0.150282 0.244145 0.958023 -1.73132
0.618846 0.749077 -0.236461 -10.5648 -0.776354 0.629094 -0.0389248 -6.96463 0.119599 0.207666 0.970861 -1.56331
0.741451 0.634412 -0.218569 -9.54848 -0.65897 0.749859 -0.0589013 -8.27383 0.126528 0.187703 0.974042 -1.21809
0.786319 0.572442 -0.232406 -8.11926 -0.595037 0.80291 -0.0355853 -9.47545 0.16623 0.166271 0.971968 -0.819806
0.853091 0.468912 -0.228818 -6.72863 -0.496276 0.864618 -0.0783961 -10.3607 0.16108 0.180436 0.970307 -0.65403
0.95181 0.273327 -0.139107 -5.22533 -0.282491 0.957931 -0.050676 -11.2359 0.119404 0.0875304 0.98898 -0.338787
0.947458 0.278917 -0.156615 -3.6586 -0.291906 0.954117 -0.0667176 -11.8381 0.130821 0.108929 0.985404 -0.103577
0.993229 0.0630077 -0.0976059 -1.92768 -0.0708512 0.994346 -0.0790938 -12.1185 0.0920705 0.0854737 0.992077 0.0180445
0.998451 0.0358551 -0.0425411 -0.156845 -0.0410441 0.990906 -0.128146 -12.2094 0.0375595 0.129694 0.990842 0.122219
0.990809 -0.12942 0.0393358 1.75742 0.134198 0.976975 -0.165862 -12.001 -0.0169643 0.169616 0.985364 0.163216
0.949946 -0.276636 0.14517 3.4639 0.287893 0.955595 -0.062895 -11.7721 -0.121325 0.10154 0.987406 0.129628
0.893386 -0.387974 0.22658 5.17888 0.425198 0.893016 -0.147407 -11.0719 -0.14515 0.228032 0.962774 -0.105659
0.856189 -0.476367 0.200036 6.7843 0.500414 0.860921 -0.0916549 -10.3257 -0.128554 0.178575 0.975492 -0.530282
0.79332 -0.548555 0.264067 8.40426 0.58343 0.808936 -0.0723338 -9.34211 -0.173934 0.211449 0.961788 -0.649163
0.686579 -0.688798 0.232737 9.57233 0.709448 0.704721 -0.00722527 -8.29397 -0.159038 0.170075 0.972513 -0.945879
0.627928 -0.738233 0.246412 10.9124 0.768407 0.638324 -0.0457483 -6.94225 -0.123518 0.218072 0.968085 -1.17452
0.494928 -0.822905 0.279057 12.1003 0.853829 0.520183 0.0196258 -5.40671 -0.161311 0.228554 0.960074 -1.42968
0.376346 -0.869134 0.32089 12.8333 0.914134 0.4047 0.0240196 -3.90984 -0.15074 0.284296 0.946812 -1.83466
0.246603 -0.923597 0.293523 13.414 0.964205 0.264284 0.0215166 -2.22605 -0.0974459 0.27771 0.95571 -2.06388
0.11006 -0.963097 0.245625 13.8956 0.986062 0.136826 0.0946609 -0.491942 -0.124776 0.231784 0.964732 -2.35176
-0.0520487 -0.957405 0.284018 14.1685 0.99 -0.0121285 0.140542 1.2507 -0.131111 0.288493 0.948463 -2.60617
-0.183009 -0.93914 0.290729 14.1029 0.976537 -0.139511 0.164051 3.08774 -0.113507 0.31393 0.942637 -2.72731
-0.27392 -0.920555 0.278472 13.6977 0.944914 -0.203652 0.256249 5.01099 -0.17918 0.333323 0.92563 -3.0551
-0.344097 -0.885987 0.310843 13.2216 0.916996 -0.245962 0.31404 6.68072 -0.20178 0.393103 0.897082 -3.32459
-0.485295 -0.844245 0.227461 12.4381 0.862674 -0.419956 0.281833 8.39548 -0.142413 0.332997 0.932111 -3.69448
-0.597108 -0.775654 0.204507 11.4731 0.780189 -0.502299 0.372829 9.90048 -0.186462 0.382173 0.905083 -4.05029
-0.677578 -0.712518 0.182228 10.2427 0.720744 -0.594018 0.357309 11.2789 -0.146342 0.373444 0.916037 -4.40587
-0.769994 -0.622969 0.137911 8.77784 0.6266 -0.697535 0.347588 12.717 -0.120339 0.354056 0.92745 -4.66369
-0.855828 -0.453396 0.248979 7.57941 0.516588 -0.773716 0.366743 13.8194 0.0263589 0.442488 0.896387 -4.88349
-0.862481 -0.429597 0.267532 5.92682 0.503168 -0.78462 0.362207 14.7857 0.0543074 0.44701 0.892879 -4.80866
-0.890094 -0.362498 0.276275 4.05201 0.444937 -0.822506 0.35428 15.7452 0.0988123 0.438268 0.893397 -4.6824
-0.93133 -0.270781 0.243521 2.40713 0.346367 -0.865173 0.362638 16.4426 0.112492 0.422083 0.899551 -4.42742
-0.972613 -0.103673 0.208029 0.557716 0.178886 -0.905341 0.385172 16.9163 0.148406 0.411837 0.899092 -4.057
-0.976558 0.0507449 0.209188 -1.39311 0.0501513 -0.891434 0.450367 17.0449 0.209331 0.4503 0.867992 -3.63394
-0.961551 0.211066 0.175699 -3.18586 -0.107644 -0.87825 0.465928 17.1009 0.25265 0.429101 0.867203 -3.47149
-0.958407 0.255976 0.126227 -5.08765 -0.161391 -0.850839 0.500025 16.9297 0.235393 0.458856 0.856762 -2.96722
-0.91533 0.396934 -0.0679339 -6.97423 -0.377153 -0.785832 0.490125 16.5635 0.141163 0.474248 0.869001 -2.48611
-0.849129 0.460903 -0.257967 -8.77571 -0.527254 -0.768648 0.362192 15.7255 -0.0313507 0.443562 0.895695 -2.19053
-0.763229 0.568919 -0.306288 -10.3735 -0.645358 -0.694365 0.318389 14.5838 -0.0315384 0.440669 0.897116 -2.2943
-0.674234 0.674616 -0.300502 -11.8798 -0.737104 -0.639883 0.21732 13.1786 -0.0456782 0.368026 0.928693 -2.39242
-0.580304 0.774998 -0.250251 -13.2147 -0.813235 -0.56787 0.127173 11.8604 -0.0435514 0.277312 0.959792 -2.53931
-0.516378 0.803147 -0.297167 -14.576 -0.855355 -0.500533 0.133543 10.1501 -0.0414871 0.323142 0.945441 -2.61917
-0.377 0.870051 -0.317619 -15.5184 -0.926078 -0.359952 0.1132 8.49077 -0.0158384 0.336816 0.941437 -2.61504
-0.226098 0.918196 -0.325262 -16.1343 -0.973372 -0.225908 0.0388908 6.65321 -0.0377698 0.325394 0.944824 -2.70764
-0.0887988 0.924318 -0.371148 -16.6302 -0.99566 -0.092798 0.00710908 4.47471 -0.0278707 0.370168 0.928547 -2.80662
-0.0240361 0.930121 -0.366466 -16.7438 -0.999595 -0.0279584 -0.00539832 2.44253 -0.0152669 0.366187 0.930416 -2.79887
0.108738 0.918496 -0.380185 -16.5915 -0.993514 0.113209 -0.0106527 0.430033 0.033256 0.378877 0.924849 -2.78367
0.241228 0.900639 -0.361468 -16.3431 -0.970382 0.228829 -0.0774373 -1.70383 0.0129713 0.369442 0.929163 -2.84843
0.354476 0.86782 -0.348189 -15.8804 -0.932995 0.353021 -0.0699781 -3.47485 0.0621895 0.349664 0.934809 -2.91645
0.458456 0.818957 -0.345149 -14.904 -0.885179 0.455409 -0.0951896 -5.53013 0.0792282 0.349159 0.933708 -2.72169
0.528203 0.782392 -0.329945 -14.089 -0.83945 0.539624 -0.0642614 -7.24854 0.127769 0.310916 0.94181 -2.59583
0.665385 0.674534 -0.319792 -12.8997 -0.727619 0.681772 -0.0758872 -8.87194 0.166837 0.283181 0.944444 -2.4108
0.741202 0.577991 -0.341387 -11.5067 -0.630837 0.773601 -0.0598822 -10.3897 0.229486 0.259745 0.938013 -1.98716
0.809816 0.496461 -0.312609 -9.92962 -0.551694 0.825671 -0.117902 -11.8317 0.199579 0.267944 0.942536 -1.43973
0.858158 0.450025 -0.247068 -8.25334 -0.487616 0.865043 -0.118029 -13.0235 0.160609 0.221762 0.961783 -1.28086
0.919359 0.337438 -0.202274 -6.26776 -0.366815 0.921072 -0.130663 -14.135 0.142219 0.194324 0.970573 -1.08097
0.952685 0.252321 -0.169483 -4.33486 -0.27978 0.945866 -0.164504 -14.6843 0.118801 0.204138 0.971707 -0.689278
0.986935 0.136851 -0.0850404 -2.23938 -0.156736 0.937756 -0.309914 -15.2006 0.037335 0.319194 0.946954 -0.309421
0.999282 -0.0248227 0.0286288 -0.136928 0.0300891 0.979055 -0.201362 -15.3484 -0.0230308 0.202078 0.979099 -0.321564
0.976451 -0.199341 0.082501 2.0713 0.214311 0.940182 -0.264819 -15.0627 -0.0247766 0.276264 0.960762 -0.349978
0.941612 -0.288592 0.173437 4.30109 0.323329 0.918744 -0.226643 -14.6405 -0.0939372 0.269488 0.958411 -0.51405
0.908671 -0.372178 0.189211 6.3968 0.407679 0.888706 -0.209759 -13.855 -0.0900851 0.267739 0.959271 -0.846926
0.863073 -0.474507 0.173056 8.31851 0.497047 0.858797 -0.12414 -12.8723 -0.0897145 0.193159 0.977057 -1.0878
0.793729 -0.566955 0.220354 10.0558 0.600056 0.78916 -0.13099 -11.718 -0.0996292 0.236195 0.966585 -1.43719
0.7159 -0.658261 0.232766 11.667 0.676406 0.736524 0.00251785 -10.4254 -0.173095 0.155642 0.97253 -1.57203
0.567487 -0.765161 0.304118 13.209 0.812435 0.580378 -0.0557809 -9.02124 -0.133822 0.278731 0.951 -1.83039
0.487507 -0.797876 0.354586 14.4923 0.858334 0.512371 -0.0271733 -7.00247 -0.159998 0.3176 0.934629 -2.24257
0.385807 -0.843703 0.373254 15.5938 0.910437 0.413602 -0.00615081 -5.05498 -0.149189 0.342197 0.927709 -2.72565
0.303372 -0.894668 0.327924 16.2392 0.945562 0.325203 0.0124773 -3.00344 -0.117805 0.306287 0.944622 -2.98415
0.16987 -0.897165 0.407723 16.8034 0.980419 0.195677 0.0221001 -0.872494 -0.0996095 0.395986 0.912838 -3.18788
0.0111584 -0.939548 0.342235 17.0902 0.990827 0.056485 0.122765 1.19982 -0.134674 0.337726 0.93156 -3.48478
-0.107705 -0.928126 0.356344 16.9861 0.986795 -0.0561876 0.151915 3.43101 -0.120974 0.368 0.921922 -3.74014
-0.233725 -0.923825 0.303184 16.5595 0.949512 -0.149748 0.275684 5.45851 -0.209283 0.352311 0.912183 -4.09701
-0.441799 -0.823683 0.355472 15.9867 0.88643 -0.339835 0.314252 7.47764 -0.138042 0.453937 0.880276 -4.50497
-0.505102 -0.81667 0.279146 14.9845 0.852325 -0.421151 0.31012 9.49355 -0.135703 0.394565 0.908792 -4.96346
-0.634064 -0.728078 0.260509 13.7486 0.761259 -0.528549 0.37566 11.3109 -0.135818 0.436507 0.88939 -5.36676
-0.729543 -0.626468 0.274417 12.4459 0.679715 -0.61962 0.392504 13.0429 -0.0758564 0.472874 0.877859 -5.64256
-0.74144 -0.625148 0.243835 10.7898 0.659245 -0.610861 0.438457 14.7055 -0.125151 0.485837 0.865043 -5.7805
-0.799011 -0.557717 0.224798 8.94894 0.593129 -0.669502 0.447174 16.0458 -0.0988938 0.490631 0.865737 -6.12251
-0.889445 -0.400472 0.220248 7.1885 0.457033 -0.782347 0.423149 17.2386 0.00285111 0.477028 0.878883 -6.22344
-0.930114 -0.300375 0.211334 5.10225 0.36351 -0.835049 0.412982 18.2245 0.0524249 0.460942 0.88588 -6.02301
-0.963831 -0.176331 0.199843 3.05585 0.247597 -0.869888 0.426603 19.1029 0.0986177 0.460654 0.882084 -5.91235
-0.977502 -0.0632982 0.201205 0.883769 0.145475 -0.893044 0.425804 19.668 0.152732 0.445495 0.882161 -5.55461
-0.988261 0.049727 0.144458 -1.55795 0.0204 -0.894127 0.447348 19.7859 0.151409 0.445043 0.882617 -5.22471
-0.98095 0.163648 0.104678 -3.73365 -0.0968631 -0.87912 0.466654 19.7126 0.168391 0.447624 0.878224 -4.76584
-0.971645 0.232631 0.0422999 -6.14593 -0.186952 -0.86539 0.464919 19.5158 0.144761 0.443828 0.884342 -4.4325
-0.914185 0.402023 -0.0514044 -8.1278 -0.379957 -0.805965 0.453931 19.0037 0.141061 0.434509 0.889553 -4.07912
-0.860122 0.494576 -0.124837 -10.2141 -0.500798 -0.772284 0.39087 17.928 0.0969053 0.398714 0.911941 -3.78482
-0.798839 0.558109 -0.224435 -12.2551 -0.601542 -0.742331 0.295113 16.6633 -0.00189949 0.370755 0.928729 -3.59768
-0.701124 0.649985 -0.293164 -14.0086 -0.707997 -0.683413 0.178007 15.2448 -0.0846502 0.332364 0.939345 -3.62731
-0.615429 0.736908 -0.279666 -15.6093 -0.787049 -0.593652 0.167722 13.5311 -0.0424283 0.323332 0.945334 -3.57987
-0.487723 0.806949 -0.333106 -17.057 -0.872365 -0.465031 0.150752 11.5921 -0.033255 0.364115 0.93076 -3.7625
-0.330677 0.831254 -0.446844 -18.2664 -0.941415 -0.323788 0.0943378 9.54006 -0.0662642 0.451861 0.889624 -3.66799
-0.200159 0.857595 -0.473779 -18.8695 -0.978929 -0.194999 0.0606018 7.27053 -0.0404144 0.475926 0.878556 -3.8579
-0.113025 0.897843 -0.425561 -19.2688 -0.993322 -0.112097 0.0273146 4.89878 -0.0231801 0.425807 0.904517 -4.0729
-0.0115384 0.891386 -0.453098 -19.4463 -0.999079 0.00844808 0.0420622 2.49623 0.0413214 0.453166 0.890468 -4.13859
0.107707 0.899652 -0.423114 -19.3776 -0.993427 0.113981 -0.0105303 0.0825211 0.0387534 0.421467 0.906015 -4.11215
0.240017 0.874702 -0.421055 -19.015 -0.967388 0.25168 -0.0286055 -2.31899 0.0809499 0.414189 0.906584 -4.19692
0.366424 0.820838 -0.438131 -18.417 -0.915588 0.401915 -0.0127519 -4.55841 0.165624 0.405821 0.898821 -4.09196
0.405331 0.822917 -0.398138 -17.3568 -0.903543 0.426842 -0.0376216 -6.84417 0.138983 0.374985 0.916554 -3.86201
0.55733 0.727106 -0.400874 -16.4128 -0.810154 0.581918 -0.0708643 -8.93445 0.18175 0.364264 0.913389 -3.63401
0.640343 0.679632 -0.357855 -14.9551 -0.755378 0.641632 -0.133092 -10.9937 0.139158 0.35554 0.924244 -3.1726
0.722195 0.591668 -0.358279 -13.3252 -0.66603 0.734619 -0.129376 -12.7845 0.186651 0.332059 0.924607 -2.88091
0.801186 0.498316 -0.331333 -11.5048 -0.568115 0.80734 -0.159523 -14.4669 0.188006 0.316043 0.92993 -2.39221
0.865098 0.394038 -0.310385 -9.49937 -0.460948 0.868538 -0.182122 -15.7138 0.197818 0.300624 0.933002 -2.1747
0.92349 0.265319 -0.277078 -7.29104 -0.327898 0.920818 -0.211132 -16.7656 0.199122 0.285831 0.937364 -1.69974
0.959655 0.23198 -0.158894 -4.95795 -0.263478 0.939233 -0.220049 -17.4902 0.0981919 0.253036 0.962461 -1.34107
0.997135 0.0703523 -0.0277814 -2.53002 -0.0756285 0.933439 -0.350674 -18.1551 0.00126156 0.35177 0.936085 -1.12486
0.99774 -0.0433578 0.0513316 -0.119642 0.0582324 0.939111 -0.338643 -18.2584 -0.0335233 0.340867 0.939514 -1.03732
0.982764 -0.142467 0.117802 2.59128 0.172597 0.935381 -0.308664 -17.9973 -0.0662152 0.323676 0.943848 -1.3201
0.971919 -0.187857 0.141715 5.0284 0.22427 0.921827 -0.316131 -17.4236 -0.0712496 0.339036 0.938071 -1.46638
0.922098 -0.360351 0.141008 7.51364 0.385565 0.886489 -0.255883 -16.6845 -0.0327943 0.290317 0.956368 -1.73379
0.847755 -0.491213 0.200054 9.71648 0.529509 0.805549 -0.265916 -15.5953 -0.030532 0.331362 0.94301 -1.83291
0.773219 -0.593008 0.224663 11.7194 0.631447 0.752606 -0.186705 -14.1695 -0.058365 0.286227 0.956383 -2.09226
0.706512 -0.639665 0.30277 13.7552 0.696183 0.705069 -0.134933 -12.5601 -0.127162 0.306115 0.943464 -2.25529
0.577014 -0.724115 0.377772 15.551 0.805582 0.58077 -0.117235 -10.7884 -0.134507 0.371973 0.918447 -2.78425
0.505659 -0.766002 0.396927 16.9231 0.843514 0.535533 -0.0410922 -8.62479 -0.181091 0.355592 0.91693 -3.18642
0.41768 -0.791281 0.446563 18.0575 0.892927 0.448358 -0.0407118 -6.32712 -0.168005 0.415752 0.893826 -3.78166
0.293924 -0.846964 0.443013 18.9694 0.952782 0.296592 -0.0651069 -3.90429 -0.0762507 0.441231 0.894148 -4.18959
0.178011 -0.87005 0.459701 19.5558 0.978756 0.204844 0.00869151 -1.39303 -0.101729 0.448388 0.888031 -4.3704
0.0119941 -0.880957 0.473044 20.0906 0.995816 0.0533815 0.074164 1.04954 -0.0905871 0.470175 0.877912 -4.68089
-0.20903 -0.845195 0.491885 19.9267 0.966567 -0.102182 0.235172 3.49212 -0.148505 0.524598 0.838298 -4.94071
-0.347521 -0.845962 0.404446 19.3153 0.914404 -0.210259 0.345915 5.91942 -0.207593 0.49004 0.84662 -5.3638
-0.34922 -0.829421 0.436011 18.2551 0.92045 -0.216465 0.325446 8.40259 -0.175551 0.514979 0.839035 -5.90893
-0.51812 -0.76888 0.374667 17.3578 0.839977 -0.374848 0.392336 10.7704 -0.161216 0.517989 0.840058 -6.27971
-0.588921 -0.739086 0.326992 15.9562 0.793945 -0.453439 0.405024 12.8738 -0.151076 0.498141 0.853834 -6.78894
-0.74757 -0.593521 0.298112 14.4248 0.659717 -0.611589 0.436729 14.9017 -0.076886 0.523156 0.848762 -7.13286
-0.771335 -0.566685 0.289672 12.569 0.634662 -0.651002 0.416415 16.6168 -0.0473988 0.505039 0.861794 -7.30829
-0.844575 -0.450552 0.289302 10.5797 0.535325 -0.721584 0.439027 18.2228 0.0109515 0.525662 0.850623 -7.61168
-0.886717 -0.368168 0.279617 8.29985 0.459295 -0.770528 0.441967 19.5493 0.0527341 0.520327 0.852338 -7.59362
-0.921366 -0.305703 0.240064 5.93645 0.380175 -0.837365 0.392794 20.8066 0.0809432 0.453174 0.88774 -7.52215
-0.958896 -0.198395 0.202876 3.58382 0.269707 -0.859428 0.434328 21.7296 0.0881893 0.471193 0.87761 -7.37524
-0.980913 -0.038678 0.190564 1.0064 0.125052 -0.875952 0.465908 22.3067 0.148904 0.480846 0.864069 -6.98085
-0.987109 0.0723366 0.142769 -1.70318 0.0033215 -0.882584 0.470143 22.5129 0.160014 0.464557 0.870967 -6.63926
-0.987644 0.129041 0.0889253 -4.41152 -0.0714594 -0.87584 0.477282 22.3657 0.139473 0.46503 0.874239 -6.23831
-0.976354 0.216176 0.000688446 -6.90388 -0.189071 -0.855467 0.482109 22.1048 0.10481 0.470579 0.876111 -5.78925
-0.939858 0.334231 -0.0704018 -9.485 -0.324243 -0.808233 0.491554 21.3777 0.107391 0.484819 0.867997 -5.46891
-0.888192 0.43137 -0.158222 -11.7556 -0.452808 -0.763344 0.460728 20.3002 0.0779666 0.480859 0.873325 -5.13826
-0.811666 0.533809 -0.237162 -14.0187 -0.581072 -0.696448 0.421088 18.9783 0.0596094 0.479591 0.875465 -4.87842
-0.693592 0.635625 -0.338984 -16.0553 -0.720367 -0.611451 0.327412 17.2837 0.000838933 0.471283 0.881981 -4.66468
-0.564214 0.749842 -0.345542 -17.8952 -0.823787 -0.539219 0.17498 15.2523 -0.0551155 0.383379 0.921945 -4.79787
-0.433104 0.830067 -0.351298 -19.4027 -0.900296 -0.417178 0.124214 12.9698 -0.0434477 0.370069 0.927988 -4.94771
-0.364727 0.829324 -0.423316 -20.5327 -0.928223 -0.359645 0.0951691 10.5086 -0.0733173 0.427642 0.90097 -5.08319
-0.176999 0.865803 -0.468034 -21.4055 -0.982219 -0.185627 0.0280633 7.94649 -0.0625827 0.464679 0.883265 -5.31521
-0.13699 0.8729 -0.468273 -21.8248 -0.990312 -0.131517 0.0445488 5.06229 -0.0226994 0.469839 0.88246 -5.43021
-0.0150624 0.883194 -0.468767 -22.1137 -0.999699 -0.0223757 -0.0100353 2.41473 -0.0193521 0.468475 0.883265 -5.52913
0.0958491 0.886945 -0.45182 -22.0175 -0.995276 0.0783551 -0.0573229 -0.227063 -0.0154399 0.45518 0.890266 -5.53942
0.245508 0.847965 -0.469767 -21.6217 -0.967267 0.246371 -0.0607903 -3.07293 0.0641891 0.469315 0.880695 -5.4978
0.273981 0.815283 -0.510145 -20.8867 -0.952786 0.302292 -0.028604 -5.80396 0.130892 0.493896 0.859613 -5.35129
0.377475 0.792503 -0.479011 -19.9422 -0.911148 0.410194 -0.0393635 -8.29536 0.165292 0.451309 0.876926 -5.08549
0.520391 0.694856 -0.496355 -18.7352 -0.829704 0.548905 -0.101461 -10.6828 0.201951 0.464627 0.86217 -4.75505
0.659721 0.620914 -0.423361 -17.1839 -0.74554 0.611619 -0.26475 -12.8828 0.0945482 0.490293 0.866414 -4.20209
0.680663 0.619903 -0.390407 -15.1164 -0.724032 0.650474 -0.22948 -14.953 0.111694 0.438866 0.891583 -4.05522
0.790493 0.487962 -0.370155 -13.0451 -0.591055 0.766192 -0.252199 -16.874 0.160546 0.418143 0.894081 -3.52464
0.872788 0.362642 -0.326698 -10.7337 -0.454124 0.848668 -0.271172 -18.3667 0.17892 0.385037 0.905392 -3.16288
0.925602 0.260023 -0.275042 -8.2432 -0.346769 0.87381 -0.340892 -19.5259 0.151695 0.410906 0.898969 -2.77466
0.979039 0.15795 -0.128587 -5.6279 -0.194413 0.912935 -0.358822 -20.3792 0.0607157 0.376299 0.924507 -2.3325
0.99408 0.108528 0.00515212 -2.65305 -0.0980826 0.916783 -0.387155 -20.8387 -0.0467405 0.384357 0.922 -2.0621
0.996002 -0.0341778 0.0825349 0.0917225 0.0642296 0.916116 -0.395735 -21.0029 -0.0620862 0.399454 0.914648 -2.18708
0.982635 -0.141535 0.119988 2.96031 0.175573 0.918429 -0.35449 -20.7942 -0.060028 0.369401 0.927329 -2.42259
0.963049 -0.220547 0.154581 5.83338 0.259309 0.91437 -0.310944 -20.2922 -0.0727667 0.339539 0.937773 -2.58645
0.91836 -0.353696 0.177522 8.52742 0.393642 0.862611 -0.317723 -19.45 -0.0407544 0.361664 0.931417 -2.75855
0.836859 -0.452091 0.308676 11.1279 0.537752 0.784422 -0.309039 -18.2059 -0.102419 0.424614 0.899563 -2.68883
0.781609 -0.53113 0.32709 13.54 0.612676 0.752148 -0.242698 -16.4097 -0.117116 0.390095 0.913296 -3.15407
0.687484 -0.575421 0.443009 15.739 0.712315 0.653047 -0.257171 -14.679 -0.141324 0.492363 0.85884 -3.36439
0.621194 -0.652443 0.434092 17.6795 0.771884 0.605069 -0.195159 -12.6261 -0.135326 0.4563 0.879476 -3.93962
0.460795 -0.785791 0.412553 19.2984 0.877054 0.474312 -0.0761896 -10.1775 -0.13581 0.396939 0.907742 -4.53073
0.42573 -0.775393 0.466391 20.5259 0.892579 0.444473 -0.0758089 -7.53956 -0.148516 0.448565 0.881324 -4.98735
0.265943 -0.84635 0.461482 21.4912 0.953497 0.301385 0.00325435 -4.84888 -0.141838 0.439157 0.887143 -5.45241
0.132659 -0.85917 0.494195 22.3391 0.982547 0.179589 0.0484705 -2.1016 -0.130396 0.47914 0.867999 -5.83356
0.00417229 -0.857289 0.514818 22.6515 0.990356 0.0748388 0.116597 0.828623 -0.138486 0.509367 0.849333 -6.18302
-0.136765 -0.848227 0.51167 22.4673 0.976858 -0.0297361 0.21181 3.73525 -0.164448 0.528797 0.832665 -6.60893
-0.329507 -0.816778 0.473602 21.9838 0.936783 -0.220275 0.271876 6.35582 -0.11774 0.533247 0.837726 -7.12812
-0.391809 -0.803268 0.448604 20.9474 0.914467 -0.286385 0.285892 9.12009 -0.101175 0.522249 0.84677 -7.6146
-0.476761 -0.790618 0.384216 19.6049 0.86843 -0.355952 0.345148 11.7848 -0.136118 0.498218 0.856301 -7.97906
-0.588169 -0.714838 0.378237 18.1683 0.794823 -0.424549 0.433607 14.2969 -0.149379 0.555666 0.817876 -8.37857
-0.700671 -0.617095 0.358127 16.2648 0.699334 -0.49452 0.516121 16.6357 -0.141395 0.612081 0.778051 -8.64615
-0.766878 -0.54577 0.337689 14.2427 0.638897 -0.599272 0.482373 18.677 -0.060897 0.585669 0.808259 -9.13215
-0.830091 -0.477903 0.287328 12.0517 0.554992 -0.658005 0.508933 20.3585 -0.0541578 0.581926 0.811437 -9.11704
-0.875868 -0.383578 0.292786 9.48288 0.482132 -0.720899 0.497848 21.9459 0.0201054 0.57721 0.816348 -9.24116
-0.900466 -0.301649 0.313319 6.79184 0.421898 -0.780826 0.460773 23.3239 0.105656 0.547099 0.830373 -9.03571
-0.953779 -0.129871 0.270997 4.08363 0.247043 -0.852311 0.461016 24.3219 0.171101 0.506655 0.845 -8.96153
-0.980214 0.00142217 0.197934 1.07409 0.101421 -0.855126 0.508402 24.9772 0.169982 0.518417 0.838063 -8.49361
-0.986282 0.0556399 0.155411 -1.89517 0.0288628 -0.868849 0.494235 25.1547 0.162528 0.491941 0.855324 -8.05809
-0.987525 0.140988 0.0701167 -4.70437 -0.0913669 -0.87573 0.474077 25.0881 0.128243 0.461756 0.877687 -7.64984
-0.954439 0.296283 -0.0355444 -7.66268 -0.275416 -0.828781 0.487101 24.7479 0.114861 0.474698 0.872622 -7.31117
-0.904228 0.410872 -0.116431 -10.4387 -0.413973 -0.776376 0.475254 23.8461 0.104875 0.477937 0.872111 -6.95046
-0.851898 0.494694 -0.171892 -13.1515 -0.513886 -0.726349 0.45644 22.7375 0.100945 0.477174 0.872992 -6.68136
-0.772492 0.574366 -0.270851 -15.7219 -0.628983 -0.633362 0.450814 21.1583 0.0873851 0.518611 0.850533 -6.3958
-0.65986 0.647081 -0.381931 -18.0713 -0.751134 -0.554838 0.357704 19.1809 0.0195534 0.522916 0.85216 -6.17806
-0.580703 0.689303 -0.43318 -20.0847 -0.813463 -0.512578 0.274848 16.8491 -0.0325852 0.511981 0.858378 -6.02521
-0.448995 0.753388 -0.480428 -21.8198 -0.890405 -0.422205 0.170064 14.298 -0.0747149 0.504133 0.860388 -6.181
-0.387193 0.815895 -0.429414 -23.1071 -0.921719 -0.354 0.158486 11.5369 -0.0227049 0.457164 0.889093 -6.4561
-0.123988 0.854929 -0.503709 -24.0903 -0.992169 -0.114543 0.0498128 8.61261 -0.0151099 0.50594 0.862436 -6.73547
-0.148168 0.837965 -0.525225 -24.3207 -0.986548 -0.162324 0.0193317 5.49887 -0.0690574 0.521024 0.850744 -6.86289
-0.0423691 0.851303 -0.522961 -24.6985 -0.998013 -0.0604917 -0.0176147 2.4414 -0.0466302 0.521175 0.852175 -7.11847
0.100386 0.849282 -0.518307 -24.7545 -0.99456 0.100215 -0.0284185 -0.562919 0.0278066 0.518341 0.854722 -7.22663
0.223915 0.809093 -0.543352 -24.2118 -0.969694 0.240869 -0.0409381 -3.70507 0.0977539 0.536051 0.838506 -7.1207
0.357088 0.75343 -0.552116 -23.4322 -0.921707 0.380072 -0.0774704 -6.65883 0.151476 0.536553 0.83016 -6.98229
0.375113 0.757391 -0.534462 -22.2371 -0.916208 0.390564 -0.0895699 -9.58936 0.140902 0.523277 0.840433 -6.59394
0.533643 0.657243 -0.532219 -20.807 -0.824748 0.543685 -0.155554 -12.3596 0.187123 0.521957 0.832194 -6.2917
0.646091 0.612724 -0.455121 -19.0215 -0.754484 0.602863 -0.25944 -14.7313 0.11541 0.511004 0.851796 -5.7951
0.693844 0.579002 -0.428179 -16.8055 -0.711317 0.643761 -0.282133 -17.0066 0.112289 0.500327 0.858524 -5.37041
0.780033 0.494508 -0.383419 -14.4172 -0.613712 0.724151 -0.314583 -19.2601 0.122089 0.480694 0.868347 -4.93826
0.887995 0.304639 -0.344469 -11.8642 -0.42071 0.840622 -0.341112 -21.0024 0.185653 0.447828 0.874633 -4.5659
0.945191 0.227464 -0.23425 -9.05204 -0.30628 0.866288 -0.394636 -22.1502 0.113162 0.444753 0.888476 -4.13403
0.979024 0.140954 -0.147116 -6.0093 -0.190619 0.888645 -0.417103 -23.1257 0.0719415 0.436397 0.896874 -3.68882
0.995873 0.0454348 -0.0785686 -2.97946 -0.0749436 0.899953 -0.429498 -23.6223 0.0511939 0.433613 0.899644 -3.36499
0.994917 0.0991566 0.0175633 0.203403 -0.0818587 0.897947 -0.432424 -23.7205 -0.0586486 0.428788 0.9015 -3.27729
0.979222 -0.16266 0.121104 3.38688 0.198891 0.886896 -0.416962 -23.7854 -0.0395836 0.432385 0.90082 -3.55608
0.973396 -0.175389 0.147441 6.54442 0.220523 0.89181 -0.395026 -23.0762 -0.0622058 0.417031 0.906761 -3.86109
0.90585 -0.383253 0.180423 9.54613 0.423553 0.813258 -0.399018 -22.1252 0.00619423 0.437869 0.899017 -4.13549
0.809154 -0.515264 0.282441 12.478 0.587579 0.713235 -0.382161 -20.7407 -0.00453297 0.475183 0.879875 -4.19449
0.787451 -0.531604 0.311959 15.0429 0.615271 0.708243 -0.34617 -18.7999 -0.0369173 0.464531 0.884787 -4.33702
0.721705 -0.529574 0.445749 17.3997 0.669848 0.696642 -0.256891 -16.6933 -0.174485 0.483984 0.857505 -4.68571
0.572248 -0.651781 0.497709 19.7187 0.801452 0.573099 -0.170972 -14.446 -0.173801 0.496728 0.850326 -5.43383
0.440912 -0.747167 0.497331 21.6326 0.888768 0.44077 -0.125751 -11.7189 -0.125251 0.497457 0.858399 -5.97181
0.418356 -0.7411 0.525118 22.9006 0.884775 0.463199 -0.0511761 -8.78011 -0.205308 0.486021 0.84949 -6.33861
0.288453 -0.802249 0.522677 24.1635 0.947614 0.317407 -0.0357825 -5.82909 -0.137195 0.505618 0.85178 -6.92033
0.132984 -0.823188 0.551975 24.8137 0.982217 0.183934 0.0376701 -2.79979 -0.132536 0.537149 0.833009 -7.28867
0.0175145 -0.822615 0.568329 25.1956 0.989743 0.094869 0.106815 0.513694 -0.141784 0.560628 0.815839 -7.77974
-0.182779 -0.808049 0.560043 25.1375 0.976244 -0.0817527 0.200657 3.85971 -0.116356 0.583415 0.803796 -8.42533
-0.334589 -0.784653 0.52189 24.4104 0.935222 -0.208426 0.286214 6.96793 -0.115803 0.583847 0.803562 -8.81722
-0.360457 -0.805226 0.470831 23.3306 0.910995 -0.195459 0.363157 9.97672 -0.200395 0.559827 0.804012 -9.16164
-0.542017 -0.703196 0.460144 22.1291 0.836049 -0.395773 0.379981 12.8077 -0.0850884 0.590659 0.802422 -9.80904
-0.591329 -0.674995 0.441261 20.2115 0.799488 -0.419048 0.430369 15.5146 -0.105587 0.607273 0.787446 -10.1039
-0.644662 -0.656976 0.390889 18.2254 0.746672 -0.431433 0.506306 18.0794 -0.163988 0.618262 0.768674 -10.4635
-0.770172 -0.513714 0.378063 16.0235 0.636193 -0.576193 0.513088 20.3899 -0.0457434 0.635688 0.77059 -10.9988
-0.822305 -0.438138 0.363111 13.4351 0.568983 -0.642665 0.51307 22.2858 0.00856298 0.628504 0.777759 -11.0175
-0.864986 -0.371196 0.337658 10.6867 0.499578 -0.700238 0.50999 24.1295 0.0471343 0.60982 0.791137 -11.0939
-0.88528 -0.357273 0.297718 7.74622 0.464227 -0.717145 0.519804 25.6828 0.027795 0.59838 0.80073 -10.8321
-0.962587 -0.0384314 0.268234 4.61236 0.183434 -0.821011 0.540641 27.0231 0.199445 0.569617 0.797344 -10.7797
-0.981933 0.0346959 0.186019 1.13877 0.0763919 -0.826695 0.55744 27.6324 0.173122 0.561579 0.809109 -10.198
-0.980963 0.144295 0.129967 -2.18709 -0.0500821 -0.83459 0.54859 27.7106 0.187628 0.531638 0.825928 -9.66205
-0.983385 0.161081 0.0837046 -5.32252 -0.0917407 -0.838877 0.536534 27.5857 0.156643 0.519941 0.839717 -9.05282
-0.961497 0.272696 -0.0340651 -8.57556 -0.247869 -0.807002 0.536011 27.2375 0.118677 0.523817 0.843523 -8.73685
-0.924334 0.362045 -0.120539 -11.653 -0.36982 -0.772135 0.516761 26.2183 0.0940184 0.522237 0.847602 -8.48744
-0.871046 0.454187 -0.187065 -14.6677 -0.480353 -0.708027 0.517647 24.7101 0.102662 0.540752 0.834894 -8.35422
-0.807714 0.520867 -0.276216 -17.5474 -0.585055 -0.650221 0.484689 23.0765 0.0728571 0.553092 0.829929 -8.18234
-0.655217 0.657741 -0.371575 -20.1773 -0.750444 -0.510225 0.420125 21.006 0.0867467 0.554119 0.827905 -7.96711
-0.643674 0.620372 -0.448132 -22.2548 -0.763639 -0.559194 0.322733 18.3276 -0.0503781 0.549947 0.833679 -7.77617
-0.502194 0.710903 -0.49236 -24.2231 -0.862883 -0.449392 0.231254 15.656 -0.0568637 0.540984 0.839108 -7.92014
-0.409174 0.761822 -0.502198 -25.6183 -0.910972 -0.37245 0.177233 12.5194 -0.052024 0.530008 0.846396 -8.07607
