0.999996 0.00120801 -0.00271143 0.000763558 -0.00123538 0.999948 -0.0101178 0.000459475 0.00269907 0.0101211 0.999945 0.00660875
0.979754 -0.198125 0.0287919 0.347048 0.196426 0.979077 0.0531494 -0.0882169 -0.0387198 -0.0464178 0.998171 0.0534138
0.874731 -0.481549 0.0543689 0.553222 0.474396 0.873802 0.106855 0.016643 -0.0989636 -0.067677 0.992787 -0.0369379
0.826434 -0.562024 0.033698 0.669655 0.552799 0.821317 0.140894 0.00660137 -0.106862 -0.097811 0.989451 -0.256851
0.729216 -0.684254 -0.0063549 0.770137 0.677257 0.72037 0.149634 0.0871803 -0.09781 -0.11342 0.988721 -0.40912
0.693375 -0.720109 -0.0259751 1.03667 0.717346 0.686407 0.119415 0.222937 -0.0681622 -0.101432 0.992505 -0.499488
0.538572 -0.841425 -0.0440845 1.16687 0.840782 0.533271 0.0933177 0.350325 -0.0550109 -0.0873237 0.99466 -0.518373
0.416971 -0.905239 -0.0817219 1.43873 0.90636 0.407368 0.112085 0.451774 -0.0681724 -0.120805 0.990333 -0.621336
0.29305 -0.956074 0.00656847 1.69149 0.949862 0.291916 0.112017 0.698124 -0.109014 -0.0265875 0.993685 -0.460245
0.179783 -0.983615 0.0133672 1.87791 0.973786 0.179879 0.139226 0.920354 -0.139349 -0.0120136 0.99017 -0.523945
0.0692644 -0.997584 0.00538064 2.03117 0.989079 0.0693753 0.130035 1.2975 -0.130094 -0.00368489 0.991495 -0.682533
0.0674325 -0.997191 -0.0326105 2.04517 0.989769 0.0627399 0.128147 1.69933 -0.125741 -0.0409181 0.991219 -0.795338
-0.00327592 -0.998953 -0.045629 2.04629 0.990762 -0.00942828 0.135281 2.26599 -0.13557 -0.0447644 0.989756 -0.890906
-0.228755 -0.972983 0.0312224 2.02192 0.961131 -0.220643 0.165962 2.34946 -0.154589 0.0679736 0.985638 -0.831726
-0.40084 -0.912383 -0.0829709 1.98228 0.895816 -0.409308 0.173151 2.75645 -0.19194 -0.00492085 0.981394 -0.869659
-0.520597 -0.853423 -0.0254458 1.76007 0.833712 -0.514549 0.200411 3.00088 -0.184129 0.0831191 0.979381 -1.03577
-0.576111 -0.817032 -0.0235674 1.70954 0.79915 -0.569088 0.193647 3.47467 -0.171628 0.0927282 0.980788 -1.1328
-0.601542 -0.798506 0.0231227 1.45198 0.788572 -0.588934 0.176949 3.87257 -0.127677 0.124676 0.983948 -1.26179
-0.689299 -0.723889 0.0291838 1.01915 0.721447 -0.68218 0.118929 4.18554 -0.0661826 0.103032 0.992474 -1.23575
-0.80039 -0.593905 0.0815565 0.767647 0.599065 -0.797458 0.071985 4.36602 0.0222856 0.106474 0.994066 -1.25498
-0.862831 -0.472024 0.180874 0.498705 0.490138 -0.868752 0.0709571 4.68677 0.123641 0.149877 0.980943 -1.25802
-0.90654 -0.374363 0.195035 -0.00553589 0.401882 -0.906777 0.127457 4.78559 0.129138 0.193926 0.972479 -1.01279
-0.939703 -0.279432 0.197168 -0.361658 0.297794 -0.95206 0.0699988 5.05903 0.168156 0.124493 0.977868 -0.998851
-0.971916 -0.150215 0.181148 -0.709122 0.165848 -0.983341 0.0744024 5.27674 0.166954 0.102356 0.980637 -0.819693
-0.98029 -0.087659 0.177052 -1.12759 0.107518 -0.988551 0.105862 5.35628 0.165745 0.122812 0.978492 -0.75979
-0.988692 0.074012 0.13042 -1.6024 -0.0570108 -0.989928 0.129584 5.37873 0.138697 0.120684 0.982954 -0.621246
-0.976627 0.197515 0.0847741 -1.98974 -0.180361 -0.967613 0.176621 5.40335 0.116914 0.157203 0.980621 -0.51776
-0.929683 0.36371 0.0583483 -2.54371 -0.34884 -0.920182 0.177697 5.40427 0.118321 0.144848 0.982354 -0.457451
-0.867043 0.494912 0.0574323 -2.91143 -0.491379 -0.868469 0.065637 5.19593 0.0823627 0.0286891 0.996189 -0.53361
-0.800015 0.599947 0.00633321 -3.18623 -0.598694 -0.798946 0.0570137 4.95049 0.0392651 0.0418202 0.998353 -0.412572
-0.662756 0.746897 -0.0538502 -3.5682 -0.747816 -0.65639 0.0996187 4.70303 0.0390581 0.106293 0.993567 -0.475864
-0.583128 0.80968 -0.0661815 -3.92338 -0.811244 -0.57607 0.10013 4.39585 0.0429483 0.112078 0.992771 -0.412983
-0.509692 0.859702 -0.033565 -4.19519 -0.858163 -0.505221 0.0911511 4.15473 0.061405 0.0752632 0.995271 -0.390689
-0.448361 0.892789 -0.0435901 -4.66661 -0.89026 -0.441659 0.111243 3.56169 0.0800643 0.0886834 0.992837 -0.297195
-0.312328 0.949761 -0.0201305 -4.74117 -0.938766 -0.305328 0.159665 3.06141 0.145497 0.0687657 0.986966 -0.235998
-0.164139 0.986409 -0.00749485 -4.80488 -0.975792 -0.16125 0.147748 2.61788 0.144531 0.0315646 0.988997 -0.365791
-0.106582 0.994272 0.00790106 -4.92935 -0.99015 -0.106859 0.0904678 2.02742 0.0907939 0.00181903 0.995868 -0.433437
0.013789 0.999792 -0.0150076 -4.90387 -0.996836 0.0149201 0.0780673 1.62509 0.078275 0.0138837 0.996835 -0.348315
0.228126 0.973619 0.00496575 -4.99436 -0.973229 0.227882 0.0299148 1.16251 0.027994 -0.0116571 0.99954 -0.40598
0.291906 0.955114 -0.0504804 -4.78845 -0.955318 0.293718 0.0331171 0.504802 0.0464576 0.0385578 0.998176 -0.275803
0.336341 0.935032 -0.112209 -4.52553 -0.93683 0.344355 0.0613953 -0.136431 0.0960464 0.0844712 0.991786 -0.28029
0.454795 0.885085 -0.0989201 -4.29512 -0.878987 0.463965 0.110083 -0.685769 0.143328 0.0368844 0.988988 -0.25139
0.607653 0.788634 -0.0938878 -3.83711 -0.775645 0.614699 0.14325 -1.24836 0.170685 -0.0142229 0.985223 -0.258901
0.661817 0.744792 -0.0853376 -3.37362 -0.725945 0.66512 0.174986 -1.56149 0.187088 -0.0538586 0.980866 -0.196878
0.803782 0.574581 -0.154245 -3.03819 -0.564531 0.818447 0.107 -1.98088 0.187722 0.00107153 0.982222 -0.200998
0.893017 0.436833 -0.108156 -2.78739 -0.425431 0.897833 0.113593 -2.35122 0.146727 -0.0554275 0.987623 -0.375506
0.93116 0.341292 -0.1283 -2.32889 -0.331228 0.938895 0.0936178 -2.65913 0.152411 -0.0446766 0.987307 -0.248948
0.972782 0.193397 -0.127643 -1.80046 -0.177033 0.975697 0.129129 -2.9626 0.149514 -0.103017 0.983378 -0.214132
0.991146 -0.0157497 -0.131839 -1.19641 0.0358359 0.987822 0.151403 -3.08428 0.127849 -0.154787 0.979641 -0.0793914
0.989163 -0.112484 -0.0943618 -0.660521 0.120408 0.989252 0.0829622 -3.11134 0.0840156 -0.093425 0.992075 0.0132759
0.989753 -0.137755 -0.0375886 0.121358 0.140464 0.986615 0.0828249 -3.00833 0.0256759 -0.0872561 0.995855 -0.0571511
0.919173 -0.391982 0.0383663 0.816542 0.387864 0.917811 0.0847581 -3.04497 -0.0684367 -0.0630264 0.995663 0.118006
0.903512 -0.419924 0.0856125 1.7739 0.41823 0.907558 0.0377144 -2.72054 -0.0935355 0.00173028 0.995614 0.0893894
0.853305 -0.517066 0.0671824 2.26713 0.508393 0.853676 0.113016 -2.49638 -0.115789 -0.0622823 0.991319 -0.099797
0.786031 -0.616732 0.0423944 2.78855 0.60856 0.784023 0.122321 -2.14037 -0.108678 -0.0703488 0.991585 -0.149336
0.676846 -0.733419 0.0630654 3.30492 0.733312 0.679263 0.0292569 -1.81965 -0.0642955 0.0264441 0.99758 -0.268984
0.588087 -0.808706 0.012217 3.81473 0.808093 0.588138 0.0328604 -1.29066 -0.0337596 -0.00945233 0.999385 -0.422626
0.508523 -0.858937 0.0602581 4.30131 0.860022 0.510088 0.0131509 -0.730565 -0.0420327 0.0451357 0.998096 -0.35138
0.407016 -0.91243 0.0425279 4.60044 0.908739 0.409199 0.0821614 -0.189147 -0.0923689 0.00520575 0.995711 -0.434877
0.291906 -0.954188 0.0657045 4.83556 0.946428 0.298083 0.124182 0.478149 -0.138078 0.0259351 0.990082 -0.554012
0.146098 -0.984751 0.0944472 5.13762 0.982559 0.155546 0.101902 1.15508 -0.115039 0.0779122 0.990301 -0.708684
0.0101102 -0.999562 0.0278148 5.12484 0.993734 0.0131401 0.111 1.63414 -0.111317 0.0265183 0.993431 -0.84382
-0.0618165 -0.99539 0.0733363 5.09196 0.991036 -0.052495 0.12285 2.44241 -0.118434 0.0802731 0.989712 -0.905126
-0.119242 -0.989012 0.0873927 5.03493 0.981091 -0.103855 0.163322 3.14706 -0.152451 0.105215 0.982695 -1.08205
-0.290367 -0.954744 0.0644307 4.85618 0.938677 -0.271103 0.213046 3.7872 -0.185937 0.122341 0.974916 -1.11285
-0.31797 -0.945802 0.0659762 4.47634 0.930455 -0.297932 0.213285 4.56388 -0.182069 0.129206 0.97476 -1.30331
-0.465186 -0.882119 0.0739495 4.04678 0.870949 -0.441153 0.216409 5.10953 -0.158275 0.165076 0.973498 -1.46477
-0.639461 -0.758779 0.123868 3.81806 0.763111 -0.606816 0.222341 5.67846 -0.0935427 0.236704 0.967068 -1.5855
-0.712291 -0.684921 0.153378 3.17882 0.701315 -0.685721 0.19479 6.26186 -0.0282418 0.246314 0.968779 -1.54622
-0.797662 -0.568475 0.201425 2.46342 0.600168 -0.781119 0.172196 6.73817 0.0594478 0.258243 0.964249 -1.68974
-0.857459 -0.466166 0.217837 1.86548 0.500327 -0.854209 0.141423 7.14727 0.120151 0.230254 0.965685 -1.7721
-0.907096 -0.373277 0.194528 1.20205 0.398597 -0.910263 0.111988 7.5452 0.135269 0.179122 0.974483 -1.6883
-0.945703 -0.254759 0.201852 0.502121 0.282769 -0.951082 0.124442 7.95084 0.160275 0.174762 0.971478 -1.54813
-0.964941 -0.187937 0.183215 -0.397237 0.216948 -0.963998 0.153757 8.25092 0.147722 0.188115 0.970974 -1.24458
-0.971927 0.112531 0.206627 -0.989777 -0.0816098 -0.984924 0.152524 8.35915 0.220676 0.131379 0.966458 -1.17386
-0.981559 0.107917 0.157785 -1.87185 -0.0837681 -0.98476 0.152416 8.40692 0.171829 0.136388 0.97564 -1.12849
-0.971704 0.224673 0.0728953 -2.66951 -0.210892 -0.96422 0.160638 8.38187 0.106378 0.14072 0.984318 -1.0141
-0.928867 0.363464 0.0714098 -3.58823 -0.35269 -0.926753 0.129381 8.15454 0.113204 0.0949918 0.98902 -0.751888
-0.887409 0.459857 0.0321935 -4.32176 -0.450543 -0.879973 0.150527 7.89527 0.0975505 0.119075 0.988082 -0.643558
-0.828179 0.560253 -0.0153629 -5.03298 -0.558947 -0.823613 0.0961263 7.50313 0.041202 0.0881968 0.995251 -0.712369
-0.728388 0.683018 -0.0542071 -5.74636 -0.685165 -0.726205 0.0563551 6.89093 -0.000873936 0.0781891 0.996938 -0.799659
-0.638766 0.761756 -0.108191 -6.37045 -0.769297 -0.630022 0.10609 6.20368 0.0126515 0.150998 0.988453 -0.811
-0.491992 0.866986 -0.0792352 -6.82085 -0.869212 -0.484032 0.100915 5.70554 0.0491394 0.118521 0.991735 -0.748986
-0.342663 0.933366 -0.106822 -7.19932 -0.937984 -0.333538 0.0945438 4.98949 0.0526148 0.132594 0.989773 -0.616885
-0.255538 0.959468 -0.118831 -7.55005 -0.963525 -0.242635 0.112904 4.03905 0.0794952 0.143348 0.986475 -0.601162
-0.196608 0.976429 -0.089063 -7.83851 -0.977462 -0.188067 0.0959152 3.14581 0.0769046 0.105913 0.991397 -0.494969
-0.0447036 0.98841 -0.145076 -7.98848 -0.994087 -0.0296263 0.104471 2.32272 0.0989623 0.148888 0.98389 -0.530074
0.0934043 0.986545 -0.134184 -8.05923 -0.995428 0.0952392 0.0073069 1.56299 0.0199882 0.132888 0.990929 -0.349849
0.244676 0.96391 -0.104938 -7.83175 -0.96949 0.244878 -0.0111599 0.519388 0.0149398 0.104467 0.994416 -0.500818
0.302283 0.941256 -0.150537 -7.57641 -0.953205 0.299304 -0.0426231 -0.366382 0.00493708 0.156377 0.987685 -0.410432
0.397453 0.911431 -0.106421 -7.26285 -0.916213 0.400591 0.00901921 -1.21708 0.0508518 0.0939198 0.99428 -0.440692
0.566215 0.81314 -0.134922 -6.92001 -0.816135 0.575997 0.0463878 -2.10929 0.115435 0.0838493 0.98977 -0.489249
0.601758 0.770877 -0.20889 -6.27303 -0.779762 0.623642 0.0551642 -3.09626 0.172797 0.129689 0.976382 -0.495849
0.697965 0.696706 -0.165665 -5.53865 -0.690027 0.71617 0.104703 -3.74235 0.191592 0.041234 0.980608 -0.299671
0.764398 0.633677 -0.11895 -4.83871 -0.62278 0.773428 0.11813 -4.43386 0.166856 -0.016219 0.985848 -0.342298
0.867813 0.474056 -0.148899 -4.13158 -0.472658 0.879995 0.0469302 -5.05591 0.153278 0.0296516 0.987738 -0.221035
0.92897 0.347222 -0.128262 -3.22996 -0.34498 0.937756 0.0400253 -5.49664 0.134176 0.00706538 0.990932 -0.164764
0.962392 0.236257 -0.134109 -2.17938 -0.231829 0.971574 0.0479555 -5.94716 0.141626 -0.0150618 0.989806 0.0184566
0.987914 0.0723511 -0.137079 -1.22533 -0.0688142 0.997167 0.0303737 -6.07942 0.138889 -0.0205736 0.990094 0.048819
0.995487 -0.0280591 -0.0906576 -0.255695 0.0300273 0.99934 0.0204202 -6.14884 0.0900248 -0.0230502 0.995673 0.229449
0.982845 -0.167784 -0.0765743 0.813185 0.171961 0.98375 0.0516287 -5.99274 0.0666675 -0.0639108 0.995726 0.274859
0.956191 -0.291005 0.0318457 1.96409 0.285104 0.950403 0.124296 -5.80161 -0.066437 -0.109771 0.991734 0.188985
0.899722 -0.40839 0.154006 2.91098 0.402464 0.912807 0.0693191 -5.52743 -0.168887 -0.000385932 0.985635 0.22427
0.86883 -0.467641 0.162625 3.84254 0.469422 0.882474 0.0297187 -5.13397 -0.15741 0.0505191 0.98624 -0.0945126
0.792887 -0.596637 0.123913 4.72927 0.59895 0.80049 0.0218075 -4.53631 -0.112202 0.0569268 0.992053 -0.0258688
0.759133 -0.645574 0.0833761 5.5312 0.646866 0.762473 0.0141047 -3.84467 -0.0726777 0.0432258 0.996418 -0.354089
0.666059 -0.742507 0.0710591 6.21882 0.743286 0.668674 0.0200253 -3.10873 -0.0623843 0.0394792 0.997271 -0.547267
0.526489 -0.842453 0.114377 6.83911 0.846559 0.531886 0.0208487 -2.29258 -0.0783994 0.0858499 0.993219 -0.640812
0.434046 -0.891895 0.126993 7.29005 0.896607 0.441399 0.0355322 -1.42024 -0.0877455 0.0984402 0.991267 -0.789148
0.254087 -0.954737 0.154652 7.76708 0.964805 0.261404 0.0286278 -0.496509 -0.0677586 0.141935 0.987554 -0.893696
0.182457 -0.973824 0.135557 8.09915 0.980118 0.191077 0.0534553 0.642324 -0.077958 0.123109 0.989326 -0.988028
-0.0403165 -0.989091 0.141678 8.20354 0.993944 -0.0251929 0.106963 1.54725 -0.102227 0.145133 0.984117 -1.08112
-0.142328 -0.973541 0.178776 8.23878 0.986824 -0.125523 0.102092 2.48668 -0.0769502 0.190951 0.978579 -1.3565
-0.292868 -0.945605 0.14163 8.11323 0.949271 -0.269812 0.161512 3.55507 -0.114513 0.181747 0.976655 -1.47372
-0.383744 -0.897594 0.216946 7.80762 0.916149 -0.340596 0.21134 4.6368 -0.115806 0.279855 0.953032 -1.55911
-0.498089 -0.858093 0.124832 7.32145 0.860087 -0.470595 0.196953 5.61598 -0.110259 0.205466 0.972433 -1.85321
-0.617337 -0.780214 0.100801 6.73495 0.778407 -0.58724 0.221884 6.49325 -0.113923 0.215442 0.969849 -2.12221
-0.674933 -0.731054 0.100126 6.16284 0.728804 -0.639251 0.245362 7.50694 -0.115367 0.238576 0.964247 -2.32476
-0.748672 -0.641458 0.1674 5.28957 0.659958 -0.697221 0.279889 8.28924 -0.0628222 0.320022 0.945325 -2.38961
-0.768874 -0.612343 0.184034 4.25683 0.639252 -0.729967 0.241879 9.0208 -0.0137742 0.303619 0.952694 -2.52788
-0.852643 -0.496142 0.16384 3.35538 0.520933 -0.831446 0.193201 9.76794 0.0403683 0.250081 0.967383 -2.53663
-0.902358 -0.361176 0.235164 2.32502 0.410982 -0.885404 0.217149 10.3748 0.129786 0.292594 0.947388 -2.44908
-0.9469 -0.200369 0.251461 1.21948 0.256738 -0.941995 0.216173 10.915 0.19356 0.269254 0.943418 -2.19747
-0.97468 -0.143501 0.171484 0.137011 0.183655 -0.951231 0.247851 11.0798 0.127554 0.273069 0.953501 -1.85516
-0.977044 0.0027428 0.213022 -1.21451 0.067639 -0.944187 0.32239 11.2892 0.202017 0.329397 0.922327 -1.58635
-0.985006 0.105119 0.136796 -2.31363 -0.0678132 -0.965018 0.253263 11.4033 0.158633 0.240189 0.957677 -1.42854
-0.951949 0.297943 0.0708768 -3.42297 -0.271806 -0.928568 0.252752 11.3725 0.14112 0.221342 0.964932 -1.33458
-0.921176 0.3873 0.0378658 -4.65756 -0.372415 -0.905611 0.202917 11.0229 0.112881 0.17282 0.978464 -1.13923
-0.826615 0.559423 -0.0612626 -5.73335 -0.561246 -0.811485 0.162771 10.6491 0.0413442 0.168932 0.98476 -1.04775
-0.806487 0.573029 -0.145662 -6.76039 -0.588793 -0.800826 0.109551 9.96577 -0.0538741 0.174116 0.98325 -0.940578
-0.685194 0.705615 -0.1806 -7.70495 -0.725302 -0.683709 0.0804976 9.19906 -0.0666773 0.186146 0.980257 -1.01503
-0.626637 0.756664 -0.186509 -8.60051 -0.778852 -0.616286 0.116542 8.10343 -0.02676 0.218293 0.975516 -1.24913
-0.523077 0.840862 -0.139077 -9.32814 -0.851783 -0.510159 0.11918 7.22297 0.0292619 0.180804 0.983084 -1.25305
-0.430891 0.875317 -0.219437 -9.98949 -0.89984 -0.398453 0.177547 6.07288 0.0679742 0.273962 0.959335 -1.18385
-0.315106 0.920752 -0.230051 -10.6009 -0.948661 -0.298585 0.104354 4.90607 0.0273943 0.251123 0.967568 -1.05536
-0.140489 0.945957 -0.29228 -10.8414 -0.98865 -0.11816 0.0927901 3.76457 0.0532397 0.301999 0.951821 -1.05749
-0.0527414 0.976393 -0.209464 -11.0372 -0.993264 -0.0296199 0.112026 2.39776 0.103177 0.213962 0.971378 -0.995839
0.0894111 0.960597 -0.26317 -10.9594 -0.995665 0.0929998 0.00118483 1.28095 0.0256129 0.261924 0.964749 -0.770946
0.270922 0.946911 -0.173092 -10.8314 -0.962598 0.266054 -0.0511819 -0.12005 -0.002413 0.180484 0.983575 -0.914568
0.3994 0.898684 -0.181235 -10.5267 -0.916588 0.38743 -0.0988129 -1.29086 -0.0185856 0.205584 0.978463 -1.00963
0.499698 0.846646 -0.183013 -9.97815 -0.866131 0.491042 -0.093245 -2.57425 0.0109214 0.205107 0.978679 -0.990616
0.572839 0.803601 -0.161496 -9.36889 -0.813668 0.581294 0.0063629 -3.81505 0.09899 0.127759 0.986853 -0.996991
0.658224 0.719694 -0.220866 -8.61838 -0.7404 0.671952 -0.0169765 -4.91691 0.136193 0.174704 0.975156 -0.842396
0.75704 0.628151 -0.179769 -7.68804 -0.644615 0.762957 -0.0486595 -5.95175 0.10659 0.152719 0.982505 -0.570988
0.850966 0.509713 -0.126686 -6.66967 -0.514609 0.857396 -0.00701044 -6.91705 0.105046 0.0711591 0.991918 -0.473751
0.886289 0.435475 -0.157649 -5.4599 -0.446346 0.89397 -0.0398973 -7.63142 0.123559 0.105727 0.986689 -0.345912
0.937746 0.332923 -0.0989667 -4.28887 -0.334398 0.94243 0.00178286 -8.35277 0.0938628 0.0314223 0.995089 -0.183258
0.957123 0.265985 -0.114747 -2.83242 -0.272367 0.961197 -0.0437871 -8.84661 0.0986477 0.073163 0.992429 -0.04342
0.985639 0.0927243 -0.141134 -1.62542 -0.106858 0.98962 -0.0960924 -9.17819 0.130759 0.109794 0.985316 0.0760494
0.993998 0.00883441 -0.109044 -0.21996 -0.0188973 0.995617 -0.0915972 -9.21779 0.107757 0.0931081 0.989808 0.192948
0.991309 -0.129306 -0.0242139 1.26359 0.126269 0.986876 -0.100656 -9.04456 0.0369115 0.0967239 0.994627 0.32885
0.966447 -0.228286 0.117757 2.68333 0.235066 0.970835 -0.0471431 -8.82161 -0.103561 0.073242 0.991923 0.337716
0.911872 -0.333064 0.239914 4.03929 0.349324 0.936599 -0.0274714 -8.23714 -0.215553 0.108858 0.970405 0.113459
0.842162 -0.482636 0.240468 5.28438 0.509208 0.858536 -0.0601945 -7.74675 -0.177399 0.173142 0.968789 -0.203881
0.778579 -0.589991 0.213835 6.46053 0.605514 0.795783 -0.00904901 -6.96892 -0.164827 0.136525 0.976828 -0.369409
0.719992 -0.672639 0.170788 7.52554 0.686477 0.726398 -0.0331073 -6.00768 -0.101791 0.141079 0.984751 -0.637172
0.614874 -0.776699 0.136636 8.46861 0.782941 0.621975 0.0122716 -5.0996 -0.0945154 0.0994323 0.990545 -0.832321
0.434158 -0.883603 0.175363 9.40159 0.896393 0.443064 0.0132091 -4.03962 -0.0893684 0.151459 0.984415 -1.06029
0.413235 -0.883897 0.219004 10.0201 0.9038 0.427489 0.019977 -2.66357 -0.11128 0.189681 0.975519 -1.17316
0.292569 -0.933378 0.207868 10.588 0.945988 0.314263 0.0796639 -1.26525 -0.139682 0.173334 0.974907 -1.4382
0.159631 -0.958324 0.236924 11.0786 0.978507 0.185343 0.0904023 0.0609886 -0.130547 0.217401 0.967313 -1.41896
-0.012736 -0.969457 0.244931 11.2138 0.990417 0.0214577 0.136431 1.48316 -0.13752 0.244321 0.959893 -1.5559
-0.112254 -0.973822 0.197662 11.1368 0.981893 -0.0781581 0.172563 2.85383 -0.152597 0.213453 0.964962 -1.90474
-0.270726 -0.942505 0.19594 11.0243 0.941396 -0.216665 0.258513 4.31585 -0.201197 0.254443 0.945927 -2.17473
-0.388299 -0.889603 0.240479 10.5348 0.901322 -0.31227 0.300177 5.66575 -0.191944 0.333307 0.923073 -2.34556
-0.526887 -0.83267 0.170442 9.95751 0.839536 -0.478593 0.257154 7.04243 -0.132552 0.278584 0.951221 -2.65046
-0.61109 -0.767951 0.191886 9.20666 0.78041 -0.543963 0.308326 8.23355 -0.132401 0.338165 0.931727 -2.95806
-0.686198 -0.704539 0.180988 8.29753 0.724919 -0.641744 0.250314 9.40623 -0.0602081 0.302966 0.951097 -3.241
-0.819634 -0.542633 0.183709 7.19887 0.572788 -0.77024 0.280437 10.4535 -0.0106746 0.335082 0.942129 -3.5456
-0.809442 -0.563046 0.16668 6.0404 0.586306 -0.759309 0.282304 11.4264 -0.032388 0.326234 0.944734 -3.48518
-0.866443 -0.44351 0.229295 4.73797 0.495871 -0.817967 0.291619 12.2757 0.0582195 0.366372 0.928645 -3.43351
-0.923959 -0.264017 0.276757 3.39447 0.346589 -0.883965 0.313818 13.0461 0.16179 0.385876 0.908253 -3.43591
-0.93682 -0.156454 0.312875 1.89291 0.264874 -0.90148 0.342309 13.674 0.228495 0.403555 0.885965 -3.19614
-0.975483 -0.0332124 0.217554 0.485045 0.113209 -0.923451 0.366635 14.0945 0.188724 0.382276 0.904571 -2.84661
-0.987718 -0.00280199 0.156222 -1.16976 0.0618836 -0.925092 0.374667 14.1404 0.14347 0.379733 0.913903 -2.62898
-0.978685 0.115071 0.170099 -2.70921 -0.0382115 -0.915844 0.399711 14.3076 0.201779 0.384692 0.900721 -2.40084
-0.972223 0.233556 0.0152817 -4.32016 -0.210799 -0.902126 0.376474 14.2195 0.101714 0.362795 0.926301 -2.10743
-0.937892 0.343818 -0.0463487 -5.79953 -0.336691 -0.869842 0.360576 13.756 0.0836565 0.353786 0.931578 -1.80791
-0.871092 0.462476 -0.16527 -7.37623 -0.490625 -0.834555 0.250609 13.1977 -0.0220259 0.29939 0.953877 -1.61684
-0.743777 0.604783 -0.284662 -8.49747 -0.663744 -0.718568 0.207615 12.3521 -0.0789871 0.343362 0.935876 -1.63425
-0.686245 0.654517 -0.317293 -9.84385 -0.720621 -0.671069 0.174276 11.2148 -0.0988587 0.348244 0.932177 -1.80079
-0.591396 0.762757 -0.261634 -10.9118 -0.803226 -0.585887 0.107537 10.0498 -0.071263 0.273748 0.959158 -1.95401
-0.557539 0.788357 -0.260085 -11.9785 -0.829798 -0.520113 0.20228 8.63765 0.0241951 0.328597 0.94416 -2.00833
-0.4341 0.855663 -0.281775 -12.8449 -0.899887 -0.397306 0.179864 7.22049 0.0419522 0.331645 0.942471 -2.09126
-0.275207 0.914773 -0.295722 -13.3808 -0.960858 -0.25154 0.116098 5.80588 0.0318169 0.316098 0.948193 -1.93799
-0.0635539 0.940838 -0.332843 -13.7922 -0.997763 -0.0529678 0.0407926 4.15623 0.0207492 0.334691 0.942099 -1.88389
-0.0520251 0.94167 -0.332492 -13.9476 -0.996664 -0.0279952 0.0766613 2.41449 0.0628815 0.335371 0.939985 -1.83847
0.102646 0.941466 -0.321101 -13.8371 -0.99289 0.116532 0.0242752 0.934686 0.0602729 0.316326 0.946734 -1.76652
0.302625 0.9062 -0.29533 -13.8009 -0.952636 0.297354 -0.0637582 -0.808587 0.0300398 0.300637 0.953265 -1.63109
0.385926 0.883724 -0.264749 -13.2187 -0.921472 0.383006 -0.0647726 -2.32342 0.0441592 0.268956 0.96214 -1.68261
0.484333 0.842562 -0.235606 -12.5685 -0.872849 0.483712 -0.0644834 -4.01183 0.0596339 0.23688 0.969707 -1.67749
0.589326 0.77278 -0.235595 -11.6967 -0.798154 0.602063 -0.021693 -5.57251 0.125079 0.200825 0.971609 -1.55093
0.624782 0.757792 -0.188144 -10.6468 -0.775922 0.629476 -0.0413005 -6.95346 0.0871347 0.171789 0.981273 -1.42842
0.74801 0.641707 -0.169393 -9.61399 -0.658444 0.749542 -0.0681054 -8.26165 0.0832634 0.162479 0.983193 -1.13765
0.797569 0.578675 -0.170351 -8.16679 -0.593764 0.802929 -0.0524321 -9.46328 0.106439 0.142967 0.983987 -0.823209
0.862915 0.475229 -0.171859 -6.76442 -0.495307 0.862818 -0.101079 -10.3465 0.100247 0.172346 0.979922 -0.756489
0.95643 0.273839 -0.101261 -5.24766 -0.282846 0.955044 -0.0888191 -11.2218 0.0723862 0.11359 0.990887 -0.546242
0.948633 0.279398 -0.148435 -3.67697 -0.297994 0.946669 -0.122547 -11.8285 0.106279 0.160485 0.9813 -0.399744
0.992965 0.0624549 -0.100597 -1.95394 -0.0761798 0.987365 -0.138951 -12.1149 0.0906479 0.145637 0.985177 -0.313118
0.997438 0.036977 -0.0612461 -0.190173 -0.0479318 0.980927 -0.188374 -12.2101 0.0531125 0.190827 0.980186 -0.207467
0.991806 -0.126342 0.0189568 1.72099 0.127424 0.967578 -0.218075 -12.0068 0.00920984 0.218703 0.975748 -0.116784
0.952838 -0.270312 0.137956 3.43149 0.285647 0.952358 -0.106861 -11.7793 -0.102497 0.141228 0.984657 -0.10254
0.894339 -0.385755 0.226608 5.15134 0.426159 0.888717 -0.16903 -11.0751 -0.136186 0.247741 0.959207 -0.297043
0.857296 -0.470969 0.207924 6.75912 0.500143 0.857664 -0.119454 -10.324 -0.12207 0.206399 0.970824 -0.70817
0.794064 -0.541893 0.275344 8.3815 0.584662 0.804816 -0.10218 -9.34995 -0.166231 0.24212 0.9559 -0.818019
0.691673 -0.683507 0.233253 9.54774 0.709384 0.70358 -0.0418399 -8.30156 -0.135514 0.194405 0.971516 -1.09956
0.635384 -0.734599 0.238015 10.8948 0.766713 0.636822 -0.0812925 -6.95372 -0.0918558 0.234141 0.967854 -1.2839
0.503113 -0.823127 0.263324 12.0954 0.854336 0.519661 -0.00790489 -5.42201 -0.130332 0.228944 0.964675 -1.47792
0.383292 -0.873551 0.299994 12.8423 0.915121 0.403151 0.00471439 -3.92093 -0.125061 0.272724 0.953929 -1.83339
0.249853 -0.928413 0.274995 13.4329 0.964944 0.262305 0.00884992 -2.23772 -0.0803491 0.263144 0.961405 -2.01451
0.115334 -0.968614 0.220192 13.925 0.987503 0.135774 0.0800205 -0.502475 -0.107405 0.208211 0.972169 -2.26833
-0.0509802 -0.963482 0.262876 14.2096 0.989743 -0.013568 0.142215 1.24194 -0.133455 0.267429 0.954291 -2.48877
-0.18355 -0.948415 0.258491 14.1436 0.975006 -0.142158 0.17075 3.07754 -0.125195 0.283371 0.950803 -2.61641
-0.275007 -0.927701 0.252473 13.7438 0.940776 -0.205498 0.269651 4.99344 -0.198273 0.311676 0.929272 -2.9695
-0.342773 -0.891954 0.294831 13.266 0.914591 -0.245176 0.321578 6.65332 -0.214548 0.379878 0.899812 -3.27472
-0.482274 -0.84876 0.216836 12.4894 0.863343 -0.418546 0.281885 8.35953 -0.148497 0.323149 0.934625 -3.67593
-0.591069 -0.781013 0.201633 11.5368 0.785709 -0.500918 0.362963 9.86609 -0.182477 0.372961 0.909727 -4.04135
-0.668948 -0.719476 0.186717 10.32 0.731787 -0.593405 0.3352 11.2541 -0.130369 0.360868 0.92346 -4.38769
-0.760987 -0.632329 0.145116 8.8715 0.640781 -0.697587 0.32058 12.7111 -0.101481 0.336945 0.936039 -4.61016
-0.851203 -0.463577 0.246068 7.68892 0.523856 -0.779081 0.344394 13.8328 0.032054 0.422054 0.906004 -4.79122
-0.861527 -0.44268 0.248606 6.04444 0.505392 -0.794494 0.336687 14.8074 0.0484713 0.415709 0.908205 -4.70828
-0.891449 -0.380012 0.246798 4.16924 0.44529 -0.835517 0.321912 15.7702 0.0838734 0.396865 0.914037 -4.59666
-0.93737 -0.289195 0.194175 2.51829 0.340459 -0.8785 0.335149 16.4636 0.0736598 0.380267 0.921939 -4.37176
-0.982233 -0.11997 0.144311 0.650114 0.166286 -0.912835 0.372936 16.9213 0.0869914 0.390307 0.916566 -4.09324
-0.989766 0.0319863 0.139072 -1.32115 0.034879 -0.890773 0.453108 17.0308 0.138375 0.453322 0.880541 -3.80027
-0.971566 0.194532 0.13497 -3.11752 -0.106195 -0.867524 0.485927 17.0628 0.211618 0.457777 0.863515 -3.77243
-0.967667 0.238173 0.0830338 -5.03007 -0.159552 -0.832956 0.529837 16.8975 0.195356 0.499457 0.844025 -3.35223
-0.919273 0.378508 -0.108021 -6.93163 -0.375843 -0.762513 0.526609 16.5367 0.116958 0.524697 0.843217 -2.9465
-0.848045 0.442308 -0.291861 -8.74085 -0.528342 -0.74824 0.401237 15.6977 -0.0409121 0.49447 0.868231 -2.692
-0.76111 0.552795 -0.339306 -10.333 -0.64763 -0.676602 0.350408 14.5518 -0.035872 0.486444 0.872975 -2.80443
-0.670499 0.662514 -0.333925 -11.8331 -0.740384 -0.626366 0.243919 13.1432 -0.0475602 0.41078 0.910493 -2.90419
-0.579036 0.763919 -0.284859 -13.1584 -0.814781 -0.554684 0.168694 11.818 -0.029138 0.329778 0.943609 -3.05957
-0.51766 0.788453 -0.33222 -14.515 -0.855385 -0.485358 0.180952 10.1076 -0.0185733 0.377847 0.925682 -3.11826
-0.386756 0.854795 -0.346041 -15.4642 -0.921649 -0.345528 0.176561 8.45298 0.0313567 0.387215 0.921456 -3.06389
-0.24145 0.905164 -0.349829 -16.0998 -0.969996 -0.214547 0.114358 6.62334 0.0284579 0.366944 0.929807 -3.05855
-0.103819 0.917064 -0.384988 -16.6276 -0.993812 -0.0802874 0.0767512 4.46027 0.0394761 0.390574 0.919725 -3.02459
-0.0422352 0.930437 -0.364009 -16.7712 -0.997423 -0.0181187 0.0694161 2.44206 0.057992 0.366002 0.928805 -2.87578
0.089078 0.928884 -0.3595 -16.6513 -0.99063 0.120139 0.0649569 0.437925 0.103527 0.350345 0.930881 -2.70648
0.228895 0.918482 -0.322487 -16.4435 -0.971596 0.236002 -0.0174589 -1.69648 0.0600717 0.317323 0.946413 -2.6209
0.351251 0.891884 -0.284897 -16.0107 -0.933196 0.358176 -0.0292525 -3.47387 0.0759536 0.27614 0.958112 -2.59285
0.461821 0.843809 -0.273329 -15.0409 -0.884559 0.46087 -0.071786 -5.52739 0.0653957 0.274928 0.959238 -2.38293
0.537435 0.802206 -0.260056 -14.2217 -0.837685 0.54338 -0.0549807 -7.24358 0.0972031 0.247393 0.964027 -2.27612
0.676023 0.688363 -0.26296 -13.0209 -0.726082 0.683127 -0.0783728 -8.86318 0.125686 0.243913 0.961618 -2.16432
0.751442 0.592339 -0.290636 -11.6051 -0.63192 0.772799 -0.0588132 -10.3769 0.189766 0.227854 0.955024 -1.82759
0.824583 0.508597 -0.247773 -10.0026 -0.549423 0.824342 -0.136362 -11.8182 0.134896 0.248574 0.959174 -1.36439
0.873682 0.457684 -0.16494 -8.31051 -0.480784 0.864093 -0.148966 -12.9996 0.0743444 0.209449 0.974989 -1.34682
0.931127 0.33947 -0.133274 -6.30685 -0.359616 0.91543 -0.180733 -14.0941 0.0606492 0.216212 0.974461 -1.35677
0.955721 0.252795 -0.150639 -4.35441 -0.282509 0.931483 -0.229191 -14.6396 0.0823788 0.2616 0.961655 -1.13934
0.986618 0.136525 -0.0891443 -2.26639 -0.160329 0.911806 -0.378028 -15.1756 0.0296721 0.387261 0.921492 -0.832132
0.99966 -0.0259995 -0.00199688 -0.178493 0.0245472 0.96412 -0.264331 -15.3235 0.00879771 0.264192 0.96443 -0.845815
0.977622 -0.204162 0.0507314 2.02089 0.209919 0.930944 -0.298792 -15.0415 0.0137738 0.302755 0.952969 -0.785585
0.944461 -0.294057 0.146712 4.24987 0.321683 0.918539 -0.229796 -14.6182 -0.0671875 0.264228 0.962117 -0.860809
0.907511 -0.379978 0.179 6.35866 0.410018 0.893898 -0.181197 -13.8371 -0.0911566 0.237831 0.96702 -1.11371
0.862049 -0.477864 0.168872 8.27978 0.498888 0.858796 -0.116531 -12.8564 -0.0893407 0.184704 0.978725 -1.35498
0.797173 -0.562783 0.21861 10.0148 0.597812 0.786433 -0.155383 -11.7114 -0.0844746 0.254555 0.963362 -1.69895
0.724358 -0.650575 0.22816 11.6275 0.674997 0.736586 -0.0426697 -10.4288 -0.1403 0.184916 0.972688 -1.80361
0.578365 -0.764821 0.283799 13.1786 0.810591 0.57796 -0.0943662 -9.02907 -0.0918514 0.284623 0.954229 -1.99015
0.498748 -0.79851 0.337095 14.4895 0.85839 0.508928 -0.0644827 -7.01218 -0.120067 0.321519 0.93926 -2.29694
0.392664 -0.844423 0.364368 15.6175 0.911579 0.409832 -0.0325837 -5.06281 -0.121815 0.344945 0.930685 -2.68968
0.309811 -0.89631 0.317247 16.2744 0.946267 0.323199 -0.0109615 -3.00922 -0.0927092 0.303597 0.94828 -2.88636
0.173861 -0.905059 0.388125 16.853 0.981136 0.193025 0.0106091 -0.879307 -0.0845196 0.378959 0.921546 -3.03339
0.0152232 -0.953538 0.300889 17.1486 0.991788 0.0526172 0.116569 1.19579 -0.126985 0.296643 0.946508 -3.30443
-0.11043 -0.949254 0.294488 17.053 0.985217 -0.0655069 0.158291 3.4298 -0.130967 0.307614 0.942455 -3.53849
-0.238563 -0.938786 0.248532 16.6283 0.939997 -0.158948 0.301897 5.45229 -0.243913 0.30564 0.920375 -3.93244
-0.441215 -0.838887 0.318745 16.0436 0.883042 -0.342559 0.320765 7.44862 -0.159897 0.422992 0.891914 -4.41685
-0.499654 -0.822686 0.271171 15.0498 0.855028 -0.418234 0.306607 9.4543 -0.138829 0.385056 0.912392 -4.91791
-0.626332 -0.735081 0.259547 13.8337 0.769245 -0.52881 0.35864 11.2764 -0.126378 0.424283 0.896668 -5.33306
-0.719224 -0.633314 0.28571 12.5482 0.692803 -0.622748 0.363605 13.0182 -0.0523508 0.459454 0.886657 -5.58662
-0.73248 -0.634542 0.246636 10.9125 0.672785 -0.619305 0.404749 14.6985 -0.104088 0.462404 0.880539 -5.67485
-0.789728 -0.568816 0.229735 9.09259 0.608941 -0.681507 0.40588 16.0727 -0.0743057 0.46043 0.884581 -5.97485
-0.885062 -0.41586 0.209108 7.35159 0.465374 -0.79985 0.379034 17.2927 0.00962991 0.432782 0.901447 -6.02828
-0.930708 -0.323974 0.169774 5.27403 0.36423 -0.863369 0.349185 18.2843 0.0334505 0.386826 0.921546 -5.81458
-0.971052 -0.204459 0.123506 3.2304 0.235399 -0.906897 0.349463 19.1627 0.0405559 0.36842 0.928774 -5.73503
-0.989842 -0.0854696 0.113614 1.03673 0.122668 -0.917408 0.378571 19.694 0.0718743 0.388662 0.918573 -5.51153
-0.998017 0.0296446 0.0555309 -1.42 -0.00199211 -0.896599 0.442838 19.7653 0.0629168 0.441849 0.89488 -5.39868
-0.988576 0.144126 0.0440928 -3.61838 -0.103798 -0.863145 0.494172 19.6463 0.109282 0.48395 0.868245 -5.14602
-0.976408 0.215656 -0.0109096 -6.03596 -0.191609 -0.842024 0.504263 19.4296 0.0995611 0.494457 0.863481 -4.96086
-0.918465 0.385346 -0.089053 -8.02253 -0.376758 -0.783972 0.493398 18.9041 0.120314 0.48672 0.865233 -4.69757
-0.864443 0.479823 -0.150027 -10.1137 -0.493841 -0.75459 0.432105 17.8296 0.0941251 0.44762 0.889256 -4.43676
-0.799103 0.544174 -0.255555 -12.1638 -0.601174 -0.72677 0.332258 16.5753 -0.0049232 0.419141 0.907908 -4.24814
-0.690607 0.635637 -0.345004 -13.9174 -0.716253 -0.667211 0.204476 15.1576 -0.100218 0.388323 0.916058 -4.2754
-0.610438 0.722131 -0.325412 -15.5105 -0.79115 -0.575634 0.206707 13.4378 -0.0380484 0.383631 0.922702 -4.2618
-0.48773 0.791273 -0.368791 -16.9424 -0.872953 -0.446188 0.197155 11.4927 -0.00854688 0.418095 0.908363 -4.42514
-0.342219 0.811181 -0.474207 -18.1642 -0.939549 -0.301623 0.162084 9.45403 -0.0115527 0.501009 0.865365 -4.26942
-0.220258 0.84525 -0.486866 -18.7934 -0.974974 -0.175321 0.136702 7.19291 0.0301894 0.504792 0.862713 -4.32298
-0.137402 0.892649 -0.429301 -19.2513 -0.988267 -0.0943595 0.120102 4.83736 0.0667005 0.440766 0.89514 -4.369
-0.0378355 0.898244 -0.437866 -19.4808 -0.98978 0.0266023 0.140098 2.45356 0.137491 0.438692 0.888057 -4.20959
0.0822823 0.918015 -0.387915 -19.4706 -0.988391 0.125052 0.0862882 0.0605232 0.127723 0.376312 0.917647 -3.94373
0.22385 0.908265 -0.353477 -19.174 -0.964125 0.259451 0.0561028 -2.3418 0.142666 0.328238 0.933759 -3.81097
0.370913 0.861815 -0.345974 -18.6242 -0.911629 0.408934 0.0413054 -4.57919 0.177078 0.300079 0.937334 -3.5539
0.418988 0.857544 -0.298443 -17.5799 -0.90037 0.434886 -0.0144439 -6.86251 0.117402 0.274761 0.954318 -3.30573
0.576147 0.75581 -0.311138 -16.6111 -0.807006 0.586389 -0.0699222 -8.94222 0.1296 0.291375 0.947789 -3.12552
0.650116 0.698091 -0.300029 -15.1123 -0.754114 0.641155 -0.142243 -10.9907 0.0930661 0.31873 0.943265 -2.80459
0.733583 0.605952 -0.307699 -13.4724 -0.665019 0.733335 -0.14131 -12.7721 0.14002 0.308289 0.940932 -2.62807
0.82036 0.515124 -0.248307 -11.6219 -0.561286 0.808404 -0.177314 -14.4452 0.109394 0.284833 0.952315 -2.25156
0.889158 0.414197 -0.194523 -9.58617 -0.449644 0.869755 -0.203341 -15.6686 0.0849645 0.268268 0.95959 -2.21453
0.944064 0.277615 -0.17797 -7.33062 -0.317549 0.910857 -0.263631 -16.7009 0.0889171 0.305399 0.948064 -2.0356
0.962831 0.2369 -0.129751 -4.97396 -0.264921 0.921923 -0.282621 -17.4041 0.0526671 0.30649 0.950416 -1.96361
0.996679 0.0670293 -0.046244 -2.55493 -0.0802975 0.903464 -0.421077 -18.0758 0.0135552 0.423392 0.905845 -1.86813
0.998509 -0.054418 -0.00427621 -0.163048 0.048191 0.915617 -0.399154 -18.1982 0.0256365 0.398353 0.916874 -1.74905
0.986963 -0.15381 0.0473943 2.55204 0.160776 0.928634 -0.334351 -17.9393 0.00741456 0.337612 0.941256 -1.84553
0.976137 -0.200812 0.0826468 4.99212 0.216435 0.930647 -0.295045 -17.3894 -0.0176664 0.305892 0.951902 -1.79465
0.919236 -0.371141 0.131374 7.49568 0.391038 0.899459 -0.195098 -16.6683 -0.0457571 0.230713 0.971945 -1.91274
0.840268 -0.500941 0.207382 9.68998 0.538359 0.816189 -0.209775 -15.5733 -0.0641787 0.287913 0.955504 -2.06241
0.773144 -0.593134 0.22459 11.6717 0.631546 0.752535 -0.186658 -14.1611 -0.0582983 0.286152 0.956409 -2.41407
0.718362 -0.633498 0.287465 13.6988 0.691297 0.696307 -0.193041 -12.5664 -0.0778727 0.337397 0.938136 -2.57451
0.589117 -0.724796 0.357227 15.5146 0.802835 0.575147 -0.157042 -10.7828 -0.0916346 0.37931 0.920721 -2.96247
0.516406 -0.765862 0.383119 16.9199 0.843759 0.531474 -0.0748774 -8.62396 -0.146272 0.361927 0.920659 -3.25464
0.4248 -0.794081 0.434718 18.086 0.894868 0.440975 -0.0689406 -6.32653 -0.136955 0.418301 0.897924 -3.75858
0.304243 -0.853809 0.422429 19.0108 0.95183 0.290242 -0.0988954 -3.8966 -0.0381687 0.432169 0.900985 -4.07947
0.191165 -0.876217 0.44238 19.626 0.979524 0.199291 -0.0285486 -1.38715 -0.0631475 0.43878 0.896373 -4.16094
0.0276144 -0.886646 0.461623 20.1989 0.998001 0.0507192 0.0377166 1.05947 -0.0568544 0.459658 0.886274 -4.36724
-0.214445 -0.85805 0.466651 20.0575 0.96061 -0.0988171 0.259739 3.52202 -0.176756 0.503969 0.845442 -4.54465
-0.356951 -0.853153 0.380416 19.4369 0.898575 -0.202326 0.389394 5.94183 -0.255244 0.480827 0.838842 -5.05295
-0.357159 -0.825481 0.437056 18.3601 0.910348 -0.202911 0.360684 8.38115 -0.209054 0.526695 0.823947 -5.74098
-0.508107 -0.779211 0.366957 17.4393 0.846159 -0.372087 0.38153 10.7274 -0.160752 0.504362 0.848397 -6.20263
-0.581692 -0.749535 0.315962 16.0737 0.801324 -0.46134 0.380848 12.8471 -0.139693 0.474724 0.868978 -6.72523
-0.738892 -0.607799 0.290895 14.5563 0.671669 -0.629857 0.390053 14.888 -0.0538517 0.483592 0.873635 -7.03865
-0.762191 -0.587133 0.272653 12.7172 0.647105 -0.6794 0.345935 16.6348 -0.0178697 0.440104 0.897769 -7.13494
-0.835393 -0.467029 0.289831 10.7605 0.548134 -0.747032 0.376156 18.2893 0.0408375 0.473104 0.88006 -7.36643
-0.875975 -0.383676 0.292335 8.51046 0.473996 -0.797035 0.374249 19.6534 0.0894107 0.466398 0.880044 -7.27462
-0.916496 -0.332184 0.222909 6.18535 0.388211 -0.873041 0.295114 20.9555 0.0965767 0.357006 0.929096 -7.08644
-0.969177 -0.231556 0.0841334 3.84301 0.246363 -0.912784 0.325776 21.8961 0.00136023 0.336461 0.941696 -6.89463
-0.996708 -0.066295 0.0466746 1.22872 0.0796804 -0.907345 0.412765 22.4028 0.0149857 0.415126 0.909641 -6.76301
-0.998835 0.0464392 0.013093 -1.50585 -0.0353059 -0.888414 0.457684 22.4934 0.0328865 0.456688 0.889019 -6.80388
-0.993874 0.109637 0.0139602 -4.23016 -0.0881064 -0.862214 0.498824 22.2539 0.0667261 0.494538 0.866591 -6.75236
-0.978813 0.199198 -0.0473772 -6.73859 -0.194604 -0.833086 0.517781 21.9548 0.0636718 0.51603 0.854201 -6.48319
-0.942646 0.319788 -0.095675 -9.32372 -0.320433 -0.786667 0.52771 21.2138 0.0934909 0.528101 0.844019 -6.25252
-0.891303 0.417503 -0.176833 -11.6016 -0.447279 -0.745717 0.493809 20.1442 0.0742996 0.519227 0.851401 -5.9387
-0.81167 0.518113 -0.269723 -13.8744 -0.582217 -0.680412 0.445042 18.8321 0.0470591 0.518265 0.853924 -5.67894
-0.68957 0.613978 -0.384089 -15.915 -0.724117 -0.593402 0.351466 17.1318 -0.012127 0.520486 0.853784 -5.48816
-0.561393 0.730484 -0.388884 -17.7425 -0.826718 -0.516109 0.223984 15.0944 -0.03709 0.447241 0.893644 -5.66184
-0.434326 0.808409 -0.397285 -19.2357 -0.90074 -0.392406 0.18624 12.8061 -0.00533919 0.43874 0.898598 -5.76677
-0.377952 0.808352 -0.451353 -20.3688 -0.925749 -0.336228 0.173031 10.3487 -0.011888 0.483237 0.875409 -5.80682
-0.214306 0.83785 -0.502077 -21.2775 -0.976672 -0.17667 0.122061 7.79785 0.0135664 0.516523 0.856166 -5.87168
-0.165212 0.867357 -0.469465 -21.822 -0.981876 -0.0998292 0.161099 4.94741 0.0928636 0.487572 0.86813 -5.77054
-0.0486639 0.888332 -0.456616 -22.1737 -0.99349 0.00409418 0.113846 2.32047 0.103003 0.459183 0.88235 -5.54957
0.0569352 0.899129 -0.433964 -22.1661 -0.992957 0.0962322 0.0691093 -0.294387 0.1039 0.426973 0.898276 -5.23552
0.219369 0.88234 -0.416358 -21.8772 -0.965393 0.258 0.0381072 -3.12128 0.141044 0.39359 0.908402 -4.84719
0.267159 0.864505 -0.425744 -21.2151 -0.952058 0.305117 0.0221362 -5.84777 0.149038 0.399419 0.904573 -4.48655
0.410972 0.836045 -0.363497 -20.2962 -0.902972 0.42818 -0.0360894 -8.34394 0.12547 0.34306 0.930896 -4.20901
0.553022 0.737892 -0.386887 -19.0118 -0.824681 0.550899 -0.128105 -10.7031 0.118609 0.389903 0.913185 -4.01094
0.667992 0.652782 -0.3573 -17.3949 -0.743302 0.608445 -0.278024 -12.8871 0.0359083 0.451299 0.89165 -3.70901
0.684624 0.636763 -0.354716 -15.327 -0.724228 0.649248 -0.232317 -14.9398 0.0823678 0.415945 0.905652 -3.73627
0.80918 0.501678 -0.305855 -13.2344 -0.579295 0.768194 -0.272572 -16.8491 0.0982124 0.39774 0.912226 -3.2831
0.899148 0.398488 -0.180942 -10.8663 -0.43689 0.841553 -0.317672 -18.2979 0.0256832 0.364686 0.930776 -3.08598
0.943792 0.299052 -0.1408 -8.32346 -0.330496 0.860764 -0.387116 -19.4163 0.00542808 0.411891 0.911217 -3.1476
0.980666 0.179255 -0.0784954 -5.66036 -0.195655 0.905514 -0.376514 -20.2381 0.00358666 0.384593 0.923079 -3.12064
0.993854 0.10737 -0.0269544 -2.67129 -0.108605 0.898515 -0.425295 -20.7042 -0.0214451 0.425608 0.904653 -3.02054
0.997545 -0.0682706 -0.0156096 0.0757573 0.0539399 0.891151 -0.45049 -20.9017 0.0446657 0.448542 0.892645 -3.07436
0.986766 -0.16215 0.000426007 2.9537 0.150427 0.914437 -0.375736 -20.7036 0.0605361 0.370828 0.926727 -2.985
0.969003 -0.236983 0.0698037 5.83164 0.24704 0.926991 -0.28224 -20.2785 0.00217868 0.290736 0.956801 -2.7858
0.914644 -0.361881 0.180192 8.54049 0.398129 0.883677 -0.246186 -19.4556 -0.0701413 0.296912 0.952325 -2.74006
0.824621 -0.451072 0.34137 11.1362 0.5389 0.809905 -0.231604 -18.1831 -0.172008 0.37495 0.910948 -2.77092
0.771709 -0.532233 0.348129 13.509 0.618357 0.755887 -0.215102 -16.4138 -0.148662 0.381264 0.912435 -3.47886
0.688512 -0.601305 0.405442 15.6848 0.720608 0.630213 -0.289061 -14.6925 -0.0817012 0.491187 0.867214 -3.77568
0.63487 -0.663527 0.395818 17.6209 0.76706 0.602649 -0.220076 -12.583 -0.0925131 0.443336 0.891568 -4.14075
0.475173 -0.78557 0.396346 19.2977 0.874212 0.472597 -0.111377 -10.1506 -0.0998178 0.399414 0.911321 -4.61531
0.429207 -0.782356 0.451331 20.5758 0.896374 0.430312 -0.106514 -7.53208 -0.110882 0.450278 0.885977 -4.97227
0.274658 -0.858353 0.433351 21.5428 0.955151 0.295429 -0.02021 -4.82086 -0.110677 0.419467 0.900999 -5.31244
0.147253 -0.859858 0.488836 22.4229 0.984522 0.174909 0.0110935 -2.0762 -0.0950407 0.479637 0.872305 -5.59794
0.0119384 -0.849567 0.527346 22.7906 0.994135 0.0667735 0.0850678 0.834266 -0.107484 0.523238 0.845381 -5.84866
-0.139315 -0.861953 0.487471 22.6108 0.968069 -0.0149452 0.250239 3.75718 -0.208409 0.506768 0.836512 -6.13771
-0.336144 -0.81188 0.477345 22.1279 0.924035 -0.186293 0.333848 6.34685 -0.182118 0.553304 0.812827 -6.78693
-0.390848 -0.797696 0.459258 21.0649 0.913989 -0.277304 0.296188 9.06825 -0.108914 0.535521 0.837469 -7.48205
-0.451328 -0.808894 0.376821 19.7012 0.883279 -0.344869 0.317621 11.7435 -0.126968 0.47619 0.870128 -7.85324
-0.578701 -0.734426 0.354576 18.3462 0.806577 -0.451133 0.381985 14.3091 -0.120578 0.507047 0.853442 -8.25484
-0.690437 -0.639065 0.338958 16.454 0.717995 -0.548272 0.428812 16.6778 -0.0881977 0.539438 0.837393 -8.43837
-0.758515 -0.579474 0.298103 14.4431 0.650297 -0.643562 0.403661 18.7908 -0.0420633 0.500038 0.864981 -8.74967
-0.8186 -0.500035 0.282592 12.2798 0.574031 -0.695517 0.432139 20.5029 -0.0195371 0.515966 0.856386 -8.71193
-0.853636 -0.387149 0.348455 9.75346 0.51235 -0.74461 0.427847 22.1483 0.0938226 0.543757 0.833982 -8.74802
-0.88726 -0.303165 0.347651 7.14403 0.432547 -0.808634 0.398766 23.6042 0.16023 0.504184 0.848601 -8.30664
-0.979684 -0.173586 0.100431 4.45055 0.199342 -0.897691 0.392955 24.6426 0.0219449 0.404992 0.914057 -8.04972
-0.999138 -0.0378589 0.0170398 1.38166 0.0411676 -0.850312 0.524667 25.1617 -0.00537414 0.524916 0.851137 -8.07913
-0.999893 0.0104011 -0.0103273 -1.62762 -0.0141901 -0.863401 0.504319 25.1483 -0.00367118 0.504411 0.863456 -8.17837
-0.992175 0.12327 -0.0198212 -4.46607 -0.115925 -0.850581 0.512907 24.9635 0.0463667 0.511192 0.858215 -8.26286
-0.956202 0.283737 -0.0719151 -7.43951 -0.27908 -0.809639 0.516332 24.5377 0.0882772 0.513788 0.853364 -8.16199
-0.905976 0.403437 -0.128239 -10.2281 -0.410152 -0.761543 0.501824 23.622 0.104795 0.507239 0.85541 -7.87509
-0.853272 0.489978 -0.178462 -12.9471 -0.51164 -0.720517 0.468059 22.5246 0.100754 0.49069 0.865489 -7.60654
-0.768979 0.568889 -0.29161 -15.5198 -0.635511 -0.630866 0.445122 20.9546 0.0692581 0.527611 0.846658 -7.31668
-0.659302 0.627914 -0.413576 -17.8548 -0.751859 -0.554481 0.356733 18.9476 -0.00532233 0.546146 0.837673 -7.14709
-0.568851 0.684827 -0.455435 -19.8809 -0.822096 -0.489491 0.290785 16.6258 -0.0237938 0.539825 0.841441 -7.08671
-0.444833 0.746662 -0.49459 -21.5788 -0.895125 -0.388894 0.217974 14.0452 -0.0295902 0.539682 0.841349 -7.20299
-0.387442 0.787598 -0.479142 -22.8542 -0.921375 -0.313373 0.229927 11.2953 0.03094 0.530553 0.847087 -7.35029
-0.220273 0.803164 -0.55354 -23.8436 -0.973848 -0.148683 0.171794 8.4095 0.0556769 0.576906 0.814911 -7.46014
-0.159873 0.855852 -0.491892 -24.3474 -0.983788 -0.0971232 0.15076 5.30412 0.0812541 0.50802 0.857504 -7.30512
-0.0750843 0.857527 -0.508929 -24.7657 -0.993225 -0.0189198 0.114655 2.24493 0.0886911 0.51409 0.853138 -7.09947
0.0491944 0.836507 -0.545744 -24.9446 -0.983992 0.134296 0.117147 -0.717964 0.171286 0.531245 0.829723 -6.81855
0.188634 0.82322 -0.535469 -24.5696 -0.962602 0.262964 0.0651731 -3.7999 0.194461 0.503149 0.842037 -6.23903
0.327808 0.812015 -0.482881 -23.9078 -0.933857 0.355879 -0.0355112 -6.71384 0.143011 0.462583 0.874966 -5.81874
0.443253 0.808164 -0.387812 -22.7624 -0.890818 0.445329 -0.0901446 -9.69556 0.0998522 0.385427 0.91732 -5.41908
0.561768 0.725469 -0.397631 -21.1932 -0.824356 0.531349 -0.195205 -12.3773 0.0696659 0.43745 0.89654 -5.30299
0.65694 0.640299 -0.398054 -19.3492 -0.752541 0.589058 -0.294436 -14.7363 0.0459498 0.492979 0.868827 -5.19465
0.701291 0.588251 -0.40268 -17.0938 -0.707577 0.64313 -0.292778 -16.9983 0.0867485 0.490249 0.867254 -4.99948
0.811433 0.476964 -0.337759 -14.6744 -0.578109 0.739894 -0.344015 -19.2304 0.0858234 0.474407 0.876112 -4.64411
0.90068 0.377242 -0.215554 -12.0949 -0.434399 0.791572 -0.42978 -20.8499 0.00849559 0.480731 0.876827 -4.40172
0.949667 0.290952 -0.116104 -9.24886 -0.311568 0.838776 -0.446519 -21.993 -0.0325299 0.460219 0.887209 -4.49565
0.983189 0.169386 -0.0681693 -6.12065 -0.18201 0.879507 -0.439705 -22.9818 -0.0145244 0.44472 0.895552 -4.51069
0.993309 0.0549499 -0.101578 -2.98885 -0.0951008 0.888215 -0.449477 -23.447 0.0655248 0.45613 0.887498 -4.45793
0.994134 0.00461554 -0.108061 0.263441 -0.053628 0.888667 -0.455405 -23.6154 0.0939286 0.458529 0.883702 -4.32896
0.981492 -0.187645 -0.0382334 3.4341 0.147508 0.868117 -0.473935 -23.6495 0.122123 0.459524 0.879729 -4.12542
0.975307 -0.213542 0.0563569 6.5992 0.218845 0.900108 -0.376712 -23.1173 0.0297165 0.379743 0.924615 -3.89953
0.903694 -0.376559 0.203816 9.57424 0.426391 0.834885 -0.348077 -22.1722 -0.0390908 0.401461 0.915042 -3.89747
0.809038 -0.470108 0.352784 12.4782 0.575741 0.754613 -0.314772 -20.765 -0.118239 0.457774 0.881171 -4.10578
0.792303 -0.506628 0.339975 15.0433 0.605473 0.721578 -0.335749 -18.8227 -0.075219 0.471861 0.878459 -4.63707
0.68721 -0.607118 0.398937 17.4467 0.722292 0.62976 -0.285828 -16.7425 -0.0777036 0.484572 0.871293 -5.12695
0.597316 -0.647172 0.47369 19.6485 0.784761 0.593458 -0.178769 -14.3358 -0.165421 0.478515 0.862357 -5.55161
0.4697 -0.730758 0.495353 21.6342 0.877218 0.449468 -0.168723 -11.667 -0.0993495 0.513782 0.852149 -6.06837
0.413584 -0.776044 0.476134 23.0005 0.900308 0.426488 -0.0869073 -8.76544 -0.135621 0.464611 0.875068 -6.34892
0.28932 -0.820986 0.492215 24.2283 0.948621 0.314727 -0.0326457 -5.76173 -0.128112 0.476371 0.869861 -6.69846
0.151332 -0.815245 0.558994 24.8869 0.982027 0.188523 0.00908842 -2.73813 -0.112792 0.547572 0.829122 -7.05606
0.00826425 -0.809858 0.586568 25.3709 0.998209 0.0414424 0.0431545 0.50669 -0.0592578 0.585161 0.808749 -7.51276
-0.173367 -0.76638 0.618551 25.2561 0.961546 0.00412679 0.274614 3.83023 -0.213011 0.642374 0.736194 -7.85758
-0.310337 -0.776576 0.548289 24.5323 0.930409 -0.129807 0.342766 6.85045 -0.195012 0.616507 0.762817 -8.54293
-0.382 -0.787601 0.483488 23.4714 0.912058 -0.236895 0.334709 9.8901 -0.149082 0.568828 0.808832 -9.09408
-0.470213 -0.737645 0.484541 22.2235 0.878656 -0.339732 0.335479 12.7303 -0.0828506 0.583491 0.807882 -9.59804
-0.581405 -0.703039 0.409518 20.4986 0.812212 -0.471977 0.342856 15.6309 -0.0477584 0.531953 0.845426 -9.87779
-0.655621 -0.669908 0.348403 18.5072 0.751344 -0.532865 0.389278 18.2808 -0.0751286 0.516989 0.852689 -10.0455
-0.759802 -0.574011 0.305306 16.2751 0.647309 -0.623998 0.437741 20.6271 -0.0607575 0.530224 0.845678 -10.3214
-0.823373 -0.471096 0.316426 13.7281 0.567419 -0.692841 0.444979 22.5743 0.00960494 0.545929 0.837776 -10.4324
-0.841271 -0.348001 0.413714 10.9833 0.526085 -0.703207 0.478262 24.4292 0.124491 0.619997 0.774665 -10.5124
-0.868346 -0.268165 0.417208 8.13532 0.471893 -0.705592 0.528637 26.0776 0.152616 0.655917 0.739243 -9.96954
-0.988367 -0.128665 0.0810958 5.11513 0.147797 -0.686752 0.711708 27.4163 -0.0358793 0.715414 0.697779 -9.52405
-0.999947 -0.00882782 0.00521176 1.58707 0.0100144 -0.73247 0.680726 27.8172 -0.00219187 0.680742 0.73252 -9.78917
-0.997395 0.046248 -0.0553504 -1.77137 -0.0695371 -0.820394 0.567555 27.6581 -0.0191608 0.569925 0.821473 -9.81764
-0.987192 0.158944 0.0137041 -5.0241 -0.124199 -0.819614 0.559293 27.4281 0.100128 0.550428 0.828857 -9.8582
-0.961959 0.27061 -0.0374947 -8.31491 -0.251594 -0.824029 0.507619 26.9752 0.10647 0.497742 0.860765 -9.71738
-0.923232 0.371908 -0.096578 -11.4178 -0.367111 -0.779536 0.507496 25.9503 0.113456 0.503991 0.856225 -9.51081
-0.871156 0.46312 -0.163117 -14.4441 -0.478392 -0.725754 0.49439 24.4739 0.110579 0.508725 0.853798 -9.31644
-0.795454 0.538836 -0.277326 -17.317 -0.603455 -0.662274 0.444112 22.8727 0.0556375 0.520624 0.851971 -9.13252
-0.680164 0.629391 -0.375825 -19.8782 -0.732233 -0.558959 0.389102 20.7253 0.0348263 0.539845 0.841044 -8.97529
-0.610166 0.645396 -0.459524 -22.0589 -0.791508 -0.52206 0.317755 18.0522 -0.0348219 0.5576 0.829379 -8.95025
-0.47466 0.737116 -0.480998 -23.9452 -0.878991 -0.425253 0.215721 15.2641 -0.0455345 0.525186 0.849768 -9.0388
-0.368817 0.780394 -0.504934 -25.2667 -0.928722 -0.331643 0.165797 12.0834 -0.0380704 0.530093 0.847085 -9.18011
-0.242906 0.783862 -0.571451 -26.3526 -0.968582 -0.163589 0.187318 8.8485 0.0533482 0.598998 0.798971 -9.25035
-0.154871 0.828557 -0.53806 -26.9457 -0.982035 -0.0696791 0.175363 5.59491 0.107807 0.555553 0.824463 -9.14438
-0.0761755 0.827841 -0.555767 -27.3608 -0.990005 0.00355257 0.140985 2.07756 0.118688 0.560952 0.819296 -8.64214
0.0340084 0.819345 -0.572291 -27.4352 -0.987877 0.114341 0.104997 -1.21578 0.151466 0.561782 0.813301 -8.34007
0.174134 0.804205 -0.56827 -27.0531 -0.968326 0.244714 0.0495909 -4.63229 0.178945 0.541636 0.821346 -7.8801
0.298654 0.770246 -0.563496 -26.4611 -0.92574 0.377324 0.0251231 -7.82328 0.231972 0.514148 0.825737 -7.43561
0.499585 0.768244 -0.40027 -25.1858 -0.864775 0.469379 -0.178457 -11.0619 0.05078 0.435298 0.898853 -6.72539
0.601698 0.6867 -0.407925 -23.4876 -0.798531 0.528398 -0.288345 -14.0261 0.01754 0.499237 0.866288 -6.68352
0.679881 0.543738 -0.492048 -21.3901 -0.721558 0.615732 -0.316588 -16.5587 0.130829 0.570283 0.810963 -6.68674
0.699151 0.550766 -0.4559 -18.8436 -0.701289 0.65243 -0.287279 -19.0479 0.13922 0.520569 0.842393 -6.55493
0.818928 0.511162 -0.260902 -16.1525 -0.573518 0.745427 -0.339731 -21.4962 0.0208261 0.427847 0.903611 -6.06508
0.91378 0.326187 -0.24209 -13.3373 -0.404585 0.78407 -0.470685 -23.3183 0.0362841 0.528049 0.848438 -6.05651
0.954421 0.25834 -0.149468 -10.0809 -0.298443 0.820146 -0.488153 -24.6171 -0.00352333 0.510511 0.859864 -5.9076
0.974643 0.191996 -0.114929 -6.66363 -0.223753 0.830708 -0.509764 -25.6284 -0.0023996 0.522553 0.852603 -5.94192
0.99194 0.0714092 -0.104668 -3.30147 -0.115085 0.853359 -0.508462 -26.2364 0.0530107 0.51641 0.854699 -5.92263
0.996838 -0.0113765 -0.078647 0.21431 -0.0277331 0.877666 -0.478469 -26.377 0.0744691 0.479137 0.874575 -5.7852
0.988798 -0.147247 0.0244222 3.82041 0.141814 0.875788 -0.461393 -26.3505 0.04655 0.459688 0.886859 -5.57946
0.966535 -0.246288 0.0717746 7.20408 0.254934 0.890958 -0.375768 -25.7626 0.0285991 0.381491 0.92393 -5.21668
0.896325 -0.37565 0.235559 10.6969 0.439218 0.824987 -0.355647 -24.6395 -0.0607343 0.422237 0.904449 -5.17964
0.829961 -0.400805 0.38797 13.8397 0.540923 0.748172 -0.38424 -23.0372 -0.136263 0.528766 0.837758 -5.44621
0.746444 -0.489967 0.450282 16.5532 0.641328 0.710212 -0.29034 -20.9941 -0.177539 0.505501 0.844363 -6.02138
0.73748 -0.513038 0.43922 19.2025 0.663872 0.670168 -0.331886 -18.5867 -0.124081 0.536345 0.834828 -6.6483
0.623865 -0.587734 0.515133 21.6359 0.76977 0.576027 -0.27504 -16.1652 -0.13508 0.568122 0.811783 -7.08942
0.504501 -0.668208 0.546787 23.6813 0.852935 0.484058 -0.195424 -13.0513 -0.134093 0.564965 0.814146 -7.75136
0.410488 -0.734173 0.540822 25.2814 0.909598 0.371482 -0.1861 -9.96867 -0.064276 0.568323 0.820291 -8.10523
0.264399 -0.794917 0.546077 26.7391 0.954351 0.297239 -0.0293906 -6.71731 -0.138952 0.52892 0.837219 -8.20726
0.164113 -0.782729 0.600335 27.4477 0.976995 0.212996 0.0106282 -3.23416 -0.136188 0.58478 0.799678 -8.92048
-0.00838437 -0.754735 0.655976 27.7391 0.982594 0.115523 0.145474 0.268223 -0.185575 0.645778 0.74063 -9.36724
-0.100357 -0.731792 0.674098 27.4621 0.985297 0.0210576 0.169547 3.7564 -0.138268 0.681202 0.718919 -10.0542
-0.24201 -0.731545 0.637396 26.8933 0.96916 -0.150782 0.194921 7.23861 -0.0464854 0.664911 0.745474 -10.5638
-0.353207 -0.70938 0.609938 25.7796 0.93175 -0.208073 0.297568 10.5213 -0.0841777 0.673413 0.734458 -10.8504
-0.448979 -0.692635 0.564513 24.3068 0.893095 -0.327874 0.308025 13.7879 -0.0282601 0.642461 0.765798 -11.2551
-0.550122 -0.730644 0.404384 22.5571 0.833409 -0.44969 0.321261 16.9695 -0.0528802 0.51375 0.856309 -11.5375
-0.62602 -0.667213 0.403641 20.4672 0.77494 -0.474545 0.417464 19.8687 -0.0869913 0.574138 0.814124 -11.6823
-0.815028 -0.489987 0.309261 18.1126 0.57238 -0.597894 0.561163 22.5003 -0.0900572 0.634379 0.767759 -11.9896
-0.837857 -0.438857 0.324654 15.2137 0.544767 -0.634066 0.548807 24.5426 -0.0349957 0.636682 0.770332 -12.3592
-0.870292 -0.307417 0.38482 12.1038 0.487268 -0.65135 0.581647 26.5385 0.0718439 0.693713 0.716659 -12.3906
-0.903317 -0.249398 0.349025 8.75034 0.421629 -0.666088 0.615269 28.1334 0.0790349 0.702942 0.706842 -12.1677
-0.969015 -0.161826 0.186608 5.43735 0.246392 -0.686349 0.684263 29.4279 0.0173468 0.70904 0.704955 -11.8372
-0.998541 -0.0249299 0.0479062 1.86492 0.0512305 -0.717933 0.694225 30.1223 0.0170865 0.695666 0.718162 -11.9343
-0.998477 0.0502189 0.0228583 -1.82048 -0.0249077 -0.779898 0.625411 30.1149 0.0492346 0.623889 0.779961 -11.8323
-0.985381 0.169536 -0.0167689 -5.51884 -0.147897 -0.802424 0.578137 29.9092 0.0845595 0.572166 0.815767 -11.6613
-0.963578 0.259457 -0.0648 -9.0498 -0.253594 -0.809587 0.529395 29.4499 0.0848939 0.526547 0.845897 -11.4403
-0.923369 0.356538 -0.142375 -12.5723 -0.380567 -0.801191 0.461803 28.3379 0.0505804 0.480598 0.875481 -11.1089
-0.87622 0.440322 -0.195845 -15.8579 -0.469897 -0.690458 0.549968 26.7387 0.10694 0.57392 0.811899 -11.0197
-0.830976 0.494871 -0.254129 -18.9778 -0.549497 -0.658891 0.513728 24.6796 0.0867855 0.566539 0.819452 -10.8057
-0.673111 0.618271 -0.405787 -21.828 -0.738213 -0.528851 0.418758 22.4523 0.0443053 0.581428 0.812391 -10.5818
-0.578806 0.629599 -0.518255 -24.0952 -0.815432 -0.452615 0.360847 19.6367 -0.00738087 0.631462 0.775371 -10.6524
-0.420846 0.686986 -0.592401 -26.2133 -0.906518 -0.342519 0.24679 16.4714 -0.0333677 0.640883 0.766913 -10.6826
-0.355234 0.745944 -0.563362 -27.476 -0.93463 -0.29412 0.199899 12.9736 -0.0165827 0.597547 0.801663 -10.8027
-0.273896 0.757324 -0.592825 -28.5893 -0.961718 -0.209938 0.176138 9.42345 0.00893705 0.618374 0.785833 -11.0541
-0.177094 0.792618 -0.583434 -29.3433 -0.979489 -0.0840463 0.183131 5.86312 0.0961173 0.603899 0.791245 -10.9256
-0.104717 0.798651 -0.592614 -29.703 -0.988137 -0.0162428 0.152717 2.1 0.112341 0.601575 0.790877 -10.4678
0.0648335 0.793695 -0.60485 -29.8693 -0.992006 0.11702 0.047223 -1.54387 0.10826 0.596954 0.794938 -10.0485
0.134225 0.749123 -0.648689 -29.3758 -0.97357 0.221756 0.054642 -5.2836 0.184785 0.62421 0.759089 -9.61288
0.26044 0.650794 -0.713189 -28.8171 -0.946795 0.316813 -0.0566516 -8.8967 0.189079 0.689998 0.698679 -8.93226
0.521986 0.605085 -0.601167 -27.5982 -0.852925 0.376123 -0.36201 -12.4497 0.00706554 0.701715 0.712423 -8.27463
0.610705 0.590969 -0.527063 -25.4784 -0.791731 0.467648 -0.393024 -15.5257 0.0142148 0.657314 0.753483 -8.29593
0.655339 0.547724 -0.520125 -23.0139 -0.749414 0.55754 -0.357111 -18.4979 0.0943917 0.623818 0.775849 -8.47329
0.692911 0.432109 -0.577197 -20.4198 -0.677399 0.664362 -0.315838 -21.1444 0.246991 0.609841 0.753054 -8.20717
0.826806 0.436551 -0.354703 -17.6833 -0.562341 0.627157 -0.538932 -23.6788 -0.0128167 0.645056 0.764028 -7.46029
0.902488 0.336802 -0.268476 -14.3468 -0.430691 0.699146 -0.570702 -25.5856 -0.00450953 0.630682 0.776028 -7.55699
0.929185 0.262684 -0.260024 -10.8389 -0.365591 0.756703 -0.541981 -27.0745 0.0543911 0.598663 0.799152 -7.53603
0.976252 0.163828 -0.141746 -7.27447 -0.215004 0.812892 -0.541276 -28.1467 0.0265482 0.558898 0.828812 -7.49069
0.992859 0.0541495 -0.106294 -3.45365 -0.103644 0.832733 -0.543888 -28.7215 0.0590633 0.551021 0.832399 -7.48726
0.991634 -0.0245867 -0.126716 0.35922 -0.0480336 0.840901 -0.539054 -28.9965 0.119809 0.540631 0.832685 -7.29021
0.987911 -0.152409 -0.02834 4.25128 0.113255 0.834413 -0.539378 -28.9553 0.105853 0.529648 0.841587 -6.95543
0.949684 -0.259581 0.175265 7.99782 0.3131 0.801586 -0.509341 -28.5098 -0.00827431 0.538588 0.842529 -6.3945
0.908667 -0.283524 0.306493 11.6356 0.407846 0.75986 -0.506235 -27.2425 -0.0893623 0.585002 0.806094 -6.5299
0.840616 -0.362453 0.402482 15.1018 0.517694 0.756138 -0.40031 -25.2905 -0.159238 0.54487 0.823262 -7.03546
0.766295 -0.480283 0.426756 18.1434 0.630534 0.689713 -0.355982 -23.1629 -0.123367 0.541871 0.831358 -7.69413
0.688471 -0.556163 0.465499 20.9083 0.716653 0.620289 -0.318826 -20.5751 -0.111425 0.553104 0.825627 -8.39843
0.558554 -0.64714 0.518872 23.3843 0.823032 0.510169 -0.24969 -17.8058 -0.103128 0.566514 0.817574 -8.99801
0.533785 -0.620715 0.574271 25.5309 0.837272 0.48314 -0.256031 -14.5347 -0.118531 0.617486 0.7776 -9.49257
0.44704 -0.651612 0.612827 27.524 0.894467 0.332609 -0.29883 -11.1286 -0.0091101 0.681743 0.731535 -9.83224
0.18179 -0.640731 0.745933 29.1784 0.963001 0.269478 -0.00321949 -7.61175 -0.198949 0.71892 0.666013 -9.96636
0.102375 -0.712431 0.694234 29.8007 0.980181 0.191238 0.0517079 -3.9164 -0.169602 0.675181 0.717889 -10.8345
-0.0570352 -0.726629 0.684658 30.0722 0.994071 0.0222522 0.106427 -0.0593047 -0.0925681 0.686669 0.721052 -11.5663
-0.129325 -0.727533 0.673774 29.7048 0.984466 -0.0128331 0.175103 3.80662 -0.118747 0.685953 0.717891 -12.1583
-0.234341 -0.721925 0.651082 29.0539 0.968748 -0.117391 0.218512 7.57692 -0.081318 0.681941 0.726873 -12.7286
-0.3573 -0.677677 0.642721 27.9058 0.931589 -0.209274 0.297231 11.1521 -0.0669222 0.704952 0.70609 -13.0833
-0.388378 -0.615838 0.685497 26.5168 0.920324 -0.296797 0.254786 14.7816 0.0465465 0.729832 0.68204 -13.3396
-0.58086 -0.583477 0.567588 24.9049 0.810048 -0.345676 0.473636 18.2846 -0.080154 0.73489 0.673433 -13.2197
-0.659832 -0.560085 0.500925 22.4527 0.746868 -0.415637 0.519071 21.3394 -0.0825212 0.716625 0.69256 -13.6292
-0.784699 -0.449083 0.427284 19.6221 0.616906 -0.498356 0.609154 24.1247 -0.0606213 0.741597 0.668101 -14.0826
-0.829579 -0.410266 0.378789 16.4171 0.5578 -0.577705 0.595917 26.4285 -0.0256561 0.705648 0.708098 -14.3731
-0.907086 -0.253325 0.336187 13.1391 0.415918 -0.662423 0.623064 28.5319 0.0648601 0.704998 0.706237 -14.4649
-0.917991 -0.232121 0.321579 9.52752 0.394331 -0.620835 0.677544 29.9799 0.0423757 0.748788 0.661453 -14.1944
-0.974347 -0.116733 0.19241 5.87279 0.220721 -0.662579 0.715731 31.4006 0.0439378 0.739839 0.671347 -13.99
-0.994396 -0.0639416 0.0841872 1.95494 0.1047 -0.70586 0.700571 32.1783 0.0146288 0.70546 0.708599 -13.9927
-0.997228 0.0401322 0.0626534 -1.97663 0.0110887 -0.752497 0.658502 32.4086 0.0735736 0.657371 0.749967 -13.7918
-0.994439 0.105311 -0.000271513 -5.98978 -0.0880556 -0.830082 0.550646 32.3593 0.0577635 0.547608 0.834739 -13.4458
-0.967974 0.243508 -0.0610802 -9.85434 -0.239066 -0.819789 0.520377 31.8549 0.076643 0.518314 0.851749 -13.1373
-0.916978 0.366815 -0.156839 -13.5488 -0.392745 -0.76105 0.516289 30.7173 0.0700205 0.535023 0.841931 -12.842
-0.856708 0.417929 -0.302302 -17.135 -0.51571 -0.705067 0.486747 28.9166 -0.00971708 0.5729 0.819567 -12.6208
-0.806346 0.477048 -0.349616 -20.4453 -0.590917 -0.62486 0.510261 26.7849 0.0249576 0.618041 0.785749 -12.5658
-0.683052 0.522786 -0.510034 -23.5568 -0.729233 -0.527096 0.436336 24.1296 -0.0407268 0.669974 0.741267 -12.4832
-0.537887 0.610827 -0.581007 -26.1777 -0.842299 -0.417858 0.340482 21.1068 -0.0348026 0.672522 0.739258 -12.588
-0.439993 0.646827 -0.622914 -28.2982 -0.897001 -0.349306 0.270879 17.5773 -0.0423757 0.677939 0.733896 -12.6919
-0.321394 0.676664 -0.662444 -29.822 -0.943646 -0.287209 0.16445 13.7845 -0.0789822 0.677965 0.730838 -12.8187
-0.262164 0.702948 -0.661161 -30.9574 -0.96497 -0.183777 0.187239 9.92165 0.0101129 0.687088 0.726504 -13.0032
-0.152069 0.751454 -0.642021 -31.727 -0.98139 -0.0377384 0.188281 6.03599 0.117256 0.658705 0.743208 -12.8151
-0.0698152 0.751533 -0.655991 -32.1307 -0.987386 0.041619 0.152765 2.04963 0.14211 0.658381 0.739148 -12.4069
0.107667 0.761285 -0.639416 -32.2615 -0.987816 0.154614 0.0177505 -1.78002 0.112376 0.629714 0.768656 -11.9011
0.163547 0.716007 -0.678665 -31.5401 -0.972806 0.231418 0.00972113 -5.89526 0.164015 0.658619 0.734384 -11.6804
0.322334 0.610669 -0.723314 -30.8245 -0.928604 0.352367 -0.116327 -9.81045 0.183835 0.709169 0.68065 -11.2455
0.520053 0.613894 -0.593868 -29.4243 -0.853871 0.390922 -0.343634 -13.5677 0.0212012 0.685795 0.727486 -10.5766
0.619104 0.568312 -0.54197 -27.1729 -0.784893 0.470256 -0.403488 -16.9562 0.0255571 0.675189 0.737202 -10.4493
0.698885 0.520883 -0.490143 -24.6057 -0.714699 0.535085 -0.450432 -20.1374 0.0276451 0.665105 0.746238 -10.1886
0.708332 0.41195 -0.573204 -21.7503 -0.692853 0.561033 -0.452986 -23.0114 0.134979 0.718011 0.682819 -10.1558
0.864606 0.333577 -0.375744 -18.8132 -0.502332 0.590161 -0.631959 -25.7482 0.0109422 0.735143 0.677823 -9.57979
0.889315 0.335889 -0.310319 -15.2097 -0.457269 0.645837 -0.611392 -27.705 -0.00494475 0.685619 0.727944 -9.54484
0.94431 0.218755 -0.245816 -11.6747 -0.326306 0.718921 -0.61374 -29.4283 0.0424639 0.659772 0.750265 -9.51184
0.980073 0.108534 -0.166363 -7.81004 -0.184917 0.804381 -0.564603 -30.5524 0.0725405 0.584116 0.808422 -9.35085
0.991313 0.0738908 -0.108807 -3.61871 -0.123895 0.802286 -0.583941 -31.2143 0.0441465 0.592349 0.804471 -9.35264
0.995724 0.000234271 -0.0923828 0.552017 -0.0517455 0.829824 -0.555621 -31.5022 0.0765313 0.558025 0.826287 -8.9605
0.986243 -0.16186 -0.0335673 4.61971 0.104073 0.76575 -0.634662 -31.6484 0.128431 0.622437 0.772061 -8.58583
0.951531 -0.168438 0.257329 8.76285 0.297267 0.718282 -0.629049 -31.0041 -0.0788795 0.675055 0.733538 -8.14122
0.878566 -0.298749 0.372654 12.5339 0.460039 0.739053 -0.492102 -29.6043 -0.128396 0.60378 0.786743 -8.43284
0.868857 -0.328881 0.370033 16.2034 0.476139 0.759817 -0.442684 -27.5144 -0.135567 0.560816 0.816766 -8.77966
0.756704 -0.485598 0.437714 19.5814 0.647034 0.652062 -0.395173 -25.3659 -0.0935215 0.582245 0.807617 -9.40639
0.680527 -0.520453 0.515763 22.6138 0.718541 0.611845 -0.330674 -22.423 -0.143467 0.59563 0.790343 -10.1126
0.608239 -0.570101 0.552296 25.3718 0.781427 0.552223 -0.290554 -19.4309 -0.139345 0.608305 0.781375 -10.8045
0.505697 -0.621289 0.598557 27.5649 0.85426 0.457492 -0.246863 -16.0049 -0.120462 0.636161 0.762095 -11.4115
0.391504 -0.645174 0.656107 29.4386 0.912458 0.364359 -0.186183 -12.2173 -0.118938 0.671561 0.731341 -11.93
0.261019 -0.65256 0.711361 30.9917 0.956089 0.276499 -0.0971738 -8.38665 -0.133279 0.705489 0.696077 -12.3422
0.143264 -0.659811 0.737648 31.8782 0.975832 0.218442 0.00586855 -4.41921 -0.165005 0.71898 0.67516 -12.9848
-0.049514 -0.715135 0.697231 32.31 0.988499 0.0647851 0.136647 -0.255424 -0.142891 0.695978 0.703702 -13.7319
-0.104476 -0.676832 0.728685 31.9276 0.986868 0.0202045 0.160261 3.84781 -0.123192 0.73586 0.665833 -14.2847
-0.224167 -0.687681 0.690539 31.2346 0.970305 -0.0914232 0.223942 7.91823 -0.0908692 0.720234 0.687754 -15.0007
-0.345939 -0.602381 0.719349 30.0495 0.938097 -0.20788 0.277057 11.7392 -0.0173557 0.770664 0.637005 -15.3583
-0.399617 -0.574869 0.714026 28.4049 0.916619 -0.259725 0.303895 15.6841 0.0107502 0.775931 0.630726 -15.516
-0.587233 -0.489531 0.644606 26.5724 0.807213 -0.295446 0.510998 19.3685 -0.0597035 0.820409 0.568651 -15.576
-0.643011 -0.490309 0.588332 23.8645 0.763645 -0.352123 0.541162 22.4839 -0.0581713 0.79725 0.60084 -15.8357
-0.758403 -0.424015 0.495011 20.8485 0.6506 -0.446688 0.614158 25.5954 -0.0392966 0.787833 0.614633 -16.2403
-0.827943 -0.381187 0.411349 17.5134 0.55891 -0.500468 0.661174 28.2325 -0.0461641 0.777321 0.627408 -16.4825
-0.887599 -0.258839 0.381013 13.9596 0.458393 -0.57757 0.675491 30.3285 0.0452183 0.774219 0.631301 -16.68
-0.927467 -0.159106 0.338364 10.1371 0.36266 -0.603061 0.710489 32.0006 0.0910113 0.781666 0.617021 -16.5783
-0.961381 -0.104869 0.254458 6.16778 0.2626 -0.626292 0.73403 33.3652 0.0823881 0.772503 0.629644 -16.3141
-0.984783 -0.0199767 0.172634 2.30158 0.140001 -0.679736 0.719971 34.191 0.102963 0.733185 0.67219 -16.1188
-0.984488 0.0363118 0.171655 -1.9166 0.0904547 -0.733266 0.673898 34.6318 0.150339 0.678971 0.718607 -15.7465
-0.990741 0.135232 0.0120114 -6.31679 -0.0923102 -0.735866 0.670806 34.8643 0.0995535 0.663486 0.741536 -15.2247
-0.975889 0.207218 -0.0685706 -10.3593 -0.198293 -0.710394 0.675292 34.2349 0.0912209 0.672607 0.734356 -14.8186
-0.911551 0.347952 -0.219097 -14.6007 -0.404026 -0.658927 0.63449 33.079 0.0764029 0.666892 0.741227 -14.5499
-0.832581 0.380514 -0.402514 -18.5332 -0.553057 -0.611238 0.566141 31.1155 -0.0306074 0.693972 0.719351 -14.3136
-0.762469 0.47327 -0.441199 -21.9151 -0.645846 -0.597835 0.474843 28.4909 -0.0390356 0.647 0.76149 -14.5497
-0.655783 0.537252 -0.530385 -25.0875 -0.754298 -0.495442 0.43078 25.6798 -0.0313369 0.682567 0.730151 -14.808
-0.573677 0.573591 -0.584711 -27.8784 -0.819031 -0.393804 0.417261 22.1468 0.00907562 0.71827 0.695706 -14.9247
-0.480718 0.571253 -0.665267 -30.0954 -0.873662 -0.376918 0.307649 18.5389 -0.0750059 0.729111 0.680273 -14.7988
-0.351754 0.65011 -0.673518 -31.8432 -0.936091 -0.242823 0.254503 14.6087 0.00190902 0.719996 0.693976 -15.0722
-0.26145 0.677198 -0.687784 -33.029 -0.961931 -0.124061 0.243511 10.4705 0.0795779 0.725266 0.683854 -15.1246
-0.182098 0.674248 -0.715702 -33.8902 -0.978132 -0.0498268 0.201928 6.26235 0.100488 0.736822 0.668577 -14.8527
-0.0804557 0.669764 -0.738202 -34.4305 -0.992822 0.0119032 0.119006 1.91423 0.088493 0.742478 0.663999 -14.4113
0.171328 0.651833 -0.738756 -34.6541 -0.984533 0.141145 -0.103789 -2.38486 0.0366189 0.745112 0.665933 -13.9996
0.251392 0.666664 -0.701685 -33.6696 -0.960048 0.263824 -0.0932995 -6.58379 0.122922 0.697106 0.706353 -13.8808
0.372491 0.660138 -0.652279 -32.5654 -0.922024 0.343118 -0.17928 -10.7625 0.105459 0.668198 0.736471 -13.3551
0.448195 0.673826 -0.587435 -30.9235 -0.890693 0.392533 -0.229311 -14.7047 0.0760715 0.626 0.776104 -12.8962
0.572913 0.60583 -0.552034 -28.7821 -0.81791 0.466027 -0.337404 -18.2917 0.0528532 0.644817 0.762507 -12.642
0.609493 0.560107 -0.56107 -25.9856 -0.792023 0.461352 -0.399818 -21.67 0.0349104 0.688066 0.724808 -12.4096
0.733956 0.435625 -0.521094 -23.136 -0.673578 0.565334 -0.47612 -24.7454 0.0871823 0.700449 0.708358 -12.3276
0.843542 0.315532 -0.434599 -19.8561 -0.532594 0.595643 -0.601292 -27.5573 0.069139 0.73868 0.670501 -11.9393
0.885581 0.305866 -0.34956 -16.085 -0.46374 0.624843 -0.628106 -29.6586 0.0263033 0.718343 0.695191 -11.7698
0.918617 0.310007 -0.245026 -12.302 -0.392697 0.647262 -0.653331 -31.5532 -0.043941 0.696382 0.716325 -11.6275
0.973507 0.117786 -0.195988 -8.20235 -0.218051 0.736241 -0.640627 -32.9535 0.068838 0.66639 0.742419 -11.4473
0.996174 -0.0257291 -0.0835166 -3.83894 -0.0337529 0.768239 -0.639272 -33.7641 0.0806087 0.639646 0.764432 -11.1557
0.995127 0.0309375 -0.0936208 0.594474 -0.0835061 0.769313 -0.633391 -33.9407 0.0524281 0.638123 0.768148 -10.8289
0.985245 -0.171029 0.00647518 5.08724 0.131221 0.730551 -0.670132 -33.8497 0.109882 0.661094 0.742214 -10.6779
0.964279 -0.175545 0.198366 9.42307 0.26324 0.718469 -0.643822 -33.1415 -0.0295003 0.673043 0.739015 -10.2805
0.908923 -0.283095 0.306131 13.4492 0.413313 0.708652 -0.571826 -31.6596 -0.0550595 0.646274 0.761117 -10.4028
0.848488 -0.350345 0.396644 17.255 0.519122 0.696671 -0.495138 -29.7127 -0.102861 0.626025 0.772989 -10.7129
0.76242 -0.429939 0.483599 21.0709 0.636156 0.634778 -0.43859 -27.2892 -0.118411 0.642035 0.757476 -11.2724
0.674902 -0.47811 0.562066 24.1702 0.72378 0.57725 -0.378054 -24.3424 -0.143701 0.661962 0.735634 -11.929
0.573327 -0.550748 0.606608 27.0193 0.808649 0.499508 -0.310772 -20.9887 -0.131848 0.668707 0.731743 -12.7368
0.54213 -0.546055 0.638685 29.2218 0.822767 0.499379 -0.27143 -17.273 -0.170731 0.67264 0.720005 -13.4323
0.423456 -0.586658 0.690302 31.33 0.893237 0.397429 -0.210186 -13.42 -0.151039 0.705608 0.692318 -14.094
0.269263 -0.609308 0.745816 32.9876 0.952561 0.282574 -0.113049 -9.27507 -0.141867 0.740875 0.656489 -14.7385
0.132958 -0.620018 0.773239 33.9921 0.978431 0.206557 -0.00261464 -4.98692 -0.158097 0.756909 0.634109 -15.3784
-0.0468022 -0.642359 0.764973 34.3104 0.99779 0.00609805 0.0661669 -0.634559 -0.0471678 0.766379 0.640654 -16.1178
-0.091388 -0.644147 0.759422 33.9924 0.980227 0.0762188 0.182609 3.77748 -0.175509 0.761095 0.624445 -16.4588
-0.213822 -0.622918 0.752498 33.2887 0.970221 -0.0456771 0.237876 8.17889 -0.113806 0.780952 0.614135 -17.2145
-0.393532 -0.552483 0.734776 31.9476 0.918424 -0.201176 0.340625 12.3581 -0.0403701 0.808882 0.586583 -17.7073
-0.427469 -0.538904 0.725846 30.0469 0.902591 -0.209128 0.376291 16.2899 -0.0509899 0.815995 0.575806 -17.8861
-0.613228 -0.441862 0.654759 28.0553 0.789748 -0.326378 0.519399 20.1916 -0.015804 0.835605 0.549103 -18.1944
-0.634758 -0.511363 0.579302 25.1721 0.75959 -0.275364 0.589235 23.557 -0.141794 0.814053 0.563215 -18.1877
-0.756244 -0.428917 0.49409 21.9959 0.647139 -0.378997 0.661493 26.9017 -0.0964668 0.819995 0.564183 -18.7152
-0.802468 -0.416292 0.427489 18.4492 0.584773 -0.406166 0.702189 29.6907 -0.118684 0.813468 0.569372 -18.9998
-0.885315 -0.254526 0.389144 14.6562 0.464777 -0.5098 0.723938 31.9982 0.0141251 0.821779 0.569631 -19.373
-0.943732 -0.103888 0.31397 10.6546 0.313844 -0.58067 0.751216 33.8097 0.10427 0.807484 0.580601 -19.1888
-0.961157 -0.141138 0.237185 6.45377 0.274562 -0.576582 0.769525 35.028 0.0281469 0.804756 0.592937 -18.6862
-0.975884 -0.0678574 0.207477 2.27946 0.203858 -0.62318 0.755043 36.1217 0.0780603 0.779129 0.621984 -18.4299
-0.991325 0.0475344 0.122539 -2.03037 0.0586852 -0.674142 0.736266 36.8724 0.117606 0.73707 0.665504 -17.83
-0.994981 0.0999281 0.00513722 -6.56781 -0.0657492 -0.691639 0.719244 37.0868 0.0754258 0.715297 0.694738 -17.2804
-0.9609 0.240766 -0.136761 -11.1506 -0.265343 -0.65947 0.703343 36.4604 0.0791515 0.712131 0.69757 -17.0117
-0.903423 0.316507 -0.289223 -15.5393 -0.427955 -0.624618 0.653228 35.0332 0.0260975 0.713916 0.699745 -16.7844
-0.841293 0.359674 -0.40356 -19.6546 -0.539916 -0.596038 0.594331 32.9828 -0.0267713 0.717895 0.695636 -16.5828
-0.78069 0.43858 -0.445164 -23.3755 -0.624911 -0.544337 0.559628 30.2837 0.00312266 0.715084 0.699032 -16.6408
-0.637478 0.522028 -0.566665 -26.7916 -0.770249 -0.449377 0.452523 27.1271 -0.0184166 0.724946 0.688559 -16.7732
-0.573704 0.519001 -0.633642 -29.6127 -0.817887 -0.40444 0.409254 23.4798 -0.0438669 0.753038 0.656513 -16.961
-0.498543 0.522143 -0.69197 -31.8778 -0.859742 -0.39994 0.317634 19.6276 -0.110896 0.75327 0.648295 -17.1214
-0.283201 0.626978 -0.725738 -33.8395 -0.957116 -0.136608 0.255473 15.417 0.0610343 0.766966 0.638778 -17.5498
-0.291772 0.620392 -0.727999 -34.879 -0.9559 -0.162453 0.244671 10.851 0.0335262 0.767283 0.640432 -17.3723
-0.15125 0.635014 -0.757549 -35.9246 -0.982666 -0.0134829 0.184894 6.37092 0.107196 0.772383 0.626046 -17.153
-0.0652273 0.626857 -0.776399 -36.2504 -0.996599 -0.00166384 0.0823835 1.86048 0.0503509 0.779133 0.624834 -16.6957
0.10744 0.620894 -0.776496 -36.3703 -0.989306 0.144258 -0.0215352 -2.85797 0.0986445 0.770506 0.629753 -16.2813
0.195005 0.635477 -0.747089 -35.574 -0.970099 0.237192 -0.0514591 -7.32951 0.144502 0.734785 0.66273 -15.9549
0.26846 0.647047 -0.713624 -34.5968 -0.960085 0.240113 -0.143464 -11.6695 0.0785224 0.723654 0.685681 -15.2775
0.47929 0.60119 -0.639415 -33.1039 -0.875082 0.383114 -0.295728 -15.8825 0.0671802 0.70128 0.709713 -15.0137
0.609363 0.546265 -0.574692 -30.6298 -0.791541 0.461401 -0.400716 -19.7102 0.0462663 0.699074 0.713551 -14.704
0.713781 0.469617 -0.519593 -27.7463 -0.699316 0.518566 -0.491983 -23.2152 0.0383993 0.714527 0.698553 -14.4563
0.726638 0.439083 -0.528396 -24.4029 -0.686069 0.504214 -0.524478 -26.3279 0.0361355 0.743622 0.667623 -14.3928
0.818686 0.347415 -0.457227 -20.8192 -0.57258 0.554408 -0.603973 -29.1994 0.043661 0.756263 0.652809 -14.1423
