0.999998 -0.00191151 -0.000446901 -0.000227411 0.001912 0.999998 0.00110166 0.000115196 0.000444794 -0.00110251 0.999999 -0.00225861
0.979153 -0.200839 0.0303884 0.346437 0.198561 0.977917 0.0652125 -0.0872253 -0.0428145 -0.057819 0.997409 0.0453083
0.8734 -0.483818 0.0556043 0.551848 0.475358 0.87176 0.118612 0.016256 -0.10586 -0.0771637 0.991383 -0.0462155
0.825159 -0.563864 0.0341962 0.667704 0.553418 0.819048 0.151289 0.00380981 -0.113315 -0.105913 0.987898 -0.266019
0.727822 -0.685727 -0.00729536 0.767442 0.677997 0.717939 0.157748 0.0825635 -0.102934 -0.119758 0.987453 -0.418613
0.691854 -0.721499 -0.0278895 1.03323 0.718487 0.684112 0.125567 0.21758 -0.0715168 -0.106912 0.991693 -0.508704
0.53699 -0.842216 -0.0481082 1.16271 0.841711 0.531119 0.0971365 0.344922 -0.0562587 -0.0926545 0.994108 -0.526234
0.415948 -0.905535 -0.0836309 1.43375 0.90659 0.405702 0.116188 0.44663 -0.0712832 -0.124147 0.9897 -0.625162
0.292026 -0.95639 0.00629301 1.68509 0.949603 0.290725 0.117185 0.694113 -0.113904 -0.0282453 0.99309 -0.461557
0.178588 -0.983795 0.0159523 1.87053 0.974264 0.179077 0.136897 0.916148 -0.137535 -0.00890643 0.990457 -0.524959
0.0682682 -0.997627 0.00888972 2.02212 0.989835 0.0688439 0.124444 1.29388 -0.124761 0.000303784 0.992187 -0.681585
0.0666929 -0.997307 -0.0304941 2.03477 0.990852 0.0626057 0.119553 1.6966 -0.117322 -0.0381885 0.992359 -0.790112
-0.00340343 -0.998989 -0.0448334 2.03504 0.99157 -0.00917851 0.129245 2.26444 -0.129526 -0.0440155 0.990599 -0.878663
-0.229102 -0.972796 0.0343672 2.00986 0.962583 -0.221165 0.156587 2.34779 -0.144727 0.0689558 0.987066 -0.817447
-0.400756 -0.912916 -0.0773223 1.96909 0.898526 -0.40812 0.161523 2.7553 -0.179014 -0.00474483 0.983835 -0.850519
-0.520536 -0.853663 -0.0173931 1.74498 0.837176 -0.514276 0.186161 3.00245 -0.167863 0.0823423 0.982365 -1.01264
-0.575246 -0.817883 -0.0126432 1.69258 0.804258 -0.568348 0.173635 3.47759 -0.149199 0.0897143 0.984729 -1.10399
-0.599703 -0.79929 0.0386217 1.43378 0.794152 -0.588527 0.151517 3.87928 -0.0983762 0.121537 0.9877 -1.22455
-0.686499 -0.725914 0.0420453 1.00101 0.726151 -0.681426 0.0914439 4.19607 -0.0377297 0.0933073 0.994922 -1.18858
-0.796909 -0.596989 0.0924151 0.750116 0.60207 -0.797412 0.0405678 4.37892 0.0494744 0.0879692 0.994894 -1.20463
-0.859104 -0.474681 0.191362 0.484428 0.489528 -0.871219 0.0366037 4.70244 0.149343 0.125123 0.980837 -1.19698
-0.902028 -0.377244 0.209836 -0.0165392 0.401978 -0.911239 0.0897657 4.79621 0.157347 0.165321 0.973607 -0.945637
-0.936443 -0.282309 0.208268 -0.369756 0.295996 -0.954468 0.0371098 5.07309 0.188309 0.0963978 0.977368 -0.915392
-0.969934 -0.15294 0.189306 -0.712567 0.163611 -0.985631 0.0419958 5.28724 0.180163 0.0717057 0.98102 -0.724788
-0.979623 -0.0906772 0.179209 -1.12888 0.104887 -0.991914 0.0714573 5.36749 0.171281 0.0887979 0.981212 -0.659997
-0.988808 0.0710381 0.131197 -1.6029 -0.0590931 -0.99393 0.092801 5.38733 0.136993 0.0840095 0.987003 -0.524856
-0.977257 0.195558 0.0820109 -1.98754 -0.183114 -0.973253 0.138735 5.41002 0.106948 0.120562 0.986928 -0.421582
-0.931215 0.361752 0.0444282 -2.53904 -0.353681 -0.92635 0.129559 5.41134 0.0880242 0.104934 0.990576 -0.36399
-0.867298 0.49549 0.0477881 -2.90189 -0.494875 -0.868611 0.0247645 5.20271 0.0537798 -0.00217095 0.99855 -0.455598
-0.798947 0.601402 0.000124835 -3.1744 -0.601233 -0.798726 0.0235658 4.95259 0.0142722 0.0187528 0.999722 -0.343942
-0.6608 0.74806 -0.061233 -3.55455 -0.75053 -0.657822 0.0630455 4.70748 0.00688138 0.0876177 0.99613 -0.414233
-0.579522 0.811426 -0.0757726 -3.9063 -0.814912 -0.576007 0.0643009 4.39739 0.00852988 0.0990118 0.99505 -0.363881
-0.506751 0.861329 -0.0362616 -4.17711 -0.861239 -0.503931 0.065728 4.15485 0.0383401 0.0645377 0.997178 -0.355107
-0.445552 0.893909 -0.0490851 -4.6474 -0.893511 -0.440593 0.0866966 3.55999 0.0558724 0.0824859 0.995025 -0.269953
-0.311752 0.949863 -0.0238982 -4.71959 -0.941893 -0.305629 0.139386 3.05785 0.125094 0.0659633 0.98995 -0.224464
-0.161772 0.986743 -0.0129852 -4.78194 -0.979892 -0.159064 0.120455 2.61778 0.116793 0.0322104 0.992634 -0.364237
-0.104301 0.994536 0.00442896 -4.90302 -0.991987 -0.104351 0.0712199 2.02892 0.071293 0.00303483 0.997451 -0.445982
0.0145378 0.999691 -0.0201485 -4.87604 -0.996554 0.0161321 0.081364 1.62513 0.0816639 0.0188962 0.996481 -0.361166
0.228388 0.973568 -0.00222235 -4.96473 -0.973315 0.22838 0.0223591 1.16073 0.0222757 -0.0029435 0.999748 -0.419747
0.289404 0.955185 -0.0621914 -4.75757 -0.955206 0.292388 0.0457296 0.502073 0.0618642 0.0461712 0.997016 -0.295436
0.335368 0.935324 -0.112679 -4.49883 -0.936718 0.343815 0.0659653 -0.139865 0.10044 0.0834256 0.991439 -0.296145
0.454847 0.885122 -0.0983546 -4.26941 -0.878187 0.464131 0.115626 -0.690874 0.147992 0.0337819 0.988411 -0.268677
0.606024 0.789761 -0.0949399 -3.81108 -0.774538 0.613061 0.155715 -1.25389 0.181182 -0.0208325 0.983229 -0.278626
0.660183 0.745723 -0.089752 -3.35025 -0.724306 0.663701 0.186764 -1.56745 0.198843 -0.0582907 0.978296 -0.211334
0.801604 0.576626 -0.157905 -3.01663 -0.561916 0.816856 0.130372 -1.98624 0.204162 -0.0157775 0.97881 -0.214931
0.89142 0.437986 -0.116355 -2.76786 -0.423556 0.896527 0.129768 -2.35969 0.161152 -0.0663954 0.984694 -0.375553
0.930002 0.342116 -0.134365 -2.31201 -0.329114 0.937861 0.11 -2.66482 0.163649 -0.0580791 0.984808 -0.241843
0.97196 0.193932 -0.132983 -1.78562 -0.174496 0.973933 0.144931 -2.9666 0.157624 -0.117662 0.980464 -0.198761
0.990617 -0.0156015 -0.135772 -1.18404 0.0384122 0.985199 0.167054 -3.08531 0.131156 -0.170702 0.976555 -0.0582969
0.989056 -0.11349 -0.0942817 -0.650302 0.122768 0.98746 0.0992462 -3.11025 0.081836 -0.109735 0.990586 0.0381004
0.989602 -0.139647 -0.0344561 0.129801 0.142491 0.984486 0.102393 -3.00858 0.0196225 -0.106238 0.994147 -0.0334226
0.918738 -0.392836 0.0400056 0.823995 0.38775 0.916685 0.0966368 -3.04162 -0.074635 -0.0732717 0.994515 0.144751
0.902925 -0.420942 0.0868044 1.77957 0.418095 0.907048 0.0496088 -2.71646 -0.0996181 -0.00850055 0.994989 0.110418
0.852225 -0.518823 0.067341 2.27096 0.50874 0.851845 0.124677 -2.49408 -0.122049 -0.0719939 0.989909 -0.0842873
0.785341 -0.61781 0.0393822 2.79039 0.608699 0.78222 0.132731 -2.13784 -0.112808 -0.0802671 0.990369 -0.139928
0.676151 -0.734505 0.0576491 3.30602 0.733475 0.678453 0.0414175 -1.81879 -0.0695335 0.0142797 0.997477 -0.262412
0.58728 -0.809294 0.0120169 3.81377 0.808715 0.587334 0.0319088 -1.29102 -0.0328815 -0.00902115 0.999419 -0.413299
0.507137 -0.859589 0.0625967 4.29735 0.860501 0.509082 0.0193211 -0.730953 -0.0484751 0.0440661 0.997852 -0.345027
0.404125 -0.913116 0.0538646 4.59503 0.908465 0.407538 0.0927548 -0.189596 -0.106648 0.0114495 0.994231 -0.429396
0.291042 -0.954415 0.0662344 4.82779 0.946589 0.297315 0.124794 0.476333 -0.138798 0.0263764 0.989969 -0.564148
0.144957 -0.98486 0.0950718 5.12828 0.983099 0.154222 0.098654 1.15338 -0.111822 0.0791643 0.99057 -0.720008
0.00982738 -0.999416 0.0327209 5.11431 0.994953 0.0130407 0.0994874 1.63291 -0.099856 0.0315781 0.994501 -0.845423
-0.0631448 -0.995207 0.0746704 5.08231 0.991553 -0.0540672 0.117896 2.44101 -0.113294 0.0814842 0.990215 -0.894421
-0.119968 -0.988101 0.0962474 5.02279 0.982379 -0.104157 0.155183 3.14576 -0.143312 0.113168 0.983186 -1.06846
-0.292146 -0.953445 0.0747888 4.84331 0.940417 -0.272167 0.203817 3.78533 -0.173973 0.129877 0.976148 -1.09645
-0.318133 -0.944852 0.0777582 4.46211 0.933334 -0.297748 0.200583 4.56307 -0.166369 0.136386 0.976586 -1.27671
-0.463818 -0.881609 0.0873918 4.03118 0.875663 -0.441233 0.196284 5.11091 -0.134486 0.167566 0.976645 -1.42659
-0.636904 -0.758588 0.13747 3.80296 0.768233 -0.609555 0.195606 5.68391 -0.0645891 0.230191 0.971 -1.53406
-0.707168 -0.686178 0.170508 3.1663 0.707038 -0.68739 0.16611 6.26989 0.00322493 0.238023 0.971254 -1.4694
-0.791421 -0.569578 0.221886 2.4542 0.603829 -0.784932 0.138825 6.75603 0.0950938 0.24385 0.96514 -1.58335
-0.853494 -0.46749 0.230218 1.85775 0.499873 -0.859307 0.108252 7.17316 0.147221 0.207472 0.967099 -1.64019
-0.90489 -0.376652 0.19826 1.19786 0.397846 -0.914009 0.0794066 7.57316 0.151303 0.150731 0.976928 -1.53692
-0.941625 -0.258849 0.215268 0.500459 0.282597 -0.955239 0.0875055 7.97776 0.182981 0.143231 0.972627 -1.37881
-0.96093 -0.190973 0.200356 -0.392744 0.217356 -0.968808 0.119026 8.27282 0.171376 0.157924 0.972466 -1.05307
-0.970763 0.109208 0.213757 -0.982675 -0.0853808 -0.98937 0.117715 8.3824 0.22434 0.0960231 0.969768 -0.971817
-0.981554 0.105954 0.15914 -1.86343 -0.0877296 -0.989191 0.117493 8.434 0.169868 0.101364 0.98024 -0.919567
-0.971422 0.224651 0.076622 -2.66153 -0.213816 -0.968389 0.128472 8.40613 0.103061 0.108417 0.988749 -0.80422
-0.92975 0.36556 0.0439408 -3.5784 -0.360263 -0.92786 0.0963634 8.16872 0.0759975 0.0737636 0.994376 -0.542778
-0.887359 0.460839 0.014917 -4.31391 -0.455962 -0.881857 0.120114 7.90178 0.0685077 0.0997824 0.992648 -0.468212
-0.826954 0.561893 -0.0205833 -5.02367 -0.561717 -0.823963 0.0745563 7.50902 0.0249328 0.0732166 0.997004 -0.569256
-0.725732 0.683436 -0.0789224 -5.73488 -0.687077 -0.725864 0.0323402 6.89468 -0.0351845 0.0776961 0.996356 -0.674689
-0.635915 0.762165 -0.121312 -6.35642 -0.771464 -0.632117 0.0726089 6.20574 -0.0213433 0.139761 0.989955 -0.723245
-0.489894 0.86737 -0.0875978 -6.80529 -0.871469 -0.484546 0.0758818 5.70438 0.0233724 0.113513 0.993262 -0.683457
-0.340278 0.932488 -0.121145 -7.18259 -0.939879 -0.333314 0.0743648 4.98547 0.0289649 0.139167 0.989845 -0.567276
-0.253959 0.958388 -0.13037 -7.53081 -0.965566 -0.243345 0.0920091 4.03557 0.0564555 0.149247 0.987187 -0.578705
-0.195934 0.975036 -0.104471 -7.81639 -0.978895 -0.188167 0.0797313 3.13965 0.0580829 0.117888 0.991327 -0.493822
-0.0442474 0.988366 -0.145516 -7.96397 -0.995368 -0.0311717 0.0909411 2.31789 0.0853471 0.148866 0.985167 -0.550315
0.0947606 0.984036 -0.150646 -8.03364 -0.995446 0.0952411 -0.00403916 1.55724 0.010373 0.150343 0.98858 -0.377681
0.245398 0.961923 -0.120353 -7.80149 -0.969336 0.245136 -0.0172076 0.516464 0.0129505 0.120886 0.992582 -0.537756
0.300824 0.938154 -0.171382 -7.54787 -0.953505 0.299314 -0.0352098 -0.369353 0.0182648 0.174006 0.984575 -0.446698
0.394934 0.909325 -0.130977 -7.23456 -0.91625 0.400278 0.0162258 -1.21966 0.0671815 0.113599 0.991253 -0.458673
0.565462 0.814234 -0.131435 -6.89305 -0.816325 0.575269 0.0517579 -2.11699 0.117754 0.0780269 0.989973 -0.49748
0.600609 0.770819 -0.212383 -6.25184 -0.77817 0.624561 0.0661427 -3.10282 0.18363 0.125545 0.974945 -0.49956
0.695816 0.697097 -0.172904 -5.51905 -0.687762 0.716075 0.119248 -3.74689 0.20694 0.0359427 0.977693 -0.294735
0.762712 0.634897 -0.123191 -4.81954 -0.62168 0.772246 0.130961 -4.43678 0.17828 -0.0233003 0.983704 -0.317684
0.86697 0.474913 -0.151066 -4.11541 -0.470573 0.879918 0.0656115 -5.05976 0.164085 0.0142043 0.986344 -0.186447
0.928411 0.347651 -0.131119 -3.21467 -0.342791 0.937575 0.05871 -5.49961 0.143344 -0.00956067 0.989627 -0.117958
0.961835 0.236313 -0.137948 -2.16507 -0.228921 0.971107 0.0674183 -5.94648 0.149894 -0.0332659 0.988142 0.078851
0.987347 0.0724734 -0.141044 -1.21172 -0.0661213 0.996597 0.0492195 -6.07705 0.144131 -0.0392708 0.988779 0.115979
0.995589 -0.0291216 -0.0891882 -0.242693 0.0322283 0.998916 0.0335931 -6.14211 0.0881132 -0.0363194 0.995448 0.303647
0.983139 -0.169099 -0.0695912 0.826424 0.173414 0.982929 0.0614676 -5.98148 0.0580092 -0.0724993 0.99568 0.346964
0.955708 -0.292402 0.033508 1.97459 0.28549 0.948693 0.135929 -5.79372 -0.0715346 -0.120342 0.990152 0.247659
0.898601 -0.410041 0.156148 2.9214 0.401574 0.911979 0.083859 -5.51824 -0.176789 -0.0126508 0.984167 0.278163
0.868402 -0.469155 0.160538 3.85144 0.468372 0.88238 0.0450859 -5.12848 -0.162808 0.036039 0.985999 -0.049209
0.792359 -0.598069 0.120339 4.73466 0.598868 0.800149 0.0334545 -4.53012 -0.116297 0.0455592 0.992169 0.0126972
0.757345 -0.647883 0.0817132 5.53447 0.647792 0.761177 0.0312285 -3.84051 -0.0824306 0.0292824 0.996167 -0.321951
0.663935 -0.744294 0.0722227 6.21977 0.744137 0.667138 0.0344565 -3.10657 -0.0738283 0.0308667 0.996793 -0.531083
0.523705 -0.843838 0.116917 6.83672 0.846757 0.530675 0.0372283 -2.28921 -0.0934597 0.0795037 0.992444 -0.63581
0.43217 -0.891637 0.13495 7.284 0.896915 0.440535 0.038367 -1.4183 -0.0936595 0.104457 0.990109 -0.800193
0.252776 -0.95391 0.16174 7.75935 0.964798 0.261058 0.0318272 -0.494433 -0.0725838 0.148001 0.98632 -0.908011
0.181437 -0.972781 0.144147 8.08955 0.980468 0.190257 0.04985 0.643533 -0.0759182 0.132287 0.9883 -1.00699
-0.0396215 -0.987013 0.155679 8.19437 0.995778 -0.026093 0.0880027 1.54767 -0.0827976 0.158509 0.98388 -1.09691
-0.14488 -0.972032 0.184833 8.228 0.985812 -0.125805 0.111119 2.49011 -0.0847583 0.198309 0.976468 -1.35616
-0.294582 -0.942171 0.159795 8.09913 0.948697 -0.268229 0.167411 3.55586 -0.114868 0.200914 0.972851 -1.47817
-0.38546 -0.892945 0.232531 7.79475 0.916717 -0.341883 0.20675 4.63685 -0.105118 0.292859 0.95036 -1.56644
-0.49744 -0.85551 0.143724 7.30443 0.862787 -0.470657 0.184613 5.61706 -0.0902931 0.215837 0.972246 -1.84717
-0.615129 -0.778265 0.126176 6.71574 0.784082 -0.587076 0.201389 6.49933 -0.0826589 0.222813 0.971351 -2.08915
-0.673582 -0.729366 0.119638 6.14564 0.73383 -0.640631 0.226021 7.5202 -0.0882078 0.240038 0.966748 -2.25478
-0.744473 -0.640384 0.188859 5.2776 0.667118 -0.702185 0.248776 8.30696 -0.0266979 0.311198 0.94997 -2.28936
-0.761595 -0.611624 0.214216 4.24882 0.647323 -0.733662 0.20667 9.05197 0.0307573 0.296066 0.954672 -2.37943
-0.846955 -0.497953 0.186304 3.35547 0.526108 -0.835492 0.158632 9.80973 0.076664 0.23237 0.969601 -2.33562
-0.898914 -0.363641 0.244375 2.33061 0.411207 -0.892749 0.184141 10.4212 0.151204 0.266016 0.952036 -2.20875
-0.943703 -0.204056 0.260358 1.2296 0.255288 -0.949785 0.18093 10.9593 0.210365 0.23721 0.948408 -1.92975
-0.97231 -0.147309 0.181419 0.149577 0.185417 -0.958806 0.215202 11.1194 0.142244 0.242881 0.95957 -1.5704
-0.976382 0.000731554 0.216048 -1.19895 0.0648268 -0.952924 0.296198 11.3289 0.206094 0.303208 0.930371 -1.27906
-0.986319 0.104039 0.127872 -2.29957 -0.0727516 -0.970778 0.228685 11.4414 0.147927 0.216253 0.965066 -1.11341
-0.953241 0.298548 0.0469213 -3.41304 -0.279663 -0.930266 0.237473 11.4056 0.114546 0.213247 0.97026 -1.0234
-0.921349 0.388522 0.0129337 -4.65348 -0.379883 -0.906925 0.182144 11.0424 0.0824969 0.162905 0.983187 -0.865118
-0.823866 0.55845 -0.096837 -5.73015 -0.566784 -0.811746 0.1408 10.6626 2.27739e-05 0.170886 0.985291 -0.808566
-0.801792 0.573006 -0.169688 -6.76016 -0.591257 -0.801897 0.0858837 9.9705 -0.0868606 0.16919 0.981748 -0.756757
-0.68186 0.70304 -0.201994 -7.69851 -0.725785 -0.684642 0.0670964 9.20037 -0.0911224 0.192355 0.977086 -0.874415
-0.623086 0.752631 -0.212862 -8.5874 -0.780167 -0.617428 0.100608 8.10775 -0.0557063 0.228755 0.971889 -1.13669
-0.520983 0.837726 -0.16368 -9.3121 -0.853564 -0.510831 0.102374 7.22605 0.00214873 0.193047 0.981187 -1.17566
-0.43131 0.87045 -0.237251 -9.97043 -0.900732 -0.400436 0.168325 6.07173 0.0515147 0.2863 0.956754 -1.14879
-0.309338 0.916476 -0.253735 -10.5799 -0.950937 -0.299628 0.0770828 4.90625 -0.00538153 0.26513 0.964198 -1.04692
-0.138551 0.940551 -0.310107 -10.8149 -0.989668 -0.119831 0.0787226 3.76281 0.0368823 0.317811 0.947437 -1.08492
-0.0495634 0.971364 -0.232367 -11.0084 -0.995386 -0.028902 0.0914942 2.39585 0.0821583 0.23583 0.968315 -1.03703
0.0920005 0.956158 -0.278024 -10.9283 -0.995662 0.0922365 -0.0122601 1.27534 0.0139214 0.277945 0.960496 -0.843143
0.272554 0.942492 -0.193451 -10.7927 -0.962136 0.266404 -0.0576397 -0.123739 -0.00278873 0.201836 0.979415 -1.0032
0.397957 0.893315 -0.208851 -10.4843 -0.917403 0.387218 -0.091833 -1.29448 -0.00116489 0.228146 0.973626 -1.09912
0.494411 0.841371 -0.218294 -9.93889 -0.868115 0.490661 -0.075026 -2.57953 0.0439835 0.226598 0.972995 -1.05411
0.5694 0.800605 -0.186587 -9.34007 -0.813935 0.580892 0.00863237 -3.82076 0.115298 0.146954 0.982401 -1.00557
0.655273 0.716909 -0.238029 -8.59547 -0.739838 0.672701 -0.0106307 -4.92305 0.152501 0.183069 0.9712 -0.833795
0.754721 0.626606 -0.194324 -7.66953 -0.644094 0.764002 -0.0379939 -5.95649 0.124657 0.153838 0.980201 -0.545102
0.848819 0.5098 -0.140034 -6.65242 -0.514116 0.857698 0.00616273 -6.92114 0.123249 0.0667626 0.990128 -0.423647
0.884987 0.435523 -0.164674 -5.44614 -0.444913 0.895272 -0.0232653 -7.63555 0.137296 0.0938552 0.986074 -0.268334
0.936508 0.333655 -0.107828 -4.27517 -0.333734 0.942498 0.0178552 -8.35494 0.107585 0.0192641 0.994009 -0.0854109
0.957418 0.266013 -0.112195 -2.81852 -0.270195 0.962517 -0.0235908 -8.84594 0.101714 0.0529008 0.993406 0.0723364
0.986182 0.0916019 -0.138035 -1.61091 -0.103112 0.991554 -0.0786655 -9.17466 0.129663 0.0918115 0.987298 0.196693
0.994626 0.00737293 -0.103274 -0.203756 -0.0149132 0.997262 -0.0724316 -9.21056 0.102457 0.0735824 0.992012 0.308364
0.991157 -0.130394 -0.0246162 1.28191 0.127959 0.988306 -0.0829315 -9.03137 0.0351421 0.0790482 0.996251 0.427871
0.967019 -0.228806 0.1119 2.69724 0.233651 0.97179 -0.0321134 -8.80873 -0.101396 0.0571998 0.9932 0.430514
0.910598 -0.334835 0.242273 4.0546 0.347582 0.937589 -0.010607 -8.22772 -0.223601 0.0938686 0.97015 0.20755
0.840515 -0.48469 0.242094 5.29956 0.507976 0.860393 -0.0410464 -7.74202 -0.188401 0.157478 0.969384 -0.117086
0.777575 -0.592108 0.211625 6.47258 0.60482 0.796341 0.00579755 -6.96257 -0.171959 0.123487 0.977334 -0.296274
0.717172 -0.674594 0.174892 7.53611 0.687097 0.726396 -0.015692 -6.00228 -0.116456 0.131422 0.984462 -0.571308
0.611096 -0.778402 0.143705 8.47516 0.783564 0.620607 0.0295726 -5.09378 -0.112204 0.0945301 0.989179 -0.786088
0.427112 -0.882387 0.197406 9.40207 0.895688 0.442769 0.0412094 -4.03443 -0.123768 0.159213 0.979455 -1.03673
0.412731 -0.885198 0.214658 10.0093 0.904052 0.426856 0.0219929 -2.65869 -0.111096 0.184985 0.976442 -1.20507
0.289974 -0.931721 0.218655 10.5766 0.945543 0.314214 0.0849592 -1.25892 -0.147863 0.182112 0.972097 -1.46989
0.15704 -0.956636 0.24533 11.0661 0.978311 0.184664 0.0938417 0.0668439 -0.135076 0.225272 0.964887 -1.46627
-0.0101344 -0.965569 0.259949 11.1983 0.992407 0.0221563 0.120988 1.48778 -0.122582 0.259202 0.958013 -1.60981
-0.117346 -0.96853 0.219498 11.1194 0.979473 -0.0763969 0.186539 2.86298 -0.1639 0.236882 0.957614 -1.9371
-0.274429 -0.935983 0.220509 10.9977 0.941064 -0.214263 0.261705 4.31925 -0.197704 0.279333 0.93962 -2.23094
-0.389859 -0.881688 0.265776 10.5082 0.903381 -0.31019 0.296116 5.66884 -0.178641 0.355541 0.91743 -2.39317
-0.525452 -0.827409 0.198228 9.92945 0.843793 -0.476881 0.246166 7.04662 -0.109149 0.296612 0.94874 -2.67811
-0.605957 -0.760974 0.231809 9.17734 0.790201 -0.542228 0.285606 8.24349 -0.0916453 0.35624 0.929889 -2.94983
-0.678982 -0.698984 0.22451 8.27231 0.73386 -0.637528 0.234535 9.42633 -0.0208051 0.324004 0.945827 -3.17265
-0.812982 -0.53848 0.221583 7.17667 0.581521 -0.770361 0.261491 10.4883 0.0298909 0.341443 0.939427 -3.4172
-0.801391 -0.560613 0.208532 6.03131 0.597962 -0.759401 0.25642 11.4708 0.014607 0.330187 0.943803 -3.29967
-0.857514 -0.442397 0.262594 4.74173 0.504634 -0.8226 0.262057 12.3366 0.100077 0.357232 0.928639 -3.17618
-0.918137 -0.267434 0.29241 3.40854 0.349241 -0.894771 0.278236 13.121 0.18723 0.35758 0.914922 -3.11755
-0.932901 -0.158856 0.323202 1.91445 0.263339 -0.913089 0.311321 13.7507 0.245657 0.375544 0.893655 -2.83692
-0.974138 -0.0355017 0.223146 0.509442 0.111944 -0.933687 0.340143 14.1642 0.196273 0.356326 0.913515 -2.46652
-0.98835 -0.00600975 0.152081 -1.14662 0.0591709 -0.935788 0.347563 14.209 0.140227 0.352512 0.925241 -2.24167
-0.982919 0.111116 0.146711 -2.68838 -0.0507339 -0.929872 0.364368 14.3718 0.176909 0.350701 0.919626 -2.01659
-0.97304 0.230523 -0.00719286 -4.31322 -0.219046 -0.913937 0.341671 14.2643 0.0721891 0.334035 0.939792 -1.76178
-0.937413 0.340678 -0.0720758 -5.79659 -0.344716 -0.878602 0.330498 13.7843 0.0492675 0.334659 0.94105 -1.50667
-0.866379 0.460502 -0.193197 -7.37278 -0.495886 -0.839048 0.223821 13.2133 -0.0590317 0.289718 0.95529 -1.37363
-0.735454 0.598103 -0.318404 -8.48971 -0.666576 -0.722982 0.181588 12.3625 -0.121591 0.34579 0.9304 -1.44087
-0.681927 0.64694 -0.341239 -9.82358 -0.72031 -0.675009 0.159737 11.2209 -0.126999 0.354727 0.926304 -1.68036
-0.588177 0.756918 -0.284819 -10.8852 -0.802988 -0.588483 0.0943262 10.0577 -0.0962141 0.284187 0.953929 -1.87526
-0.556684 0.781948 -0.280463 -11.9481 -0.830724 -0.523622 0.188993 8.64574 0.000926153 0.338197 0.941075 -1.97376
-0.433104 0.850626 -0.298089 -12.8103 -0.901118 -0.401234 0.164307 7.22863 0.0201604 0.339775 0.940291 -2.09535
-0.271477 0.90966 -0.314353 -13.3447 -0.96242 -0.254226 0.0954857 5.81174 0.00694295 0.328462 0.944492 -1.973
-0.0607032 0.935886 -0.347033 -13.7495 -0.998151 -0.0558659 0.0239367 4.15831 0.00301468 0.347844 0.937547 -1.96013
-0.0507773 0.935725 -0.349056 -13.8989 -0.997517 -0.0304392 0.0635099 2.41444 0.0488028 0.351414 0.934947 -1.94581
0.107301 0.933468 -0.342234 -13.7879 -0.993292 0.115574 0.0038094 0.933372 0.0431094 0.339529 0.939607 -1.88924
0.303463 0.897086 -0.321166 -13.7441 -0.95238 0.296071 -0.0728937 -0.81242 0.029696 0.327992 0.944214 -1.78598
0.382304 0.873827 -0.300449 -13.1576 -0.92207 0.381965 -0.0623703 -2.32616 0.0602601 0.300879 0.951756 -1.83726
0.477149 0.834662 -0.275079 -12.5106 -0.874121 0.483082 -0.0504425 -4.01602 0.0907833 0.264521 0.960097 -1.80407
0.58157 0.76714 -0.27069 -11.6529 -0.798739 0.601574 -0.0111959 -5.57832 0.154251 0.222721 0.962602 -1.61861
0.620996 0.754874 -0.211017 -10.6132 -0.776082 0.62989 -0.0305947 -6.9619 0.109822 0.182765 0.977004 -1.44428
0.745393 0.64038 -0.185211 -9.58916 -0.658402 0.750719 -0.0541141 -8.26999 0.104388 0.16228 0.981208 -1.11531
0.793084 0.577637 -0.19327 -8.1469 -0.594052 0.803628 -0.0358452 -9.46985 0.134612 0.143241 0.980491 -0.758598
0.860779 0.47364 -0.186347 -6.74983 -0.494813 0.864497 -0.0883508 -10.354 0.11925 0.168257 0.978503 -0.646803
0.95532 0.274153 -0.110474 -5.2349 -0.28215 0.9572 -0.0644903 -11.2296 0.0880654 0.0927791 0.991785 -0.405353
0.949784 0.278236 -0.143163 -3.66516 -0.293322 0.951007 -0.0977095 -11.835 0.108962 0.134796 0.984864 -0.226275
0.993006 0.0619286 -0.100522 -1.93722 -0.0735269 0.990511 -0.116111 -12.1159 0.0923778 0.12269 0.988136 -0.139858
0.997769 0.0359691 -0.0562378 -0.171152 -0.0444878 0.986367 -0.158431 -12.2086 0.0497725 0.16058 0.985767 -0.0345569
0.991418 -0.128406 0.0245568 1.74161 0.130732 0.973158 -0.1894 -12.0009 0.000422291 0.190984 0.981593 0.0390331
0.952979 -0.273266 0.130985 3.4489 0.285573 0.954448 -0.0864719 -11.7724 -0.101389 0.119812 0.987606 0.0391985
0.89397 -0.3885 0.223352 5.17162 0.425437 0.892363 -0.150636 -11.0728 -0.140788 0.229686 0.963028 -0.15549
0.855723 -0.473794 0.207986 6.77932 0.500354 0.86011 -0.0992809 -10.3253 -0.131852 0.189024 0.97308 -0.573664
0.792035 -0.54466 0.275729 8.39995 0.5841 0.807442 -0.0828563 -9.34598 -0.177507 0.226678 0.957658 -0.703152
0.687545 -0.685808 0.23864 9.56378 0.709583 0.70433 -0.0202625 -8.29703 -0.154185 0.183266 0.970897 -1.00401
0.629876 -0.73637 0.247012 10.9046 0.767995 0.637952 -0.0565703 -6.94582 -0.115925 0.225337 0.96736 -1.22526
0.497801 -0.823535 0.272 12.0951 0.854121 0.519956 0.0110982 -5.41207 -0.150568 0.226797 0.962233 -1.47039
0.379073 -0.871851 0.310127 12.8341 0.914632 0.403908 0.0175262 -3.91399 -0.140543 0.277009 0.950533 -1.85747
0.247265 -0.924439 0.290298 13.4175 0.964756 0.262724 0.0148897 -2.23061 -0.0900329 0.276385 0.956821 -2.06827
0.110928 -0.964939 0.237881 13.9034 0.9863 0.136293 0.0929324 -0.496156 -0.122096 0.224313 0.966838 -2.34119
-0.05384 -0.960162 0.274207 14.179 0.989019 -0.0134264 0.147178 1.2463 -0.137633 0.27912 0.950342 -2.59005
-0.19008 -0.942463 0.275015 14.11 0.972465 -0.142268 0.184585 3.08096 -0.134839 0.302528 0.943554 -2.72405
-0.278257 -0.920224 0.275248 13.6953 0.940874 -0.203496 0.270822 4.99036 -0.193205 0.334332 0.922439 -3.09773
-0.344865 -0.880636 0.324884 13.2174 0.916388 -0.240937 0.319659 6.65072 -0.203226 0.407958 0.890095 -3.39081
-0.48148 -0.83765 0.257913 12.4379 0.866879 -0.411746 0.281047 8.35943 -0.129224 0.358898 0.924388 -3.76295
-0.592123 -0.766642 0.248295 11.4824 0.790118 -0.491739 0.365932 9.86875 -0.158443 0.41286 0.896907 -4.08821
-0.662785 -0.706793 0.247304 10.2639 0.743936 -0.583904 0.324986 11.2628 -0.0852958 0.399374 0.912812 -4.38053
-0.754653 -0.626235 0.195777 8.83213 0.653954 -0.693648 0.301986 12.745 -0.053314 0.355924 0.932993 -4.5042
-0.83885 -0.456806 0.296072 7.66024 0.537334 -0.781959 0.315931 13.8864 0.087197 0.424109 0.901404 -4.60955
-0.850293 -0.439553 0.289473 6.04075 0.517031 -0.800434 0.30329 14.8863 0.0983919 0.407551 0.907866 -4.41926
-0.886919 -0.38183 0.259965 4.18958 0.44912 -0.844401 0.292024 15.8742 0.108011 0.375757 0.920402 -4.19847
-0.935983 -0.293057 0.195073 2.54783 0.341199 -0.891631 0.29762 16.5724 0.0867135 0.345126 0.934542 -3.93199
-0.981019 -0.125011 0.148236 0.681381 0.168261 -0.928755 0.330306 17.0245 0.096383 0.348979 0.932161 -3.63547
-0.989314 0.0275681 0.143172 -1.28838 0.0342459 -0.910554 0.411968 17.1318 0.141723 0.412469 0.89988 -3.33045
-0.975153 0.188827 0.115846 -3.08335 -0.118797 -0.887117 0.445993 17.1733 0.186984 0.42115 0.887508 -3.29648
-0.971216 0.230717 0.0592369 -5.00798 -0.173528 -0.855661 0.487578 16.985 0.163179 0.463264 0.871068 -2.9223
-0.918766 0.37032 -0.136862 -6.91777 -0.387713 -0.780921 0.489736 16.5964 0.0744809 0.503016 0.861062 -2.58266
-0.84133 0.433954 -0.322253 -8.72658 -0.533776 -0.760923 0.36889 15.7346 -0.085128 0.482369 0.871822 -2.41688
-0.754615 0.541807 -0.370137 -10.3038 -0.651707 -0.684527 0.326652 14.5799 -0.0763857 0.487717 0.869653 -2.61881
-0.667481 0.651206 -0.361109 -11.7895 -0.740915 -0.62919 0.234871 13.1622 -0.0742568 0.424323 0.902461 -2.80447
-0.578621 0.754986 -0.308535 -13.108 -0.814057 -0.557842 0.161628 11.8375 -0.0500869 0.344686 0.937381 -3.01122
-0.518518 0.779986 -0.350372 -14.4637 -0.854363 -0.489222 0.175288 10.128 -0.0346871 0.390235 0.920061 -3.1172
-0.384661 0.84928 -0.361606 -15.4164 -0.923025 -0.350621 0.158396 8.47424 0.00773573 0.394701 0.918777 -3.09188
-0.238239 0.899389 -0.366526 -16.045 -0.9712 -0.219181 0.0934398 6.64106 0.00370307 0.378231 0.925704 -3.12866
-0.100189 0.911967 -0.397842 -16.5656 -0.994801 -0.08448 0.0568701 4.47264 0.0182539 0.401472 0.91569 -3.13923
-0.0384893 0.92382 -0.380887 -16.7015 -0.998562 -0.0213263 0.0491807 2.44915 0.0373112 0.382233 0.923313 -3.03232
0.0950406 0.91972 -0.380897 -16.5765 -0.992066 0.119139 0.0401355 0.440675 0.082293 0.374061 0.923746 -2.90122
0.229051 0.906624 -0.354356 -16.3549 -0.971815 0.233847 -0.0298686 -1.69558 0.0557854 0.35121 0.934633 -2.85821
0.346687 0.876202 -0.33478 -15.9171 -0.93361 0.35676 -0.0330841 -3.47293 0.0904478 0.324024 0.941715 -2.84245
0.452402 0.827901 -0.331531 -14.9585 -0.886169 0.459084 -0.0628254 -5.52845 0.100187 0.322215 0.94135 -2.58993
0.5258 0.792658 -0.308589 -14.1552 -0.83941 0.542201 -0.0375327 -7.24819 0.137566 0.278767 0.950455 -2.41889
0.667523 0.68496 -0.291964 -12.9728 -0.727321 0.683782 -0.0587047 -8.8747 0.159429 0.251538 0.954626 -2.21643
0.748585 0.588315 -0.305789 -11.5738 -0.629266 0.775701 -0.0480791 -10.3907 0.208915 0.228414 0.950885 -1.80749
0.819932 0.507403 -0.265055 -9.97717 -0.54894 0.828246 -0.112578 -11.8275 0.162408 0.237805 0.957639 -1.30348
0.869344 0.458257 -0.185045 -8.28954 -0.48263 0.86779 -0.118355 -13.0147 0.106343 0.1922 0.975577 -1.22462
0.928801 0.34018 -0.146989 -6.29057 -0.361097 0.919947 -0.152662 -14.1192 0.0832894 0.19487 0.977286 -1.1565
0.956927 0.251814 -0.1445 -4.34147 -0.277625 0.93928 -0.201688 -14.6655 0.0849379 0.233117 0.968732 -0.893893
0.98619 0.135494 -0.0952393 -2.24624 -0.160307 0.925403 -0.343411 -15.1877 0.0416046 0.353936 0.934344 -0.584387
0.999656 -0.0258567 0.00433918 -0.154863 0.0261604 0.972702 -0.230579 -15.338 0.00174128 0.230613 0.973044 -0.579438
0.977209 -0.203698 0.0597461 2.04847 0.212279 0.937344 -0.27627 -15.0518 0.000272801 0.282656 0.959221 -0.543158
0.944682 -0.293431 0.146541 4.27971 0.320459 0.920927 -0.221808 -14.6266 -0.069868 0.256498 0.964016 -0.650369
0.907172 -0.378425 0.183937 6.38808 0.409699 0.894024 -0.181293 -13.8477 -0.0958389 0.239823 0.966075 -0.914113
0.860737 -0.477943 0.175224 8.30826 0.499327 0.859657 -0.10799 -12.8663 -0.0990195 0.180445 0.978588 -1.1688
0.794122 -0.564859 0.224285 10.0411 0.599567 0.788506 -0.137033 -11.7188 -0.0994458 0.243295 0.964841 -1.53667
0.719253 -0.654537 0.232931 11.6497 0.675736 0.736977 -0.0156526 -10.4284 -0.161419 0.168658 0.972367 -1.67362
0.570911 -0.768052 0.290098 13.1937 0.8122 0.579982 -0.0628679 -9.02248 -0.119966 0.27151 0.95493 -1.90428
0.49154 -0.801272 0.341103 14.4884 0.858644 0.511287 -0.0362888 -7.00427 -0.145324 0.310724 0.939325 -2.28178
0.387187 -0.84646 0.365503 15.6023 0.911183 0.411844 -0.0114599 -5.058 -0.14083 0.337477 0.93074 -2.73149
0.304502 -0.897192 0.319882 16.2486 0.946084 0.323831 0.00766949 -3.00482 -0.110469 0.3003 0.947426 -2.97275
0.171339 -0.903499 0.392852 16.8176 0.980899 0.193712 0.0176966 -0.874832 -0.092089 0.382316 0.919432 -3.15678
0.0100951 -0.947945 0.318275 17.1082 0.990436 0.0532793 0.127271 1.19979 -0.137604 0.313946 0.939416 -3.4405
-0.121988 -0.940109 0.3183 17.0011 0.980452 -0.0642584 0.185968 3.43308 -0.154377 0.334764 0.92957 -3.70152
-0.245447 -0.930013 0.273555 16.5552 0.938506 -0.157281 0.307359 5.44009 -0.242823 0.332173 0.911426 -4.13697
-0.44688 -0.822001 0.353005 15.965 0.881257 -0.336611 0.331782 7.4341 -0.1539 0.459355 0.874819 -4.6188
-0.504976 -0.806612 0.307209 14.9561 0.853423 -0.41336 0.317494 9.43342 -0.129106 0.422506 0.897118 -5.11201
-0.624274 -0.71273 0.31984 13.7251 0.775427 -0.515636 0.364462 11.2482 -0.094842 0.475537 0.874568 -5.49898
-0.705904 -0.613942 0.353236 12.4471 0.708295 -0.614808 0.346884 12.9999 0.00420601 0.495062 0.868848 -5.6904
-0.723148 -0.615843 0.312719 10.848 0.688962 -0.611135 0.389673 14.7162 -0.0488638 0.497243 0.866234 -5.64321
-0.776428 -0.557743 0.293397 9.04402 0.630173 -0.6824 0.370421 16.1301 -0.00638576 0.472496 0.881309 -5.80317
-0.872653 -0.413195 0.260281 7.33828 0.483273 -0.807297 0.338703 17.3913 0.0701741 0.421357 0.904176 -5.70944
-0.924256 -0.327356 0.19644 5.29875 0.375207 -0.873907 0.309041 18.4182 0.070504 0.359338 0.93054 -5.35507
-0.968715 -0.210308 0.131765 3.27161 0.24167 -0.920153 0.308082 19.3202 0.0564518 0.330287 0.942191 -5.18884
-0.988687 -0.0915467 0.118817 1.08555 0.125866 -0.937224 0.325221 19.8576 0.0815854 0.336497 0.938144 -4.92879
-0.998117 0.0242949 0.0563172 -1.36977 -0.000811509 -0.923354 0.383948 19.9387 0.0613287 0.383179 0.921636 -4.80355
-0.989748 0.138867 0.0333768 -3.56718 -0.109874 -0.889642 0.443244 19.8151 0.0912452 0.435033 0.895779 -4.56295
-0.976684 0.209624 -0.0463184 -5.99035 -0.207077 -0.862995 0.460825 19.5848 0.0566275 0.459672 0.886282 -4.42492
-0.916855 0.377416 -0.130133 -7.9794 -0.393389 -0.798599 0.455505 19.0239 0.0679912 0.468825 0.88067 -4.2601
-0.86052 0.471363 -0.193189 -10.0647 -0.507848 -0.764044 0.397905 17.9125 0.0399526 0.440516 0.896856 -4.12958
-0.791678 0.53491 -0.295157 -12.1039 -0.60866 -0.732262 0.305493 16.6273 -0.0527207 0.421502 0.905294 -4.07488
-0.687836 0.625879 -0.367637 -13.8395 -0.7156 -0.669581 0.198942 15.1913 -0.121649 0.39992 0.908441 -4.21699
-0.611591 0.709562 -0.349968 -15.4295 -0.789222 -0.578202 0.206908 13.4698 -0.0555385 0.402746 0.913625 -4.25915
-0.495743 0.779038 -0.383847 -16.8631 -0.868411 -0.449802 0.208665 11.5263 -0.0100971 0.43678 0.899511 -4.46444
-0.336627 0.802277 -0.492984 -18.0979 -0.940917 -0.307066 0.142775 9.49525 -0.0368335 0.51192 0.858243 -4.32326
-0.219966 0.835428 -0.503661 -18.714 -0.975397 -0.180599 0.126429 7.22726 0.0146613 0.519079 0.8546 -4.42988
-0.132749 0.88278 -0.450642 -19.1677 -0.990288 -0.0991722 0.0974449 4.86576 0.0413312 0.4592 0.887371 -4.51209
-0.0333126 0.885904 -0.462671 -19.3851 -0.993194 0.0223521 0.11431 2.47262 0.111609 0.463329 0.87913 -4.41368
0.0902698 0.900845 -0.424653 -19.3642 -0.991066 0.123289 0.0508665 0.0692379 0.0981777 0.416268 0.903926 -4.21156
0.226948 0.885368 -0.405732 -19.0415 -0.965799 0.258242 0.0232984 -2.33587 0.125405 0.386568 0.913695 -4.1498
0.359941 0.834976 -0.416243 -18.4783 -0.913061 0.406945 0.0267665 -4.57306 0.191737 0.370421 0.908859 -3.94029
0.398252 0.832616 -0.384897 -17.4443 -0.902305 0.431096 -0.0010585 -6.85794 0.165046 0.347716 0.922959 -3.65166
0.555938 0.742156 -0.37435 -16.5122 -0.809425 0.585813 -0.0406746 -8.94455 0.189112 0.325621 0.926395 -3.35831
0.64119 0.693397 -0.328751 -15.059 -0.755565 0.645343 -0.112491 -11.0026 0.134156 0.32052 0.937693 -2.88027
0.728704 0.604809 -0.321242 -13.4304 -0.663818 0.739115 -0.114253 -12.7949 0.168333 0.296503 0.94008 -2.60422
0.813066 0.512549 -0.276074 -11.5921 -0.56314 0.812689 -0.149696 -14.4697 0.147636 0.277181 0.949407 -2.15877
0.884642 0.41306 -0.216311 -9.56531 -0.451308 0.87512 -0.174604 -15.7045 0.117176 0.252085 0.960585 -2.03458
0.940549 0.278387 -0.1946 -7.31431 -0.319212 0.920256 -0.226345 -16.7413 0.11607 0.275007 0.95441 -1.77522
0.962309 0.238112 -0.131396 -4.95967 -0.264229 0.932968 -0.244447 -17.4546 0.0643821 0.269952 0.960719 -1.63597
0.996551 0.0694204 -0.0454542 -2.53816 -0.0812705 0.927123 -0.365839 -18.1228 0.0167449 0.368271 0.929568 -1.51111
0.998503 -0.0531276 0.0130385 -0.139686 0.0543083 0.934092 -0.352878 -18.239 0.0065684 0.353057 0.935579 -1.38346
0.985828 -0.152635 0.0696157 2.57847 0.166754 0.936958 -0.307089 -17.9714 -0.0183545 0.314346 0.949131 -1.53917
0.975426 -0.19878 0.0950325 5.02028 0.218205 0.931286 -0.291708 -17.4085 -0.0305167 0.305276 0.951775 -1.56142
0.919773 -0.367979 0.136418 7.52145 0.389681 0.897561 -0.206234 -16.6837 -0.0465532 0.242848 0.968947 -1.71834
0.841714 -0.497549 0.209672 9.71837 0.536198 0.815844 -0.216541 -15.5895 -0.0633197 0.294692 0.953492 -1.86576
0.77146 -0.593292 0.229902 11.705 0.632816 0.753067 -0.180095 -14.1748 -0.0662826 0.284422 0.956405 -2.21517
0.714242 -0.636685 0.290673 13.7307 0.693351 0.700329 -0.169715 -12.5705 -0.0955119 0.322756 0.941651 -2.39693
0.581548 -0.728716 0.361628 15.5392 0.804771 0.580322 -0.124778 -10.7832 -0.118933 0.363592 0.923935 -2.83502
0.509287 -0.768506 0.387332 16.9281 0.843277 0.535477 -0.0463516 -8.6204 -0.171785 0.350234 0.920775 -3.20301
0.418843 -0.791432 0.445204 18.0786 0.894024 0.445272 -0.0495356 -6.32836 -0.159033 0.418771 0.894058 -3.7758
0.298635 -0.845358 0.44293 18.9892 0.952435 0.293507 -0.0819802 -3.90118 -0.0607006 0.446344 0.8928 -4.15675
0.184249 -0.869009 0.459211 19.5876 0.979308 0.202107 -0.010462 -1.38846 -0.0837179 0.451636 0.888266 -4.29343
0.017557 -0.88055 0.473627 20.1382 0.996621 0.053428 0.0623876 1.0605 -0.0802404 0.470932 0.878513 -4.55454
-0.223847 -0.85208 0.473131 19.9742 0.9556 -0.0964331 0.278441 3.52133 -0.191628 0.514452 0.835833 -4.78786
-0.364846 -0.846299 0.388156 19.3317 0.894024 -0.20201 0.399891 5.92547 -0.260016 0.492919 0.830315 -5.33605
-0.36689 -0.817308 0.444296 18.2336 0.905274 -0.203724 0.372794 8.35356 -0.214174 0.538984 0.814632 -6.03758
-0.521081 -0.75223 0.403267 17.2933 0.837278 -0.358816 0.412573 10.6892 -0.165651 0.55263 0.816798 -6.50943
-0.578873 -0.71164 0.398087 15.8904 0.808388 -0.436881 0.394517 12.7782 -0.106837 0.550184 0.828181 -7.04349
-0.720157 -0.573058 0.391125 14.3863 0.693587 -0.608948 0.384863 14.8383 0.0176257 0.548441 0.836003 -7.26601
-0.739035 -0.564802 0.367186 12.5971 0.671 -0.665606 0.326693 16.6312 0.059884 0.487819 0.870888 -7.18984
-0.812205 -0.455666 0.364269 10.6821 0.570911 -0.749225 0.335742 18.3483 0.119933 0.480657 0.868669 -7.22045
-0.855539 -0.378456 0.353304 8.49006 0.49254 -0.805239 0.330142 19.7736 0.15955 0.456466 0.875318 -6.91807
-0.90517 -0.336949 0.259098 6.2189 0.400019 -0.881394 0.251257 21.1274 0.143707 0.331075 0.932597 -6.5425
-0.964945 -0.240418 0.105265 3.90332 0.260461 -0.926538 0.271454 22.1002 0.0322701 0.289355 0.956678 -6.23447
-0.995534 -0.0725558 0.0603954 1.29734 0.089249 -0.931867 0.35165 22.6323 0.0307662 0.35547 0.934181 -6.02554
-0.999124 0.0417723 0.00241153 -1.4373 -0.0374485 -0.91844 0.393784 22.7529 0.0186641 0.393349 0.9192 -6.02771
-0.994454 0.104324 -0.0133231 -4.16173 -0.0996779 -0.894506 0.435802 22.5099 0.0335472 0.434713 0.899944 -6.02197
-0.976909 0.19234 -0.0930237 -6.67358 -0.213426 -0.8584 0.466474 22.1719 0.00987017 0.475557 0.87963 -5.842
-0.939776 0.309057 -0.145961 -9.25288 -0.340133 -0.803644 0.48833 21.3781 0.0336212 0.508567 0.860366 -5.76706
-0.885619 0.403802 -0.229397 -11.5232 -0.464234 -0.75608 0.461334 20.2577 0.0128451 0.51506 0.857058 -5.61142
-0.804877 0.50188 -0.316687 -13.783 -0.593402 -0.686831 0.419686 18.904 -0.00687864 0.525718 0.850631 -5.51439
-0.686209 0.597352 -0.415076 -15.8076 -0.72609 -0.596793 0.341515 17.1779 -0.0437097 0.535733 0.843255 -5.46573
-0.564389 0.712889 -0.416238 -17.6187 -0.823974 -0.517218 0.231415 15.1367 -0.0503125 0.473577 0.879314 -5.72118
-0.443536 0.791515 -0.420451 -19.1193 -0.896235 -0.394894 0.20204 12.8535 -0.00611569 0.466435 0.884534 -5.8583
-0.374342 0.791534 -0.483056 -20.2734 -0.926617 -0.339162 0.162328 10.4078 -0.0353455 0.508374 0.860411 -5.89627
-0.21097 0.826449 -0.52199 -21.1678 -0.977473 -0.181738 0.107321 7.84867 -0.00617052 0.532873 0.846173 -6.0162
-0.158337 0.858433 -0.487876 -21.7017 -0.985465 -0.106587 0.132283 4.99202 0.0615547 0.50173 0.862832 -5.96943
-0.0367256 0.876336 -0.480298 -22.0361 -0.997357 -0.001991 0.0726294 2.35218 0.0626915 0.481696 0.874093 -5.82913
0.0732619 0.880665 -0.46804 -22.0016 -0.995574 0.0922822 0.0178023 -0.27582 0.0588696 0.464664 0.883528 -5.6215
0.229393 0.856806 -0.461803 -21.6725 -0.967094 0.254275 -0.00861876 -3.11087 0.11004 0.448584 0.886941 -5.36168
0.262648 0.832761 -0.487365 -20.986 -0.953535 0.30128 0.000925086 -5.83628 0.147604 0.464477 0.873198 -5.08885
0.373098 0.799006 -0.471579 -20.0805 -0.905749 0.423811 0.00147318 -8.32707 0.201038 0.426583 0.881822 -4.78962
0.518168 0.710971 -0.475419 -18.8722 -0.830026 0.552099 -0.0790169 -10.6989 0.2063 0.435554 0.876204 -4.35602
0.656941 0.636551 -0.40402 -17.3285 -0.748466 0.615094 -0.247907 -12.9031 0.0907054 0.465255 0.880517 -3.79953
0.683148 0.631894 -0.366086 -15.2751 -0.722869 0.656348 -0.216026 -14.9845 0.103774 0.41221 0.905159 -3.67098
0.801341 0.492749 -0.339192 -13.1949 -0.58227 0.772497 -0.253395 -16.8956 0.137165 0.400557 0.905947 -3.16868
0.893357 0.395176 -0.213889 -10.8449 -0.443967 0.849689 -0.284468 -18.3546 0.0693237 0.349091 0.934521 -2.86009
0.940763 0.296013 -0.16535 -8.3084 -0.336696 0.873111 -0.35258 -19.4932 0.0400009 0.387367 0.921058 -2.80004
0.979583 0.177374 -0.0946316 -5.6506 -0.199285 0.918777 -0.340784 -20.332 0.0264991 0.352685 0.935367 -2.67861
0.993936 0.108706 -0.0165606 -2.66006 -0.106968 0.920959 -0.374691 -20.8065 -0.0254796 0.37419 0.927002 -2.50666
0.997657 -0.0642738 0.0234354 0.0934648 0.0682797 0.914094 -0.399712 -20.9968 0.00426882 0.400375 0.916341 -2.57429
0.986304 -0.158546 0.0454812 2.97721 0.164424 0.923289 -0.347133 -20.7594 0.0130442 0.349857 0.936712 -2.60716
0.967069 -0.235151 0.0973705 5.85651 0.253297 0.926581 -0.278006 -20.3045 -0.0248483 0.293515 0.955632 -2.55547
0.915932 -0.358032 0.181331 8.55675 0.395898 0.880148 -0.261925 -19.4709 -0.0658207 0.311694 0.9479 -2.58852
0.828424 -0.449182 0.334587 11.1531 0.536268 0.808503 -0.242365 -18.2041 -0.161649 0.380209 0.910665 -2.59987
0.774531 -0.536368 0.335277 13.5396 0.61628 0.759291 -0.208988 -16.4324 -0.142479 0.368492 0.918647 -3.27234
0.685176 -0.604062 0.406992 15.723 0.721833 0.637864 -0.268491 -14.7072 -0.09742 0.477744 0.873081 -3.5535
0.626613 -0.670951 0.396461 17.6572 0.769955 0.611655 -0.181792 -12.597 -0.120524 0.41917 0.899872 -3.96409
0.465066 -0.785643 0.408019 19.313 0.874959 0.478075 -0.0767544 -10.1633 -0.134762 0.392695 0.909741 -4.52938
0.42037 -0.769521 0.480757 20.563 0.895942 0.435796 -0.0858501 -7.5441 -0.143448 0.466819 0.872641 -4.99407
0.269686 -0.834751 0.480063 21.5033 0.954513 0.297578 -0.0187778 -4.83842 -0.127182 0.46329 0.877033 -5.43162
0.140405 -0.842813 0.51957 22.3642 0.983763 0.178004 0.022901 -2.08994 -0.111787 0.507918 0.854121 -5.76884
0.00262894 -0.838153 0.545429 22.7068 0.991888 0.0715028 0.105096 0.828582 -0.127087 0.540728 0.831542 -6.0653
-0.150602 -0.859479 0.488483 22.508 0.962308 -0.0142648 0.271587 3.75096 -0.226455 0.510973 0.829232 -6.40811
-0.342489 -0.800871 0.49123 21.9962 0.920514 -0.1814 0.346045 6.332 -0.188028 0.570701 0.799341 -7.10193
-0.416254 -0.76538 0.490842 20.9087 0.897385 -0.258898 0.357313 9.03724 -0.146402 0.589207 0.794608 -7.82098
-0.479873 -0.770649 0.419312 19.4688 0.861664 -0.324049 0.390547 11.6581 -0.165097 0.548719 0.819543 -8.30202
-0.575589 -0.682251 0.450812 18.0401 0.812973 -0.417991 0.405411 14.1627 -0.0881566 0.599848 0.795242 -8.80781
-0.667686 -0.584294 0.461299 16.1815 0.744402 -0.517454 0.422028 16.5601 -0.00788773 0.625173 0.780446 -8.87053
-0.726546 -0.543861 0.419937 14.2339 0.684561 -0.625608 0.374154 18.7489 0.0592282 0.559312 0.826839 -8.93873
-0.793725 -0.475078 0.379871 12.1697 0.60378 -0.691133 0.397221 20.5555 0.0738303 0.544643 0.835412 -8.6035
-0.827991 -0.373785 0.41799 9.71409 0.533139 -0.755756 0.380258 22.2914 0.173764 0.537697 0.825038 -8.35658
-0.867823 -0.301085 0.39526 7.18372 0.444253 -0.826454 0.34585 23.8081 0.222534 0.475732 0.850974 -7.6808
-0.974311 -0.180246 0.135015 4.53493 0.216277 -0.916021 0.337831 24.8993 0.062784 0.358353 0.931473 -7.25046
-0.998638 -0.0410451 0.0321982 1.47264 0.0512722 -0.886087 0.460675 25.4738 0.00962193 0.461698 0.886985 -7.15937
-0.999803 0.00906722 -0.0176538 -1.54262 -0.0156729 -0.906431 0.422064 25.4959 -0.012175 0.422257 0.906394 -7.2181
-0.990736 0.119565 -0.0643948 -4.37982 -0.135755 -0.88453 0.446293 25.3157 -0.00359824 0.4509 0.892567 -7.33847
-0.95187 0.275582 -0.134156 -7.34911 -0.306016 -0.829877 0.466539 24.8312 0.0172372 0.485138 0.874268 -7.39345
-0.899926 0.390641 -0.193734 -10.1247 -0.434748 -0.769614 0.467641 23.8385 0.0335788 0.505068 0.862426 -7.32316
-0.847612 0.472572 -0.241306 -12.8263 -0.529408 -0.722501 0.444657 22.668 0.0357885 0.504646 0.862584 -7.26411
-0.763192 0.545741 -0.345985 -15.381 -0.645974 -0.631119 0.429426 21.0464 0.0159972 0.551231 0.834199 -7.17704
-0.653199 0.603795 -0.456906 -17.6968 -0.756112 -0.552263 0.351141 19.011 -0.0403149 0.574838 0.817274 -7.17602
-0.57111 0.662345 -0.484905 -19.7034 -0.819929 -0.488618 0.298277 16.6748 -0.0393706 0.567937 0.82213 -7.22323
-0.453936 0.728017 -0.513745 -21.4067 -0.890487 -0.390863 0.232934 14.1012 -0.0312238 0.56322 0.825717 -7.37884
-0.391891 0.771784 -0.500771 -22.7077 -0.919715 -0.314813 0.234558 11.3669 0.0233785 0.552488 0.833193 -7.52362
-0.219158 0.798529 -0.560643 -23.6997 -0.974861 -0.155543 0.159536 8.48272 0.0401901 0.581513 0.812544 -7.64803
-0.149532 0.85272 -0.500509 -24.1959 -0.987665 -0.105029 0.116136 5.37066 0.0464635 0.511701 0.857906 -7.53718
-0.0561992 0.853727 -0.517679 -24.5818 -0.99785 -0.0305232 0.0579895 2.29901 0.033706 0.519825 0.853608 -7.44142
0.0687217 0.824071 -0.562303 -24.715 -0.990565 0.123351 0.0597133 -0.673006 0.118569 0.552894 0.824773 -7.33031
0.203064 0.807251 -0.554176 -24.2771 -0.967199 0.253579 0.0149749 -3.77403 0.152616 0.532958 0.832265 -6.9185
0.324311 0.784002 -0.529305 -23.5769 -0.935229 0.349749 -0.0549798 -6.69167 0.142019 0.512852 0.846649 -6.62324
0.398158 0.751024 -0.52672 -22.4372 -0.896697 0.439714 -0.0508641 -9.6701 0.193406 0.49256 0.848516 -6.23966
0.521509 0.684208 -0.509792 -20.969 -0.834059 0.534782 -0.13548 -12.3738 0.179931 0.49585 0.849563 -5.79109
0.639452 0.629628 -0.441213 -19.2156 -0.760557 0.602002 -0.2432 -14.7677 0.112485 0.491083 0.86382 -5.32087
0.698897 0.589489 -0.405026 -17.0069 -0.708322 0.64895 -0.277748 -17.0637 0.0991128 0.481006 0.871097 -4.91016
0.800184 0.451176 -0.395153 -14.6153 -0.58431 0.735011 -0.344008 -19.3105 0.135233 0.506161 0.85177 -4.53664
0.895063 0.36249 -0.259736 -12.0614 -0.4423 0.795893 -0.413432 -20.9407 0.0568569 0.484929 0.872704 -4.13403
0.946897 0.287733 -0.143514 -9.22115 -0.321498 0.854283 -0.408459 -22.1095 0.00507459 0.432908 0.901424 -4.07723
0.980793 0.16615 -0.102177 -6.10659 -0.193327 0.897613 -0.396125 -23.1296 0.0258989 0.40827 0.912494 -3.9736
0.994834 0.0545104 -0.085644 -2.98663 -0.0843043 0.913595 -0.397791 -23.6224 0.0565602 0.402956 0.91347 -3.78672
0.999068 0.010181 -0.0419431 0.273949 -0.0267365 0.90886 -0.416244 -23.7574 0.0338826 0.416977 0.908285 -3.68552
0.984826 -0.171714 0.0251273 3.45856 0.164731 0.879421 -0.446635 -23.7129 0.0545961 0.443997 0.894364 -3.67809
0.97377 -0.206543 0.0954599 6.62019 0.227335 0.900774 -0.370033 -23.1506 -0.00955993 0.382029 0.924101 -3.68456
0.906669 -0.372557 0.19787 9.57917 0.421089 0.827333 -0.371758 -22.1891 -0.025203 0.420383 0.906997 -3.80152
0.816401 -0.471676 0.333184 12.4882 0.570075 0.750392 -0.334554 -20.7885 -0.0922172 0.46307 0.881512 -3.95348
0.793105 -0.512328 0.329399 15.0801 0.605365 0.722721 -0.333479 -18.856 -0.0672125 0.46389 0.883339 -4.39179
0.689708 -0.606467 0.395601 17.4919 0.719032 0.638087 -0.275388 -16.7673 -0.085414 0.474387 0.876163 -4.85065
0.584082 -0.646022 0.49143 19.7071 0.785513 0.602402 -0.141707 -14.3775 -0.204493 0.468793 0.859311 -5.30592
0.448879 -0.722077 0.526415 21.6486 0.879765 0.460341 -0.118739 -11.7013 -0.156592 0.516421 0.841896 -5.95818
0.392368 -0.76079 0.516959 22.9497 0.898933 0.436229 -0.0403003 -8.7899 -0.194853 0.480524 0.855061 -6.42681
0.290064 -0.779689 0.55493 24.1202 0.947957 0.313643 -0.0548258 -5.79855 -0.131303 0.541953 0.830088 -6.97075
0.148947 -0.786042 0.59996 24.7763 0.982054 0.188573 0.00325438 -2.76922 -0.115695 0.588708 0.800023 -7.30841
0.0166948 -0.768366 0.639793 25.245 0.99739 0.0577523 0.0433322 0.492792 -0.0702445 0.6374 0.767324 -7.76247
-0.190218 -0.738711 0.646625 25.1484 0.952458 0.0208107 0.303959 3.82101 -0.237995 0.673701 0.699632 -8.13873
-0.337407 -0.748478 0.570909 24.3666 0.911073 -0.107045 0.398105 6.82395 -0.23686 0.654463 0.718036 -8.90048
-0.41841 -0.750894 0.510971 23.218 0.885514 -0.212143 0.413352 9.8076 -0.201985 0.625423 0.75369 -9.59428
-0.49551 -0.685846 0.532996 21.8542 0.859916 -0.300779 0.412404 12.5686 -0.122531 0.662682 0.738809 -10.2638
-0.570152 -0.615197 0.544481 20.0417 0.821396 -0.414495 0.391794 15.3945 -0.0153461 0.670617 0.741645 -10.6956
-0.62272 -0.591234 0.512507 18.0784 0.782341 -0.481162 0.395507 18.0691 0.0127621 0.647245 0.762175 -10.7475
-0.718809 -0.507534 0.475103 15.9464 0.692263 -0.585373 0.42203 20.5208 0.0639182 0.632255 0.772119 -10.7109
-0.784893 -0.432139 0.44407 13.527 0.60725 -0.679006 0.41255 22.6143 0.123247 0.593469 0.795364 -10.395
-0.804767 -0.324604 0.496974 10.89 0.553266 -0.71351 0.429885 24.6047 0.215053 0.620915 0.753801 -10.0985
-0.841202 -0.260565 0.473799 8.16221 0.49036 -0.736878 0.465359 26.3434 0.227875 0.623792 0.747633 -9.26055
-0.984939 -0.120033 0.124444 5.22054 0.172445 -0.734133 0.656743 27.7547 0.0125274 0.668312 0.743775 -8.58009
-0.99939 -0.00536499 0.0345014 1.69155 0.0257894 -0.779547 0.625813 28.2521 0.023538 0.626321 0.77921 -8.67109
-0.995706 0.0422736 -0.0823595 -1.68044 -0.0788936 -0.852945 0.516004 28.1445 -0.0484348 0.520286 0.852618 -8.61448
-0.986642 0.151828 -0.0590335 -4.92044 -0.160047 -0.835921 0.524997 27.8823 0.030362 0.527432 0.849054 -8.75912
-0.958099 0.256344 -0.127802 -8.20037 -0.285859 -0.827409 0.483403 27.3189 0.0181731 0.499682 0.866019 -8.8547
-0.917388 0.351913 -0.185896 -11.27 -0.396645 -0.769976 0.49981 26.199 0.0327547 0.532254 0.845951 -8.94808
-0.867282 0.435707 -0.240793 -14.2511 -0.496283 -0.718799 0.486857 24.6215 0.0390453 0.541744 0.839636 -9.01543
-0.79021 0.507643 -0.343318 -17.0996 -0.612823 -0.658283 0.437163 22.9631 -0.00407744 0.555843 0.831277 -9.06961
-0.678999 0.592356 -0.433676 -19.6419 -0.734123 -0.543908 0.406482 20.7898 0.00490205 0.594373 0.804175 -9.1115
-0.615338 0.618505 -0.488682 -21.8072 -0.786997 -0.517175 0.336401 18.1024 -0.0446685 0.591592 0.804999 -9.17467
-0.485252 0.717389 -0.499884 -23.7114 -0.873106 -0.428328 0.232853 15.3274 -0.0470681 0.549444 0.834204 -9.28836
-0.378466 0.766293 -0.519191 -25.0723 -0.925221 -0.329555 0.188041 12.1696 -0.0270075 0.551534 0.833715 -9.43096
-0.239708 0.788911 -0.565827 -26.1908 -0.969932 -0.16934 0.1748 8.94856 0.042085 0.590715 0.805782 -9.45077
-0.142728 0.830361 -0.538637 -26.7726 -0.98718 -0.0801492 0.138026 5.69334 0.0714399 0.551432 0.831156 -9.37921
-0.060456 0.82315 -0.564596 -27.1452 -0.996634 -0.018401 0.0798901 2.15583 0.0553724 0.567526 0.821492 -9.00713
0.055742 0.815946 -0.575434 -27.1779 -0.993659 0.101697 0.0479477 -1.14207 0.0976427 0.569113 0.816441 -8.92499
0.19899 0.80999 -0.551651 -26.7071 -0.972799 0.231381 -0.0111684 -4.57613 0.118595 0.538868 0.834 -8.64275
0.318901 0.756449 -0.57104 -26.0285 -0.930372 0.364814 -0.0363072 -7.782 0.180859 0.542858 0.820119 -8.41367
0.448334 0.713481 -0.538462 -24.6886 -0.874012 0.47617 -0.0967769 -11.0242 0.187351 0.514011 0.837074 -7.9001
0.552507 0.645995 -0.526713 -23.147 -0.813136 0.556602 -0.170304 -14.0216 0.183155 0.522384 0.832808 -7.37035
0.66045 0.533249 -0.528631 -21.201 -0.722342 0.643432 -0.253412 -16.6048 0.205006 0.549218 0.810143 -6.79952
0.697723 0.569943 -0.433991 -18.711 -0.708113 0.640418 -0.297391 -19.1221 0.108439 0.514811 0.850418 -6.40842
0.806621 0.450111 -0.383097 -16.0523 -0.582713 0.714176 -0.387813 -21.5975 0.09904 0.536053 0.838354 -6.09796
0.900944 0.303806 -0.309842 -13.2542 -0.419861 0.790687 -0.445567 -23.4247 0.109622 0.531522 0.839921 -5.80173
0.948528 0.258987 -0.182264 -10.0392 -0.314425 0.838892 -0.444294 -24.7779 0.0378333 0.478734 0.877145 -5.3949
0.969971 0.178876 -0.164804 -6.65028 -0.236682 0.850248 -0.470171 -25.8532 0.0560219 0.495058 0.867052 -5.29417
0.994218 0.0667318 -0.0841299 -3.3039 -0.098776 0.875652 -0.472733 -26.4952 0.0421221 0.47831 0.87718 -5.07618
0.999962 -0.00858785 -0.00125689 0.2082 0.00715696 0.897799 -0.440348 -26.5725 0.00491008 0.440322 0.897826 -4.99287
0.98875 -0.111846 0.0993143 3.81401 0.145221 0.876864 -0.45828 -26.4195 -0.0358282 0.467548 0.883242 -5.04895
0.965103 -0.225058 0.133886 7.20931 0.261039 0.86752 -0.423401 -25.8242 -0.020859 0.443575 0.895995 -5.01342
0.898967 -0.375487 0.225539 10.6909 0.436924 0.805059 -0.401219 -24.6675 -0.0309197 0.459227 0.887781 -5.15634
0.839378 -0.40503 0.362485 13.8488 0.53469 0.735186 -0.416663 -23.0561 -0.0977332 0.543555 0.833664 -5.30689
0.745197 -0.491679 0.45048 16.5992 0.646348 0.698762 -0.306539 -21.0365 -0.16406 0.519599 0.838511 -5.74917
0.744551 -0.48918 0.454254 19.2344 0.65257 0.676755 -0.340815 -18.6125 -0.140699 0.550187 0.823103 -6.32045
0.608701 -0.566001 0.555991 21.6923 0.772616 0.582209 -0.253173 -16.2409 -0.180407 0.583674 0.791693 -6.82049
0.475694 -0.655197 0.586883 23.6639 0.855623 0.499423 -0.135962 -13.1224 -0.204021 0.566827 0.798175 -7.64011
0.381983 -0.71876 0.580924 25.1645 0.910042 0.402029 -0.100975 -10.022 -0.160972 0.567236 0.80767 -8.23349
0.268359 -0.74749 0.607653 26.5267 0.955879 0.284872 -0.071719 -6.77711 -0.119494 0.600089 0.790958 -8.71087
0.146674 -0.778579 0.610165 27.2277 0.979223 0.201605 0.0218608 -3.27855 -0.140033 0.594281 0.791973 -9.31412
0.0100798 -0.777751 0.628492 27.463 0.982541 0.12447 0.138273 0.203435 -0.18577 0.616126 0.765427 -9.72931
-0.119863 -0.72372 0.679604 27.269 0.978291 0.0304665 0.204987 3.6816 -0.169058 0.689421 0.704357 -10.4252
-0.26883 -0.699444 0.6622 26.6279 0.957382 -0.118668 0.263321 7.13585 -0.105596 0.704767 0.701537 -11.0323
-0.397054 -0.657089 0.640766 25.4169 0.904425 -0.161391 0.394929 10.3642 -0.15609 0.736333 0.658369 -11.5126
-0.486688 -0.623025 0.612352 23.772 0.866339 -0.254186 0.429938 13.5268 -0.112211 0.73975 0.66346 -12.1508
-0.542003 -0.5972 0.591257 21.8456 0.840095 -0.36684 0.399585 16.5655 -0.0217354 0.713289 0.700533 -12.777
-0.58493 -0.57483 0.572212 19.7863 0.811042 -0.421654 0.405485 19.4973 0.00819088 0.701269 0.71285 -12.7694
-0.769983 -0.41041 0.488559 17.5816 0.633133 -0.586445 0.505198 22.2674 0.0791744 0.698317 0.711397 -12.722
-0.791486 -0.396892 0.464786 14.8431 0.602107 -0.636939 0.481432 24.5242 0.104964 0.660897 0.7431 -12.4692
-0.823529 -0.296959 0.483337 11.9267 0.537665 -0.680275 0.498139 26.7279 0.180875 0.670105 0.719891 -11.9748
-0.876332 -0.24673 0.413722 8.73474 0.455494 -0.70389 0.545036 28.5226 0.156738 0.66608 0.729226 -11.3543
-0.961193 -0.148011 0.232812 5.5192 0.265094 -0.729171 0.6309 29.9396 0.0763796 0.668133 0.740111 -10.7666
-0.997645 -0.0151742 0.0668881 1.96922 0.0554934 -0.751705 0.65716 30.7107 0.0403082 0.659325 0.750777 -10.6503
-0.998839 0.0397474 -0.0272279 -1.7123 -0.0480957 -0.789401 0.611991 30.7113 0.0028313 0.61259 0.790396 -10.4614
-0.981044 0.154737 -0.116662 -5.38741 -0.193768 -0.774908 0.60164 30.4235 0.00269389 0.612841 0.790202 -10.4856
-0.957962 0.215818 -0.189029 -8.88259 -0.285842 -0.774408 0.564434 29.793 -0.0245703 0.594739 0.803543 -10.5611
-0.909885 0.329987 -0.251431 -12.3607 -0.413946 -0.762343 0.497476 28.5774 -0.0275162 0.556725 0.830241 -10.6438
-0.87639 0.389861 -0.282754 -15.5646 -0.480566 -0.669416 0.566514 26.8496 0.031581 0.632369 0.774023 -10.812
-0.829134 0.454122 -0.326052 -18.6608 -0.55895 -0.662381 0.498824 24.7502 0.0105567 0.595839 0.803035 -10.8537
-0.674044 0.597966 -0.433707 -21.4941 -0.737784 -0.515871 0.435376 22.4914 0.036603 0.613444 0.788889 -10.9034
-0.589643 0.6152 -0.523307 -23.7575 -0.807655 -0.452278 0.378337 19.6713 -0.00392735 0.645735 0.763551 -10.9852
-0.438496 0.680578 -0.58697 -25.9184 -0.898114 -0.356066 0.258085 16.536 -0.0333531 0.640336 0.767371 -11.001
-0.373798 0.744311 -0.553423 -27.2552 -0.927269 -0.286281 0.241279 13.0721 0.0211522 0.603361 0.797188 -11.1272
-0.266113 0.778775 -0.568061 -28.436 -0.963941 -0.214385 0.157658 9.54421 0.000995969 0.589532 0.807744 -11.2238
-0.15657 0.796597 -0.583883 -29.1622 -0.98603 -0.0920521 0.138819 5.99645 0.0568351 0.597461 0.799881 -11.1351
-0.112308 0.78947 -0.603427 -29.4464 -0.992899 -0.0651949 0.0994999 2.23787 0.0392117 0.610317 0.791186 -10.8311
0.0831028 0.783947 -0.61524 -29.638 -0.993707 0.111712 0.00812179 -1.41768 0.0750971 0.610694 0.788298 -10.678
0.177902 0.772658 -0.609385 -29.0344 -0.979214 0.200307 -0.0318937 -5.18105 0.0974211 0.602392 0.792233 -10.3449
0.291341 0.753485 -0.589391 -28.325 -0.952532 0.28539 -0.105998 -8.83451 0.0883386 0.592295 0.800864 -10.0012
0.482449 0.653221 -0.583562 -26.9676 -0.853949 0.499056 -0.147358 -12.4665 0.194973 0.569425 0.798587 -9.71899
0.577331 0.582158 -0.572522 -25.0116 -0.787275 0.58284 -0.201237 -15.6091 0.216537 0.566913 0.794809 -9.05734
0.662635 0.549384 -0.50901 -22.7534 -0.734855 0.608132 -0.300273 -18.5937 0.14458 0.57302 0.806687 -8.49561
0.687385 0.546042 -0.478894 -20.2309 -0.719375 0.602656 -0.345406 -21.1388 0.100002 0.581931 0.807066 -8.04671
0.818906 0.383348 -0.427128 -17.4907 -0.55364 0.723767 -0.411879 -23.7986 0.151248 0.573765 0.804933 -7.85575
0.883505 0.326154 -0.336217 -14.1889 -0.458248 0.750585 -0.476057 -25.6821 0.0970913 0.57467 0.812606 -7.31593
0.915305 0.287018 -0.282554 -10.7805 -0.393629 0.786021 -0.476683 -27.2814 0.085277 0.547532 0.832428 -6.92575
0.973047 0.130763 -0.189947 -7.24028 -0.211557 0.833987 -0.509618 -28.4613 0.0917738 0.536067 0.839172 -6.77741
0.995369 0.0449689 -0.0849617 -3.44537 -0.0822314 0.856069 -0.510278 -29.0377 0.0497864 0.514902 0.855802 -6.52808
0.999285 -0.0330187 -0.0184404 0.338507 0.0189624 0.859317 -0.511091 -29.2365 0.0327217 0.510376 0.859329 -6.37709
0.994567 -0.0620662 0.0835688 4.15651 0.0964925 0.850872 -0.516436 -28.9669 -0.0390531 0.521694 0.852238 -6.42708
0.951741 -0.24016 0.191084 7.94658 0.303922 0.824106 -0.477997 -28.5452 -0.0426775 0.513004 0.857325 -6.40946
0.905546 -0.350309 0.239311 11.634 0.4234 0.781879 -0.4576 -27.2604 -0.0268107 0.515702 0.856349 -6.64178
0.848618 -0.366767 0.381221 15.122 0.514433 0.740133 -0.433083 -25.2532 -0.123313 0.563635 0.816768 -6.93048
0.750479 -0.48369 0.450361 18.1953 0.652895 0.648311 -0.391691 -23.18 -0.102517 0.587994 0.802342 -7.46816
0.711757 -0.483783 0.50927 20.8513 0.686115 0.634163 -0.356489 -20.5823 -0.150496 0.603151 0.7833 -8.08492
0.55192 -0.601032 0.578053 23.3689 0.823941 0.499845 -0.266977 -17.9213 -0.128475 0.623631 0.771089 -8.79514
0.506899 -0.607412 0.611641 25.4685 0.843313 0.496404 -0.205926 -14.6609 -0.178539 0.620188 0.763865 -9.37192
0.413102 -0.650386 0.637452 27.3381 0.892361 0.428798 -0.140799 -11.2319 -0.181764 0.627002 0.757516 -9.94551
0.185303 -0.721168 0.667518 28.8812 0.977515 0.204837 -0.0500586 -7.66703 -0.100632 0.661785 0.742909 -10.725
0.10162 -0.738277 0.666799 29.5687 0.987739 0.154724 0.0207787 -3.93894 -0.118511 0.656512 0.744948 -11.2498
-0.0414955 -0.726018 0.686423 29.8431 0.988581 0.0697768 0.133563 -0.126821 -0.144866 0.684127 0.714832 -11.7899
-0.177874 -0.691458 0.700176 29.51 0.970967 -0.00767383 0.239089 3.6925 -0.159947 0.722376 0.672748 -12.5703
-0.274786 -0.673486 0.686228 28.6746 0.946343 -0.0631908 0.316926 7.36847 -0.170082 0.736494 0.654713 -13.2887
-0.431615 -0.623347 0.652033 27.3836 0.888359 -0.168232 0.42722 10.8256 -0.156614 0.763633 0.626367 -13.9455
-0.466879 -0.609185 0.641029 25.6919 0.872134 -0.19726 0.447739 14.2767 -0.146307 0.768103 0.623387 -14.5351
-0.55483 -0.521914 0.647897 23.7865 0.831705 -0.367392 0.416281 17.6154 0.0207694 0.769824 0.637918 -15.1333
-0.590558 -0.511819 0.623925 21.4235 0.805881 -0.414641 0.422644 20.8004 0.0423877 0.752406 0.657335 -15.0974
-0.726069 -0.367012 0.581486 18.8334 0.670638 -0.56475 0.480939 23.8809 0.151884 0.739162 0.656179 -15.0408
-0.759066 -0.358724 0.543265 15.8935 0.635325 -0.590283 0.497924 26.41 0.142063 0.723106 0.67597 -14.5203
-0.859318 -0.238955 0.452188 12.9235 0.483252 -0.668842 0.564905 28.7865 0.167455 0.703954 0.690223 -13.9657
-0.892026 -0.244948 0.379855 9.49791 0.439998 -0.662863 0.605817 30.4777 0.103399 0.70754 0.699068 -13.2768
-0.96936 -0.0868723 0.229768 5.92673 0.221545 -0.713217 0.66501 32.0752 0.106104 0.695539 0.710611 -12.8297
-0.996796 -0.0394907 0.0695564 2.04639 0.0763935 -0.727708 0.68162 32.8767 0.0236991 0.68475 0.728393 -12.6069
-0.999577 0.0106135 -0.0270895 -1.85398 -0.0259225 -0.747644 0.663594 32.9954 -0.0132102 0.664015 0.747602 -12.3612
-0.986949 0.102111 -0.124517 -5.80795 -0.158635 -0.749416 0.642814 32.8056 -0.0276767 0.654178 0.755834 -12.4116
-0.967478 0.143267 -0.208474 -9.54988 -0.244125 -0.74468 0.621172 32.0438 -0.066253 0.651864 0.755437 -12.43
-0.902522 0.343382 -0.259891 -13.223 -0.429873 -0.682254 0.591387 30.8703 0.02576 0.64546 0.763359 -12.6288
-0.862969 0.340025 -0.373721 -16.6863 -0.501601 -0.665363 0.552891 28.9496 -0.0606634 0.664587 0.744745 -12.5726
-0.809231 0.407295 -0.423386 -20.0041 -0.583644 -0.639685 0.500163 26.8625 -0.06712 0.651854 0.755368 -12.6892
-0.677307 0.540306 -0.499324 -23.1752 -0.735608 -0.508105 0.448006 24.1517 -0.011649 0.670745 0.741597 -12.9188
-0.554216 0.606426 -0.570168 -25.7909 -0.832106 -0.420968 0.361088 21.1378 -0.0210495 0.674562 0.737918 -12.9638
-0.470596 0.636966 -0.610585 -27.9739 -0.880137 -0.387838 0.273753 17.6664 -0.0624374 0.666225 0.743132 -13.0059
-0.337948 0.710548 -0.617181 -29.6341 -0.941165 -0.25517 0.221579 13.8789 -4.35396e-05 0.655752 0.754977 -13.1823
-0.242411 0.737919 -0.629851 -30.851 -0.970134 -0.19026 0.150471 10.0409 -0.00880045 0.647515 0.762002 -13.0662
-0.16819 0.748123 -0.641891 -31.5492 -0.985731 -0.132156 0.104256 6.19181 -0.00683387 0.650266 0.759676 -12.997
