1 0.000119724 0.000471378 -0.000111232 -0.000121194 0.999995 0.00312052 0.000122287 -0.000471002 -0.00312057 0.999995 -0.000599423
0.979494 -0.201471 0.00118432 0.350287 0.201128 0.978136 0.0528837 -0.0803271 -0.011813 -0.051561 0.9986 0.0525442
0.88169 -0.471688 0.0115576 0.561205 0.466841 0.875657 0.12363 0.0332799 -0.0684352 -0.103608 0.992261 -0.0353807
0.833359 -0.552716 0.00416838 0.68577 0.54655 0.82514 0.142926 0.0339763 -0.0824368 -0.11683 0.989725 -0.249093
0.736107 -0.676662 -0.0165859 0.785354 0.668829 0.723384 0.171419 0.143087 -0.103995 -0.137276 0.985059 -0.395631
0.697557 -0.716438 -0.0114866 1.05748 0.705781 0.684238 0.18355 0.29184 -0.123643 -0.136144 0.982943 -0.492374
0.540718 -0.841192 0.00450218 1.22058 0.82721 0.532688 0.178792 0.401987 -0.152797 -0.0929519 0.983877 -0.519961
0.402259 -0.915418 -0.0140634 1.51207 0.897765 0.391397 0.202056 0.480972 -0.179461 -0.0939044 0.979273 -0.638839
0.254043 -0.962119 0.0989417 1.79954 0.943905 0.268938 0.191612 0.728183 -0.210963 0.0447139 0.976471 -0.506294
0.112982 -0.986849 0.115604 1.96715 0.966679 0.136074 0.216832 0.945694 -0.229711 0.0872538 0.96934 -0.593026
-0.0154991 -0.994626 0.102366 2.06399 0.975233 0.00755361 0.221053 1.32229 -0.220638 0.103257 0.969875 -0.780631
-0.0181017 -0.996467 0.082012 2.05714 0.97156 0.00183907 0.236788 1.71939 -0.236102 0.0839659 0.968094 -0.920986
-0.0984647 -0.992641 0.0704839 2.04372 0.962807 -0.0771183 0.258949 2.2671 -0.251608 0.0933598 0.963316 -1.07543
-0.339786 -0.928889 0.147345 2.05468 0.909891 -0.285022 0.301432 2.34747 -0.238 0.23649 0.942034 -1.01047
-0.534383 -0.844466 0.0362154 1.98045 0.809566 -0.499041 0.309131 2.72645 -0.242978 0.194513 0.95033 -1.07413
-0.665041 -0.743521 0.0699828 1.70234 0.71437 -0.606038 0.349847 2.90144 -0.217706 0.282656 0.934189 -1.20996
-0.731111 -0.680535 0.0484639 1.55806 0.643893 -0.664771 0.378788 3.32793 -0.225561 0.308142 0.924213 -1.33774
-0.763341 -0.644362 0.0459108 1.19759 0.599648 -0.680349 0.421363 3.62762 -0.240275 0.349174 0.905729 -1.47179
-0.832241 -0.554241 -0.0138628 0.66885 0.496276 -0.755882 0.427028 3.82984 -0.247155 0.348511 0.904132 -1.43559
-0.908708 -0.413919 -0.0540416 0.336943 0.347818 -0.822376 0.450245 3.92636 -0.230807 0.390345 0.891268 -1.47
-0.94624 -0.314685 -0.0748469 -0.0381476 0.233388 -0.824421 0.515616 4.14858 -0.223962 0.470428 0.853545 -1.60434
-0.960275 -0.25485 -0.113677 -0.625478 0.141587 -0.796003 0.5885 4.21673 -0.240467 0.549027 0.800466 -1.5185
-0.971376 -0.166009 -0.169913 -1.03148 0.045168 -0.831303 0.553981 4.37924 -0.233215 0.530449 0.815006 -1.73925
-0.972911 -0.05795 -0.223798 -1.45699 -0.076185 -0.833624 0.547053 4.55948 -0.218265 0.549284 0.806627 -1.82837
-0.96199 -0.0415992 -0.269898 -1.88315 -0.121864 -0.819071 0.5606 4.52012 -0.244386 0.572182 0.782868 -1.95414
-0.944412 0.0968765 -0.314168 -2.36887 -0.268106 -0.780009 0.565424 4.49319 -0.190278 0.618224 0.762623 -2.06096
-0.920152 0.175104 -0.350227 -2.75603 -0.363521 -0.714401 0.597899 4.43574 -0.145508 0.677473 0.721012 -2.12707
-0.874704 0.307918 -0.374271 -3.27593 -0.480165 -0.65547 0.582924 4.29309 -0.0658306 0.689598 0.721194 -2.2682
-0.809818 0.458694 -0.36578 -3.56559 -0.58663 -0.641349 0.494506 3.98944 -0.00776584 0.615037 0.78846 -2.38445
-0.750988 0.528827 -0.395423 -3.84843 -0.659357 -0.568304 0.492219 3.74968 0.0355783 0.630375 0.775475 -2.27841
-0.645912 0.630458 -0.430488 -4.16774 -0.747442 -0.407527 0.524644 3.42456 0.15533 0.660639 0.734458 -2.37219
-0.572517 0.703545 -0.42101 -4.52436 -0.789037 -0.333238 0.516113 3.12915 0.222813 0.627676 0.745907 -2.33469
-0.513093 0.763149 -0.392859 -4.78557 -0.813745 -0.286896 0.50548 2.88598 0.273048 0.579045 0.768213 -2.33577
-0.452785 0.804067 -0.385308 -5.27925 -0.831393 -0.224613 0.508266 2.34917 0.322134 0.550478 0.770197 -2.21012
-0.339971 0.875601 -0.343136 -5.36941 -0.840966 -0.119735 0.527674 1.93727 0.420947 0.46796 0.777057 -2.00768
-0.191743 0.931883 -0.307944 -5.38838 -0.856971 -0.00603722 0.515328 1.50409 0.478367 0.362709 0.799755 -2.0015
-0.109165 0.961659 -0.251584 -5.473 -0.867601 0.0313449 0.496273 0.953471 0.485131 0.27245 0.830914 -1.89707
0.0327069 0.961551 -0.272673 -5.48655 -0.857489 0.167153 0.486593 0.665559 0.513462 0.217899 0.829986 -1.69185
0.277827 0.935968 -0.216279 -5.52848 -0.819489 0.348399 0.455034 0.247589 0.501249 0.0508171 0.86381 -1.61248
0.364753 0.899367 -0.241029 -5.30412 -0.793308 0.435702 0.425237 -0.213303 0.487461 0.0361038 0.872398 -1.21109
0.414478 0.877548 -0.241078 -4.94136 -0.778235 0.479099 0.405974 -0.709694 0.471761 0.0193478 0.881514 -0.940846
0.547105 0.815999 -0.186606 -4.63726 -0.708671 0.570175 0.415555 -1.14056 0.445491 -0.0951098 0.89022 -0.696516
0.703098 0.696011 -0.145677 -4.12475 -0.593982 0.687478 0.417804 -1.59672 0.390946 -0.207228 0.896782 -0.513668
0.754661 0.643733 -0.126865 -3.63531 -0.552051 0.727479 0.407448 -1.7987 0.35458 -0.237449 0.904373 -0.365892
0.870659 0.459285 -0.176097 -3.23646 -0.39371 0.8653 0.310238 -2.13057 0.294865 -0.200781 0.934207 -0.273329
0.941392 0.317531 -0.113822 -2.92909 -0.266978 0.907631 0.323926 -2.47238 0.206165 -0.274554 0.93921 -0.364825
0.967705 0.226851 -0.109938 -2.42193 -0.186135 0.937109 0.295264 -2.66471 0.170005 -0.265265 0.949069 -0.19165
0.992448 0.089311 -0.0840805 -1.83865 -0.0576557 0.944675 0.3229 -2.88068 0.108267 -0.315614 0.942691 -0.111362
0.99608 0.0537618 -0.0702484 -1.20804 -0.0342647 0.96662 0.253911 -2.93399 0.0815543 -0.250509 0.964673 -0.00710757
0.99847 -0.0359229 -0.042028 -0.670784 0.042589 0.984465 0.170337 -3.0708 0.0352561 -0.171867 0.984489 0.0794984
0.976089 -0.217248 -0.00729598 0.122179 0.217144 0.972993 0.078314 -3.0059 -0.00991463 -0.0780257 0.996902 -0.0290076
0.91639 -0.400077 0.012953 0.826089 0.398446 0.914797 0.0662337 -3.05167 -0.0383479 -0.0555348 0.99772 0.123816
0.931766 -0.362942 0.00918434 1.75991 0.359711 0.926307 0.112091 -2.71253 -0.04919 -0.101139 0.993656 0.160318
0.849134 -0.527164 0.0326999 2.268 0.520761 0.845943 0.114839 -2.49309 -0.0882011 -0.0804846 0.992846 -0.0340624
0.792533 -0.608802 0.035376 2.77009 0.601041 0.789609 0.123559 -2.08506 -0.103156 -0.0766622 0.991706 -0.0659868
0.714752 -0.697879 0.0457726 3.28412 0.68717 0.712945 0.139667 -1.72083 -0.130104 -0.0683736 0.98914 -0.179362
0.666772 -0.741792 0.0718239 3.86945 0.728501 0.669067 0.147088 -1.25365 -0.157164 -0.0457502 0.986512 -0.417715
0.535443 -0.84132 0.0740382 4.3997 0.825897 0.539921 0.162416 -0.656656 -0.176619 -0.0258166 0.983941 -0.470323
0.278007 -0.950372 0.139661 4.75634 0.938311 0.299801 0.172316 -0.100691 -0.205634 0.0831405 0.975091 -0.69652
0.0821743 -0.982852 0.165076 4.93663 0.970755 0.116425 0.20995 0.621124 -0.225569 0.142996 0.963676 -0.928463
-5.59209e-05 -0.987224 0.15934 5.1108 0.975076 0.035299 0.219044 1.36549 -0.22187 0.155381 0.962616 -1.15224
-0.0170623 -0.988629 0.149405 5.08586 0.970884 0.0193279 0.238771 1.82826 -0.238944 0.149129 0.959514 -1.36821
-0.0149329 -0.990108 0.139511 5.04344 0.964263 0.0226527 0.263977 2.63306 -0.264527 0.138468 0.954386 -1.53253
-0.197999 -0.968037 0.153953 4.93728 0.939652 -0.142744 0.310932 3.34585 -0.279018 0.206226 0.937881 -1.80558
-0.443394 -0.886504 0.132331 4.65375 0.860635 -0.379826 0.339174 4.0128 -0.250416 0.264277 0.93137 -1.90459
-0.508152 -0.852035 0.125772 4.08179 0.823235 -0.437589 0.361663 4.74882 -0.253113 0.287319 0.923786 -2.11012
-0.699082 -0.707384 0.10436 3.50812 0.680333 -0.613107 0.401555 5.22565 -0.22007 0.35172 0.909869 -2.2869
-0.84063 -0.536997 0.0705368 3.11599 0.51018 -0.741384 0.435965 5.72636 -0.181817 0.402472 0.897195 -2.47057
-0.90225 -0.428435 0.0488643 2.3172 0.396954 -0.780953 0.482224 6.10639 -0.168441 0.454483 0.874684 -2.50037
-0.958159 -0.286215 0.00358061 1.51246 0.247482 -0.822078 0.512777 6.28846 -0.143821 0.492208 0.858515 -2.74162
-0.943841 -0.326868 -0.0481765 0.887958 0.247477 -0.796013 0.552375 6.42694 -0.218903 0.509432 0.832202 -3.00648
-0.945201 -0.307756 -0.109004 0.232725 0.185773 -0.781512 0.59559 6.61388 -0.268484 0.542702 0.795858 -3.24619
-0.963194 -0.221923 -0.151684 -0.458886 0.0873276 -0.792011 0.604229 6.8351 -0.254227 0.568743 0.78224 -3.48307
-0.977191 -0.0253158 -0.210846 -1.36562 -0.111123 -0.785128 0.609283 7.02014 -0.180966 0.618816 0.764407 -3.64112
-0.970562 -0.03467 -0.238342 -1.87464 -0.122098 -0.782175 0.610978 6.91045 -0.207608 0.622094 0.754916 -3.74433
-0.940842 0.180256 -0.286922 -2.64686 -0.326093 -0.711785 0.622114 6.853 -0.0920875 0.678874 0.728457 -4.12006
-0.912263 0.234426 -0.335888 -3.35408 -0.401333 -0.675532 0.618538 6.62126 -0.0819016 0.699072 0.710346 -4.25026
-0.891392 0.253569 -0.375662 -4.21363 -0.442391 -0.666978 0.599526 6.29426 -0.0985372 0.700602 0.706716 -4.17152
-0.821721 0.413038 -0.392651 -4.88101 -0.569831 -0.585547 0.576566 6.02383 0.00822814 0.697521 0.716517 -4.27945
-0.80851 0.428275 -0.4036 -5.40396 -0.588452 -0.581362 0.56191 5.49783 0.00601388 0.691809 0.722056 -4.38316
-0.776485 0.456461 -0.434413 -5.99802 -0.629737 -0.53758 0.560749 4.8395 0.0224286 0.708979 0.704873 -4.41471
-0.606774 0.653844 -0.452011 -6.6272 -0.767786 -0.334917 0.546201 4.16358 0.205744 0.678468 0.705231 -4.31059
-0.548391 0.712606 -0.437561 -7.06599 -0.794358 -0.28044 0.53884 3.7005 0.261271 0.643075 0.719855 -4.1798
-0.333374 0.835984 -0.435881 -7.55029 -0.854212 -0.07218 0.51489 3.11771 0.398978 0.543985 0.738171 -3.91838
-0.351754 0.847996 -0.396448 -7.90106 -0.841235 -0.100593 0.531229 2.28443 0.4106 0.520368 0.748748 -3.5661
-0.270499 0.888045 -0.37176 -8.26138 -0.851908 -0.0409299 0.52209 1.53672 0.448424 0.45793 0.767604 -3.16165
-0.121697 0.931265 -0.343418 -8.37554 -0.858608 0.074814 0.507144 0.777308 0.497978 0.356579 0.790487 -2.79963
0.150684 0.92861 -0.339085 -8.56737 -0.839178 0.301462 0.45266 0.139022 0.522566 0.216344 0.824694 -2.33414
0.282897 0.90695 -0.312108 -8.2352 -0.806116 0.401152 0.435033 -0.803971 0.519756 0.128526 0.844592 -1.88972
0.474954 0.833486 -0.282347 -7.9627 -0.72608 0.552439 0.409413 -1.50625 0.49722 0.0105544 0.86756 -1.32281
0.442039 0.859638 -0.256173 -7.48871 -0.773648 0.509905 0.376118 -2.13504 0.453949 0.0319295 0.890455 -0.899652
0.655705 0.715857 -0.239999 -7.0104 -0.631824 0.694278 0.344639 -2.89675 0.413339 -0.0743447 0.907537 -0.526397
0.724675 0.654085 -0.21684 -6.27207 -0.571518 0.746302 0.341175 -3.75993 0.384986 -0.123313 0.914647 -0.166958
0.807716 0.553813 -0.202202 -5.48341 -0.482925 0.818218 0.311934 -4.22646 0.338199 -0.154305 0.928338 0.145335
0.817312 0.547119 -0.180726 -4.69162 -0.489396 0.824712 0.283448 -4.7597 0.304126 -0.143219 0.941804 0.211593
0.935372 0.321972 -0.146335 -3.91697 -0.281166 0.927975 0.244556 -5.20998 0.214535 -0.187606 0.958529 0.449948
0.972987 0.203919 -0.108228 -2.98528 -0.171721 0.952614 0.251076 -5.48664 0.154298 -0.225709 0.961898 0.551799
0.99416 0.0509204 -0.0951491 -1.91067 -0.0254105 0.967345 0.252188 -5.73715 0.104884 -0.248298 0.962989 0.754014
