0.999997 -0.00129144 -0.00226857 -0.000910774 0.00132404 0.999895 0.0144271 -0.00039692 0.0022497 -0.01443 0.999893 -0.00851126
0.97947 -0.199931 0.0257993 0.345775 0.197438 0.97725 0.0774634 -0.0868432 -0.0406997 -0.0707793 0.996661 0.0406613
0.874268 -0.483045 0.0481884 0.551719 0.474025 0.870891 0.129807 0.0154758 -0.10467 -0.0906439 0.990368 -0.0509159
0.826483 -0.562438 0.0242712 0.669282 0.551972 0.818073 0.161501 0.00106446 -0.11069 -0.120081 0.986574 -0.269542
0.729114 -0.684131 -0.0188964 0.770858 0.676931 0.716824 0.167114 0.0782358 -0.100783 -0.134637 0.985756 -0.421938
0.692452 -0.72033 -0.0404211 1.03761 0.718121 0.682775 0.134608 0.212682 -0.069364 -0.122237 0.990074 -0.510847
0.537451 -0.841199 -0.0594231 1.16801 0.841185 0.529792 0.108301 0.339517 -0.059621 -0.108192 0.992341 -0.52947
0.415904 -0.904174 -0.0974351 1.44087 0.906428 0.403487 0.124849 0.439778 -0.0735712 -0.140243 0.98738 -0.62927
0.292705 -0.956156 -0.00948762 1.69042 0.949318 0.289395 0.122665 0.6883 -0.114542 -0.0449116 0.992403 -0.467249
0.180003 -0.983661 -0.00310668 1.87754 0.972922 0.17757 0.14796 0.909466 -0.14499 -0.0296557 0.988989 -0.530327
0.0690412 -0.997552 -0.0110664 2.0323 0.988431 0.0668998 0.13612 1.28482 -0.135047 -0.0203363 0.990631 -0.689314
0.0674873 -0.996519 -0.0489492 2.04772 0.98951 0.0605702 0.131157 1.68511 -0.127735 -0.0572871 0.990152 -0.804294
-0.00320622 -0.998091 -0.0616737 2.04898 0.990697 -0.011561 0.135592 2.25056 -0.136047 -0.0606653 0.988843 -0.901011
-0.22793 -0.973529 0.0170049 2.02322 0.961466 -0.22228 0.161784 2.33327 -0.153721 0.0532249 0.98668 -0.842042
-0.399231 -0.911885 -0.095297 1.98301 0.897258 -0.409956 0.163902 2.73969 -0.188527 -0.0200712 0.981863 -0.878355
-0.5191 -0.853957 -0.0359439 1.76226 0.835977 -0.516028 0.1867 2.98476 -0.177982 0.0668676 0.981759 -1.0445
-0.574653 -0.817711 -0.0334938 1.71243 0.801781 -0.57072 0.177272 3.45943 -0.164073 0.0750154 0.983592 -1.13529
-0.600296 -0.799682 0.012395 1.45616 0.790626 -0.591017 0.160033 3.85924 -0.120649 0.105867 0.987034 -1.26005
-0.688339 -0.725122 0.0196833 1.02302 0.722873 -0.683441 0.101802 4.17158 -0.0603663 0.0843027 0.99461 -1.23289
-0.799751 -0.595546 0.0756563 0.772244 0.599634 -0.79853 0.0528207 4.35261 0.0289566 0.0876095 0.995734 -1.25035
-0.862045 -0.474232 0.178837 0.504318 0.489342 -0.870657 0.0499991 4.67371 0.131994 0.130614 0.982608 -1.24724
-0.905254 -0.376709 0.196481 0.000230385 0.401505 -0.909745 0.105629 4.7682 0.138957 0.174509 0.974801 -0.999045
-0.937881 -0.28197 0.20217 -0.354417 0.29698 -0.953698 0.0475752 5.04278 0.179394 0.10466 0.978194 -0.97727
-0.969814 -0.152801 0.190034 -0.699514 0.165348 -0.984867 0.0519311 5.25803 0.179223 0.0817853 0.980403 -0.790535
-0.977579 -0.0899712 0.19038 -1.11624 0.107381 -0.990732 0.083179 5.33831 0.181132 0.101757 0.97818 -0.724783
-0.986388 0.0717503 0.147957 -1.58841 -0.0562696 -0.992742 0.106287 5.35931 0.154509 0.0965143 0.983266 -0.580209
-0.975005 0.195823 0.104966 -1.97289 -0.178987 -0.972177 0.151113 5.38389 0.131637 0.128549 0.982928 -0.471604
-0.930133 0.360328 0.0708191 -2.52515 -0.348802 -0.927205 0.136487 5.3876 0.114844 0.102249 0.988107 -0.404071
-0.867106 0.49248 0.074774 -2.89249 -0.491021 -0.870316 0.0380607 5.18257 0.0838211 -0.00371295 0.996474 -0.481113
-0.801088 0.597708 0.031665 -3.16411 -0.596595 -0.801627 0.0383234 4.93441 0.0482897 0.0118092 0.998764 -0.361173
-0.663165 0.747941 -0.0282201 -3.54727 -0.747739 -0.660374 0.0692296 4.68932 0.0331438 0.0670119 0.997202 -0.419188
-0.582384 0.811687 -0.0446492 -3.89945 -0.811947 -0.578135 0.080632 4.38026 0.0396346 0.0832116 0.995743 -0.35171
-0.509038 0.860682 -0.0103263 -4.17075 -0.858337 -0.506682 0.0808199 4.13947 0.0643281 0.0500039 0.996675 -0.323752
-0.447517 0.894048 -0.0201632 -4.64063 -0.8904 -0.443367 0.103026 3.54729 0.0831705 0.0640592 0.994474 -0.22024
-0.31049 0.950571 0.00314186 -4.71494 -0.939239 -0.307294 0.152971 3.04833 0.146376 0.0445451 0.988226 -0.158276
-0.162838 0.986539 0.0149635 -4.78236 -0.975608 -0.16326 0.146748 2.60756 0.147216 0.00929767 0.989061 -0.287369
-0.106403 0.993907 0.0287523 -4.9099 -0.989633 -0.108662 0.0939147 2.01826 0.0964668 -0.0184614 0.995165 -0.352877
0.0140297 0.999874 0.00741598 -4.88348 -0.996593 0.01338 0.0813846 1.61674 0.0812752 -0.00853251 0.996655 -0.265086
0.226726 0.973575 0.027348 -4.97623 -0.973516 0.225687 0.0365029 1.15691 0.0293662 -0.0348999 0.998959 -0.319414
0.289697 0.956605 -0.0313434 -4.76893 -0.955615 0.290922 0.0465285 0.500206 0.0536278 0.016473 0.998425 -0.191894
0.336541 0.938664 -0.0751647 -4.50972 -0.93627 0.342079 0.0798793 -0.141422 0.100692 0.0434917 0.993967 -0.207299
0.459899 0.885753 -0.0627278 -4.2799 -0.877133 0.464154 0.123281 -0.690347 0.138312 -0.00167616 0.990387 -0.180868
0.611006 0.789338 -0.0601407 -3.82241 -0.773968 0.611608 0.16404 -1.25165 0.166266 -0.0536827 0.984619 -0.200578
0.666651 0.743546 -0.0521124 -3.36005 -0.722549 0.661827 0.199771 -1.56524 0.183029 -0.0955241 0.978456 -0.147131
0.808774 0.575616 -0.120625 -3.02539 -0.560165 0.816437 0.14016 -1.98411 0.179162 -0.045788 0.982754 -0.155593
0.896105 0.435373 -0.0862901 -2.78191 -0.421965 0.895965 0.138539 -2.359 0.137629 -0.0877344 0.986591 -0.321881
0.933096 0.340305 -0.116293 -2.32101 -0.327286 0.937581 0.117583 -2.66343 0.149048 -0.0716551 0.98623 -0.193992
0.97348 0.192148 -0.124158 -1.79258 -0.172648 0.97313 0.152353 -2.96535 0.150096 -0.126877 0.980497 -0.155881
0.990815 -0.0165284 -0.134212 -1.18857 0.0400381 0.983858 0.174417 -3.08357 0.129162 -0.178188 0.975482 -0.0193789
0.988982 -0.11364 -0.094874 -0.653473 0.123846 0.986219 0.109699 -3.10898 0.0811004 -0.12024 0.989427 0.0753469
0.989464 -0.140745 -0.0339346 0.127056 0.143805 0.982571 0.117791 -3.00977 0.0167645 -0.12143 0.992458 0.000484793
0.919551 -0.391387 0.0352427 0.82083 0.385548 0.915895 0.111753 -3.04003 -0.0760173 -0.0891748 0.993111 0.178341
0.903785 -0.420543 0.0794697 1.77726 0.41667 0.907003 0.0610851 -2.71569 -0.0977682 -0.0220952 0.994964 0.145905
0.853621 -0.517678 0.0577993 2.27031 0.507312 0.851402 0.133224 -2.49467 -0.118177 -0.0844002 0.989399 -0.0453803
0.786424 -0.616994 0.0292625 2.79053 0.608107 0.781668 0.138568 -2.13883 -0.108369 -0.0911785 0.98992 -0.0977746
0.676491 -0.734905 0.0476919 3.30698 0.733683 0.678143 0.0427948 -1.82031 -0.0637921 0.00604046 0.997945 -0.21674
0.586419 -0.81 -0.00347283 3.81815 0.809111 0.585563 0.049559 -1.29258 -0.0381092 -0.0318722 0.998765 -0.368517
0.507213 -0.860608 0.0457122 4.3013 0.860532 0.508641 0.027723 -0.731666 -0.0471098 0.0252754 0.99857 -0.299316
0.406676 -0.913151 0.0277282 4.5999 0.908591 0.407438 0.091965 -0.191754 -0.0952755 -0.0122064 0.995376 -0.3862
0.291748 -0.955236 0.0490702 4.83614 0.945933 0.29575 0.1332 0.474909 -0.14175 0.00755621 0.989874 -0.508159
0.145496 -0.986304 0.0776818 5.13934 0.982239 0.153406 0.108045 1.14948 -0.118482 0.0605819 0.991106 -0.664098
0.00936767 -0.9999 0.010613 5.12785 0.993433 0.0105163 0.113929 1.6266 -0.114029 0.0094761 0.993432 -0.802589
-0.0628913 -0.996503 0.0550191 5.09417 0.990449 -0.0555415 0.126199 2.43349 -0.122701 0.0624304 0.990478 -0.866745
-0.119136 -0.990206 0.0727857 5.03801 0.981372 -0.10631 0.160024 3.13619 -0.150719 0.0904944 0.984426 -1.04607
-0.289269 -0.955779 0.0530075 4.85839 0.940185 -0.273267 0.203416 3.77514 -0.179935 0.108679 0.977657 -1.07583
-0.315988 -0.947033 0.0572694 4.48037 0.933335 -0.299441 0.198041 4.55194 -0.170403 0.11603 0.978519 -1.2614
-0.463257 -0.883841 0.0649477 4.05246 0.874158 -0.443669 0.197496 5.09965 -0.14574 0.148266 0.97815 -1.41664
-0.638721 -0.761727 0.108662 3.82562 0.764248 -0.611681 0.204379 5.66977 -0.089215 0.213586 0.972842 -1.52734
-0.711369 -0.689025 0.138558 3.18562 0.702303 -0.689348 0.177681 6.2512 -0.0269125 0.223707 0.974285 -1.48747
-0.797701 -0.571523 0.192443 2.47327 0.599591 -0.785799 0.151693 6.73022 0.0645256 0.236393 0.969513 -1.62978
-0.857124 -0.468811 0.213436 1.87728 0.499232 -0.858122 0.119973 7.14137 0.12691 0.209386 0.969562 -1.7066
-0.906189 -0.37564 0.194204 1.21466 0.397942 -0.912872 0.0911379 7.5385 0.143048 0.15987 0.976718 -1.61548
-0.944282 -0.256746 0.205943 0.515855 0.282193 -0.953585 0.105081 7.94328 0.169405 0.157342 0.972906 -1.46572
-0.963013 -0.189424 0.191637 -0.380872 0.217214 -0.966587 0.136116 8.23974 0.15945 0.172707 0.971981 -1.1515
-0.969094 0.110763 0.220428 -0.971769 -0.0815192 -0.987124 0.137628 8.34856 0.232833 0.115405 0.965645 -1.07229
-0.978327 0.106692 0.177462 -1.85205 -0.0819911 -0.986589 0.141139 8.39948 0.19014 0.12353 0.973954 -1.01117
-0.96864 0.224857 0.105719 -2.6476 -0.207021 -0.965647 0.157062 8.37626 0.137404 0.130251 0.981914 -0.876738
-0.929656 0.363966 0.0571748 -3.56107 -0.354576 -0.926015 0.129509 8.15012 0.100082 0.100126 0.989928 -0.579827
-0.88697 0.460341 0.0370128 -4.29544 -0.451273 -0.880949 0.142416 7.88817 0.0981663 0.109616 0.989115 -0.490432
-0.828411 0.559924 0.0148425 -5.00718 -0.55574 -0.824951 0.102996 7.4978 0.0699143 0.0770744 0.994571 -0.565818
-0.729192 0.68135 -0.0635703 -5.72902 -0.684251 -0.727189 0.0547385 6.88332 -0.0089315 0.0834129 0.996475 -0.625983
-0.639415 0.763116 -0.093823 -6.35231 -0.768848 -0.633886 0.0840341 6.19345 0.00465472 0.125868 0.992036 -0.661264
-0.491777 0.868716 -0.0590588 -6.80154 -0.869379 -0.486123 0.0886885 5.69579 0.0483353 0.0949595 0.994307 -0.604716
-0.34235 0.934762 -0.0949588 -7.17811 -0.938162 -0.334551 0.0890337 4.98029 0.0514568 0.119568 0.991492 -0.466808
-0.255924 0.961115 -0.103736 -7.53097 -0.963773 -0.245338 0.104641 4.03414 0.0751219 0.126759 0.989085 -0.449965
-0.199288 0.976678 -0.0799004 -7.81693 -0.976457 -0.191049 0.100161 3.14078 0.0825604 0.0979802 0.991758 -0.34636
-0.0462906 0.992354 -0.114412 -7.96974 -0.993446 -0.033751 0.109205 2.31889 0.104509 0.118717 0.987413 -0.38836
0.091561 0.987631 -0.127285 -8.04022 -0.995596 0.0933727 0.00832708 1.56099 0.020109 0.125962 0.991831 -0.193147
0.243483 0.965369 -0.0936942 -7.81667 -0.969786 0.243827 -0.00793817 0.518101 0.0151819 0.0927961 0.995569 -0.344848
0.299861 0.942943 -0.144715 -7.5646 -0.953784 0.299427 -0.0252917 -0.365744 0.0194828 0.145611 0.98915 -0.251227
0.395379 0.912114 -0.108273 -7.25366 -0.916236 0.399951 0.0234677 -1.21587 0.0647093 0.0899254 0.993844 -0.256748
0.569593 0.81602 -0.0983596 -6.9123 -0.815726 0.575906 0.0540772 -2.11658 0.100774 0.0494324 0.993681 -0.303729
0.606527 0.772744 -0.18706 -6.27214 -0.777223 0.625835 0.0652345 -3.09879 0.167478 0.105821 0.98018 -0.319234
0.697625 0.698006 -0.161575 -5.53382 -0.691061 0.715075 0.105372 -3.74383 0.189088 0.0381479 0.981219 -0.117478
0.767761 0.632181 -0.104357 -4.83308 -0.623171 0.774618 0.107818 -4.43501 0.148998 -0.0177463 0.988678 -0.159607
0.870982 0.474897 -0.125952 -4.12206 -0.471304 0.880004 0.0588653 -5.05703 0.138793 0.00809113 0.990288 -0.0694855
0.930493 0.347129 -0.116979 -3.22004 -0.343004 0.937759 0.0543662 -5.4969 0.12857 -0.010463 0.991645 -0.0291233
0.962807 0.235707 -0.132082 -2.16768 -0.229233 0.971365 0.062467 -5.94302 0.143023 -0.0298662 0.989269 0.149667
0.986636 0.0724537 -0.145944 -1.21394 -0.066412 0.996738 0.045859 -6.07295 0.14879 -0.0355537 0.988229 0.180069
0.994956 -0.029352 -0.0959236 -0.245071 0.0317698 0.999212 0.0237757 -6.1393 0.0951502 -0.0267033 0.995105 0.375966
0.983189 -0.169447 -0.0680195 0.825883 0.173212 0.98341 0.0538711 -5.97825 0.0577628 -0.0647473 0.996229 0.427994
0.955659 -0.292267 0.035993 1.96905 0.285022 0.948766 0.136399 -5.79505 -0.0740139 -0.120092 0.99 0.329651
0.900045 -0.40862 0.151486 2.91635 0.401063 0.912647 0.0788919 -5.51908 -0.17049 -0.0102509 0.985306 0.355743
0.868637 -0.470188 0.156182 3.84838 0.469295 0.881899 0.0448945 -5.12936 -0.158846 0.0342983 0.986708 0.028748
0.794178 -0.597787 0.109237 4.73203 0.598259 0.800662 0.0320518 -4.52928 -0.106622 0.0398972 0.993499 0.0903055
0.759767 -0.647885 0.0547738 5.53668 0.647265 0.761643 0.0307973 -3.84024 -0.0616712 0.0120543 0.998024 -0.242698
0.664815 -0.744431 0.0619965 6.22899 0.74375 0.667375 0.0380487 -3.10667 -0.0696995 0.0208145 0.997351 -0.423911
0.524712 -0.8455 0.0990282 6.84759 0.846791 0.530332 0.0411514 -2.29007 -0.0873114 0.0622635 0.994233 -0.529801
0.433621 -0.893848 0.114057 7.29701 0.89687 0.44036 0.0413247 -1.41881 -0.0871641 0.0843749 0.992614 -0.689008
0.252885 -0.957579 0.138172 7.77498 0.964743 0.260347 0.0386046 -0.494765 -0.0729397 0.123538 0.989656 -0.790713
0.180578 -0.976343 0.118933 8.10605 0.980341 0.188443 0.0584933 0.64346 -0.0795216 0.106032 0.991178 -0.89104
-0.0410844 -0.991536 0.123163 8.20984 0.993877 -0.0279017 0.10691 1.54796 -0.102568 0.126801 0.986611 -0.987261
-0.146006 -0.978364 0.14658 8.24898 0.984773 -0.129603 0.11587 2.48548 -0.0943656 0.161265 0.982389 -1.26207
-0.294129 -0.948074 0.121007 8.12068 0.948287 -0.273672 0.160798 3.55041 -0.119332 0.162045 0.979541 -1.3923
-0.3832 -0.900761 0.20442 7.8137 0.916846 -0.344096 0.202462 4.63042 -0.11203 0.265005 0.957717 -1.48003
-0.495872 -0.860108 0.119688 7.3306 0.862926 -0.472602 0.178901 5.61086 -0.0973094 0.191995 0.97656 -1.76909
-0.614333 -0.782684 0.100003 6.74775 0.783212 -0.589488 0.197695 6.49323 -0.0957825 0.199774 0.975149 -2.02178
-0.67535 -0.732994 0.0813844 6.17983 0.72816 -0.645222 0.23124 7.51354 -0.116987 0.215429 0.969487 -2.19483
-0.748883 -0.64635 0.14631 5.30866 0.659648 -0.705865 0.258107 8.29267 -0.0635522 0.289805 0.954973 -2.26439
-0.76837 -0.615873 0.174089 4.27698 0.639915 -0.734715 0.225173 9.02844 -0.0107726 0.284419 0.95864 -2.4018
-0.853248 -0.497508 0.156376 3.37525 0.519658 -0.836317 0.174725 9.77507 0.0438532 0.230346 0.97212 -2.4063
-0.902625 -0.363077 0.231179 2.34458 0.409383 -0.890047 0.200555 10.3798 0.132944 0.275666 0.952016 -2.31601
-0.94672 -0.201333 0.251368 1.23886 0.254968 -0.945385 0.203073 10.9169 0.196754 0.256344 0.946349 -2.06022
-0.973824 -0.143686 0.176129 0.157348 0.183709 -0.953833 0.237598 11.0778 0.133859 0.263735 0.955262 -1.71619
-0.975332 0.00315521 0.220719 -1.19194 0.0682061 -0.946662 0.314927 11.286 0.20994 0.322213 0.923095 -1.4386
-0.984133 0.105442 0.142704 -2.28946 -0.0674279 -0.966181 0.248895 11.401 0.164122 0.235323 0.95796 -1.26975
-0.951177 0.300431 0.0707311 -3.39717 -0.273215 -0.926188 0.259863 11.3691 0.143581 0.227851 0.963052 -1.16471
-0.920428 0.388006 0.0475698 -4.6332 -0.371625 -0.906267 0.201434 11.0148 0.121268 0.167727 0.978346 -0.973817
-0.827249 0.557674 -0.0682552 -5.71093 -0.56064 -0.811454 0.165003 10.6464 0.0366321 0.174765 0.983928 -0.863954
-0.806918 0.573728 -0.140425 -6.7421 -0.588445 -0.801425 0.107006 9.96203 -0.0511482 0.168978 0.984292 -0.766167
-0.68864 0.703412 -0.176027 -7.6852 -0.723185 -0.683921 0.0962123 9.19455 -0.0527119 0.193556 0.979672 -0.839929
-0.627493 0.754315 -0.193032 -8.58938 -0.778185 -0.615871 0.123009 8.10024 -0.0260955 0.227402 0.973451 -1.04215
-0.524043 0.839184 -0.145425 -9.31889 -0.851223 -0.510397 0.122125 7.22032 0.0282604 0.187788 0.981803 -1.04774
-0.435602 0.873538 -0.217216 -9.98003 -0.896091 -0.397967 0.196581 6.06959 0.0852759 0.280276 0.956124 -0.989414
-0.308863 0.919387 -0.24358 -10.5933 -0.951087 -0.296905 0.0853308 4.91106 0.00613199 0.258021 0.96612 -0.845983
-0.141176 0.944537 -0.296513 -10.8315 -0.988255 -0.116765 0.0985751 3.76863 0.0584855 0.306947 0.949928 -0.872011
-0.0512046 0.973617 -0.22237 -11.0311 -0.993819 -0.0277157 0.107495 2.40205 0.0984958 0.226499 0.969018 -0.789291
0.0887348 0.962709 -0.255574 -10.9486 -0.995667 0.0928972 0.00423603 1.28433 0.0278201 0.25409 0.96678 -0.584698
0.2696 0.947073 -0.174265 -10.8222 -0.962965 0.265834 -0.0450567 -0.118735 0.00365371 0.179959 0.983667 -0.724981
0.3965 0.899307 -0.184483 -10.5199 -0.918023 0.387384 -0.0846655 -1.2918 -0.00467438 0.20293 0.979182 -0.814107
0.494855 0.84707 -0.193883 -9.97543 -0.868319 0.490685 -0.0724572 -2.57728 0.0337593 0.204209 0.978345 -0.775237
0.574271 0.803197 -0.158389 -9.37437 -0.813785 0.581155 -0.00347879 -3.82252 0.0892545 0.130893 0.987371 -0.736041
0.662092 0.719787 -0.208665 -8.62099 -0.739834 0.672172 -0.0288383 -4.9247 0.119501 0.173471 0.977562 -0.600443
0.758698 0.628053 -0.172992 -7.68322 -0.643712 0.763566 -0.0510025 -5.95768 0.100058 0.150052 0.983602 -0.365104
0.85163 0.509122 -0.124588 -6.66249 -0.513625 0.858002 -0.00474065 -6.92087 0.104483 0.0680287 0.992197 -0.27811
0.888485 0.435121 -0.14582 -5.45253 -0.4445 0.894983 -0.0377544 -7.63472 0.114078 0.0983611 0.988591 -0.143164
0.938987 0.331948 -0.0900799 -4.27731 -0.332877 0.942957 0.0049456 -8.35313 0.0865832 0.0253417 0.995922 0.00552447
0.958129 0.265429 -0.107411 -2.81908 -0.270834 0.961833 -0.0390665 -8.84404 0.0929425 0.0665215 0.993447 0.133214
0.986415 0.0909941 -0.13677 -1.61028 -0.104401 0.990058 -0.0942669 -9.17216 0.126833 0.107265 0.986107 0.246354
0.99415 0.00740026 -0.107753 -0.204037 -0.0169168 0.996006 -0.0876739 -9.20819 0.106674 0.0889839 0.990304 0.354118
0.990915 -0.128606 -0.0393455 1.2805 0.124083 0.98708 -0.101374 -9.03032 0.0518744 0.0955706 0.99407 0.486013
0.965007 -0.229222 0.127349 2.69296 0.235979 0.970911 -0.0405758 -8.81445 -0.114344 0.0692077 0.991028 0.513078
0.912483 -0.334817 0.2351 4.05083 0.34801 0.937358 -0.0157785 -8.22878 -0.21509 0.0962149 0.971843 0.277362
0.842414 -0.484851 0.23507 5.29955 0.508249 0.859881 -0.047826 -7.7412 -0.178944 0.159764 0.970801 -0.0339622
0.781076 -0.591408 0.20039 6.47504 0.604739 0.796395 -0.00674801 -6.96289 -0.155599 0.126454 0.979693 -0.198576
0.719932 -0.673863 0.166153 7.54629 0.686534 0.726558 -0.0280258 -6.00302 -0.101834 0.134246 0.985702 -0.446668
0.614081 -0.777603 0.135049 8.48928 0.783058 0.621663 0.0188549 -5.09427 -0.0986164 0.0941724 0.99066 -0.645241
0.429483 -0.883464 0.187178 9.42216 0.895739 0.443109 0.0361487 -4.03408 -0.114876 0.152137 0.981661 -0.878053
0.416006 -0.887486 0.198263 10.0315 0.903961 0.427314 0.0160476 -2.65909 -0.0989627 0.172546 0.980017 -1.03322
0.291736 -0.934123 0.205683 10.6063 0.945565 0.314075 0.085224 -1.25723 -0.144209 0.169624 0.974901 -1.27856
0.159005 -0.961764 0.222995 11.0941 0.978581 0.183445 0.0934193 0.0700694 -0.130755 0.203364 0.970333 -1.26964
-0.00540878 -0.971261 0.237955 11.2292 0.993604 0.0216208 0.110834 1.49137 -0.112794 0.237033 0.964932 -1.40652
-0.116117 -0.974716 0.190909 11.1599 0.977815 -0.0784443 0.194228 2.8728 -0.174341 0.209227 0.9622 -1.72723
-0.272168 -0.944851 0.182155 11.0425 0.938732 -0.219119 0.266027 4.3249 -0.211442 0.243399 0.946599 -2.0313
-0.387382 -0.893099 0.228711 10.5498 0.901969 -0.315821 0.294463 5.66959 -0.190753 0.320361 0.927891 -2.22099
-0.524494 -0.837011 0.155945 9.9735 0.843013 -0.484867 0.232879 7.04509 -0.11931 0.253607 0.959921 -2.52695
-0.60348 -0.771003 0.203388 9.2274 0.791691 -0.548945 0.268114 8.24339 -0.0950675 0.322822 0.941673 -2.81253
-0.683572 -0.705612 0.18666 8.32908 0.728128 -0.641525 0.241401 9.43138 -0.0505881 0.300928 0.952304 -3.04187
-0.821428 -0.542161 0.176969 7.23397 0.570062 -0.771334 0.282972 10.4843 -0.0169144 0.333324 0.94266 -3.33472
-0.809723 -0.562881 0.16587 6.07164 0.585985 -0.760608 0.279459 11.4505 -0.0311398 0.323482 0.945722 -3.29093
-0.866112 -0.445684 0.226308 4.76168 0.496251 -0.820927 0.282513 12.2985 0.0598712 0.356994 0.932186 -3.24282
-0.925329 -0.269974 0.266233 3.41977 0.34486 -0.891094 0.294995 13.0668 0.157598 0.364781 0.917659 -3.2524
-0.938645 -0.156704 0.307228 1.91618 0.26123 -0.904656 0.336685 13.6892 0.225176 0.396285 0.890087 -3.02114
-0.975531 -0.0326306 0.217427 0.505646 0.111802 -0.925143 0.362781 14.1027 0.189314 0.378213 0.906154 -2.67783
-0.987272 -0.00278579 0.159019 -1.14856 0.061963 -0.92758 0.36845 14.1456 0.146476 0.373613 0.915947 -2.46086
-0.980622 0.114253 0.159145 -2.68614 -0.0457688 -0.923461 0.380952 14.312 0.190489 0.366286 0.910796 -2.22895
-0.972345 0.232522 0.0218758 -4.30662 -0.208553 -0.90662 0.366805 14.2133 0.105123 0.352099 0.930041 -1.94885
-0.937842 0.344445 -0.0425529 -5.78358 -0.336261 -0.871444 0.357091 13.7539 0.0859155 0.349203 0.9331 -1.63588
-0.870529 0.463001 -0.166761 -7.35093 -0.491717 -0.832012 0.256847 13.1977 -0.0198267 0.305592 0.951956 -1.4393
-0.738568 0.59976 -0.307904 -8.47655 -0.667134 -0.716025 0.205524 12.3488 -0.0972019 0.357207 0.928954 -1.44976
-0.690696 0.650199 -0.316513 -9.81559 -0.717926 -0.669033 0.192297 11.2051 -0.0867261 0.360051 0.928893 -1.6472
-0.593606 0.759539 -0.265956 -10.8915 -0.802027 -0.585545 0.117853 10.044 -0.0662151 0.283262 0.956754 -1.77926
-0.559143 0.786333 -0.262756 -11.9628 -0.828667 -0.520165 0.206733 8.63465 0.0258846 0.33333 0.942455 -1.82649
-0.435842 0.855669 -0.279057 -12.8311 -0.89893 -0.39858 0.181822 7.21846 0.0443532 0.330098 0.942904 -1.9091
-0.272968 0.914146 -0.299711 -13.3685 -0.961738 -0.251725 0.108136 5.80703 0.0234076 0.317761 0.947882 -1.75188
-0.0656113 0.941499 -0.330568 -13.7749 -0.997554 -0.0538836 0.0445278 4.15617 0.0241107 0.332681 0.942731 -1.71414
-0.0577793 0.942584 -0.328934 -13.9309 -0.995401 -0.0291736 0.0912491 2.41501 0.0764137 0.332694 0.939934 -1.66326
0.10595 0.940121 -0.323955 -13.8327 -0.993058 0.116778 0.0141094 0.933123 0.0510954 0.320211 0.945967 -1.56299
0.300321 0.905628 -0.299407 -13.7905 -0.953144 0.296911 -0.0579768 -0.807831 0.0363918 0.30279 0.952362 -1.44176
0.383046 0.884132 -0.267558 -13.2124 -0.922171 0.382825 -0.0551887 -2.3248 0.0536337 0.267874 0.96196 -1.48133
0.481033 0.842453 -0.242652 -12.567 -0.873721 0.483475 -0.0535077 -4.01547 0.0722386 0.237749 0.968637 -1.45797
0.589833 0.771728 -0.237769 -11.7014 -0.798143 0.601889 -0.0263971 -5.57865 0.122739 0.205343 0.970963 -1.30476
0.628319 0.756598 -0.181038 -10.6496 -0.774515 0.630228 -0.0542108 -6.96031 0.0730796 0.174279 0.981981 -1.18655
0.749729 0.640242 -0.167324 -9.60916 -0.65728 0.749796 -0.0760855 -8.26831 0.076746 0.167022 0.982962 -0.921045
0.796631 0.577087 -0.179859 -8.15822 -0.593857 0.802702 -0.0548012 -9.46916 0.112748 0.150467 0.982165 -0.614739
0.86455 0.4728 -0.170334 -6.75711 -0.493777 0.862225 -0.112927 -10.3518 0.0934746 0.181738 0.978894 -0.538002
0.957521 0.271817 -0.0962801 -5.23649 -0.280342 0.955671 -0.0900042 -11.2257 0.0675475 0.113172 0.991277 -0.339217
0.951849 0.276559 -0.132281 -3.66365 -0.292489 0.948503 -0.121626 -11.8287 0.0918317 0.15446 0.983722 -0.201563
0.99278 0.0616966 -0.102868 -1.93723 -0.0761269 0.986813 -0.142845 -12.1064 0.0926984 0.149645 0.984385 -0.136309
0.997383 0.0359193 -0.0627529 -0.173862 -0.0466847 0.982642 -0.179541 -12.2006 0.0552147 0.182 0.981747 -0.0359539
0.991602 -0.128197 0.0170758 1.73755 0.128923 0.969379 -0.209004 -11.9953 0.0102407 0.20945 0.977766 0.0527186
0.954256 -0.271979 0.124186 3.44107 0.285865 0.951656 -0.112394 -11.7733 -0.0876139 0.142753 0.985873 0.0790423
0.894994 -0.387838 0.220381 5.1692 0.425935 0.889789 -0.163876 -11.0725 -0.132535 0.240536 0.961549 -0.0908601
0.85677 -0.472621 0.206336 6.77982 0.500518 0.858452 -0.111987 -10.3225 -0.124202 0.199222 0.972052 -0.496756
0.794788 -0.542544 0.271951 8.40202 0.584078 0.805516 -0.0999815 -9.34594 -0.164817 0.238305 0.957103 -0.612534
0.691121 -0.683625 0.234539 9.57149 0.70929 0.703865 -0.0384841 -8.29749 -0.138775 0.192953 0.971345 -0.891131
0.634448 -0.73465 0.240344 10.9185 0.766814 0.63735 -0.0760346 -6.94838 -0.0973244 0.232539 0.967705 -1.08266
0.502836 -0.823554 0.262516 12.1175 0.85401 0.520243 -0.00372799 -5.41559 -0.133502 0.226065 0.964921 -1.28997
0.383092 -0.874388 0.297803 12.8661 0.914929 0.403537 0.00787872 -3.91436 -0.127064 0.269451 0.954595 -1.64703
0.25072 -0.928721 0.27316 13.4551 0.964824 0.262778 0.00785809 -2.22897 -0.0790782 0.261581 0.961937 -1.83531
0.113691 -0.967704 0.224996 13.9499 0.986581 0.136675 0.089317 -0.489643 -0.117184 0.211822 0.970257 -2.08253
-0.0476302 -0.965299 0.256769 14.2309 0.990872 -0.0132067 0.134156 1.25469 -0.12611 0.260815 0.957117 -2.31968
-0.184515 -0.947902 0.259685 14.1725 0.97441 -0.141923 0.174305 3.09569 -0.128369 0.285202 0.949832 -2.4289
-0.27757 -0.925077 0.259204 13.77 0.938224 -0.202996 0.280229 5.01102 -0.206616 0.320975 0.924275 -2.79222
-0.340465 -0.891112 0.300007 13.2912 0.916957 -0.244083 0.315615 6.66978 -0.208021 0.382549 0.900213 -3.10912
-0.478719 -0.847339 0.22988 12.5192 0.867037 -0.415078 0.275602 8.38497 -0.13811 0.331251 0.93338 -3.49156
-0.591741 -0.77829 0.210016 11.5675 0.78484 -0.496744 0.370502 9.89496 -0.184034 0.38407 0.904777 -3.84333
-0.667422 -0.715732 0.205612 10.3517 0.73466 -0.587704 0.338938 11.279 -0.12175 0.37727 0.918066 -4.18745
-0.762202 -0.630571 0.146382 8.90411 0.639193 -0.697355 0.324234 12.7431 -0.102373 0.340698 0.934583 -4.39553
-0.850301 -0.463021 0.250199 7.71916 0.524886 -0.78084 0.338798 13.8629 0.0384951 0.419406 0.906982 -4.58187
-0.860772 -0.442978 0.250683 6.07654 0.506144 -0.796966 0.329642 14.8412 0.0537616 0.410628 0.910216 -4.48419
-0.898042 -0.380765 0.220314 4.20072 0.4359 -0.83768 0.329064 15.809 0.0592562 0.391548 0.918248 -4.35696
-0.93938 -0.290138 0.182718 2.54117 0.336576 -0.881977 0.329899 16.4859 0.0654365 0.371399 0.926165 -4.17517
-0.981929 -0.118814 0.147301 0.669252 0.166321 -0.913139 0.372174 16.935 0.0902869 0.389948 0.9164 -3.91291
-0.986745 0.0333426 0.158817 -1.29981 0.0429749 -0.890033 0.453866 17.0443 0.156485 0.454675 0.876803 -3.6132
-0.972912 0.196408 0.121931 -3.09582 -0.114028 -0.866518 0.485947 17.092 0.201099 0.45888 0.865441 -3.55535
-0.967786 0.238188 0.0815848 -5.01313 -0.162955 -0.839598 0.51819 16.9099 0.191925 0.488202 0.851365 -3.15831
-0.918656 0.378769 -0.112277 -6.9149 -0.380058 -0.769755 0.512869 16.5417 0.107833 0.513821 0.851093 -2.76
-0.84395 0.445013 -0.299519 -8.71787 -0.533594 -0.753695 0.383694 15.6949 -0.0549969 0.48364 0.873537 -2.52869
-0.758728 0.551535 -0.346614 -10.2976 -0.649915 -0.676924 0.345519 14.5403 -0.044066 0.487425 0.872052 -2.66661
-0.675733 0.659881 -0.328546 -11.7939 -0.736265 -0.625974 0.257041 13.1258 -0.0360448 0.415588 0.908839 -2.78253
-0.584156 0.762031 -0.279412 -13.1253 -0.811418 -0.556376 0.179016 11.8063 -0.0190426 0.331293 0.943336 -2.91448
-0.5226 0.786649 -0.328744 -14.4935 -0.852542 -0.485693 0.193065 10.1047 -0.00779453 0.381164 0.924474 -2.95059
-0.385583 0.855433 -0.345774 -15.4525 -0.922276 -0.346333 0.17164 8.45617 0.0270736 0.385081 0.922486 -2.87511
-0.239944 0.9014 -0.360424 -16.0861 -0.970546 -0.214474 0.109731 6.62684 0.0216097 0.376137 0.926312 -2.8758
-0.106831 0.909336 -0.402114 -16.6102 -0.993218 -0.0789402 0.085357 4.46205 0.0458752 0.408506 0.911602 -2.8512
-0.0468215 0.927474 -0.370945 -16.7547 -0.996866 -0.0196809 0.0766187 2.44423 0.0637613 0.37337 0.925489 -2.69427
0.0916257 0.927367 -0.362761 -16.6416 -0.9909 0.120981 0.0589975 0.439263 0.0985996 0.354055 0.930013 -2.51616
0.223543 0.918668 -0.325696 -16.4289 -0.972101 0.234489 -0.00579752 -1.69476 0.0710462 0.317906 0.945457 -2.43897
0.348718 0.890929 -0.290933 -16.0058 -0.933588 0.357535 -0.0241308 -3.47517 0.0825199 0.280026 0.956439 -2.38892
0.459995 0.841625 -0.282968 -15.0406 -0.885017 0.460339 -0.0695164 -5.53094 0.0717546 0.282409 0.956607 -2.16341
0.53769 0.79903 -0.269147 -14.2244 -0.837551 0.542883 -0.0615377 -7.24954 0.0969449 0.258513 0.961131 -2.04404
0.680492 0.685697 -0.258361 -13.0211 -0.724489 0.682418 -0.0970627 -8.87009 0.109754 0.25323 0.96116 -1.93043
0.754212 0.58785 -0.292568 -11.5959 -0.631193 0.771868 -0.0762582 -10.3816 0.180996 0.242182 0.953199 -1.62369
0.8241 0.506887 -0.252835 -9.98713 -0.549657 0.823457 -0.140697 -11.8219 0.136881 0.254921 0.957225 -1.17979
0.87288 0.456721 -0.171718 -8.29489 -0.481351 0.863633 -0.149796 -13.0028 0.0798863 0.21341 0.973691 -1.15521
0.931454 0.33808 -0.134518 -6.29135 -0.358945 0.914326 -0.187529 -14.1 0.0595933 0.222959 0.973005 -1.14878
0.958708 0.250728 -0.134215 -4.33783 -0.276754 0.931166 -0.237355 -14.6464 0.065465 0.264699 0.962106 -0.92995
0.986215 0.134016 -0.0970539 -2.24493 -0.160887 0.913705 -0.373173 -15.1722 0.0386672 0.383644 0.922671 -0.660738
0.999651 -0.0262091 -0.00325958 -0.157014 0.0244518 0.965069 -0.260852 -15.32 0.00998242 0.260682 0.965373 -0.65298
0.977686 -0.203982 0.0502082 2.04225 0.209593 0.931084 -0.298587 -15.0371 0.0141583 0.302447 0.953061 -0.59114
0.946376 -0.294182 0.133525 4.2698 0.318672 0.917979 -0.236141 -14.6136 -0.0531043 0.266029 0.962501 -0.671283
0.908253 -0.379193 0.176886 6.3831 0.409318 0.892897 -0.187601 -13.8377 -0.0868037 0.242792 0.966187 -0.889171
0.861074 -0.47725 0.175454 8.3056 0.499574 0.858332 -0.117014 -12.8573 -0.0947525 0.18841 0.977509 -1.1239
0.79677 -0.562254 0.221424 10.0383 0.597966 0.786448 -0.154716 -11.7099 -0.0871487 0.255677 0.962826 -1.48087
0.72382 -0.650124 0.231135 11.6515 0.674942 0.736704 -0.0414799 -10.4261 -0.143311 0.186027 0.972037 -1.59122
0.577996 -0.764232 0.286129 13.2025 0.81047 0.578502 -0.0920504 -9.02536 -0.0951783 0.285104 0.953759 -1.78442
0.498959 -0.798621 0.336518 14.513 0.858052 0.509743 -0.0625253 -7.00797 -0.121603 0.319947 0.939599 -2.09959
0.392232 -0.845351 0.362678 15.6424 0.911304 0.410773 -0.0281122 -5.05773 -0.125213 0.341536 0.931491 -2.49487
0.309229 -0.898051 0.31286 16.2974 0.9461 0.323827 -0.00558663 -3.00215 -0.0962956 0.297725 0.949783 -2.70048
0.176337 -0.906039 0.384707 16.8718 0.981173 0.193069 0.00496652 -0.8695 -0.0787747 0.376588 0.923025 -2.85928
0.0158391 -0.948355 0.316815 17.1761 0.991992 0.0546124 0.113883 1.2073 -0.125303 0.312474 0.941626 -3.1171
-0.118353 -0.944587 0.306184 17.0825 0.981117 -0.0637377 0.182611 3.44865 -0.152977 0.322015 0.934294 -3.35593
-0.237809 -0.937897 0.252579 16.6434 0.941885 -0.159148 0.295844 5.45901 -0.237273 0.308255 0.921238 -3.78836
-0.441689 -0.83455 0.329297 16.0687 0.883738 -0.34144 0.320041 7.46237 -0.154655 0.432371 0.888334 -4.25915
-0.501761 -0.824178 0.262616 15.0726 0.85366 -0.422794 0.304154 9.47122 -0.139645 0.376797 0.915709 -4.75614
-0.627242 -0.734154 0.259972 13.8523 0.768564 -0.529473 0.359121 11.2894 -0.126002 0.425061 0.896352 -5.17174
-0.7171 -0.635224 0.286807 12.5642 0.695668 -0.627206 0.350227 13.0295 -0.0425853 0.45067 0.891674 -5.42719
-0.731255 -0.635755 0.247149 10.9366 0.675155 -0.62303 0.394967 14.7263 -0.0971212 0.455685 0.884827 -5.47667
-0.787689 -0.567687 0.239328 9.12055 0.612862 -0.682423 0.39837 16.107 -0.0628266 0.460467 0.885451 -5.75752
-0.884739 -0.414827 0.2125 7.3847 0.465908 -0.799789 0.378508 17.3348 0.01294 0.433886 0.900875 -5.78677
-0.933738 -0.322211 0.155924 5.30718 0.357409 -0.863279 0.356383 18.3306 0.0197758 0.388497 0.921238 -5.56314
-0.973577 -0.202434 0.105681 3.25335 0.227173 -0.905677 0.35797 19.1945 0.0232472 0.372519 0.927733 -5.51383
-0.989872 -0.0846284 0.113983 1.05098 0.121966 -0.917848 0.377728 19.7064 0.0726522 0.387804 0.918874 -5.32973
-0.997044 0.0300019 0.0707368 -1.40653 0.00420334 -0.897941 0.440095 19.7761 0.0767212 0.439091 0.895161 -5.21541
-0.987943 0.144958 0.0543677 -3.59911 -0.0994569 -0.863367 0.494677 19.6737 0.118647 0.483306 0.867375 -4.93593
-0.976297 0.216059 -0.0127369 -6.01916 -0.193041 -0.842651 0.502668 19.4645 0.0978734 0.493212 0.864386 -4.73212
-0.917347 0.385894 -0.0977756 -8.00621 -0.382443 -0.786118 0.485548 18.9348 0.110507 0.482809 0.868725 -4.47491
-0.858885 0.481811 -0.173707 -10.0938 -0.507901 -0.757555 0.410058 17.8457 0.0659778 0.440419 0.895365 -4.24171
-0.795216 0.547976 -0.259525 -12.1242 -0.60607 -0.730828 0.313957 16.5648 -0.0176269 0.406954 0.913279 -4.11559
-0.698601 0.639398 -0.321133 -13.8691 -0.710846 -0.671385 0.209619 15.1369 -0.0815737 0.374716 0.923544 -4.17032
-0.615524 0.721735 -0.316589 -15.4727 -0.787547 -0.578557 0.212229 13.4286 -0.029992 0.379961 0.924516 -4.11904
-0.498378 0.789806 -0.357527 -16.9162 -0.866891 -0.448792 0.216994 11.4889 0.0109282 0.418082 0.908344 -4.26816
-0.333348 0.816219 -0.471874 -18.1504 -0.942368 -0.303674 0.140445 9.4626 -0.0286616 0.491496 0.870408 -4.07532
-0.21653 0.84423 -0.490297 -18.759 -0.976031 -0.175944 0.128091 7.19399 0.0218733 0.50628 0.862092 -4.17022
-0.142493 0.890333 -0.432438 -19.2082 -0.986961 -0.0947644 0.130107 4.835 0.0748588 0.445339 0.892227 -4.23799
-0.0433527 0.89339 -0.447184 -19.4517 -0.988643 0.0261063 0.148 2.45191 0.143896 0.448522 0.882112 -4.05337
0.0800736 0.912164 -0.401927 -19.4542 -0.98842 0.124802 0.0863182 0.0594144 0.128898 0.390361 0.911594 -3.76893
0.219629 0.901692 -0.372445 -19.1596 -0.964258 0.25864 0.0575529 -2.34526 0.148224 0.346492 0.926268 -3.63133
0.368996 0.854999 -0.364443 -18.6173 -0.912032 0.408606 0.035183 -4.57987 0.178995 0.319401 0.930561 -3.36192
0.418075 0.852639 -0.313401 -17.5725 -0.900732 0.433857 -0.021218 -6.86508 0.11788 0.291161 0.949384 -3.10848
0.575793 0.750553 -0.324241 -16.604 -0.807216 0.584858 -0.079642 -8.94677 0.12986 0.30759 0.942616 -2.9278
0.654053 0.692845 -0.303612 -15.1041 -0.75207 0.638717 -0.162578 -10.9942 0.0812808 0.334672 0.938823 -2.60643
0.734062 0.602653 -0.312991 -13.4521 -0.664917 0.731504 -0.150955 -12.7701 0.13798 0.318924 0.937683 -2.46218
0.817575 0.513081 -0.261379 -11.5999 -0.563478 0.806361 -0.179651 -14.4443 0.11859 0.29416 0.94837 -2.08976
0.889122 0.411789 -0.199729 -9.56663 -0.449287 0.86848 -0.209487 -15.6713 0.0871964 0.275995 0.957196 -2.03259
0.943492 0.276671 -0.182417 -7.30769 -0.318304 0.90976 -0.266494 -16.703 0.0922242 0.309499 0.946417 -1.84757
0.96336 0.236505 -0.126506 -4.95237 -0.263365 0.923391 -0.279265 -17.408 0.0507667 0.30235 0.951844 -1.76752
0.996557 0.0677854 -0.0477485 -2.53251 -0.0811769 0.91492 -0.395388 -18.0772 0.0168846 0.397902 0.917272 -1.67996
0.998467 -0.0553118 -0.00222413 -0.141483 0.0502579 0.922614 -0.382436 -18.1973 0.0232053 0.381738 0.923979 -1.54874
0.986754 -0.154709 0.0488123 2.57295 0.162152 0.931468 -0.32569 -17.9354 0.00491998 0.32929 0.944216 -1.65261
0.976641 -0.201812 0.073784 5.01245 0.214646 0.932185 -0.291475 -17.3816 -0.00995728 0.300504 0.953729 -1.60942
0.919796 -0.371488 0.126378 7.51741 0.390168 0.900113 -0.193818 -16.6652 -0.0417536 0.227582 0.972863 -1.70552
0.839976 -0.50098 0.208469 9.71309 0.53861 0.816416 -0.208241 -15.5725 -0.0658725 0.287201 0.955603 -1.84402
0.773003 -0.592255 0.227375 11.6938 0.631506 0.752561 -0.186688 -14.1596 -0.060547 0.287899 0.955745 -2.19984
0.718596 -0.632052 0.290054 13.7208 0.690885 0.696438 -0.194041 -12.5644 -0.079361 0.339831 0.937132 -2.36626
0.589641 -0.723938 0.358103 15.537 0.802355 0.575799 -0.157102 -10.7813 -0.0924637 0.37996 0.92037 -2.75808
0.517799 -0.764859 0.383242 16.944 0.843033 0.532396 -0.0764887 -8.62283 -0.145533 0.362691 0.920476 -3.052
0.42551 -0.793067 0.435875 18.1141 0.894362 0.442013 -0.068859 -6.32552 -0.138052 0.41913 0.897369 -3.55285
0.302113 -0.852311 0.426959 19.0401 0.952112 0.291882 -0.0910428 -3.8942 -0.0470246 0.434018 0.899676 -3.87557
0.187442 -0.870871 0.454367 19.6483 0.979294 0.201694 -0.0174115 -1.38087 -0.0764799 0.448223 0.890644 -3.97917
0.0279693 -0.879227 0.475581 20.2069 0.997752 0.0535419 0.0403067 1.06653 -0.0609022 0.473385 0.878748 -4.22294
-0.214786 -0.852322 0.47688 20.0671 0.960248 -0.0951529 0.26243 3.53083 -0.178298 0.514289 0.838878 -4.40628
-0.3548 -0.852884 0.383022 19.4465 0.900832 -0.202201 0.384209 5.9504 -0.250238 0.481356 0.840046 -4.9195
-0.351945 -0.838792 0.415407 18.3741 0.915529 -0.216128 0.339256 8.39389 -0.194784 0.499717 0.844004 -5.59918
-0.513734 -0.780878 0.355398 17.4661 0.840783 -0.375776 0.389713 10.7547 -0.170768 0.499021 0.849598 -6.02008
-0.580627 -0.746704 0.324508 16.0885 0.803006 -0.459433 0.379608 12.862 -0.134365 0.480993 0.866367 -6.5661
-0.731984 -0.602284 0.318519 14.5736 0.680568 -0.624367 0.383395 14.9108 -0.0320402 0.497413 0.866922 -6.86317
-0.762494 -0.580252 0.2862 12.7471 0.646768 -0.671883 0.360921 16.6755 -0.0171327 0.460306 0.887595 -6.91318
-0.834483 -0.463421 0.298125 10.7851 0.54909 -0.744723 0.379326 18.3262 0.0462327 0.480239 0.875918 -7.1466
-0.875112 -0.382655 0.296234 8.5391 0.475292 -0.794732 0.377491 19.6954 0.0909781 0.471144 0.877352 -7.03626
-0.92017 -0.329687 0.21117 6.21444 0.382651 -0.871442 0.306866 21.0015 0.0828531 0.363173 0.92803 -6.84367
-0.970311 -0.230843 0.0721651 3.86132 0.241729 -0.915801 0.320743 21.9253 -0.00795226 0.328665 0.944413 -6.6869
-0.996595 -0.0662466 0.0490929 1.24013 0.0804505 -0.911703 0.402896 22.4147 0.0180677 0.405474 0.913928 -6.57811
-0.998763 0.04654 0.0175083 -1.49421 -0.0339176 -0.895117 0.44454 22.5093 0.0363608 0.443396 0.895588 -6.61031
-0.993646 0.109967 0.0239636 -4.21647 -0.0847885 -0.871422 0.48315 22.2803 0.074013 0.478048 0.87521 -6.54236
-0.978784 0.200086 -0.0441341 -6.72316 -0.194516 -0.839706 0.507008 21.9903 0.0643853 0.504836 0.860811 -6.25244
-0.941893 0.320586 -0.100309 -9.30827 -0.324484 -0.791104 0.518522 21.2502 0.0868761 0.520941 0.84916 -6.02082
-0.888543 0.418268 -0.188529 -11.5839 -0.454838 -0.749229 0.481434 20.171 0.060117 0.513525 0.855966 -5.7249
-0.81 0.51997 -0.271165 -13.846 -0.585012 -0.684345 0.435239 18.8402 0.0407409 0.511179 0.858508 -5.5053
-0.690077 0.616508 -0.379092 -15.8794 -0.723644 -0.596092 0.34787 17.1322 -0.011509 0.514385 0.857482 -5.33562
-0.563947 0.730463 -0.385211 -17.7072 -0.825111 -0.517618 0.226414 15.0949 -0.0340051 0.445528 0.894622 -5.50796
-0.443999 0.80544 -0.392595 -19.2077 -0.895947 -0.393201 0.206574 12.8108 0.0120141 0.443463 0.896212 -5.60273
-0.367069 0.801906 -0.471388 -20.3674 -0.929542 -0.335191 0.153619 10.3634 -0.034817 0.494564 0.868444 -5.59431
-0.209818 0.834107 -0.510138 -21.24 -0.977733 -0.176996 0.112738 7.80013 0.00374323 0.522434 0.852672 -5.7215
-0.167227 0.864855 -0.473351 -21.7724 -0.981465 -0.100446 0.163211 4.94617 0.093608 0.491871 0.865622 -5.64859
-0.0512228 0.88466 -0.463414 -22.1295 -0.993186 0.003512 0.116485 2.3203 0.104677 0.466223 0.878452 -5.42402
0.0561524 0.895125 -0.442266 -22.1282 -0.993118 0.0956747 0.0675493 -0.29447 0.102779 0.435429 0.894337 -5.10436
0.217027 0.879247 -0.424057 -21.8425 -0.965553 0.257238 0.0392022 -3.12117 0.143552 0.400941 0.904787 -4.71938
0.265176 0.861222 -0.433564 -21.1874 -0.952254 0.304485 0.0224042 -5.84573 0.151309 0.406922 0.900844 -4.35114
0.410589 0.832971 -0.370914 -20.2724 -0.9031 0.427619 -0.0393848 -8.34228 0.125804 0.351143 0.927832 -4.06474
0.553049 0.734384 -0.393467 -18.9879 -0.824728 0.549536 -0.133544 -10.7012 0.118152 0.39836 0.909588 -3.86396
0.670428 0.648504 -0.360511 -17.3714 -0.741311 0.605985 -0.288513 -12.8857 0.0313624 0.460679 0.887013 -3.56145
0.685096 0.633185 -0.360168 -15.296 -0.72386 0.64718 -0.239134 -14.9308 0.0816771 0.424541 0.901717 -3.60116
0.80723 0.498217 -0.316481 -13.2039 -0.580876 0.765693 -0.27622 -16.8405 0.10471 0.406809 0.907492 -3.14795
0.898403 0.395256 -0.191428 -10.8396 -0.43799 0.838353 -0.324546 -18.2939 0.0322056 0.375417 0.926296 -2.92939
0.942404 0.295953 -0.15584 -8.29652 -0.33404 0.85656 -0.393349 -19.415 0.0170733 0.42275 0.906085 -2.97191
0.979653 0.176526 -0.095489 -5.63659 -0.199894 0.900745 -0.385617 -20.2484 0.01794 0.396859 0.917704 -2.91002
0.993921 0.107282 -0.0247101 -2.64858 -0.107773 0.902355 -0.417302 -20.7317 -0.0224718 0.417428 0.908432 -2.76233
0.99765 -0.068397 -0.00412025 0.0991355 0.059594 0.895782 -0.440481 -20.9252 0.0338184 0.4392 0.897753 -2.8226
0.986553 -0.163382 0.00433188 2.97707 0.15342 0.916612 -0.369167 -20.71 0.0563444 0.364868 0.929353 -2.76649
0.969127 -0.238064 0.0641819 5.85468 0.2465 0.92954 -0.274213 -20.2764 0.00562055 0.281568 0.959525 -2.57938
0.914966 -0.36294 0.176387 8.56356 0.397621 0.885415 -0.240705 -19.4548 -0.0688141 0.290372 0.954436 -2.5237
0.823654 -0.451845 0.342681 11.1593 0.539301 0.810954 -0.226951 -18.1828 -0.175352 0.371738 0.911626 -2.55082
0.771305 -0.531768 0.349729 13.5283 0.618277 0.756436 -0.213398 -16.413 -0.15107 0.380824 0.912223 -3.26971
0.689787 -0.598896 0.406838 15.702 0.719472 0.629841 -0.29268 -14.6909 -0.0809579 0.494595 0.865345 -3.57484
0.635502 -0.662414 0.396666 17.6411 0.766434 0.60334 -0.220362 -12.5841 -0.0933532 0.444059 0.891121 -3.93804
0.476613 -0.783682 0.39835 19.3194 0.873451 0.473484 -0.113562 -10.1533 -0.0996163 0.402064 0.910176 -4.41482
0.429576 -0.778063 0.458348 20.6014 0.895885 0.430925 -0.108137 -7.53623 -0.113376 0.45708 0.88217 -4.76988
0.269324 -0.852989 0.447073 21.5681 0.955033 0.296331 -0.00994366 -4.82513 -0.124 0.429648 0.894442 -5.11424
0.13917 -0.847776 0.511769 22.4301 0.983706 0.177752 0.0269484 -2.07812 -0.113814 0.49968 0.8587 -5.44029
0.0149989 -0.82856 0.5597 22.7714 0.99382 0.0739247 0.082803 0.833016 -0.109983 0.554999 0.824548 -5.74129
-0.133501 -0.848044 0.512834 22.6042 0.970565 -0.0072119 0.240731 3.7572 -0.200452 0.529876 0.824045 -6.03035
-0.316285 -0.795429 0.516969 22.1349 0.936493 -0.17478 0.304028 6.35756 -0.151477 0.580297 0.800194 -6.65577
-0.394986 -0.775424 0.492649 21.1227 0.911338 -0.263032 0.316666 9.11356 -0.115969 0.574048 0.810568 -7.26167
-0.46252 -0.796807 0.388811 19.7392 0.874294 -0.33706 0.349286 11.7803 -0.147261 0.501486 0.852541 -7.65559
-0.581102 -0.729134 0.361503 18.3513 0.804498 -0.447575 0.390461 14.3187 -0.122899 0.517726 0.846673 -8.11454
-0.688491 -0.633269 0.353483 16.4537 0.720918 -0.544425 0.428811 16.6827 -0.0791073 0.550065 0.831367 -8.30382
-0.756198 -0.573377 0.315283 14.448 0.653542 -0.637986 0.407255 18.8043 -0.0323647 0.514016 0.85717 -8.58815
-0.81645 -0.492107 0.30206 12.2932 0.577357 -0.688263 0.439264 20.529 -0.00826872 0.533034 0.846054 -8.52035
-0.854446 -0.376252 0.358268 9.77838 0.51049 -0.736168 0.444362 22.1828 0.0965532 0.562576 0.821088 -8.52596
-0.887224 -0.299781 0.350664 7.1587 0.432764 -0.804168 0.407467 23.64 0.159842 0.513269 0.843212 -8.07903
-0.980401 -0.172044 0.0959912 4.46456 0.196119 -0.898605 0.392487 24.6788 0.018733 0.40362 0.914735 -7.82207
-0.999065 -0.0372998 0.0218415 1.39265 0.0432213 -0.856289 0.514686 25.1871 -0.000495058 0.515149 0.857101 -7.86355
-0.999901 0.0118134 0.00758069 -1.61645 -0.00666022 -0.874707 0.484607 25.1812 0.0123557 0.484509 0.874699 -7.9519
-0.992202 0.123593 -0.0161008 -4.45314 -0.115132 -0.859377 0.498213 25.0194 0.0477391 0.496182 0.866905 -7.99812
-0.955829 0.284562 -0.0735942 -7.42734 -0.28155 -0.814535 0.507211 24.5956 0.084388 0.505527 0.858674 -7.89509
-0.904853 0.403988 -0.134295 -10.2153 -0.414509 -0.764105 0.494293 23.6721 0.0970727 0.502929 0.85886 -7.62074
-0.850887 0.490539 -0.188051 -12.9316 -0.517629 -0.72169 0.45959 22.562 0.0897318 0.4884 0.867994 -7.37501
-0.766853 0.569379 -0.296216 -15.4967 -0.638864 -0.632893 0.437378 20.9742 0.0615602 0.524646 0.849092 -7.11966
-0.658242 0.628999 -0.413615 -17.825 -0.752746 -0.55691 0.351035 18.9572 -0.00954629 0.542413 0.840058 -6.97403
-0.568033 0.685267 -0.455793 -19.846 -0.822544 -0.491246 0.286529 16.6315 -0.0275573 0.537668 0.842706 -6.92687
-0.449701 0.745624 -0.491746 -21.5394 -0.892896 -0.389164 0.226471 14.0496 -0.0225078 0.540922 0.840772 -7.05559
-0.382184 0.777858 -0.498872 -22.831 -0.923897 -0.31071 0.223325 11.3059 0.0187112 0.546257 0.837408 -7.17999
-0.217362 0.796753 -0.56386 -23.7967 -0.974915 -0.148859 0.165477 8.41303 0.0479087 0.585684 0.809123 -7.32623
-0.160353 0.852588 -0.497374 -24.2904 -0.983869 -0.0975788 0.149931 5.30512 0.079296 0.513393 0.854482 -7.19443
-0.076618 0.854758 -0.513341 -24.7097 -0.993113 -0.0196512 0.115505 2.24623 0.0886408 0.518655 0.850376 -6.99442
0.0474806 0.834285 -0.549285 -24.8938 -0.984019 0.133546 0.117778 -0.715978 0.171615 0.534915 0.827293 -6.71365
0.186505 0.822163 -0.537833 -24.5237 -0.962601 0.26242 0.0673481 -3.79748 0.196509 0.505158 0.840357 -6.13296
0.326321 0.811069 -0.48547 -23.8681 -0.934029 0.3556 -0.0337345 -6.70955 0.145272 0.464452 0.873602 -5.70603
0.443345 0.806714 -0.390714 -22.7279 -0.89076 0.445129 -0.0916855 -9.69167 0.099954 0.388681 0.915935 -5.29844
0.562804 0.723281 -0.400144 -21.1587 -0.823765 0.530767 -0.199241 -12.3716 0.0682757 0.441758 0.894532 -5.18116
0.658899 0.6374 -0.399466 -19.3125 -0.751005 0.587717 -0.300965 -14.727 0.0429378 0.498306 0.865937 -5.07619
0.701974 0.58496 -0.406268 -17.052 -0.706959 0.641407 -0.298002 -16.9831 0.0862638 0.496405 0.863794 -4.88988
0.810444 0.472672 -0.346065 -14.6313 -0.57887 0.736862 -0.349205 -19.2126 0.0899428 0.483338 0.870801 -4.53519
0.900355 0.372983 -0.22415 -12.0548 -0.434926 0.788014 -0.435744 -20.8331 0.0141082 0.489813 0.871713 -4.2788
0.948838 0.288418 -0.128535 -9.20954 -0.315017 0.836651 -0.448085 -21.9765 -0.0216969 0.465651 0.884703 -4.35374
0.979934 0.168049 -0.107183 -6.08377 -0.198203 0.87843 -0.43483 -22.9762 0.0210795 0.447349 0.894111 -4.33567
0.993556 0.0522699 -0.10057 -2.96697 -0.0929157 0.883765 -0.458613 -23.4911 0.0649083 0.465003 0.882927 -4.17539
0.995492 0.0030926 -0.0947923 0.288283 -0.047079 0.883751 -0.465583 -23.6502 0.082333 0.467947 0.879913 -4.05181
0.981398 -0.188536 -0.036233 3.46173 0.148873 0.866505 -0.476452 -23.6625 0.121224 0.462194 0.878454 -3.88616
0.975096 -0.214897 0.0548403 6.62659 0.219714 0.902292 -0.370937 -23.1256 0.0302314 0.373749 0.927037 -3.66337
0.90318 -0.378032 0.203368 9.60145 0.427314 0.836869 -0.342131 -22.1785 -0.0408555 0.395907 0.917381 -3.66152
0.807211 -0.471545 0.355044 12.5033 0.577132 0.756683 -0.307164 -20.7692 -0.123814 0.452853 0.882946 -3.87583
0.790374 -0.508607 0.341509 15.061 0.607267 0.723999 -0.327188 -18.8239 -0.0808417 0.465988 0.88109 -4.42647
0.688383 -0.610307 0.391989 17.4578 0.721315 0.632891 -0.281343 -16.7412 -0.0763804 0.476419 0.875895 -4.93433
0.59755 -0.648361 0.471764 19.6647 0.784151 0.595397 -0.174955 -14.3395 -0.167453 0.474479 0.864193 -5.35298
0.469234 -0.730693 0.495891 21.6503 0.877055 0.451072 -0.165256 -11.6735 -0.102931 0.512467 0.852516 -5.87658
0.41137 -0.774717 0.480197 23.0143 0.90034 0.427457 -0.0816642 -8.77399 -0.141997 0.465935 0.873351 -6.16819
0.27934 -0.816774 0.504826 24.2359 0.948878 0.315291 -0.0149317 -5.77278 -0.146971 0.483189 0.863092 -6.53457
0.135178 -0.794327 0.59226 24.8556 0.980803 0.192061 0.0337286 -2.75222 -0.140542 0.576331 0.80504 -6.95098
0.0289645 -0.734056 0.678471 25.28 0.997904 0.0605338 0.0228918 0.486914 -0.0578743 0.676386 0.73427 -7.49203
-0.171027 -0.739359 0.651228 25.2069 0.96299 0.0143146 0.269155 3.80921 -0.208324 0.673159 0.709547 -7.82072
-0.298356 -0.761285 0.575698 24.4858 0.937446 -0.120368 0.326661 6.83133 -0.179387 0.637147 0.749576 -8.48824
-0.381015 -0.767433 0.515629 23.4631 0.913107 -0.224795 0.340152 9.8906 -0.145133 0.600428 0.786399 -8.99097
-0.471518 -0.722624 0.505455 22.2167 0.877674 -0.328784 0.348698 12.7339 -0.0857919 0.608042 0.789256 -9.48061
-0.583525 -0.696568 0.417482 20.4888 0.810547 -0.467827 0.352352 15.6309 -0.0501281 0.543995 0.83759 -9.76794
-0.655016 -0.664686 0.359369 18.4894 0.752321 -0.529325 0.39221 18.2736 -0.0704739 0.527265 0.846774 -9.94337
-0.758889 -0.569569 0.315718 16.2585 0.648973 -0.621212 0.439237 20.6223 -0.054048 0.538225 0.841066 -10.2024
-0.82192 -0.466732 0.32651 13.7146 0.569356 -0.690087 0.446782 22.5754 0.0167925 0.55312 0.832933 -10.2903
-0.837514 -0.343695 0.424788 10.9723 0.529876 -0.700676 0.477791 24.436 0.133424 0.625242 0.768941 -10.3468
-0.864267 -0.264789 0.427702 8.13688 0.476575 -0.703126 0.527721 26.0988 0.160994 0.659924 0.733881 -9.77166
-0.988531 -0.126051 0.0831701 5.12544 0.147526 -0.688299 0.710268 27.458 -0.0322844 0.714392 0.699 -9.29167
-0.999808 -0.00727107 0.0181868 1.59492 0.0176601 -0.73622 0.676512 27.8612 0.00847049 0.676703 0.736207 -9.54285
-0.997935 0.046409 -0.0444174 -1.76818 -0.063469 -0.819065 0.57018 27.7298 -0.0099193 0.571821 0.820318 -9.53407
-0.987093 0.159946 0.00810991 -5.01223 -0.127583 -0.815956 0.56386 27.5132 0.0968042 0.555547 0.825831 -9.55157
-0.961482 0.271146 -0.0450735 -8.30524 -0.256139 -0.824348 0.504821 27.0475 0.099724 0.496921 0.862047 -9.42542
-0.92216 0.372159 -0.105449 -11.4064 -0.372404 -0.780482 0.502159 26.0082 0.104582 0.50234 0.858322 -9.24298
-0.869529 0.463152 -0.171489 -14.4273 -0.483314 -0.726537 0.488417 24.5157 0.101618 0.507577 0.855593 -9.08003
-0.793949 0.53859 -0.282074 -17.2943 -0.605981 -0.663386 0.438983 22.8995 0.0493081 0.519462 0.85307 -8.92609
-0.678533 0.628881 -0.379606 -19.8508 -0.73399 -0.559924 0.384374 20.7441 0.029175 0.539438 0.84152 -8.78993
-0.606276 0.642277 -0.468945 -22.0266 -0.794003 -0.521956 0.311644 18.0658 -0.044607 0.561286 0.826419 -8.78205
-0.471253 0.736689 -0.484984 -23.9027 -0.880488 -0.425101 0.209833 15.2744 -0.0515852 0.525907 0.848976 -8.89717
-0.365829 0.777284 -0.511858 -25.2099 -0.929664 -0.330909 0.161936 12.0906 -0.0435077 0.535097 0.843669 -9.05847
-0.242086 0.780331 -0.576609 -26.2865 -0.968976 -0.163944 0.184951 8.85248 0.0497914 0.603495 0.795811 -9.14495
-0.155978 0.826278 -0.541236 -26.877 -0.981962 -0.0704263 0.175474 5.5977 0.106873 0.558843 0.822358 -9.04965
-0.0782021 0.82664 -0.55727 -27.2968 -0.989758 0.00258672 0.14273 2.08089 0.119428 0.562725 0.817972 -8.5506
0.031577 0.81981 -0.571764 -27.3782 -0.987656 0.113401 0.108051 -1.21167 0.15342 0.561295 0.813272 -8.24604
0.172561 0.807343 -0.564286 -27.0041 -0.968253 0.244221 0.053319 -4.62748 0.180857 0.537171 0.823856 -7.77987
0.297892 0.771881 -0.561658 -26.4181 -0.925668 0.377329 0.027604 -7.81749 0.233237 0.511686 0.826909 -7.32849
0.500217 0.767924 -0.400095 -25.146 -0.864457 0.469545 -0.17956 -11.0568 0.0499745 0.435684 0.898711 -6.61428
0.603237 0.685629 -0.407453 -23.4466 -0.797412 0.528391 -0.291439 -14.0189 0.0154759 0.500714 0.865474 -6.57519
0.682179 0.542495 -0.490236 -21.345 -0.719932 0.615524 -0.320669 -16.5464 0.12779 0.57169 0.810457 -6.58514
0.701121 0.548894 -0.455132 -18.7924 -0.699724 0.652426 -0.291077 -19.0275 0.13717 0.522547 0.841504 -6.46438
0.818725 0.50766 -0.268273 -16.0947 -0.573674 0.742953 -0.344848 -21.4669 0.0242484 0.436237 0.899505 -5.98414
0.912701 0.320094 -0.254002 -13.2835 -0.406143 0.779056 -0.477618 -23.2896 0.0449994 0.539084 0.841049 -5.96255
0.952792 0.256412 -0.162602 -10.0334 -0.303483 0.820522 -0.484398 -24.5919 0.00921319 0.510877 0.859604 -5.78108
0.971891 0.190641 -0.138143 -6.62184 -0.234635 0.832511 -0.501868 -25.6219 0.0193293 0.520174 0.853842 -5.7699
0.99244 0.0695822 -0.101099 -3.26869 -0.111938 0.850962 -0.51316 -26.2688 0.0503244 0.520597 0.852318 -5.67261
0.997235 -0.0119379 -0.0733423 0.24454 -0.0244288 0.879479 -0.475311 -26.3949 0.0701772 0.475789 0.876756 -5.53916
0.988869 -0.147768 0.0173965 3.85084 0.138639 0.872648 -0.468257 -26.3577 0.0540125 0.465457 0.883421 -5.3485
0.966149 -0.247761 0.0719016 7.2363 0.256409 0.891468 -0.373549 -25.7796 0.0284528 0.37934 0.92482 -4.96228
0.895591 -0.377325 0.235675 10.7285 0.440403 0.826912 -0.349659 -24.6522 -0.0629477 0.416943 0.90675 -4.92736
0.828699 -0.402912 0.388484 13.869 0.541879 0.751306 -0.376705 -23.0472 -0.140091 0.522686 0.840936 -5.20196
0.745688 -0.492302 0.448986 16.5774 0.641313 0.713095 -0.28322 -21.0023 -0.18074 0.499134 0.847466 -5.79228
0.737568 -0.515701 0.435943 19.2233 0.663525 0.673372 -0.326044 -18.5954 -0.125411 0.529739 0.838838 -6.43117
0.623063 -0.589535 0.514043 21.6564 0.769771 0.578727 -0.269309 -16.1757 -0.138723 0.563492 0.814391 -6.87837
0.503023 -0.669288 0.546828 23.698 0.853004 0.4863 -0.189467 -13.0642 -0.139114 0.561753 0.815525 -7.55598
0.406082 -0.734858 0.543214 25.2919 0.910873 0.373326 -0.175892 -9.98327 -0.0735404 0.566225 0.820963 -7.9287
0.238712 -0.799114 0.551756 26.7325 0.955328 0.295204 0.0142341 -6.73145 -0.174255 0.52371 0.833884 -8.06641
0.10591 -0.802091 0.587735 27.3432 0.972365 0.20721 0.107562 -3.26655 -0.208059 0.560101 0.801871 -8.91133
0.0345903 -0.794997 0.605627 27.4364 0.990179 0.109399 0.0870521 0.1927 -0.135461 0.596668 0.790973 -9.59576
-0.0877805 -0.742218 0.664385 27.3213 0.988395 0.0181115 0.150823 3.70631 -0.123977 0.669914 0.732015 -10.1111
-0.238838 -0.734279 0.635446 26.7997 0.970124 -0.151707 0.189327 7.19757 -0.0426171 0.66168 0.748575 -10.5723
-0.345617 -0.702342 0.622306 25.7025 0.935328 -0.204434 0.288736 10.4832 -0.0755707 0.681853 0.727576 -10.8426
-0.439817 -0.681107 0.585367 24.2554 0.897904 -0.320293 0.301962 13.7621 -0.0181792 0.658412 0.752439 -11.2128
-0.553471 -0.723144 0.413198 22.532 0.831079 -0.447021 0.330878 16.9586 -0.0545649 0.526531 0.848403 -11.4638
-0.624892 -0.662998 0.412241 20.432 0.776471 -0.472837 0.416554 19.8494 -0.0812514 0.580395 0.810272 -11.6099
-0.81451 -0.486235 0.316464 18.0821 0.574194 -0.597691 0.559523 22.4867 -0.0829116 0.637449 0.766019 -11.8951
-0.836571 -0.435965 0.331789 15.1852 0.547187 -0.63492 0.545401 24.5347 -0.0271164 0.637817 0.76971 -12.239
-0.867142 -0.305139 0.393642 12.0809 0.491254 -0.654218 0.575038 26.539 0.0820608 0.692018 0.7172 -12.2412
-0.897744 -0.2468 0.364891 8.73975 0.429988 -0.670966 0.604082 28.1473 0.0957418 0.69921 0.708476 -11.9816
-0.968454 -0.161319 0.189929 5.43804 0.248192 -0.692673 0.677204 29.47 0.022313 0.70298 0.71086 -11.5983
-0.998045 -0.0242648 0.0576013 1.86766 0.0572557 -0.724555 0.686835 30.1764 0.0250693 0.68879 0.724527 -11.6777
-0.99852 0.050122 0.0210926 -1.81887 -0.0261526 -0.782697 0.621853 30.1898 0.0476776 0.620381 0.78285 -11.5489
-0.985381 0.169785 -0.0140578 -5.51112 -0.147153 -0.806637 0.572436 29.9766 0.0858512 0.566136 0.819829 -11.3744
-0.963102 0.26008 -0.0692259 -9.04152 -0.257133 -0.813234 0.522047 29.5231 0.079477 0.520584 0.850103 -11.1466
-0.921846 0.357364 -0.149969 -12.562 -0.385257 -0.802909 0.454878 28.3983 0.0421454 0.477104 0.877836 -10.8366
-0.874795 0.439877 -0.203079 -15.8408 -0.474307 -0.692044 0.544158 26.7832 0.0988228 0.572349 0.814034 -10.7796
-0.829706 0.494503 -0.25895 -18.9533 -0.552364 -0.660423 0.508661 24.7097 0.0805182 0.565073 0.821102 -10.5971
-0.670214 0.618982 -0.409481 -21.7985 -0.741281 -0.531328 0.410114 22.4737 0.0362845 0.578405 0.814943 -10.3959
-0.578843 0.626261 -0.522243 -24.0533 -0.815373 -0.452675 0.360906 19.6492 -0.0103848 0.63473 0.772664 -10.4967
-0.414827 0.681468 -0.602926 -26.1699 -0.908833 -0.342405 0.238289 16.4835 -0.0440587 0.646808 0.761379 -10.5414
-0.352845 0.745858 -0.564975 -27.4095 -0.935449 -0.294668 0.195208 12.98 -0.0208822 0.597383 0.801684 -10.6951
-0.273768 0.755728 -0.594917 -28.5127 -0.961772 -0.210744 0.174877 9.42807 0.00678489 0.62005 0.784533 -10.9616
-0.179045 0.791119 -0.58487 -29.2668 -0.979117 -0.0850938 0.184634 5.86741 0.0962984 0.605714 0.789834 -10.8404
-0.108057 0.798453 -0.592281 -29.6349 -0.987499 -0.0174342 0.156658 2.10523 0.114758 0.601805 0.790356 -10.3813
0.0601392 0.797042 -0.600922 -29.8141 -0.991753 0.115969 0.0545647 -1.53699 0.113179 0.592684 0.797443 -9.9533
0.134633 0.764263 -0.630695 -29.3371 -0.9735 0.220757 0.0596978 -5.27755 0.184855 0.605944 0.773732 -9.49994
0.261323 0.656311 -0.70779 -28.7783 -0.946714 0.317286 -0.0553273 -8.89099 0.18826 0.684533 0.704253 -8.81755
0.522961 0.605404 -0.599998 -27.5557 -0.852339 0.375951 -0.363565 -12.4443 0.00546624 0.701531 0.712618 -8.16519
0.611998 0.590529 -0.526056 -25.4325 -0.790763 0.467316 -0.395361 -15.5165 0.0123624 0.657945 0.752964 -8.19249
0.657849 0.548187 -0.516454 -22.964 -0.747608 0.558332 -0.359651 -18.4848 0.091197 0.622701 0.777127 -8.3769
0.69848 0.434043 -0.568975 -20.3626 -0.673598 0.667227 -0.317922 -21.1233 0.241644 0.605323 0.758415 -8.12395
0.827145 0.437305 -0.352979 -17.6108 -0.561892 0.631896 -0.53384 -23.6384 -0.0104048 0.639899 0.768388 -7.40587
0.898768 0.33748 -0.279863 -14.2787 -0.438251 0.709506 -0.551849 -25.5405 0.0123263 0.618634 0.785582 -7.49584
0.92623 0.261428 -0.271576 -10.7858 -0.370546 0.76376 -0.528552 -27.0499 0.0692405 0.590192 0.804288 -7.40937
0.974369 0.162825 -0.155217 -7.22932 -0.221224 0.818694 -0.529906 -28.144 0.0407932 0.550662 0.833731 -7.31048
0.992247 0.0528877 -0.112467 -3.41361 -0.105506 0.836729 -0.537357 -28.745 0.0656852 0.545057 0.835822 -7.25352
0.992987 -0.0248095 -0.115589 0.389923 -0.0396804 0.851071 -0.523549 -29.0234 0.111364 0.524465 0.844118 -7.03266
0.987281 -0.15315 -0.0426776 4.2838 0.108909 0.847056 -0.520226 -28.9547 0.115823 0.508962 0.852961 -6.73458
0.949898 -0.262129 0.170244 8.0353 0.312506 0.806737 -0.501514 -28.525 -0.0058812 0.529589 0.848234 -6.13531
0.908422 -0.285864 0.305043 11.6737 0.408221 0.763893 -0.499823 -27.2621 -0.090139 0.578575 0.810633 -6.26159
0.839576 -0.364862 0.402476 15.1381 0.518386 0.759631 -0.392729 -25.3102 -0.162441 0.538364 0.826908 -6.77296
0.765644 -0.482344 0.425598 18.1751 0.630785 0.692664 -0.349752 -23.1809 -0.126096 0.536247 0.834589 -7.44518
0.68773 -0.558004 0.464391 20.9375 0.716848 0.623041 -0.312967 -20.5942 -0.114698 0.548135 0.828488 -8.16114
0.557218 -0.648696 0.518365 23.4107 0.823323 0.51275 -0.243364 -17.8256 -0.107922 0.562389 0.8198 -8.77388
0.532 -0.622784 0.573687 25.5518 0.837623 0.486253 -0.24889 -14.5544 -0.123953 0.612943 0.780344 -9.28786
0.442352 -0.655467 0.612117 27.5381 0.896675 0.336382 -0.287785 -11.1472 -0.0172717 0.676173 0.736541 -9.65001
0.166608 -0.650701 0.74083 29.1793 0.961246 0.274557 0.0249761 -7.62325 -0.219652 0.707959 0.671228 -9.8139
0.0746372 -0.727484 0.682053 29.7518 0.976647 0.191509 0.0973903 -3.9414 -0.201469 0.658856 0.724789 -10.7563
-0.0456014 -0.75454 0.654668 29.9144 0.995717 0.0184273 0.0905958 -0.108315 -0.0804219 0.655996 0.750468 -11.6242
-0.12403 -0.73399 0.667739 29.5995 0.985649 -0.0134722 0.168272 3.76434 -0.114514 0.679027 0.725127 -12.1752
-0.239014 -0.7178 0.653939 28.9698 0.967102 -0.115568 0.226621 7.53815 -0.0870941 0.686591 0.721808 -12.7288
-0.354348 -0.669362 0.652987 27.8048 0.932986 -0.205993 0.295133 11.1044 -0.0630407 0.713808 0.697499 -13.0991
-0.377572 -0.605994 0.70015 26.422 0.924263 -0.292663 0.245125 14.7376 0.0563639 0.739675 0.6706 -13.3421
-0.580712 -0.576771 0.574551 24.852 0.810397 -0.342223 0.475541 18.2593 -0.0776541 0.741767 0.666147 -13.1803
-0.657938 -0.556506 0.507364 22.4024 0.749313 -0.416539 0.514807 21.3146 -0.075156 0.718885 0.691054 -13.5744
-0.783248 -0.445431 0.433721 19.5788 0.619486 -0.500201 0.605009 24.1103 -0.0525421 0.742556 0.66772 -13.997
-0.827447 -0.407687 0.386165 16.3792 0.561309 -0.580588 0.589787 26.4237 -0.0162457 0.704776 0.709244 -14.2552
-0.903841 -0.251914 0.345849 13.1098 0.421081 -0.66712 0.614526 28.5401 0.0759146 0.701064 0.709046 -14.3104
-0.913413 -0.230549 0.335446 9.51015 0.403096 -0.626727 0.666878 30.0085 0.0564852 0.744352 0.665394 -13.9977
-0.973168 -0.114852 0.199384 5.87311 0.224267 -0.667265 0.710254 31.4642 0.0514682 0.735912 0.675119 -13.7373
-0.994027 -0.063856 0.0884972 1.95698 0.107519 -0.711876 0.694026 32.251 0.0186814 0.699396 0.71449 -13.7126
-0.996924 0.0403321 0.0672044 -1.97195 0.0127873 -0.762255 0.647151 32.4901 0.0773278 0.646019 0.759394 -13.4979
-0.994446 0.105189 0.00364122 -5.98415 -0.0863577 -0.835215 0.5431 32.4403 0.0601694 0.539769 0.83966 -13.1395
-0.967381 0.243945 -0.0683047 -9.84787 -0.243554 -0.821445 0.515664 31.9401 0.0696853 0.51548 0.854064 -12.8256
-0.915391 0.367079 -0.165263 -13.5396 -0.397918 -0.762863 0.509609 30.7853 0.0609937 0.532253 0.844386 -12.5587
-0.854499 0.417679 -0.308829 -17.118 -0.51915 -0.706974 0.480282 28.9649 -0.0177305 0.570729 0.820947 -12.3751
-0.804928 0.477431 -0.35235 -20.42 -0.593051 -0.627746 0.504208 26.8197 0.019538 0.614812 0.788431 -12.3522
-0.677029 0.528802 -0.51186 -23.5286 -0.734057 -0.535138 0.418075 24.1605 -0.0528369 0.658784 0.750475 -12.2881
-0.535926 0.608912 -0.584816 -26.1245 -0.84326 -0.419866 0.335598 21.1198 -0.0411952 0.673007 0.738488 -12.4422
-0.439451 0.641316 -0.628965 -28.2362 -0.897155 -0.348187 0.271807 17.5877 -0.0446834 0.683725 0.72837 -12.571
-0.316924 0.672776 -0.668529 -29.7568 -0.944676 -0.286739 0.159273 13.795 -0.0845382 0.682021 0.72643 -12.7088
-0.262203 0.699567 -0.664722 -30.8751 -0.96498 -0.18444 0.186534 9.92838 0.007892 0.690354 0.723429 -12.9151
-0.15528 0.748313 -0.644916 -31.6458 -0.980751 -0.0385387 0.191424 6.04267 0.118391 0.662226 0.739892 -12.7346
-0.0759773 0.749346 -0.657805 -32.0625 -0.986204 0.0408297 0.160419 2.05754 0.147068 0.660918 0.735906 -12.3204
0.0940765 0.76082 -0.642108 -32.2173 -0.987368 0.153896 0.0376866 -1.7699 0.12749 0.630451 0.765687 -11.7946
0.169886 0.716238 -0.676861 -31.5522 -0.972952 0.231006 0.000242949 -5.89026 0.156533 0.658512 0.736111 -11.5127
0.326797 0.607458 -0.724016 -30.8039 -0.928128 0.350783 -0.124616 -9.8058 0.178274 0.712703 0.678434 -11.1124
0.521608 0.611707 -0.59476 -29.3857 -0.852974 0.389403 -0.347565 -13.5613 0.018994 0.688607 0.724886 -10.4654
0.619535 0.566092 -0.543798 -27.1274 -0.784573 0.468555 -0.406079 -16.9471 0.024921 0.67823 0.734427 -10.3462
0.699156 0.518959 -0.491795 -24.5587 -0.714442 0.53351 -0.452702 -20.1289 0.0274444 0.667868 0.743773 -10.087
0.71454 0.411464 -0.5658 -21.6986 -0.688123 0.559221 -0.46234 -23.0039 0.126171 0.719701 0.682724 -10.0552
0.861505 0.331257 -0.38481 -18.744 -0.507444 0.587984 -0.629901 -25.717 0.0176027 0.737932 0.674645 -9.50995
0.888089 0.329906 -0.320093 -15.1504 -0.459571 0.651793 -0.603292 -27.6933 0.00960481 0.682882 0.730465 -9.44889
0.942007 0.216628 -0.256309 -11.6178 -0.331001 0.725658 -0.603207 -29.4247 0.0553207 0.653064 0.755279 -9.35522
0.978447 0.107442 -0.176344 -7.76041 -0.188817 0.811239 -0.553389 -30.5676 0.0835996 0.574758 0.814042 -9.14521
0.989959 0.0722967 -0.121471 -3.57168 -0.129498 0.808369 -0.574256 -31.2499 0.0566766 0.58422 0.809614 -9.10183
0.996092 -0.00268399 -0.0882777 0.584192 -0.047483 0.826514 -0.560909 -31.5595 0.0744683 0.562909 0.823157 -8.66147
0.985965 -0.163373 -0.0343781 4.65518 0.10548 0.7692 -0.630242 -31.6861 0.129408 0.617771 0.775637 -8.29816
0.951737 -0.169781 0.255676 8.80929 0.296707 0.722026 -0.625014 -31.0357 -0.0784887 0.67071 0.737555 -7.8537
0.878313 -0.299995 0.372248 12.5797 0.460155 0.741702 -0.48799 -29.6375 -0.129702 0.5999 0.789492 -8.14457
0.867763 -0.330046 0.371559 16.2469 0.477198 0.762177 -0.437457 -27.5456 -0.138813 0.556916 0.818886 -8.49808
0.755849 -0.487054 0.437573 19.6198 0.647555 0.654862 -0.389651 -25.3934 -0.0967695 0.57787 0.810371 -9.13938
0.679701 -0.522006 0.515283 22.6485 0.718597 0.614747 -0.325122 -22.4505 -0.147053 0.591267 0.792956 -9.86064
0.607407 -0.571724 0.551533 25.4032 0.781353 0.555247 -0.284936 -19.4587 -0.143333 0.604014 0.783979 -10.5675
0.50554 -0.623032 0.596876 27.5927 0.853787 0.460985 -0.241952 -16.0332 -0.124407 0.631922 0.764982 -11.1929
0.392084 -0.646582 0.654372 29.4667 0.911628 0.368438 -0.182174 -12.2469 -0.123305 0.667971 0.733901 -11.7296
0.251821 -0.652001 0.715179 31.023 0.956567 0.279826 -0.0817088 -8.41779 -0.146852 0.704692 0.694149 -12.1613
0.127647 -0.661579 0.738931 31.8718 0.974433 0.222541 0.0309164 -4.44894 -0.184896 0.716092 0.673071 -12.8623
-0.052636 -0.721059 0.690871 32.2375 0.987257 0.0664649 0.144586 -0.293554 -0.150174 0.689678 0.708373 -13.6962
-0.1073 -0.676977 0.728141 31.8413 0.98596 0.0217947 0.165556 3.80509 -0.127947 0.735682 0.665133 -14.281
-0.230367 -0.684116 0.692038 31.1358 0.968224 -0.0900067 0.233328 7.87041 -0.097335 0.723799 0.683112 -15.0163
-0.347567 -0.60036 0.720254 29.9253 0.9375 -0.20852 0.278592 11.6793 -0.0170685 0.772067 0.635312 -15.3986
-0.38461 -0.574369 0.722617 28.2769 0.922797 -0.258612 0.285598 15.6251 0.0228383 0.776672 0.629491 -15.5518
-0.583167 -0.476992 0.657567 26.5007 0.810628 -0.288982 0.509286 19.3354 -0.0528998 0.830041 0.555188 -15.559
-0.640811 -0.482382 0.597217 23.8043 0.766004 -0.350108 0.539131 22.4639 -0.0509763 0.802952 0.59386 -15.7847
-0.756122 -0.418605 0.503041 20.7948 0.653725 -0.447429 0.610288 25.5863 -0.0303945 0.790302 0.611963 -16.1563
-0.825414 -0.37715 0.42006 17.4686 0.563384 -0.502966 0.655457 28.2368 -0.035929 0.777678 0.627635 -16.3601
-0.883852 -0.255852 0.391593 13.9245 0.464287 -0.581753 0.667833 30.3517 0.0569442 0.772077 0.632972 -16.5153
-0.923376 -0.156411 0.350589 10.116 0.369719 -0.608219 0.702409 32.049 0.10337 0.778207 0.619443 -16.365
-0.959873 -0.102117 0.261182 6.16186 0.265643 -0.629569 0.730121 33.4449 0.0898747 0.770205 0.631433 -16.0486
-0.983492 -0.0191965 0.179932 2.30331 0.144278 -0.683331 0.715711 34.2817 0.109214 0.729856 0.67482 -15.8211
-0.984421 0.0376106 0.171757 -1.91067 0.0885059 -0.738074 0.66889 34.7388 0.151927 0.673671 0.723247 -15.4225
-0.990736 0.135408 0.0103629 -6.31114 -0.0945256 -0.742377 0.663281 34.963 0.0975064 0.656157 0.748299 -14.8947
-0.97556 0.206933 -0.0738969 -10.3535 -0.202436 -0.715634 0.668496 34.3258 0.0854507 0.667118 0.740035 -14.4984
-0.910104 0.346835 -0.226752 -14.5925 -0.408795 -0.661942 0.628267 33.1531 0.0678084 0.664483 0.744221 -14.2576
-0.831317 0.377801 -0.40765 -18.5168 -0.554573 -0.612511 0.563274 31.1688 -0.0368849 0.694332 0.718709 -14.0609
-0.766496 0.468044 -0.439794 -21.8933 -0.641181 -0.597137 0.48199 28.5369 -0.0370246 0.65143 0.757804 -14.3237
-0.644924 0.526899 -0.553579 -25.0777 -0.762625 -0.49085 0.421271 25.7408 -0.0497569 0.693861 0.718388 -14.5794
-0.569214 0.567297 -0.595121 -27.8183 -0.822189 -0.393261 0.411522 22.1698 -0.000582462 0.723546 0.690275 -14.7783
-0.479731 0.565302 -0.671038 -30.0163 -0.873831 -0.376875 0.30722 18.5492 -0.0792254 0.733757 0.674777 -14.6922
-0.348928 0.644097 -0.680726 -31.7605 -0.937146 -0.241765 0.251609 14.6219 -0.00251507 0.725733 0.687972 -14.9795
-0.262237 0.671535 -0.693017 -32.9357 -0.961938 -0.124707 0.243155 10.4787 0.0768627 0.730403 0.678678 -15.0453
-0.185963 0.667117 -0.721368 -33.7988 -0.977297 -0.0497177 0.20596 6.27123 0.101535 0.743292 0.661217 -14.7825
-0.0876768 0.660117 -0.746028 -34.356 -0.991725 0.0126637 0.127758 1.92475 0.0937826 0.751056 0.653544 -14.3322
0.158736 0.631101 -0.759285 -34.6126 -0.986074 0.139971 -0.0898076 -2.37271 0.0496006 0.762967 0.644531 -13.8944
0.261223 0.649799 -0.713809 -33.6784 -0.958724 0.260685 -0.113542 -6.57647 0.1123 0.714006 0.691075 -13.7148
0.376099 0.654595 -0.655786 -32.5341 -0.921067 0.341208 -0.187651 -10.7532 0.100925 0.674598 0.731253 -13.2331
0.449696 0.670705 -0.589855 -30.8773 -0.890153 0.390881 -0.23418 -14.6915 0.0734978 0.63037 0.772807 -12.7928
0.572934 0.602009 -0.556176 -28.7303 -0.817952 0.463006 -0.341438 -18.2773 0.0519639 0.650547 0.757686 -12.5467
0.60863 0.553203 -0.568802 -25.9348 -0.792731 0.454549 -0.406156 -21.658 0.033862 0.698106 0.715193 -12.3133
0.740518 0.429969 -0.516488 -23.0853 -0.667277 0.561736 -0.489074 -24.7327 0.0798435 0.706809 0.702884 -12.2372
0.83634 0.317461 -0.446939 -19.7729 -0.543151 0.59035 -0.597054 -27.5186 0.0743091 0.742095 0.666162 -11.8771
0.885604 0.293388 -0.36004 -16.0137 -0.461874 0.637739 -0.61641 -29.6722 0.0487642 0.712189 0.700292 -11.6746
0.916011 0.308908 -0.255928 -12.2324 -0.399918 0.65321 -0.642948 -31.5642 -0.0314367 0.691298 0.721886 -11.4452
0.97193 0.11518 -0.205146 -8.14632 -0.221451 0.742305 -0.632411 -32.9936 0.0794402 0.660089 0.746975 -11.2136
0.996309 -0.0289405 -0.0808177 -3.78827 -0.0292711 0.770504 -0.636763 -33.8215 0.0806986 0.636778 0.766812 -10.876
0.994946 0.0295198 -0.0959715 0.633753 -0.083885 0.769676 -0.6329 -33.9839 0.0551839 0.637752 0.768262 -10.5457
0.984972 -0.172654 0.00446482 5.1273 0.131441 0.732589 -0.66786 -33.8959 0.112038 0.65841 0.744274 -10.3812
0.964176 -0.176636 0.197902 9.47246 0.263592 0.721627 -0.640136 -33.1852 -0.0297398 0.669369 0.742335 -9.97884
0.908474 -0.284392 0.306261 13.4981 0.414106 0.711551 -0.567637 -31.7017 -0.0564887 0.642508 0.764194 -10.1038
0.847711 -0.351527 0.397259 17.3015 0.519857 0.699513 -0.490337 -29.752 -0.105521 0.622182 0.775729 -10.4206
0.761695 -0.431292 0.483537 21.1137 0.63645 0.637917 -0.433582 -27.3258 -0.121456 0.638004 0.760394 -10.9924
0.67418 -0.479648 0.561622 24.2096 0.723754 0.580586 -0.372962 -24.3788 -0.147179 0.657919 0.738567 -11.6635
0.5727 -0.552389 0.605708 27.0555 0.808442 0.502959 -0.305702 -21.0263 -0.13578 0.664755 0.734619 -12.4877
0.541936 -0.547832 0.637326 29.2553 0.822076 0.503132 -0.266552 -17.3124 -0.174633 0.668385 0.723025 -13.202
0.422183 -0.588398 0.689601 31.3627 0.892788 0.401746 -0.203788 -13.4617 -0.157136 0.701703 0.694925 -13.8827
0.261583 -0.610679 0.747426 33.0156 0.952747 0.287276 -0.0987243 -9.31772 -0.154428 0.737932 0.656969 -14.5555
0.122114 -0.6219 0.773517 33.987 0.97712 0.212068 0.016243 -5.02931 -0.174139 0.753835 0.633567 -15.2516
-0.0545818 -0.644256 0.76286 34.2574 0.996784 0.0097346 0.07954 -0.681045 -0.0586702 0.764748 0.641653 -16.0633
-0.0965122 -0.64421 0.758735 33.9054 0.978553 0.0779665 0.190671 3.72884 -0.181988 0.760865 0.622868 -16.4554
-0.218248 -0.620024 0.753617 33.1784 0.968693 -0.0440061 0.244329 8.12501 -0.118326 0.783348 0.610217 -17.2406
-0.393814 -0.547658 0.738229 31.8175 0.918365 -0.200416 0.341231 12.2987 -0.0389251 0.812345 0.581876 -17.7516
-0.424044 -0.530773 0.733803 29.9152 0.904482 -0.207209 0.372796 16.2316 -0.0458195 0.821793 0.567941 -17.9227
-0.605796 -0.431025 0.668751 27.9397 0.795589 -0.320778 0.513945 20.1378 -0.00700217 0.843397 0.537245 -18.2037
-0.63192 -0.502338 0.590198 25.0877 0.763469 -0.272406 0.585585 23.5318 -0.133388 0.820641 0.555659 -18.1522
-0.753677 -0.422276 0.503641 21.9249 0.651504 -0.378937 0.657229 26.8958 -0.0866839 0.823462 0.56071 -18.6376
-0.79992 -0.410921 0.437346 18.3907 0.590325 -0.407764 0.696595 29.7046 -0.107912 0.815397 0.568756 -18.8769
-0.881731 -0.250126 0.399984 14.609 0.471035 -0.51351 0.71724 32.0375 0.0259955 0.820819 0.570596 -19.2015
-0.940525 -0.100107 0.324641 10.6236 0.319484 -0.585552 0.745022 33.8755 0.115512 0.804429 0.582709 -18.9656
-0.959883 -0.137429 0.244415 6.43756 0.277997 -0.580338 0.765458 35.1181 0.0366475 0.802696 0.595261 -18.4144
-0.974412 -0.0660226 0.214852 2.27377 0.207946 -0.627637 0.75022 36.2252 0.0853178 0.775701 0.625307 -18.1218
-0.990966 0.0489447 0.124863 -2.02803 0.0585703 -0.679608 0.731234 36.9932 0.120648 0.731941 0.670601 -17.4903
-0.995003 0.0998226 0.00225183 -6.56288 -0.0683846 -0.697724 0.713095 37.2065 0.0727542 0.709378 0.701063 -16.9276
-0.96004 0.240014 -0.143935 -11.144 -0.270563 -0.664483 0.696605 36.5684 0.0715525 0.707711 0.702869 -16.6745
-0.900864 0.314812 -0.298895 -15.5263 -0.433815 -0.627845 0.646231 35.1184 0.0157815 0.711832 0.702173 -16.4843
-0.838926 0.356556 -0.411182 -19.6292 -0.543101 -0.597422 0.590024 33.0408 -0.0352724 0.7183 0.694839 -16.3307
-0.779988 0.43371 -0.451125 -23.3379 -0.625787 -0.544015 0.558962 30.3279 -0.00299098 0.718292 0.695736 -16.4278
-0.630608 0.514348 -0.581188 -26.7501 -0.775477 -0.447613 0.445283 27.1703 -0.0311168 0.731497 0.681134 -16.5845
-0.568994 0.511702 -0.643745 -29.5364 -0.820615 -0.404022 0.404175 23.5005 -0.0532698 0.758239 0.649796 -16.8298
-0.497106 0.515481 -0.697972 -31.78 -0.859965 -0.399796 0.317213 19.6376 -0.115529 0.75792 0.642036 -17.0291
-0.281654 0.621059 -0.731407 -33.7359 -0.957682 -0.134852 0.254282 15.4262 0.0592925 0.772075 0.632759 -17.4756
-0.29131 0.6132 -0.734251 -34.7678 -0.956172 -0.162923 0.243293 10.8624 0.0295608 0.772944 0.633786 -17.3063
-0.15325 0.625988 -0.764626 -35.8112 -0.982315 -0.0122732 0.186832 6.38143 0.10757 0.779736 0.616799 -17.1029
-0.066265 0.61525 -0.785542 -36.1473 -0.996509 -0.000743581 0.0834789 1.87254 0.0507763 0.788332 0.613152 -16.6396
0.0951327 0.605304 -0.790289 -36.2724 -0.989491 0.144343 -0.00855563 -2.84431 0.108894 0.782797 0.612675 -16.2206
0.195837 0.622735 -0.757529 -35.5321 -0.970303 0.234898 -0.057743 -7.31673 0.141983 0.746341 0.650243 -15.8395
0.270718 0.639566 -0.719491 -34.5516 -0.959755 0.23732 -0.150163 -11.6558 0.0747103 0.731187 0.678074 -15.1728
0.481369 0.596238 -0.642483 -33.0486 -0.874188 0.379981 -0.302339 -15.8641 0.0638661 0.707188 0.704135 -14.9233
0.610766 0.541853 -0.577373 -30.5668 -0.790607 0.457518 -0.406962 -19.6854 0.043645 0.705034 0.707829 -14.6259
0.712086 0.465572 -0.525525 -27.6784 -0.700998 0.513236 -0.495166 -23.1837 0.0391826 0.720993 0.691834 -14.3895
0.730492 0.435739 -0.525846 -24.336 -0.682278 0.49907 -0.534252 -26.3046 0.0296396 0.74904 0.661862 -14.3191
0.815176 0.346589 -0.464073 -20.7421 -0.577394 0.549704 -0.603691 -29.1504 0.0458702 0.760067 0.648224 -14.0901
0.890838 0.249775 -0.379501 -16.7831 -0.449385 0.607249 -0.655211 -31.6502 0.0667963 0.754229 0.653205 -13.9745
