1 -0.000235864 -6.52707e-05 8.23594e-06 0.000235837 1 -0.000404693 -4.57949e-05 6.53661e-05 0.000404678 1 2.11394e-05
0.90144 -0.00986058 -0.432791 4.83431 0.000937976 0.999783 -0.0208251 0.220848 0.432902 0.0183666 0.901254 0.270698
0.847262 -0.0339057 -0.530091 5.5917 0.0176914 0.999208 -0.0356346 0.22574 0.53088 0.0208138 0.847192 0.672447
0.920949 -0.0705546 -0.383242 6.38129 0.0266232 0.992567 -0.118754 0.225642 0.388772 0.0991631 0.915982 1.42079
0.956564 -0.0915974 -0.276759 7.43185 0.0787049 0.995246 -0.0573628 0.264073 0.280697 0.0330889 0.959226 1.82015
0.847598 -0.0537431 -0.52791 8.45581 0.0358497 0.998385 -0.0440799 0.250464 0.529426 0.0184366 0.848156 2.27023
0.555883 -0.0646132 -0.828745 9.18288 0.0884748 0.99591 -0.0183015 0.293536 0.826538 -0.0631495 0.559327 3.10439
0.162969 -0.0638876 -0.984561 9.29359 0.257055 0.966187 -0.0201466 0.403065 0.952557 -0.249803 0.173881 3.35235
-0.238407 0.0269021 -0.970793 9.54942 0.297967 0.95343 -0.0467537 0.454934 0.924325 -0.300411 -0.23532 3.82761
-0.553762 0.00931518 -0.832623 9.60276 0.217548 0.966826 -0.13387 0.47985 0.803754 -0.255267 -0.537417 4.14031
-0.546391 -0.00228432 -0.837527 9.65084 0.0682072 0.996553 -0.0472154 0.405279 0.834749 -0.0829235 -0.544351 4.82987
-0.60363 0.0819806 -0.793038 10.0282 0.0389839 0.996544 0.073345 0.290689 0.796311 0.0133576 -0.60474 4.78614
-0.867041 0.111095 -0.485693 10.1552 0.0602184 0.991044 0.119186 0.247802 0.494584 0.0740919 -0.865966 4.55163
-0.992474 0.0210848 -0.120627 10.0761 0.0139871 0.998137 0.0593874 0.228095 0.121655 0.0572533 -0.99092 4.22926
-0.976107 -0.00441162 0.217244 9.65435 -0.00133806 0.999897 0.0142931 0.282909 -0.217284 0.0136609 -0.976013 3.65192
-0.819245 -0.0050685 0.573421 9.3231 0.0492291 0.995648 0.079134 0.257786 -0.571327 0.0930591 -0.81543 3.16589
-0.587389 -0.0155914 0.809155 8.75426 0.00709194 0.999677 0.0244108 0.284104 -0.809274 0.0200771 -0.587088 2.36397
-0.573528 -0.0482892 0.817762 8.13475 -0.0598279 0.998064 0.0169766 0.314916 -0.816999 -0.0391884 -0.575307 1.60114
-0.833777 -0.0175088 0.551823 7.57273 -0.0140462 0.999846 0.010501 0.315443 -0.551922 0.00100444 -0.833895 0.710697
-0.958413 -0.0486354 0.281209 6.95508 -0.0333626 0.997709 0.0588488 0.281421 -0.283427 0.0470196 -0.95784 -0.149165
-0.814561 -0.0052408 0.580055 6.2439 0.000492917 0.999953 0.00972679 0.252433 -0.580078 0.00820898 -0.81452 -0.787526
-0.905968 -0.0291286 0.422344 5.17888 -0.0120357 0.998999 0.0430821 0.250419 -0.423176 0.0339478 -0.905411 -1.19193
-0.995625 -0.0109453 0.0928003 4.49048 -0.00616984 0.998649 0.0515911 0.249686 -0.0932396 0.0507928 -0.994347 -1.67227
-0.921652 -0.0901226 -0.377405 4.56766 -0.119004 0.991432 0.053867 0.249415 0.369317 0.0945593 -0.92448 -1.78186
-0.74963 -0.120117 -0.650866 4.7255 -0.191456 0.980705 0.0395204 0.257554 0.633561 0.154238 -0.758163 -1.80651
-0.468755 -0.0405729 -0.882396 4.92721 -0.204381 0.976819 0.0636589 0.239163 0.859358 0.210186 -0.466181 -1.81716
-0.10574 -0.0625046 -0.992427 5.15353 -0.0943344 0.994152 -0.0525622 0.270641 0.989909 0.0880621 -0.111018 -1.65331
0.247096 -0.109416 -0.962794 5.16554 0.020871 0.993975 -0.107604 0.328474 0.968766 0.00649387 0.24789 -1.13958
0.338478 -0.150409 -0.928876 5.23302 0.0435019 0.988588 -0.144226 0.346782 0.939968 0.00840956 0.341158 -0.770804
0.622492 -0.107503 0.775208 2.34836 -0.0878021 0.974675 0.205669 0.139487 -0.777685 -0.196092 0.597288 -0.414734
0.581859 -0.206091 0.786745 2.48128 0.0583888 0.97545 0.21234 0.107539 -0.811191 -0.0776146 0.579608 -0.5085
0.465276 -0.238024 0.852563 2.63964 0.061845 0.969555 0.236936 0.102704 -0.883003 -0.0575138 0.465831 -0.554451
0.618716 -0.354416 0.701127 2.97487 0.0279048 0.901808 0.431234 0.216639 -0.785119 -0.247247 0.567854 -0.888149
0.664978 -0.413646 0.621853 3.36968 0.0284101 0.846027 0.532382 0.269911 -0.746322 -0.336355 0.574342 -0.970302
0.798355 -0.442227 0.408736 3.6615 0.206192 0.838471 0.504432 0.230701 -0.565786 -0.318437 0.760581 -0.968005
0.864681 -0.171815 0.472024 3.9975 0.0780782 0.974235 0.211589 0.140202 -0.496216 -0.146102 0.855817 -0.632755
0.975229 -0.163439 0.149053 4.21249 0.133738 0.972393 0.191221 0.159587 -0.176191 -0.16655 0.970164 -0.252419
0.97721 -0.113976 -0.17908 4.37049 0.129765 0.988389 0.0790463 0.1173 0.167991 -0.100483 0.980654 0.0636194
0.862428 -0.0696248 -0.501368 4.33125 0.141122 0.984294 0.106062 0.130029 0.486109 -0.162225 0.858709 0.38699
0.700349 -0.310972 -0.642501 4.33753 0.449001 0.891655 0.0578648 0.240041 0.554896 -0.32901 0.764097 0.588753
0.718839 -0.474683 -0.507884 4.27206 0.646952 0.724155 0.238855 0.306422 0.254406 -0.500275 0.827649 0.700445
0.817729 -0.263375 -0.511814 4.13748 0.386768 0.909947 0.14969 0.196203 0.426299 -0.320359 0.845955 1.11665
0.793594 0.0149114 -0.608265 4.09679 0.0977468 0.983591 0.151641 0.0692176 0.600545 -0.179797 0.779114 1.40686
0.571891 -0.0306185 -0.819758 3.91321 0.121831 0.991391 0.0479646 0.0902198 0.811232 -0.127303 0.570698 1.57077
0.288831 0.00442874 -0.95737 3.91801 0.0720975 0.997049 0.0263636 0.0665375 0.954661 -0.0766386 0.28766 1.74723
-0.0359796 -0.060804 -0.997501 4.10528 0.189408 0.979641 -0.0665472 0.149135 0.981239 -0.191329 -0.0237303 1.58408
-0.371758 -0.128481 -0.919396 4.20802 0.116942 0.976006 -0.183678 0.158751 0.920934 -0.1758 -0.347813 1.62705
-0.646544 -0.283825 -0.708113 4.57844 0.0407813 0.914028 -0.403596 0.238315 0.761786 -0.28982 -0.579385 1.62391
-0.85521 -0.270544 -0.442065 4.67588 -0.0801166 0.9117 -0.402969 0.2108 0.512051 -0.309206 -0.801371 1.54089
-0.94433 -0.270012 -0.187976 4.58799 -0.18533 0.908654 -0.374167 0.226014 0.271835 -0.3185 -0.90811 1.55868
-0.989259 -0.111398 0.0946375 4.42225 -0.127716 0.973646 -0.188949 0.140816 -0.0710949 -0.199006 -0.977416 1.40245
-0.855725 -0.104408 0.506788 4.34994 -0.181537 0.977752 -0.105094 0.131887 -0.48454 -0.181933 -0.855641 1.14667
-0.590158 -0.163841 0.790487 4.27491 -0.267519 0.963553 -1.16517e-05 0.17116 -0.761674 -0.211477 -0.612479 1.07887
-0.294206 -0.155106 0.943072 4.30919 -0.300221 0.951795 0.0628817 0.156091 -0.907365 -0.26463 -0.326589 0.943324
0.0547576 -0.183313 0.981528 4.38031 -0.30441 0.933143 0.191259 0.190731 -0.950966 -0.30926 -0.00470556 0.649495
0.139765 -0.0837776 0.986634 4.52836 -0.219387 0.96903 0.113361 0.143918 -0.965575 -0.232298 0.117056 0.253803
-0.255412 -0.0263953 0.966472 4.7015 -0.14084 0.98998 -0.0101827 0.0904007 -0.956519 -0.138718 -0.25657 -0.217984
-0.595084 0.0597287 0.801441 4.70343 -0.0478322 0.992834 -0.109509 0.0861451 -0.802239 -0.103502 -0.587963 -0.460365
-0.90185 -0.0548928 0.428548 4.72768 -0.150068 0.969939 -0.191568 0.155015 -0.40515 -0.237077 -0.882977 -0.564864
-0.976291 -0.185882 0.110926 4.51925 -0.208108 0.947002 -0.2447 0.182437 -0.059562 -0.261983 -0.963233 -0.648292
-0.957148 -0.106671 -0.269239 4.2556 -0.0265532 0.958101 -0.285196 0.18304 0.28838 -0.265826 -0.919877 -0.878373
-0.747342 -0.0398395 -0.663244 3.75598 0.0813589 0.985202 -0.150854 0.146849 0.65944 -0.1667 -0.733042 -0.91563
-0.487812 -0.140897 -0.861503 3.39791 0.143036 0.960649 -0.238104 0.200774 0.86115 -0.239376 -0.448463 -1.00861
-0.394393 -0.240255 -0.886979 2.81301 0.175819 0.927658 -0.329451 0.217333 0.901965 -0.285881 -0.323621 -0.901621
-0.3415 -0.232197 -0.910748 2.31253 0.199349 0.929062 -0.311616 0.209984 0.918498 -0.287974 -0.270986 -0.747774
-0.492472 -0.25442 -0.832311 1.77179 0.203189 0.896282 -0.3942 0.254396 0.846277 -0.363249 -0.389698 -0.703156
-0.597729 -0.24992 -0.761748 1.08599 0.0266983 0.943436 -0.330479 0.245532 0.801253 -0.217875 -0.557247 -0.854828
-0.507681 -0.122408 -0.852805 0.468258 0.102036 0.974346 -0.200596 0.16034 0.855481 -0.188856 -0.482167 -1.20471
-0.183418 -0.0885317 -0.97904 -0.0677341 0.119548 0.986536 -0.111606 0.140612 0.975739 -0.137513 -0.170365 -1.26442
0.169187 -0.0829813 -0.982084 -0.266611 0.183123 0.981745 -0.0514053 0.14468 0.968422 -0.171145 0.181294 -1.22589
0.627077 -0.140522 -0.766178 -0.457888 0.230724 0.972964 0.0103877 0.181192 0.744004 -0.183289 0.642544 -0.933816
0.867709 -0.141855 -0.476401 -0.50689 0.209907 0.973336 0.0924961 0.193494 0.450578 -0.180259 0.874349 -0.870474
0.951084 -0.254418 -0.175244 -0.480235 0.286799 0.937985 0.194757 0.17516 0.114827 -0.235491 0.965069 -0.758678
0.90556 -0.418433 0.0698172 -0.409798 0.361972 0.847974 0.38719 0.233449 -0.221216 -0.325352 0.919353 -0.568436
0.804208 -0.574996 0.150432 -0.542386 0.360839 0.67347 0.645162 0.304303 -0.472277 -0.464562 0.749091 -0.366061
0.735785 -0.67189 0.0847637 -0.314482 0.305449 0.440966 0.843949 0.379227 -0.604419 -0.595074 0.529684 -0.0411748
0.733047 -0.672642 -0.100972 -0.048003 0.471914 0.396052 0.78768 0.387915 -0.489836 -0.625057 0.607754 0.338762
0.745048 -0.626336 -0.229362 0.262476 0.620739 0.525238 0.582072 0.365384 -0.244103 -0.576045 0.780119 0.771587
0.780769 -0.495774 -0.380273 0.269022 0.618907 0.697178 0.361796 0.313911 0.085749 -0.517833 0.851173 1.16087
0.67798 -0.384203 -0.626682 0.316383 0.444117 0.893439 -0.067273 0.182095 0.585749 -0.232711 0.776366 1.36112
0.582629 -0.284634 -0.761267 0.293502 0.115475 0.956158 -0.269124 0.119307 0.804493 0.0688923 0.589953 1.53768
0.359813 -0.197874 -0.911801 -0.00250768 0.104548 0.979649 -0.171341 0.0879875 0.927148 -0.0336761 0.373178 1.87096
0.416961 -0.083638 -0.905068 -0.119823 0.194731 0.980856 -0.000929701 0.0652611 0.887819 -0.175858 0.425266 2.42513
0.478046 -0.133656 -0.868106 -0.431269 0.271435 0.962456 0.00129082 0.0791515 0.835342 -0.236251 0.496377 2.81057
0.673975 -0.065658 -0.73583 -0.639627 0.192687 0.977189 0.0892954 0.0872001 0.713182 -0.201968 0.671253 3.33565
0.707872 -0.134112 -0.693492 -0.805943 0.180821 0.9835 -0.00562496 0.0873278 0.682803 -0.121416 0.720443 3.95914
0.892426 -0.121052 -0.434652 -0.81708 0.204816 0.967052 0.1512 0.123347 0.402028 -0.223958 0.887815 4.40886
0.822221 -0.24017 -0.516015 -0.797681 0.33119 0.939206 0.0905828 0.17746 0.462889 -0.245378 0.851777 4.87536
0.660893 -0.120411 -0.740757 -1.19391 0.193805 0.980948 0.0134557 0.103163 0.725024 -0.152456 0.671638 5.41488
0.695922 -0.160072 -0.70005 -1.39324 0.304601 0.948599 0.0859005 0.158212 0.650316 -0.273016 0.708908 5.97823
0.683567 -0.216552 -0.697023 -1.56086 0.350264 0.935152 0.0529671 0.178581 0.640352 -0.280349 0.71509 6.48997
0.549182 -0.116421 -0.827554 -1.861 0.313617 0.946586 0.0749563 0.145274 0.774624 -0.3007 0.55636 6.81376
0.236985 -0.0671861 -0.969187 -2.00711 0.179182 0.983514 -0.0243658 0.0844158 0.954847 -0.167886 0.245117 6.97391
-0.140798 -0.102238 -0.984745 -2.09702 0.157279 0.979713 -0.124203 0.106459 0.977466 -0.172367 -0.121862 7.13754
-0.399186 -0.12628 -0.908132 -2.30815 0.16433 0.964577 -0.206364 0.12401 0.902023 -0.231611 -0.364294 7.38865
-0.195399 -0.137923 -0.970977 -2.46323 0.106693 0.981196 -0.160845 0.115265 0.974903 -0.135025 -0.177009 7.92539
0.193936 -0.136763 -0.971434 -2.49784 0.164319 0.980774 -0.105273 0.104433 0.967155 -0.139209 0.212681 8.17044
0.515003 -0.0799922 -0.853448 -2.60416 0.239843 0.969316 0.0538778 0.101899 0.822951 -0.23244 0.518386 8.39915
0.706487 -0.00225392 -0.707722 -2.74987 0.114488 0.987188 0.111144 0.077143 0.698404 -0.159547 0.697693 8.91816
0.861018 -0.165101 -0.48103 -2.8814 0.311786 0.918608 0.242792 0.0839005 0.401793 -0.359027 0.842415 9.08944
0.952481 -0.148524 -0.265933 -3.0108 0.212039 0.950096 0.228819 0.0678898 0.218676 -0.274333 0.936441 9.55089
0.956758 -0.086773 -0.277642 -3.27135 0.165485 0.94733 0.27419 0.0567556 0.239226 -0.308279 0.920725 9.74222
0.886758 -0.163055 -0.43252 -3.4195 0.27333 0.939564 0.206178 0.0768473 0.372762 -0.301051 0.877734 10.1577
0.859754 -0.000685743 -0.510708 -3.69803 0.137696 0.963278 0.230511 0.0203527 0.491796 -0.268505 0.828277 10.7059
0.641681 -0.0881408 -0.761891 -3.77366 0.213524 0.974632 0.0670819 0.0449731 0.73665 -0.205727 0.644223 11.0559
0.576002 -0.253511 -0.777144 -3.87532 0.49624 0.863917 0.0859845 0.101813 0.64959 -0.435177 0.623421 11.4125
0.177091 -0.449357 -0.875624 -3.92903 0.686104 0.694228 -0.217506 0.206303 0.70562 -0.56225 0.431247 11.502
-0.154617 -0.470987 -0.868484 -3.95768 0.548384 0.690295 -0.471983 0.231328 0.821808 -0.54924 0.151551 11.6904
0.118807 -0.238764 -0.963783 -4.33163 0.416195 0.893245 -0.169984 0.0712774 0.90148 -0.380926 0.205496 12.0618
0.276507 -0.101872 -0.955597 -4.50908 0.106411 0.991497 -0.074909 -0.0520786 0.955102 -0.0809733 0.284996 12.4391
0.387037 -0.0280936 -0.921636 -4.61785 0.00102709 0.999548 -0.0300372 -0.0721329 0.922064 0.0106789 0.386891 12.6777
0.632378 -0.160747 -0.757798 -4.79412 0.208474 0.977458 -0.033372 0.0147179 0.746081 -0.136878 0.651635 12.9746
0.669536 -0.182501 -0.720011 -4.91328 0.258509 0.965999 -0.00446453 0.0335201 0.696344 -0.18314 0.693948 13.4961
0.678139 -0.156717 -0.71803 -5.12573 0.221703 0.975108 -0.0034411 0.0493167 0.700697 -0.156856 0.696003 13.9938
0.818557 -0.196826 -0.539652 -5.20328 0.264198 0.963201 0.0494358 0.0636496 0.510063 -0.183041 0.840436 14.3395
0.883565 -0.332191 -0.330095 -5.31389 0.385047 0.916519 0.108316 0.125328 0.266557 -0.222806 0.937713 14.8686
0.923549 -0.275247 -0.267013 -5.53949 0.309747 0.945935 0.09625 0.115325 0.226085 -0.171598 0.958874 15.4039
0.923044 -0.243587 -0.29775 -5.79782 0.292696 0.946956 0.132681 0.112793 0.249637 -0.20962 0.945379 16.0722
0.918992 -0.359257 -0.162444 -5.9091 0.387416 0.899321 0.202808 0.167589 0.0732289 -0.249312 0.965651 16.5284
0.936078 -0.122686 -0.329706 -6.2137 0.165482 0.980615 0.104929 0.0957213 0.310442 -0.152782 0.938234 17.0031
0.92753 -0.158327 -0.338558 -6.31734 0.175344 0.984303 0.0200696 0.0921213 0.330066 -0.0779791 0.940732 17.5822
0.89108 0.0783761 -0.447028 -6.52174 -0.0755897 0.996848 0.0240984 -0.0218405 0.447507 0.0123171 0.894196 18.0198
0.651595 0.187091 -0.735133 -6.67245 -0.208239 0.975994 0.0638144 -0.102275 0.729425 0.111502 0.674913 18.185
0.157369 0.0466896 -0.986436 -6.85084 -0.0360907 0.998486 0.0415024 -0.0193592 0.98688 0.02907 0.158816 18.2248
-0.239312 -0.0850814 -0.967208 -7.04252 0.030117 0.995024 -0.09498 0.074554 0.970476 -0.0518592 -0.235559 18.2151
-0.320864 -0.295212 -0.899942 -7.23686 0.177065 0.914734 -0.363194 0.177522 0.930427 -0.275884 -0.241234 18.3796
-0.323132 -0.356223 -0.87675 -7.34632 0.180212 0.886335 -0.426536 0.199618 0.929037 -0.295829 -0.222208 18.8421
-0.117754 -0.246462 -0.961972 -7.65439 0.157356 0.951842 -0.263128 0.124408 0.980496 -0.182357 -0.0733007 19.4059
0.157614 -0.0899564 -0.983395 -7.78371 0.216616 0.974738 -0.0544463 0.07814 0.96345 -0.204437 0.173118 20.0731
0.000428468 -0.0473198 -0.99888 -7.88641 0.199959 0.978711 -0.0462786 0.051995 0.979804 -0.199715 0.00988136 20.5831
0.0269495 -0.0318873 -0.999128 -7.99191 0.205028 0.978419 -0.0256961 0.0116975 0.978385 -0.204157 0.0329057 20.8561
0.325989 -0.0781435 -0.942138 -8.19707 0.240413 0.970667 0.00267537 0.0111109 0.914294 -0.227374 0.335213 21.3431
-0.0320332 -0.111273 -0.993273 -8.41172 0.246296 0.962259 -0.115742 0.0376871 0.968665 -0.248347 -0.00341806 21.6365
-0.414284 -0.122417 -0.901877 -8.76717 0.18968 0.957542 -0.217103 0.0108895 0.890163 -0.261011 -0.373475 21.9194
-0.662973 -0.200317 -0.721346 -8.8768 0.0165927 0.959369 -0.281666 0.0662473 0.748459 -0.198706 -0.632712 22.1945
-0.42091 -0.1476 -0.895014 -9.33052 0.140095 0.964257 -0.224903 0.0253389 0.896219 -0.220051 -0.385187 22.657
-0.0507691 -0.166915 -0.984663 -9.40573 0.239567 0.955114 -0.174257 0.0566243 0.969551 -0.24474 -0.00850302 23.0891
0.384017 -0.104972 -0.917339 -9.49385 0.314986 0.94881 0.0232867 0.0292707 0.867937 -0.297892 0.397424 23.4858
0.54215 -0.265705 -0.797166 -9.4967 0.422228 0.906366 -0.0149476 0.0689524 0.726497 -0.328482 0.603575 23.9301
0.391791 -0.30941 -0.866467 -9.62701 0.584958 0.810679 -0.0249877 0.103213 0.710158 -0.497057 0.498608 24.4954
0.280272 -0.23557 -0.930567 -9.7745 0.363892 0.923138 -0.124091 0.0628116 0.888274 -0.303846 0.344452 25.0995
0.431664 -0.163781 -0.887041 -10.0138 0.377417 0.925956 0.0126971 0.0308304 0.819282 -0.340265 0.461516 25.6672
0.329882 -0.120824 -0.936258 -10.3724 0.372576 0.92793 0.0115242 0.0308525 0.86739 -0.352629 0.351124 26.2673
0.0823446 -0.186261 -0.979043 -10.6378 0.301069 0.94113 -0.153726 0.0421512 0.95004 -0.282101 0.133574 26.5496
0.157024 -0.013229 -0.987506 -10.9516 0.207094 0.97812 0.0198268 0.00546837 0.965637 -0.20762 0.156328 27.0042
-0.120699 -0.0327757 -0.992148 -11.0454 0.109321 0.992937 -0.0461011 0.000957781 0.986651 -0.114027 -0.116263 27.3147
-0.385962 -0.00386106 -0.922506 -11.3917 0.0748753 0.996561 -0.0354977 -0.00584534 0.919471 -0.0827738 -0.384346 27.3645
-0.703664 0.0247872 -0.7101 -11.6424 0.0116919 0.99966 0.0233088 -0.0273582 0.710436 0.00809918 -0.703715 27.4168
-0.602266 -0.146982 -0.784648 -11.956 0.0424169 0.975623 -0.215313 0.0453212 0.797168 -0.162958 -0.581351 27.3494
-0.746545 -0.179069 -0.640785 -12.2434 -0.0812099 0.980424 -0.179368 0.0671338 0.66036 -0.0818683 -0.746473 27.3233
-0.549223 -0.19313 -0.813053 -12.2831 0.0926731 0.952851 -0.288939 0.105535 0.830522 -0.23404 -0.50543 27.2124
-0.831025 -0.165945 -0.530904 -12.4877 -0.0367182 0.968745 -0.245327 0.0802345 0.555021 -0.184379 -0.811145 26.9745
-0.955661 -0.230418 -0.183358 -12.4556 -0.186994 0.955872 -0.226588 0.122451 0.227477 -0.182254 -0.956576 26.7945
-0.956106 -0.249315 0.15396 -12.3947 -0.277342 0.939536 -0.200881 0.123718 -0.0945685 -0.234763 -0.967441 26.5966
-0.936501 -0.220912 0.27233 -12.5067 -0.254048 0.962743 -0.0926609 0.130162 -0.241714 -0.155962 -0.957732 26.517
-0.982833 -0.131175 0.129738 -12.4023 -0.154935 0.968614 -0.194375 0.119094 -0.100169 -0.211139 -0.97231 26.5179
-0.911117 -0.147253 0.384945 -12.442 -0.167251 0.985735 -0.0187885 0.0650332 -0.376688 -0.0815009 -0.922748 26.486
-0.950525 -0.251995 0.181663 -12.6129 -0.289781 0.929974 -0.226217 0.123943 -0.111936 -0.267668 -0.956987 26.3533
-0.941746 -0.336128 -0.011471 -12.6101 -0.310118 0.881061 -0.357154 0.186339 0.130156 -0.332791 -0.933975 26.1923
-0.915603 -0.304076 -0.263076 -12.93 -0.170993 0.886635 -0.429697 0.181911 0.363913 -0.348448 -0.8638 26.1084
-0.862248 -0.11522 -0.493207 -12.9534 0.0275843 0.961653 -0.272879 0.113832 0.505735 -0.248894 -0.826005 26.1241
-0.605788 -0.133298 -0.78438 -13.1831 0.0422741 0.97908 -0.199034 0.0695284 0.794502 -0.153731 -0.58748 26.294
-0.173781 -0.0395771 -0.983989 -13.2167 0.108781 0.992306 -0.0591233 0.0406421 0.978758 -0.117313 -0.168139 26.3838
0.188514 -0.0196346 -0.981874 -13.1869 0.101118 0.994874 -0.000480492 0.0427368 0.976851 -0.0991948 0.189533 26.2906
0.0347389 -0.25045 -0.967506 -13.3035 0.264231 0.935943 -0.232792 0.107575 0.963834 -0.247558 0.09869 26.3987
0.436062 -0.250987 -0.864208 -13.2852 0.386116 0.919616 -0.072252 0.13493 0.812874 -0.302178 0.49792 26.4296
0.495729 -0.372449 -0.78456 -13.5105 0.408545 0.897186 -0.167773 0.196462 0.766384 -0.237358 0.596923 26.3549
0.282986 -0.23317 -0.93035 -13.8013 0.310391 0.940065 -0.141193 0.14095 0.907511 -0.248816 0.338399 26.4562
0.282295 -0.0970455 -0.954406 -14.0181 0.142556 0.988068 -0.0583029 0.0474882 0.948677 -0.119598 0.292761 26.2961
0.287957 -0.094988 -0.952921 -14.0449 0.034026 0.995455 -0.0889458 0.0128375 0.957039 -0.00681155 0.28988 26.3611
0.592657 -0.0666538 -0.802693 -14.1034 0.0918455 0.995662 -0.0148648 0.0284378 0.800202 -0.064914 0.596208 26.443
0.749387 -0.233087 -0.61975 -14.2588 0.385564 0.914546 0.122256 0.159968 0.538293 -0.33057 0.775218 26.4278
0.814442 -0.362896 -0.452759 -14.2214 0.524976 0.79321 0.308574 0.280681 0.247153 -0.489003 0.836535 26.6861
0.913173 -0.330452 -0.238571 -14.5033 0.404015 0.811088 0.422975 0.249107 0.0537294 -0.482635 0.874172 26.7884
0.986937 -0.160951 -0.00708977 -14.4292 0.157567 0.955137 0.25077 0.0538271 -0.0335901 -0.248611 0.968021 26.962
0.963116 -0.0171832 0.268537 -14.5249 0.000644215 0.998103 0.0615562 -0.031417 -0.269086 -0.0591127 0.9613 26.8821
0.764236 0.0675294 0.641391 -14.5748 -0.0479975 0.997701 -0.0478533 -0.0723284 -0.643148 0.00578607 0.76572 26.6428
0.447768 0.0239815 0.893828 -14.5292 -0.0894572 0.995826 0.018096 -0.00346447 -0.889663 -0.0880621 0.448045 26.3456
0.256504 -0.095773 0.961787 -14.5589 -0.219537 0.963297 0.154473 0.104438 -0.941281 -0.25077 0.226064 26.3829
-0.104594 -0.049611 0.993277 -14.7679 -0.20147 0.979103 0.0276878 0.0719338 -0.973894 -0.19722 -0.112404 26.4692
0.129289 -0.0771493 0.988601 -15.0524 -0.177739 0.97902 0.0996462 0.0857267 -0.975548 -0.188596 0.112864 26.6878
-0.0600877 -0.0802699 0.99496 -15.1561 -0.148609 0.986373 0.0706023 0.0464546 -0.987069 -0.143617 -0.0711977 26.7195
0.00868764 -0.143039 0.989679 -15.4264 -0.158833 0.976954 0.142594 0.104148 -0.987267 -0.158432 -0.0142319 26.9923
0.253685 -0.10509 0.961561 -15.4864 -0.123668 0.982399 0.139995 0.0735787 -0.959349 -0.154429 0.236224 27.2615
0.577329 -0.052882 0.814798 -15.4969 -0.137148 0.977442 0.160615 0.0552036 -0.804911 -0.204476 0.557053 27.5361
0.876428 0.0403385 0.479841 -15.4688 -0.128143 0.980091 0.15166 0.0243703 -0.46417 -0.194407 0.864148 27.9968
0.978132 -0.103491 0.180409 -15.3303 0.0639415 0.975034 0.212648 0.0919194 -0.197912 -0.196462 0.96033 28.2341
0.984211 -0.0925701 -0.150865 -15.4843 0.123361 0.969971 0.209613 0.105675 0.126931 -0.224915 0.966076 28.6128
0.875934 -0.0494213 -0.479893 -15.6309 0.124951 0.984036 0.126729 0.0717195 0.465969 -0.17097 0.868126 28.7945
0.593098 -0.0223756 -0.804819 -15.7493 0.097372 0.99427 0.044114 0.0510852 0.79922 -0.104531 0.591878 28.8966
0.239637 0.00632537 -0.970842 -15.8817 0.0538932 0.99835 0.0198073 0.042811 0.969366 -0.0570683 0.238901 28.9555
0.10299 0.08395 -0.991133 -16.0874 0.0545524 0.994456 0.0899 0.00829274 0.993185 -0.0633275 0.0978392 29.1366
0.0211535 0.126505 -0.99174 -16.3909 -0.0807121 0.988941 0.124427 -0.0389833 0.996513 0.0774134 0.0311301 29.5257
0.322009 0.312503 -0.893673 -16.5101 -0.202417 0.944849 0.257464 -0.105524 0.924845 0.0979891 0.367506 30.043
0.589334 0.379195 -0.71337 -16.4353 -0.344402 0.91667 0.202741 -0.171364 0.730803 0.126203 0.67082 30.5936
0.810558 0.285301 -0.511467 -16.5138 -0.21338 0.957157 0.195753 -0.0848229 0.545403 -0.0495321 0.836709 30.8161
0.710703 0.0977289 -0.696671 -16.6286 0.0621766 0.977702 0.200581 0.0462656 0.700739 -0.18587 0.688779 31.0457
0.490436 0.0099032 -0.871421 -16.8436 0.193826 0.97365 0.12015 0.10116 0.849649 -0.22783 0.475594 30.8659
0.091367 0.118051 -0.988795 -17.0033 -0.0661389 0.991475 0.112259 -0.000319363 0.993618 0.0551411 0.0983959 30.7466
-0.258061 0.287495 -0.922362 -17.0688 -0.0905343 0.943302 0.319352 -0.121165 0.961877 0.165918 -0.217401 30.582
-0.445356 0.368269 -0.81611 -17.0249 -0.0713434 0.894001 0.442349 -0.2102 0.892507 0.255227 -0.371875 30.741
-0.401702 0.316162 -0.859463 -17.162 -0.00231042 0.938161 0.346191 -0.3211 0.915768 0.141051 -0.37613 31.0442
-0.296662 -0.00649105 -0.95496 -17.213 0.184818 0.980681 -0.0640804 -0.273359 0.936928 -0.195504 -0.289731 31.2113
-0.352934 -0.115773 -0.928458 -17.281 0.195381 0.96132 -0.194141 -0.358927 0.915021 -0.249922 -0.316662 31.4427
-0.276031 0.154105 -0.948714 -17.5301 0.0473183 0.988045 0.146726 -0.530756 0.959983 -0.00439052 -0.280023 31.5328
-0.216096 0.280911 -0.935089 -17.9453 -0.0361668 0.954758 0.295178 -0.772583 0.975702 0.0976058 -0.196159 31.6267
0.12881 0.413741 -0.901236 -18.017 -0.204783 0.900316 0.38405 -0.809164 0.970295 0.135088 0.200697 31.7675
0.393574 0.518663 -0.759005 -18.0573 -0.403498 0.839322 0.364318 -0.847631 0.826008 0.162871 0.539615 31.8074
0.760334 0.366856 -0.536012 -17.8863 -0.38683 0.918671 0.0800368 -0.971029 0.521781 0.146491 0.840408 32.0029
0.899685 0.386188 -0.203535 -17.7965 -0.393328 0.91938 0.00580705 -0.979821 0.189368 0.0748313 0.979051 32.0384
0.945913 0.295725 0.133399 -17.935 -0.30241 0.952623 0.032522 -1.04827 -0.117461 -0.0711042 0.990529 32.0698
0.963724 0.265254 0.029604 -17.9601 -0.26358 0.963303 -0.05073 -1.25554 -0.041974 0.0410866 0.998274 32.3522
0.982127 0.188157 -0.00492114 -18.1017 -0.188192 0.98118 -0.0432423 -1.37031 -0.00330783 0.0433956 0.999052 32.5554
0.91304 0.297665 -0.278842 -18.3115 -0.313838 0.949371 -0.0141727 -1.41934 0.260506 0.100451 0.960232 32.7066
0.886998 0.19613 -0.418051 -18.3139 -0.26989 0.954783 -0.124699 -1.58585 0.374691 0.223435 0.899824 32.9777
0.891123 0.281118 -0.35619 -18.4855 -0.29819 0.954479 0.00729256 -1.73474 0.342026 0.0997138 0.934385 33.2078
0.905369 0.24041 -0.350015 -18.6689 -0.220234 0.970612 0.0970015 -1.74769 0.363049 -0.010737 0.931708 33.2049
0.945656 -0.00730901 -0.325086 -18.7714 0.0906753 0.966018 0.24205 -1.63685 0.31227 -0.258373 0.914183 33.1444
0.927351 0.0804962 -0.365432 -18.7415 -0.00640155 0.979858 0.199595 -1.68211 0.374138 -0.182755 0.909187 33.2594
0.871005 0.222542 -0.437978 -18.8265 -0.163909 0.972072 0.167956 -1.95452 0.463124 -0.0745018 0.883157 33.7088
0.691607 0.239635 -0.681363 -18.998 -0.148552 0.970383 0.190498 -2.06674 0.706833 -0.030532 0.706722 33.8744
0.340397 0.368108 -0.865232 -18.9373 -0.239022 0.923832 0.299004 -2.13256 0.909395 0.105029 0.402455 33.9832
0.140381 0.402834 -0.904443 -18.9658 -0.194584 0.906899 0.373726 -2.30918 0.970788 0.123526 0.205696 34.1686
-0.0559501 0.388246 -0.919856 -18.805 -0.147277 0.908011 0.392205 -2.34914 0.987511 0.157418 0.00637659 34.4012
-0.0362111 0.337016 -0.940802 -18.7796 -0.112217 0.934095 0.338932 -2.60837 0.993024 0.117847 0.00399425 34.8103
0.0308182 0.321561 -0.946387 -19.0649 -0.120955 0.941078 0.315819 -2.77397 0.99218 0.104737 0.0678967 35.0768
0.397632 0.262802 -0.879104 -19.1137 -0.0869536 0.964585 0.249026 -2.88877 0.913416 -0.0225794 0.406401 35.3869
0.614927 0.0877828 -0.783683 -19.3603 0.0599347 0.985708 0.157441 -2.96488 0.786304 -0.143784 0.600877 35.5621
0.6643 0.0412787 -0.746325 -19.6057 0.0811969 0.98858 0.126951 -3.14723 0.743043 -0.144933 0.653362 35.9045
0.756184 0.16495 -0.633228 -19.6756 -0.0747946 0.983153 0.166784 -3.33371 0.650071 -0.0787572 0.755781 36.2843
0.856497 0.279995 -0.433607 -19.7888 -0.256719 0.959888 0.11274 -3.53583 0.447781 0.0147533 0.894021 36.4802
0.941996 0.248861 -0.225193 -19.7186 -0.255304 0.966861 0.000524139 -3.7103 0.21786 0.056999 0.974314 36.7844
0.938903 0.327783 0.10497 -19.6663 -0.316163 0.941912 -0.113327 -3.86274 -0.136019 0.0732156 0.987997 36.9748
0.841093 0.388112 0.376738 -19.5123 -0.317006 0.918064 -0.238045 -3.91317 -0.438258 0.0807899 0.895211 37.0442
0.8146 0.396162 0.423654 -19.4367 -0.242933 0.896287 -0.371016 -3.94991 -0.526698 0.199311 0.826356 37.1554
0.860925 0.358027 0.361422 -19.5803 -0.255659 0.918692 -0.301069 -4.05693 -0.439826 0.166797 0.882458 37.6801
0.625903 0.365471 0.688967 -19.4378 -0.0891609 0.911144 -0.402328 -4.05914 -0.774787 0.190389 0.602873 37.8137
0.232332 0.439112 0.867872 -19.4235 0.0773079 0.881128 -0.466515 -4.07736 -0.969559 0.17548 0.170768 37.8254
-0.186814 0.445874 0.875384 -19.4919 0.236388 0.885292 -0.400474 -4.06532 -0.953531 0.132116 -0.270784 37.7624
-0.522989 0.29512 0.799617 -19.603 0.160989 0.95546 -0.247343 -4.0134 -0.836997 -0.00062771 -0.547207 37.7968
-0.512059 0.0288586 0.858466 -19.624 -0.105954 0.98968 -0.0964692 -3.90498 -0.852391 -0.140356 -0.503717 37.8704
-0.640853 -0.215742 0.736724 -19.6508 -0.443085 0.887654 -0.125486 -3.76677 -0.626883 -0.406849 -0.664448 37.9537
-0.821681 -0.287906 0.491884 -19.6853 -0.472271 0.827069 -0.304824 -3.74775 -0.319062 -0.482771 -0.815556 37.9238
-0.854097 -0.422073 0.303929 -19.6781 -0.519573 0.719034 -0.461556 -3.7248 -0.0237244 -0.552127 -0.833423 37.9488
-0.764986 -0.435611 0.474384 -19.5513 -0.627052 0.671849 -0.39424 -3.73481 -0.146978 -0.599051 -0.787105 37.9075
-0.639782 -0.299339 0.707867 -19.4301 -0.538068 0.832112 -0.134436 -3.7533 -0.548782 -0.46689 -0.693435 37.7119
-0.627833 -0.133862 0.76675 -19.186 -0.350382 0.928249 -0.124844 -3.79999 -0.695024 -0.347037 -0.629689 37.6036
-0.38505 -0.0869294 0.918792 -19.275 -0.241576 0.970336 -0.00943412 -3.83631 -0.890717 -0.225591 -0.394628 37.3938
-0.424556 0.0462735 0.904218 -19.0291 -0.162201 0.978649 -0.12624 -3.88379 -0.890754 -0.200261 -0.407986 37.2055
-0.321027 -0.0499987 0.945749 -19.0524 -0.231286 0.972508 -0.0270948 -3.71534 -0.918394 -0.227437 -0.323766 36.7551
-0.530187 -0.112478 0.840387 -18.9627 -0.359308 0.927569 -0.102535 -3.6714 -0.767984 -0.35632 -0.532199 36.5694
-0.809616 -0.0179908 0.586684 -18.967 -0.189215 0.954171 -0.231854 -3.57569 -0.555626 -0.298722 -0.775916 36.3884
-0.84243 0.0718669 0.533992 -19.1856 -0.011162 0.988524 -0.150649 -3.46655 -0.538691 -0.132871 -0.83196 36.0585
-0.770253 -0.00135139 0.637737 -19.2258 -0.105972 0.986366 -0.125902 -3.31325 -0.628872 -0.164558 -0.759895 35.7968
-0.516147 -0.072235 0.853448 -19.3277 -0.213279 0.975889 -0.0463884 -3.17472 -0.82952 -0.205966 -0.519109 35.5252
-0.18827 -0.05676 0.980476 -19.3097 -0.237584 0.971309 0.0106086 -3.09723 -0.952947 -0.230948 -0.196354 35.4489
0.143541 -0.0401763 0.988829 -19.1182 -0.2175 0.973465 0.071125 -3.01703 -0.965448 -0.22528 0.130994 35.3965
0.177718 -0.0354273 0.983444 -19.1229 -0.211476 0.974629 0.0733256 -2.81024 -0.96109 -0.221006 0.165717 35.0551
