0.999987 -0.00374673 0.00335679 -8.42336e-05 0.00375322 0.999991 -0.00192781 -0.000254268 -0.00334953 0.00194038 0.999993 0.000166068
0.902914 -0.0133574 -0.429615 4.83431 0.00349201 0.999712 -0.0237435 0.2372 0.429808 0.0199381 0.9027 0.25466
0.849023 -0.0373875 -0.527032 5.59305 0.019899 0.999048 -0.0388159 0.244164 0.527982 0.0224682 0.848959 0.653803
0.922202 -0.073785 -0.379605 6.38522 0.02935 0.992152 -0.121546 0.245734 0.385594 0.100948 0.91713 1.39942
0.957258 -0.0951182 -0.273147 7.43702 0.0817721 0.994852 -0.0598632 0.287349 0.277434 0.0349688 0.960108 1.79518
0.849334 -0.0573369 -0.524732 8.4626 0.0381385 0.998151 -0.0473356 0.276789 0.526476 0.0201913 0.84995 2.24162
0.558485 -0.0684877 -0.826682 9.19246 0.0892311 0.995763 -0.0222132 0.321233 0.824701 -0.0613601 0.56223 3.07327
0.165404 -0.0683127 -0.983857 9.30365 0.256171 0.966333 -0.0240289 0.430782 0.952375 -0.248062 0.177335 3.32101
-0.236216 0.022343 -0.971444 9.56097 0.295655 0.953988 -0.04995 0.482851 0.925629 -0.299011 -0.231954 3.79544
-0.5517 0.00486722 -0.834028 9.61533 0.214266 0.967249 -0.13609 0.507477 0.80605 -0.253785 -0.534674 4.10799
-0.543671 -0.00623074 -0.839275 9.66613 0.0649049 0.996666 -0.0494437 0.432011 0.836785 -0.0813541 -0.541454 4.79725
-0.600939 0.0783735 -0.795443 10.0438 0.0355306 0.996817 0.0713719 0.318876 0.798505 0.0146276 -0.601811 4.75201
-0.865488 0.107706 -0.489214 10.1701 0.0562493 0.991331 0.11874 0.27682 0.497762 0.0752503 -0.864043 4.51698
-0.992073 0.0175592 -0.124434 10.0899 0.01008 0.998118 0.060483 0.257322 0.125262 0.0587493 -0.990383 4.19486
-0.976886 -0.00815494 0.213604 9.66585 -0.00470596 0.99985 0.0166501 0.311456 -0.213708 0.01526 -0.976778 3.61913
-0.821513 -0.00863261 0.570124 9.33271 0.0469946 0.995458 0.0827893 0.286006 -0.568249 0.0948053 -0.817377 3.13488
-0.590116 -0.018849 0.807098 8.76037 0.00569321 0.999605 0.0275074 0.311039 -0.807298 0.0208275 -0.589776 2.33645
-0.576762 -0.0517768 0.815269 8.13778 -0.0617412 0.997898 0.0196965 0.339823 -0.814575 -0.0389755 -0.578747 1.57722
-0.835844 -0.0205711 0.548581 7.57161 -0.0167522 0.999788 0.0119662 0.337994 -0.548711 0.000811935 -0.836012 0.690678
-0.958956 -0.0509225 0.278944 6.95036 -0.0357028 0.997597 0.0593765 0.300474 -0.281297 0.0469804 -0.95847 -0.165625
-0.814928 -0.00683461 0.579522 6.23716 -0.000773256 0.999942 0.0107055 0.269469 -0.579561 0.0082761 -0.814887 -0.801275
-0.905557 -0.0277815 0.423313 5.17122 -0.0121402 0.999142 0.0396018 0.265552 -0.42405 0.0307225 -0.905118 -1.20373
-0.995585 -0.0110643 0.0932129 4.48514 -0.00641892 0.998729 0.0499899 0.263798 -0.0936476 0.0491708 -0.99439 -1.68383
-0.921286 -0.0916921 -0.377921 4.56424 -0.120508 0.991282 0.053264 0.262835 0.369743 0.0946139 -0.924304 -1.79257
-0.748998 -0.121792 -0.651282 4.7229 -0.192727 0.980505 0.0382849 0.270986 0.633923 0.154195 -0.757869 -1.81709
-0.468189 -0.0413304 -0.882661 4.92556 -0.205235 0.976674 0.0631302 0.253033 0.859464 0.21071 -0.465751 -1.82688
-0.100688 -0.0608195 -0.993057 5.15352 -0.0991512 0.993774 -0.0508103 0.284398 0.989965 0.0933469 -0.106091 -1.66273
0.247415 -0.110337 -0.962607 5.16568 0.0207796 0.993871 -0.108579 0.339799 0.968687 0.00686157 0.248191 -1.14841
0.338821 -0.151702 -0.92854 5.23182 0.0438561 0.988389 -0.145477 0.358328 0.939828 0.00856867 0.34154 -0.780321
0.621779 -0.109986 0.775431 2.34575 -0.0862978 0.97444 0.207411 0.147279 -0.778424 -0.195882 0.596395 -0.422359
0.580557 -0.208694 0.78702 2.47831 0.0601464 0.974945 0.214159 0.115596 -0.811995 -0.0769951 0.578564 -0.515722
0.46365 -0.240743 0.852685 2.63661 0.0634947 0.968932 0.239038 0.111124 -0.883741 -0.0566892 0.464531 -0.561779
0.617561 -0.357026 0.700822 2.97101 0.0297443 0.901002 0.432795 0.226239 -0.78596 -0.246432 0.567043 -0.896119
0.663917 -0.416164 0.621306 3.36568 0.0302719 0.845114 0.533728 0.280508 -0.747193 -0.335543 0.573684 -0.978842
0.797147 -0.444628 0.408488 3.65773 0.208239 0.837492 0.505217 0.241979 -0.566739 -0.317669 0.760193 -0.977018
0.863916 -0.174241 0.472535 3.99443 0.0801402 0.973852 0.212578 0.151974 -0.497219 -0.145781 0.85529 -0.642438
0.974885 -0.165395 0.149147 4.21011 0.135583 0.972042 0.19171 0.17172 -0.176685 -0.166673 0.970053 -0.262582
0.977037 -0.115942 -0.178763 4.36845 0.131701 0.988143 0.078924 0.12976 0.167492 -0.100655 0.980722 0.0534142
0.862836 -0.0719899 -0.500332 4.32872 0.143071 0.984113 0.105131 0.142643 0.484815 -0.162294 0.859427 0.376766
0.700302 -0.313154 -0.641492 4.33511 0.450478 0.890977 0.0568333 0.251819 0.553757 -0.328779 0.765021 0.578523
0.717952 -0.476814 -0.507143 4.26968 0.648416 0.723095 0.238098 0.318109 0.253184 -0.499783 0.828321 0.690294
0.817601 -0.26558 -0.510877 4.13591 0.388445 0.909357 0.148932 0.207743 0.425016 -0.320214 0.846655 1.10673
0.794282 0.0127627 -0.607416 4.09589 0.0994232 0.983571 0.150676 0.0807604 0.599359 -0.180071 0.779963 1.39703
0.572838 -0.0327223 -0.819015 3.91251 0.123151 0.991297 0.0465292 0.10145 0.810364 -0.127516 0.571883 1.56121
0.290089 0.00239595 -0.956997 3.91761 0.0728905 0.997037 0.0245911 0.077808 0.95422 -0.0768896 0.289055 1.73766
-0.0348411 -0.0632559 -0.997389 4.1045 0.189495 0.979473 -0.0687391 0.161489 0.981263 -0.191395 -0.0221393 1.57418
-0.370669 -0.130835 -0.919504 4.20726 0.116299 0.975697 -0.185713 0.171334 0.921455 -0.175775 -0.346445 1.617
-0.646277 -0.285617 -0.707636 4.57717 0.0396964 0.913476 -0.404952 0.251654 0.762069 -0.289802 -0.579021 1.61342
-0.854793 -0.27245 -0.441702 4.67465 -0.0817222 0.911159 -0.403869 0.224224 0.512495 -0.309127 -0.801117 1.53042
-0.943873 -0.27179 -0.187706 4.58668 -0.187001 0.908131 -0.374606 0.239321 0.272275 -0.318479 -0.907985 1.54823
-0.989049 -0.113441 0.0944076 4.42119 -0.129672 0.97341 -0.188834 0.153594 -0.0704758 -0.199008 -0.97746 1.39221
-0.855785 -0.106755 0.506197 4.34907 -0.183418 0.977525 -0.103933 0.144263 -0.483725 -0.18179 -0.856132 1.13651
-0.59029 -0.166149 0.789906 4.27381 -0.268782 0.963199 0.00174056 0.183356 -0.761126 -0.211285 -0.613225 1.06887
-0.294115 -0.156914 0.942801 4.30785 -0.300809 0.951499 0.0645215 0.168414 -0.907199 -0.264626 -0.327051 0.933365
0.0548449 -0.185059 0.981196 4.37871 -0.304347 0.932816 0.192946 0.203084 -0.950981 -0.309206 -0.00516186 0.639686
0.139699 -0.0855247 0.986494 4.52664 -0.219172 0.968881 0.115035 0.156512 -0.965633 -0.232282 0.116607 0.243921
-0.255645 -0.0281106 0.966362 4.69946 -0.141293 0.989931 -0.00858202 0.103445 -0.95639 -0.138734 -0.257043 -0.228169
-0.595517 0.0578023 0.801261 4.70114 -0.0489333 0.992946 -0.107999 0.0991917 -0.801851 -0.103523 -0.588488 -0.470481
-0.901805 -0.0567853 0.428396 4.72518 -0.151733 0.96982 -0.190856 0.168105 -0.404629 -0.237117 -0.883205 -0.575003
-0.97595 -0.187671 0.110912 4.51661 -0.209832 0.946654 -0.244573 0.195128 -0.0590962 -0.261964 -0.963267 -0.658333
-0.956966 -0.108571 -0.269127 4.25287 -0.0282898 0.957864 -0.285826 0.19522 0.288819 -0.265912 -0.919714 -0.888247
-0.747167 -0.0416499 -0.66333 3.75351 0.0800846 0.985121 -0.152061 0.158024 0.659794 -0.166738 -0.732715 -0.925209
-0.487613 -0.142591 -0.861337 3.39551 0.142214 0.960423 -0.239504 0.211236 0.861399 -0.239279 -0.448037 -1.01796
-0.394221 -0.241775 -0.886642 2.81086 0.175175 0.927316 -0.330753 0.226787 0.902166 -0.285708 -0.323215 -0.910755
-0.341439 -0.23379 -0.910364 2.31041 0.198789 0.928698 -0.313056 0.218749 0.918642 -0.287859 -0.270618 -0.756622
-0.492498 -0.255997 -0.831812 1.76972 0.202394 0.895869 -0.395545 0.262337 0.846453 -0.363159 -0.389402 -0.711835
-0.597463 -0.251792 -0.76134 1.08401 0.025685 0.942928 -0.332004 0.25246 0.801485 -0.217915 -0.556898 -0.863546
-0.507541 -0.124627 -0.852567 0.466524 0.101203 0.974012 -0.202627 0.165976 0.855664 -0.189124 -0.481738 -1.21324
-0.183181 -0.0904902 -0.978906 -0.0695269 0.119411 0.986333 -0.113522 0.145137 0.9758 -0.137687 -0.169872 -1.27251
0.169315 -0.0848736 -0.981901 -0.268419 0.18361 0.981559 -0.0531831 0.148866 0.968308 -0.171282 0.181777 -1.23382
0.627023 -0.142328 -0.765889 -0.459649 0.231932 0.972689 0.00912126 0.185106 0.743673 -0.183353 0.642909 -0.941586
0.86759 -0.143453 -0.47614 -0.508717 0.211254 0.973116 0.0917493 0.197425 0.450177 -0.180187 0.87457 -0.877994
0.950695 -0.255952 -0.17512 -0.481968 0.288248 0.937601 0.194468 0.179197 0.114418 -0.235357 0.96515 -0.766144
0.904913 -0.419861 0.0696417 -0.411524 0.363344 0.847343 0.387286 0.237608 -0.221617 -0.325156 0.919326 -0.575909
0.803461 -0.576205 0.149798 -0.544095 0.362031 0.672602 0.645399 0.308289 -0.472636 -0.464321 0.749013 -0.373442
0.735055 -0.672816 0.083743 -0.316168 0.306553 0.439969 0.844069 0.383536 -0.604747 -0.594766 0.529655 -0.0486636
0.73212 -0.673514 -0.101878 -0.0495423 0.473012 0.395047 0.787526 0.392644 -0.490163 -0.624753 0.607802 0.331152
0.744017 -0.627372 -0.229876 0.261209 0.621846 0.524315 0.581723 0.370589 -0.244429 -0.575759 0.780228 0.763866
0.779905 -0.497018 -0.380422 0.268018 0.62004 0.696478 0.361205 0.319139 0.0854307 -0.517582 0.851358 1.15318
0.677604 -0.385576 -0.626247 0.315687 0.445031 0.892912 -0.0682326 0.187411 0.585492 -0.232464 0.776633 1.35345
0.58281 -0.285968 -0.760628 0.292996 0.116235 0.955745 -0.270262 0.124605 0.804253 0.0691 0.590257 1.53004
0.360068 -0.199248 -0.911401 -0.00282938 0.10495 0.979377 -0.172646 0.092845 0.927004 -0.0334874 0.373553 1.86344
0.417073 -0.0850796 -0.904882 -0.119877 0.19522 0.980757 -0.00223399 0.0699026 0.887659 -0.175719 0.425657 2.41766
0.478024 -0.135114 -0.867892 -0.431167 0.272026 0.96229 1.91049e-05 0.0833153 0.835161 -0.236098 0.496753 2.80324
0.674016 -0.0671105 -0.735662 -0.639329 0.193554 0.977117 0.088198 0.0910257 0.712909 -0.201837 0.671582 3.3284
0.707921 -0.135527 -0.693167 -0.805378 0.181727 0.983326 -0.00666289 0.0908485 0.682513 -0.121251 0.720746 3.95196
0.892286 -0.122636 -0.434496 -0.816513 0.20617 0.966874 0.150494 0.126832 0.401647 -0.223864 0.888012 4.40176
0.821939 -0.241664 -0.515766 -0.796919 0.332366 0.93887 0.0897561 0.180936 0.462547 -0.245197 0.852015 4.86823
0.660936 -0.12185 -0.740484 -1.19273 0.194657 0.980794 0.0123516 0.105991 0.724757 -0.152304 0.67196 5.40788
0.69577 -0.161521 -0.699868 -1.39187 0.305517 0.948399 0.0848492 0.160697 0.650049 -0.272857 0.709215 5.97132
0.683349 -0.21798 -0.696792 -1.5593 0.351157 0.934876 0.0519212 0.180784 0.640096 -0.280163 0.715392 6.48313
0.549078 -0.117879 -0.827417 -1.85926 0.314309 0.946452 0.0737397 0.147026 0.774418 -0.300554 0.556726 6.80705
0.237147 -0.068631 -0.969046 -2.00523 0.179411 0.983437 -0.0257444 0.0859497 0.954763 -0.167752 0.245532 6.96725
-0.140597 -0.103743 -0.984617 -2.09524 0.156996 0.979576 -0.12563 0.107878 0.97754 -0.172244 -0.121439 7.13084
-0.39904 -0.127862 -0.907975 -2.30632 0.163675 0.964394 -0.207739 0.125124 0.902207 -0.231509 -0.363904 7.38218
-0.195127 -0.139407 -0.97082 -2.46107 0.106327 0.981006 -0.16224 0.116095 0.974998 -0.134882 -0.176598 7.91892
0.194125 -0.138215 -0.971191 -2.49547 0.164499 0.980592 -0.106672 0.105168 0.967086 -0.139053 0.213094 8.16399
0.515025 -0.0814489 -0.853297 -2.60168 0.240478 0.969227 0.0526311 0.102455 0.822751 -0.232306 0.518763 8.39275
0.706621 -0.00375859 -0.707582 -2.7472 0.115459 0.987196 0.110058 0.0774492 0.698109 -0.159466 0.698007 8.91181
0.860731 -0.166595 -0.481029 -2.8785 0.313006 0.9184 0.242009 0.0841517 0.40146 -0.358869 0.84264 9.08323
0.952266 -0.150058 -0.265844 -3.00771 0.213436 0.949891 0.228366 0.067905 0.218254 -0.274206 0.936577 9.54474
0.956609 -0.0883707 -0.277651 -3.26839 0.166949 0.947209 0.273721 0.056259 0.238804 -0.308197 0.920862 9.73617
0.886531 -0.164519 -0.432431 -3.41635 0.274555 0.939359 0.205487 0.0760876 0.372402 -0.300897 0.87794 10.1515
0.859769 -0.00219117 -0.510678 -3.69453 0.138888 0.963302 0.229696 0.0191766 0.491434 -0.268412 0.828521 10.6999
0.641689 -0.0896257 -0.76171 -3.76998 0.214376 0.974523 0.065931 0.0436297 0.736396 -0.2056 0.644554 11.05
0.575594 -0.254898 -0.776993 -3.87153 0.496969 0.863611 0.0848393 0.100282 0.649395 -0.434975 0.623766 11.4067
0.176453 -0.45053 -0.875149 -3.9253 0.686267 0.69368 -0.218739 0.204652 0.705622 -0.561988 0.431586 11.4961
-0.154999 -0.472113 -0.867805 -3.95382 0.548073 0.689751 -0.473138 0.229654 0.821944 -0.548956 0.151841 11.6846
0.118616 -0.240149 -0.963462 -4.3275 0.416261 0.892958 -0.171328 0.0690317 0.901475 -0.380729 0.205884 12.0562
0.276758 -0.103353 -0.955366 -4.50467 0.10675 0.991352 -0.0763222 -0.054611 0.954992 -0.0808626 0.285397 12.4336
0.387432 -0.0295272 -0.921425 -4.61333 0.00150006 0.999506 -0.0313986 -0.0748293 0.921897 0.0107826 0.387285 12.6721
0.632406 -0.162181 -0.75747 -4.78957 0.209291 0.977244 -0.0345008 0.0117456 0.745829 -0.136713 0.651958 12.9691
0.669471 -0.183934 -0.719706 -4.90852 0.259381 0.965759 -0.00554158 0.030332 0.696082 -0.182968 0.694257 13.4907
0.678125 -0.15814 -0.717731 -5.12078 0.222577 0.974905 -0.00450999 0.0457827 0.700432 -0.156692 0.696306 13.9885
0.818405 -0.198292 -0.539345 -5.19829 0.26532 0.962936 0.0485726 0.0599951 0.509724 -0.182851 0.840683 14.3342
0.883128 -0.33361 -0.329833 -5.30878 0.386291 0.916063 0.107741 0.121462 0.266204 -0.222561 0.937871 14.8633
0.923194 -0.27673 -0.26671 -5.53415 0.311095 0.945541 0.0957656 0.11109 0.225684 -0.171382 0.959007 15.3988
0.922702 -0.245142 -0.297535 -5.7922 0.294112 0.946586 0.132184 0.108131 0.249238 -0.209475 0.945516 16.0672
0.918436 -0.360728 -0.162328 -5.90333 0.388804 0.898791 0.202503 0.16273 0.0728508 -0.2491 0.965734 16.5235
0.935969 -0.124177 -0.329458 -6.20758 0.166815 0.980449 0.104367 0.0903674 0.310057 -0.152643 0.938384 16.9983
0.927418 -0.159785 -0.338177 -6.31098 0.176656 0.98408 0.0194951 0.0865541 0.329678 -0.0778212 0.940881 17.5774
0.891382 0.0769337 -0.446675 -6.51502 -0.0743339 0.996959 0.0233724 -0.0277443 0.447115 0.0123693 0.894391 18.0151
0.652211 0.185727 -0.734933 -6.66554 -0.20736 0.976254 0.0626917 -0.108396 0.729125 0.111507 0.675235 18.1803
0.157856 0.0452521 -0.986425 -6.84403 -0.035953 0.99855 0.0400549 -0.0257633 0.986807 0.0291421 0.159254 18.2202
-0.23891 -0.0865828 -0.967174 -7.03555 0.0296959 0.9949 -0.0964003 0.0680721 0.970588 -0.0517521 -0.23512 18.2108
-0.320697 -0.296724 -0.899504 -7.22998 0.176519 0.914304 -0.36454 0.170741 0.930588 -0.275687 -0.240837 18.3755
-0.322986 -0.357711 -0.876198 -7.33963 0.179668 0.885806 -0.427863 0.192453 0.929193 -0.295619 -0.221834 18.8378
-0.117558 -0.247877 -0.961633 -7.64723 0.157073 0.951516 -0.264471 0.116687 0.980565 -0.182137 -0.0729233 19.4017
0.157719 -0.0914443 -0.983241 -7.77624 0.216743 0.974628 -0.0558763 0.0702541 0.963404 -0.204297 0.173537 20.0689
0.000564425 -0.0488292 -0.998807 -7.87869 0.199872 0.978659 -0.0477312 0.0438939 0.979822 -0.199606 0.0103119 20.579
0.0270774 -0.0333788 -0.999076 -7.98401 0.204965 0.978393 -0.0271327 0.00341041 0.978395 -0.204041 0.0333339 20.852
0.326034 -0.0795403 -0.942006 -8.18896 0.240766 0.970582 0.00137749 0.00257208 0.914185 -0.227252 0.335593 21.339
-0.031973 -0.112645 -0.993121 -8.40353 0.246151 0.962137 -0.117056 0.0288534 0.968704 -0.2482 -0.00303468 21.6325
-0.414137 -0.124062 -0.90172 -8.75819 0.189012 0.957351 -0.218525 0.00175422 0.890374 -0.260935 -0.373025 21.916
-0.662668 -0.201874 -0.721192 -8.8684 0.0155372 0.959072 -0.282737 0.0566057 0.748752 -0.198566 -0.63241 22.1909
-0.420749 -0.149091 -0.894842 -9.32186 0.139422 0.964056 -0.226178 0.0149803 0.896399 -0.219925 -0.384839 22.6535
-0.0506985 -0.168403 -0.984414 -9.39693 0.239402 0.954894 -0.175682 0.0461277 0.969596 -0.244577 -0.00809586 23.0856
0.38396 -0.106313 -0.917209 -9.48491 0.315394 0.948704 0.0220655 0.0187845 0.867815 -0.297754 0.397795 23.4822
0.541916 -0.266965 -0.796904 -9.48764 0.422821 0.906072 -0.0160067 0.0584419 0.726326 -0.328274 0.603894 23.9265
0.391358 -0.310618 -0.866231 -9.61778 0.585367 0.810348 -0.0261138 0.0924666 0.71006 -0.496843 0.498961 24.4918
0.28018 -0.236852 -0.930269 -9.76496 0.364154 0.922873 -0.125292 0.051806 0.888195 -0.303657 0.344821 25.0961
0.43151 -0.165117 -0.886869 -10.004 0.377909 0.925771 0.0115133 0.0194928 0.819136 -0.340123 0.461878 25.6638
0.329793 -0.122266 -0.936102 -10.3616 0.373008 0.927772 0.0102345 0.0194114 0.867238 -0.352549 0.351579 26.2642
0.0823574 -0.187604 -0.978786 -10.6277 0.301095 0.940911 -0.15501 0.0299566 0.950031 -0.281941 0.133978 26.5465
0.157231 -0.0146805 -0.987453 -10.9404 0.207268 0.97811 0.0184614 -0.006799 0.965566 -0.20757 0.156832 27.0014
-0.1201 -0.0345136 -0.992162 -11.0347 0.109179 0.992874 -0.0477544 -0.0115863 0.98674 -0.114058 -0.115476 27.3113
-0.385086 -0.00586603 -0.922862 -11.3809 0.0742704 0.996539 -0.0373254 -0.0185492 0.919887 -0.0829148 -0.383318 27.3609
-0.702956 0.0228136 -0.710868 -11.6314 0.01045 0.999709 0.0217495 -0.040399 0.711157 0.00786032 -0.702989 27.4135
-0.601572 -0.148999 -0.7848 -11.9452 0.0413788 0.975319 -0.216888 0.0316164 0.797746 -0.162947 -0.580559 27.3465
-0.745928 -0.181028 -0.640952 -12.232 -0.0825264 0.980059 -0.180761 0.0532738 0.660893 -0.0819389 -0.745993 27.3209
-0.548399 -0.19533 -0.813084 -12.2726 0.0917043 0.952423 -0.290655 0.0911614 0.831173 -0.233958 -0.504395 27.2098
-0.830594 -0.167983 -0.530939 -12.4767 -0.0382512 0.968376 -0.246544 0.065821 0.555564 -0.184469 -0.810753 26.9723
-0.95519 -0.232334 -0.183391 -12.4455 -0.188774 0.955392 -0.227137 0.107784 0.227982 -0.18234 -0.956439 26.7919
-0.955646 -0.25103 0.154027 -12.3847 -0.279037 0.939047 -0.200823 0.109176 -0.0942258 -0.234895 -0.967443 26.5938
-0.936129 -0.222637 0.272206 -12.4968 -0.255735 0.962321 -0.0924015 0.115408 -0.241377 -0.156112 -0.957792 26.5142
-0.982588 -0.132931 0.129805 -12.3923 -0.156681 0.968334 -0.194374 0.104534 -0.0998565 -0.211328 -0.972301 26.5152
-0.910933 -0.149002 0.384706 -12.432 -0.168932 0.985457 -0.0183268 0.0504088 -0.376381 -0.0816835 -0.922857 26.4833
-0.950049 -0.25373 0.181738 -12.6022 -0.291485 0.929471 -0.226097 0.109272 -0.111553 -0.267777 -0.957001 26.3509
-0.941093 -0.33796 -0.0112791 -12.5999 -0.311867 0.880361 -0.357357 0.171528 0.130702 -0.332789 -0.9339 26.19
-0.915076 -0.305962 -0.262721 -12.9199 -0.172676 0.885985 -0.430365 0.166449 0.364442 -0.348451 -0.863576 26.1064
-0.862024 -0.117193 -0.493134 -12.9432 0.0260372 0.961381 -0.273985 0.0983523 0.506199 -0.249022 -0.825682 26.1221
-0.605415 -0.135274 -0.78433 -13.1724 0.0412676 0.97879 -0.200667 0.0536466 0.794839 -0.153854 -0.586992 26.2922
-0.173245 -0.0415676 -0.984001 -13.2067 0.10859 0.992211 -0.0610329 0.0242755 0.978874 -0.117426 -0.167381 26.3819
0.189808 -0.0218702 -0.981578 -13.1773 0.101677 0.994814 -0.00250381 0.0265093 0.976542 -0.0993284 0.191048 26.2888
0.0392487 -0.255341 -0.966054 -13.2943 0.264838 0.934882 -0.236342 0.0912033 0.963494 -0.246571 0.104317 26.3974
0.43822 -0.255143 -0.861897 -13.2757 0.387838 0.918691 -0.0747644 0.118663 0.810892 -0.301513 0.501542 26.4279
0.49671 -0.375424 -0.782519 -13.5014 0.410105 0.896128 -0.169612 0.179474 0.764913 -0.236667 0.59908 26.3539
0.283551 -0.235656 -0.929551 -13.7917 0.311528 0.939397 -0.143123 0.123409 0.906945 -0.248999 0.33978 26.4552
0.282569 -0.0993834 -0.954085 -14.0078 0.14432 0.987702 -0.0601423 0.0297719 0.948328 -0.120699 0.293437 26.2954
0.290141 -0.097485 -0.952006 -14.0352 0.0353184 0.995211 -0.0911453 -0.00548216 0.956332 -0.00717828 0.292195 26.3614
0.593166 -0.0683925 -0.80217 -14.0924 0.092888 0.995545 -0.0161934 0.0107804 0.799703 -0.0649066 0.596877 26.4424
0.749074 -0.234708 -0.619516 -14.2487 0.386749 0.914174 0.121288 0.141964 0.537878 -0.33045 0.775558 26.4267
0.813724 -0.364407 -0.452835 -14.2114 0.526283 0.792619 0.307867 0.2628 0.246737 -0.488838 0.836755 26.6849
0.912585 -0.331919 -0.238784 -14.4932 0.405396 0.810618 0.422555 0.230813 0.0533081 -0.48242 0.874317 26.7873
0.986722 -0.162267 -0.00698993 -14.4187 0.158823 0.954988 0.250547 0.0356558 -0.0339802 -0.24833 0.968079 26.9607
0.96299 -0.0186747 0.268889 -14.5135 0.00207541 0.998081 0.0618853 -0.0494483 -0.269529 -0.0590369 0.961181 26.8812
0.764074 0.0659455 0.641749 -14.5644 -0.0468343 0.997807 -0.0467722 -0.0906944 -0.643426 0.00568154 0.765487 26.6411
0.447669 0.022223 0.893923 -14.5191 -0.0888783 0.995847 0.0197527 -0.02179 -0.889771 -0.088293 0.447785 26.3435
0.256617 -0.0975208 0.961581 -14.549 -0.219296 0.963074 0.156196 0.0860867 -0.941306 -0.250953 0.225755 26.3807
-0.104523 -0.0513828 0.993194 -14.7578 -0.201875 0.97897 0.0294018 0.0532316 -0.973818 -0.197428 -0.112697 26.4671
0.129314 -0.0789217 0.988458 -15.0424 -0.177741 0.978839 0.101406 0.0665735 -0.975544 -0.188803 0.11255 26.6858
-0.0601179 -0.0820429 0.994814 -15.146 -0.148942 0.986197 0.0723315 0.0271336 -0.987017 -0.143821 -0.0715078 26.7175
0.00867314 -0.144801 0.989423 -15.4163 -0.159047 0.976664 0.144328 0.0843989 -0.987233 -0.158616 -0.0145595 26.9904
0.253702 -0.106876 0.96136 -15.4752 -0.123635 0.982142 0.141814 0.0540914 -0.959348 -0.154836 0.235958 27.26
0.578724 -0.0543085 0.813713 -15.4854 -0.138389 0.97677 0.163615 0.0363714 -0.803696 -0.207297 0.557764 27.5324
0.876855 0.0395353 0.479126 -15.4549 -0.130676 0.978691 0.158394 0.00892698 -0.462654 -0.201499 0.863336 27.9847
0.978149 -0.105485 0.179157 -15.3169 0.0647085 0.973391 0.219826 0.0747482 -0.197578 -0.203429 0.958947 28.218
0.984089 -0.0932413 -0.151245 -15.4742 0.125002 0.968267 0.216411 0.0911263 0.126267 -0.231874 0.964516 28.5934
0.8745 -0.0499958 -0.482442 -15.6233 0.128236 0.983111 0.130568 0.0519746 0.467766 -0.176048 0.866142 28.7785
0.590269 -0.0239379 -0.806852 -15.7405 0.103553 0.993547 0.0462796 0.0313984 0.800537 -0.110869 0.588938 28.8858
0.236264 0.00633333 -0.971668 -15.8702 0.0600737 0.997971 0.0211119 0.0233364 0.96983 -0.0633597 0.235404 28.9484
0.0988754 0.0799555 -0.991882 -16.0747 0.0619023 0.994342 0.0863245 -0.00971524 0.993173 -0.0699351 0.0933665 29.1261
0.0148522 0.125597 -0.99197 -16.3802 -0.0782121 0.989186 0.124074 -0.0576583 0.996826 0.0757413 0.0245148 29.5183
0.318872 0.311498 -0.895148 -16.5017 -0.195957 0.945712 0.259288 -0.121535 0.927319 0.0927309 0.362602 30.0351
0.586458 0.378804 -0.715943 -16.4282 -0.339167 0.917526 0.207635 -0.186783 0.735549 0.121055 0.666568 30.5864
0.808657 0.282233 -0.516157 -16.5119 -0.206606 0.957762 0.200014 -0.0919719 0.550807 -0.0551021 0.832812 30.8079
0.705552 0.0926614 -0.702574 -16.6304 0.0725379 0.976764 0.201669 0.0435989 0.704935 -0.193252 0.682437 31.0366
0.485684 0.00730214 -0.874104 -16.8427 0.201706 0.972043 0.120196 0.094218 0.850544 -0.234689 0.470632 30.8553
0.0877837 0.116273 -0.98933 -16.9982 -0.0592289 0.992017 0.111333 -0.0105197 0.994377 0.0488237 0.0939696 30.7354
-0.26136 0.28683 -0.92164 -17.0595 -0.0838592 0.94447 0.317717 -0.131295 0.961592 0.160326 -0.222793 30.5712
-0.447828 0.364823 -0.816305 -17.0203 -0.0657677 0.897057 0.436993 -0.209969 0.891698 0.249384 -0.377734 30.7295
-0.405397 0.316332 -0.857664 -17.151 0.00412202 0.938842 0.344325 -0.325649 0.914131 0.136053 -0.381907 31.0337
-0.3001 -0.00757254 -0.953878 -17.2039 0.191248 0.979187 -0.067942 -0.275967 0.93454 -0.202816 -0.292406 31.1959
-0.356705 -0.117456 -0.926804 -17.2729 0.201389 0.959072 -0.199056 -0.359916 0.912252 -0.257652 -0.318451 31.425
-0.280144 0.150559 -0.948078 -17.5233 0.0504525 0.988568 0.142081 -0.532011 0.958631 -0.00802992 -0.284537 31.521
-0.219762 0.277754 -0.935178 -17.9385 -0.0308435 0.956155 0.291232 -0.774378 0.975066 0.092846 -0.20156 31.6138
0.125479 0.409882 -0.903467 -18.0145 -0.199417 0.902498 0.381746 -0.811229 0.971848 0.132266 0.194982 31.7593
0.390414 0.515529 -0.762762 -18.0563 -0.399461 0.841318 0.364162 -0.852362 0.829462 0.16252 0.534397 31.7993
0.759769 0.362039 -0.540073 -17.888 -0.379762 0.92132 0.0833638 -0.973261 0.527761 0.141762 0.83748 31.9944
0.900795 0.381415 -0.207585 -17.7987 -0.38748 0.921796 0.0122684 -0.981633 0.19603 0.0693836 0.97814 32.0289
0.948654 0.289388 0.127708 -17.9377 -0.296729 0.954021 0.0423686 -1.04997 -0.109576 -0.078088 0.990906 32.0581
0.96566 0.258594 0.0250868 -17.9635 -0.257415 0.96537 -0.0424041 -1.25423 -0.0351836 0.0344902 0.998786 32.3445
0.982521 0.185931 -0.00905505 -18.1038 -0.18614 0.981844 -0.0365369 -1.36952 0.00209729 0.0375838 0.999291 32.5493
0.913968 0.292371 -0.281393 -18.3151 -0.307184 0.951607 -0.00900543 -1.41734 0.265143 0.0946702 0.95955 32.6997
0.887104 0.189804 -0.420739 -18.3181 -0.261594 0.957753 -0.119494 -1.58173 0.380283 0.216066 0.899277 32.9716
0.89121 0.275897 -0.360035 -18.4893 -0.291327 0.95655 0.0118764 -1.73099 0.347669 0.0943035 0.932863 33.2018
0.9061 0.233221 -0.352975 -18.6732 -0.210966 0.972277 0.100854 -1.7441 0.366711 -0.0169181 0.930181 33.1979
0.943842 -0.0112491 -0.330207 -18.7746 0.0976717 0.964252 0.24633 -1.63602 0.315631 -0.264748 0.9112 33.1359
0.926123 0.0764945 -0.369384 -18.7457 -0.00082169 0.97963 0.200808 -1.67942 0.37722 -0.18567 0.907321 33.2531
0.87008 0.21912 -0.441528 -18.8315 -0.157803 0.972441 0.171631 -1.94924 0.466968 -0.0796583 0.880679 33.7027
0.689741 0.237863 -0.68387 -19.0012 -0.141664 0.970578 0.194705 -2.05771 0.710062 -0.0374165 0.703144 33.8697
0.338152 0.365825 -0.867079 -18.9401 -0.231991 0.925324 0.299925 -2.12141 0.912049 0.0997339 0.397768 33.9798
0.137944 0.401016 -0.905626 -18.9695 -0.186456 0.908533 0.373902 -2.29937 0.972731 0.117282 0.200098 34.1665
-0.0588226 0.385511 -0.920826 -18.8091 -0.142354 0.909757 0.389971 -2.33493 0.988066 0.154022 0.00136485 34.4015
-0.0390766 0.334467 -0.941597 -18.7837 -0.10693 0.935506 0.336741 -2.58864 0.993498 0.113844 -0.000791777 34.8105
0.026422 0.319967 -0.94706 -19.0687 -0.11368 0.942207 0.315155 -2.7552 0.993166 0.0993351 0.0612689 35.0765
0.395365 0.26084 -0.88071 -19.1185 -0.0817573 0.965019 0.249107 -2.86722 0.914878 -0.0264839 0.40286 35.3882
0.614596 0.0873401 -0.783992 -19.3536 0.0654963 0.98477 0.161052 -2.93883 0.786118 -0.150331 0.599516 35.562
0.663244 0.0384282 -0.747416 -19.6016 0.0858934 0.988173 0.127027 -3.11723 0.743458 -0.148448 0.652099 35.9055
0.755317 0.15978 -0.635584 -19.6733 -0.068377 0.983744 0.166046 -3.3026 0.651783 -0.0819582 0.753964 36.2852
0.85601 0.278271 -0.435674 -19.7849 -0.256463 0.960334 0.109481 -3.50232 0.448858 0.0180173 0.893421 36.4839
0.942901 0.245243 -0.225377 -19.7168 -0.250697 0.968055 0.00455063 -3.67283 0.219293 0.0522105 0.974261 36.7844
0.940482 0.323123 0.10529 -19.6639 -0.312163 0.943845 -0.108213 -3.82587 -0.134343 0.0689052 0.988536 36.9762
0.842217 0.383222 0.379224 -19.5111 -0.314762 0.920575 -0.231227 -3.87371 -0.437716 0.0753783 0.895948 37.045
0.815121 0.3931 0.425499 -19.4345 -0.243123 0.898843 -0.364655 -3.90837 -0.525803 0.193789 0.828237 37.1554
0.861746 0.35448 0.362958 -19.5776 -0.254764 0.921022 -0.294642 -4.01353 -0.438737 0.161438 0.883995 37.6813
0.626022 0.362153 0.69061 -19.4351 -0.0912432 0.913553 -0.396354 -4.01429 -0.774449 0.185113 0.604948 37.8148
0.23181 0.43591 0.869624 -19.4207 0.0726599 0.883719 -0.462343 -4.03239 -0.970044 0.170363 0.173182 37.8266
-0.187739 0.442734 0.876778 -19.4897 0.229767 0.887679 -0.39904 -4.02018 -0.954967 0.126539 -0.268378 37.7631
-0.521852 0.293818 0.800838 -19.6049 0.151768 0.955811 -0.251779 -3.96205 -0.839426 -0.00985007 -0.543384 37.7943
-0.509911 0.0267535 0.859811 -19.6278 -0.114515 0.988509 -0.0986711 -3.85997 -0.852571 -0.148775 -0.500988 37.8702
-0.640043 -0.218308 0.736672 -19.655 -0.450729 0.883161 -0.129889 -3.71977 -0.622244 -0.415174 -0.663659 37.9513
-0.820136 -0.28981 0.493343 -19.6905 -0.477262 0.822086 -0.310476 -3.7021 -0.315592 -0.490087 -0.812537 37.922
-0.852546 -0.423007 0.306971 -19.6842 -0.522213 0.713514 -0.467109 -3.67989 -0.0214375 -0.558536 -0.829203 37.9477
-0.762116 -0.436897 0.477808 -19.5569 -0.631176 0.665741 -0.398002 -3.6891 -0.144211 -0.604905 -0.783131 37.9046
-0.63553 -0.303399 0.709965 -19.4345 -0.545826 0.826915 -0.135223 -3.70425 -0.546055 -0.473455 -0.691133 37.7046
-0.625966 -0.136113 0.76788 -19.1895 -0.356076 0.925904 -0.126144 -3.75273 -0.693813 -0.352386 -0.628051 37.6004
-0.382613 -0.0898732 0.919527 -19.2777 -0.250542 0.968058 -0.009633 -3.79246 -0.88929 -0.234065 -0.392908 37.3903
-0.422733 0.0426442 0.905251 -19.0311 -0.173922 0.976507 -0.127219 -3.84115 -0.889409 -0.211223 -0.405385 37.2058
-0.31789 -0.053284 0.946629 -19.0553 -0.240866 0.970203 -0.026275 -3.68092 -0.917022 -0.236364 -0.321252 36.7537
-0.526856 -0.11576 0.842034 -18.9637 -0.369773 0.923233 -0.104443 -3.63215 -0.765304 -0.366388 -0.529216 36.5655
-0.807435 -0.0206269 0.589596 -18.9698 -0.19785 0.95098 -0.23768 -3.5419 -0.555792 -0.308563 -0.771935 36.3851
-0.841375 0.0690706 0.53602 -19.1882 -0.0191994 0.987354 -0.157365 -3.43464 -0.54011 -0.142695 -0.829409 36.0552
-0.768755 -0.00351592 0.639533 -19.2262 -0.114004 0.984722 -0.131625 -3.2836 -0.6293 -0.174097 -0.757411 35.7891
-0.514432 -0.0757454 0.854179 -19.3312 -0.224683 0.973198 -0.0490164 -3.15099 -0.827573 -0.217135 -0.517663 35.5158
-0.185782 -0.0591611 0.980808 -19.3093 -0.24824 0.968631 0.0114058 -3.0713 -0.950717 -0.241357 -0.19464 35.4376
0.145831 -0.0441659 0.988323 -19.1107 -0.227901 0.970635 0.0770031 -2.99312 -0.962702 -0.236469 0.131483 35.3788
0.179359 -0.0363868 0.98311 -19.1015 -0.22077 0.97234 0.0762655 -2.80012 -0.958692 -0.23072 0.166365 35.0356
-0.0291326 -0.07997 0.996371 -18.9069 -0.334979 0.939936 0.0656461 -2.653 -0.941775 -0.331851 -0.0541711 34.7914
-0.224429 -0.22431 0.948323 -18.819 -0.405645 0.906332 0.118378 -2.59132 -0.886049 -0.358115 -0.294398 34.6558
-0.461279 -0.226443 0.857872 -18.7924 -0.331406 0.940876 0.0701557 -2.46349 -0.823038 -0.251943 -0.509051 34.3107
-0.629909 -0.381203 0.676682 -18.7513 -0.513772 0.857912 0.00503689 -2.35116 -0.582454 -0.344488 -0.736258 34.2843
-0.653341 -0.301851 0.694285 -18.6792 -0.428035 0.903708 -0.00989238 -2.22914 -0.624445 -0.303642 -0.719632 34.0312
-0.645436 -0.283154 0.709392 -18.4387 -0.444711 0.894408 -0.0476144 -2.04752 -0.621003 -0.346206 -0.703204 33.8516
-0.704553 -0.169693 0.689064 -18.2767 -0.278372 0.959253 -0.0483975 -1.94247 -0.652774 -0.225914 -0.723083 33.4926
-0.838028 -0.21225 0.502652 -18.1569 -0.282348 0.956995 -0.0666347 -1.75662 -0.466892 -0.197765 -0.861917 33.2482
-0.736448 -0.307804 0.602412 -18.2204 -0.380503 0.92475 0.00733882 -1.56163 -0.55934 -0.223815 -0.798151 32.8761
-0.467322 -0.300703 0.831377 -18.0551 -0.348609 0.926861 0.139283 -1.51665 -0.812454 -0.224736 -0.53797 32.7623
-0.16113 -0.272052 0.948696 -17.9171 -0.232436 0.944678 0.231422 -1.40396 -0.959172 -0.183222 -0.215451 32.7796
0.186791 -0.246234 0.95104 -17.8301 -0.18173 0.94271 0.279771 -1.32993 -0.965445 -0.225091 0.131342 32.6143
0.155931 -0.195891 0.968149 -17.6018 -0.217056 0.949386 0.227054 -1.17433 -0.963624 -0.245547 0.10552 32.4081
0.122124 -0.322212 0.938757 -17.5303 -0.310659 0.885902 0.344484 -0.94887 -0.942643 -0.333703 0.00809201 32.1042
0.0857027 -0.232289 0.968864 -17.2104 -0.306964 0.918981 0.247482 -0.88455 -0.947855 -0.318616 0.00745485 32.0195
-0.242037 -0.311696 0.918838 -17.164 -0.346706 0.912256 0.218135 -0.703581 -0.906208 -0.26577 -0.328867 31.8596
-0.494601 -0.302777 0.814676 -17.2757 -0.379091 0.918646 0.111267 -0.561091 -0.782087 -0.253803 -0.569143 31.4535
-0.653989 -0.256886 0.711554 -17.1186 -0.370483 0.928825 -0.00518609 -0.413136 -0.659576 -0.26701 -0.702613 31.2405
-0.83628 -0.323634 0.442602 -17.2189 -0.389553 0.918761 -0.0642388 -0.38852 -0.385856 -0.226138 -0.894414 31.14
-0.936965 -0.0991565 0.335058 -17.1992 -0.161759 0.973042 -0.164386 -0.276951 -0.309726 -0.208222 -0.927747 30.645
-0.765727 -0.139378 0.627882 -16.9696 -0.242707 0.966678 -0.0814076 -0.109398 -0.595613 -0.214728 -0.774039 30.647
-0.746458 -0.0395849 0.664254 -16.4319 -0.195 0.967419 -0.16148 0.0319971 -0.63622 -0.250067 -0.729857 30.422
-0.474939 -0.127352 0.870755 -16.1666 -0.254671 0.967024 0.00252616 0.069274 -0.842363 -0.220556 -0.491711 30.4304
-0.125595 -0.159923 0.979107 -15.9313 -0.296153 0.947966 0.116847 0.0883437 -0.946847 -0.27529 -0.166421 30.5058
0.253974 -0.123147 0.959339 -15.7884 -0.209781 0.961237 0.178927 0.0655732 -0.944187 -0.246694 0.218295 30.6126
0.550577 -0.206421 0.80886 -15.6118 -0.0833629 0.950506 0.299313 0.1025 -0.830612 -0.232224 0.506119 30.6893
0.687479 -0.169807 0.706072 -15.3718 -0.0642701 0.954236 0.292067 0.0919184 -0.723354 -0.246169 0.645104 30.8349
0.773428 -0.129986 0.620413 -15.3433 -0.0711595 0.954758 0.288746 0.0554309 -0.629877 -0.267472 0.729187 31.071
0.897556 -0.215233 0.384796 -15.1305 0.0881518 0.942732 0.321693 0.0586174 -0.431998 -0.254817 0.865128 31.1976
0.950964 -0.128314 0.281431 -15.0274 0.0279772 0.941844 0.334884 0.0193658 -0.308034 -0.310589 0.89925 31.6775
0.979192 -0.140901 -0.14605 -14.934 0.169702 0.963177 0.208547 0.0174626 0.111287 -0.228992 0.967046 32.0582
0.874152 -0.168342 -0.455543 -15.1632 0.284296 0.937864 0.198963 0.0121185 0.393744 -0.303433 0.867695 32.3338
0.584923 -0.219425 -0.780844 -15.4307 0.375568 0.926558 0.020963 -0.00161004 0.718898 -0.305522 0.624374 32.566
0.324653 -0.166687 -0.93103 -15.5647 0.299077 0.951934 -0.0661404 -0.000626548 0.897304 -0.256976 0.3589 32.7629
0.107698 -0.0203838 -0.993975 -15.8874 0.240168 0.970712 0.00611569 -0.0507363 0.964738 -0.23938 0.109439 32.8954
-0.196716 -0.145601 -0.969589 -16.0109 0.166684 0.96955 -0.179413 -0.00537116 0.966188 -0.196908 -0.166457 33.2064
0.0273622 -0.0332415 -0.999073 -16.3552 0.209066 0.977534 -0.026799 -0.0411227 0.977519 -0.208139 0.0336972 33.4163
0.0851899 -0.0357369 -0.995724 -16.5743 0.128006 0.991467 -0.0246325 -0.0351305 0.988108 -0.12536 0.0890376 33.82
0.336116 0.110827 -0.935277 -16.8847 0.20196 0.961471 0.18651 -0.0848585 0.919912 -0.251577 0.300783 34.0945
0.469901 -0.104143 -0.876554 -16.8661 0.263706 0.96423 0.0268067 -0.0236694 0.842409 -0.243749 0.480556 34.4717
0.731838 -0.134021 -0.668171 -16.9247 0.318906 0.933842 0.161984 -0.0324184 0.602256 -0.331629 0.726161 34.7969
0.802179 -0.244857 -0.544568 -16.9456 0.347854 0.932932 0.09293 -0.00688568 0.48529 -0.263977 0.833552 35.2858
0.903007 -0.215605 -0.371609 -17.0417 0.316605 0.918638 0.23636 0.0030616 0.290413 -0.331087 0.897798 35.8259
0.821394 -0.230555 -0.521686 -17.1476 0.318127 0.94436 0.0835378 -0.00267292 0.4734 -0.23458 0.849037 36.2891
0.640403 -0.230843 -0.732527 -17.4563 0.349008 0.937068 0.009815 -0.0239302 0.684162 -0.261943 0.680668 36.7541
0.447596 -0.211941 -0.868757 -17.6789 0.374092 0.926791 -0.0333621 -0.0136724 0.812228 -0.310062 0.494113 37.2799
0.125179 -0.219861 -0.967466 -18.0293 0.236236 0.953695 -0.186166 -0.0120427 0.963599 -0.205246 0.171322 37.6962
-0.154836 -0.0912253 -0.983719 -18.2487 0.200908 0.972013 -0.121762 -0.055076 0.967296 -0.21649 -0.132175 37.7746
-0.41994 -0.0604055 -0.905539 -18.6631 0.0794087 0.99151 -0.102966 -0.0760493 0.904071 -0.115147 -0.411578 37.89
-0.75754 -0.112952 -0.642943 -18.7743 -0.0523223 0.992254 -0.11267 -0.0575076 0.650689 -0.0517119 -0.757581 37.8441
-0.920404 -0.0836781 -0.381909 -18.986 0.0261592 0.961458 -0.273704 -0.0899587 0.390093 -0.261909 -0.882741 37.5902
-0.984607 -0.168774 -0.0454355 -19.1623 -0.159013 0.972881 -0.167982 -0.0865548 0.0725545 -0.158172 -0.984742 37.4131
-0.923686 -0.261107 0.280405 -19.2231 -0.297268 0.950105 -0.0945149 -0.0502678 -0.241736 -0.170657 -0.955217 37.3174
-0.801859 -0.244087 0.545384 -19.1343 -0.304222 0.952369 -0.0210532 -0.0272285 -0.514268 -0.182799 -0.837922 36.8707
-0.579563 -0.358763 0.731707 -19.1416 -0.361283 0.917936 0.163911 0.183744 -0.730466 -0.169357 -0.661618 36.3999
-0.408581 -0.426509 0.806939 -19.0702 -0.512997 0.838554 0.183471 0.394204 -0.754914 -0.338995 -0.561415 36.1908
-0.19043 -0.37156 0.908669 -19.1173 -0.367658 0.885237 0.284928 0.568195 -0.910255 -0.279821 -0.305182 35.8356
-0.0340018 -0.307227 0.951029 -18.9556 -0.361666 0.890869 0.274862 0.721858 -0.931688 -0.334609 -0.141405 35.5954
0.298634 -0.19346 0.934554 -19.0544 -0.238691 0.932978 0.269406 0.81274 -0.924037 -0.303523 0.232441 35.44
0.413328 0.0987049 0.905217 -19.2517 -0.141202 0.98903 -0.0433702 0.683381 -0.899568 -0.109892 0.422731 35.4255
0.0633719 0.243625 0.967797 -19.3028 -0.0446146 0.969468 -0.241124 0.609541 -0.996992 -0.0278974 0.0723063 35.2022
-0.355276 0.144906 0.923462 -19.2322 0.022045 0.988936 -0.146698 0.779047 -0.934501 -0.0317606 -0.35454 34.7583
-0.637392 0.112619 0.762265 -19.2294 -0.0275247 0.985302 -0.168587 0.959461 -0.770048 -0.128437 -0.624924 34.4283
-0.593435 -0.0542859 0.803049 -19.2336 -0.186287 0.979896 -0.0714211 1.1929 -0.783027 -0.191981 -0.591618 34.1617
-0.56941 -0.132885 0.811242 -18.9865 -0.266574 0.963369 -0.0293044 1.3837 -0.777631 -0.232943 -0.583976 34.0272
-0.336726 -0.255487 0.906279 -18.6909 -0.439161 0.894003 0.0888567 1.52571 -0.832918 -0.368082 -0.413234 34.1644
-0.173697 -0.319492 0.931533 -18.6485 -0.385843 0.892365 0.234113 1.53269 -0.906065 -0.318761 -0.278275 34.0965
-0.325339 -0.243248 0.913775 -18.5315 -0.279413 0.947926 0.152857 1.70888 -0.903373 -0.20559 -0.376364 33.802
-0.610121 -0.110602 0.78455 -18.5827 -0.163015 0.986547 0.0123059 1.70523 -0.775357 -0.120386 -0.619943 33.4354
-0.581501 -0.0957488 0.807892 -18.3114 -0.142443 0.989693 0.014768 1.92463 -0.800979 -0.106491 -0.589146 33.1794
-0.139942 -0.103329 0.984754 -18.0404 -0.110391 0.989968 0.0881882 1.98585 -0.983987 -0.0963671 -0.149944 33.2303
0.207185 -0.0494817 0.97705 -17.8414 -0.0599097 0.996204 0.0631557 2.08695 -0.976466 -0.0716196 0.203434 33.1765
0.192839 -0.0321744 0.980703 -17.5383 -0.122322 0.990878 0.0565608 2.22724 -0.973576 -0.130868 0.187145 33.0483
-0.155559 -0.144461 0.977206 -17.4376 -0.106245 0.985957 0.128842 2.35448 -0.982096 -0.0837806 -0.168723 32.6457
-0.368473 -0.042128 0.928683 -17.2973 -0.130795 0.991385 -0.00692291 2.48728 -0.920391 -0.124018 -0.370809 32.3547
-0.719599 -0.0486351 0.692685 -17.4254 -0.0936691 0.995225 -0.0274314 2.59132 -0.688043 -0.0846228 -0.720719 32.1237
-0.862328 -0.0980004 0.496776 -17.6513 -0.0606622 0.99402 0.0907929 2.73655 -0.502703 0.0481578 -0.863117 31.9331
-0.936736 -0.098314 0.335947 -17.6293 -0.0626917 0.991349 0.11531 2.77232 -0.344377 0.0869539 -0.934796 31.8092
-0.852123 -0.173151 0.493867 -17.5133 -0.156138 0.984817 0.075878 2.93868 -0.499506 -0.0124537 -0.866221 31.6206
-0.892402 -0.0625588 0.446883 -17.2397 -0.0184523 0.994574 0.102381 3.02892 -0.450864 0.0831192 -0.888714 31.4114
-0.938411 -0.00783639 0.345433 -17.329 0.0372734 0.991613 0.123753 3.16136 -0.343506 0.129007 -0.930248 31.1593
-0.989512 0.0592362 0.131745 -17.0268 0.0696191 0.994701 0.0756512 3.33332 -0.126565 0.0840297 -0.988393 31.1016
-0.984531 0.160685 -0.0698511 -16.9896 0.155286 0.984873 0.0768835 3.4313 0.0811485 0.0648472 -0.99459 30.7854
-0.907825 0.14333 -0.394095 -16.8288 0.0949271 0.98562 0.139794 3.54761 0.408464 0.0894979 -0.908376 30.7342
-0.686178 0.224573 -0.691901 -16.8148 0.152513 0.974427 0.165023 3.6289 0.711266 0.00771115 -0.70288 30.8061
-0.333276 0.245825 -0.910218 -16.8543 0.0456887 0.968488 0.244834 3.63908 0.941722 0.0400105 -0.334005 30.8471
0.0184547 0.267046 -0.963507 -16.6648 -0.051633 0.96264 0.265817 3.62788 0.998496 0.0448432 0.0315536 30.754
0.15978 0.215354 -0.963376 -16.3283 -0.102338 0.974269 0.200816 3.66326 0.981834 0.0665038 0.177708 30.6676
0.0700525 0.306221 -0.949379 -16.2231 -0.216736 0.933655 0.285157 3.59876 0.973714 0.185788 0.131774 30.6233
0.038424 0.302943 -0.952234 -16.2232 -0.222925 0.93152 0.287358 3.60607 0.974078 0.201236 0.103326 30.6155
-0.997829 0.00989749 0.0651112 -134.759 0.00198261 0.992709 -0.120517 11.1629 -0.0658293 -0.120127 -0.990574 2.12329
-0.997866 0.0602604 0.0251384 -134.585 0.0576737 0.993964 -0.0933242 11.0681 -0.0306104 -0.0916752 -0.995318 1.79587
-0.971392 0.087502 -0.220775 -134.552 0.106653 0.991361 -0.0763474 11.1462 0.212187 -0.0977095 -0.972332 1.17188
-0.855875 0.234827 -0.460798 -134.702 0.198313 0.971884 0.126939 11.035 0.477651 0.0172616 -0.87838 0.473595
-0.729896 0.319572 -0.604256 -134.935 0.230594 0.947282 0.222448 11.0588 0.643489 0.0230254 -0.765109 -0.116063
-0.482815 0.266576 -0.834163 -135.124 0.122984 0.963742 0.236803 11.1067 0.867044 0.0117429 -0.498094 -0.404501
-0.173223 0.340008 -0.924331 -135.341 -0.0380175 0.935511 0.351245 11.0984 0.984149 0.0959846 -0.149126 -0.503781
0.248368 0.318397 -0.914842 -135.364 -0.130361 0.946831 0.294139 11.1431 0.959854 0.0462055 0.276669 -0.533422
