1 5.25317e-05 0.00064942 4.31925e-05 -5.25401e-05 1 1.29611e-05 -9.07632e-06 -0.000649419 -1.29952e-05 1 4.03141e-06
0.901775 -0.00955291 -0.432101 4.8346 0.00085053 0.999793 -0.0203284 0.219603 0.432206 0.0179642 0.901596 0.267152
0.847664 -0.0335972 -0.529469 5.59229 0.0176636 0.999227 -0.0351266 0.224443 0.53024 0.0204232 0.847602 0.668331
0.921249 -0.070184 -0.382589 6.38244 0.0265114 0.992629 -0.118255 0.224425 0.388069 0.0987994 0.91632 1.41608
0.9568 -0.09127 -0.27605 7.43332 0.0785328 0.995288 -0.0568728 0.26271 0.27994 0.0327369 0.959459 1.81464
0.848001 -0.0534229 -0.527296 8.45762 0.0358148 0.998409 -0.0435561 0.248978 0.528784 0.0180506 0.848565 2.26393
0.556557 -0.0643224 -0.828316 9.18529 0.0886793 0.995902 -0.0177514 0.292159 0.826063 -0.0635748 0.559981 3.09755
0.163735 -0.0637567 -0.984442 9.29626 0.257427 0.966096 -0.0197525 0.401777 0.952325 -0.250188 0.174597 3.34536
-0.237625 0.0269813 -0.970982 9.55245 0.298451 0.953289 -0.0465492 0.453777 0.924371 -0.300852 -0.234577 3.82041
-0.553096 0.00943259 -0.833064 9.60603 0.218079 0.96671 -0.133843 0.478812 0.804069 -0.255702 -0.53674 4.13307
-0.545757 -0.00203004 -0.837941 9.65461 0.0687458 0.996518 -0.0471888 0.404533 0.835119 -0.0833585 -0.543717 4.82261
-0.603043 0.0823047 -0.793452 10.0319 0.0395207 0.996524 0.0733327 0.289805 0.796729 0.012865 -0.604199 4.77866
-0.866651 0.111471 -0.486302 10.1587 0.0607202 0.991041 0.118957 0.246774 0.495206 0.0735658 -0.865655 4.54406
-0.992377 0.0214575 -0.121353 10.0794 0.0143697 0.998156 0.0589821 0.226948 0.122395 0.0567887 -0.990855 4.22176
-0.976272 -0.00406482 0.21651 9.6572 -0.00110749 0.999904 0.0137787 0.281643 -0.216545 0.013212 -0.976183 3.64471
-0.819627 -0.00473623 0.572878 9.32537 0.0492719 0.995678 0.0787261 0.256584 -0.570774 0.0927528 -0.815851 3.15954
-0.587899 -0.014851 0.808798 8.75611 0.00672304 0.999707 0.0232433 0.281721 -0.808906 0.0191023 -0.587627 2.3582
-0.574256 -0.0473777 0.817304 8.13629 -0.0609391 0.998028 0.0150369 0.310538 -0.816405 -0.0411707 -0.576011 1.59601
-0.834346 -0.0153927 0.551027 7.57369 -0.0131392 0.999881 0.00803634 0.3081 -0.551085 -0.000534956 -0.834449 0.706324
-0.958874 -0.0441243 0.28038 6.95527 -0.0289946 0.997902 0.0578842 0.271458 -0.282346 0.0473742 -0.958142 -0.152948
-0.815816 0.00413344 0.578296 6.24242 0.0128421 0.999857 0.01097 0.242136 -0.578168 0.016376 -0.815753 -0.787164
-0.906087 -0.0222904 0.422503 5.17701 -0.00414575 0.999031 0.043816 0.250149 -0.42307 0.0379495 -0.905302 -1.19126
-0.995635 -0.00447701 0.0932214 4.48901 0.000408074 0.99863 0.0523181 0.252903 -0.0933279 0.0521278 -0.99427 -1.67385
-0.922503 -0.0843434 -0.376663 4.56665 -0.113229 0.992036 0.0551739 0.249134 0.36901 0.093547 -0.924706 -1.78577
-0.747214 -0.115847 -0.654409 4.72016 -0.188294 0.981244 0.0412916 0.255025 0.637352 0.154075 -0.755012 -1.81838
-0.46935 -0.0343449 -0.882344 4.91529 -0.20443 0.976322 0.0707404 0.232491 0.859022 0.213579 -0.465258 -1.81832
-0.104063 -0.060431 -0.992733 5.14966 -0.0946239 0.994226 -0.0506029 0.265289 0.990059 0.0886704 -0.10918 -1.65571
0.245994 -0.112161 -0.96276 5.17043 0.0221545 0.993673 -0.110102 0.326277 0.969018 0.00575492 0.246922 -1.14335
0.337867 -0.15151 -0.928919 5.23786 0.043238 0.988415 -0.145487 0.347805 0.9402 0.00899054 0.340503 -0.7732
0.622172 -0.109783 0.775145 2.34869 -0.0873766 0.974195 0.208108 0.138107 -0.777989 -0.197209 0.596525 -0.416826
0.581028 -0.208116 0.786825 2.48098 0.0585507 0.974938 0.214635 0.106807 -0.811775 -0.07864 0.578652 -0.510021
0.464347 -0.239674 0.852607 2.63948 0.0615795 0.969094 0.238882 0.102274 -0.88351 -0.058421 0.464755 -0.556276
0.617967 -0.356455 0.700754 2.97405 0.0281524 0.900775 0.433373 0.216304 -0.7857 -0.248082 0.566684 -0.890186
0.664232 -0.41573 0.62126 3.36855 0.0288609 0.84473 0.534413 0.270237 -0.746969 -0.337044 0.573095 -0.972621
0.797338 -0.444379 0.408387 3.66031 0.207227 0.837099 0.506283 0.231602 -0.566841 -0.31905 0.759538 -0.970412
0.863896 -0.174236 0.472574 3.99665 0.0794078 0.973641 0.213815 0.142038 -0.497372 -0.147187 0.85496 -0.63542
0.974144 -0.166994 0.152171 4.21041 0.136573 0.97181 0.192182 0.161854 -0.179974 -0.166431 0.96949 -0.252604
0.977157 -0.117599 -0.177014 4.36911 0.133582 0.987704 0.0812244 0.120355 0.165286 -0.103015 0.980851 0.0623748
0.863651 -0.0677264 -0.49952 4.33106 0.139288 0.984416 0.107354 0.132198 0.484464 -0.162294 0.859625 0.385411
0.702708 -0.308981 -0.640884 4.33805 0.447019 0.89252 0.0598421 0.241246 0.553512 -0.328539 0.765302 0.586997
0.721209 -0.473512 -0.505613 4.27299 0.644883 0.725471 0.240453 0.30783 0.25295 -0.499478 0.828576 0.698799
0.819656 -0.261357 -0.509761 4.13888 0.384464 0.910659 0.151288 0.198072 0.424678 -0.319989 0.846909 1.11525
0.795012 0.0174529 -0.606343 4.09837 0.0955048 0.983518 0.153531 0.0712354 0.599029 -0.179968 0.780241 1.40559
0.573781 -0.0279471 -0.818532 3.91515 0.120266 0.991459 0.0504538 0.0927896 0.81013 -0.127391 0.572242 1.56983
0.290849 0.00721257 -0.956742 3.92022 0.0713869 0.997021 0.0292178 0.0691214 0.954102 -0.0767968 0.289468 1.7463
-0.0336387 -0.0582974 -0.997732 4.10734 0.189523 0.979812 -0.0636401 0.151822 0.9813 -0.191234 -0.0219109 1.58285
-0.369549 -0.125976 -0.920632 4.21037 0.118012 0.976382 -0.180976 0.161194 0.921687 -0.175525 -0.345954 1.62522
-0.644555 -0.281482 -0.710856 4.58245 0.0424195 0.915163 -0.400846 0.240063 0.76338 -0.288522 -0.577933 1.61768
-0.854317 -0.268764 -0.444869 4.6797 -0.0781427 0.912614 -0.401285 0.212793 0.513845 -0.308061 -0.800663 1.5341
-0.944311 -0.267747 -0.191279 4.59228 -0.182356 0.909693 -0.373101 0.227997 0.273902 -0.317442 -0.907859 1.55144
-0.989553 -0.110364 0.0927623 4.42533 -0.126301 0.973891 -0.188641 0.144307 -0.0695212 -0.198386 -0.977655 1.39653
-0.85548 -0.106324 0.506802 4.35181 -0.183271 0.977516 -0.104283 0.137316 -0.484319 -0.182094 -0.855732 1.14204
-0.5901 -0.166223 0.790033 4.27622 -0.269319 0.96305 0.00146345 0.176584 -0.761084 -0.211907 -0.613063 1.0749
-0.293337 -0.157424 0.942959 4.31048 -0.300346 0.951583 0.0654325 0.162804 -0.907605 -0.26402 -0.326416 0.936438
0.0552986 -0.184507 0.981274 4.38105 -0.303276 0.933243 0.192567 0.198165 -0.951297 -0.308245 -0.0043495 0.642717
0.140108 -0.0838505 0.986579 4.52877 -0.218042 0.969334 0.11335 0.152424 -0.96583 -0.230997 0.117529 0.246885
-0.255036 -0.0264583 0.96657 4.7019 -0.139083 0.990234 -0.00959195 0.0982736 -0.956877 -0.13688 -0.256225 -0.22428
-0.594994 0.0583177 0.801611 4.70452 -0.0482137 0.992978 -0.108026 0.0929752 -0.802283 -0.102924 -0.588005 -0.466393
-0.901439 -0.0567504 0.42917 4.73002 -0.151681 0.96993 -0.190338 0.161883 -0.405463 -0.236675 -0.882941 -0.572733
-0.975751 -0.188307 0.111583 4.5229 -0.210593 0.946626 -0.244029 0.188864 -0.0596749 -0.261611 -0.963327 -0.65809
-0.95768 -0.108285 -0.266691 4.25782 -0.0288328 0.957967 -0.285427 0.190471 0.286388 -0.265658 -0.920547 -0.886464
-0.748441 -0.0412663 -0.661916 3.75705 0.0800018 0.985156 -0.151878 0.157452 0.658358 -0.166626 -0.73403 -0.925235
-0.488871 -0.143211 -0.860521 3.3977 0.1422 0.960157 -0.240578 0.215066 0.860688 -0.239978 -0.449028 -1.01918
-0.395207 -0.245921 -0.885062 2.81136 0.174082 0.925988 -0.335026 0.23446 0.901946 -0.286478 -0.323146 -0.913271
-0.341309 -0.235252 -0.910036 2.312 0.198441 0.928317 -0.314404 0.22224 0.918765 -0.287897 -0.270159 -0.756511
-0.491536 -0.258061 -0.831743 1.77092 0.202505 0.895034 -0.397373 0.265779 0.846985 -0.363755 -0.387683 -0.709968
-0.597228 -0.251577 -0.761596 1.08547 0.027839 0.942462 -0.333153 0.255641 0.801589 -0.22017 -0.55586 -0.854477
-0.512245 -0.126373 -0.849491 0.468441 0.104568 0.972579 -0.207739 0.168567 0.85245 -0.195242 -0.484984 -1.20331
-0.187189 -0.0931302 -0.977899 -0.0649289 0.122149 0.985563 -0.117242 0.144833 0.9747 -0.141395 -0.17311 -1.26769
0.165683 -0.0875065 -0.982289 -0.263261 0.186803 0.980808 -0.0558664 0.147766 0.968325 -0.174238 0.17885 -1.23063
0.624337 -0.145006 -0.767578 -0.45481 0.235529 0.971835 0.00798291 0.183905 0.744801 -0.185771 0.640906 -0.939966
0.866469 -0.146455 -0.477265 -0.501777 0.21418 0.972603 0.0903852 0.195139 0.450952 -0.180537 0.874099 -0.879021
0.949709 -0.258693 -0.176441 -0.474807 0.291209 0.936789 0.193968 0.176905 0.11511 -0.235594 0.96501 -0.767017
0.903957 -0.422191 0.0679499 -0.404427 0.366058 0.84612 0.387405 0.23542 -0.221053 -0.325324 0.919402 -0.57661
0.802647 -0.577931 0.147487 -0.537231 0.36447 0.670973 0.645722 0.305627 -0.472143 -0.464532 0.749193 -0.374161
0.734486 -0.673777 0.0809609 -0.30968 0.308795 0.438062 0.844244 0.381518 -0.604298 -0.595085 0.529809 -0.049236
0.731002 -0.67432 -0.104537 -0.0432529 0.475229 0.393148 0.787142 0.391318 -0.489687 -0.625082 0.607848 0.330748
0.742329 -0.628572 -0.232046 0.26735 0.624063 0.522539 0.580946 0.370088 -0.243914 -0.576064 0.780164 0.763642
0.778027 -0.498634 -0.382149 0.274349 0.622305 0.695057 0.360044 0.318495 0.0860849 -0.517937 0.851076 1.15307
0.675716 -0.387883 -0.626861 0.322497 0.446976 0.891802 -0.0700092 0.18677 0.586191 -0.232886 0.775979 1.35348
0.581626 -0.288813 -0.76046 0.300049 0.11798 0.954915 -0.272429 0.123766 0.804855 0.0687328 0.589477 1.53018
0.358783 -0.202058 -0.911289 0.00402558 0.106065 0.978791 -0.175266 0.0911088 0.927375 -0.0337733 0.372605 1.8633
0.415569 -0.0877322 -0.905321 -0.11353 0.196484 0.980495 -0.00482541 0.0679144 0.888086 -0.175875 0.424701 2.41741
0.476373 -0.13752 -0.868422 -0.425235 0.273346 0.961913 -0.00238089 0.0804614 0.835674 -0.236246 0.495819 2.80263
0.672699 -0.069678 -0.736628 -0.633993 0.195496 0.976916 0.0861223 0.0875986 0.713623 -0.201942 0.670792 3.32757
0.70663 -0.138394 -0.693917 -0.800722 0.183926 0.982901 -0.00873376 0.0873942 0.68326 -0.121458 0.720002 3.95097
0.890597 -0.12829 -0.436324 -0.81264 0.21194 0.96592 0.148595 0.127053 0.40239 -0.224813 0.887435 4.4012
0.81981 -0.246016 -0.517096 -0.793758 0.336399 0.937672 0.0872207 0.179911 0.463409 -0.245455 0.851472 4.86746
0.65957 -0.124707 -0.741226 -1.18967 0.196775 0.980396 0.0101514 0.101258 0.725429 -0.15255 0.671179 5.4065
0.69417 -0.1639 -0.700902 -1.38945 0.307624 0.94788 0.0830156 0.154927 0.650765 -0.273242 0.70841 5.96982
0.681627 -0.22032 -0.697742 -1.55749 0.353241 0.93419 0.0501006 0.174593 0.640785 -0.280621 0.714595 6.48145
0.54735 -0.120241 -0.828221 -1.85781 0.315882 0.946108 0.0714026 0.140235 0.775001 -0.300703 0.555834 6.8049
0.235665 -0.0713368 -0.969213 -2.00381 0.180237 0.983209 -0.028542 0.0788324 0.954975 -0.167962 0.244566 6.96481
-0.14213 -0.108689 -0.983863 -2.09462 0.157106 0.978877 -0.130834 0.102218 0.977301 -0.173166 -0.122052 7.12741
-0.401424 -0.137199 -0.905558 -2.30673 0.161431 0.962639 -0.217408 0.121462 0.901554 -0.233458 -0.364278 7.38027
-0.196483 -0.143295 -0.96998 -2.46028 0.105918 0.980373 -0.166285 0.109282 0.97477 -0.13541 -0.177449 7.91628
0.192616 -0.140927 -0.971102 -2.49528 0.165137 0.980174 -0.109489 0.0968085 0.967279 -0.139275 0.21207 8.16121
0.513466 -0.0839703 -0.853992 -2.60174 0.242005 0.968974 0.0502307 0.0936573 0.823278 -0.232462 0.517856 8.38985
0.705612 -0.00617426 -0.708571 -2.74723 0.117336 0.987175 0.108244 0.0679254 0.698816 -0.15952 0.697288 8.9089
0.859154 -0.16949 -0.482833 -2.87926 0.316266 0.917642 0.240642 0.0749637 0.402282 -0.359452 0.842 9.07992
0.951056 -0.154252 -0.267766 -3.00942 0.218 0.949044 0.227579 0.0591328 0.219017 -0.274813 0.936221 9.54104
0.95536 -0.0944151 -0.279952 -3.2707 0.173436 0.946335 0.272709 0.0471189 0.23918 -0.309089 0.920465 9.73238
0.885393 -0.167175 -0.433742 -3.41795 0.277493 0.938677 0.204653 0.0650019 0.372931 -0.301559 0.877488 10.1472
0.858591 -0.00375524 -0.512647 -3.6936 0.14072 0.963291 0.228624 0.00686145 0.492969 -0.268434 0.827602 10.6963
0.640498 -0.0919149 -0.76244 -3.77264 0.216061 0.974277 0.0640523 0.0315464 0.73694 -0.205759 0.643881 11.046
0.573532 -0.256836 -0.777879 -3.87486 0.49861 0.86287 0.082728 0.0879946 0.649961 -0.435305 0.622945 11.4024
0.17427 -0.451099 -0.875294 -3.92857 0.686191 0.693161 -0.220613 0.192133 0.706238 -0.562173 0.430337 11.4912
-0.156927 -0.473024 -0.866961 -3.95897 0.548172 0.688483 -0.474868 0.215829 0.821512 -0.549763 0.151257 11.68
0.116578 -0.24224 -0.963187 -4.33152 0.416652 0.892264 -0.173973 0.0553182 0.90156 -0.381032 0.204948 12.0513
0.275706 -0.107189 -0.955247 -4.50842 0.107813 0.990941 -0.0800769 -0.0688452 0.955177 -0.0809104 0.284765 12.4288
0.386611 -0.0318854 -0.921692 -4.61711 0.00248377 0.999435 -0.033533 -0.0893089 0.92224 0.010675 0.386471 12.6674
0.631038 -0.164861 -0.758032 -4.79418 0.211181 0.97676 -0.0366304 -0.00298199 0.746454 -0.136967 0.651188 12.9639
0.668001 -0.186568 -0.720394 -4.91373 0.261396 0.965202 -0.0075834 0.0153242 0.696741 -0.183242 0.693523 13.4854
0.676875 -0.160628 -0.718358 -5.12656 0.224506 0.974452 -0.00634909 0.030248 0.701025 -0.156978 0.695645 13.9828
0.817417 -0.201034 -0.539829 -5.20327 0.268059 0.962228 0.0475615 0.044357 0.509877 -0.183584 0.84043 14.329
0.88221 -0.335558 -0.330312 -5.31588 0.388329 0.915243 0.107385 0.105007 0.266282 -0.223006 0.937743 14.8582
0.921978 -0.279952 -0.26755 -5.54124 0.314351 0.944549 0.0949212 0.0928894 0.226141 -0.17162 0.958857 15.3937
0.921155 -0.24915 -0.298994 -5.79949 0.298404 0.945323 0.131606 0.0876289 0.249856 -0.210451 0.945136 16.0622
0.916752 -0.364219 -0.164042 -5.91175 0.392673 0.897047 0.202766 0.143131 0.0733021 -0.250301 0.965389 16.5178
0.935368 -0.126534 -0.330267 -6.21625 0.169266 0.980079 0.103894 0.071926 0.310542 -0.153082 0.938152 16.9919
0.927936 -0.161547 -0.335912 -6.3217 0.17835 0.983773 0.0195639 0.067893 0.3273 -0.078064 0.94169 17.5724
0.890939 0.0745038 -0.447969 -6.52247 -0.0719466 0.997149 0.02275 -0.0468247 0.448387 0.011961 0.89376 18.0082
0.651924 0.183202 -0.73582 -6.67472 -0.205598 0.976732 0.0610275 -0.12754 0.72988 0.111498 0.674421 18.1731
0.157084 0.042539 -0.986669 -6.85345 -0.0352532 0.998677 0.0374442 -0.0457307 0.986956 0.0289013 0.158376 18.2128
-0.23842 -0.0903962 -0.966946 -7.04509 0.0294524 0.994528 -0.100237 0.0445897 0.970716 -0.0523773 -0.234452 18.203
-0.319841 -0.300503 -0.898554 -7.23993 0.176434 0.912893 -0.3681 0.145532 0.930899 -0.27627 -0.238962 18.3675
-0.321104 -0.361496 -0.875336 -7.34903 0.180571 0.883956 -0.431296 0.166282 0.92967 -0.296551 -0.218566 18.8298
-0.116843 -0.249593 -0.961276 -7.65479 0.157008 0.951092 -0.266033 0.0977718 0.980661 -0.182012 -0.0719407 19.3969
0.155478 -0.0906853 -0.983668 -7.78674 0.218746 0.974217 -0.0552391 0.0483065 0.963315 -0.206585 0.171306 20.0617
-6.96033e-05 -0.0493935 -0.998779 -7.89011 0.200653 0.978466 -0.0484029 0.022955 0.979662 -0.200411 0.00984282 20.5733
0.0265734 -0.0361743 -0.998992 -7.99423 0.204355 0.978437 -0.0299941 -0.0177676 0.978536 -0.203352 0.0333928 20.8446
0.323406 -0.0811188 -0.942777 -8.2004 0.240554 0.970635 -0.00099726 -0.0199228 0.915173 -0.226467 0.333422 21.3291
-0.0341619 -0.11418 -0.992873 -8.4178 0.246713 0.961744 -0.119089 0.00637432 0.968486 -0.249022 -0.00468539 21.6228
-0.414966 -0.12731 -0.900886 -8.76696 0.188721 0.956583 -0.222109 -0.0286974 0.890049 -0.262184 -0.372924 21.9081
-0.663136 -0.2066 -0.719421 -8.87941 0.0132785 0.957754 -0.287282 0.0238739 0.748381 -0.20006 -0.632378 22.1831
-0.421005 -0.151747 -0.894275 -9.33146 0.140609 0.963071 -0.229617 -0.0152889 0.896094 -0.222413 -0.384121 22.6449
-0.0506485 -0.169203 -0.984279 -9.40511 0.241316 0.954268 -0.176462 0.0208554 0.969124 -0.24646 -0.00750078 23.0762
0.380674 -0.106827 -0.918518 -9.50297 0.316314 0.948427 0.0207889 -0.00428646 0.868926 -0.298454 0.394832 23.4724
0.542741 -0.268486 -0.795831 -9.50069 0.423094 0.905925 -0.0170865 0.037115 0.725551 -0.327438 0.605277 23.9183
