1 1.5037e-05 -0.00012635 -1.1646e-05 -1.50323e-05 1 3.76131e-05 1.26736e-06 0.00012635 -3.76112e-05 1 -8.58617e-06
0.901422 -0.00960484 -0.432836 4.83433 0.0008974 0.999793 -0.020317 0.219803 0.432941 0.0179258 0.901244 0.270868
0.847239 -0.0336504 -0.530146 5.5917 0.0177093 0.999226 -0.035123 0.224679 0.530917 0.020369 0.847179 0.672651
0.920934 -0.0702999 -0.383325 6.38125 0.0265556 0.992629 -0.118244 0.224711 0.388812 0.0987155 0.916013 1.42104
0.956569 -0.0913324 -0.27683 7.4318 0.0785748 0.995286 -0.0568564 0.263045 0.280718 0.0326351 0.959235 1.82044
0.847607 -0.0534681 -0.527924 8.45588 0.0358713 0.998408 -0.0435256 0.249389 0.52941 0.0179553 0.848176 2.27006
0.555895 -0.0643585 -0.828757 9.18297 0.0887376 0.995896 -0.0178166 0.292645 0.826503 -0.0636378 0.559324 3.1042
0.162983 -0.0636094 -0.984576 9.29348 0.257446 0.96609 -0.0197982 0.402229 0.952448 -0.250249 0.173833 3.35269
-0.238388 0.0271738 -0.97079 9.54931 0.298452 0.953286 -0.0466045 0.454241 0.924174 -0.300844 -0.235362 3.82794
-0.553749 0.00959998 -0.832628 9.60262 0.218066 0.966707 -0.133882 0.479287 0.803622 -0.255705 -0.537407 4.14063
-0.546416 -0.0020025 -0.837511 9.65065 0.0687373 0.996516 -0.0472289 0.405027 0.834688 -0.0833749 -0.544375 4.83022
-0.603619 0.0822539 -0.793019 10.0283 0.0395342 0.996528 0.0732703 0.290391 0.796292 0.0128759 -0.604775 4.78596
-0.867027 0.111363 -0.485657 10.1553 0.0606943 0.99105 0.118897 0.247368 0.494551 0.0736099 -0.866026 4.55146
-0.992471 0.021362 -0.120604 10.0762 0.0143226 0.998159 0.0589358 0.227526 0.121641 0.0567647 -0.99095 4.22911
-0.976106 -0.00412698 0.217256 9.65442 -0.00116714 0.999905 0.0137503 0.282175 -0.217292 0.0131682 -0.976018 3.65173
-0.819235 -0.00486573 0.573438 9.32318 0.049239 0.995674 0.0787933 0.256954 -0.57134 0.0927857 -0.815451 3.1657
-0.587344 -0.0149403 0.8092 8.75455 0.00670793 0.999705 0.0233265 0.282148 -0.80931 0.0191287 -0.58707 2.3639
-0.573414 -0.0474789 0.817889 8.13539 -0.0610122 0.998022 0.0151606 0.311041 -0.81699 -0.0412079 -0.575177 1.60117
-0.833705 -0.0156545 0.551988 7.57384 -0.0134128 0.999877 0.00809848 0.308626 -0.552047 -0.000651951 -0.833812 0.710782
-0.958554 -0.0446282 0.281394 6.95655 -0.029513 0.997896 0.0577285 0.271821 -0.283379 0.0470311 -0.957854 -0.149314
-0.814826 0.0033147 0.579696 6.24479 0.0119588 0.999867 0.0110922 0.241923 -0.579582 0.0159706 -0.814757 -0.784567
-0.905278 -0.0234234 0.424173 5.18044 -0.00532334 0.999026 0.0438065 0.248872 -0.424786 0.037399 -0.904521 -1.19079
-0.995473 -0.00584585 0.0948677 4.49373 -0.000920016 0.998653 0.051884 0.250599 -0.0950432 0.0515619 -0.994137 -1.67495
-0.922887 -0.0859714 -0.375352 4.57196 -0.114391 0.991964 0.0540546 0.246804 0.367688 0.0928232 -0.925305 -1.78701
-0.747768 -0.118031 -0.653384 4.72602 -0.1894 0.981104 0.039527 0.252752 0.636373 0.153308 -0.755994 -1.82038
-0.469826 -0.0348197 -0.882072 4.92881 -0.20469 0.976286 0.0704872 0.230882 0.8587 0.213668 -0.465812 -1.82574
-0.103443 -0.0603434 -0.992803 5.16677 -0.0941937 0.994266 -0.050618 0.264094 0.990165 0.0882797 -0.108534 -1.66226
0.246023 -0.111996 -0.962772 5.1916 0.0229191 0.993696 -0.109736 0.325658 0.968993 0.00493174 0.247039 -1.14919
0.340065 -0.150907 -0.928215 5.24683 0.0426175 0.988499 -0.145095 0.34845 0.939436 0.00978344 0.342585 -0.776681
0.622777 -0.109404 0.774713 2.34992 -0.0874052 0.974249 0.207845 0.138518 -0.777502 -0.197155 0.597177 -0.415224
0.581724 -0.208015 0.786337 2.48126 0.0586358 0.974955 0.214533 0.106832 -0.81127 -0.0786918 0.579352 -0.508614
0.465051 -0.239589 0.852246 2.63991 0.0616339 0.969108 0.23881 0.10233 -0.883136 -0.0585318 0.465452 -0.554707
0.618672 -0.356212 0.700256 2.97466 0.0282523 0.900819 0.433276 0.21635 -0.785142 -0.248271 0.567375 -0.888387
0.664903 -0.415413 0.620755 3.36924 0.0289487 0.844783 0.534326 0.270262 -0.746369 -0.337305 0.573724 -0.970475
0.79785 -0.444087 0.407703 3.66101 0.207292 0.83714 0.506189 0.2316 -0.566096 -0.319349 0.759968 -0.968021
0.86435 -0.174118 0.471786 3.99705 0.0794836 0.973656 0.213719 0.141966 -0.49657 -0.147229 0.855419 -0.632749
0.974289 -0.166897 0.151347 4.21047 0.136635 0.971819 0.192089 0.161705 -0.179141 -0.166471 0.969637 -0.249837
0.977004 -0.117606 -0.177854 4.36897 0.133666 0.987698 0.0811504 0.120131 0.166122 -0.103057 0.980705 0.0651516
0.863177 -0.0680677 -0.500292 4.33149 0.139821 0.984344 0.107314 0.131651 0.485155 -0.162582 0.859181 0.386434
0.702006 -0.309264 -0.641516 4.33816 0.447643 0.892215 0.0597302 0.240656 0.553898 -0.329101 0.764781 0.588568
0.720624 -0.473558 -0.506402 4.27299 0.645413 0.724996 0.240465 0.307218 0.253266 -0.500123 0.82809 0.700297
0.819097 -0.26166 -0.510504 4.13861 0.385119 0.91038 0.151302 0.197535 0.425162 -0.320536 0.84646 1.11669
0.794489 0.0170029 -0.607041 4.09795 0.0962136 0.983458 0.153469 0.0707868 0.599609 -0.180335 0.77971 1.40704
0.573081 -0.0284417 -0.819005 3.91459 0.120923 0.991392 0.0501851 0.0922981 0.810528 -0.127797 0.571587 1.57113
0.290065 0.00667506 -0.956984 3.91953 0.0719319 0.996995 0.028757 0.0686999 0.9543 -0.0771791 0.288713 1.74761
-0.0345881 -0.0586508 -0.997679 4.10681 0.189764 0.97973 -0.0641745 0.151434 0.98122 -0.191543 -0.0227572 1.58349
-0.370383 -0.12642 -0.920236 4.20987 0.118067 0.976252 -0.181636 0.160849 0.921345 -0.175924 -0.346661 1.62575
-0.64545 -0.282392 -0.709682 4.58252 0.0419536 0.914634 -0.402101 0.239815 0.762649 -0.28931 -0.578503 1.6169
-0.854576 -0.269653 -0.443832 4.67964 -0.0789049 0.912127 -0.402241 0.212671 0.513297 -0.308725 -0.800759 1.53388
-0.944317 -0.268706 -0.189904 4.59243 -0.18351 0.909144 -0.373873 0.227736 0.273112 -0.318205 -0.90783 1.55067
-0.989412 -0.111232 0.0932238 4.42496 -0.127271 0.973699 -0.188975 0.143886 -0.0697519 -0.198839 -0.977547 1.39709
-0.855553 -0.106641 0.506613 4.3502 -0.183633 0.977439 -0.104364 0.136897 -0.484054 -0.182319 -0.855834 1.14507
-0.589476 -0.166187 0.790506 4.27417 -0.269318 0.96305 0.00163137 0.176115 -0.761568 -0.211936 -0.612452 1.07811
-0.289504 -0.156934 0.944224 4.30404 -0.299579 0.951763 0.0663345 0.161688 -0.909087 -0.263665 -0.322553 0.940006
0.0586772 -0.184371 0.981104 4.37505 -0.302678 0.933248 0.19348 0.197263 -0.951285 -0.308312 -0.0010447 0.645865
0.143141 -0.08452 0.986087 4.52337 -0.217716 0.969251 0.114681 0.151744 -0.965459 -0.231102 0.120338 0.249729
-0.253133 -0.0272018 0.967049 4.69847 -0.13939 0.9902 -0.00863356 0.0979193 -0.957337 -0.136983 -0.254444 -0.220686
-0.59436 0.0577495 0.802123 4.70207 -0.0488078 0.992989 -0.107657 0.0925849 -0.802716 -0.103137 -0.587375 -0.462368
-0.901393 -0.0575535 0.429159 4.72661 -0.152722 0.96969 -0.19073 0.161379 -0.405174 -0.237465 -0.882861 -0.567987
-0.975619 -0.18936 0.110951 4.51843 -0.211524 0.946093 -0.245286 0.188029 -0.0585228 -0.262774 -0.963081 -0.652602
-0.957785 -0.108864 -0.266077 4.25346 -0.0293077 0.957681 -0.286334 0.189066 0.285988 -0.266449 -0.920443 -0.884054
-0.748872 -0.0420256 -0.661381 3.75079 0.0798738 0.984989 -0.153028 0.155181 0.657884 -0.167426 -0.734274 -0.92697
-0.488474 -0.144041 -0.860608 3.38951 0.142306 0.959926 -0.241436 0.211936 0.860896 -0.240405 -0.448401 -1.02512
-0.391401 -0.247381 -0.886345 2.80129 0.174217 0.925849 -0.33534 0.230492 0.903578 -0.285669 -0.31928 -0.922821
-0.340767 -0.236772 -0.909844 2.30619 0.198209 0.927922 -0.315712 0.218002 0.919016 -0.287923 -0.269275 -0.762062
-0.490727 -0.260435 -0.831481 1.76566 0.202035 0.894265 -0.399338 0.260034 0.847566 -0.363955 -0.386223 -0.715673
-0.5968 -0.254506 -0.760957 1.08461 0.0269522 0.94147 -0.336017 0.246015 0.801937 -0.221045 -0.55501 -0.860365
-0.511251 -0.129671 -0.849593 0.467148 0.103833 0.971991 -0.210835 0.153553 0.853136 -0.196005 -0.483467 -1.20875
-0.185183 -0.0949399 -0.978107 -0.0669042 0.12252 0.985326 -0.118837 0.124999 0.975036 -0.141844 -0.170833 -1.27199
0.167951 -0.0886716 -0.981799 -0.265417 0.187577 0.980625 -0.0564778 0.12657 0.967785 -0.174678 0.18133 -1.2344
0.626468 -0.145257 -0.765793 -0.456514 0.236116 0.971685 0.00884691 0.161676 0.742824 -0.186358 0.643027 -0.943205
0.868781 -0.144007 -0.473794 -0.50445 0.212265 0.972722 0.0935688 0.170233 0.447396 -0.181861 0.87565 -0.881697
0.950676 -0.256476 -0.174456 -0.479679 0.288812 0.93706 0.196228 0.152046 0.113148 -0.236934 0.964914 -0.770312
0.904881 -0.42008 0.0687292 -0.411398 0.363472 0.846565 0.388864 0.210639 -0.221538 -0.326894 0.918728 -0.580668
0.803783 -0.576059 0.148624 -0.545221 0.361729 0.671561 0.646651 0.281486 -0.472319 -0.466006 0.748167 -0.378667
0.735526 -0.672424 0.0827439 -0.317782 0.305982 0.43867 0.844952 0.357392 -0.604463 -0.596166 0.528403 -0.0537797
0.732322 -0.673148 -0.102844 -0.052039 0.472625 0.393715 0.788425 0.367186 -0.490236 -0.625987 0.606473 0.326239
0.743829 -0.627309 -0.230655 0.25784 0.621862 0.523071 0.582824 0.345928 -0.244962 -0.576957 0.779175 0.7592
0.779614 -0.498297 -0.379345 0.262167 0.62071 0.695283 0.362353 0.294895 0.0831931 -0.517959 0.851351 1.14816
0.679512 -0.387562 -0.622944 0.307953 0.446877 0.892043 -0.0675246 0.163321 0.581863 -0.232496 0.779347 1.34813
0.586203 -0.287079 -0.757596 0.283603 0.118715 0.955458 -0.270198 0.100572 0.801419 0.068453 0.594173 1.52434
0.364059 -0.200869 -0.909457 -0.011002 0.107367 0.979008 -0.173252 0.0689894 0.925167 -0.0345714 0.377983 1.85902
0.420748 -0.0873729 -0.90296 -0.125549 0.197665 0.980266 -0.00274816 0.0470117 0.885381 -0.177328 0.429715 2.4138
0.481326 -0.137517 -0.865687 -0.435098 0.274359 0.961627 -0.00021236 0.0607531 0.832498 -0.237407 0.500585 2.80069
0.676881 -0.0694435 -0.73281 -0.640925 0.195969 0.976611 0.0884658 0.0692421 0.709527 -0.203489 0.674658 3.32672
0.710638 -0.137711 -0.689949 -0.804383 0.184312 0.982847 -0.00633416 0.0702501 0.678987 -0.122664 0.723831 3.9508
0.893426 -0.128018 -0.430583 -0.814196 0.21132 0.965623 0.151381 0.109162 0.396401 -0.226238 0.889765 4.39921
0.823163 -0.245883 -0.511804 -0.792382 0.336061 0.937521 0.0900985 0.163682 0.457674 -0.246163 0.854364 4.86609
0.663876 -0.124171 -0.737462 -1.1852 0.197262 0.980271 0.012524 0.087594 0.721358 -0.153788 0.675272 5.40857
0.698576 -0.164118 -0.696461 -1.38274 0.307834 0.947593 0.0854725 0.142671 0.645934 -0.274103 0.712487 5.97277
0.686146 -0.220524 -0.693234 -1.54827 0.35361 0.933895 0.0529134 0.162906 0.635739 -0.281441 0.718768 6.48598
0.55201 -0.120595 -0.82507 -1.8455 0.316657 0.945678 0.0736344 0.130421 0.771371 -0.301911 0.560211 6.81055
0.241048 -0.0707461 -0.967931 -1.98987 0.182182 0.982908 -0.0264712 0.0692642 0.953261 -0.169959 0.249816 6.97199
-0.139382 -0.108448 -0.984282 -2.06946 0.15783 0.978845 -0.130199 0.0980031 0.97758 -0.173497 -0.119317 7.13506
-0.397397 -0.136895 -0.907378 -2.28479 0.162986 0.962559 -0.216602 0.115753 0.903057 -0.233967 -0.360206 7.39163
-0.192814 -0.142718 -0.970801 -2.43598 0.10677 0.98044 -0.165341 0.104372 0.975409 -0.135533 -0.173805 7.92697
0.198057 -0.140316 -0.970095 -2.47481 0.166677 0.980108 -0.107735 0.0908499 0.965915 -0.140355 0.217505 8.17096
0.518273 -0.0839323 -0.851087 -2.58022 0.242849 0.96865 0.0523576 0.0884549 0.820011 -0.233821 0.522408 8.40003
0.708571 -0.0060305 -0.705613 -2.71826 0.116585 0.987221 0.108637 0.068636 0.695941 -0.159241 0.70022 8.92053
0.861637 -0.171613 -0.47763 -2.84697 0.31558 0.918206 0.239388 0.0749996 0.397481 -0.356997 0.845318 9.08887
0.952548 -0.156815 -0.260886 -2.97171 0.218002 0.949618 0.225168 0.0577598 0.212432 -0.271357 0.938743 9.54755
0.956194 -0.0934475 -0.277419 -3.23299 0.172069 0.946099 0.274388 0.0452211 0.236825 -0.310104 0.920733 9.74403
0.887012 -0.166389 -0.430726 -3.37878 0.27574 0.939103 0.205069 0.0636882 0.370375 -0.300667 0.878876 10.1562
0.859288 -0.00328389 -0.511482 -3.65372 0.140112 0.963242 0.229203 0.00704319 0.491928 -0.268617 0.828162 10.7128
0.643752 -0.0918294 -0.759705 -3.7365 0.215737 0.974283 0.0650429 0.0333515 0.734194 -0.205768 0.647007 11.0636
0.57772 -0.258119 -0.774348 -3.83712 0.499017 0.862431 0.0848235 0.0903409 0.645927 -0.435417 0.627049 11.4194
0.180717 -0.4548 -0.872066 -3.89085 0.686898 0.692957 -0.219046 0.194755 0.703926 -0.559435 0.43763 11.5068
-0.153115 -0.475104 -0.866505 -3.92212 0.548616 0.688441 -0.474415 0.219451 0.821934 -0.548019 0.155239 11.6962
0.122074 -0.243234 -0.962255 -4.29054 0.417982 0.89194 -0.172434 0.0592789 0.900216 -0.381156 0.21055 12.0704
0.2796 -0.106438 -0.954199 -4.46433 0.108402 0.990981 -0.0787768 -0.0641021 0.953977 -0.0814115 0.288616 12.4487
0.387582 -0.0309539 -0.921315 -4.57157 0.00135519 0.999454 -0.0330091 -0.0861064 0.921834 0.0115452 0.387412 12.6842
0.635169 -0.16426 -0.754705 -4.74779 0.211593 0.976748 -0.0345085 0.00328402 0.742825 -0.137771 0.655157 12.986
0.672081 -0.186247 -0.716672 -4.86449 0.261747 0.965122 -0.00535244 0.0228545 0.692673 -0.183989 0.69739 13.5083
0.680989 -0.16019 -0.714558 -5.07472 0.224931 0.974366 -0.00406975 0.0385079 0.696893 -0.157954 0.699565 14.0064
0.818221 -0.20013 -0.538946 -5.15544 0.267652 0.962268 0.0490201 0.0468035 0.5088 -0.184359 0.840913 14.3511
0.884112 -0.334855 -0.325912 -5.26886 0.387195 0.915437 0.109799 0.107916 0.261585 -0.223266 0.939002 14.8816
0.923849 -0.278787 -0.26226 -5.48866 0.312858 0.944751 0.0978003 0.0997699 0.220505 -0.172403 0.960029 15.4189
0.922657 -0.248163 -0.295158 -5.74019 0.296952 0.945548 0.133265 0.0991966 0.246014 -0.210606 0.946109 16.0894
0.917357 -0.364079 -0.160944 -5.84806 0.391767 0.897397 0.20297 0.155051 0.0705335 -0.249248 0.965868 16.5444
0.936627 -0.126106 -0.326845 -6.15831 0.168449 0.98015 0.104548 0.0770284 0.307173 -0.152979 0.939277 17.016
0.928291 -0.160344 -0.335507 -6.26342 0.177735 0.983842 0.021567 0.0730009 0.326628 -0.0796517 0.941791 17.5962
0.891859 0.0762565 -0.445839 -6.46285 -0.0727594 0.997037 0.0249851 -0.0413291 0.446423 0.0101557 0.894765 18.0324
0.653635 0.184361 -0.734011 -6.61772 -0.206088 0.976582 0.0617663 -0.12499 0.728209 0.110898 0.676323 18.1969
