1 -0.000546052 0.000129994 1.05168e-05 0.000546087 1 -0.000272583 -2.72647e-05 -0.000129845 0.000272654 1 2.24635e-05
0.901525 -0.0101677 -0.432608 4.8343 0.00127541 0.999782 -0.0208404 0.222402 0.432725 0.0182363 0.901341 0.269726
0.847361 -0.034213 -0.529914 5.59176 0.018026 0.9992 -0.0356871 0.227583 0.530711 0.0206877 0.8473 0.671327
0.921018 -0.0708461 -0.383023 6.3815 0.026964 0.992558 -0.118751 0.22783 0.388586 0.0990443 0.916074 1.41951
0.956595 -0.0919045 -0.276548 7.43213 0.0790443 0.995222 -0.0573207 0.266644 0.280495 0.0329731 0.959289 1.81866
0.847693 -0.0540543 -0.527726 8.45618 0.0361884 0.99837 -0.044132 0.253418 0.529251 0.0183128 0.848268 2.26853
0.556021 -0.0649401 -0.828627 9.18341 0.0887616 0.995881 -0.0184875 0.296832 0.826415 -0.0632708 0.559496 3.10254
0.163079 -0.0642424 -0.984519 9.29413 0.257234 0.966133 -0.0204336 0.40643 0.952489 -0.24992 0.174081 3.35047
-0.238315 0.0265412 -0.970825 9.55004 0.298017 0.953398 -0.0470916 0.458443 0.924333 -0.300545 -0.235119 3.82567
-0.553669 0.00895903 -0.832689 9.60343 0.217481 0.966794 -0.134205 0.483418 0.803836 -0.2554 -0.537232 4.13836
-0.546244 -0.00261528 -0.837622 9.65168 0.0681475 0.996541 -0.047553 0.408955 0.834849 -0.0830574 -0.544177 4.82791
-0.603483 0.0816689 -0.793183 10.0291 0.038901 0.996572 0.0730133 0.294478 0.796427 0.0132067 -0.604591 4.78413
-0.86696 0.110797 -0.485905 10.156 0.0600114 0.991089 0.118916 0.2516 0.494751 0.0739357 -0.865884 4.54959
-0.992454 0.0207801 -0.120848 10.0769 0.013689 0.998151 0.0592149 0.231824 0.121855 0.0571137 -0.990903 4.22724
-0.976152 -0.00472708 0.217039 9.65498 -0.00167831 0.999897 0.0142293 0.286427 -0.217084 0.0135257 -0.976059 3.64998
-0.819346 -0.00536274 0.573275 9.32348 0.0489354 0.995653 0.0792541 0.260743 -0.571208 0.0929899 -0.815521 3.16454
-0.587511 -0.0159019 0.80906 8.75453 0.00685795 0.999673 0.0246284 0.286828 -0.809187 0.0200179 -0.58721 2.36273
-0.573605 -0.0486243 0.817688 8.13492 -0.0600558 0.998046 0.0172205 0.317394 -0.816928 -0.0392291 -0.575405 1.60001
-0.833827 -0.0178545 0.551736 7.57282 -0.0143498 0.99984 0.0106688 0.317689 -0.551839 0.000978586 -0.83395 0.709657
-0.958445 -0.0488579 0.281063 6.95511 -0.0336064 0.997702 0.0588328 0.282527 -0.283291 0.0469425 -0.957884 -0.150479
-0.814617 -0.00561701 0.579971 6.24354 2.14854e-05 0.999953 0.0097147 0.253393 -0.579999 0.00792623 -0.814579 -0.788212
-0.905892 -0.0292609 0.422496 5.17875 -0.0122069 0.999 0.0430145 0.250885 -0.423332 0.0338091 -0.905343 -1.19269
-0.995622 -0.0109018 0.0928338 4.49067 -0.00612954 0.998652 0.0515375 0.250087 -0.0932706 0.0507429 -0.994347 -1.67354
-0.921638 -0.0898928 -0.377494 4.5681 -0.11881 0.991449 0.0539764 0.249891 0.369414 0.0945968 -0.924438 -1.78352
-0.749583 -0.119596 -0.651016 4.72639 -0.191197 0.980737 0.0399781 0.25829 0.633695 0.15444 -0.75801 -1.80937
-0.468585 -0.0409483 -0.882469 4.92678 -0.204348 0.976857 0.0631794 0.239938 0.859459 0.209936 -0.466109 -1.81793
-0.105668 -0.0628649 -0.992412 5.15301 -0.0941351 0.99415 -0.0529519 0.271563 0.989936 0.0878255 -0.110968 -1.65364
0.247158 -0.109753 -0.96274 5.1649 0.0211717 0.993939 -0.107874 0.329591 0.968744 0.00627907 0.247983 -1.13967
0.338553 -0.150794 -0.928786 5.23243 0.0438812 0.988532 -0.144499 0.34811 0.939923 0.00816424 0.341288 -0.771098
0.622319 -0.107747 0.775313 2.34818 -0.087808 0.97462 0.205926 0.139673 -0.777823 -0.19623 0.597063 -0.415058
0.581709 -0.2063 0.786801 2.48117 0.0584397 0.975402 0.212545 0.107895 -0.811295 -0.0776586 0.579456 -0.508833
0.465109 -0.238229 0.852597 2.63953 0.0618713 0.969503 0.237142 0.103086 -0.883089 -0.0575457 0.465664 -0.554801
0.618578 -0.354639 0.701136 2.97468 0.0279667 0.901717 0.431421 0.217062 -0.785225 -0.247259 0.567701 -0.888576
0.664846 -0.413874 0.621843 3.36948 0.0284843 0.845916 0.532554 0.270404 -0.746437 -0.336354 0.574193 -0.970811
0.798218 -0.442451 0.408761 3.66131 0.206308 0.838354 0.504578 0.231247 -0.565937 -0.318433 0.760471 -0.968571
0.864559 -0.172043 0.472163 3.99734 0.078169 0.974175 0.211831 0.140656 -0.496414 -0.146232 0.855681 -0.63355
0.975175 -0.163681 0.149138 4.21258 0.133921 0.97232 0.191465 0.160048 -0.176349 -0.166739 0.970103 -0.253386
0.977211 -0.114168 -0.178954 4.37058 0.129972 0.98835 0.0791955 0.117921 0.167828 -0.10065 0.980665 0.062648
0.862495 -0.0697752 -0.501232 4.33141 0.141254 0.984277 0.106043 0.130497 0.485953 -0.162263 0.85879 0.386096
0.700439 -0.310978 -0.6424 4.33776 0.44904 0.891629 0.0579819 0.24008 0.554751 -0.329076 0.764173 0.587887
0.718899 -0.474719 -0.507766 4.2723 0.646954 0.724114 0.238975 0.306476 0.254235 -0.5003 0.827686 0.699579
0.817801 -0.263379 -0.511696 4.13777 0.386784 0.90992 0.149813 0.196313 0.426144 -0.320433 0.846004 1.11581
0.793676 0.0149277 -0.608158 4.09711 0.097787 0.983568 0.151759 0.0693637 0.60043 -0.179918 0.779175 1.40605
0.572001 -0.0305951 -0.819682 3.91355 0.121906 0.991377 0.0480663 0.0903928 0.811144 -0.127418 0.570798 1.56997
0.288958 0.00445894 -0.957331 3.91837 0.072201 0.99704 0.0264368 0.0667315 0.954615 -0.0767594 0.287781 1.74644
-0.0358348 -0.0609532 -0.997497 4.10564 0.189456 0.979623 -0.0666672 0.149621 0.981235 -0.19137 -0.0235567 1.58321
-0.371597 -0.128591 -0.919446 4.20845 0.116962 0.975986 -0.183769 0.15923 0.920997 -0.175829 -0.347633 1.6261
-0.646454 -0.283704 -0.708243 4.57926 0.0408989 0.914072 -0.403485 0.238634 0.761856 -0.289801 -0.579303 1.62231
-0.855137 -0.27046 -0.442258 4.67664 -0.0799845 0.911737 -0.402912 0.211149 0.512194 -0.309171 -0.801293 1.53937
-0.944335 -0.269876 -0.188144 4.58883 -0.185154 0.908704 -0.374132 0.226324 0.271937 -0.31847 -0.90809 1.55704
-0.989282 -0.111384 0.0944141 4.42283 -0.127659 0.973649 -0.188972 0.1413 -0.0708778 -0.198999 -0.977433 1.40119
-0.855818 -0.104651 0.506579 4.35015 -0.181768 0.977709 -0.1051 0.132711 -0.484288 -0.182026 -0.855764 1.14582
-0.590269 -0.164092 0.790352 4.27502 -0.267757 0.963486 6.45926e-05 0.172004 -0.761504 -0.211584 -0.612653 1.07812
-0.294228 -0.15535 0.943025 4.30896 -0.300437 0.951716 0.0630434 0.157087 -0.907286 -0.264771 -0.326695 0.942972
0.0546666 -0.183467 0.981505 4.37999 -0.304503 0.933088 0.191376 0.19166 -0.950941 -0.309333 -0.00485739 0.649334
0.139583 -0.0838487 0.986654 4.52798 -0.219467 0.969007 0.113397 0.144876 -0.965583 -0.232366 0.116855 0.25365
-0.255469 -0.0266958 0.966449 4.701 -0.141103 0.989945 -0.00995399 0.0913061 -0.956465 -0.138912 -0.256667 -0.218343
-0.595172 0.0594674 0.801395 4.70304 -0.0481002 0.992834 -0.109396 0.0868614 -0.802158 -0.103656 -0.588046 -0.460758
-0.901853 -0.0551926 0.428502 4.72723 -0.150409 0.969872 -0.191637 0.15573 -0.405015 -0.237279 -0.882984 -0.565252
-0.976229 -0.186208 0.110922 4.51874 -0.208434 0.946887 -0.244869 0.183083 -0.0594336 -0.262168 -0.96319 -0.648645
-0.957114 -0.106941 -0.26925 4.25511 -0.0267505 0.958029 -0.285421 0.183646 0.288473 -0.265978 -0.919804 -0.878753
-0.747257 -0.0400052 -0.66333 3.75545 0.0813452 0.985173 -0.151053 0.147533 0.659538 -0.166834 -0.732923 -0.915821
-0.4877 -0.141032 -0.861544 3.39731 0.143108 0.960601 -0.238258 0.201605 0.861202 -0.239492 -0.448303 -1.00862
-0.394339 -0.240478 -0.886943 2.81238 0.175867 0.927566 -0.329684 0.218352 0.90198 -0.285991 -0.323483 -0.901546
-0.341214 -0.232375 -0.91081 2.31191 0.199445 0.929001 -0.311734 0.211049 0.918583 -0.288025 -0.270642 -0.747453
-0.491965 -0.254896 -0.832466 1.77112 0.203221 0.896145 -0.394492 0.255814 0.846565 -0.363251 -0.389072 -0.702541
-0.596732 -0.251339 -0.762063 1.0851 0.0263581 0.943029 -0.331664 0.247713 0.802008 -0.218001 -0.556111 -0.853386
-0.508339 -0.126752 -0.851778 0.464931 0.100875 0.973534 -0.205073 0.162392 0.855228 -0.19017 -0.482099 -1.19848
-0.184173 -0.0915169 -0.978624 -0.0701412 0.120005 0.986113 -0.114802 0.140237 0.97554 -0.138583 -0.170633 -1.26017
0.168391 -0.0854962 -0.982006 -0.268785 0.184479 0.981363 -0.0538065 0.143734 0.968304 -0.172099 0.181025 -1.22236
0.626419 -0.14259 -0.766334 -0.459993 0.232686 0.972508 0.00925097 0.180022 0.743947 -0.18411 0.642376 -0.931008
0.867596 -0.142664 -0.476365 -0.508218 0.210797 0.973146 0.0924781 0.192328 0.450379 -0.18065 0.874371 -0.869565
0.950897 -0.255135 -0.175219 -0.481477 0.287531 0.937707 0.195017 0.174137 0.114548 -0.235822 0.965021 -0.7578
0.905271 -0.419065 0.0697766 -0.411003 0.36248 0.847571 0.387598 0.232576 -0.221569 -0.325589 0.919184 -0.567668
0.80386 -0.575538 0.150217 -0.543572 0.361164 0.67293 0.645543 0.303443 -0.47262 -0.464673 0.748805 -0.365323
0.735441 -0.672316 0.0843693 -0.315628 0.305679 0.44032 0.844203 0.378638 -0.604721 -0.595071 0.529342 -0.040525
0.732636 -0.67304 -0.101304 -0.049051 0.472181 0.395408 0.787844 0.387648 -0.490194 -0.625036 0.607486 0.339324
0.74462 -0.626784 -0.229526 0.261562 0.621096 0.524657 0.582216 0.365474 -0.244502 -0.576087 0.779963 0.772068
0.780463 -0.496219 -0.380321 0.268277 0.619336 0.696766 0.361855 0.314173 0.0854356 -0.517961 0.851127 1.16129
0.677836 -0.384605 -0.626592 0.315787 0.444551 0.893218 -0.0673528 0.182469 0.585587 -0.232898 0.776432 1.3615
0.582646 -0.284996 -0.761118 0.292981 0.115879 0.956063 -0.269286 0.119745 0.804422 0.0687013 0.590072 1.53805
0.359845 -0.198244 -0.911708 -0.00298668 0.104885 0.979567 -0.171602 0.0883914 0.927098 -0.033874 0.373285 1.87135
0.416957 -0.0840184 -0.905035 -0.120251 0.19508 0.980787 -0.00117598 0.0657449 0.887745 -0.176064 0.425336 2.42554
0.478008 -0.134036 -0.868068 -0.43167 0.271796 0.962354 0.0010721 0.0795998 0.835246 -0.23645 0.496443 2.811
0.673958 -0.0660386 -0.735812 -0.639992 0.193093 0.977121 0.0891655 0.0876851 0.713089 -0.202174 0.67129 3.3361
0.707854 -0.13451 -0.693433 -0.806263 0.181253 0.98342 -0.0057379 0.0879015 0.682708 -0.121625 0.720498 3.9596
0.892338 -0.121621 -0.434675 -0.817434 0.205438 0.96692 0.151199 0.124154 0.401907 -0.224219 0.887804 4.40943
0.822089 -0.240653 -0.515999 -0.798001 0.331705 0.93903 0.0905236 0.178338 0.462754 -0.245578 0.851793 4.87587
0.660873 -0.120807 -0.740711 -1.19412 0.194227 0.980866 0.0133168 0.103899 0.72493 -0.152667 0.671692 5.41537
0.695856 -0.16045 -0.700029 -1.39343 0.305008 0.948477 0.0857946 0.158983 0.650196 -0.273215 0.708942 5.97872
0.683482 -0.216932 -0.696989 -1.56101 0.35067 0.935006 0.0528613 0.179404 0.640221 -0.280543 0.715131 6.49046
0.549122 -0.116807 -0.827539 -1.86112 0.313999 0.946475 0.074762 0.146055 0.774513 -0.3009 0.556407 6.81429
0.236992 -0.067562 -0.969159 -2.0072 0.179478 0.983453 -0.02467 0.0851773 0.954789 -0.168096 0.245197 6.97446
-0.140764 -0.102503 -0.984723 -2.09711 0.157417 0.979656 -0.124477 0.107268 0.977448 -0.172534 -0.121765 7.13814
-0.399215 -0.126844 -0.908041 -2.30829 0.16435 0.964443 -0.206978 0.124847 0.902007 -0.231865 -0.364173 7.38934
-0.195358 -0.138256 -0.970938 -2.46327 0.106824 0.981123 -0.1612 0.116108 0.974897 -0.135212 -0.176901 7.92599
0.19395 -0.137137 -0.971379 -2.49784 0.1646 0.980693 -0.105587 0.105277 0.967104 -0.13941 0.212778 8.17102
0.514977 -0.080371 -0.853428 -2.60414 0.240213 0.969235 0.0536727 0.102749 0.822859 -0.232645 0.51844 8.39974
0.706506 -0.00257019 -0.707703 -2.7498 0.114841 0.987156 0.111061 0.0780464 0.698328 -0.159738 0.697726 8.91877
0.860936 -0.16548 -0.481046 -2.88116 0.312203 0.918463 0.242805 0.0849462 0.401644 -0.359224 0.842402 9.09015
0.952403 -0.148984 -0.265954 -3.01054 0.212531 0.949958 0.228935 0.0690154 0.218538 -0.274562 0.936406 9.55165
0.956679 -0.0873424 -0.277735 -3.27128 0.166105 0.947194 0.274285 0.0577052 0.239112 -0.308536 0.920669 9.743
0.886673 -0.163466 -0.43254 -3.41936 0.273784 0.939426 0.206207 0.0778597 0.372631 -0.30126 0.877718 10.1584
0.859758 -0.00092744 -0.5107 -3.69779 0.137977 0.963232 0.230534 0.0213338 0.491709 -0.268669 0.828275 10.7066
0.641666 -0.0884852 -0.761863 -3.77341 0.213894 0.974559 0.0669601 0.0459641 0.736556 -0.205924 0.644268 11.0566
0.575866 -0.253868 -0.777129 -3.87507 0.496599 0.863726 0.0858307 0.102839 0.649437 -0.435348 0.623461 11.4132
0.176887 -0.449658 -0.87551 -3.92879 0.686331 0.693931 -0.217735 0.207296 0.70545 -0.562376 0.431362 11.5026
-0.154764 -0.471287 -0.868295 -3.95743 0.548516 0.68999 -0.472275 0.232342 0.821692 -0.549365 0.151723 11.691
0.118716 -0.239129 -0.963703 -4.33132 0.416442 0.89307 -0.170302 0.0722625 0.901378 -0.381108 0.205605 12.0626
0.276526 -0.102306 -0.955545 -4.50871 0.106735 0.991435 -0.0752608 -0.0510612 0.955061 -0.0811786 0.285077 12.4399
0.387106 -0.0284073 -0.921597 -4.61745 0.00133223 0.999541 -0.0302503 -0.0710714 0.922034 0.0104823 0.386967 12.6785
0.632357 -0.161125 -0.757736 -4.79372 0.208875 0.977368 -0.033514 0.0157464 0.745987 -0.137079 0.6517 12.9754
0.669491 -0.18288 -0.719956 -4.91284 0.258914 0.965889 -0.00458473 0.0346172 0.696236 -0.183338 0.694004 13.4969
0.67811 -0.157089 -0.717976 -5.12526 0.22211 0.975015 -0.0035501 0.0504477 0.700596 -0.157062 0.696058 13.9946
0.81852 -0.197124 -0.539598 -5.20279 0.264526 0.963111 0.0494215 0.0649111 0.509951 -0.18319 0.840471 14.3403
0.883475 -0.332475 -0.330049 -5.31339 0.385348 0.916384 0.108379 0.126627 0.266418 -0.222934 0.937722 14.8694
0.923428 -0.275673 -0.266992 -5.539 0.310198 0.945779 0.0963303 0.116608 0.22596 -0.171775 0.958872 15.4048
0.922893 -0.244147 -0.297758 -5.79735 0.293294 0.946759 0.132763 0.11406 0.249492 -0.209857 0.945364 16.0731
0.918813 -0.359705 -0.162463 -5.90857 0.387872 0.899085 0.202982 0.168935 0.0730542 -0.249517 0.965611 16.5293
0.936052 -0.122994 -0.329665 -6.21301 0.165826 0.980548 0.105014 0.0971319 0.310336 -0.152966 0.938239 17.004
0.927513 -0.158553 -0.338498 -6.31659 0.175612 0.984253 0.020166 0.0936162 0.329971 -0.0781485 0.940751 17.5831
0.891128 0.0781481 -0.446973 -6.52093 -0.0753004 0.996868 0.0241649 -0.0203224 0.447461 0.0121232 0.894221 18.0207
0.65171 0.186823 -0.7351 -6.67162 -0.207916 0.976068 0.0637337 -0.10076 0.729414 0.111303 0.674957 18.1859
0.157461 0.046382 -0.986435 -6.85003 -0.0358632 0.998506 0.0412248 -0.0179065 0.986874 0.0288854 0.158889 18.2258
-0.239238 -0.0855481 -0.967185 -7.04149 0.0302 0.994974 -0.0954761 0.0760167 0.970491 -0.0520505 -0.235452 18.2163
-0.32087 -0.295692 -0.899782 -7.23589 0.177097 0.914529 -0.363693 0.178893 0.930419 -0.276047 -0.241079 18.3808
-0.32316 -0.356722 -0.876537 -7.3457 0.18025 0.886076 -0.427058 0.200796 0.92902 -0.296004 -0.222045 18.8431
-0.11773 -0.246717 -0.96191 -7.65349 0.157559 0.951735 -0.263391 0.125772 0.980467 -0.182567 -0.0731754 19.4068
0.157618 -0.0902242 -0.98337 -7.78275 0.216889 0.974665 -0.0546616 0.0796517 0.963388 -0.204666 0.173194 20.0741
0.000430768 -0.0476055 -0.998866 -7.88539 0.200171 0.978654 -0.0465559 0.0535928 0.979761 -0.199924 0.00995079 20.5841
0.0269588 -0.0321494 -0.999119 -7.99087 0.205269 0.978362 -0.0259427 0.0133235 0.978334 -0.204389 0.0329747 20.8571
0.325965 -0.0785184 -0.942115 -8.19602 0.24074 0.970587 0.00240325 0.012768 0.914216 -0.227589 0.33528 21.3441
-0.0320736 -0.111697 -0.993225 -8.41067 0.246532 0.962148 -0.116163 0.0392952 0.968604 -0.248588 -0.00332275 21.6376
-0.414289 -0.122981 -0.901798 -8.76549 0.189669 0.957409 -0.217699 0.0123461 0.890163 -0.261233 -0.373319 21.9208
-0.662921 -0.200824 -0.721253 -8.87583 0.0164557 0.959213 -0.282205 0.0674552 0.748509 -0.198948 -0.632577 22.1957
-0.420889 -0.147953 -0.894965 -9.32945 0.140209 0.964142 -0.225327 0.0266852 0.896211 -0.22032 -0.385052 22.6581
-0.0507621 -0.167128 -0.984628 -9.40458 0.239751 0.95503 -0.174464 0.058326 0.969506 -0.244921 -0.00841037 23.0902
0.383967 -0.105331 -0.917319 -9.49266 0.315339 0.948699 0.0230594 0.0309223 0.867831 -0.298121 0.397484 23.4869
0.542037 -0.26608 -0.797118 -9.49548 0.422627 0.906178 -0.0151004 0.070705 0.726349 -0.328698 0.603635 23.9311
0.391612 -0.309757 -0.866424 -9.62575 0.585295 0.810429 -0.0251924 0.105053 0.709978 -0.497248 0.498673 24.4964
0.280193 -0.235948 -0.930495 -9.77319 0.364236 0.922966 -0.124359 0.0647441 0.888157 -0.304075 0.34455 25.1006
0.431573 -0.164167 -0.887014 -10.0125 0.377809 0.9258 0.0124757 0.0328176 0.819149 -0.340506 0.461574 25.6683
0.329827 -0.121275 -0.936219 -10.3702 0.37304 0.927747 0.0112438 0.0331954 0.867211 -0.352956 0.351236 26.2686
0.0822994 -0.186653 -0.978973 -10.6364 0.301372 0.940976 -0.154073 0.0441398 0.949948 -0.282355 0.133694 26.5507
0.157068 -0.0136809 -0.987493 -10.9493 0.207525 0.978036 0.0194585 0.00779856 0.965538 -0.207985 0.156457 27.0056
-0.120358 -0.0334319 -0.992167 -11.0439 0.110239 0.992801 -0.0468262 0.00297795 0.986591 -0.115011 -0.115806 27.3156
-0.385384 -0.00457564 -0.922745 -11.3903 0.0761129 0.996422 -0.0367295 -0.00387595 0.919612 -0.0843877 -0.383657 27.3652
-0.702951 0.0240263 -0.710833 -11.6405 0.0124747 0.999692 0.0214534 -0.0251971 0.711129 0.00621328 -0.703034 27.4177
-0.601867 -0.147605 -0.784837 -11.9542 0.0432118 0.975311 -0.216566 0.0471222 0.797426 -0.164258 -0.580629 27.3505
-0.746593 -0.179008 -0.640746 -12.2398 -0.0806572 0.980371 -0.179909 0.0699022 0.660373 -0.0826381 -0.746377 27.3248
-0.548687 -0.19394 -0.813222 -12.2815 0.0935846 0.95236 -0.290264 0.106932 0.830774 -0.235369 -0.504397 27.2137
-0.831006 -0.166017 -0.530913 -12.4841 -0.0364147 0.968614 -0.245888 0.0826557 0.555071 -0.185001 -0.810969 26.9759
-0.955752 -0.230176 -0.183185 -12.4522 -0.186614 0.955775 -0.227311 0.124991 0.227405 -0.183068 -0.956438 26.7954
-0.956359 -0.24834 0.153962 -12.3904 -0.276522 0.939477 -0.202285 0.126493 -0.0944083 -0.236031 -0.967149 26.5976
-0.936141 -0.219592 0.274625 -12.5024 -0.253566 0.962682 -0.0945879 0.134317 -0.243606 -0.158183 -0.956888 26.5174
-0.982732 -0.129754 0.131913 -12.3972 -0.154253 0.96824 -0.196768 0.121884 -0.102192 -0.213719 -0.971535 26.5173
-0.911017 -0.146002 0.385657 -12.435 -0.166732 0.985786 -0.020662 0.0677341 -0.377159 -0.0831247 -0.922411 26.4853
-0.95071 -0.251088 0.181946 -12.6089 -0.289155 0.929787 -0.227782 0.127692 -0.111978 -0.269165 -0.956562 26.3543
-0.941818 -0.335928 -0.0114609 -12.6063 -0.309838 0.880881 -0.357838 0.188698 0.130304 -0.333467 -0.933713 26.1935
-0.915614 -0.304053 -0.263064 -12.9264 -0.170791 0.886462 -0.430135 0.184097 0.36398 -0.348909 -0.863586 26.1097
-0.862251 -0.115199 -0.493206 -12.9498 0.027872 0.961522 -0.273311 0.116017 0.505714 -0.24941 -0.825862 26.1254
-0.605763 -0.133293 -0.784401 -13.179 0.0426638 0.979007 -0.19931 0.0719114 0.7945 -0.1542 -0.58736 26.2954
-0.173613 -0.0398475 -0.984007 -13.2147 0.109329 0.992225 -0.0594698 0.0413515 0.978727 -0.117906 -0.167907 26.3851
0.188972 -0.0201739 -0.981775 -13.1862 0.102618 0.994721 -0.000687994 0.0419426 0.976606 -0.100618 0.190044 26.2924
0.0360395 -0.25083 -0.96736 -13.3052 0.267475 0.935095 -0.232498 0.104389 0.962891 -0.250365 0.100791 26.4014
0.436998 -0.251436 -0.863605 -13.2862 0.388569 0.918692 -0.0708521 0.132364 0.811201 -0.304607 0.499166 26.4321
0.496447 -0.37298 -0.783853 -13.5111 0.410689 0.896453 -0.166452 0.194164 0.764771 -0.239285 0.598221 26.3574
0.284452 -0.233278 -0.929876 -13.8029 0.313605 0.939222 -0.13969 0.137586 0.905946 -0.251878 0.340321 26.4596
0.28413 -0.0950238 -0.954065 -14.0227 0.147457 0.987569 -0.0544464 0.0405546 0.947379 -0.125214 0.29461 26.3019
0.289032 -0.0942943 -0.952664 -14.047 0.0371415 0.995493 -0.0872649 0.00906949 0.956599 -0.0101611 0.291231 26.365
0.592867 -0.0670937 -0.8025 -14.1017 0.0928033 0.995576 -0.0146752 0.0278533 0.799935 -0.0657743 0.596471 26.4453
0.74936 -0.233367 -0.619677 -14.2575 0.386012 0.914329 0.122463 0.160097 0.53801 -0.330972 0.775244 26.4292
0.814339 -0.363128 -0.452758 -14.22 0.525247 0.79297 0.30873 0.281187 0.246915 -0.489221 0.836478 26.6873
0.913073 -0.330694 -0.23862 -14.5019 0.404265 0.810872 0.423151 0.249831 0.0535568 -0.482834 0.874073 26.7896
0.986897 -0.161192 -0.00710472 -14.4277 0.157796 0.955044 0.250982 0.0546298 -0.033671 -0.248814 0.967966 26.9632
0.963113 -0.0173523 0.268535 -14.5226 0.000750018 0.998088 0.0618047 -0.0297073 -0.269094 -0.0593236 0.961285 26.8838
0.764694 0.0683741 0.640756 -14.5724 -0.0491236 0.997647 -0.0478321 -0.0680377 -0.642519 0.00510066 0.766253 26.6431
0.448756 0.0260098 0.893276 -14.5255 -0.0921784 0.995592 0.0173187 0.00346858 -0.888888 -0.0901126 0.449175 26.3449
0.253281 -0.0951619 0.962701 -14.5489 -0.221996 0.962876 0.153585 0.110919 -0.941577 -0.252616 0.222753 26.3841
-0.104342 -0.0476469 0.993399 -14.7631 -0.203977 0.978643 0.0255143 0.0781019 -0.973399 -0.199968 -0.111833 26.4663
