1 -4.10285e-05 -0.000110361 -1.76326e-05 4.09854e-05 1 -0.000390902 3.42044e-05 0.000110377 0.000390898 1 1.74027e-05
0.901421 -0.00966501 -0.432837 4.83432 0.000766994 0.999785 -0.0207273 0.219991 0.432944 0.018352 0.901234 0.270909
0.847242 -0.0337079 -0.530137 5.59169 0.0175302 0.999215 -0.0355175 0.22474 0.530918 0.0207985 0.847168 0.672692
0.920937 -0.0703548 -0.383309 6.38124 0.0264385 0.992583 -0.118663 0.224497 0.388815 0.0991472 0.915966 1.42107
0.956568 -0.091386 -0.276816 7.4318 0.0785035 0.995266 -0.0572926 0.262717 0.280741 0.0330733 0.959214 1.82048
0.847584 -0.0535187 -0.527956 8.45572 0.0356719 0.998397 -0.0439393 0.248882 0.529461 0.018409 0.848134 2.27061
0.555844 -0.0644018 -0.828789 9.18278 0.0883585 0.995924 -0.0181298 0.291823 0.826578 -0.0631532 0.559268 3.10479
0.16298 -0.0636718 -0.984573 9.29348 0.257028 0.966198 -0.0199366 0.401325 0.952562 -0.249814 0.173837 3.35277
-0.238387 0.0271261 -0.970791 9.54931 0.298035 0.953419 -0.0465447 0.453139 0.924309 -0.300426 -0.235367 3.82804
-0.553751 0.009536 -0.832628 9.60264 0.217679 0.96682 -0.133698 0.478052 0.803726 -0.255281 -0.537453 4.14074
-0.546405 -0.0020644 -0.837518 9.65067 0.0683414 0.996552 -0.047043 0.403479 0.834728 -0.0829417 -0.54438 4.8303
-0.603642 0.0821975 -0.793007 10.028 0.0391329 0.996527 0.0735048 0.288804 0.796294 0.0133379 -0.604762 4.7866
-0.867051 0.11131 -0.485627 10.155 0.0604166 0.991021 0.119281 0.245892 0.494543 0.0740826 -0.86599 4.55209
-0.992476 0.0213121 -0.120568 10.0759 0.014217 0.998133 0.059404 0.226197 0.121609 0.0572429 -0.990926 4.22972
-0.976098 -0.004172 0.217292 9.65419 -0.00110535 0.999898 0.0142327 0.2811 -0.217329 0.0136523 -0.976003 3.65236
-0.819171 -0.00490425 0.573529 9.32276 0.0494518 0.995636 0.0791457 0.256227 -0.571414 0.0931958 -0.815353 3.16691
-0.587262 -0.015084 0.809256 8.75418 0.00707325 0.999693 0.0237665 0.282046 -0.809366 0.0196812 -0.586975 2.36509
-0.573181 -0.0475115 0.81805 8.13514 -0.0603796 0.998053 0.0156599 0.311774 -0.817201 -0.0404176 -0.574933 1.60233
-0.833462 -0.0158842 0.552349 7.57389 -0.0132687 0.999874 0.00873217 0.310555 -0.552418 -5.10328e-05 -0.833567 0.711805
-0.958371 -0.0453604 0.281898 6.95704 -0.0301964 0.997865 0.0579081 0.274644 -0.283923 0.0469852 -0.957695 -0.148568
-0.814309 0.0027282 0.580426 6.24722 0.00959418 0.999916 0.00876022 0.245662 -0.580353 0.0127022 -0.814266 -0.787413
-0.90599 -0.0242934 0.422601 5.1814 -0.00651644 0.999034 0.0434595 0.252596 -0.423249 0.0366201 -0.905273 -1.19222
-0.995637 -0.00839268 0.0929321 4.49204 -0.00348792 0.998598 0.0528151 0.255252 -0.0932451 0.0522605 -0.994271 -1.67287
-0.921697 -0.0899475 -0.377339 4.56826 -0.118983 0.99141 0.0543036 0.253709 0.369213 0.0949482 -0.924482 -1.78274
-0.749192 -0.121502 -0.651113 4.72531 -0.19221 0.980611 0.038174 0.260248 0.63385 0.15375 -0.75802 -1.80848
-0.467286 -0.0455311 -0.882933 4.92377 -0.204785 0.977087 0.0579946 0.24214 0.860062 0.207912 -0.465903 -1.81449
-0.104483 -0.0662831 -0.992315 5.15242 -0.0931796 0.99404 -0.0565872 0.274052 0.990152 0.0865511 -0.110037 -1.6514
0.247015 -0.112145 -0.9625 5.16704 0.0227976 0.993678 -0.109927 0.331671 0.968743 0.00521096 0.24801 -1.13857
0.338322 -0.152645 -0.928567 5.23512 0.0452735 0.988254 -0.145961 0.350098 0.939941 0.00734239 0.341259 -0.769832
0.622574 -0.10906 0.774924 2.3486 -0.0872351 0.974398 0.207218 0.138532 -0.777683 -0.196609 0.597121 -0.414516
0.581775 -0.207334 0.78648 2.48132 0.0588008 0.975155 0.213577 0.107472 -0.811221 -0.0780079 0.579512 -0.508303
0.465208 -0.239057 0.852311 2.63976 0.0619434 0.969275 0.238053 0.102769 -0.883031 -0.0579493 0.465722 -0.554249
0.618689 -0.355554 0.700575 2.9748 0.0283453 0.901251 0.432369 0.216977 -0.785125 -0.247644 0.567672 -0.888006
0.664944 -0.414741 0.62116 3.36955 0.0289406 0.84534 0.533444 0.270721 -0.746332 -0.336733 0.574107 -0.970184
0.79808 -0.443338 0.408069 3.66141 0.20699 0.837738 0.505322 0.231896 -0.565883 -0.318821 0.760348 -0.967875
0.864555 -0.173133 0.471773 3.99747 0.0789792 0.973925 0.21268 0.141805 -0.496294 -0.146614 0.855685 -0.632759
0.975029 -0.164853 0.148804 4.21252 0.135052 0.972061 0.191986 0.161606 -0.176296 -0.167096 0.970051 -0.252407
0.977055 -0.115207 -0.179141 4.3706 0.131051 0.988203 0.0792501 0.119806 0.167898 -0.100908 0.980626 0.0635343
0.862512 -0.0680284 -0.501443 4.33194 0.139827 0.984382 0.106964 0.132333 0.486334 -0.162373 0.858553 0.386513
0.700947 -0.309053 -0.642775 4.33837 0.447743 0.892194 0.0592882 0.241211 0.555157 -0.329356 0.763757 0.58903
0.719975 -0.473011 -0.507836 4.27297 0.645598 0.724977 0.240024 0.307749 0.254635 -0.500669 0.82734 0.700675
0.818257 -0.261459 -0.511952 4.13795 0.385283 0.910384 0.150859 0.197885 0.426629 -0.320688 0.845664 1.11683
0.793477 0.0169335 -0.608364 4.09687 0.0963156 0.983522 0.152998 0.0710375 0.60093 -0.179996 0.778771 1.40706
0.571715 -0.0286043 -0.819954 3.91325 0.120877 0.991423 0.0496955 0.0924325 0.811499 -0.127525 0.570269 1.57086
0.288485 0.00642832 -0.957463 3.91791 0.0717286 0.997022 0.0283058 0.0687789 0.954794 -0.0768433 0.287165 1.74733
-0.0359375 -0.0588753 -0.997618 4.1057 0.189545 0.979741 -0.0646483 0.151944 0.981214 -0.191417 -0.0240499 1.58347
-0.371826 -0.126821 -0.919599 4.20844 0.117587 0.97621 -0.182173 0.161481 0.920825 -0.175869 -0.348068 1.62644
-0.646591 -0.283802 -0.708079 4.57884 0.0405688 0.914112 -0.403427 0.241436 0.761757 -0.289578 -0.579543 1.62307
-0.855175 -0.270789 -0.441983 4.67619 -0.0804207 0.91168 -0.402954 0.214062 0.512062 -0.309052 -0.801423 1.54015
-0.944307 -0.270183 -0.187842 4.58833 -0.185567 0.908642 -0.374078 0.229344 0.271751 -0.318387 -0.908175 1.55783
-0.989193 -0.112007 0.0946091 4.42245 -0.1283 0.973594 -0.188821 0.144051 -0.0709616 -0.198919 -0.977443 1.40192
-0.855656 -0.105792 0.506617 4.34986 -0.182731 0.977595 -0.104485 0.135159 -0.484212 -0.181978 -0.855817 1.14653
-0.590048 -0.165322 0.790261 4.27453 -0.268588 0.963255 0.000970065 0.174365 -0.761383 -0.211683 -0.61277 1.07893
-0.293893 -0.156921 0.942869 4.30746 -0.301277 0.951358 0.0644259 0.160304 -0.907116 -0.26513 -0.326874 0.94322
0.0551228 -0.184848 0.98122 4.37787 -0.304639 0.932744 0.19283 0.195118 -0.950872 -0.309547 -0.00489648 0.649618
0.140232 -0.0850674 0.986458 4.52541 -0.219421 0.96886 0.114742 0.148708 -0.9655 -0.23254 0.1172 0.254006
-0.25601 -0.0279708 0.966269 4.69807 -0.140956 0.989978 -0.00868881 0.0949275 -0.956342 -0.138426 -0.257387 -0.216118
-0.59537 0.0582055 0.801341 4.70142 -0.048784 0.992913 -0.108365 0.0901299 -0.801969 -0.10361 -0.588311 -0.459486
-0.901702 -0.0564963 0.42865 4.72599 -0.151648 0.969768 -0.191188 0.159137 -0.40489 -0.237398 -0.88301 -0.564419
-0.975933 -0.187571 0.111227 4.51794 -0.209846 0.946535 -0.245024 0.186307 -0.059321 -0.262467 -0.963116 -0.648226
-0.957072 -0.108329 -0.268845 4.25389 -0.028038 0.957784 -0.286118 0.187169 0.288491 -0.266297 -0.919706 -0.878725
-0.747616 -0.0420163 -0.662801 3.75327 0.080367 0.984939 -0.153088 0.15218 0.65925 -0.167719 -0.73298 -0.917034
-0.488363 -0.144198 -0.860644 3.39402 0.14279 0.959755 -0.241828 0.207271 0.860879 -0.240991 -0.448119 -1.01124
-0.394727 -0.245936 -0.885272 2.80799 0.175404 0.925619 -0.335354 0.224088 0.9019 -0.287653 -0.322229 -0.905575
-0.341684 -0.236046 -0.909689 2.30876 0.199242 0.927749 -0.315569 0.212929 0.918452 -0.289073 -0.269967 -0.749524
-0.492315 -0.259122 -0.830952 1.76803 0.202316 0.894447 -0.398789 0.255515 0.846578 -0.364445 -0.387925 -0.70449
-0.596663 -0.254596 -0.761035 1.08352 0.0253608 0.941884 -0.33498 0.24345 0.802091 -0.219171 -0.555531 -0.85342
-0.508697 -0.130139 -0.851053 0.464586 0.100373 0.972804 -0.208752 0.155071 0.855074 -0.191614 -0.481801 -1.19782
-0.184349 -0.0949931 -0.97826 -0.0691621 0.120645 0.985605 -0.118441 0.130462 0.975428 -0.139856 -0.170235 -1.25948
0.16802 -0.088935 -0.981764 -0.267397 0.186301 0.98084 -0.0569676 0.133148 0.968019 -0.173332 0.18137 -1.22163
0.625762 -0.145934 -0.766241 -0.458238 0.235782 0.971777 0.00747504 0.168983 0.743525 -0.185343 0.64251 -0.93027
0.866895 -0.145794 -0.476693 -0.505256 0.214177 0.972446 0.0920759 0.180767 0.450134 -0.181917 0.874234 -0.868877
0.950024 -0.257996 -0.175762 -0.478282 0.290553 0.936653 0.195601 0.162655 0.114164 -0.236894 0.964805 -0.756847
0.904214 -0.421502 0.0687951 -0.407802 0.36481 0.846047 0.38874 0.221437 -0.222058 -0.326407 0.918776 -0.566606
0.802806 -0.577442 0.148538 -0.540449 0.362909 0.670894 0.646682 0.292114 -0.473075 -0.465255 0.748157 -0.364216
0.734522 -0.673597 0.0821289 -0.312665 0.307088 0.437885 0.844958 0.368252 -0.605124 -0.595419 0.52849 -0.0395168
0.731288 -0.674191 -0.103369 -0.0460498 0.473683 0.392955 0.788169 0.378347 -0.490757 -0.625343 0.606715 0.34032
0.742937 -0.628247 -0.230978 0.264746 0.622837 0.522434 0.582355 0.357437 -0.245192 -0.576514 0.779431 0.773038
0.778894 -0.497991 -0.381221 0.271832 0.621396 0.69499 0.36174 0.306438 0.0848011 -0.518647 0.850773 1.16251
0.676708 -0.386711 -0.626514 0.319856 0.446771 0.892057 -0.0680505 0.174966 0.585202 -0.233858 0.776433 1.36305
0.582277 -0.287248 -0.760554 0.297356 0.118058 0.955461 -0.270476 0.112262 0.804373 0.0677021 0.590255 1.5398
0.359485 -0.200519 -0.911352 0.00148276 0.106653 0.979069 -0.173348 0.08054 0.927036 -0.0348824 0.373347 1.87313
0.41639 -0.0862877 -0.905082 -0.115802 0.196948 0.98041 -0.00286191 0.0581835 0.887598 -0.177062 0.425227 2.42733
0.477268 -0.136228 -0.868135 -0.427281 0.27374 0.961804 -0.000434829 0.071691 0.835034 -0.237435 0.496329 2.81272
0.673416 -0.0682804 -0.736104 -0.635711 0.195375 0.976761 0.0881326 0.0798277 0.71298 -0.203166 0.671106 3.33778
0.70734 -0.136813 -0.693507 -0.80214 0.183617 0.982975 -0.00663914 0.0803281 0.682609 -0.122643 0.720419 3.96125
0.891746 -0.124328 -0.435122 -0.814201 0.208389 0.966324 0.150968 0.117414 0.4017 -0.2253 0.887625 4.41133
0.821209 -0.243124 -0.516243 -0.794585 0.334336 0.938145 0.0900241 0.171987 0.462424 -0.246527 0.851698 4.87756
0.660327 -0.123107 -0.740819 -1.19018 0.196524 0.980423 0.0122473 0.0968629 0.724808 -0.153676 0.671593 5.41699
0.695046 -0.162616 -0.700334 -1.38958 0.307306 0.947816 0.0849049 0.151949 0.649981 -0.274229 0.708748 5.98025
0.682568 -0.219059 -0.697219 -1.55728 0.352923 0.934207 0.051989 0.172503 0.639958 -0.281551 0.71497 6.49196
0.548285 -0.118964 -0.827787 -1.85742 0.316058 0.945896 0.073403 0.138864 0.774268 -0.301874 0.55622 6.81575
0.236432 -0.0699478 -0.969127 -2.00338 0.181078 0.983104 -0.0267799 0.0778617 0.954626 -0.169156 0.245104 6.97591
-0.141437 -0.107439 -0.9841 -2.09366 0.158421 0.978825 -0.129631 0.101327 0.977189 -0.174237 -0.121421 7.13832
-0.399713 -0.129637 -0.907427 -2.30514 0.164217 0.963806 -0.210027 0.117544 0.901811 -0.232966 -0.363957 7.39105
-0.195721 -0.140657 -0.97052 -2.45886 0.107246 0.980654 -0.163753 0.10863 0.974778 -0.136134 -0.17685 7.92741
0.193433 -0.139413 -0.971158 -2.49413 0.166029 0.980228 -0.107645 0.0979603 0.966963 -0.140418 0.212755 8.17247
0.51431 -0.0825925 -0.853618 -2.60048 0.242234 0.968812 0.0522091 0.0954027 0.822683 -0.233627 0.518277 8.40119
0.706126 -0.00462674 -0.708071 -2.74542 0.11693 0.987012 0.110159 0.0706159 0.698365 -0.160581 0.697496 8.92049
0.860108 -0.167532 -0.481817 -2.87717 0.314585 0.917739 0.24247 0.077498 0.40156 -0.360123 0.842057 9.09191
0.95183 -0.151399 -0.266644 -3.00693 0.215202 0.949293 0.229195 0.0618003 0.218423 -0.275537 0.936147 9.55346
0.956203 -0.0900037 -0.278524 -3.26799 0.169062 0.946603 0.274519 0.0501236 0.238944 -0.309584 0.920361 9.7449
0.885759 -0.166229 -0.433357 -3.41504 0.27697 0.938513 0.206112 0.0700029 0.372449 -0.302592 0.877337 10.1597
0.859008 -0.00262265 -0.511955 -3.69103 0.140174 0.962979 0.230265 0.012949 0.492398 -0.269562 0.827575 10.7081
0.641131 -0.0906411 -0.76206 -3.76989 0.215974 0.974178 0.0658304 0.0384391 0.736415 -0.206791 0.644151 11.0581
0.57463 -0.255813 -0.777406 -3.87187 0.498583 0.862698 0.0846549 0.0956204 0.649011 -0.436247 0.623276 11.4145
0.175311 -0.451012 -0.875131 -3.92593 0.687388 0.692437 -0.219157 0.200146 0.704815 -0.563134 0.431412 11.5036
-0.156113 -0.472647 -0.867314 -3.95483 0.549012 0.688425 -0.47398 0.225454 0.821106 -0.55016 0.152017 11.6919
0.117654 -0.24115 -0.96333 -4.32817 0.41761 0.892136 -0.172324 0.0646682 0.900977 -0.382022 0.20567 12.0638
0.276238 -0.104748 -0.955364 -4.50524 0.108321 0.991102 -0.0773465 -0.0588679 0.954966 -0.0821196 0.285127 12.4415
0.387008 -0.0304662 -0.921573 -4.61375 0.00293425 0.99949 -0.0318098 -0.0792725 0.922072 0.00960653 0.3869 12.68
0.631778 -0.163381 -0.757735 -4.79047 0.211096 0.976852 -0.0346203 0.00790425 0.745852 -0.138082 0.651643 12.9766
0.668798 -0.185118 -0.720028 -4.90971 0.261183 0.965273 -0.00556973 0.0270432 0.696055 -0.184334 0.693923 13.4982
0.677494 -0.159342 -0.718061 -5.12223 0.224435 0.974479 -0.00448641 0.0428965 0.70045 -0.158119 0.695966 13.9957
0.817712 -0.200488 -0.539586 -5.19896 0.268017 0.962185 0.0486573 0.056553 0.509426 -0.184406 0.840524 14.3414
0.882507 -0.335079 -0.330004 -5.31121 0.388041 0.915246 0.108389 0.118479 0.265716 -0.223709 0.937736 14.8705
0.922639 -0.278299 -0.266996 -5.53654 0.312961 0.944836 0.0966434 0.108622 0.225371 -0.172726 0.95884 15.4062
0.922081 -0.246787 -0.298098 -5.79464 0.296132 0.945848 0.132957 0.10636 0.249143 -0.210873 0.94523 16.0748
0.917804 -0.362018 -0.163031 -5.90606 0.390323 0.897891 0.203567 0.161318 0.0726888 -0.250469 0.965392 16.5308
0.935746 -0.125115 -0.329737 -6.21067 0.168151 0.980122 0.10529 0.0890459 0.310009 -0.15397 0.938183 17.005
0.928256 -0.160707 -0.335432 -6.31596 0.177939 0.983816 0.02107 0.0848695 0.326617 -0.079245 0.941829 17.5852
0.891078 0.0758881 -0.44746 -6.51654 -0.0726867 0.997058 0.0243491 -0.0285672 0.447992 0.0108275 0.893972 18.0214
0.651933 0.184709 -0.735435 -6.66891 -0.205795 0.976575 0.0628444 -0.108589 0.729816 0.110378 0.674674 18.1866
0.157302 0.0441892 -0.986561 -6.84747 -0.0345345 0.998634 0.0392236 -0.0260993 0.986947 0.0279004 0.158613 18.2264
-0.239281 -0.088121 -0.966943 -7.03882 0.0305639 0.994696 -0.0982136 0.0671876 0.970469 -0.0530542 -0.235319 18.2176
-0.321267 -0.298219 -0.898806 -7.23338 0.17721 0.913422 -0.36641 0.169652 0.93026 -0.276993 -0.240605 18.3823
-0.323619 -0.359268 -0.875327 -7.34312 0.180394 0.884714 -0.429814 0.191683 0.928832 -0.296999 -0.2215 18.8448
-0.116545 -0.249666 -0.961293 -7.649 0.159283 0.950662 -0.266216 0.115411 0.98033 -0.184144 -0.0710269 19.4092
0.156163 -0.0897242 -0.983648 -7.77992 0.220168 0.973972 -0.053888 0.0709506 0.962881 -0.208152 0.171853 20.0757
0.000573577 -0.0484133 -0.998827 -7.88331 0.202101 0.978222 -0.0472985 0.0456792 0.979365 -0.201837 0.0103454 20.587
0.0273461 -0.0351821 -0.999007 -7.98745 0.205983 0.978131 -0.0288085 0.00566543 0.978173 -0.204991 0.033995 20.8587
0.324897 -0.0803237 -0.942332 -8.19391 0.242552 0.970138 0.00093317 0.00600402 0.914117 -0.228868 0.334677 21.3448
-0.0332186 -0.113671 -0.992963 -8.40877 0.247834 0.961545 -0.118365 0.0319065 0.968233 -0.250022 -0.0037697 21.6379
-0.414654 -0.125561 -0.901275 -8.76289 0.18933 0.956856 -0.22041 0.00310644 0.890066 -0.262032 -0.372991 21.9224
-0.662739 -0.203372 -0.720705 -8.87255 0.015604 0.958457 -0.284811 0.0579579 0.748688 -0.200002 -0.632033 22.1972
-0.419938 -0.149839 -0.895098 -9.32375 0.14121 0.963477 -0.227535 0.016425 0.8965 -0.221947 -0.383441 22.6592
-0.0494769 -0.168382 -0.984479 -9.39619 0.24234 0.954208 -0.175383 0.0486167 0.968929 -0.247256 -0.0064057 23.0906
0.382761 -0.106945 -0.917636 -9.4913 0.317246 0.948092 0.0218345 0.0237884 0.867669 -0.299474 0.396821 23.4868
0.5407 -0.26699 -0.797722 -9.49519 0.424263 0.905407 -0.0154639 0.0644971 0.726392 -0.330082 0.602827 23.9306
0.39004 -0.310366 -0.866915 -9.62599 0.586713 0.809384 -0.0257966 0.0993595 0.709673 -0.498569 0.497788 24.4958
0.27873 -0.236912 -0.930689 -9.77371 0.3657 0.922267 -0.125246 0.0594355 0.888016 -0.305443 0.343703 25.0999
0.430167 -0.16514 -0.887516 -10.0135 0.379414 0.925152 0.0117537 0.0278986 0.819147 -0.341793 0.460626 25.6674
0.329156 -0.121406 -0.936438 -10.3732 0.373369 0.927618 0.0109758 0.0293629 0.867324 -0.35325 0.350661 26.2663
0.0811084 -0.18748 -0.978914 -10.6387 0.302345 0.9405 -0.155072 0.0395721 0.949741 -0.283392 0.132966 26.549
0.156391 -0.0138764 -0.987598 -10.9529 0.207825 0.977978 0.0191689 0.00405948 0.965583 -0.208246 0.155831 27.0028
-0.119991 -0.035793 -0.99213 -11.0474 0.110371 0.992674 -0.0491612 -0.00114337 0.986621 -0.115401 -0.115161 27.3127
-0.385015 -0.00839303 -0.922872 -11.3908 0.0755971 0.996312 -0.0405995 -0.0100409 0.919809 -0.0853979 -0.382961 27.3645
-0.702711 0.0209759 -0.711166 -11.6415 0.0109689 0.999766 0.0186497 -0.0324768 0.711391 0.00530458 -0.702777 27.4173
-0.601554 -0.151345 -0.784364 -11.9546 0.0418076 0.974578 -0.220112 0.0385198 0.797737 -0.165201 -0.579935 27.3506
-0.746473 -0.180685 -0.640415 -12.2422 -0.0815926 0.98002 -0.181394 0.0609319 0.660394 -0.0831529 -0.746301 27.3242
-0.548641 -0.196909 -0.812539 -12.2834 0.0927088 0.951547 -0.293194 0.0978435 0.830902 -0.236188 -0.503803 27.2131
-0.830997 -0.167535 -0.530449 -12.4866 -0.0374866 0.968268 -0.247088 0.0730143 0.555013 -0.185445 -0.810907 26.9753
-0.955747 -0.230769 -0.182467 -12.4557 -0.187203 0.955518 -0.227906 0.115879 0.226944 -0.183662 -0.956433 26.7946
-0.956106 -0.248173 0.155793 -12.3953 -0.276857 0.939248 -0.202889 0.117108 -0.0959769 -0.237116 -0.966729 26.5969
-0.937024 -0.215768 0.274645 -12.5083 -0.250039 0.963448 -0.0961683 0.127818 -0.243856 -0.158784 -0.956724 26.5174
-0.98294 -0.127263 0.132786 -12.4021 -0.152067 0.968434 -0.197511 0.114005 -0.103459 -0.214334 -0.971266 26.5161
-0.909539 -0.147434 0.38859 -12.4374 -0.168561 0.985475 -0.0206408 0.0572589 -0.379902 -0.0842748 -0.92118 26.4839
-0.950918 -0.248748 0.184063 -12.6134 -0.287554 0.930069 -0.228658 0.120294 -0.114313 -0.270363 -0.955948 26.3521
-0.941596 -0.336579 -0.0105562 -12.6094 -0.310685 0.880394 -0.358303 0.179108 0.129891 -0.334097 -0.933546 26.1926
-0.915473 -0.305095 -0.262348 -12.9291 -0.171785 0.88593 -0.430834 0.173868 0.363867 -0.34935 -0.863456 26.1089
-0.862394 -0.116341 -0.492688 -12.9525 0.0270121 0.961273 -0.274272 0.105772 0.505517 -0.249839 -0.825853 26.1246
-0.605939 -0.134615 -0.784039 -13.1812 0.0421654 0.978758 -0.200635 0.0608077 0.794393 -0.154632 -0.587392 26.2949
-0.17364 -0.0418177 -0.983921 -13.2155 0.109492 0.992084 -0.0614875 0.0287443 0.978704 -0.118408 -0.167687 26.3855
0.189453 -0.0237657 -0.981602 -13.1873 0.104036 0.994565 -0.00400017 0.0285451 0.976363 -0.101365 0.190896 26.2929
0.035718 -0.254427 -0.966432 -13.3059 0.268564 0.933919 -0.235942 0.0901216 0.962599 -0.251121 0.101688 26.4021
0.4361 -0.254917 -0.863038 -13.2873 0.390946 0.917478 -0.0734488 0.118372 0.810542 -0.30537 0.499771 26.4326
0.495452 -0.376247 -0.782921 -13.5128 0.413193 0.894903 -0.168583 0.17949 0.764068 -0.239973 0.598844 26.3578
0.283777 -0.236626 -0.929236 -13.8042 0.315557 0.938142 -0.142527 0.122073 0.90548 -0.252781 0.340892 26.4603
0.284029 -0.0985414 -0.953738 -14.023 0.149514 0.987089 -0.0574609 0.0234048 0.947087 -0.126277 0.295095 26.3031
0.289466 -0.0977092 -0.952188 -14.0463 0.0390523 0.995154 -0.0902462 -0.00890763 0.956391 -0.0110619 0.291879 26.367
0.592865 -0.0701484 -0.802241 -14.0991 0.0954018 0.995302 -0.0165268 0.00801542 0.799631 -0.066737 0.596772 26.4486
0.749 -0.233818 -0.619942 -14.2528 0.386776 0.913991 0.122573 0.138231 0.537962 -0.331585 0.775015 26.4402
0.815788 -0.362019 -0.451034 -14.2047 0.523778 0.793158 0.310736 0.268194 0.245249 -0.489736 0.836667 26.705
